0,0.02,0.05,0.01,0.0,0.0,0.0,0.0,0.01
1,0.02,0.05,0.01,0.0,0.0,0.01,0.0,0.0
2,0.02,0.04,0.01,0.0,0.0,0.0,0.0,0.0
3,0.04,0.05,0.0,0.0,0.0,0.0,0.0,0.0
4,0.01,0.05,0.01,0.0,0.0,0.0,0.0,0.01
5,0.01,0.04,0.01,0.0,0.0,0.0,0.0,0.0
6,0.04,0.04,0.01,0.0,0.0,0.0,0.0,0.0
7,0.01,0.04,0.01,0.0,0.0,0.0,0.0,0.0
8,0.02,0.04,0.01,0.0,0.0,0.0,0.0,0.0
9,0.02,0.05,0.0,0.0,0.0,0.0,0.0,0.0
10,0.01,0.04,0.01,0.0,0.0,0.0,0.0,0.0
11,0.02,0.04,0.01,0.0,0.0,0.0,0.0,0.0
12,0.02,0.03,0.0,0.0,0.0,0.0,0.0,0.0
13,0.02,0.04,0.01,0.0,0.0,0.0,0.0,0.0
14,0.02,0.03,0.0,0.0,0.0,0.0,0.0,0.0
15,0.04,0.04,0.0,0.0,0.0,0.0,0.0,0.0
16,0.02,0.04,0.0,0.0,0.0,0.0,0.0,0.0
17,0.02,0.03,0.01,0.0,0.0,0.0,0.0,0.0
18,0.01,0.04,0.01,0.0,0.0,0.0,0.0,0.0
19,0.01,0.05,0.01,0.0,0.0,0.0,0.0,0.0
20,0.02,0.03,0.01,0.0,0.0,0.0,0.0,0.0
21,0.04,0.05,0.01,0.0,0.0,0.0,0.0,0.0
22,0.02,0.04,0.01,0.0,0.0,0.01,0.0,0.0
23,0.01,0.04,0.01,0.0,0.0,0.0,0.0,0.01
24,0.01,0.05,0.01,0.0,0.0,0.0,0.0,0.01
25,0.03,0.05,0.01,0.0,0.0,0.0,0.01,0.01
26,0.02,0.04,0.01,0.0,0.0,0.01,0.01,0.01
27,0.04,0.04,0.01,0.0,0.0,0.0,0.0,0.01
28,0.02,0.03,0.01,0.01,0.0,0.01,0.01,0.01
29,0.02,0.04,0.01,0.01,0.0,0.01,0.01,0.01
30,0.03,0.05,0.01,0.01,0.0,0.0,0.01,0.01
31,0.02,0.04,0.01,0.01,0.0,0.01,0.01,0.01
32,0.03,0.03,0.01,0.01,0.0,0.01,0.01,0.01
33,0.06,0.05,0.01,0.01,0.0,0.01,0.01,0.01
34,0.02,0.04,0.01,0.01,0.01,0.01,0.01,0.01
35,0.02,0.04,0.01,0.01,0.01,0.01,0.01,0.01
36,0.03,0.05,0.01,0.01,0.0,0.01,0.01,0.01
37,0.02,0.05,0.01,0.01,0.01,0.01,0.01,0.02
38,0.02,0.05,0.01,0.01,0.01,0.01,0.01,0.01
39,0.04,0.05,0.01,0.01,0.01,0.01,0.01,0.02
40,0.05,0.04,0.02,0.01,0.01,0.01,0.01,0.01
41,0.02,0.05,0.01,0.01,0.01,0.01,0.01,0.01
42,0.02,0.05,0.01,0.01,0.01,0.01,0.01,0.01
43,0.03,0.04,0.02,0.01,0.01,0.01,0.01,0.02
44,0.03,0.05,0.01,0.01,0.01,0.01,0.01,0.02
45,0.03,0.05,0.01,0.01,0.01,0.01,0.01,0.02
46,0.02,0.04,0.01,0.01,0.01,0.01,0.01,0.02
47,0.02,0.05,0.01,0.01,0.01,0.01,0.01,0.02
48,0.03,0.04,0.01,0.01,0.01,0.01,0.01,0.02
49,0.06,0.05,0.01,0.01,0.01,0.01,0.01,0.02
50,0.04,0.04,0.01,0.01,0.01,0.01,0.01,0.02
51,0.02,0.04,0.01,0.01,0.01,0.01,0.01,0.02
52,0.04,0.05,0.01,0.01,0.01,0.01,0.01,0.02
53,0.02,0.05,0.01,0.01,0.01,0.01,0.02,0.02
54,0.02,0.05,0.01,0.01,0.01,0.01,0.01,0.02
55,0.03,0.05,0.01,0.01,0.01,0.01,0.02,0.02
56,0.03,0.04,0.01,0.01,0.01,0.01,0.02,0.02
57,0.03,0.04,0.01,0.01,0.01,0.01,0.01,0.02
58,0.02,0.04,0.01,0.01,0.01,0.01,0.02,0.02
59,0.03,0.04,0.01,0.01,0.01,0.01,0.02,0.03
60,0.03,0.04,0.01,0.01,0.01,0.01,0.02,0.02
61,0.02,0.04,0.01,0.01,0.01,0.01,0.02,0.03
62,0.04,0.05,0.01,0.01,0.01,0.01,0.02,0.02
63,0.03,0.04,0.01,0.02,0.01,0.01,0.02,0.02
64,0.03,0.04,0.01,0.01,0.01,0.01,0.02,0.03
65,0.03,0.04,0.01,0.01,0.01,0.01,0.02,0.02
66,0.05,0.05,0.01,0.02,0.01,0.01,0.02,0.03
67,0.04,0.04,0.01,0.02,0.01,0.01,0.02,0.03
68,0.05,0.04,0.01,0.01,0.01,0.01,0.02,0.02
69,0.03,0.04,0.01,0.02,0.01,0.01,0.02,0.02
70,0.03,0.04,0.01,0.02,0.01,0.01,0.02,0.02
71,0.03,0.05,0.01,0.02,0.01,0.01,0.02,0.02
72,0.03,0.05,0.01,0.02,0.01,0.01,0.02,0.03
73,0.02,0.05,0.01,0.02,0.01,0.01,0.02,0.02
74,0.04,0.04,0.01,0.02,0.01,0.01,0.02,0.02
75,0.02,0.04,0.01,0.02,0.01,0.01,0.02,0.03
76,0.02,0.02,0.01,0.02,0.01,0.01,0.02,0.03
77,0.02,0.04,0.01,0.02,0.01,0.01,0.02,0.03
78,0.02,0.04,0.01,0.02,0.01,0.01,0.02,0.03
79,0.04,0.04,0.01,0.02,0.02,0.01,0.02,0.02
80,0.02,0.04,0.01,0.02,0.01,0.01,0.02,0.03
81,0.02,0.04,0.01,0.02,0.01,0.01,0.02,0.02
82,0.02,0.04,0.01,0.02,0.02,0.01,0.02,0.03
83,0.02,0.04,0.01,0.02,0.02,0.01,0.02,0.03
84,0.02,0.04,0.01,0.02,0.02,0.01,0.02,0.03
85,0.02,0.04,0.01,0.02,0.02,0.01,0.02,0.03
86,0.02,0.04,0.01,0.02,0.02,0.01,0.02,0.03
87,0.02,0.04,0.01,0.02,0.02,0.01,0.02,0.03
88,0.02,0.04,0.01,0.02,0.02,0.01,0.02,0.03
89,0.02,0.04,0.0,0.02,0.02,0.01,0.02,0.03
90,0.02,0.03,0.01,0.02,0.02,0.01,0.02,0.03
91,0.02,0.04,0.0,0.02,0.02,0.01,0.02,0.03
92,0.02,0.04,0.01,0.02,0.02,0.01,0.02,0.03
93,0.02,0.04,0.01,0.02,0.02,0.01,0.02,0.03
94,0.04,0.03,0.01,0.02,0.02,0.01,0.02,0.03
95,0.03,0.04,0.0,0.02,0.02,0.01,0.02,0.03
96,0.02,0.04,0.0,0.02,0.02,0.01,0.02,0.03
97,0.03,0.04,0.01,0.02,0.02,0.02,0.02,0.03
98,0.02,0.03,0.01,0.02,0.02,0.01,0.02,0.03
99,0.02,0.04,0.01,0.02,0.02,0.01,0.02,0.03
100,0.04,0.04,0.01,0.02,0.02,0.01,0.02,0.03
101,0.02,0.04,0.01,0.02,0.02,0.02,0.02,0.03
102,0.02,0.04,0.01,0.02,0.02,0.02,0.02,0.03
103,0.03,0.03,0.01,0.02,0.02,0.01,0.02,0.03
104,0.02,0.03,0.01,0.02,0.02,0.01,0.02,0.03
105,0.04,0.04,0.01,0.02,0.02,0.01,0.02,0.03
106,0.02,0.03,0.01,0.02,0.02,0.01,0.02,0.03
107,0.02,0.03,0.01,0.02,0.02,0.01,0.02,0.03
108,0.02,0.03,0.01,0.02,0.02,0.01,0.02,0.03
109,0.03,0.04,0.01,0.02,0.02,0.02,0.02,0.03
110,0.04,0.04,0.01,0.02,0.02,0.02,0.02,0.03
111,0.05,0.03,0.01,0.02,0.02,0.02,0.02,0.03
112,0.02,0.04,0.01,0.02,0.02,0.01,0.02,0.03
113,0.02,0.03,0.01,0.02,0.02,0.02,0.02,0.03
114,0.02,0.03,0.01,0.02,0.02,0.02,0.02,0.03
115,0.02,0.03,0.01,0.02,0.02,0.02,0.02,0.03
116,0.02,0.04,0.01,0.02,0.02,0.02,0.02,0.03
117,0.02,0.03,0.01,0.02,0.02,0.02,0.02,0.03
118,0.02,0.03,0.01,0.02,0.02,0.02,0.02,0.03
119,0.02,0.03,0.01,0.02,0.02,0.02,0.02,0.03
120,0.04,0.04,0.01,0.02,0.02,0.02,0.02,0.03
121,0.02,0.03,0.01,0.02,0.02,0.02,0.02,0.03
122,0.05,0.04,0.01,0.02,0.02,0.02,0.02,0.03
123,0.04,0.03,0.01,0.02,0.03,0.02,0.02,0.03
124,0.02,0.03,0.01,0.02,0.02,0.02,0.02,0.03
125,0.02,0.03,0.01,0.02,0.03,0.02,0.02,0.03
126,0.05,0.05,0.01,0.02,0.03,0.02,0.02,0.03
127,0.02,0.03,0.01,0.02,0.03,0.02,0.02,0.03
128,0.02,0.03,0.01,0.02,0.03,0.02,0.02,0.04
129,0.03,0.03,0.01,0.02,0.02,0.02,0.02,0.04
130,0.03,0.03,0.01,0.02,0.02,0.02,0.02,0.04
131,0.03,0.05,0.01,0.02,0.03,0.02,0.02,0.04
132,0.03,0.05,0.01,0.02,0.03,0.02,0.02,0.04
133,0.03,0.03,0.01,0.02,0.03,0.02,0.02,0.04
134,0.03,0.05,0.01,0.02,0.03,0.02,0.03,0.04
135,0.03,0.05,0.01,0.02,0.03,0.02,0.02,0.04
136,0.03,0.03,0.02,0.02,0.03,0.02,0.02,0.04
137,0.05,0.04,0.01,0.02,0.03,0.02,0.02,0.04
138,0.03,0.05,0.01,0.02,0.03,0.02,0.03,0.04
139,0.03,0.05,0.02,0.02,0.03,0.02,0.03,0.04
140,0.03,0.04,0.01,0.02,0.03,0.02,0.02,0.04
141,0.05,0.04,0.01,0.02,0.03,0.02,0.02,0.04
142,0.03,0.04,0.01,0.03,0.03,0.02,0.03,0.03
143,0.04,0.04,0.01,0.03,0.03,0.02,0.02,0.04
144,0.03,0.04,0.01,0.03,0.03,0.02,0.02,0.03
145,0.03,0.04,0.01,0.03,0.03,0.02,0.02,0.03
146,0.04,0.02,0.02,0.03,0.03,0.02,0.02,0.04
147,0.03,0.04,0.01,0.03,0.02,0.02,0.02,0.03
148,0.03,0.04,0.01,0.03,0.03,0.02,0.02,0.03
149,0.03,0.04,0.01,0.03,0.02,0.02,0.02,0.03
150,0.02,0.04,0.01,0.03,0.03,0.02,0.02,0.03
151,0.05,0.04,0.01,0.03,0.02,0.02,0.02,0.03
152,0.03,0.03,0.01,0.03,0.02,0.02,0.02,0.03
153,0.03,0.02,0.01,0.03,0.02,0.02,0.02,0.03
154,0.03,0.04,0.01,0.03,0.02,0.02,0.02,0.03
155,0.04,0.04,0.01,0.03,0.02,0.02,0.02,0.03
156,0.03,0.02,0.01,0.03,0.02,0.02,0.02,0.03
157,0.04,0.04,0.01,0.03,0.02,0.02,0.02,0.03
158,0.01,0.02,0.01,0.03,0.02,0.02,0.02,0.03
159,0.02,0.02,0.01,0.02,0.02,0.02,0.02,0.03
160,0.02,0.02,0.01,0.03,0.02,0.02,0.02,0.03
161,0.02,0.02,0.01,0.02,0.02,0.02,0.01,0.03
162,0.02,0.04,0.01,0.02,0.02,0.02,0.02,0.03
163,0.04,0.02,0.0,0.02,0.02,0.02,0.01,0.03
164,0.02,0.01,0.01,0.02,0.02,0.02,0.01,0.03
165,0.02,0.01,0.0,0.02,0.02,0.02,0.02,0.03
166,0.03,0.02,0.01,0.02,0.02,0.01,0.02,0.03
167,0.02,0.02,0.01,0.02,0.02,0.01,0.02,0.02
168,0.02,0.01,0.01,0.02,0.02,0.01,0.02,0.03
169,0.03,0.02,0.0,0.02,0.02,0.01,0.01,0.03
170,0.01,0.01,0.01,0.02,0.02,0.02,0.01,0.03
171,0.02,0.02,0.0,0.02,0.02,0.01,0.01,0.03
172,0.01,0.01,0.0,0.02,0.02,0.01,0.01,0.02
173,0.03,0.02,0.01,0.02,0.02,0.02,0.02,0.03
174,0.02,0.01,0.01,0.02,0.02,0.01,0.01,0.03
175,0.02,0.03,0.0,0.02,0.02,0.01,0.01,0.03
176,0.01,0.01,0.01,0.02,0.02,0.01,0.02,0.02
177,0.02,0.01,0.0,0.02,0.02,0.01,0.01,0.02
178,0.02,0.02,0.01,0.02,0.02,0.01,0.02,0.02
179,0.01,0.02,0.0,0.02,0.02,0.01,0.01,0.02
180,0.01,0.01,0.01,0.02,0.02,0.01,0.01,0.03
181,0.01,0.02,0.0,0.02,0.02,0.01,0.01,0.02
182,0.02,0.01,0.0,0.02,0.02,0.01,0.02,0.02
183,0.04,0.01,0.0,0.02,0.02,0.01,0.02,0.02
184,0.01,0.01,0.0,0.02,0.02,0.02,0.01,0.02
185,0.02,0.02,0.01,0.02,0.02,0.01,0.01,0.03
186,0.03,0.02,0.0,0.02,0.02,0.01,0.01,0.03
187,0.02,0.01,0.0,0.02,0.02,0.01,0.01,0.03
188,0.01,0.02,0.0,0.02,0.02,0.02,0.02,0.02
189,0.01,0.02,0.0,0.02,0.02,0.02,0.01,0.02
190,0.04,0.01,0.0,0.02,0.02,0.02,0.02,0.02
191,0.03,0.01,0.0,0.02,0.02,0.02,0.02,0.02
192,0.01,0.01,0.0,0.02,0.02,0.02,0.02,0.02
193,0.02,0.01,0.0,0.02,0.02,0.01,0.02,0.03
194,0.01,0.01,0.01,0.02,0.02,0.01,0.02,0.02
195,0.02,0.01,0.0,0.02,0.02,0.02,0.01,0.02
196,0.02,0.01,0.0,0.02,0.02,0.02,0.02,0.02
197,0.02,0.01,0.0,0.02,0.02,0.02,0.01,0.03
198,0.02,0.01,0.01,0.02,0.02,0.02,0.02,0.03
199,0.03,0.01,0.0,0.02,0.02,0.01,0.02,0.02
200,0.04,0.03,0.01,0.02,0.02,0.02,0.02,0.03
201,0.01,0.01,0.01,0.02,0.02,0.02,0.02,0.03
202,0.02,0.02,0.01,0.02,0.02,0.02,0.02,0.03
203,0.02,0.01,0.01,0.02,0.02,0.02,0.02,0.02
204,0.01,0.01,0.0,0.02,0.02,0.02,0.02,0.02
205,0.01,0.01,0.0,0.02,0.02,0.02,0.02,0.02
206,0.02,0.02,0.01,0.02,0.02,0.02,0.02,0.03
207,0.02,0.01,0.01,0.02,0.02,0.01,0.02,0.03
208,0.01,0.01,0.01,0.02,0.02,0.02,0.02,0.03
209,0.01,0.01,0.0,0.02,0.02,0.02,0.02,0.03
210,0.04,0.01,0.01,0.02,0.02,0.01,0.02,0.02
211,0.01,0.01,0.0,0.02,0.02,0.02,0.02,0.02
212,0.02,0.01,0.0,0.02,0.02,0.02,0.02,0.02
213,0.02,0.01,0.01,0.02,0.02,0.02,0.02,0.02
214,0.03,0.01,0.0,0.02,0.02,0.02,0.02,0.02
215,0.01,0.01,0.0,0.02,0.02,0.02,0.01,0.02
216,0.02,0.01,0.01,0.02,0.02,0.02,0.02,0.02
217,0.02,0.01,0.0,0.02,0.02,0.02,0.02,0.02
218,0.04,0.01,0.0,0.02,0.02,0.02,0.02,0.03
219,0.02,0.01,0.0,0.02,0.02,0.02,0.02,0.02
220,0.01,0.01,0.0,0.02,0.02,0.02,0.02,0.03
221,0.02,0.01,0.01,0.02,0.02,0.02,0.02,0.03
222,0.02,0.01,0.0,0.02,0.02,0.02,0.02,0.03
223,0.01,0.01,0.0,0.02,0.02,0.02,0.02,0.02
224,0.02,0.01,0.01,0.02,0.02,0.02,0.02,0.03
225,0.02,0.01,0.0,0.02,0.02,0.02,0.02,0.02
226,0.02,0.01,0.01,0.02,0.02,0.02,0.02,0.02
227,0.02,0.03,0.0,0.02,0.02,0.02,0.02,0.02
228,0.01,0.01,0.01,0.02,0.02,0.02,0.02,0.03
229,0.02,0.01,0.0,0.02,0.03,0.02,0.02,0.02
230,0.02,0.01,0.01,0.02,0.02,0.02,0.02,0.03
231,0.02,0.01,0.0,0.02,0.02,0.02,0.02,0.03
232,0.02,0.01,0.0,0.02,0.02,0.02,0.02,0.03
233,0.04,0.01,0.0,0.02,0.03,0.02,0.02,0.03
234,0.02,0.03,0.01,0.02,0.02,0.02,0.02,0.02
235,0.02,0.01,0.0,0.02,0.02,0.02,0.01,0.03
236,0.03,0.01,0.0,0.02,0.02,0.02,0.02,0.03
237,0.04,0.01,0.01,0.02,0.02,0.02,0.01,0.03
238,0.02,0.01,0.0,0.02,0.03,0.02,0.01,0.03
239,0.01,0.01,0.01,0.02,0.02,0.02,0.02,0.03
240,0.02,0.01,0.01,0.02,0.02,0.02,0.02,0.03
241,0.04,0.01,0.01,0.02,0.02,0.02,0.01,0.02
242,0.04,0.01,0.01,0.02,0.03,0.02,0.01,0.03
243,0.02,0.01,0.01,0.02,0.02,0.02,0.02,0.03
244,0.04,0.01,0.0,0.02,0.02,0.02,0.01,0.02
245,0.02,0.01,0.0,0.02,0.02,0.02,0.02,0.03
246,0.02,0.01,0.0,0.02,0.02,0.02,0.01,0.03
247,0.02,0.01,0.0,0.02,0.02,0.02,0.02,0.03
248,0.01,0.01,0.0,0.02,0.02,0.02,0.02,0.02
249,0.02,0.01,0.01,0.02,0.03,0.02,0.01,0.02
250,0.02,0.01,0.01,0.02,0.03,0.02,0.02,0.03
251,0.02,0.0,0.01,0.03,0.03,0.02,0.02,0.02
252,0.01,0.01,0.0,0.02,0.03,0.02,0.01,0.02
253,0.01,0.01,0.0,0.03,0.03,0.02,0.01,0.02
254,0.02,0.01,0.0,0.02,0.03,0.02,0.02,0.03
255,0.02,0.01,0.01,0.03,0.03,0.02,0.02,0.02
256,0.02,0.0,0.0,0.02,0.02,0.02,0.01,0.03
257,0.02,0.01,0.01,0.02,0.02,0.02,0.02,0.02
258,0.01,0.01,0.0,0.02,0.02,0.02,0.02,0.02
259,0.01,0.01,0.01,0.02,0.02,0.02,0.02,0.02
260,0.02,0.01,0.01,0.02,0.02,0.02,0.02,0.02
261,0.02,0.01,0.0,0.02,0.02,0.02,0.01,0.02
262,0.02,0.01,0.0,0.02,0.02,0.02,0.01,0.02
263,0.03,0.01,0.0,0.02,0.02,0.02,0.01,0.03
264,0.01,0.01,0.0,0.02,0.02,0.02,0.02,0.02
265,0.02,0.01,0.0,0.03,0.02,0.02,0.01,0.02
266,0.02,0.03,0.01,0.02,0.02,0.02,0.02,0.02
267,0.01,0.01,0.0,0.02,0.03,0.02,0.02,0.02
268,0.02,0.0,0.0,0.02,0.02,0.02,0.01,0.02
269,0.01,0.01,0.0,0.02,0.02,0.02,0.02,0.02
270,0.02,0.02,0.0,0.02,0.02,0.02,0.02,0.02
271,0.04,0.01,0.01,0.02,0.02,0.02,0.02,0.02
272,0.01,0.02,0.0,0.02,0.02,0.02,0.01,0.02
273,0.01,0.02,0.0,0.02,0.02,0.02,0.02,0.03
274,0.03,0.0,0.0,0.02,0.03,0.02,0.02,0.02
275,0.01,0.01,0.01,0.02,0.02,0.02,0.02,0.02
276,0.01,0.0,0.0,0.02,0.02,0.02,0.02,0.02
277,0.02,0.0,0.01,0.02,0.02,0.02,0.02,0.02
278,0.04,0.01,0.0,0.02,0.02,0.01,0.02,0.02
279,0.01,0.0,0.0,0.02,0.02,0.02,0.01,0.02
280,0.01,0.01,0.01,0.02,0.02,0.02,0.01,0.02
281,0.01,0.01,0.0,0.02,0.02,0.02,0.01,0.02
282,0.01,0.0,0.0,0.02,0.02,0.02,0.02,0.02
283,0.01,0.01,0.0,0.02,0.02,0.02,0.02,0.02
284,0.01,0.02,0.0,0.02,0.02,0.02,0.02,0.02
285,0.03,0.0,0.0,0.02,0.02,0.01,0.02,0.02
286,0.01,0.0,0.01,0.02,0.02,0.02,0.01,0.02
287,0.04,0.01,0.0,0.02,0.02,0.01,0.01,0.02
288,0.02,0.02,0.0,0.02,0.02,0.02,0.01,0.02
289,0.01,0.01,0.0,0.02,0.02,0.02,0.01,0.02
290,0.01,0.0,0.01,0.02,0.02,0.02,0.02,0.02
291,0.01,0.02,0.01,0.02,0.03,0.02,0.02,0.02
292,0.02,0.0,0.01,0.02,0.02,0.02,0.01,0.02
293,0.04,0.0,0.0,0.02,0.02,0.02,0.02,0.02
294,0.02,0.0,0.0,0.02,0.02,0.02,0.02,0.02
295,0.02,0.0,0.0,0.02,0.02,0.02,0.02,0.02
296,0.01,0.02,0.0,0.02,0.02,0.02,0.01,0.02
297,0.01,0.02,0.01,0.02,0.02,0.02,0.01,0.02
298,0.01,0.01,0.01,0.02,0.02,0.02,0.02,0.02
299,0.02,0.0,0.0,0.02,0.02,0.02,0.02,0.02
300,0.02,0.02,0.0,0.02,0.02,0.02,0.02,0.02
301,0.02,0.0,0.0,0.02,0.02,0.02,0.02,0.02
302,0.02,0.0,0.0,0.02,0.02,0.01,0.01,0.02
303,0.02,0.02,0.01,0.02,0.02,0.02,0.02,0.02
304,0.03,0.02,0.01,0.02,0.02,0.02,0.01,0.02
305,0.01,0.0,0.0,0.02,0.02,0.02,0.01,0.02
306,0.02,0.01,0.01,0.02,0.02,0.02,0.02,0.02
307,0.01,0.0,0.0,0.02,0.02,0.02,0.02,0.02
308,0.01,0.02,0.0,0.02,0.02,0.02,0.02,0.02
309,0.04,0.02,0.0,0.02,0.02,0.02,0.02,0.02
310,0.01,0.0,0.0,0.02,0.02,0.02,0.02,0.02
311,0.02,0.02,0.0,0.02,0.02,0.02,0.02,0.02
312,0.02,0.0,0.0,0.02,0.02,0.02,0.01,0.02
313,0.01,0.0,0.0,0.02,0.02,0.02,0.02,0.02
314,0.02,0.0,0.0,0.02,0.02,0.02,0.01,0.02
315,0.02,0.02,0.0,0.02,0.02,0.02,0.01,0.02
316,0.01,0.01,0.0,0.02,0.02,0.02,0.01,0.02
317,0.0,0.01,0.0,0.02,0.02,0.02,0.01,0.02
318,0.01,0.0,0.0,0.02,0.02,0.02,0.01,0.02
319,0.02,0.0,0.0,0.02,0.02,0.02,0.02,0.02
320,0.01,0.02,0.0,0.02,0.02,0.02,0.01,0.02
321,0.0,0.02,0.0,0.02,0.02,0.02,0.01,0.02
322,0.01,0.0,0.0,0.02,0.02,0.02,0.02,0.02
323,0.01,0.0,0.0,0.02,0.02,0.02,0.01,0.02
324,0.01,0.0,0.0,0.02,0.02,0.02,0.01,0.02
325,0.02,0.0,0.0,0.02,0.02,0.02,0.01,0.02
326,0.02,0.0,0.0,0.02,0.02,0.02,0.01,0.02
327,0.01,0.0,0.0,0.02,0.02,0.02,0.01,0.02
328,0.0,0.0,0.0,0.02,0.02,0.02,0.02,0.02
329,0.02,0.0,0.0,0.02,0.02,0.02,0.01,0.02
330,0.01,0.02,0.0,0.02,0.02,0.02,0.01,0.02
331,0.0,0.0,0.0,0.02,0.02,0.02,0.02,0.02
332,0.01,0.0,0.0,0.02,0.02,0.02,0.02,0.02
333,0.01,0.0,0.0,0.02,0.02,0.02,0.01,0.02
334,0.0,0.0,0.0,0.02,0.02,0.02,0.01,0.02
335,0.01,0.0,0.0,0.02,0.02,0.02,0.01,0.02
336,0.02,0.0,0.01,0.02,0.02,0.02,0.01,0.02
337,0.01,0.0,0.0,0.02,0.02,0.02,0.01,0.02
338,0.0,0.0,0.0,0.02,0.02,0.02,0.01,0.02
339,0.02,0.0,0.01,0.02,0.02,0.02,0.01,0.02
340,0.01,0.0,0.0,0.02,0.02,0.02,0.01,0.02
341,0.01,0.02,0.0,0.02,0.02,0.02,0.02,0.02
342,0.01,0.0,0.0,0.02,0.02,0.02,0.01,0.02
343,0.04,0.02,0.01,0.02,0.02,0.02,0.01,0.02
344,0.02,0.0,0.0,0.02,0.02,0.02,0.01,0.02
345,0.02,0.02,0.01,0.02,0.02,0.02,0.02,0.02
346,0.02,0.02,0.0,0.02,0.02,0.02,0.02,0.03
347,0.01,0.01,0.01,0.02,0.02,0.02,0.02,0.02
348,0.02,0.01,0.0,0.02,0.02,0.02,0.02,0.02
349,0.01,0.01,0.0,0.02,0.02,0.02,0.02,0.02
350,0.04,0.01,0.01,0.02,0.02,0.02,0.02,0.02
351,0.02,0.01,0.01,0.02,0.02,0.02,0.01,0.03
352,0.02,0.02,0.01,0.02,0.02,0.02,0.02,0.02
353,0.02,0.01,0.01,0.03,0.02,0.02,0.02,0.03
354,0.02,0.02,0.01,0.02,0.02,0.02,0.02,0.02
355,0.02,0.01,0.01,0.02,0.03,0.02,0.02,0.03
356,0.02,0.03,0.02,0.02,0.02,0.02,0.02,0.02
357,0.02,0.03,0.02,0.03,0.02,0.02,0.02,0.02
358,0.02,0.03,0.02,0.03,0.02,0.02,0.02,0.03
359,0.02,0.03,0.02,0.03,0.02,0.02,0.01,0.02
360,0.02,0.04,0.02,0.03,0.02,0.02,0.02,0.02
361,0.04,0.03,0.02,0.03,0.02,0.02,0.02,0.02
362,0.04,0.04,0.03,0.03,0.03,0.02,0.02,0.02
363,0.04,0.05,0.03,0.03,0.02,0.02,0.02,0.03
364,0.04,0.05,0.04,0.03,0.02,0.02,0.02,0.02
365,0.03,0.05,0.04,0.03,0.02,0.02,0.02,0.02
366,0.04,0.05,0.04,0.03,0.03,0.02,0.02,0.03
367,0.04,0.06,0.05,0.03,0.03,0.02,0.03,0.03
368,0.05,0.07,0.05,0.03,0.03,0.02,0.03,0.03
369,0.07,0.06,0.05,0.03,0.03,0.02,0.03,0.03
370,0.07,0.09,0.07,0.03,0.03,0.03,0.04,0.03
371,0.09,0.09,0.08,0.03,0.03,0.03,0.04,0.03
372,0.09,0.11,0.08,0.03,0.03,0.03,0.04,0.04
373,0.08,0.12,0.09,0.04,0.04,0.03,0.05,0.04
374,0.08,0.12,0.1,0.04,0.04,0.03,0.05,0.04
375,0.1,0.12,0.11,0.04,0.04,0.03,0.05,0.04
376,0.09,0.15,0.12,0.04,0.04,0.03,0.06,0.04
377,0.11,0.15,0.13,0.04,0.05,0.04,0.06,0.04
378,0.11,0.16,0.14,0.05,0.05,0.04,0.07,0.04
379,0.12,0.16,0.15,0.05,0.05,0.04,0.07,0.05
380,0.12,0.15,0.16,0.05,0.05,0.04,0.08,0.05
381,0.13,0.18,0.17,0.05,0.06,0.05,0.08,0.05
382,0.13,0.18,0.18,0.05,0.06,0.05,0.08,0.06
383,0.14,0.2,0.19,0.05,0.06,0.05,0.08,0.06
384,0.14,0.2,0.2,0.06,0.07,0.05,0.09,0.06
385,0.16,0.21,0.2,0.06,0.07,0.06,0.1,0.06
386,0.14,0.2,0.21,0.06,0.07,0.06,0.1,0.06
387,0.15,0.21,0.22,0.06,0.08,0.06,0.1,0.07
388,0.17,0.21,0.24,0.07,0.09,0.07,0.11,0.08
389,0.17,0.22,0.25,0.07,0.09,0.07,0.12,0.08
390,0.17,0.23,0.26,0.07,0.1,0.08,0.12,0.08
391,0.18,0.23,0.26,0.07,0.1,0.08,0.12,0.08
392,0.18,0.23,0.27,0.08,0.1,0.08,0.12,0.09
393,0.19,0.23,0.27,0.08,0.1,0.09,0.12,0.09
394,0.2,0.25,0.29,0.08,0.11,0.09,0.13,0.1
395,0.19,0.26,0.3,0.09,0.12,0.09,0.13,0.1
396,0.2,0.25,0.31,0.09,0.12,0.1,0.14,0.1
397,0.21,0.26,0.31,0.09,0.12,0.1,0.14,0.1
398,0.2,0.25,0.32,0.09,0.12,0.11,0.14,0.1
399,0.21,0.27,0.32,0.1,0.12,0.11,0.14,0.11
400,0.2,0.26,0.33,0.1,0.13,0.11,0.14,0.11
401,0.22,0.26,0.33,0.1,0.13,0.11,0.14,0.11
402,0.2,0.27,0.34,0.1,0.13,0.11,0.14,0.11
403,0.22,0.27,0.35,0.1,0.14,0.12,0.14,0.11
404,0.22,0.27,0.35,0.1,0.14,0.12,0.15,0.11
405,0.25,0.28,0.35,0.11,0.14,0.13,0.15,0.11
406,0.22,0.27,0.37,0.11,0.15,0.13,0.15,0.11
407,0.23,0.28,0.37,0.12,0.15,0.13,0.16,0.11
408,0.22,0.27,0.37,0.12,0.15,0.13,0.15,0.11
409,0.23,0.28,0.38,0.12,0.16,0.14,0.16,0.11
410,0.23,0.27,0.38,0.12,0.16,0.14,0.16,0.12
411,0.24,0.28,0.39,0.12,0.16,0.14,0.16,0.12
412,0.23,0.28,0.4,0.12,0.16,0.14,0.16,0.12
413,0.25,0.29,0.4,0.13,0.16,0.15,0.16,0.12
414,0.25,0.29,0.41,0.13,0.17,0.15,0.16,0.12
415,0.24,0.3,0.41,0.13,0.17,0.15,0.17,0.12
416,0.25,0.3,0.42,0.13,0.17,0.16,0.17,0.12
417,0.25,0.3,0.43,0.14,0.17,0.16,0.17,0.12
418,0.25,0.32,0.43,0.14,0.17,0.16,0.17,0.12
419,0.27,0.32,0.44,0.14,0.18,0.16,0.17,0.13
420,0.28,0.32,0.45,0.14,0.18,0.17,0.18,0.13
421,0.29,0.33,0.46,0.15,0.18,0.17,0.18,0.13
422,0.31,0.33,0.46,0.15,0.19,0.17,0.18,0.13
423,0.28,0.33,0.47,0.15,0.19,0.18,0.18,0.13
424,0.3,0.36,0.49,0.15,0.19,0.18,0.19,0.14
425,0.31,0.36,0.5,0.16,0.2,0.19,0.2,0.14
426,0.32,0.37,0.51,0.16,0.2,0.19,0.2,0.14
427,0.33,0.38,0.51,0.16,0.21,0.2,0.2,0.15
428,0.34,0.38,0.52,0.17,0.21,0.2,0.21,0.15
429,0.34,0.39,0.53,0.17,0.22,0.21,0.22,0.15
430,0.36,0.4,0.55,0.17,0.22,0.21,0.22,0.15
431,0.37,0.41,0.56,0.18,0.23,0.22,0.22,0.16
432,0.36,0.4,0.56,0.18,0.23,0.22,0.23,0.16
433,0.36,0.42,0.56,0.18,0.23,0.22,0.24,0.16
434,0.38,0.42,0.57,0.19,0.24,0.23,0.24,0.17
435,0.38,0.42,0.58,0.19,0.24,0.23,0.24,0.17
436,0.37,0.42,0.59,0.19,0.25,0.24,0.25,0.17
437,0.38,0.44,0.59,0.19,0.24,0.24,0.25,0.18
438,0.37,0.42,0.6,0.2,0.25,0.24,0.26,0.18
439,0.39,0.42,0.6,0.2,0.25,0.25,0.26,0.19
440,0.38,0.44,0.61,0.2,0.26,0.25,0.26,0.18
441,0.41,0.44,0.62,0.21,0.27,0.27,0.27,0.2
442,0.39,0.44,0.63,0.22,0.27,0.27,0.28,0.2
443,0.39,0.43,0.63,0.22,0.28,0.27,0.28,0.2
444,0.39,0.46,0.64,0.22,0.28,0.28,0.28,0.2
445,0.4,0.44,0.64,0.23,0.29,0.29,0.29,0.2
446,0.41,0.46,0.64,0.23,0.3,0.3,0.29,0.21
447,0.44,0.44,0.65,0.24,0.3,0.3,0.29,0.21
448,0.43,0.44,0.65,0.24,0.3,0.31,0.3,0.21
449,0.43,0.46,0.66,0.24,0.31,0.31,0.3,0.22
450,0.42,0.46,0.66,0.25,0.31,0.32,0.3,0.22
451,0.44,0.48,0.66,0.26,0.32,0.33,0.3,0.22
452,0.44,0.47,0.67,0.26,0.32,0.33,0.31,0.23
453,0.44,0.48,0.68,0.26,0.33,0.34,0.31,0.23
454,0.46,0.49,0.68,0.27,0.34,0.34,0.32,0.24
455,0.46,0.49,0.69,0.27,0.34,0.35,0.32,0.24
456,0.49,0.5,0.69,0.28,0.35,0.35,0.33,0.24
457,0.51,0.52,0.7,0.28,0.35,0.36,0.33,0.25
458,0.5,0.55,0.71,0.29,0.36,0.37,0.34,0.26
459,0.5,0.54,0.72,0.29,0.36,0.37,0.35,0.26
460,0.51,0.56,0.72,0.3,0.37,0.38,0.36,0.27
461,0.53,0.57,0.74,0.3,0.38,0.39,0.37,0.27
462,0.54,0.59,0.75,0.31,0.39,0.4,0.38,0.28
463,0.55,0.6,0.76,0.32,0.4,0.41,0.39,0.29
464,0.56,0.6,0.76,0.32,0.4,0.41,0.4,0.3
465,0.56,0.62,0.77,0.33,0.41,0.42,0.41,0.3
466,0.59,0.62,0.78,0.33,0.42,0.43,0.42,0.31
467,0.58,0.62,0.79,0.34,0.43,0.44,0.43,0.32
468,0.58,0.62,0.79,0.34,0.43,0.44,0.44,0.33
469,0.58,0.62,0.8,0.35,0.44,0.45,0.45,0.34
470,0.58,0.61,0.8,0.35,0.44,0.45,0.45,0.34
471,0.59,0.62,0.8,0.36,0.44,0.46,0.46,0.34
472,0.58,0.61,0.8,0.36,0.45,0.46,0.46,0.35
473,0.6,0.61,0.81,0.37,0.46,0.47,0.47,0.36
474,0.59,0.61,0.81,0.37,0.46,0.47,0.47,0.36
475,0.59,0.63,0.81,0.37,0.46,0.47,0.47,0.36
476,0.6,0.61,0.82,0.38,0.47,0.49,0.49,0.38
477,0.62,0.62,0.82,0.38,0.48,0.49,0.5,0.38
478,0.59,0.61,0.81,0.39,0.48,0.5,0.5,0.39
479,0.59,0.62,0.82,0.39,0.48,0.5,0.5,0.39
480,0.6,0.59,0.82,0.39,0.49,0.5,0.51,0.39
481,0.6,0.61,0.82,0.4,0.49,0.51,0.51,0.4
482,0.61,0.6,0.82,0.4,0.5,0.51,0.52,0.4
483,0.62,0.6,0.82,0.4,0.5,0.51,0.52,0.4
484,0.61,0.6,0.82,0.41,0.5,0.52,0.52,0.41
485,0.62,0.61,0.82,0.41,0.5,0.52,0.52,0.41
486,0.65,0.6,0.82,0.41,0.51,0.53,0.53,0.41
487,0.62,0.62,0.83,0.42,0.51,0.53,0.53,0.42
488,0.62,0.62,0.83,0.42,0.51,0.54,0.54,0.42
489,0.63,0.61,0.83,0.43,0.52,0.54,0.54,0.42
490,0.65,0.63,0.83,0.43,0.52,0.54,0.54,0.43
491,0.65,0.63,0.84,0.43,0.52,0.54,0.54,0.43
492,0.64,0.63,0.83,0.43,0.53,0.55,0.54,0.44
493,0.64,0.63,0.84,0.44,0.53,0.55,0.55,0.44
494,0.64,0.64,0.84,0.44,0.54,0.56,0.55,0.44
495,0.64,0.65,0.84,0.44,0.54,0.56,0.55,0.44
496,0.65,0.65,0.85,0.45,0.55,0.57,0.56,0.45
497,0.68,0.64,0.85,0.45,0.55,0.57,0.56,0.45
498,0.68,0.66,0.85,0.45,0.55,0.57,0.56,0.45
499,0.7,0.66,0.86,0.45,0.56,0.58,0.57,0.46
500,0.68,0.66,0.86,0.46,0.56,0.58,0.57,0.46
501,0.69,0.68,0.86,0.46,0.56,0.58,0.57,0.46
502,0.68,0.68,0.87,0.47,0.57,0.59,0.58,0.47
503,0.7,0.68,0.86,0.47,0.57,0.59,0.58,0.48
504,0.69,0.69,0.87,0.47,0.58,0.6,0.59,0.48
505,0.7,0.71,0.88,0.48,0.59,0.61,0.59,0.49
506,0.71,0.71,0.88,0.48,0.59,0.61,0.6,0.49
507,0.73,0.71,0.88,0.49,0.59,0.62,0.6,0.5
508,0.71,0.71,0.88,0.49,0.6,0.62,0.6,0.5
509,0.71,0.71,0.89,0.49,0.6,0.62,0.6,0.5
510,0.71,0.7,0.89,0.5,0.6,0.63,0.6,0.5
511,0.72,0.71,0.89,0.5,0.61,0.63,0.61,0.51
512,0.74,0.7,0.89,0.5,0.61,0.64,0.61,0.51
513,0.7,0.7,0.89,0.51,0.61,0.64,0.61,0.51
514,0.72,0.7,0.89,0.51,0.61,0.64,0.61,0.51
515,0.71,0.7,0.89,0.51,0.61,0.64,0.61,0.52
516,0.71,0.7,0.89,0.52,0.62,0.65,0.61,0.52
517,0.7,0.7,0.89,0.52,0.62,0.65,0.61,0.52
518,0.7,0.69,0.89,0.52,0.62,0.65,0.62,0.52
519,0.7,0.69,0.89,0.52,0.62,0.65,0.61,0.52
520,0.7,0.68,0.89,0.53,0.62,0.65,0.62,0.53
521,0.72,0.7,0.89,0.53,0.62,0.65,0.62,0.53
522,0.7,0.67,0.89,0.54,0.62,0.66,0.62,0.53
523,0.72,0.68,0.89,0.53,0.62,0.66,0.62,0.53
524,0.7,0.67,0.89,0.54,0.62,0.66,0.61,0.53
525,0.7,0.68,0.89,0.54,0.62,0.66,0.61,0.53
526,0.69,0.67,0.88,0.55,0.62,0.66,0.61,0.53
527,0.69,0.67,0.88,0.55,0.62,0.66,0.61,0.53
528,0.69,0.67,0.88,0.55,0.62,0.66,0.61,0.53
529,0.69,0.65,0.88,0.55,0.61,0.66,0.6,0.53
530,0.7,0.65,0.88,0.56,0.61,0.66,0.6,0.53
531,0.68,0.65,0.87,0.56,0.61,0.66,0.6,0.53
532,0.71,0.65,0.88,0.56,0.61,0.66,0.6,0.53
533,0.68,0.65,0.87,0.56,0.61,0.66,0.59,0.53
534,0.69,0.65,0.87,0.56,0.61,0.66,0.59,0.53
535,0.69,0.65,0.88,0.57,0.61,0.66,0.59,0.53
536,0.67,0.64,0.87,0.57,0.61,0.66,0.59,0.53
537,0.67,0.66,0.87,0.57,0.61,0.66,0.59,0.52
538,0.67,0.65,0.87,0.58,0.61,0.66,0.58,0.52
539,0.68,0.66,0.87,0.58,0.61,0.66,0.59,0.52
540,0.67,0.65,0.87,0.58,0.61,0.66,0.59,0.52
541,0.67,0.65,0.87,0.58,0.61,0.66,0.59,0.52
542,0.68,0.66,0.87,0.58,0.61,0.66,0.59,0.52
543,0.67,0.66,0.87,0.59,0.61,0.66,0.58,0.52
544,0.68,0.66,0.86,0.59,0.6,0.66,0.58,0.52
545,0.7,0.67,0.87,0.59,0.6,0.66,0.59,0.52
546,0.68,0.68,0.87,0.59,0.6,0.65,0.59,0.52
547,0.69,0.68,0.87,0.59,0.6,0.65,0.59,0.52
548,0.69,0.69,0.87,0.59,0.6,0.65,0.59,0.52
549,0.73,0.7,0.87,0.6,0.6,0.65,0.59,0.52
550,0.72,0.7,0.87,0.6,0.6,0.65,0.59,0.52
551,0.71,0.71,0.88,0.6,0.6,0.66,0.6,0.52
552,0.71,0.7,0.88,0.61,0.61,0.66,0.6,0.52
553,0.72,0.72,0.88,0.61,0.61,0.66,0.6,0.53
554,0.73,0.71,0.88,0.61,0.61,0.66,0.6,0.53
555,0.74,0.71,0.88,0.61,0.61,0.66,0.61,0.53
556,0.73,0.73,0.88,0.61,0.61,0.66,0.61,0.54
557,0.76,0.73,0.88,0.62,0.61,0.66,0.62,0.54
558,0.74,0.73,0.89,0.62,0.62,0.66,0.62,0.54
559,0.73,0.72,0.88,0.62,0.61,0.66,0.63,0.54
560,0.75,0.72,0.89,0.62,0.62,0.66,0.63,0.54
561,0.76,0.72,0.89,0.63,0.62,0.67,0.64,0.54
562,0.74,0.72,0.89,0.63,0.62,0.67,0.64,0.55
563,0.75,0.72,0.88,0.63,0.62,0.67,0.64,0.55
564,0.75,0.72,0.88,0.63,0.63,0.67,0.65,0.55
565,0.73,0.71,0.89,0.63,0.63,0.67,0.65,0.56
566,0.74,0.71,0.88,0.63,0.63,0.68,0.65,0.56
567,0.75,0.7,0.89,0.64,0.64,0.68,0.66,0.57
568,0.76,0.7,0.89,0.64,0.64,0.68,0.66,0.57
569,0.74,0.7,0.88,0.64,0.64,0.68,0.67,0.57
570,0.75,0.7,0.89,0.64,0.65,0.68,0.67,0.58
571,0.74,0.7,0.89,0.64,0.65,0.69,0.67,0.58
572,0.75,0.71,0.88,0.64,0.65,0.69,0.67,0.58
573,0.74,0.7,0.88,0.65,0.65,0.69,0.68,0.59
574,0.76,0.7,0.88,0.65,0.66,0.7,0.69,0.59
575,0.74,0.71,0.88,0.65,0.66,0.7,0.68,0.59
576,0.76,0.72,0.89,0.66,0.67,0.71,0.7,0.61
577,0.75,0.71,0.89,0.66,0.67,0.71,0.7,0.61
578,0.76,0.73,0.9,0.66,0.67,0.71,0.7,0.61
579,0.76,0.73,0.9,0.66,0.68,0.71,0.7,0.62
580,0.76,0.73,0.9,0.66,0.68,0.72,0.7,0.62
581,0.78,0.73,0.91,0.67,0.69,0.72,0.71,0.63
582,0.78,0.75,0.91,0.67,0.69,0.73,0.71,0.63
583,0.78,0.73,0.91,0.67,0.69,0.73,0.71,0.63
584,0.79,0.75,0.91,0.67,0.7,0.73,0.72,0.63
585,0.79,0.75,0.91,0.68,0.7,0.73,0.72,0.63
586,0.79,0.75,0.91,0.68,0.71,0.73,0.72,0.64
587,0.8,0.76,0.92,0.68,0.71,0.74,0.73,0.64
588,0.79,0.76,0.92,0.68,0.71,0.74,0.73,0.64
589,0.81,0.78,0.92,0.69,0.71,0.74,0.73,0.65
590,0.8,0.78,0.92,0.69,0.71,0.74,0.73,0.65
591,0.82,0.78,0.92,0.69,0.72,0.74,0.73,0.65
592,0.8,0.78,0.93,0.69,0.72,0.74,0.73,0.65
593,0.8,0.8,0.93,0.69,0.72,0.74,0.74,0.66
594,0.8,0.78,0.93,0.7,0.72,0.75,0.74,0.66
595,0.8,0.77,0.94,0.7,0.72,0.75,0.74,0.66
596,0.81,0.77,0.93,0.7,0.72,0.75,0.75,0.66
597,0.81,0.77,0.93,0.7,0.72,0.75,0.75,0.66
598,0.81,0.77,0.93,0.7,0.72,0.75,0.75,0.66
599,0.8,0.76,0.93,0.71,0.72,0.75,0.75,0.67
600,0.79,0.77,0.93,0.71,0.72,0.75,0.75,0.66
601,0.78,0.76,0.93,0.71,0.72,0.75,0.75,0.67
602,0.78,0.76,0.92,0.71,0.72,0.75,0.75,0.67
603,0.78,0.76,0.92,0.71,0.72,0.75,0.75,0.67
604,0.8,0.76,0.92,0.71,0.72,0.75,0.75,0.67
605,0.79,0.75,0.92,0.71,0.72,0.75,0.75,0.67
606,0.78,0.74,0.92,0.72,0.72,0.75,0.75,0.67
607,0.78,0.74,0.92,0.72,0.72,0.75,0.75,0.67
608,0.78,0.75,0.92,0.72,0.72,0.75,0.75,0.67
609,0.79,0.75,0.92,0.72,0.73,0.76,0.75,0.67
610,0.81,0.75,0.92,0.72,0.73,0.76,0.75,0.67
611,0.79,0.76,0.92,0.72,0.73,0.76,0.75,0.67
612,0.79,0.76,0.92,0.72,0.73,0.76,0.74,0.68
613,0.79,0.77,0.92,0.73,0.73,0.76,0.74,0.67
614,0.81,0.77,0.92,0.73,0.73,0.76,0.75,0.68
615,0.8,0.77,0.92,0.73,0.73,0.76,0.75,0.68
616,0.81,0.77,0.92,0.73,0.73,0.76,0.75,0.68
617,0.79,0.76,0.92,0.73,0.74,0.76,0.74,0.68
618,0.79,0.78,0.92,0.73,0.74,0.76,0.74,0.68
619,0.82,0.78,0.92,0.73,0.74,0.76,0.75,0.68
620,0.81,0.77,0.92,0.74,0.74,0.76,0.75,0.68
621,0.8,0.79,0.93,0.74,0.74,0.76,0.75,0.68
622,0.8,0.77,0.93,0.74,0.74,0.76,0.75,0.68
623,0.8,0.78,0.93,0.74,0.74,0.76,0.75,0.68
624,0.81,0.78,0.93,0.74,0.74,0.77,0.76,0.69
625,0.81,0.78,0.93,0.74,0.74,0.76,0.76,0.69
626,0.81,0.78,0.93,0.75,0.74,0.76,0.76,0.69
627,0.83,0.78,0.93,0.75,0.74,0.76,0.76,0.69
628,0.82,0.77,0.93,0.75,0.74,0.77,0.76,0.7
629,0.81,0.77,0.93,0.75,0.74,0.77,0.76,0.7
630,0.8,0.77,0.93,0.75,0.74,0.77,0.76,0.71
631,0.79,0.78,0.93,0.75,0.74,0.77,0.77,0.7
632,0.79,0.77,0.93,0.76,0.74,0.77,0.77,0.71
633,0.79,0.75,0.92,0.76,0.74,0.77,0.77,0.71
634,0.8,0.77,0.92,0.76,0.74,0.77,0.76,0.71
635,0.79,0.74,0.92,0.76,0.75,0.77,0.77,0.72
636,0.79,0.76,0.92,0.76,0.74,0.77,0.76,0.72
637,0.8,0.74,0.92,0.76,0.74,0.77,0.76,0.72
638,0.78,0.76,0.92,0.76,0.74,0.77,0.77,0.72
639,0.8,0.75,0.92,0.76,0.74,0.78,0.77,0.72
640,0.8,0.75,0.92,0.77,0.74,0.77,0.77,0.72
641,0.79,0.73,0.93,0.77,0.74,0.78,0.77,0.72
642,0.79,0.74,0.92,0.77,0.75,0.78,0.77,0.72
643,0.8,0.74,0.92,0.77,0.75,0.78,0.77,0.72
644,0.78,0.74,0.92,0.77,0.75,0.78,0.77,0.72
645,0.8,0.74,0.92,0.77,0.75,0.78,0.77,0.72
646,0.8,0.74,0.92,0.77,0.75,0.78,0.77,0.73
647,0.8,0.74,0.92,0.77,0.76,0.78,0.77,0.72
648,0.8,0.74,0.92,0.77,0.76,0.78,0.77,0.72
649,0.8,0.74,0.92,0.78,0.76,0.78,0.78,0.73
650,0.8,0.74,0.93,0.78,0.76,0.78,0.78,0.73
651,0.82,0.74,0.92,0.78,0.76,0.78,0.78,0.73
652,0.81,0.74,0.92,0.78,0.76,0.78,0.78,0.73
653,0.81,0.74,0.93,0.78,0.77,0.78,0.78,0.73
654,0.81,0.74,0.93,0.78,0.77,0.78,0.78,0.72
655,0.81,0.75,0.93,0.78,0.77,0.78,0.78,0.72
656,0.84,0.74,0.93,0.78,0.77,0.78,0.79,0.73
657,0.81,0.75,0.93,0.78,0.77,0.78,0.79,0.73
658,0.81,0.75,0.92,0.78,0.78,0.79,0.79,0.73
659,0.81,0.76,0.93,0.79,0.78,0.79,0.79,0.73
660,0.83,0.76,0.93,0.79,0.78,0.79,0.79,0.73
661,0.82,0.76,0.93,0.79,0.78,0.79,0.79,0.73
662,0.82,0.75,0.93,0.79,0.78,0.79,0.79,0.73
663,0.83,0.76,0.93,0.79,0.79,0.79,0.8,0.74
664,0.83,0.76,0.93,0.79,0.79,0.79,0.8,0.74
665,0.83,0.76,0.94,0.79,0.79,0.79,0.8,0.74
666,0.82,0.76,0.94,0.79,0.8,0.79,0.81,0.74
667,0.83,0.76,0.94,0.79,0.8,0.8,0.81,0.74
668,0.84,0.76,0.94,0.8,0.8,0.8,0.82,0.75
669,0.83,0.77,0.94,0.8,0.8,0.8,0.81,0.75
670,0.84,0.77,0.93,0.8,0.8,0.8,0.81,0.75
671,0.83,0.77,0.93,0.8,0.8,0.8,0.82,0.76
672,0.84,0.77,0.94,0.8,0.8,0.8,0.82,0.76
673,0.85,0.78,0.94,0.8,0.81,0.81,0.82,0.76
674,0.84,0.78,0.94,0.8,0.81,0.81,0.82,0.76
675,0.85,0.79,0.95,0.8,0.81,0.81,0.82,0.77
676,0.87,0.8,0.95,0.8,0.81,0.82,0.83,0.77
677,0.86,0.8,0.95,0.8,0.81,0.82,0.83,0.78
678,0.89,0.81,0.95,0.81,0.81,0.82,0.83,0.78
679,0.86,0.81,0.95,0.81,0.81,0.83,0.83,0.78
680,0.86,0.81,0.95,0.81,0.82,0.83,0.83,0.78
681,0.86,0.83,0.96,0.81,0.82,0.83,0.83,0.79
682,0.87,0.82,0.95,0.81,0.82,0.83,0.83,0.79
683,0.88,0.83,0.96,0.82,0.82,0.83,0.84,0.79
684,0.89,0.83,0.96,0.82,0.82,0.83,0.84,0.79
685,0.88,0.83,0.97,0.82,0.82,0.84,0.84,0.8
686,0.89,0.83,0.96,0.82,0.82,0.84,0.84,0.8
687,0.87,0.86,0.97,0.82,0.82,0.84,0.84,0.8
688,0.88,0.84,0.97,0.82,0.82,0.84,0.83,0.8
689,0.9,0.84,0.97,0.82,0.82,0.84,0.84,0.8
690,0.87,0.83,0.97,0.83,0.82,0.84,0.84,0.8
691,0.87,0.83,0.97,0.83,0.82,0.84,0.84,0.8
692,0.87,0.81,0.97,0.83,0.82,0.84,0.84,0.81
693,0.86,0.82,0.97,0.83,0.82,0.85,0.84,0.8
694,0.88,0.82,0.96,0.83,0.82,0.84,0.84,0.81
695,0.87,0.8,0.96,0.83,0.82,0.84,0.84,0.81
696,0.86,0.79,0.96,0.83,0.82,0.84,0.84,0.81
697,0.86,0.79,0.96,0.84,0.82,0.85,0.83,0.8
698,0.87,0.79,0.95,0.84,0.82,0.84,0.83,0.81
699,0.85,0.79,0.95,0.84,0.81,0.85,0.83,0.8
700,0.85,0.78,0.95,0.84,0.81,0.84,0.83,0.8
701,0.83,0.77,0.94,0.84,0.81,0.84,0.82,0.8
702,0.82,0.75,0.94,0.84,0.81,0.84,0.82,0.79
703,0.84,0.76,0.94,0.84,0.81,0.84,0.82,0.79
704,0.84,0.74,0.94,0.84,0.81,0.84,0.81,0.79
705,0.83,0.75,0.93,0.84,0.81,0.84,0.81,0.78
706,0.83,0.75,0.93,0.84,0.81,0.84,0.81,0.79
707,0.82,0.74,0.93,0.84,0.81,0.84,0.81,0.78
708,0.82,0.72,0.93,0.84,0.81,0.84,0.81,0.78
709,0.81,0.73,0.92,0.84,0.8,0.84,0.81,0.78
710,0.81,0.73,0.92,0.84,0.8,0.83,0.81,0.77
711,0.81,0.73,0.92,0.84,0.8,0.84,0.81,0.78
712,0.84,0.73,0.92,0.84,0.8,0.83,0.8,0.77
713,0.82,0.72,0.91,0.84,0.8,0.83,0.8,0.77
714,0.79,0.71,0.91,0.84,0.8,0.83,0.8,0.77
715,0.79,0.7,0.91,0.84,0.8,0.83,0.8,0.76
716,0.79,0.71,0.9,0.84,0.8,0.83,0.8,0.77
717,0.79,0.7,0.9,0.84,0.79,0.82,0.79,0.76
718,0.79,0.7,0.9,0.84,0.79,0.83,0.79,0.76
719,0.8,0.69,0.9,0.84,0.79,0.83,0.79,0.76
720,0.78,0.69,0.89,0.84,0.79,0.82,0.79,0.76
721,0.78,0.69,0.89,0.84,0.79,0.82,0.79,0.75
722,0.78,0.68,0.89,0.84,0.79,0.82,0.78,0.75
723,0.79,0.68,0.89,0.84,0.79,0.82,0.78,0.75
724,0.79,0.68,0.89,0.84,0.79,0.82,0.78,0.75
725,0.78,0.67,0.88,0.84,0.79,0.82,0.78,0.75
726,0.77,0.68,0.88,0.84,0.78,0.82,0.78,0.74
727,0.78,0.67,0.88,0.84,0.78,0.81,0.77,0.74
728,0.78,0.67,0.88,0.84,0.78,0.81,0.77,0.74
729,0.78,0.66,0.88,0.84,0.78,0.81,0.77,0.73
730,0.8,0.66,0.88,0.84,0.78,0.81,0.77,0.73
731,0.77,0.67,0.88,0.84,0.78,0.81,0.77,0.73
732,0.76,0.65,0.87,0.84,0.77,0.8,0.77,0.73
733,0.76,0.65,0.87,0.83,0.78,0.81,0.76,0.72
734,0.78,0.65,0.87,0.84,0.77,0.81,0.76,0.72
735,0.76,0.65,0.87,0.84,0.77,0.8,0.76,0.73
736,0.76,0.65,0.87,0.84,0.77,0.8,0.76,0.72
737,0.77,0.65,0.87,0.83,0.77,0.8,0.76,0.72
738,0.76,0.66,0.86,0.83,0.77,0.8,0.75,0.72
739,0.78,0.66,0.87,0.83,0.77,0.8,0.76,0.71
740,0.79,0.67,0.86,0.84,0.76,0.8,0.76,0.71
741,0.78,0.67,0.87,0.84,0.77,0.8,0.75,0.72
742,0.78,0.68,0.87,0.83,0.76,0.8,0.76,0.71
743,0.77,0.7,0.87,0.83,0.77,0.8,0.76,0.71
744,0.78,0.7,0.88,0.84,0.77,0.8,0.76,0.71
745,0.8,0.71,0.88,0.83,0.77,0.8,0.76,0.71
746,0.79,0.71,0.88,0.84,0.77,0.8,0.76,0.71
747,0.8,0.73,0.88,0.84,0.77,0.8,0.76,0.71
748,0.8,0.74,0.89,0.84,0.77,0.8,0.76,0.71
749,0.82,0.73,0.89,0.84,0.77,0.8,0.76,0.71
750,0.8,0.75,0.89,0.84,0.77,0.8,0.76,0.71
751,0.83,0.76,0.89,0.84,0.77,0.8,0.77,0.71
752,0.82,0.76,0.89,0.84,0.77,0.8,0.77,0.71
753,0.81,0.77,0.9,0.84,0.77,0.8,0.77,0.71
754,0.82,0.77,0.9,0.84,0.77,0.8,0.77,0.71
755,0.83,0.77,0.9,0.84,0.77,0.8,0.77,0.71
756,0.84,0.77,0.9,0.84,0.77,0.8,0.78,0.71
757,0.84,0.78,0.91,0.84,0.77,0.8,0.77,0.71
758,0.84,0.78,0.91,0.84,0.77,0.8,0.77,0.71
759,0.86,0.78,0.91,0.84,0.77,0.8,0.77,0.71
760,0.83,0.78,0.91,0.84,0.77,0.8,0.77,0.71
761,0.84,0.79,0.91,0.84,0.77,0.8,0.78,0.71
762,0.86,0.79,0.92,0.84,0.77,0.81,0.78,0.72
763,0.83,0.79,0.92,0.84,0.77,0.81,0.78,0.72
764,0.84,0.8,0.92,0.84,0.77,0.81,0.78,0.72
765,0.85,0.81,0.92,0.85,0.78,0.81,0.78,0.72
766,0.87,0.8,0.92,0.85,0.78,0.81,0.78,0.72
767,0.85,0.8,0.93,0.85,0.78,0.81,0.79,0.73
768,0.87,0.79,0.93,0.85,0.78,0.81,0.79,0.73
769,0.86,0.8,0.93,0.85,0.78,0.81,0.79,0.72
770,0.86,0.8,0.93,0.85,0.79,0.82,0.8,0.73
771,0.86,0.8,0.94,0.85,0.79,0.81,0.8,0.73
772,0.87,0.8,0.94,0.85,0.79,0.82,0.8,0.73
773,0.88,0.8,0.94,0.85,0.79,0.82,0.8,0.73
774,0.87,0.8,0.94,0.85,0.79,0.82,0.8,0.73
775,0.87,0.81,0.94,0.85,0.79,0.82,0.8,0.74
776,0.85,0.81,0.94,0.86,0.8,0.82,0.8,0.73
777,0.85,0.79,0.94,0.86,0.79,0.82,0.8,0.73
778,0.86,0.79,0.94,0.86,0.8,0.83,0.81,0.74
779,0.86,0.78,0.94,0.86,0.8,0.83,0.81,0.74
780,0.85,0.78,0.93,0.86,0.8,0.82,0.81,0.74
781,0.87,0.79,0.93,0.86,0.8,0.83,0.81,0.74
782,0.85,0.78,0.93,0.86,0.8,0.83,0.81,0.74
783,0.85,0.76,0.92,0.86,0.81,0.83,0.82,0.74
784,0.84,0.76,0.92,0.86,0.81,0.83,0.82,0.74
785,0.85,0.76,0.92,0.86,0.81,0.83,0.82,0.75
786,0.84,0.76,0.92,0.86,0.8,0.83,0.82,0.75
787,0.84,0.76,0.92,0.86,0.81,0.83,0.82,0.75
788,0.84,0.75,0.92,0.86,0.81,0.83,0.82,0.75
789,0.82,0.75,0.92,0.86,0.81,0.83,0.82,0.75
790,0.84,0.76,0.92,0.86,0.81,0.83,0.83,0.75
791,0.85,0.75,0.91,0.86,0.81,0.83,0.82,0.75
792,0.84,0.75,0.91,0.86,0.81,0.83,0.82,0.75
793,0.84,0.76,0.91,0.86,0.81,0.83,0.82,0.75
794,0.85,0.76,0.91,0.86,0.81,0.83,0.83,0.76
795,0.86,0.77,0.91,0.86,0.81,0.83,0.82,0.76
796,0.84,0.77,0.91,0.86,0.81,0.83,0.83,0.76
797,0.85,0.78,0.91,0.86,0.81,0.84,0.83,0.76
798,0.84,0.78,0.91,0.86,0.81,0.84,0.83,0.76
799,0.85,0.78,0.92,0.86,0.81,0.84,0.83,0.76
800,0.85,0.78,0.92,0.86,0.81,0.84,0.83,0.76
801,0.87,0.81,0.92,0.86,0.81,0.84,0.84,0.76
802,0.87,0.82,0.93,0.86,0.82,0.84,0.84,0.76
803,0.85,0.82,0.93,0.87,0.82,0.85,0.84,0.77
804,0.87,0.83,0.93,0.87,0.82,0.85,0.85,0.77
805,0.87,0.83,0.94,0.87,0.82,0.85,0.85,0.77
806,0.89,0.85,0.94,0.87,0.83,0.85,0.85,0.77
807,0.88,0.83,0.94,0.87,0.83,0.85,0.85,0.77
808,0.87,0.85,0.95,0.87,0.83,0.86,0.86,0.78
809,0.88,0.85,0.94,0.87,0.83,0.86,0.86,0.78
810,0.88,0.84,0.95,0.87,0.83,0.86,0.86,0.79
811,0.89,0.84,0.95,0.87,0.83,0.86,0.87,0.79
812,0.88,0.84,0.94,0.87,0.83,0.87,0.87,0.79
813,0.9,0.84,0.95,0.87,0.84,0.86,0.88,0.8
814,0.87,0.85,0.95,0.88,0.84,0.87,0.88,0.8
815,0.88,0.84,0.94,0.88,0.84,0.87,0.89,0.81
816,0.9,0.84,0.95,0.88,0.84,0.87,0.89,0.81
817,0.87,0.84,0.95,0.88,0.84,0.87,0.89,0.81
818,0.87,0.83,0.95,0.88,0.85,0.88,0.9,0.82
819,0.89,0.83,0.95,0.88,0.84,0.88,0.9,0.82
820,0.86,0.81,0.95,0.88,0.85,0.88,0.9,0.82
821,0.87,0.83,0.95,0.88,0.85,0.88,0.9,0.83
822,0.86,0.81,0.95,0.88,0.85,0.88,0.9,0.83
823,0.88,0.81,0.95,0.88,0.85,0.88,0.91,0.83
824,0.86,0.8,0.94,0.88,0.85,0.88,0.91,0.83
825,0.87,0.8,0.94,0.88,0.85,0.88,0.9,0.84
826,0.85,0.8,0.94,0.88,0.85,0.88,0.9,0.84
827,0.87,0.8,0.94,0.88,0.85,0.88,0.9,0.84
828,0.87,0.79,0.94,0.88,0.85,0.88,0.9,0.83
829,0.85,0.8,0.93,0.88,0.85,0.88,0.9,0.84
830,0.84,0.78,0.94,0.88,0.85,0.88,0.9,0.84
831,0.88,0.77,0.94,0.88,0.85,0.89,0.9,0.83
832,0.84,0.78,0.93,0.88,0.85,0.88,0.9,0.83
833,0.86,0.77,0.93,0.88,0.84,0.88,0.89,0.83
834,0.86,0.77,0.93,0.88,0.85,0.88,0.89,0.83
835,0.85,0.77,0.93,0.88,0.85,0.88,0.89,0.83
836,0.83,0.77,0.92,0.88,0.84,0.88,0.89,0.83
837,0.83,0.77,0.92,0.88,0.84,0.88,0.89,0.84
838,0.83,0.76,0.92,0.88,0.84,0.88,0.89,0.83
839,0.82,0.77,0.91,0.88,0.84,0.88,0.89,0.83
840,0.84,0.76,0.91,0.88,0.84,0.88,0.88,0.83
841,0.83,0.76,0.92,0.88,0.84,0.88,0.88,0.83
842,0.83,0.76,0.91,0.88,0.84,0.88,0.88,0.82
843,0.83,0.76,0.91,0.88,0.84,0.88,0.88,0.83
844,0.83,0.77,0.91,0.88,0.84,0.88,0.88,0.83
845,0.84,0.75,0.91,0.88,0.84,0.88,0.88,0.83
846,0.81,0.76,0.91,0.88,0.84,0.88,0.88,0.83
847,0.83,0.75,0.91,0.88,0.84,0.88,0.89,0.83
848,0.82,0.74,0.91,0.88,0.84,0.88,0.89,0.83
849,0.82,0.74,0.91,0.88,0.85,0.88,0.89,0.83
850,0.82,0.75,0.9,0.88,0.84,0.88,0.89,0.83
851,0.82,0.74,0.9,0.88,0.84,0.88,0.9,0.83
852,0.82,0.74,0.89,0.88,0.85,0.88,0.89,0.84
853,0.85,0.74,0.9,0.88,0.84,0.88,0.89,0.84
854,0.84,0.74,0.9,0.88,0.85,0.88,0.9,0.84
855,0.83,0.74,0.9,0.88,0.85,0.88,0.9,0.84
856,0.82,0.73,0.9,0.88,0.85,0.88,0.9,0.84
857,0.83,0.74,0.9,0.88,0.85,0.88,0.9,0.85
858,0.84,0.74,0.9,0.88,0.85,0.88,0.9,0.85
859,0.82,0.75,0.9,0.88,0.85,0.88,0.9,0.85
860,0.83,0.75,0.9,0.88,0.85,0.88,0.9,0.85
861,0.83,0.74,0.9,0.88,0.85,0.88,0.9,0.85
862,0.85,0.74,0.91,0.88,0.86,0.88,0.9,0.85
863,0.83,0.75,0.91,0.88,0.86,0.88,0.9,0.85
864,0.84,0.75,0.91,0.88,0.86,0.88,0.9,0.85
865,0.84,0.74,0.91,0.88,0.86,0.88,0.89,0.85
866,0.84,0.76,0.91,0.88,0.86,0.88,0.89,0.85
867,0.84,0.76,0.92,0.88,0.86,0.88,0.89,0.85
868,0.84,0.76,0.92,0.88,0.86,0.88,0.89,0.85
869,0.84,0.76,0.92,0.88,0.86,0.88,0.89,0.85
870,0.84,0.75,0.92,0.88,0.86,0.88,0.89,0.85
871,0.85,0.75,0.92,0.88,0.86,0.88,0.89,0.84
872,0.84,0.77,0.92,0.88,0.86,0.88,0.89,0.84
873,0.85,0.75,0.92,0.88,0.86,0.88,0.89,0.84
874,0.84,0.75,0.93,0.88,0.86,0.88,0.89,0.84
875,0.85,0.75,0.93,0.88,0.86,0.88,0.88,0.84
876,0.84,0.75,0.93,0.88,0.86,0.88,0.88,0.84
877,0.85,0.75,0.92,0.88,0.86,0.88,0.88,0.84
878,0.84,0.75,0.92,0.88,0.86,0.88,0.88,0.84
879,0.84,0.75,0.93,0.89,0.86,0.88,0.88,0.83
880,0.85,0.76,0.93,0.89,0.86,0.87,0.88,0.83
881,0.84,0.75,0.93,0.89,0.86,0.87,0.88,0.83
882,0.85,0.77,0.93,0.89,0.86,0.87,0.88,0.83
883,0.86,0.77,0.93,0.89,0.86,0.88,0.88,0.83
884,0.85,0.77,0.93,0.89,0.86,0.87,0.88,0.83
885,0.85,0.75,0.93,0.89,0.86,0.87,0.88,0.83
886,0.86,0.77,0.93,0.89,0.86,0.87,0.88,0.83
887,0.86,0.77,0.93,0.89,0.86,0.87,0.88,0.83
888,0.85,0.77,0.93,0.89,0.86,0.87,0.88,0.83
889,0.87,0.78,0.93,0.89,0.86,0.88,0.87,0.83
890,0.88,0.78,0.93,0.89,0.86,0.88,0.88,0.83
891,0.87,0.79,0.94,0.89,0.87,0.87,0.88,0.83
892,0.89,0.79,0.94,0.89,0.86,0.88,0.88,0.83
893,0.88,0.81,0.94,0.89,0.86,0.88,0.88,0.84
894,0.88,0.8,0.94,0.89,0.87,0.88,0.88,0.84
895,0.89,0.82,0.94,0.89,0.87,0.88,0.88,0.84
896,0.88,0.83,0.94,0.89,0.87,0.88,0.88,0.83
897,0.91,0.83,0.94,0.89,0.87,0.88,0.88,0.84
898,0.89,0.84,0.95,0.89,0.87,0.88,0.88,0.84
899,0.89,0.85,0.95,0.89,0.87,0.88,0.87,0.84
900,0.89,0.85,0.95,0.9,0.87,0.89,0.87,0.84
901,0.89,0.85,0.95,0.9,0.87,0.88,0.87,0.83
902,0.92,0.87,0.95,0.89,0.88,0.89,0.87,0.83
903,0.9,0.85,0.96,0.9,0.87,0.89,0.87,0.84
904,0.91,0.85,0.96,0.9,0.87,0.89,0.88,0.83
905,0.9,0.86,0.96,0.9,0.87,0.89,0.88,0.84
906,0.9,0.86,0.96,0.9,0.87,0.89,0.87,0.84
907,0.9,0.85,0.96,0.9,0.87,0.89,0.87,0.83
908,0.9,0.86,0.96,0.9,0.87,0.89,0.87,0.83
909,0.9,0.85,0.97,0.9,0.87,0.89,0.87,0.84
910,0.92,0.87,0.96,0.9,0.87,0.89,0.87,0.84
911,0.9,0.87,0.97,0.9,0.88,0.89,0.87,0.83
912,0.91,0.86,0.97,0.91,0.88,0.89,0.87,0.84
913,0.9,0.86,0.97,0.91,0.87,0.89,0.87,0.83
914,0.9,0.86,0.96,0.91,0.87,0.89,0.87,0.83
915,0.89,0.85,0.96,0.91,0.88,0.89,0.87,0.83
916,0.92,0.86,0.96,0.91,0.87,0.89,0.87,0.83
917,0.89,0.84,0.96,0.91,0.88,0.89,0.87,0.83
918,0.91,0.84,0.96,0.91,0.88,0.89,0.87,0.83
919,0.89,0.84,0.96,0.91,0.88,0.89,0.87,0.83
920,0.9,0.84,0.95,0.91,0.88,0.89,0.87,0.83
921,0.89,0.84,0.95,0.91,0.88,0.89,0.88,0.82
922,0.89,0.82,0.96,0.91,0.88,0.89,0.87,0.82
923,0.89,0.84,0.95,0.91,0.88,0.89,0.87,0.82
924,0.89,0.83,0.95,0.91,0.88,0.89,0.87,0.82
925,0.89,0.83,0.95,0.91,0.88,0.89,0.87,0.82
926,0.88,0.81,0.94,0.91,0.87,0.89,0.86,0.82
927,0.88,0.83,0.95,0.91,0.88,0.89,0.86,0.82
928,0.88,0.82,0.95,0.91,0.88,0.89,0.85,0.82
929,0.88,0.82,0.94,0.91,0.88,0.89,0.86,0.82
930,0.87,0.82,0.94,0.92,0.87,0.89,0.85,0.82
931,0.89,0.81,0.93,0.92,0.87,0.88,0.84,0.81
932,0.87,0.8,0.93,0.92,0.87,0.88,0.84,0.81
933,0.88,0.81,0.93,0.92,0.87,0.88,0.84,0.81
934,0.85,0.79,0.93,0.92,0.86,0.88,0.84,0.8
935,0.85,0.78,0.92,0.91,0.86,0.88,0.83,0.8
936,0.88,0.78,0.92,0.91,0.86,0.88,0.83,0.8
937,0.86,0.78,0.91,0.91,0.86,0.87,0.83,0.8
938,0.86,0.78,0.91,0.91,0.86,0.87,0.83,0.8
939,0.84,0.76,0.91,0.91,0.85,0.87,0.83,0.8
940,0.84,0.77,0.9,0.91,0.85,0.87,0.83,0.79
941,0.84,0.76,0.9,0.91,0.85,0.87,0.83,0.79
942,0.86,0.76,0.9,0.91,0.85,0.87,0.82,0.79
943,0.83,0.76,0.89,0.91,0.84,0.86,0.82,0.79
944,0.82,0.76,0.89,0.91,0.84,0.86,0.82,0.78
945,0.83,0.76,0.89,0.91,0.84,0.86,0.82,0.78
946,0.82,0.75,0.89,0.91,0.84,0.86,0.82,0.78
947,0.82,0.75,0.89,0.91,0.84,0.86,0.82,0.78
948,0.82,0.76,0.88,0.91,0.84,0.86,0.82,0.78
949,0.84,0.76,0.89,0.91,0.84,0.85,0.82,0.78
950,0.85,0.76,0.88,0.91,0.84,0.85,0.82,0.78
951,0.83,0.76,0.88,0.9,0.84,0.85,0.82,0.78
952,0.84,0.79,0.89,0.91,0.84,0.85,0.82,0.78
953,0.84,0.78,0.88,0.91,0.83,0.85,0.82,0.77
954,0.84,0.8,0.89,0.91,0.83,0.85,0.82,0.78
955,0.85,0.79,0.89,0.91,0.83,0.85,0.82,0.77
956,0.85,0.8,0.89,0.9,0.83,0.85,0.83,0.78
957,0.85,0.82,0.89,0.91,0.83,0.85,0.83,0.78
958,0.86,0.82,0.9,0.91,0.83,0.85,0.83,0.78
959,0.87,0.82,0.9,0.9,0.83,0.85,0.83,0.78
960,0.88,0.83,0.9,0.91,0.83,0.85,0.84,0.78
961,0.88,0.86,0.9,0.91,0.83,0.85,0.84,0.78
962,0.88,0.86,0.91,0.91,0.83,0.85,0.84,0.78
963,0.9,0.86,0.91,0.91,0.84,0.85,0.84,0.79
964,0.9,0.86,0.92,0.91,0.84,0.85,0.85,0.79
965,0.89,0.87,0.92,0.91,0.84,0.85,0.85,0.79
966,0.89,0.88,0.92,0.91,0.84,0.86,0.85,0.79
967,0.89,0.87,0.92,0.91,0.84,0.86,0.86,0.79
968,0.92,0.88,0.93,0.91,0.84,0.86,0.86,0.8
969,0.91,0.88,0.93,0.91,0.84,0.85,0.86,0.8
970,0.91,0.89,0.93,0.91,0.84,0.86,0.87,0.8
971,0.9,0.9,0.94,0.91,0.84,0.86,0.88,0.8
972,0.91,0.89,0.93,0.91,0.85,0.86,0.88,0.81
973,0.92,0.89,0.94,0.91,0.85,0.86,0.88,0.81
974,0.89,0.88,0.94,0.91,0.85,0.86,0.88,0.81
975,0.89,0.88,0.93,0.91,0.85,0.86,0.89,0.81
976,0.89,0.87,0.93,0.91,0.85,0.86,0.89,0.82
977,0.89,0.86,0.93,0.91,0.85,0.86,0.9,0.82
978,0.89,0.86,0.93,0.91,0.85,0.86,0.9,0.83
979,0.89,0.85,0.93,0.91,0.86,0.86,0.91,0.83
980,0.89,0.85,0.92,0.91,0.86,0.86,0.91,0.84
981,0.91,0.83,0.92,0.91,0.86,0.86,0.92,0.84
982,0.88,0.82,0.93,0.91,0.86,0.87,0.92,0.85
983,0.87,0.83,0.92,0.91,0.86,0.87,0.92,0.85
984,0.87,0.81,0.92,0.91,0.86,0.87,0.93,0.86
985,0.86,0.81,0.92,0.91,0.86,0.87,0.93,0.86
986,0.88,0.8,0.91,0.91,0.86,0.87,0.93,0.86
987,0.86,0.8,0.91,0.91,0.87,0.87,0.93,0.87
988,0.85,0.8,0.91,0.91,0.87,0.87,0.94,0.87
989,0.85,0.78,0.91,0.91,0.87,0.88,0.94,0.87
990,0.84,0.79,0.91,0.91,0.87,0.87,0.94,0.88
991,0.84,0.78,0.91,0.91,0.87,0.87,0.93,0.88
992,0.84,0.78,0.9,0.91,0.87,0.87,0.93,0.88
993,0.84,0.77,0.9,0.91,0.87,0.87,0.93,0.88
994,0.83,0.76,0.9,0.91,0.87,0.88,0.93,0.89
995,0.84,0.76,0.89,0.91,0.87,0.88,0.93,0.89
996,0.83,0.77,0.89,0.91,0.87,0.88,0.93,0.89
997,0.83,0.76,0.89,0.91,0.87,0.88,0.93,0.89
998,0.82,0.75,0.89,0.91,0.87,0.88,0.92,0.88
999,0.85,0.76,0.89,0.91,0.86,0.88,0.92,0.88
1000,0.82,0.75,0.89,0.91,0.86,0.88,0.92,0.88
1001,0.83,0.77,0.89,0.91,0.86,0.88,0.92,0.88
1002,0.83,0.77,0.9,0.91,0.86,0.88,0.92,0.88
1003,0.83,0.77,0.9,0.91,0.86,0.88,0.91,0.88
1004,0.83,0.77,0.89,0.91,0.86,0.88,0.91,0.89
1005,0.85,0.77,0.9,0.91,0.86,0.88,0.91,0.89
1006,0.83,0.76,0.9,0.91,0.86,0.88,0.91,0.88
1007,0.83,0.77,0.9,0.91,0.86,0.88,0.9,0.88
1008,0.86,0.77,0.9,0.91,0.86,0.88,0.9,0.88
1009,0.84,0.77,0.9,0.91,0.86,0.88,0.9,0.88
1010,0.84,0.77,0.9,0.91,0.86,0.88,0.9,0.88
1011,0.84,0.77,0.9,0.91,0.86,0.88,0.89,0.88
1012,0.85,0.77,0.91,0.91,0.86,0.88,0.9,0.88
1013,0.84,0.77,0.91,0.91,0.86,0.89,0.89,0.88
1014,0.85,0.78,0.91,0.91,0.86,0.89,0.89,0.88
1015,0.87,0.78,0.91,0.91,0.86,0.89,0.89,0.88
1016,0.85,0.78,0.91,0.91,0.87,0.89,0.89,0.88
1017,0.86,0.78,0.92,0.91,0.87,0.89,0.89,0.88
1018,0.85,0.79,0.92,0.91,0.87,0.89,0.89,0.88
1019,0.85,0.79,0.92,0.91,0.87,0.89,0.89,0.88
1020,0.85,0.79,0.92,0.91,0.87,0.89,0.89,0.88
1021,0.88,0.8,0.93,0.91,0.88,0.9,0.89,0.88
1022,0.86,0.8,0.93,0.91,0.88,0.9,0.89,0.87
1023,0.88,0.8,0.93,0.91,0.88,0.9,0.89,0.88
1024,0.88,0.8,0.93,0.91,0.88,0.9,0.89,0.87
1025,0.87,0.8,0.93,0.91,0.89,0.9,0.89,0.88
1026,0.87,0.8,0.93,0.91,0.89,0.9,0.89,0.88
1027,0.86,0.81,0.93,0.91,0.89,0.9,0.89,0.88
1028,0.88,0.81,0.94,0.91,0.89,0.9,0.89,0.87
1029,0.88,0.81,0.93,0.91,0.89,0.9,0.89,0.87
1030,0.88,0.81,0.93,0.91,0.89,0.9,0.89,0.87
1031,0.87,0.8,0.93,0.91,0.89,0.9,0.9,0.87
1032,0.87,0.81,0.93,0.91,0.89,0.9,0.9,0.87
1033,0.87,0.8,0.93,0.91,0.89,0.9,0.89,0.87
1034,0.87,0.81,0.93,0.91,0.89,0.9,0.89,0.88
1035,0.87,0.8,0.93,0.91,0.89,0.9,0.89,0.88
1036,0.85,0.8,0.93,0.91,0.89,0.9,0.89,0.88
1037,0.87,0.8,0.93,0.91,0.89,0.9,0.89,0.88
1038,0.86,0.8,0.93,0.91,0.89,0.9,0.89,0.88
1039,0.86,0.79,0.93,0.91,0.89,0.9,0.89,0.88
1040,0.86,0.79,0.93,0.91,0.88,0.9,0.89,0.88
1041,0.86,0.81,0.93,0.91,0.88,0.9,0.89,0.88
1042,0.85,0.81,0.93,0.91,0.88,0.9,0.89,0.88
1043,0.86,0.81,0.93,0.91,0.88,0.91,0.89,0.88
1044,0.87,0.81,0.93,0.92,0.88,0.91,0.88,0.89
1045,0.88,0.81,0.93,0.92,0.88,0.91,0.89,0.88
1046,0.87,0.81,0.93,0.92,0.88,0.91,0.88,0.88
1047,0.86,0.82,0.93,0.92,0.88,0.91,0.88,0.88
1048,0.88,0.82,0.94,0.92,0.88,0.91,0.88,0.88
1049,0.88,0.83,0.94,0.92,0.88,0.91,0.88,0.88
1050,0.88,0.82,0.94,0.92,0.88,0.91,0.88,0.88
1051,0.88,0.84,0.94,0.92,0.87,0.91,0.88,0.88
1052,0.89,0.83,0.94,0.92,0.87,0.91,0.88,0.88
1053,0.89,0.84,0.95,0.92,0.87,0.9,0.88,0.88
1054,0.91,0.84,0.95,0.92,0.87,0.91,0.88,0.88
1055,0.89,0.84,0.95,0.92,0.87,0.9,0.88,0.88
1056,0.93,0.84,0.95,0.92,0.87,0.91,0.88,0.87
1057,0.9,0.84,0.95,0.92,0.87,0.9,0.88,0.87
1058,0.89,0.84,0.95,0.92,0.87,0.9,0.88,0.87
1059,0.91,0.86,0.95,0.92,0.87,0.9,0.88,0.87
1060,0.89,0.83,0.95,0.92,0.87,0.9,0.88,0.87
1061,0.91,0.84,0.95,0.92,0.87,0.9,0.88,0.87
1062,0.9,0.83,0.95,0.92,0.87,0.9,0.89,0.87
1063,0.88,0.83,0.95,0.92,0.87,0.9,0.88,0.87
1064,0.89,0.82,0.95,0.92,0.87,0.9,0.88,0.87
1065,0.88,0.82,0.95,0.92,0.87,0.9,0.89,0.87
1066,0.88,0.81,0.95,0.93,0.87,0.9,0.89,0.87
1067,0.89,0.82,0.94,0.92,0.87,0.9,0.89,0.87
1068,0.88,0.8,0.94,0.92,0.87,0.89,0.88,0.87
1069,0.87,0.8,0.94,0.92,0.87,0.9,0.89,0.86
1070,0.88,0.8,0.93,0.92,0.86,0.89,0.89,0.86
1071,0.88,0.79,0.93,0.93,0.87,0.89,0.89,0.87
1072,0.86,0.79,0.93,0.92,0.86,0.89,0.88,0.86
1073,0.86,0.79,0.92,0.93,0.86,0.89,0.88,0.86
1074,0.85,0.78,0.92,0.93,0.86,0.89,0.88,0.86
1075,0.87,0.78,0.92,0.93,0.86,0.89,0.88,0.86
1076,0.86,0.76,0.91,0.92,0.86,0.89,0.88,0.86
1077,0.86,0.77,0.92,0.92,0.86,0.89,0.88,0.86
1078,0.85,0.76,0.91,0.92,0.86,0.89,0.88,0.85
1079,0.85,0.75,0.91,0.92,0.86,0.89,0.88,0.86
1080,0.85,0.75,0.91,0.92,0.85,0.88,0.87,0.85
1081,0.84,0.75,0.91,0.92,0.85,0.88,0.87,0.85
1082,0.85,0.75,0.91,0.92,0.85,0.88,0.87,0.85
1083,0.85,0.76,0.9,0.92,0.85,0.88,0.87,0.85
1084,0.84,0.76,0.9,0.92,0.85,0.88,0.87,0.85
1085,0.86,0.75,0.9,0.92,0.85,0.88,0.87,0.85
1086,0.88,0.76,0.9,0.92,0.86,0.88,0.87,0.85
1087,0.85,0.76,0.9,0.92,0.86,0.88,0.86,0.84
1088,0.85,0.76,0.9,0.92,0.86,0.88,0.86,0.84
1089,0.86,0.77,0.9,0.92,0.86,0.88,0.86,0.84
1090,0.86,0.77,0.9,0.92,0.86,0.88,0.87,0.84
1091,0.86,0.78,0.91,0.92,0.86,0.87,0.87,0.84
1092,0.86,0.78,0.91,0.92,0.86,0.88,0.87,0.84
1093,0.9,0.78,0.91,0.92,0.86,0.88,0.87,0.84
1094,0.86,0.78,0.91,0.92,0.86,0.88,0.87,0.84
1095,0.86,0.8,0.91,0.92,0.87,0.88,0.87,0.84
1096,0.88,0.82,0.92,0.92,0.87,0.88,0.88,0.84
1097,0.88,0.82,0.92,0.92,0.87,0.88,0.88,0.84
1098,0.89,0.82,0.92,0.92,0.88,0.88,0.88,0.84
1099,0.9,0.84,0.93,0.92,0.88,0.88,0.89,0.84
1100,0.89,0.85,0.93,0.92,0.88,0.88,0.89,0.85
1101,0.9,0.83,0.93,0.92,0.88,0.88,0.89,0.85
1102,0.9,0.85,0.93,0.92,0.88,0.88,0.9,0.85
1103,0.91,0.86,0.93,0.92,0.88,0.88,0.9,0.85
1104,0.91,0.86,0.94,0.92,0.88,0.88,0.91,0.85
1105,0.91,0.86,0.94,0.92,0.89,0.88,0.91,0.85
1106,0.92,0.87,0.94,0.92,0.89,0.88,0.92,0.85
1107,0.92,0.87,0.95,0.93,0.89,0.89,0.92,0.86
1108,0.92,0.87,0.95,0.93,0.9,0.89,0.93,0.86
1109,0.92,0.88,0.95,0.93,0.89,0.89,0.93,0.87
1110,0.94,0.87,0.95,0.93,0.9,0.89,0.93,0.87
1111,0.94,0.88,0.95,0.93,0.9,0.89,0.94,0.87
1112,0.95,0.87,0.95,0.93,0.9,0.89,0.95,0.88
1113,0.94,0.88,0.96,0.93,0.9,0.89,0.95,0.88
1114,0.94,0.88,0.96,0.93,0.91,0.89,0.95,0.88
1115,0.94,0.88,0.96,0.93,0.91,0.89,0.96,0.89
1116,0.94,0.87,0.96,0.93,0.91,0.89,0.96,0.89
1117,0.95,0.87,0.96,0.93,0.91,0.89,0.96,0.89
1118,0.93,0.88,0.97,0.93,0.91,0.89,0.96,0.89
1119,0.95,0.87,0.96,0.93,0.92,0.89,0.96,0.89
1120,0.93,0.87,0.96,0.93,0.92,0.89,0.96,0.89
1121,0.93,0.87,0.96,0.93,0.92,0.89,0.96,0.89
1122,0.94,0.87,0.96,0.94,0.92,0.89,0.96,0.89
1123,0.93,0.85,0.96,0.94,0.92,0.9,0.97,0.9
1124,0.93,0.87,0.96,0.94,0.92,0.89,0.97,0.9
1125,0.93,0.85,0.96,0.94,0.92,0.9,0.97,0.89
1126,0.93,0.86,0.96,0.94,0.92,0.9,0.97,0.89
1127,0.92,0.85,0.96,0.94,0.92,0.9,0.97,0.9
1128,0.93,0.85,0.96,0.94,0.92,0.9,0.97,0.9
1129,0.94,0.85,0.95,0.94,0.93,0.9,0.97,0.9
1130,0.93,0.86,0.95,0.94,0.92,0.9,0.97,0.91
1131,0.92,0.86,0.95,0.94,0.92,0.9,0.97,0.9
1132,0.93,0.86,0.95,0.94,0.93,0.9,0.97,0.9
1133,0.95,0.88,0.95,0.94,0.92,0.9,0.97,0.9
1134,0.94,0.87,0.95,0.94,0.92,0.9,0.97,0.91
1135,0.92,0.87,0.95,0.94,0.92,0.9,0.97,0.91
1136,0.94,0.87,0.95,0.94,0.93,0.9,0.97,0.91
1137,0.92,0.87,0.95,0.94,0.92,0.9,0.97,0.9
1138,0.94,0.87,0.96,0.94,0.93,0.91,0.97,0.91
1139,0.94,0.89,0.96,0.94,0.93,0.9,0.97,0.91
1140,0.94,0.88,0.96,0.95,0.93,0.91,0.97,0.91
1141,0.94,0.89,0.96,0.94,0.93,0.91,0.97,0.91
1142,0.94,0.89,0.96,0.95,0.93,0.91,0.96,0.91
1143,0.94,0.88,0.96,0.95,0.93,0.91,0.97,0.92
1144,0.94,0.89,0.96,0.95,0.93,0.91,0.97,0.91
1145,0.95,0.89,0.97,0.95,0.92,0.92,0.96,0.91
1146,0.93,0.88,0.97,0.95,0.93,0.92,0.96,0.91
1147,0.93,0.88,0.97,0.95,0.93,0.92,0.96,0.91
1148,0.94,0.9,0.97,0.95,0.93,0.92,0.96,0.91
1149,0.96,0.88,0.96,0.95,0.93,0.92,0.96,0.91
1150,0.94,0.87,0.96,0.95,0.93,0.92,0.95,0.91
1151,0.93,0.88,0.96,0.95,0.93,0.93,0.95,0.91
1152,0.92,0.86,0.96,0.95,0.92,0.93,0.95,0.91
1153,0.92,0.86,0.96,0.95,0.93,0.93,0.95,0.91
1154,0.93,0.86,0.96,0.95,0.92,0.93,0.95,0.91
1155,0.92,0.86,0.96,0.95,0.93,0.93,0.95,0.91
1156,0.91,0.86,0.96,0.95,0.93,0.93,0.95,0.91
1157,0.93,0.86,0.95,0.95,0.93,0.93,0.95,0.91
1158,0.9,0.85,0.95,0.95,0.93,0.93,0.94,0.91
1159,0.9,0.85,0.95,0.95,0.93,0.93,0.94,0.91
1160,0.9,0.85,0.95,0.95,0.93,0.93,0.94,0.91
1161,0.9,0.82,0.95,0.95,0.93,0.93,0.94,0.91
1162,0.92,0.84,0.95,0.95,0.93,0.93,0.94,0.91
1163,0.9,0.84,0.95,0.95,0.93,0.93,0.94,0.91
1164,0.91,0.82,0.95,0.95,0.94,0.93,0.94,0.9
1165,0.9,0.83,0.95,0.95,0.93,0.93,0.93,0.9
1166,0.91,0.82,0.95,0.95,0.93,0.93,0.94,0.9
1167,0.91,0.84,0.94,0.95,0.94,0.93,0.94,0.9
1168,0.91,0.82,0.95,0.95,0.94,0.93,0.94,0.91
1169,0.91,0.82,0.95,0.95,0.93,0.93,0.93,0.9
1170,0.92,0.82,0.94,0.95,0.94,0.93,0.93,0.9
1171,0.91,0.83,0.94,0.95,0.94,0.93,0.94,0.91
1172,0.91,0.83,0.95,0.95,0.94,0.93,0.93,0.9
1173,0.93,0.83,0.95,0.95,0.94,0.93,0.93,0.9
1174,0.92,0.83,0.95,0.96,0.93,0.93,0.93,0.9
1175,0.91,0.84,0.95,0.96,0.94,0.93,0.93,0.9
1176,0.92,0.84,0.95,0.96,0.93,0.93,0.93,0.9
1177,0.92,0.86,0.95,0.96,0.93,0.93,0.93,0.9
1178,0.91,0.85,0.95,0.96,0.93,0.93,0.93,0.9
1179,0.92,0.85,0.95,0.96,0.93,0.93,0.93,0.9
1180,0.91,0.85,0.95,0.96,0.94,0.93,0.93,0.91
1181,0.91,0.86,0.95,0.96,0.94,0.93,0.94,0.9
1182,0.92,0.87,0.96,0.96,0.94,0.93,0.94,0.91
1183,0.92,0.86,0.96,0.96,0.94,0.93,0.94,0.9
1184,0.92,0.86,0.96,0.96,0.94,0.93,0.94,0.9
1185,0.93,0.87,0.96,0.96,0.94,0.93,0.94,0.9
1186,0.94,0.87,0.96,0.96,0.94,0.93,0.94,0.9
1187,0.92,0.84,0.96,0.96,0.94,0.94,0.94,0.91
1188,0.92,0.85,0.96,0.96,0.94,0.93,0.94,0.9
1189,0.92,0.85,0.96,0.96,0.94,0.94,0.94,0.91
1190,0.91,0.85,0.96,0.96,0.94,0.94,0.94,0.91
1191,0.91,0.84,0.96,0.96,0.94,0.94,0.94,0.91
1192,0.91,0.84,0.96,0.96,0.94,0.94,0.94,0.91
1193,0.91,0.84,0.96,0.96,0.94,0.94,0.94,0.91
1194,0.91,0.84,0.96,0.96,0.94,0.94,0.94,0.91
1195,0.9,0.84,0.96,0.96,0.94,0.94,0.94,0.92
1196,0.91,0.84,0.96,0.97,0.94,0.94,0.94,0.92
1197,0.9,0.84,0.96,0.96,0.94,0.94,0.94,0.91
1198,0.9,0.84,0.96,0.97,0.95,0.94,0.94,0.91
1199,0.92,0.84,0.96,0.97,0.95,0.95,0.94,0.92
1200,0.92,0.85,0.96,0.96,0.95,0.95,0.94,0.92
1201,0.91,0.84,0.96,0.97,0.95,0.95,0.94,0.91
1202,0.91,0.84,0.96,0.97,0.95,0.95,0.94,0.91
1203,0.92,0.85,0.96,0.97,0.95,0.95,0.94,0.91
1204,0.94,0.84,0.96,0.97,0.96,0.95,0.94,0.92
1205,0.92,0.86,0.96,0.97,0.95,0.95,0.94,0.92
1206,0.92,0.85,0.96,0.97,0.96,0.95,0.94,0.92
1207,0.91,0.85,0.96,0.97,0.96,0.95,0.94,0.92
1208,0.95,0.86,0.97,0.97,0.96,0.96,0.94,0.92
1209,0.93,0.88,0.97,0.97,0.97,0.96,0.94,0.92
1210,0.93,0.88,0.97,0.97,0.97,0.97,0.94,0.92
1211,0.94,0.88,0.97,0.97,0.97,0.97,0.94,0.92
1212,0.94,0.89,0.97,0.97,0.97,0.97,0.94,0.93
1213,0.94,0.89,0.97,0.97,0.98,0.97,0.95,0.93
1214,0.94,0.89,0.98,0.97,0.97,0.97,0.95,0.93
1215,0.95,0.89,0.98,0.97,0.98,0.98,0.95,0.93
1216,0.94,0.89,0.98,0.97,0.98,0.98,0.95,0.93
1217,0.96,0.89,0.97,0.97,0.98,0.98,0.95,0.93
1218,0.95,0.87,0.98,0.97,0.99,0.98,0.96,0.93
1219,0.94,0.89,0.98,0.97,0.99,0.98,0.96,0.94
1220,0.94,0.87,0.97,0.97,0.99,0.98,0.96,0.94
1221,0.95,0.89,0.97,0.97,0.99,0.98,0.97,0.94
1222,0.93,0.87,0.97,0.97,0.99,0.98,0.97,0.94
1223,0.93,0.87,0.97,0.97,0.99,0.98,0.97,0.94
1224,0.93,0.86,0.97,0.98,0.99,0.99,0.97,0.94
1225,0.92,0.86,0.97,0.97,1.0,0.99,0.98,0.94
1226,0.94,0.86,0.96,0.97,1.0,0.98,0.98,0.95
1227,0.93,0.86,0.96,0.97,1.0,0.98,0.98,0.95
1228,0.95,0.86,0.96,0.97,1.0,0.98,0.99,0.95
1229,0.92,0.85,0.96,0.98,1.0,0.99,0.99,0.95
1230,0.92,0.85,0.95,0.97,1.0,0.98,0.99,0.96
1231,0.94,0.84,0.95,0.97,1.0,0.98,0.99,0.96
1232,0.93,0.84,0.95,0.97,1.0,0.98,0.99,0.96
1233,0.93,0.86,0.95,0.97,0.99,0.98,0.99,0.96
1234,0.92,0.84,0.95,0.98,1.0,0.99,0.99,0.96
1235,0.93,0.84,0.95,0.98,1.0,0.98,0.98,0.96
1236,0.93,0.86,0.95,0.98,1.0,0.98,0.99,0.96
1237,0.92,0.85,0.95,0.98,1.0,0.98,0.98,0.96
1238,0.92,0.85,0.95,0.98,1.0,0.98,0.98,0.95
1239,0.92,0.86,0.95,0.97,1.0,0.98,0.98,0.95
1240,0.92,0.87,0.95,0.98,0.99,0.98,0.98,0.96
1241,0.93,0.86,0.95,0.97,1.0,0.98,0.98,0.95
1242,0.92,0.86,0.95,0.97,0.99,0.98,0.98,0.95
1243,0.93,0.86,0.95,0.97,0.99,0.98,0.98,0.95
1244,0.93,0.86,0.95,0.97,0.99,0.98,0.97,0.95
1245,0.93,0.88,0.95,0.97,0.99,0.98,0.98,0.95
1246,0.92,0.86,0.95,0.98,0.99,0.98,0.97,0.95
1247,0.96,0.88,0.95,0.98,0.99,0.98,0.97,0.95
1248,0.92,0.86,0.95,0.97,0.99,0.98,0.97,0.95
1249,0.93,0.86,0.95,0.98,0.99,0.97,0.96,0.94
1250,0.94,0.88,0.95,0.98,0.99,0.97,0.96,0.94
1251,0.96,0.88,0.95,0.98,0.99,0.97,0.96,0.94
1252,0.94,0.88,0.95,0.98,0.99,0.97,0.96,0.94
1253,0.94,0.86,0.95,0.98,0.98,0.97,0.96,0.94
1254,0.93,0.86,0.95,0.98,0.98,0.97,0.96,0.94
1255,0.95,0.88,0.95,0.98,0.98,0.97,0.96,0.94
1256,0.92,0.86,0.95,0.98,0.98,0.97,0.95,0.94
1257,0.93,0.88,0.95,0.98,0.98,0.97,0.95,0.94
1258,0.92,0.86,0.95,0.98,0.98,0.97,0.95,0.94
1259,0.93,0.86,0.95,0.98,0.98,0.97,0.95,0.93
1260,0.92,0.86,0.95,0.98,0.98,0.96,0.95,0.93
1261,0.91,0.87,0.96,0.98,0.98,0.97,0.95,0.93
1262,0.91,0.86,0.95,0.98,0.97,0.96,0.95,0.93
1263,0.94,0.87,0.95,0.98,0.97,0.96,0.95,0.93
1264,0.92,0.86,0.95,0.98,0.98,0.96,0.95,0.93
1265,0.92,0.87,0.96,0.98,0.97,0.96,0.95,0.93
1266,0.94,0.88,0.95,0.98,0.97,0.97,0.94,0.92
1267,0.93,0.88,0.96,0.98,0.97,0.96,0.94,0.92
1268,0.93,0.88,0.96,0.98,0.97,0.97,0.94,0.93
1269,0.92,0.89,0.96,0.98,0.97,0.96,0.94,0.92
1270,0.94,0.89,0.96,0.98,0.97,0.96,0.94,0.92
1271,0.94,0.9,0.96,0.98,0.97,0.97,0.94,0.92
1272,0.95,0.91,0.97,0.98,0.97,0.97,0.94,0.92
1273,0.94,0.91,0.96,0.98,0.97,0.97,0.94,0.92
1274,0.97,0.91,0.97,0.98,0.97,0.97,0.94,0.92
1275,0.94,0.92,0.97,0.98,0.97,0.97,0.94,0.92
1276,0.96,0.93,0.97,0.98,0.97,0.97,0.94,0.92
1277,0.98,0.93,0.97,0.98,0.97,0.97,0.95,0.92
1278,0.95,0.94,0.97,0.98,0.98,0.97,0.95,0.92
1279,0.97,0.95,0.98,0.99,0.98,0.98,0.95,0.92
1280,0.98,0.95,0.98,0.99,0.98,0.98,0.95,0.92
1281,0.98,0.97,0.99,0.99,0.98,0.98,0.95,0.92
1282,0.98,0.96,0.98,0.98,0.98,0.98,0.95,0.92
1283,0.98,0.97,0.98,0.98,0.98,0.98,0.95,0.92
1284,0.98,0.99,0.99,0.99,0.98,0.98,0.96,0.92
1285,0.99,0.98,0.99,0.99,0.99,0.98,0.96,0.93
1286,0.98,0.97,0.99,0.99,0.99,0.98,0.96,0.93
1287,0.99,0.98,1.0,0.99,0.99,0.98,0.97,0.93
1288,0.99,1.0,1.0,0.99,0.99,0.98,0.97,0.93
1289,1.0,0.99,1.0,0.99,0.99,0.98,0.97,0.93
1290,0.98,1.0,1.0,0.99,0.99,0.98,0.97,0.94
1291,0.98,1.0,1.0,0.99,0.99,0.99,0.97,0.94
1292,0.99,0.99,1.0,1.0,0.99,0.99,0.98,0.95
1293,0.99,0.99,0.99,1.0,0.99,0.99,0.98,0.95
1294,1.0,0.97,1.0,1.0,0.99,0.99,0.98,0.95
1295,0.98,0.96,0.99,1.0,0.99,0.99,0.99,0.96
1296,0.99,0.96,0.99,1.0,0.99,0.99,0.99,0.96
1297,0.98,0.96,0.99,1.0,0.99,1.0,0.99,0.96
1298,0.98,0.95,0.98,1.0,0.99,0.99,0.99,0.96
1299,0.97,0.95,0.98,1.0,0.99,1.0,0.99,0.96
1300,0.97,0.94,0.98,1.0,0.99,1.0,0.99,0.97
1301,0.96,0.94,0.97,1.0,0.99,1.0,1.0,0.98
1302,0.96,0.92,0.97,1.0,0.99,1.0,1.0,0.97
1303,0.99,0.94,0.97,1.0,0.99,1.0,0.99,0.98
1304,0.97,0.93,0.97,1.0,0.99,0.99,1.0,0.98
1305,0.96,0.92,0.96,1.0,0.98,1.0,1.0,0.98
1306,0.95,0.93,0.96,1.0,0.98,1.0,1.0,0.98
1307,0.96,0.91,0.96,1.0,0.99,1.0,1.0,0.98
1308,0.95,0.91,0.96,1.0,0.98,1.0,1.0,0.99
1309,0.94,0.91,0.95,1.0,0.99,1.0,1.0,0.99
1310,0.95,0.89,0.96,1.0,0.98,1.0,1.0,0.99
1311,0.93,0.89,0.95,1.0,0.98,1.0,1.0,0.99
1312,0.93,0.89,0.95,1.0,0.99,1.0,1.0,0.99
1313,0.93,0.88,0.94,1.0,0.98,1.0,0.99,0.99
1314,0.94,0.86,0.94,0.99,0.98,1.0,0.99,1.0
1315,0.92,0.86,0.93,0.99,0.98,1.0,1.0,1.0
1316,0.91,0.84,0.93,0.99,0.98,1.0,1.0,1.0
1317,0.9,0.84,0.93,0.99,0.98,1.0,0.99,1.0
1318,0.9,0.82,0.92,0.99,0.98,0.99,0.99,1.0
1319,0.89,0.84,0.91,0.99,0.98,0.99,0.99,1.0
1320,0.89,0.82,0.91,0.99,0.98,0.99,0.99,1.0
1321,0.88,0.79,0.9,0.99,0.97,0.99,0.99,1.0
1322,0.89,0.81,0.9,0.99,0.97,0.99,0.98,0.99
1323,0.88,0.79,0.9,0.98,0.97,0.99,0.98,1.0
1324,0.87,0.78,0.89,0.98,0.97,0.98,0.98,0.99
1325,0.85,0.78,0.89,0.98,0.97,0.98,0.98,0.99
1326,0.86,0.76,0.88,0.98,0.96,0.98,0.97,0.99
1327,0.86,0.76,0.88,0.98,0.96,0.98,0.97,0.99
1328,0.84,0.75,0.87,0.98,0.96,0.98,0.97,0.99
1329,0.84,0.75,0.86,0.98,0.96,0.97,0.97,0.99
1330,0.85,0.75,0.86,0.98,0.96,0.97,0.96,0.99
1331,0.83,0.72,0.85,0.97,0.95,0.97,0.96,0.99
1332,0.82,0.73,0.85,0.97,0.95,0.97,0.96,0.99
1333,0.81,0.7,0.84,0.97,0.95,0.97,0.95,0.98
1334,0.8,0.7,0.83,0.97,0.94,0.96,0.95,0.98
1335,0.81,0.7,0.83,0.97,0.94,0.96,0.95,0.98
1336,0.79,0.69,0.82,0.96,0.94,0.96,0.94,0.98
1337,0.79,0.7,0.82,0.96,0.94,0.96,0.94,0.98
1338,0.79,0.68,0.82,0.96,0.93,0.95,0.93,0.97
1339,0.78,0.67,0.81,0.96,0.94,0.95,0.93,0.97
1340,0.76,0.65,0.8,0.95,0.93,0.95,0.93,0.96
1341,0.78,0.67,0.8,0.95,0.92,0.95,0.92,0.96
1342,0.76,0.64,0.79,0.95,0.92,0.94,0.92,0.96
1343,0.75,0.64,0.79,0.95,0.91,0.94,0.91,0.95
1344,0.76,0.62,0.78,0.94,0.91,0.94,0.91,0.95
1345,0.73,0.61,0.76,0.94,0.9,0.92,0.89,0.94
1346,0.72,0.59,0.75,0.93,0.89,0.92,0.88,0.93
1347,0.71,0.58,0.75,0.93,0.89,0.91,0.87,0.92
1348,0.69,0.58,0.74,0.93,0.88,0.91,0.87,0.92
1349,0.72,0.58,0.73,0.93,0.88,0.91,0.86,0.91
1350,0.69,0.58,0.73,0.92,0.87,0.9,0.86,0.92
1351,0.68,0.56,0.72,0.92,0.87,0.9,0.85,0.91
1352,0.66,0.55,0.72,0.92,0.86,0.89,0.84,0.9
1353,0.69,0.56,0.71,0.91,0.86,0.89,0.83,0.89
1354,0.66,0.54,0.7,0.91,0.85,0.88,0.83,0.89
1355,0.66,0.53,0.69,0.91,0.85,0.88,0.82,0.88
1356,0.68,0.53,0.69,0.91,0.84,0.87,0.82,0.88
1357,0.65,0.52,0.68,0.9,0.83,0.87,0.81,0.87
1358,0.63,0.52,0.68,0.9,0.83,0.87,0.8,0.86
1359,0.63,0.5,0.67,0.9,0.83,0.86,0.8,0.86
1360,0.62,0.49,0.67,0.89,0.82,0.86,0.79,0.85
1361,0.63,0.49,0.66,0.89,0.81,0.85,0.79,0.85
1362,0.63,0.49,0.66,0.88,0.81,0.84,0.78,0.84
1363,0.61,0.48,0.65,0.88,0.8,0.84,0.77,0.83
1364,0.6,0.48,0.65,0.88,0.79,0.84,0.77,0.83
1365,0.61,0.46,0.63,0.88,0.79,0.83,0.76,0.83
1366,0.61,0.47,0.63,0.87,0.78,0.82,0.75,0.82
1367,0.59,0.46,0.62,0.87,0.77,0.82,0.75,0.81
1368,0.58,0.44,0.62,0.86,0.77,0.81,0.73,0.8
1369,0.58,0.44,0.61,0.86,0.76,0.81,0.73,0.8
1370,0.56,0.44,0.61,0.85,0.75,0.8,0.72,0.79
1371,0.57,0.44,0.6,0.85,0.75,0.8,0.72,0.79
1372,0.56,0.44,0.6,0.85,0.74,0.79,0.71,0.78
1373,0.54,0.43,0.59,0.84,0.73,0.78,0.7,0.77
1374,0.57,0.41,0.58,0.84,0.73,0.78,0.7,0.77
1375,0.55,0.41,0.57,0.84,0.73,0.78,0.69,0.76
1376,0.54,0.41,0.56,0.83,0.72,0.77,0.69,0.75
1377,0.54,0.41,0.56,0.83,0.71,0.76,0.69,0.75
1378,0.54,0.41,0.55,0.83,0.71,0.76,0.67,0.74
1379,0.55,0.41,0.55,0.82,0.7,0.75,0.67,0.74
1380,0.52,0.39,0.55,0.82,0.7,0.75,0.66,0.73
1381,0.53,0.39,0.54,0.82,0.69,0.75,0.66,0.73
1382,0.52,0.38,0.54,0.81,0.69,0.74,0.66,0.72
1383,0.5,0.38,0.53,0.81,0.68,0.74,0.65,0.72
1384,0.51,0.36,0.52,0.8,0.68,0.73,0.64,0.71
1385,0.52,0.36,0.51,0.8,0.67,0.72,0.64,0.7
1386,0.48,0.36,0.51,0.79,0.66,0.72,0.63,0.7
1387,0.49,0.36,0.5,0.79,0.66,0.71,0.63,0.69
1388,0.51,0.36,0.5,0.79,0.66,0.71,0.62,0.69
1389,0.48,0.34,0.49,0.78,0.65,0.7,0.62,0.68
1390,0.47,0.34,0.49,0.78,0.65,0.7,0.61,0.68
1391,0.47,0.34,0.48,0.78,0.64,0.7,0.61,0.68
1392,0.46,0.34,0.48,0.78,0.64,0.69,0.6,0.67
1393,0.46,0.34,0.47,0.77,0.63,0.69,0.6,0.67
1394,0.46,0.34,0.46,0.77,0.62,0.68,0.59,0.65
1395,0.45,0.34,0.46,0.76,0.62,0.67,0.59,0.65
1396,0.45,0.33,0.45,0.76,0.61,0.67,0.58,0.65
1397,0.45,0.34,0.44,0.75,0.61,0.66,0.58,0.64
1398,0.45,0.32,0.44,0.75,0.61,0.66,0.57,0.64
1399,0.43,0.32,0.44,0.75,0.6,0.65,0.56,0.63
1400,0.43,0.32,0.43,0.74,0.59,0.65,0.56,0.63
1401,0.43,0.32,0.43,0.74,0.59,0.65,0.55,0.62
1402,0.42,0.32,0.42,0.73,0.58,0.64,0.55,0.61
1403,0.42,0.3,0.42,0.73,0.58,0.64,0.54,0.61
1404,0.41,0.29,0.42,0.72,0.57,0.63,0.54,0.6
1405,0.43,0.3,0.41,0.72,0.57,0.63,0.54,0.6
1406,0.41,0.29,0.4,0.72,0.56,0.62,0.53,0.59
1407,0.39,0.3,0.4,0.71,0.56,0.61,0.52,0.59
1408,0.4,0.28,0.39,0.71,0.55,0.61,0.52,0.58
1409,0.41,0.29,0.39,0.71,0.55,0.61,0.52,0.58
1410,0.39,0.27,0.38,0.7,0.54,0.6,0.51,0.57
1411,0.41,0.28,0.38,0.7,0.54,0.59,0.5,0.57
1412,0.4,0.27,0.37,0.69,0.53,0.59,0.5,0.56
1413,0.41,0.25,0.36,0.69,0.53,0.58,0.49,0.55
1414,0.38,0.25,0.37,0.69,0.52,0.58,0.49,0.55
1415,0.38,0.25,0.36,0.68,0.52,0.58,0.49,0.55
1416,0.36,0.25,0.36,0.68,0.51,0.57,0.48,0.55
1417,0.37,0.25,0.35,0.68,0.51,0.57,0.48,0.54
1418,0.37,0.24,0.35,0.67,0.5,0.56,0.47,0.53
1419,0.36,0.25,0.34,0.67,0.5,0.56,0.47,0.53
1420,0.35,0.25,0.34,0.67,0.5,0.56,0.46,0.53
1421,0.35,0.24,0.33,0.66,0.49,0.55,0.46,0.52
1422,0.35,0.24,0.33,0.66,0.49,0.55,0.46,0.52
1423,0.34,0.23,0.32,0.66,0.48,0.54,0.45,0.51
1424,0.35,0.22,0.32,0.65,0.48,0.54,0.45,0.51
1425,0.34,0.22,0.32,0.65,0.48,0.53,0.45,0.51
1426,0.34,0.23,0.31,0.65,0.47,0.53,0.44,0.5
1427,0.34,0.22,0.31,0.64,0.47,0.53,0.44,0.5
1428,0.34,0.22,0.3,0.64,0.46,0.52,0.44,0.5
1429,0.32,0.23,0.31,0.63,0.46,0.52,0.44,0.49
1430,0.33,0.2,0.3,0.63,0.45,0.51,0.43,0.49
1431,0.32,0.2,0.29,0.63,0.45,0.51,0.42,0.48
1432,0.31,0.2,0.29,0.62,0.45,0.5,0.42,0.48
1433,0.32,0.22,0.29,0.62,0.44,0.5,0.41,0.47
1434,0.34,0.2,0.28,0.62,0.44,0.49,0.41,0.47
1435,0.33,0.2,0.27,0.61,0.44,0.49,0.41,0.47
1436,0.31,0.19,0.28,0.61,0.43,0.49,0.4,0.46
1437,0.31,0.2,0.27,0.61,0.43,0.48,0.4,0.46
1438,0.3,0.2,0.26,0.6,0.42,0.48,0.4,0.46
1439,0.29,0.2,0.26,0.6,0.42,0.48,0.39,0.45
1440,0.29,0.18,0.26,0.59,0.41,0.47,0.39,0.45
1441,0.29,0.2,0.26,0.59,0.41,0.47,0.39,0.45
1442,0.29,0.18,0.25,0.59,0.41,0.47,0.38,0.44
1443,0.29,0.19,0.25,0.58,0.4,0.46,0.38,0.44
1444,0.28,0.18,0.25,0.58,0.4,0.46,0.37,0.44
1445,0.31,0.18,0.24,0.58,0.4,0.46,0.37,0.43
1446,0.28,0.18,0.24,0.58,0.39,0.45,0.37,0.43
1447,0.28,0.17,0.24,0.57,0.39,0.45,0.36,0.42
1448,0.27,0.17,0.24,0.57,0.39,0.44,0.36,0.42
1449,0.28,0.17,0.24,0.57,0.38,0.44,0.36,0.42
1450,0.3,0.16,0.23,0.57,0.38,0.44,0.36,0.41
1451,0.27,0.16,0.22,0.56,0.38,0.43,0.35,0.41
1452,0.28,0.16,0.22,0.56,0.37,0.43,0.35,0.41
1453,0.26,0.16,0.22,0.56,0.37,0.43,0.35,0.41
1454,0.28,0.16,0.22,0.55,0.36,0.42,0.34,0.4
1455,0.28,0.15,0.22,0.55,0.36,0.42,0.34,0.4
1456,0.27,0.15,0.21,0.55,0.36,0.41,0.33,0.39
1457,0.25,0.15,0.2,0.54,0.35,0.4,0.33,0.38
1458,0.25,0.15,0.2,0.53,0.34,0.4,0.32,0.37
1459,0.25,0.15,0.2,0.53,0.34,0.4,0.32,0.37
1460,0.25,0.15,0.2,0.53,0.34,0.39,0.32,0.37
1461,0.24,0.15,0.19,0.53,0.33,0.39,0.31,0.37
1462,0.24,0.13,0.19,0.52,0.33,0.39,0.31,0.37
1463,0.24,0.15,0.19,0.52,0.33,0.38,0.31,0.36
1464,0.24,0.15,0.19,0.52,0.33,0.38,0.3,0.36
1465,0.24,0.13,0.19,0.51,0.32,0.38,0.3,0.36
1466,0.24,0.13,0.19,0.51,0.32,0.37,0.3,0.35
1467,0.22,0.13,0.18,0.5,0.32,0.37,0.3,0.35
1468,0.24,0.13,0.18,0.5,0.31,0.37,0.29,0.35
1469,0.22,0.13,0.18,0.5,0.31,0.36,0.29,0.34
1470,0.24,0.13,0.17,0.5,0.31,0.36,0.29,0.34
1471,0.23,0.13,0.17,0.5,0.3,0.36,0.28,0.34
1472,0.23,0.13,0.17,0.49,0.3,0.35,0.28,0.33
1473,0.21,0.12,0.17,0.49,0.3,0.35,0.28,0.33
1474,0.22,0.12,0.17,0.49,0.3,0.35,0.28,0.33
1475,0.24,0.13,0.17,0.49,0.29,0.35,0.28,0.33
1476,0.21,0.12,0.16,0.48,0.29,0.34,0.27,0.32
1477,0.21,0.13,0.16,0.48,0.29,0.34,0.27,0.32
1478,0.2,0.11,0.16,0.48,0.29,0.34,0.26,0.32
1479,0.21,0.11,0.16,0.48,0.29,0.34,0.27,0.32
1480,0.21,0.13,0.15,0.47,0.28,0.33,0.26,0.31
1481,0.22,0.12,0.15,0.47,0.28,0.33,0.26,0.31
1482,0.2,0.12,0.15,0.47,0.27,0.33,0.26,0.31
1483,0.19,0.11,0.15,0.47,0.28,0.33,0.26,0.3
1484,0.22,0.11,0.15,0.46,0.27,0.32,0.25,0.3
1485,0.21,0.12,0.15,0.46,0.27,0.32,0.25,0.3
1486,0.21,0.11,0.14,0.46,0.27,0.32,0.25,0.29
1487,0.22,0.11,0.14,0.45,0.26,0.31,0.24,0.29
1488,0.19,0.11,0.14,0.45,0.26,0.31,0.24,0.29
1489,0.18,0.1,0.14,0.45,0.26,0.31,0.24,0.29
1490,0.18,0.1,0.14,0.45,0.26,0.31,0.24,0.28
1491,0.18,0.1,0.14,0.45,0.25,0.31,0.24,0.28
1492,0.19,0.1,0.14,0.44,0.25,0.3,0.23,0.28
1493,0.22,0.1,0.13,0.44,0.25,0.3,0.23,0.28
1494,0.18,0.11,0.14,0.44,0.25,0.3,0.23,0.27
1495,0.18,0.1,0.14,0.44,0.25,0.3,0.23,0.27
1496,0.18,0.1,0.13,0.43,0.24,0.29,0.23,0.27
1497,0.19,0.11,0.13,0.43,0.24,0.29,0.23,0.27
1498,0.18,0.1,0.13,0.43,0.24,0.29,0.22,0.27
1499,0.18,0.11,0.13,0.43,0.24,0.29,0.22,0.26
