0,0.04,0.02,0.01,0.01,0.0,0.0,0.0,0.0
1,0.02,0.02,0.0,0.01,0.0,0.01,0.0,0.0
2,0.0,0.02,0.01,0.01,0.0,0.01,0.0,0.0
3,0.0,0.02,0.01,0.01,0.0,0.0,0.0,0.0
4,0.0,0.02,0.01,0.01,0.0,0.0,0.0,0.0
5,0.04,0.0,0.01,0.01,0.0,0.0,0.0,0.0
6,0.04,0.0,0.01,0.01,0.0,0.0,0.0,0.0
7,0.01,0.02,0.01,0.01,0.0,0.0,0.0,0.0
8,0.0,0.02,0.01,0.01,0.0,0.0,0.0,0.0
9,0.01,0.02,0.01,0.01,0.0,0.0,0.0,0.0
10,0.02,0.02,0.01,0.01,0.0,0.0,0.0,0.0
11,0.04,0.0,0.0,0.01,0.0,0.0,0.0,0.0
12,0.0,0.02,0.0,0.01,0.0,0.0,0.0,0.0
13,0.0,0.02,0.01,0.01,0.0,0.0,0.0,0.0
14,0.01,0.02,0.01,0.01,0.0,0.0,0.0,0.0
15,0.0,0.04,0.0,0.0,0.0,0.0,0.0,0.0
16,0.0,0.02,0.0,0.0,0.0,0.0,0.0,0.0
17,0.02,0.02,0.01,0.01,0.0,0.0,0.0,0.0
18,0.0,0.02,0.01,0.01,0.0,0.0,0.0,0.0
19,0.02,0.02,0.01,0.01,0.0,0.0,0.0,0.0
20,0.0,0.02,0.01,0.0,0.0,0.0,0.0,0.0
21,0.0,0.04,0.01,0.01,0.0,0.0,0.0,0.0
22,0.02,0.02,0.01,0.01,0.0,0.0,0.0,0.0
23,0.01,0.02,0.01,0.01,0.0,0.0,0.01,0.0
24,0.04,0.02,0.01,0.0,0.0,0.0,0.0,0.0
25,0.02,0.02,0.0,0.0,0.0,0.0,0.01,0.0
26,0.01,0.02,0.01,0.0,0.0,0.0,0.01,0.0
27,0.02,0.02,0.0,0.0,0.0,0.0,0.01,0.0
28,0.0,0.0,0.01,0.0,0.0,0.0,0.01,0.0
29,0.01,0.02,0.01,0.01,0.0,0.0,0.01,0.01
30,0.0,0.02,0.01,0.0,0.0,0.0,0.01,0.01
31,0.01,0.0,0.0,0.0,0.0,0.0,0.01,0.0
32,0.02,0.02,0.01,0.0,0.0,0.0,0.01,0.01
33,0.01,0.02,0.01,0.0,0.0,0.0,0.01,0.01
34,0.01,0.02,0.01,0.01,0.0,0.0,0.01,0.01
35,0.02,0.02,0.01,0.0,0.0,0.0,0.01,0.01
36,0.02,0.02,0.01,0.0,0.01,0.01,0.01,0.01
37,0.04,0.02,0.01,0.01,0.0,0.0,0.01,0.01
38,0.01,0.02,0.01,0.0,0.0,0.0,0.01,0.01
39,0.01,0.02,0.01,0.01,0.0,0.01,0.01,0.01
40,0.01,0.02,0.01,0.01,0.0,0.0,0.01,0.01
41,0.01,0.02,0.01,0.01,0.01,0.0,0.01,0.01
42,0.01,0.02,0.01,0.01,0.01,0.0,0.01,0.01
43,0.02,0.02,0.01,0.01,0.01,0.01,0.01,0.01
44,0.01,0.02,0.01,0.01,0.01,0.01,0.01,0.01
45,0.02,0.02,0.01,0.01,0.01,0.01,0.01,0.01
46,0.01,0.02,0.01,0.01,0.01,0.01,0.02,0.01
47,0.01,0.02,0.01,0.01,0.01,0.01,0.02,0.02
48,0.02,0.02,0.01,0.01,0.01,0.01,0.02,0.02
49,0.02,0.02,0.01,0.01,0.01,0.01,0.02,0.02
50,0.02,0.02,0.01,0.01,0.01,0.01,0.02,0.02
51,0.01,0.02,0.01,0.01,0.01,0.01,0.02,0.02
52,0.01,0.02,0.01,0.01,0.01,0.01,0.02,0.02
53,0.01,0.02,0.01,0.01,0.01,0.01,0.02,0.02
54,0.02,0.02,0.01,0.01,0.01,0.01,0.02,0.02
55,0.02,0.02,0.01,0.01,0.01,0.01,0.02,0.02
56,0.02,0.02,0.01,0.01,0.01,0.01,0.02,0.02
57,0.02,0.02,0.01,0.01,0.01,0.01,0.02,0.02
58,0.02,0.02,0.01,0.02,0.01,0.01,0.02,0.02
59,0.02,0.02,0.01,0.01,0.01,0.01,0.02,0.02
60,0.02,0.04,0.01,0.02,0.01,0.01,0.02,0.02
61,0.05,0.02,0.01,0.01,0.02,0.01,0.02,0.02
62,0.01,0.02,0.01,0.02,0.01,0.01,0.02,0.02
63,0.05,0.02,0.01,0.01,0.02,0.01,0.02,0.02
64,0.01,0.02,0.01,0.02,0.02,0.01,0.02,0.02
65,0.01,0.04,0.01,0.02,0.02,0.01,0.02,0.02
66,0.02,0.02,0.01,0.02,0.02,0.01,0.02,0.02
67,0.02,0.02,0.01,0.02,0.02,0.01,0.02,0.02
68,0.04,0.04,0.01,0.02,0.02,0.01,0.02,0.02
69,0.02,0.04,0.01,0.03,0.02,0.01,0.02,0.02
70,0.02,0.04,0.01,0.03,0.02,0.01,0.02,0.02
71,0.02,0.02,0.01,0.02,0.02,0.01,0.02,0.02
72,0.02,0.02,0.01,0.02,0.02,0.02,0.02,0.02
73,0.02,0.02,0.01,0.03,0.02,0.02,0.02,0.02
74,0.02,0.02,0.01,0.03,0.02,0.02,0.02,0.02
75,0.04,0.04,0.01,0.02,0.02,0.02,0.02,0.02
76,0.01,0.02,0.01,0.02,0.02,0.01,0.02,0.02
77,0.04,0.02,0.02,0.03,0.02,0.01,0.02,0.02
78,0.02,0.02,0.01,0.03,0.02,0.02,0.02,0.02
79,0.05,0.02,0.01,0.03,0.02,0.02,0.02,0.02
80,0.02,0.02,0.01,0.03,0.02,0.02,0.02,0.02
81,0.02,0.02,0.01,0.03,0.02,0.02,0.02,0.02
82,0.02,0.02,0.01,0.03,0.02,0.02,0.02,0.02
83,0.04,0.02,0.01,0.03,0.02,0.02,0.02,0.02
84,0.02,0.02,0.01,0.03,0.02,0.02,0.02,0.02
85,0.02,0.02,0.01,0.03,0.02,0.02,0.02,0.02
86,0.02,0.02,0.01,0.03,0.02,0.01,0.02,0.02
87,0.02,0.02,0.01,0.03,0.02,0.02,0.02,0.02
88,0.05,0.02,0.02,0.03,0.02,0.02,0.02,0.02
89,0.05,0.02,0.01,0.03,0.02,0.02,0.02,0.02
90,0.02,0.02,0.01,0.03,0.02,0.02,0.02,0.02
91,0.04,0.04,0.02,0.04,0.02,0.02,0.02,0.02
92,0.02,0.04,0.02,0.04,0.02,0.02,0.02,0.02
93,0.02,0.02,0.01,0.04,0.02,0.02,0.02,0.02
94,0.02,0.02,0.01,0.03,0.02,0.02,0.02,0.02
95,0.04,0.04,0.01,0.03,0.02,0.02,0.02,0.02
96,0.02,0.02,0.01,0.03,0.02,0.02,0.02,0.02
97,0.05,0.02,0.01,0.04,0.02,0.01,0.02,0.02
98,0.05,0.02,0.01,0.04,0.02,0.01,0.02,0.02
99,0.06,0.02,0.02,0.04,0.02,0.02,0.02,0.02
100,0.05,0.02,0.01,0.04,0.02,0.02,0.02,0.02
101,0.02,0.02,0.01,0.04,0.02,0.02,0.02,0.02
102,0.02,0.02,0.02,0.04,0.02,0.02,0.02,0.02
103,0.02,0.02,0.01,0.04,0.02,0.02,0.02,0.02
104,0.02,0.02,0.02,0.04,0.02,0.01,0.02,0.02
105,0.02,0.02,0.02,0.04,0.02,0.01,0.02,0.02
106,0.04,0.04,0.02,0.04,0.02,0.02,0.02,0.02
107,0.02,0.02,0.01,0.04,0.02,0.02,0.02,0.02
108,0.04,0.02,0.01,0.04,0.02,0.02,0.02,0.02
109,0.04,0.04,0.01,0.04,0.02,0.02,0.02,0.02
110,0.02,0.02,0.01,0.04,0.02,0.02,0.02,0.02
111,0.04,0.02,0.01,0.04,0.03,0.01,0.02,0.02
112,0.04,0.02,0.01,0.04,0.02,0.02,0.02,0.02
113,0.02,0.02,0.01,0.04,0.02,0.02,0.02,0.02
114,0.04,0.02,0.01,0.04,0.03,0.01,0.02,0.02
115,0.04,0.02,0.02,0.04,0.02,0.02,0.02,0.02
116,0.04,0.02,0.02,0.04,0.03,0.01,0.02,0.02
117,0.06,0.02,0.01,0.04,0.02,0.01,0.02,0.02
118,0.04,0.02,0.02,0.05,0.02,0.02,0.02,0.02
119,0.02,0.02,0.02,0.04,0.02,0.01,0.02,0.02
120,0.05,0.02,0.02,0.04,0.02,0.02,0.02,0.02
121,0.04,0.02,0.01,0.05,0.02,0.02,0.02,0.02
122,0.02,0.02,0.02,0.04,0.02,0.01,0.02,0.02
123,0.04,0.02,0.02,0.04,0.02,0.01,0.02,0.02
124,0.04,0.02,0.01,0.04,0.02,0.01,0.02,0.02
125,0.04,0.02,0.01,0.05,0.02,0.01,0.02,0.01
126,0.02,0.02,0.02,0.05,0.02,0.01,0.02,0.02
127,0.02,0.02,0.02,0.04,0.02,0.01,0.02,0.02
128,0.02,0.02,0.01,0.04,0.02,0.01,0.02,0.02
129,0.02,0.04,0.01,0.05,0.02,0.01,0.02,0.01
130,0.06,0.02,0.01,0.05,0.02,0.01,0.02,0.01
131,0.04,0.02,0.01,0.04,0.02,0.01,0.02,0.02
132,0.04,0.02,0.01,0.05,0.02,0.01,0.02,0.01
133,0.02,0.02,0.01,0.05,0.02,0.01,0.02,0.01
134,0.02,0.02,0.01,0.05,0.02,0.01,0.02,0.01
135,0.04,0.02,0.02,0.05,0.02,0.01,0.02,0.01
136,0.04,0.02,0.01,0.05,0.02,0.01,0.02,0.01
137,0.04,0.02,0.02,0.05,0.02,0.01,0.02,0.01
138,0.04,0.02,0.01,0.05,0.02,0.01,0.02,0.02
139,0.02,0.02,0.02,0.05,0.02,0.01,0.02,0.01
140,0.04,0.02,0.01,0.05,0.02,0.01,0.02,0.02
141,0.02,0.02,0.02,0.05,0.02,0.01,0.02,0.02
142,0.04,0.02,0.02,0.06,0.02,0.01,0.02,0.02
143,0.06,0.02,0.01,0.05,0.02,0.01,0.02,0.01
144,0.04,0.02,0.02,0.05,0.02,0.01,0.02,0.01
145,0.04,0.02,0.01,0.05,0.02,0.01,0.02,0.02
146,0.04,0.02,0.01,0.05,0.02,0.01,0.02,0.01
147,0.02,0.02,0.02,0.05,0.02,0.01,0.02,0.01
148,0.04,0.02,0.01,0.05,0.02,0.01,0.02,0.02
149,0.06,0.02,0.01,0.05,0.02,0.01,0.02,0.01
150,0.04,0.02,0.01,0.06,0.02,0.01,0.02,0.01
151,0.02,0.02,0.02,0.06,0.02,0.01,0.02,0.01
152,0.02,0.0,0.01,0.05,0.02,0.01,0.02,0.01
153,0.02,0.02,0.01,0.06,0.02,0.01,0.02,0.01
154,0.04,0.02,0.02,0.06,0.02,0.01,0.02,0.02
155,0.04,0.02,0.01,0.06,0.02,0.01,0.02,0.01
156,0.04,0.0,0.01,0.06,0.02,0.01,0.02,0.02
157,0.04,0.02,0.02,0.06,0.02,0.01,0.02,0.01
158,0.04,0.02,0.01,0.06,0.02,0.01,0.02,0.01
159,0.05,0.0,0.02,0.06,0.02,0.01,0.02,0.01
160,0.04,0.02,0.02,0.06,0.02,0.01,0.02,0.01
161,0.04,0.02,0.01,0.06,0.02,0.01,0.01,0.01
162,0.04,0.02,0.02,0.07,0.02,0.01,0.02,0.01
163,0.04,0.02,0.02,0.06,0.02,0.01,0.02,0.01
164,0.04,0.02,0.02,0.06,0.02,0.01,0.02,0.01
165,0.04,0.02,0.02,0.06,0.02,0.01,0.01,0.01
166,0.05,0.02,0.01,0.07,0.02,0.01,0.01,0.01
167,0.04,0.02,0.02,0.06,0.02,0.01,0.01,0.01
168,0.04,0.02,0.03,0.07,0.02,0.01,0.01,0.01
169,0.05,0.02,0.01,0.06,0.02,0.01,0.02,0.01
170,0.04,0.04,0.01,0.07,0.02,0.01,0.01,0.01
171,0.04,0.02,0.02,0.06,0.02,0.01,0.01,0.01
172,0.02,0.02,0.02,0.07,0.02,0.01,0.01,0.01
173,0.04,0.02,0.02,0.07,0.02,0.01,0.01,0.01
174,0.05,0.02,0.02,0.06,0.02,0.01,0.01,0.01
175,0.04,0.02,0.01,0.07,0.02,0.01,0.01,0.01
176,0.04,0.02,0.02,0.07,0.02,0.01,0.02,0.01
177,0.04,0.02,0.02,0.07,0.02,0.01,0.01,0.01
178,0.04,0.02,0.02,0.07,0.02,0.01,0.01,0.01
179,0.04,0.02,0.01,0.07,0.02,0.01,0.02,0.01
180,0.04,0.02,0.01,0.07,0.02,0.01,0.01,0.01
181,0.04,0.02,0.02,0.07,0.02,0.01,0.01,0.01
182,0.04,0.02,0.02,0.07,0.02,0.01,0.01,0.01
183,0.05,0.02,0.01,0.07,0.02,0.01,0.01,0.01
184,0.04,0.02,0.02,0.07,0.02,0.01,0.01,0.01
185,0.06,0.02,0.02,0.07,0.02,0.01,0.01,0.01
186,0.04,0.02,0.02,0.07,0.02,0.01,0.01,0.01
187,0.04,0.02,0.02,0.07,0.02,0.01,0.01,0.01
188,0.04,0.02,0.02,0.07,0.02,0.01,0.02,0.01
189,0.04,0.02,0.02,0.07,0.02,0.01,0.01,0.01
190,0.04,0.04,0.02,0.07,0.02,0.01,0.01,0.01
191,0.04,0.0,0.02,0.07,0.02,0.01,0.01,0.01
192,0.05,0.04,0.03,0.07,0.02,0.01,0.01,0.01
193,0.05,0.02,0.02,0.07,0.02,0.01,0.01,0.01
194,0.04,0.02,0.02,0.07,0.02,0.01,0.01,0.01
195,0.05,0.04,0.02,0.08,0.02,0.01,0.01,0.01
196,0.04,0.02,0.02,0.07,0.02,0.01,0.01,0.01
197,0.04,0.02,0.02,0.07,0.02,0.01,0.02,0.01
198,0.04,0.02,0.03,0.08,0.02,0.01,0.01,0.01
199,0.04,0.02,0.02,0.07,0.02,0.01,0.01,0.01
200,0.04,0.04,0.02,0.08,0.02,0.01,0.01,0.01
201,0.04,0.02,0.02,0.07,0.02,0.01,0.01,0.01
202,0.04,0.02,0.01,0.07,0.02,0.01,0.01,0.01
203,0.04,0.02,0.02,0.08,0.02,0.01,0.01,0.01
204,0.04,0.04,0.01,0.08,0.02,0.01,0.01,0.01
205,0.04,0.02,0.02,0.08,0.02,0.01,0.01,0.01
206,0.05,0.02,0.02,0.08,0.02,0.01,0.02,0.01
207,0.05,0.02,0.02,0.08,0.02,0.01,0.01,0.01
208,0.04,0.02,0.02,0.08,0.02,0.01,0.01,0.01
209,0.04,0.02,0.02,0.08,0.02,0.01,0.01,0.01
210,0.04,0.02,0.03,0.08,0.02,0.01,0.01,0.01
211,0.06,0.02,0.02,0.08,0.02,0.01,0.01,0.01
212,0.04,0.02,0.02,0.08,0.02,0.01,0.02,0.01
213,0.04,0.02,0.02,0.08,0.02,0.01,0.02,0.01
214,0.04,0.02,0.01,0.08,0.02,0.01,0.01,0.01
215,0.04,0.04,0.02,0.08,0.02,0.01,0.02,0.01
216,0.04,0.02,0.02,0.08,0.01,0.01,0.01,0.01
217,0.04,0.02,0.02,0.08,0.02,0.01,0.01,0.01
218,0.05,0.02,0.02,0.08,0.01,0.01,0.01,0.01
219,0.04,0.02,0.02,0.08,0.01,0.01,0.02,0.01
220,0.04,0.02,0.02,0.08,0.02,0.01,0.01,0.01
221,0.04,0.02,0.03,0.08,0.02,0.01,0.01,0.01
222,0.04,0.02,0.02,0.08,0.02,0.01,0.01,0.01
223,0.05,0.02,0.02,0.08,0.01,0.01,0.01,0.01
224,0.04,0.02,0.02,0.08,0.02,0.01,0.01,0.01
225,0.06,0.02,0.02,0.08,0.02,0.01,0.01,0.01
226,0.05,0.0,0.01,0.08,0.02,0.01,0.01,0.01
227,0.04,0.02,0.02,0.08,0.01,0.01,0.02,0.01
228,0.04,0.02,0.02,0.08,0.02,0.01,0.01,0.01
229,0.04,0.02,0.02,0.09,0.02,0.01,0.02,0.01
230,0.04,0.02,0.03,0.09,0.02,0.01,0.02,0.01
231,0.04,0.0,0.01,0.08,0.02,0.01,0.01,0.01
232,0.04,0.02,0.02,0.09,0.02,0.01,0.01,0.01
233,0.06,0.0,0.01,0.08,0.02,0.01,0.01,0.01
234,0.04,0.02,0.02,0.08,0.02,0.01,0.02,0.01
235,0.04,0.02,0.02,0.09,0.02,0.01,0.02,0.01
236,0.05,0.0,0.02,0.09,0.01,0.01,0.02,0.01
237,0.06,0.02,0.02,0.09,0.02,0.01,0.02,0.01
238,0.04,0.02,0.02,0.09,0.02,0.01,0.02,0.01
239,0.04,0.02,0.02,0.09,0.02,0.01,0.02,0.01
240,0.04,0.02,0.02,0.09,0.02,0.01,0.02,0.01
241,0.04,0.02,0.02,0.09,0.02,0.01,0.02,0.01
242,0.05,0.02,0.02,0.09,0.02,0.01,0.01,0.01
243,0.04,0.02,0.02,0.09,0.01,0.01,0.02,0.01
244,0.07,0.02,0.02,0.08,0.02,0.01,0.02,0.01
245,0.04,0.02,0.02,0.09,0.01,0.01,0.02,0.01
246,0.05,0.02,0.02,0.09,0.02,0.01,0.02,0.01
247,0.05,0.02,0.02,0.1,0.02,0.01,0.02,0.01
248,0.05,0.0,0.01,0.09,0.02,0.01,0.02,0.01
249,0.04,0.02,0.03,0.09,0.02,0.01,0.02,0.01
250,0.04,0.02,0.03,0.1,0.02,0.01,0.02,0.01
251,0.07,0.02,0.02,0.09,0.02,0.01,0.02,0.01
252,0.06,0.02,0.02,0.09,0.02,0.01,0.02,0.01
253,0.04,0.02,0.01,0.09,0.02,0.01,0.01,0.01
254,0.04,0.0,0.02,0.09,0.02,0.01,0.01,0.01
255,0.04,0.0,0.02,0.1,0.02,0.01,0.02,0.01
256,0.06,0.0,0.02,0.09,0.01,0.01,0.02,0.01
257,0.05,0.02,0.01,0.09,0.02,0.01,0.02,0.01
258,0.05,0.0,0.02,0.1,0.02,0.01,0.02,0.01
259,0.04,0.0,0.02,0.09,0.02,0.01,0.01,0.01
260,0.04,0.02,0.02,0.09,0.01,0.01,0.02,0.01
261,0.04,0.0,0.01,0.09,0.02,0.01,0.02,0.01
262,0.04,0.02,0.02,0.09,0.02,0.01,0.02,0.01
263,0.04,0.0,0.01,0.1,0.01,0.01,0.01,0.01
264,0.04,0.0,0.01,0.1,0.02,0.01,0.02,0.01
265,0.07,0.02,0.02,0.09,0.02,0.01,0.02,0.01
266,0.05,0.0,0.02,0.1,0.01,0.01,0.01,0.01
267,0.04,0.0,0.02,0.1,0.02,0.01,0.02,0.01
268,0.06,0.0,0.02,0.09,0.02,0.01,0.02,0.01
269,0.04,0.02,0.02,0.1,0.02,0.01,0.02,0.01
270,0.04,0.0,0.02,0.1,0.01,0.01,0.01,0.01
271,0.05,0.0,0.02,0.09,0.01,0.01,0.02,0.01
272,0.04,0.0,0.02,0.1,0.02,0.01,0.01,0.01
273,0.04,0.0,0.01,0.1,0.02,0.01,0.01,0.01
274,0.06,0.0,0.02,0.1,0.02,0.01,0.02,0.01
275,0.05,0.0,0.02,0.1,0.01,0.01,0.02,0.01
276,0.05,0.02,0.02,0.1,0.01,0.01,0.02,0.01
277,0.04,0.02,0.02,0.1,0.02,0.01,0.02,0.01
278,0.04,0.02,0.02,0.1,0.01,0.01,0.02,0.01
279,0.04,0.0,0.02,0.1,0.02,0.01,0.01,0.01
280,0.04,0.0,0.02,0.1,0.02,0.01,0.02,0.01
281,0.05,0.02,0.02,0.1,0.02,0.01,0.02,0.01
282,0.04,0.0,0.02,0.1,0.02,0.01,0.02,0.01
283,0.05,0.0,0.02,0.1,0.02,0.01,0.02,0.01
284,0.06,0.0,0.03,0.1,0.02,0.01,0.02,0.01
285,0.04,0.0,0.02,0.1,0.02,0.01,0.01,0.01
286,0.07,0.02,0.02,0.1,0.02,0.01,0.02,0.01
287,0.04,0.0,0.02,0.1,0.01,0.01,0.02,0.01
288,0.04,0.0,0.02,0.1,0.01,0.01,0.02,0.01
289,0.04,0.0,0.02,0.1,0.02,0.01,0.02,0.01
290,0.04,0.02,0.02,0.1,0.02,0.01,0.02,0.01
291,0.04,0.0,0.02,0.1,0.02,0.01,0.02,0.01
292,0.05,0.02,0.02,0.1,0.02,0.01,0.02,0.01
293,0.05,0.02,0.02,0.1,0.01,0.01,0.02,0.01
294,0.05,0.0,0.02,0.1,0.02,0.01,0.02,0.01
295,0.05,0.0,0.01,0.1,0.02,0.01,0.02,0.01
296,0.05,0.0,0.02,0.1,0.02,0.01,0.02,0.01
297,0.04,0.02,0.02,0.1,0.02,0.01,0.02,0.02
298,0.05,0.02,0.02,0.1,0.02,0.01,0.02,0.02
299,0.04,0.02,0.02,0.1,0.02,0.01,0.02,0.02
300,0.05,0.0,0.02,0.1,0.02,0.01,0.03,0.02
301,0.07,0.02,0.02,0.1,0.02,0.01,0.03,0.02
302,0.05,0.02,0.02,0.1,0.02,0.01,0.03,0.02
303,0.06,0.02,0.02,0.1,0.02,0.01,0.03,0.02
304,0.06,0.0,0.03,0.1,0.02,0.01,0.03,0.02
305,0.06,0.02,0.02,0.1,0.02,0.01,0.04,0.02
306,0.06,0.02,0.03,0.1,0.02,0.01,0.03,0.03
307,0.06,0.02,0.03,0.1,0.02,0.01,0.04,0.03
308,0.06,0.0,0.03,0.1,0.02,0.02,0.04,0.03
309,0.07,0.02,0.04,0.1,0.02,0.02,0.04,0.03
310,0.07,0.02,0.03,0.1,0.03,0.02,0.04,0.03
311,0.11,0.02,0.04,0.1,0.03,0.02,0.05,0.03
312,0.08,0.02,0.03,0.1,0.03,0.02,0.05,0.03
313,0.08,0.02,0.04,0.1,0.03,0.02,0.05,0.03
314,0.1,0.02,0.04,0.1,0.03,0.02,0.05,0.04
315,0.1,0.02,0.04,0.11,0.03,0.02,0.06,0.04
316,0.11,0.04,0.05,0.11,0.03,0.02,0.06,0.04
317,0.12,0.04,0.05,0.11,0.03,0.02,0.07,0.04
318,0.1,0.04,0.06,0.1,0.03,0.02,0.07,0.05
319,0.11,0.04,0.06,0.11,0.04,0.02,0.08,0.05
320,0.11,0.04,0.06,0.11,0.04,0.02,0.08,0.05
321,0.13,0.04,0.07,0.11,0.04,0.02,0.08,0.05
322,0.12,0.06,0.07,0.11,0.04,0.03,0.09,0.06
323,0.13,0.04,0.07,0.11,0.04,0.03,0.09,0.06
324,0.13,0.04,0.09,0.11,0.05,0.03,0.1,0.06
325,0.13,0.08,0.09,0.12,0.05,0.03,0.11,0.07
326,0.14,0.08,0.09,0.12,0.05,0.04,0.11,0.08
327,0.14,0.06,0.09,0.12,0.06,0.04,0.12,0.08
328,0.17,0.08,0.1,0.12,0.06,0.04,0.12,0.09
329,0.15,0.08,0.11,0.12,0.06,0.04,0.13,0.09
330,0.17,0.1,0.12,0.12,0.06,0.05,0.14,0.1
331,0.15,0.1,0.12,0.12,0.07,0.05,0.15,0.1
332,0.17,0.1,0.13,0.13,0.07,0.05,0.15,0.11
333,0.18,0.1,0.14,0.12,0.07,0.05,0.15,0.11
334,0.17,0.1,0.14,0.13,0.08,0.06,0.17,0.12
335,0.18,0.12,0.15,0.13,0.08,0.06,0.17,0.13
336,0.19,0.12,0.16,0.14,0.09,0.07,0.19,0.14
337,0.2,0.12,0.17,0.14,0.09,0.07,0.19,0.14
338,0.2,0.14,0.18,0.14,0.09,0.07,0.2,0.15
339,0.2,0.16,0.19,0.15,0.1,0.08,0.21,0.16
340,0.21,0.16,0.2,0.15,0.1,0.08,0.21,0.16
341,0.21,0.16,0.2,0.15,0.11,0.09,0.22,0.17
342,0.23,0.16,0.21,0.16,0.11,0.09,0.23,0.18
343,0.25,0.18,0.22,0.16,0.12,0.1,0.24,0.19
344,0.24,0.18,0.24,0.16,0.12,0.1,0.25,0.19
345,0.24,0.18,0.24,0.17,0.12,0.1,0.25,0.2
346,0.25,0.18,0.25,0.17,0.13,0.11,0.26,0.21
347,0.25,0.18,0.25,0.17,0.13,0.11,0.26,0.21
348,0.26,0.22,0.28,0.18,0.14,0.12,0.28,0.22
349,0.27,0.22,0.28,0.18,0.15,0.12,0.28,0.23
350,0.27,0.22,0.28,0.18,0.15,0.13,0.29,0.23
351,0.29,0.22,0.29,0.18,0.16,0.13,0.29,0.24
352,0.32,0.24,0.3,0.19,0.16,0.14,0.3,0.25
353,0.31,0.27,0.3,0.2,0.17,0.14,0.3,0.25
354,0.33,0.29,0.33,0.21,0.18,0.15,0.31,0.26
355,0.36,0.27,0.33,0.21,0.18,0.16,0.31,0.27
356,0.36,0.29,0.35,0.21,0.18,0.16,0.32,0.27
357,0.37,0.31,0.36,0.21,0.19,0.17,0.33,0.28
358,0.39,0.33,0.37,0.22,0.2,0.17,0.34,0.29
359,0.4,0.31,0.38,0.22,0.2,0.18,0.34,0.29
360,0.39,0.33,0.39,0.23,0.21,0.18,0.35,0.3
361,0.39,0.33,0.39,0.23,0.21,0.19,0.35,0.3
362,0.4,0.33,0.41,0.23,0.22,0.19,0.36,0.31
363,0.43,0.37,0.42,0.24,0.23,0.2,0.37,0.31
364,0.42,0.37,0.43,0.24,0.23,0.2,0.37,0.32
365,0.42,0.39,0.43,0.24,0.24,0.21,0.38,0.32
366,0.43,0.39,0.45,0.26,0.25,0.21,0.39,0.33
367,0.44,0.39,0.46,0.25,0.25,0.22,0.39,0.33
368,0.44,0.41,0.46,0.26,0.25,0.23,0.4,0.34
369,0.45,0.41,0.48,0.26,0.26,0.23,0.4,0.35
370,0.45,0.43,0.49,0.27,0.27,0.24,0.41,0.36
371,0.45,0.43,0.5,0.27,0.27,0.25,0.42,0.36
372,0.45,0.45,0.51,0.28,0.28,0.25,0.42,0.37
373,0.45,0.45,0.51,0.29,0.28,0.26,0.43,0.37
374,0.46,0.47,0.52,0.29,0.29,0.26,0.43,0.38
375,0.45,0.47,0.52,0.29,0.29,0.26,0.43,0.38
376,0.46,0.49,0.54,0.29,0.3,0.27,0.44,0.39
377,0.46,0.49,0.54,0.3,0.3,0.27,0.45,0.39
378,0.46,0.51,0.55,0.31,0.31,0.28,0.45,0.4
379,0.46,0.51,0.57,0.32,0.32,0.29,0.46,0.41
380,0.48,0.53,0.57,0.32,0.33,0.3,0.46,0.42
381,0.5,0.53,0.58,0.32,0.33,0.3,0.47,0.42
382,0.5,0.55,0.59,0.33,0.34,0.31,0.47,0.43
383,0.51,0.55,0.59,0.33,0.34,0.32,0.48,0.43
384,0.49,0.57,0.6,0.34,0.35,0.32,0.48,0.44
385,0.49,0.59,0.6,0.35,0.36,0.33,0.48,0.44
386,0.5,0.59,0.61,0.35,0.37,0.34,0.49,0.45
387,0.5,0.59,0.62,0.35,0.37,0.33,0.49,0.45
388,0.52,0.59,0.63,0.36,0.38,0.34,0.49,0.46
389,0.52,0.61,0.63,0.37,0.37,0.35,0.49,0.46
390,0.56,0.63,0.64,0.38,0.39,0.36,0.49,0.47
391,0.54,0.61,0.64,0.38,0.39,0.35,0.49,0.47
392,0.56,0.63,0.65,0.39,0.4,0.36,0.5,0.47
393,0.56,0.63,0.65,0.39,0.4,0.37,0.5,0.47
394,0.57,0.65,0.66,0.4,0.4,0.37,0.51,0.48
395,0.57,0.65,0.67,0.4,0.41,0.38,0.51,0.48
396,0.58,0.67,0.67,0.4,0.42,0.38,0.51,0.48
397,0.6,0.67,0.68,0.42,0.42,0.39,0.51,0.49
398,0.61,0.65,0.68,0.43,0.43,0.39,0.52,0.49
399,0.61,0.65,0.69,0.43,0.43,0.4,0.52,0.49
400,0.61,0.67,0.7,0.43,0.43,0.4,0.52,0.49
401,0.62,0.67,0.7,0.43,0.44,0.4,0.53,0.49
402,0.62,0.67,0.7,0.44,0.44,0.41,0.53,0.49
403,0.62,0.67,0.7,0.44,0.45,0.41,0.53,0.5
404,0.63,0.67,0.72,0.45,0.45,0.42,0.53,0.5
405,0.63,0.67,0.72,0.46,0.46,0.42,0.54,0.51
406,0.63,0.67,0.72,0.46,0.46,0.43,0.54,0.5
407,0.64,0.67,0.72,0.46,0.46,0.43,0.54,0.51
408,0.64,0.67,0.73,0.46,0.47,0.43,0.55,0.51
409,0.64,0.67,0.74,0.47,0.47,0.44,0.55,0.51
410,0.65,0.69,0.74,0.48,0.47,0.44,0.56,0.52
411,0.65,0.67,0.75,0.48,0.48,0.44,0.56,0.51
412,0.67,0.67,0.75,0.49,0.48,0.45,0.57,0.52
413,0.67,0.69,0.75,0.49,0.49,0.45,0.57,0.52
414,0.68,0.71,0.75,0.49,0.49,0.45,0.58,0.53
415,0.68,0.69,0.76,0.49,0.5,0.46,0.59,0.53
416,0.68,0.71,0.76,0.5,0.5,0.47,0.59,0.53
417,0.69,0.69,0.77,0.51,0.51,0.47,0.59,0.54
418,0.71,0.69,0.77,0.51,0.51,0.47,0.6,0.54
419,0.69,0.69,0.78,0.51,0.51,0.48,0.6,0.55
420,0.7,0.69,0.78,0.51,0.52,0.48,0.61,0.55
421,0.7,0.71,0.78,0.52,0.52,0.49,0.62,0.56
422,0.73,0.71,0.78,0.53,0.53,0.49,0.62,0.56
423,0.71,0.71,0.79,0.53,0.53,0.5,0.62,0.57
424,0.74,0.73,0.79,0.54,0.54,0.5,0.63,0.57
425,0.73,0.71,0.8,0.54,0.54,0.5,0.64,0.58
426,0.73,0.73,0.8,0.54,0.54,0.51,0.64,0.58
427,0.74,0.76,0.8,0.55,0.55,0.52,0.65,0.59
428,0.73,0.73,0.8,0.55,0.55,0.52,0.65,0.59
429,0.74,0.73,0.81,0.56,0.56,0.52,0.66,0.6
430,0.73,0.76,0.81,0.56,0.57,0.53,0.67,0.6
431,0.73,0.78,0.81,0.57,0.57,0.53,0.67,0.61
432,0.75,0.78,0.82,0.57,0.57,0.54,0.68,0.61
433,0.74,0.76,0.82,0.57,0.57,0.54,0.68,0.62
434,0.73,0.78,0.82,0.58,0.58,0.55,0.69,0.62
435,0.73,0.78,0.82,0.58,0.58,0.55,0.69,0.63
436,0.73,0.78,0.83,0.58,0.58,0.55,0.69,0.63
437,0.73,0.78,0.83,0.58,0.59,0.56,0.7,0.64
438,0.73,0.78,0.83,0.59,0.59,0.56,0.7,0.64
439,0.73,0.8,0.83,0.59,0.6,0.57,0.7,0.65
440,0.73,0.78,0.83,0.6,0.6,0.57,0.71,0.65
441,0.73,0.8,0.83,0.6,0.6,0.57,0.71,0.65
442,0.73,0.8,0.83,0.6,0.61,0.58,0.71,0.65
443,0.73,0.8,0.83,0.61,0.61,0.58,0.71,0.66
444,0.74,0.8,0.83,0.61,0.62,0.59,0.71,0.66
445,0.75,0.82,0.83,0.62,0.62,0.59,0.72,0.66
446,0.76,0.8,0.83,0.62,0.62,0.6,0.72,0.67
447,0.74,0.82,0.84,0.62,0.62,0.6,0.72,0.67
448,0.74,0.82,0.85,0.62,0.63,0.6,0.72,0.67
449,0.75,0.82,0.84,0.62,0.63,0.6,0.72,0.67
450,0.75,0.82,0.85,0.63,0.63,0.6,0.73,0.67
451,0.79,0.82,0.85,0.63,0.64,0.61,0.73,0.67
452,0.76,0.82,0.85,0.64,0.64,0.61,0.73,0.68
453,0.76,0.84,0.86,0.65,0.64,0.61,0.73,0.68
454,0.77,0.82,0.86,0.65,0.64,0.62,0.73,0.68
455,0.77,0.82,0.86,0.65,0.64,0.62,0.73,0.68
456,0.77,0.82,0.86,0.65,0.64,0.62,0.73,0.68
457,0.77,0.82,0.87,0.65,0.65,0.63,0.74,0.68
458,0.77,0.84,0.87,0.66,0.65,0.63,0.74,0.69
459,0.77,0.82,0.86,0.67,0.65,0.63,0.74,0.69
460,0.77,0.84,0.87,0.67,0.66,0.63,0.74,0.69
461,0.8,0.82,0.87,0.66,0.66,0.63,0.74,0.69
462,0.79,0.82,0.87,0.67,0.66,0.63,0.74,0.69
463,0.79,0.84,0.88,0.68,0.66,0.64,0.75,0.7
464,0.79,0.84,0.88,0.68,0.66,0.64,0.75,0.7
465,0.79,0.82,0.88,0.68,0.66,0.65,0.75,0.7
466,0.79,0.82,0.88,0.68,0.67,0.65,0.75,0.7
467,0.79,0.84,0.88,0.68,0.67,0.65,0.75,0.71
468,0.79,0.82,0.88,0.68,0.67,0.65,0.75,0.71
469,0.81,0.82,0.88,0.69,0.67,0.65,0.76,0.71
470,0.82,0.84,0.88,0.69,0.67,0.66,0.76,0.71
471,0.8,0.82,0.89,0.69,0.68,0.66,0.76,0.71
472,0.82,0.84,0.89,0.7,0.68,0.66,0.76,0.71
473,0.82,0.82,0.89,0.7,0.68,0.66,0.77,0.71
474,0.81,0.84,0.89,0.71,0.69,0.67,0.77,0.72
475,0.81,0.82,0.88,0.7,0.69,0.67,0.77,0.72
476,0.82,0.84,0.89,0.71,0.69,0.67,0.78,0.72
477,0.8,0.84,0.89,0.71,0.69,0.68,0.78,0.73
478,0.81,0.86,0.89,0.71,0.7,0.68,0.78,0.73
479,0.81,0.84,0.89,0.71,0.69,0.68,0.78,0.73
480,0.81,0.86,0.89,0.71,0.7,0.69,0.79,0.74
481,0.81,0.84,0.9,0.71,0.7,0.69,0.79,0.74
482,0.81,0.86,0.89,0.72,0.71,0.69,0.79,0.74
483,0.81,0.86,0.89,0.71,0.71,0.69,0.8,0.74
484,0.8,0.86,0.9,0.72,0.71,0.69,0.8,0.75
485,0.8,0.86,0.89,0.72,0.72,0.7,0.8,0.75
486,0.8,0.88,0.89,0.73,0.72,0.7,0.8,0.75
487,0.8,0.88,0.9,0.73,0.72,0.7,0.8,0.76
488,0.8,0.86,0.9,0.73,0.72,0.7,0.81,0.76
489,0.8,0.86,0.9,0.74,0.72,0.71,0.81,0.76
490,0.8,0.88,0.9,0.74,0.72,0.71,0.81,0.77
491,0.79,0.88,0.91,0.74,0.73,0.71,0.81,0.77
492,0.79,0.88,0.9,0.74,0.73,0.72,0.81,0.77
493,0.77,0.88,0.91,0.74,0.73,0.72,0.82,0.77
494,0.79,0.88,0.91,0.74,0.73,0.72,0.82,0.77
495,0.77,0.9,0.91,0.75,0.73,0.72,0.82,0.78
496,0.77,0.9,0.91,0.74,0.74,0.73,0.82,0.78
497,0.77,0.9,0.91,0.75,0.74,0.73,0.82,0.79
498,0.77,0.9,0.91,0.75,0.74,0.73,0.82,0.79
499,0.77,0.9,0.91,0.76,0.75,0.73,0.83,0.79
500,0.79,0.9,0.91,0.76,0.75,0.73,0.83,0.79
501,0.79,0.88,0.9,0.76,0.75,0.74,0.84,0.8
502,0.76,0.88,0.9,0.76,0.75,0.74,0.84,0.81
503,0.76,0.9,0.91,0.76,0.76,0.75,0.84,0.81
504,0.77,0.9,0.89,0.76,0.76,0.75,0.84,0.81
505,0.76,0.86,0.9,0.77,0.76,0.75,0.85,0.82
506,0.77,0.88,0.9,0.77,0.77,0.76,0.85,0.82
507,0.76,0.88,0.89,0.77,0.77,0.76,0.84,0.82
508,0.8,0.88,0.89,0.77,0.77,0.76,0.84,0.82
509,0.77,0.88,0.89,0.78,0.77,0.76,0.84,0.82
510,0.79,0.88,0.89,0.78,0.77,0.76,0.84,0.83
511,0.79,0.88,0.9,0.78,0.78,0.77,0.84,0.83
512,0.77,0.88,0.9,0.77,0.78,0.77,0.83,0.83
513,0.79,0.88,0.89,0.79,0.78,0.77,0.82,0.83
514,0.81,0.9,0.9,0.79,0.78,0.77,0.82,0.83
515,0.8,0.88,0.89,0.79,0.78,0.77,0.81,0.82
516,0.83,0.88,0.89,0.79,0.78,0.77,0.81,0.82
517,0.81,0.88,0.9,0.79,0.78,0.78,0.8,0.82
518,0.82,0.88,0.9,0.79,0.78,0.78,0.8,0.81
519,0.81,0.88,0.9,0.79,0.78,0.78,0.79,0.81
520,0.82,0.88,0.9,0.79,0.79,0.78,0.79,0.8
521,0.82,0.88,0.91,0.79,0.78,0.78,0.79,0.81
522,0.82,0.88,0.9,0.8,0.78,0.78,0.78,0.8
523,0.85,0.88,0.9,0.8,0.79,0.78,0.78,0.8
524,0.85,0.88,0.91,0.8,0.78,0.78,0.78,0.8
525,0.83,0.88,0.91,0.8,0.79,0.78,0.78,0.79
526,0.83,0.86,0.91,0.8,0.78,0.78,0.78,0.79
527,0.83,0.86,0.91,0.8,0.79,0.78,0.78,0.79
528,0.83,0.86,0.91,0.8,0.79,0.78,0.78,0.79
529,0.83,0.88,0.91,0.81,0.78,0.78,0.78,0.79
530,0.85,0.86,0.91,0.8,0.79,0.78,0.78,0.78
531,0.83,0.86,0.91,0.81,0.79,0.78,0.77,0.78
532,0.87,0.86,0.91,0.8,0.79,0.78,0.77,0.78
533,0.85,0.84,0.91,0.81,0.79,0.78,0.77,0.78
534,0.86,0.86,0.91,0.8,0.79,0.78,0.77,0.78
535,0.86,0.86,0.91,0.8,0.79,0.78,0.77,0.78
536,0.88,0.86,0.92,0.81,0.79,0.78,0.77,0.78
537,0.86,0.86,0.92,0.82,0.79,0.78,0.77,0.77
538,0.87,0.88,0.93,0.82,0.79,0.78,0.77,0.77
539,0.86,0.88,0.93,0.82,0.79,0.78,0.77,0.77
540,0.87,0.88,0.93,0.82,0.78,0.78,0.77,0.77
541,0.87,0.88,0.93,0.82,0.79,0.78,0.77,0.77
542,0.86,0.88,0.93,0.82,0.79,0.78,0.78,0.77
543,0.86,0.88,0.93,0.82,0.79,0.78,0.78,0.77
544,0.88,0.88,0.93,0.82,0.79,0.78,0.77,0.77
545,0.86,0.9,0.93,0.82,0.78,0.78,0.78,0.77
546,0.86,0.88,0.93,0.82,0.79,0.78,0.78,0.77
547,0.85,0.88,0.93,0.82,0.78,0.78,0.78,0.77
548,0.83,0.88,0.93,0.82,0.78,0.78,0.79,0.77
549,0.83,0.88,0.93,0.82,0.78,0.78,0.79,0.77
550,0.83,0.88,0.93,0.82,0.79,0.78,0.79,0.78
551,0.83,0.88,0.93,0.82,0.78,0.78,0.79,0.77
552,0.82,0.88,0.93,0.82,0.79,0.78,0.79,0.78
553,0.82,0.88,0.92,0.82,0.78,0.78,0.8,0.78
554,0.82,0.88,0.92,0.82,0.79,0.78,0.8,0.78
555,0.83,0.88,0.93,0.82,0.79,0.78,0.8,0.78
556,0.83,0.9,0.92,0.82,0.79,0.79,0.8,0.79
557,0.82,0.9,0.93,0.82,0.79,0.78,0.8,0.78
558,0.82,0.88,0.93,0.82,0.79,0.79,0.8,0.79
559,0.82,0.88,0.92,0.82,0.79,0.79,0.81,0.79
560,0.83,0.88,0.93,0.82,0.79,0.79,0.81,0.79
561,0.82,0.9,0.93,0.83,0.79,0.79,0.81,0.8
562,0.83,0.9,0.92,0.82,0.79,0.79,0.81,0.79
563,0.83,0.9,0.92,0.82,0.79,0.79,0.81,0.8
564,0.83,0.88,0.93,0.83,0.79,0.79,0.82,0.8
565,0.83,0.9,0.93,0.82,0.79,0.79,0.82,0.8
566,0.85,0.88,0.92,0.83,0.8,0.79,0.82,0.8
567,0.83,0.88,0.93,0.82,0.8,0.79,0.82,0.8
568,0.86,0.88,0.93,0.82,0.8,0.79,0.82,0.8
569,0.88,0.9,0.93,0.82,0.8,0.79,0.82,0.8
570,0.87,0.88,0.93,0.83,0.8,0.79,0.82,0.8
571,0.86,0.9,0.93,0.83,0.8,0.79,0.82,0.8
572,0.85,0.9,0.93,0.83,0.8,0.8,0.83,0.8
573,0.86,0.9,0.93,0.83,0.81,0.8,0.83,0.81
574,0.86,0.9,0.94,0.83,0.81,0.8,0.83,0.81
575,0.86,0.9,0.93,0.84,0.81,0.8,0.83,0.81
576,0.86,0.9,0.94,0.84,0.81,0.8,0.84,0.81
577,0.86,0.9,0.94,0.84,0.81,0.8,0.84,0.81
578,0.86,0.92,0.95,0.84,0.81,0.8,0.84,0.81
579,0.86,0.92,0.94,0.84,0.81,0.8,0.84,0.8
580,0.86,0.92,0.95,0.84,0.81,0.81,0.84,0.81
581,0.87,0.92,0.94,0.84,0.81,0.81,0.84,0.81
582,0.87,0.9,0.95,0.84,0.81,0.81,0.84,0.81
583,0.89,0.92,0.95,0.85,0.82,0.81,0.84,0.81
584,0.87,0.92,0.94,0.85,0.81,0.81,0.84,0.81
585,0.86,0.94,0.95,0.85,0.82,0.81,0.85,0.81
586,0.87,0.92,0.95,0.85,0.82,0.81,0.85,0.82
587,0.87,0.92,0.95,0.85,0.82,0.81,0.85,0.82
588,0.88,0.94,0.95,0.85,0.82,0.82,0.85,0.82
589,0.87,0.92,0.94,0.85,0.82,0.82,0.85,0.82
590,0.88,0.92,0.95,0.85,0.82,0.82,0.86,0.82
591,0.87,0.92,0.95,0.85,0.82,0.82,0.86,0.82
592,0.88,0.92,0.95,0.85,0.82,0.82,0.86,0.82
593,0.88,0.92,0.95,0.85,0.83,0.82,0.86,0.82
594,0.9,0.94,0.94,0.85,0.83,0.82,0.86,0.83
595,0.88,0.92,0.95,0.85,0.83,0.82,0.86,0.83
596,0.88,0.92,0.95,0.85,0.83,0.82,0.86,0.83
597,0.88,0.94,0.95,0.86,0.83,0.82,0.86,0.83
598,0.88,0.92,0.95,0.86,0.83,0.82,0.86,0.83
599,0.88,0.92,0.95,0.85,0.83,0.83,0.87,0.83
600,0.89,0.94,0.95,0.86,0.83,0.82,0.86,0.83
601,0.88,0.94,0.95,0.87,0.83,0.83,0.86,0.84
602,0.9,0.94,0.96,0.86,0.84,0.83,0.86,0.84
603,0.89,0.92,0.96,0.87,0.84,0.83,0.86,0.84
604,0.92,0.94,0.96,0.86,0.84,0.83,0.87,0.84
605,0.9,0.94,0.96,0.87,0.84,0.83,0.86,0.84
606,0.92,0.94,0.96,0.87,0.84,0.83,0.86,0.84
607,0.89,0.94,0.96,0.87,0.84,0.83,0.86,0.84
608,0.9,0.94,0.96,0.87,0.84,0.83,0.87,0.84
609,0.89,0.94,0.96,0.88,0.84,0.83,0.86,0.84
610,0.89,0.94,0.96,0.88,0.84,0.83,0.86,0.84
611,0.9,0.96,0.96,0.87,0.84,0.83,0.86,0.84
612,0.9,0.96,0.96,0.88,0.84,0.83,0.86,0.84
613,0.9,0.96,0.96,0.88,0.84,0.84,0.86,0.84
614,0.92,0.96,0.96,0.88,0.84,0.84,0.86,0.84
615,0.9,0.96,0.96,0.88,0.84,0.84,0.86,0.84
616,0.92,0.96,0.96,0.88,0.84,0.84,0.86,0.84
617,0.92,0.96,0.96,0.88,0.85,0.84,0.87,0.84
618,0.92,0.96,0.96,0.88,0.85,0.84,0.87,0.84
619,0.92,0.96,0.97,0.88,0.85,0.84,0.87,0.84
620,0.92,0.96,0.96,0.88,0.85,0.84,0.87,0.84
621,0.92,0.98,0.96,0.88,0.85,0.84,0.87,0.84
622,0.92,0.98,0.96,0.88,0.85,0.84,0.87,0.84
623,0.92,0.98,0.96,0.88,0.85,0.84,0.87,0.85
624,0.92,0.96,0.97,0.89,0.85,0.85,0.88,0.85
625,0.94,0.96,0.96,0.88,0.85,0.85,0.88,0.85
626,0.92,0.96,0.96,0.89,0.85,0.85,0.88,0.85
627,0.92,0.96,0.97,0.88,0.85,0.85,0.87,0.85
628,0.94,0.96,0.96,0.89,0.85,0.85,0.88,0.85
629,0.93,0.98,0.96,0.89,0.85,0.85,0.87,0.85
630,0.92,0.96,0.96,0.89,0.85,0.85,0.88,0.86
631,0.93,0.96,0.96,0.89,0.85,0.85,0.88,0.85
632,0.92,0.96,0.96,0.89,0.85,0.85,0.88,0.86
633,0.92,0.96,0.97,0.88,0.86,0.85,0.88,0.86
634,0.94,0.96,0.96,0.89,0.86,0.85,0.88,0.86
635,0.94,0.96,0.97,0.89,0.85,0.85,0.88,0.86
636,0.94,0.96,0.96,0.89,0.86,0.86,0.88,0.86
637,0.9,0.98,0.96,0.9,0.86,0.85,0.88,0.86
638,0.92,0.96,0.96,0.9,0.86,0.86,0.88,0.87
639,0.9,0.96,0.97,0.9,0.86,0.86,0.88,0.87
640,0.92,0.96,0.97,0.9,0.86,0.86,0.89,0.87
641,0.9,0.96,0.96,0.9,0.87,0.86,0.89,0.87
642,0.92,0.96,0.96,0.9,0.87,0.86,0.89,0.87
643,0.9,0.96,0.97,0.89,0.87,0.86,0.89,0.87
644,0.93,0.96,0.97,0.9,0.87,0.86,0.89,0.87
645,0.9,0.96,0.97,0.9,0.87,0.87,0.9,0.87
646,0.9,0.94,0.97,0.9,0.87,0.87,0.9,0.88
647,0.92,0.94,0.97,0.9,0.87,0.86,0.9,0.88
648,0.92,0.94,0.96,0.9,0.87,0.86,0.9,0.88
649,0.9,0.94,0.97,0.9,0.87,0.87,0.9,0.88
650,0.92,0.94,0.97,0.9,0.87,0.87,0.9,0.88
651,0.9,0.94,0.97,0.9,0.87,0.87,0.9,0.88
652,0.93,0.96,0.97,0.9,0.88,0.87,0.91,0.88
653,0.92,0.94,0.97,0.9,0.88,0.87,0.91,0.88
654,0.9,0.94,0.97,0.9,0.88,0.87,0.91,0.88
655,0.9,0.94,0.97,0.9,0.88,0.88,0.91,0.88
656,0.9,0.94,0.97,0.9,0.88,0.88,0.91,0.89
657,0.94,0.94,0.97,0.9,0.88,0.88,0.91,0.88
658,0.9,0.96,0.97,0.91,0.88,0.88,0.91,0.89
659,0.94,0.94,0.98,0.9,0.88,0.88,0.91,0.89
660,0.9,0.96,0.97,0.91,0.88,0.88,0.91,0.89
661,0.9,0.96,0.98,0.9,0.88,0.88,0.91,0.89
662,0.9,0.96,0.98,0.91,0.88,0.88,0.91,0.89
663,0.9,0.96,0.97,0.91,0.89,0.89,0.92,0.89
664,0.9,0.96,0.97,0.91,0.88,0.88,0.92,0.89
665,0.92,0.96,0.97,0.91,0.89,0.89,0.92,0.89
666,0.89,0.96,0.97,0.91,0.89,0.89,0.92,0.89
667,0.89,0.96,0.97,0.91,0.89,0.89,0.92,0.89
668,0.9,0.96,0.97,0.92,0.89,0.89,0.92,0.89
669,0.89,0.96,0.97,0.92,0.89,0.89,0.92,0.9
670,0.89,0.96,0.98,0.92,0.89,0.89,0.92,0.9
671,0.92,0.98,0.97,0.92,0.9,0.89,0.92,0.9
672,0.89,0.96,0.97,0.92,0.89,0.89,0.93,0.9
673,0.89,0.96,0.97,0.92,0.9,0.89,0.93,0.9
674,0.89,0.96,0.97,0.92,0.9,0.89,0.93,0.9
675,0.88,0.98,0.97,0.91,0.9,0.89,0.93,0.9
676,0.88,0.96,0.96,0.92,0.9,0.89,0.93,0.91
677,0.87,0.98,0.96,0.92,0.9,0.9,0.93,0.91
678,0.87,0.96,0.97,0.93,0.9,0.9,0.93,0.91
679,0.87,0.98,0.96,0.93,0.9,0.9,0.94,0.91
680,0.88,0.96,0.96,0.93,0.9,0.9,0.94,0.91
681,0.87,0.96,0.96,0.93,0.91,0.9,0.94,0.92
682,0.87,0.98,0.96,0.93,0.9,0.9,0.94,0.92
683,0.87,0.96,0.96,0.93,0.91,0.9,0.94,0.92
684,0.87,0.96,0.96,0.93,0.91,0.91,0.94,0.93
685,0.87,0.96,0.96,0.92,0.91,0.91,0.94,0.93
686,0.89,0.96,0.96,0.93,0.91,0.91,0.94,0.93
687,0.87,0.96,0.96,0.93,0.91,0.91,0.95,0.93
688,0.88,0.96,0.96,0.93,0.91,0.91,0.94,0.93
689,0.87,0.98,0.95,0.93,0.92,0.91,0.95,0.94
690,0.87,0.96,0.96,0.93,0.91,0.92,0.94,0.93
691,0.87,0.98,0.95,0.93,0.92,0.92,0.95,0.94
692,0.87,0.96,0.95,0.94,0.92,0.92,0.95,0.94
693,0.86,0.96,0.95,0.94,0.92,0.92,0.95,0.94
694,0.87,0.96,0.95,0.93,0.92,0.92,0.95,0.94
695,0.87,0.96,0.95,0.93,0.92,0.92,0.95,0.94
696,0.87,0.96,0.95,0.94,0.92,0.92,0.95,0.94
697,0.88,0.94,0.94,0.94,0.93,0.92,0.95,0.94
698,0.87,0.96,0.95,0.94,0.93,0.92,0.95,0.94
699,0.87,0.94,0.95,0.94,0.93,0.92,0.95,0.94
700,0.88,0.94,0.94,0.94,0.93,0.92,0.95,0.94
701,0.9,0.94,0.95,0.94,0.93,0.92,0.94,0.94
702,0.88,0.94,0.94,0.93,0.93,0.92,0.94,0.94
703,0.9,0.94,0.95,0.94,0.93,0.92,0.94,0.94
704,0.89,0.94,0.95,0.94,0.93,0.92,0.94,0.94
705,0.89,0.94,0.96,0.94,0.93,0.93,0.94,0.94
706,0.88,0.94,0.95,0.94,0.93,0.92,0.94,0.94
707,0.89,0.94,0.95,0.94,0.93,0.93,0.94,0.94
708,0.9,0.94,0.95,0.94,0.93,0.92,0.94,0.94
709,0.9,0.94,0.95,0.94,0.93,0.92,0.93,0.94
710,0.9,0.96,0.95,0.94,0.93,0.93,0.94,0.94
711,0.9,0.94,0.96,0.95,0.93,0.93,0.94,0.93
712,0.9,0.94,0.95,0.95,0.93,0.92,0.94,0.93
713,0.9,0.96,0.96,0.94,0.93,0.92,0.94,0.93
714,0.92,0.94,0.96,0.95,0.93,0.92,0.94,0.93
715,0.94,0.96,0.96,0.95,0.93,0.92,0.94,0.93
716,0.92,0.94,0.96,0.95,0.93,0.92,0.94,0.93
717,0.93,0.96,0.96,0.95,0.93,0.92,0.93,0.93
718,0.93,0.94,0.96,0.95,0.93,0.92,0.94,0.93
719,0.93,0.94,0.96,0.95,0.93,0.92,0.94,0.93
720,0.92,0.94,0.96,0.95,0.93,0.92,0.94,0.93
721,0.92,0.96,0.97,0.95,0.93,0.92,0.94,0.93
722,0.92,0.94,0.97,0.95,0.93,0.92,0.93,0.93
723,0.9,0.94,0.96,0.95,0.93,0.92,0.93,0.93
724,0.93,0.94,0.96,0.95,0.93,0.92,0.93,0.93
725,0.93,0.96,0.96,0.95,0.93,0.92,0.93,0.93
726,0.92,0.96,0.96,0.95,0.93,0.92,0.93,0.93
727,0.92,0.96,0.96,0.94,0.93,0.92,0.93,0.93
728,0.92,0.96,0.96,0.95,0.93,0.92,0.93,0.92
729,0.9,0.94,0.96,0.95,0.93,0.92,0.93,0.93
730,0.9,0.94,0.96,0.95,0.93,0.93,0.93,0.92
731,0.92,0.96,0.96,0.95,0.93,0.92,0.93,0.92
732,0.9,0.96,0.96,0.96,0.93,0.92,0.93,0.92
733,0.92,0.96,0.97,0.95,0.93,0.92,0.93,0.92
734,0.9,0.96,0.96,0.96,0.93,0.92,0.93,0.92
735,0.93,0.96,0.96,0.96,0.93,0.93,0.93,0.92
736,0.94,0.96,0.97,0.96,0.93,0.92,0.93,0.92
737,0.9,0.96,0.97,0.96,0.93,0.92,0.93,0.92
738,0.92,0.98,0.98,0.96,0.93,0.92,0.93,0.92
739,0.93,0.98,0.97,0.96,0.93,0.92,0.93,0.93
740,0.9,0.98,0.97,0.95,0.93,0.93,0.93,0.93
741,0.92,0.98,0.98,0.96,0.93,0.93,0.93,0.92
742,0.9,0.98,0.96,0.96,0.93,0.93,0.93,0.92
743,0.9,0.98,0.97,0.96,0.93,0.93,0.93,0.93
744,0.9,0.98,0.97,0.96,0.93,0.92,0.93,0.92
745,0.9,1.0,0.97,0.96,0.93,0.93,0.93,0.93
746,0.9,0.98,0.97,0.96,0.93,0.92,0.93,0.93
747,0.92,1.0,0.96,0.96,0.93,0.92,0.93,0.93
748,0.9,1.0,0.96,0.96,0.93,0.93,0.93,0.93
749,0.9,1.0,0.96,0.96,0.93,0.93,0.93,0.93
750,0.92,1.0,0.96,0.96,0.93,0.93,0.93,0.93
751,0.9,1.0,0.96,0.96,0.93,0.93,0.94,0.93
752,0.92,1.0,0.96,0.97,0.93,0.93,0.94,0.93
753,0.92,1.0,0.96,0.97,0.93,0.93,0.94,0.93
754,0.92,0.98,0.96,0.97,0.93,0.93,0.94,0.93
755,0.92,1.0,0.96,0.97,0.93,0.93,0.94,0.93
756,0.93,0.98,0.96,0.97,0.93,0.93,0.94,0.93
757,0.92,0.98,0.96,0.97,0.93,0.93,0.94,0.93
758,0.92,1.0,0.96,0.96,0.93,0.93,0.94,0.93
759,0.92,0.98,0.96,0.97,0.93,0.93,0.94,0.93
760,0.93,1.0,0.96,0.97,0.93,0.93,0.94,0.93
761,0.92,0.98,0.97,0.97,0.93,0.93,0.94,0.93
762,0.92,0.98,0.97,0.97,0.93,0.93,0.94,0.93
763,0.93,0.98,0.97,0.97,0.93,0.93,0.94,0.93
764,0.93,0.98,0.98,0.97,0.93,0.93,0.94,0.93
765,0.92,1.0,0.97,0.97,0.93,0.93,0.94,0.93
766,0.92,0.98,0.97,0.97,0.93,0.93,0.94,0.93
767,0.92,0.98,0.97,0.97,0.93,0.93,0.94,0.94
768,0.92,0.98,0.97,0.97,0.93,0.93,0.95,0.94
769,0.92,0.96,0.97,0.98,0.93,0.93,0.94,0.93
770,0.93,0.98,0.97,0.97,0.93,0.93,0.94,0.93
771,0.92,0.96,0.97,0.98,0.93,0.93,0.95,0.94
772,0.92,0.96,0.98,0.98,0.93,0.93,0.95,0.94
773,0.9,0.96,0.97,0.97,0.93,0.93,0.94,0.94
774,0.92,0.96,0.97,0.98,0.93,0.93,0.94,0.94
775,0.92,0.96,0.97,0.98,0.93,0.94,0.94,0.94
776,0.92,0.96,0.97,0.98,0.93,0.93,0.94,0.94
777,0.92,0.96,0.98,0.98,0.93,0.93,0.94,0.94
778,0.92,0.96,0.97,0.97,0.93,0.94,0.94,0.94
779,0.92,0.96,0.98,0.98,0.94,0.94,0.94,0.94
780,0.92,0.96,0.97,0.98,0.94,0.94,0.94,0.94
781,0.93,0.96,0.97,0.98,0.93,0.94,0.94,0.94
782,0.92,0.94,0.97,0.98,0.93,0.93,0.94,0.94
783,0.92,0.94,0.97,0.98,0.94,0.94,0.94,0.94
784,0.93,0.96,0.97,0.98,0.93,0.94,0.94,0.94
785,0.93,0.94,0.97,0.98,0.94,0.94,0.93,0.94
786,0.93,0.94,0.97,0.98,0.93,0.94,0.93,0.94
787,0.93,0.94,0.98,0.98,0.94,0.94,0.93,0.94
788,0.93,0.94,0.97,0.98,0.94,0.93,0.93,0.93
789,0.95,0.96,0.97,0.97,0.94,0.94,0.93,0.93
790,0.94,0.96,0.97,0.98,0.94,0.94,0.93,0.93
791,0.96,0.96,0.98,0.98,0.94,0.94,0.92,0.93
792,0.95,0.96,0.98,0.98,0.94,0.94,0.92,0.93
793,0.95,0.94,0.98,0.98,0.93,0.94,0.92,0.92
794,0.96,0.94,0.98,0.99,0.94,0.93,0.92,0.92
795,0.95,0.94,0.98,0.98,0.94,0.93,0.92,0.92
796,0.95,0.94,0.99,0.99,0.93,0.93,0.91,0.91
797,0.95,0.96,0.99,0.98,0.93,0.93,0.91,0.91
798,0.96,0.96,0.99,0.99,0.93,0.93,0.91,0.91
799,0.96,0.94,0.99,0.99,0.93,0.93,0.91,0.91
800,0.96,0.96,0.99,0.99,0.93,0.93,0.92,0.91
801,0.96,0.96,0.99,0.99,0.93,0.93,0.92,0.9
802,0.96,0.96,0.99,0.99,0.93,0.92,0.92,0.9
803,0.96,0.96,0.99,0.99,0.93,0.93,0.92,0.9
804,0.96,0.96,0.99,0.99,0.93,0.93,0.92,0.9
805,0.99,0.96,0.99,0.99,0.93,0.93,0.92,0.9
806,0.96,0.96,0.99,0.99,0.93,0.93,0.92,0.9
807,0.96,0.96,0.99,0.99,0.93,0.92,0.92,0.9
808,0.96,0.96,0.99,0.99,0.93,0.92,0.92,0.9
809,0.96,0.98,0.99,0.99,0.93,0.92,0.92,0.9
810,0.96,0.96,0.99,0.99,0.93,0.92,0.92,0.89
811,0.96,0.98,0.99,0.99,0.93,0.92,0.93,0.89
812,0.98,0.96,0.99,0.99,0.93,0.92,0.93,0.9
813,0.96,0.98,0.99,0.99,0.93,0.92,0.93,0.89
814,0.96,0.96,0.99,0.99,0.93,0.92,0.93,0.89
815,0.96,0.96,0.99,0.99,0.93,0.92,0.93,0.89
816,0.96,0.98,0.99,0.99,0.93,0.92,0.93,0.89
817,0.99,0.98,0.99,0.99,0.93,0.92,0.93,0.89
818,1.0,0.98,0.99,0.99,0.93,0.92,0.93,0.89
819,0.96,0.98,0.99,0.99,0.93,0.92,0.93,0.89
820,0.96,0.98,0.99,0.99,0.93,0.92,0.93,0.89
821,0.96,0.98,0.99,0.99,0.93,0.92,0.93,0.89
822,0.96,0.98,0.99,0.99,0.93,0.92,0.93,0.89
823,0.96,0.98,0.99,0.99,0.93,0.92,0.93,0.9
824,0.96,0.98,0.99,1.0,0.93,0.92,0.94,0.89
825,0.99,0.98,0.99,0.99,0.93,0.92,0.94,0.89
826,0.96,0.96,0.99,0.99,0.93,0.92,0.94,0.89
827,0.96,0.96,0.99,0.99,0.93,0.92,0.94,0.89
828,0.96,0.98,0.99,0.99,0.93,0.92,0.94,0.9
829,0.96,0.98,0.99,0.99,0.93,0.92,0.94,0.9
830,0.96,0.98,0.99,1.0,0.93,0.92,0.94,0.9
831,0.99,0.98,0.99,1.0,0.93,0.92,0.94,0.89
832,0.95,0.98,0.99,0.99,0.93,0.92,0.94,0.9
833,0.95,1.0,0.99,0.99,0.93,0.92,0.95,0.9
834,0.96,0.98,0.99,0.99,0.93,0.92,0.95,0.9
835,0.95,0.98,0.99,1.0,0.93,0.92,0.95,0.9
836,0.94,0.98,0.99,1.0,0.93,0.92,0.95,0.9
837,0.93,0.98,0.99,0.99,0.93,0.92,0.95,0.91
838,0.93,0.98,0.99,1.0,0.93,0.92,0.95,0.9
839,0.93,0.98,0.99,1.0,0.93,0.92,0.95,0.91
840,0.94,0.98,0.99,1.0,0.93,0.92,0.96,0.91
841,0.93,0.98,0.99,1.0,0.93,0.92,0.96,0.91
842,0.93,0.96,0.98,1.0,0.93,0.92,0.96,0.91
843,0.93,0.94,0.98,1.0,0.93,0.92,0.96,0.91
844,0.92,0.94,0.99,1.0,0.93,0.92,0.95,0.91
845,0.93,0.94,0.98,0.99,0.93,0.92,0.95,0.91
846,0.92,0.94,0.98,1.0,0.93,0.92,0.95,0.91
847,0.94,0.94,0.98,1.0,0.93,0.92,0.95,0.91
848,0.92,0.96,0.97,1.0,0.93,0.92,0.95,0.91
849,0.92,0.94,0.98,1.0,0.93,0.92,0.95,0.91
850,0.92,0.94,0.97,1.0,0.93,0.92,0.95,0.91
851,0.92,0.96,0.97,0.99,0.93,0.92,0.95,0.91
852,0.9,0.94,0.97,1.0,0.93,0.92,0.95,0.91
853,0.9,0.94,0.97,1.0,0.93,0.92,0.94,0.91
854,0.9,0.94,0.97,1.0,0.93,0.92,0.95,0.91
855,0.9,0.94,0.97,1.0,0.93,0.92,0.94,0.91
856,0.9,0.92,0.96,1.0,0.93,0.92,0.94,0.91
857,0.93,0.94,0.97,1.0,0.93,0.92,0.94,0.91
858,0.9,0.92,0.96,0.99,0.93,0.93,0.94,0.92
859,0.9,0.94,0.96,1.0,0.93,0.92,0.94,0.92
860,0.9,0.94,0.96,1.0,0.93,0.93,0.94,0.92
861,0.93,0.94,0.97,1.0,0.93,0.93,0.94,0.92
862,0.9,0.94,0.96,0.99,0.93,0.92,0.94,0.92
863,0.92,0.94,0.96,1.0,0.93,0.93,0.94,0.92
864,0.9,0.94,0.96,1.0,0.93,0.92,0.94,0.91
865,0.92,0.92,0.96,1.0,0.93,0.93,0.93,0.91
866,0.9,0.94,0.96,1.0,0.93,0.93,0.94,0.92
867,0.92,0.92,0.96,1.0,0.93,0.92,0.93,0.92
868,0.94,0.92,0.96,0.99,0.93,0.93,0.94,0.91
869,0.92,0.92,0.96,1.0,0.93,0.93,0.94,0.91
870,0.92,0.92,0.96,1.0,0.93,0.93,0.93,0.91
871,0.92,0.92,0.97,0.99,0.93,0.93,0.93,0.91
872,0.92,0.92,0.97,1.0,0.93,0.92,0.93,0.91
873,0.94,0.94,0.96,1.0,0.93,0.93,0.93,0.91
874,0.92,0.92,0.96,0.99,0.93,0.93,0.93,0.91
875,0.92,0.92,0.96,1.0,0.93,0.93,0.93,0.91
876,0.92,0.92,0.97,0.99,0.93,0.92,0.93,0.91
877,0.93,0.92,0.97,0.99,0.93,0.93,0.93,0.91
878,0.93,0.94,0.97,1.0,0.93,0.93,0.93,0.91
879,0.93,0.92,0.97,1.0,0.93,0.93,0.93,0.91
880,0.93,0.92,0.97,0.99,0.93,0.92,0.93,0.91
881,0.93,0.92,0.97,1.0,0.93,0.93,0.93,0.9
882,0.94,0.94,0.98,0.99,0.93,0.92,0.93,0.9
883,0.92,0.92,0.98,1.0,0.93,0.93,0.94,0.9
884,0.93,0.92,0.98,1.0,0.93,0.93,0.93,0.9
885,0.93,0.92,0.98,0.99,0.93,0.93,0.93,0.9
886,0.93,0.92,0.98,0.99,0.93,0.93,0.93,0.9
887,0.93,0.92,0.98,1.0,0.93,0.93,0.93,0.9
888,0.92,0.9,0.98,0.99,0.93,0.93,0.93,0.9
889,0.93,0.92,0.97,0.99,0.93,0.92,0.93,0.9
890,0.93,0.9,0.97,0.99,0.93,0.93,0.93,0.9
891,0.92,0.92,0.97,0.99,0.93,0.93,0.93,0.9
892,0.92,0.9,0.98,0.99,0.93,0.93,0.93,0.9
893,0.92,0.9,0.98,0.99,0.93,0.92,0.93,0.9
894,0.92,0.9,0.98,0.99,0.93,0.93,0.93,0.9
895,0.94,0.9,0.97,0.99,0.93,0.93,0.93,0.9
896,0.92,0.92,0.97,0.99,0.93,0.93,0.93,0.9
897,0.92,0.9,0.98,0.99,0.93,0.93,0.93,0.9
898,0.94,0.92,0.98,0.99,0.93,0.93,0.94,0.9
899,0.94,0.9,0.98,0.99,0.93,0.93,0.93,0.9
900,0.93,0.92,0.98,0.99,0.93,0.93,0.94,0.9
901,0.92,0.92,0.98,0.99,0.93,0.93,0.93,0.9
902,0.92,0.92,0.98,0.99,0.93,0.93,0.94,0.91
903,0.92,0.9,0.97,0.99,0.93,0.93,0.94,0.9
904,0.93,0.9,0.98,0.99,0.93,0.92,0.94,0.91
905,0.9,0.92,0.98,0.99,0.93,0.93,0.94,0.91
906,0.92,0.92,0.97,0.99,0.94,0.93,0.94,0.91
907,0.92,0.92,0.98,0.99,0.93,0.93,0.94,0.91
908,0.92,0.92,0.97,0.99,0.94,0.93,0.94,0.91
909,0.9,0.92,0.97,1.0,0.93,0.93,0.94,0.91
910,0.9,0.92,0.97,0.99,0.94,0.93,0.94,0.91
911,0.9,0.94,0.97,0.99,0.93,0.93,0.94,0.92
912,0.89,0.92,0.97,0.99,0.94,0.93,0.95,0.92
913,0.9,0.94,0.97,0.99,0.94,0.94,0.95,0.92
914,0.9,0.94,0.97,0.99,0.94,0.93,0.95,0.92
915,0.9,0.92,0.97,0.99,0.94,0.94,0.95,0.92
916,0.89,0.92,0.97,0.99,0.94,0.94,0.95,0.92
917,0.9,0.94,0.96,1.0,0.94,0.93,0.95,0.93
918,0.88,0.94,0.96,0.99,0.94,0.94,0.96,0.93
919,0.92,0.94,0.97,0.99,0.94,0.94,0.96,0.93
920,0.88,0.94,0.96,0.99,0.94,0.94,0.96,0.94
921,0.89,0.92,0.96,0.99,0.94,0.94,0.96,0.94
922,0.92,0.94,0.96,1.0,0.94,0.94,0.96,0.94
923,0.89,0.94,0.96,1.0,0.95,0.94,0.96,0.94
924,0.89,0.92,0.96,0.99,0.94,0.94,0.96,0.94
925,0.88,0.94,0.96,1.0,0.95,0.95,0.96,0.95
926,0.88,0.92,0.96,0.99,0.95,0.95,0.97,0.95
927,0.89,0.92,0.95,0.99,0.95,0.94,0.97,0.95
928,0.88,0.94,0.96,0.99,0.95,0.95,0.97,0.95
929,0.88,0.94,0.96,0.99,0.95,0.95,0.97,0.95
930,0.88,0.92,0.96,0.99,0.96,0.95,0.97,0.95
931,0.9,0.94,0.96,0.99,0.96,0.95,0.97,0.95
932,0.88,0.94,0.95,0.99,0.95,0.95,0.98,0.96
933,0.9,0.92,0.96,0.99,0.96,0.95,0.97,0.96
934,0.88,0.9,0.96,0.99,0.96,0.95,0.98,0.96
935,0.88,0.92,0.96,0.99,0.96,0.96,0.98,0.96
936,0.88,0.92,0.95,0.99,0.96,0.95,0.98,0.97
937,0.88,0.92,0.95,0.99,0.96,0.96,0.98,0.97
938,0.88,0.92,0.95,0.99,0.96,0.96,0.98,0.97
939,0.88,0.92,0.95,1.0,0.96,0.95,0.98,0.97
940,0.88,0.92,0.95,0.99,0.96,0.96,0.98,0.97
941,0.88,0.92,0.96,0.99,0.96,0.96,0.98,0.97
942,0.88,0.92,0.95,0.99,0.96,0.96,0.98,0.97
943,0.89,0.92,0.95,0.99,0.97,0.96,0.98,0.97
944,0.88,0.92,0.95,0.99,0.96,0.96,0.98,0.97
945,0.88,0.92,0.95,0.99,0.97,0.96,0.98,0.97
946,0.89,0.92,0.96,0.99,0.96,0.96,0.98,0.97
947,0.89,0.92,0.96,0.99,0.97,0.96,0.98,0.97
948,0.88,0.92,0.95,0.99,0.97,0.96,0.98,0.97
949,0.88,0.92,0.96,0.99,0.97,0.96,0.98,0.97
950,0.89,0.92,0.96,0.99,0.97,0.97,0.98,0.97
951,0.9,0.94,0.96,0.99,0.97,0.96,0.98,0.97
952,0.9,0.94,0.96,0.99,0.97,0.96,0.98,0.97
953,0.89,0.92,0.96,0.99,0.97,0.96,0.99,0.97
954,0.89,0.92,0.96,0.99,0.97,0.97,0.99,0.97
955,0.89,0.92,0.96,0.99,0.97,0.96,0.99,0.97
956,0.89,0.92,0.96,0.99,0.97,0.97,0.99,0.97
957,0.89,0.94,0.96,0.99,0.97,0.97,0.99,0.97
958,0.89,0.92,0.96,0.99,0.97,0.97,0.99,0.97
959,0.92,0.94,0.96,0.99,0.97,0.97,0.99,0.98
960,0.89,0.94,0.96,0.99,0.97,0.97,0.99,0.97
961,0.92,0.94,0.96,0.99,0.97,0.97,0.99,0.97
962,0.9,0.92,0.96,0.99,0.97,0.97,0.99,0.98
963,0.92,0.92,0.96,1.0,0.97,0.97,1.0,0.98
964,0.9,0.92,0.96,0.99,0.97,0.97,1.0,0.98
965,0.9,0.94,0.96,0.99,0.97,0.97,1.0,0.98
966,0.92,0.94,0.97,0.99,0.98,0.97,1.0,0.98
967,0.9,0.94,0.96,0.99,0.98,0.97,1.0,0.98
968,0.93,0.96,0.97,1.0,0.98,0.97,1.0,0.98
969,0.9,0.94,0.96,0.99,0.98,0.98,1.0,0.98
970,0.92,0.94,0.96,0.99,0.98,0.97,1.0,0.98
971,0.9,0.96,0.96,0.99,0.98,0.98,1.0,0.98
972,0.9,0.94,0.97,1.0,0.98,0.98,1.0,0.98
973,0.93,0.96,0.96,0.99,0.98,0.98,1.0,0.98
974,0.9,0.94,0.96,0.99,0.98,0.98,1.0,0.98
975,0.92,0.94,0.96,0.99,0.98,0.97,1.0,0.98
976,0.92,0.96,0.96,0.99,0.98,0.98,1.0,0.98
977,0.92,0.94,0.96,0.99,0.98,0.98,1.0,0.98
978,0.9,0.94,0.96,0.99,0.98,0.98,1.0,0.98
979,0.9,0.94,0.96,0.99,0.98,0.98,1.0,0.98
980,0.92,0.92,0.96,0.99,0.98,0.98,0.99,0.98
981,0.9,0.94,0.96,0.99,0.98,0.98,1.0,0.98
982,0.92,0.92,0.96,0.99,0.99,0.98,1.0,0.98
983,0.93,0.94,0.96,0.99,0.98,0.98,0.99,0.98
984,0.9,0.92,0.96,0.99,0.98,0.98,0.99,0.98
985,0.9,0.92,0.96,0.99,0.98,0.98,1.0,0.98
986,0.9,0.92,0.96,0.99,0.98,0.98,0.99,0.98
987,0.9,0.9,0.96,0.99,0.98,0.98,0.99,0.98
988,0.92,0.9,0.96,0.99,0.99,0.98,0.99,0.98
989,0.9,0.9,0.96,0.99,0.98,0.98,0.99,0.98
990,0.93,0.92,0.96,0.99,0.98,0.98,0.99,0.98
991,0.92,0.92,0.97,0.99,0.98,0.98,0.99,0.98
992,0.93,0.92,0.97,0.99,0.99,0.98,0.99,0.97
993,0.93,0.94,0.97,0.99,0.98,0.98,0.99,0.98
994,0.93,0.92,0.98,0.99,0.98,0.98,0.98,0.97
995,0.9,0.92,0.97,0.99,0.98,0.98,0.98,0.97
996,0.92,0.92,0.97,0.99,0.98,0.98,0.98,0.97
997,0.9,0.92,0.98,0.99,0.98,0.98,0.98,0.97
998,0.9,0.92,0.99,0.99,0.98,0.98,0.98,0.97
999,0.9,0.92,0.98,0.99,0.98,0.98,0.98,0.97
1000,0.9,0.92,0.97,0.99,0.98,0.98,0.98,0.97
1001,0.92,0.92,0.98,0.99,0.98,0.98,0.98,0.96
1002,0.9,0.92,0.98,0.99,0.98,0.98,0.98,0.97
1003,0.89,0.9,0.98,0.99,0.98,0.98,0.98,0.97
1004,0.9,0.92,0.98,0.99,0.98,0.98,0.98,0.97
1005,0.9,0.92,0.99,0.98,0.98,0.98,0.98,0.96
1006,0.9,0.92,0.98,0.99,0.98,0.98,0.98,0.97
1007,0.9,0.92,0.98,0.98,0.98,0.98,0.98,0.96
1008,0.9,0.9,0.98,0.99,0.98,0.98,0.98,0.96
1009,0.9,0.92,0.98,0.99,0.98,0.98,0.98,0.96
1010,0.9,0.92,0.98,0.99,0.98,0.98,0.97,0.96
1011,0.9,0.9,0.98,0.98,0.98,0.98,0.97,0.96
1012,0.92,0.92,0.98,0.98,0.98,0.98,0.97,0.96
1013,0.92,0.92,0.98,0.98,0.98,0.98,0.96,0.96
1014,0.93,0.92,0.98,0.97,0.98,0.98,0.96,0.96
1015,0.92,0.92,0.97,0.98,0.98,0.97,0.96,0.96
1016,0.93,0.92,0.98,0.98,0.98,0.98,0.96,0.96
1017,0.95,0.94,0.99,0.98,0.97,0.98,0.95,0.95
1018,0.94,0.94,0.99,0.98,0.97,0.98,0.95,0.95
1019,0.95,0.92,0.99,0.98,0.98,0.98,0.95,0.95
1020,0.94,0.94,0.99,0.98,0.98,0.98,0.95,0.95
1021,0.95,0.94,0.98,0.98,0.97,0.97,0.95,0.95
1022,0.95,0.92,0.99,0.98,0.97,0.97,0.95,0.95
1023,0.95,0.94,0.99,0.98,0.97,0.97,0.95,0.95
1024,0.95,0.94,0.99,0.98,0.97,0.97,0.95,0.94
1025,0.95,0.94,0.99,0.98,0.97,0.97,0.94,0.94
1026,0.98,0.94,0.99,0.98,0.97,0.97,0.95,0.94
1027,0.96,0.94,0.99,0.98,0.97,0.97,0.94,0.94
1028,0.95,0.92,0.99,0.97,0.97,0.97,0.94,0.94
1029,0.95,0.94,0.99,0.97,0.97,0.97,0.94,0.94
1030,0.94,0.94,0.99,0.97,0.97,0.97,0.94,0.93
1031,0.95,0.94,0.99,0.97,0.97,0.97,0.94,0.93
1032,0.95,0.94,1.0,0.98,0.97,0.97,0.94,0.93
1033,0.95,0.94,0.99,0.97,0.97,0.96,0.94,0.93
1034,0.94,0.94,0.99,0.98,0.97,0.97,0.94,0.93
1035,0.96,0.92,0.99,0.97,0.97,0.96,0.94,0.93
1036,0.94,0.92,0.99,0.97,0.97,0.97,0.94,0.93
1037,0.94,0.94,0.99,0.97,0.96,0.96,0.93,0.93
1038,0.94,0.92,0.99,0.97,0.96,0.96,0.94,0.93
1039,0.93,0.92,0.99,0.96,0.97,0.96,0.93,0.92
1040,0.93,0.92,0.99,0.96,0.96,0.96,0.93,0.92
1041,0.93,0.92,0.99,0.96,0.96,0.96,0.93,0.93
1042,0.94,0.94,0.99,0.96,0.96,0.96,0.93,0.92
1043,0.93,0.92,0.99,0.96,0.96,0.96,0.93,0.92
1044,0.92,0.92,0.99,0.96,0.96,0.96,0.93,0.92
1045,0.92,0.94,0.99,0.97,0.96,0.96,0.93,0.92
1046,0.95,0.94,0.99,0.96,0.96,0.96,0.93,0.92
1047,0.92,0.92,0.99,0.96,0.96,0.96,0.93,0.92
1048,0.95,0.94,0.99,0.96,0.96,0.96,0.93,0.92
1049,0.9,0.92,0.99,0.96,0.96,0.96,0.93,0.92
1050,0.92,0.92,0.99,0.96,0.96,0.96,0.93,0.93
1051,0.92,0.92,0.99,0.96,0.96,0.96,0.94,0.92
1052,0.92,0.92,0.98,0.96,0.96,0.96,0.94,0.93
1053,0.94,0.94,0.99,0.96,0.96,0.96,0.93,0.93
1054,0.9,0.92,0.98,0.96,0.96,0.96,0.94,0.93
1055,0.93,0.94,0.98,0.96,0.96,0.96,0.93,0.93
1056,0.9,0.92,0.98,0.96,0.96,0.96,0.94,0.93
1057,0.92,0.94,0.97,0.96,0.96,0.96,0.94,0.93
1058,0.93,0.92,0.98,0.96,0.96,0.96,0.94,0.93
1059,0.9,0.92,0.98,0.96,0.96,0.96,0.94,0.93
1060,0.92,0.92,0.98,0.96,0.96,0.96,0.94,0.93
1061,0.9,0.92,0.98,0.96,0.96,0.96,0.94,0.93
1062,0.9,0.92,0.97,0.96,0.96,0.96,0.94,0.93
1063,0.9,0.92,0.97,0.96,0.96,0.96,0.94,0.93
1064,0.93,0.92,0.97,0.96,0.96,0.96,0.94,0.93
1065,0.9,0.92,0.97,0.96,0.96,0.96,0.95,0.94
1066,0.9,0.92,0.98,0.96,0.96,0.96,0.95,0.94
1067,0.9,0.92,0.97,0.95,0.96,0.96,0.94,0.94
1068,0.89,0.94,0.98,0.96,0.96,0.96,0.95,0.94
1069,0.9,0.94,0.98,0.95,0.96,0.97,0.95,0.94
1070,0.9,0.92,0.97,0.96,0.97,0.96,0.95,0.94
1071,0.89,0.92,0.97,0.96,0.97,0.97,0.95,0.94
1072,0.9,0.94,0.97,0.96,0.96,0.96,0.95,0.94
1073,0.89,0.92,0.97,0.96,0.96,0.96,0.95,0.94
1074,0.89,0.94,0.97,0.95,0.97,0.96,0.95,0.94
1075,0.89,0.92,0.97,0.95,0.97,0.96,0.96,0.94
1076,0.89,0.94,0.97,0.95,0.97,0.97,0.96,0.94
1077,0.9,0.92,0.97,0.96,0.97,0.97,0.96,0.95
1078,0.88,0.92,0.96,0.96,0.97,0.97,0.96,0.95
1079,0.88,0.94,0.97,0.95,0.97,0.97,0.96,0.95
1080,0.88,0.94,0.97,0.95,0.97,0.97,0.96,0.95
1081,0.89,0.94,0.97,0.95,0.97,0.97,0.96,0.95
1082,0.89,0.94,0.97,0.95,0.97,0.97,0.96,0.95
1083,0.92,0.96,0.97,0.96,0.97,0.97,0.96,0.95
1084,0.89,0.94,0.97,0.95,0.97,0.97,0.96,0.95
1085,0.9,0.94,0.97,0.94,0.97,0.97,0.97,0.95
1086,0.89,0.94,0.97,0.95,0.97,0.97,0.97,0.96
1087,0.89,0.94,0.97,0.95,0.97,0.97,0.97,0.96
1088,0.93,0.94,0.97,0.95,0.97,0.97,0.97,0.96
1089,0.9,0.94,0.97,0.95,0.97,0.97,0.97,0.96
1090,0.89,0.94,0.97,0.95,0.97,0.97,0.97,0.96
1091,0.89,0.96,0.96,0.95,0.97,0.97,0.97,0.96
1092,0.89,0.96,0.97,0.95,0.98,0.97,0.97,0.96
1093,0.92,0.96,0.97,0.95,0.98,0.98,0.97,0.96
1094,0.92,0.96,0.96,0.95,0.98,0.98,0.98,0.97
1095,0.88,0.96,0.97,0.95,0.98,0.98,0.98,0.97
1096,0.89,0.96,0.96,0.96,0.98,0.98,0.98,0.97
1097,0.89,0.96,0.96,0.95,0.98,0.98,0.98,0.97
1098,0.88,0.96,0.96,0.95,0.98,0.98,0.98,0.97
1099,0.88,0.96,0.96,0.95,0.98,0.98,0.98,0.97
1100,0.88,0.94,0.96,0.95,0.98,0.98,0.98,0.97
1101,0.88,0.96,0.96,0.95,0.98,0.98,0.98,0.98
1102,0.88,0.96,0.96,0.96,0.98,0.98,0.98,0.97
1103,0.88,0.94,0.96,0.95,0.98,0.98,0.98,0.98
1104,0.88,0.94,0.96,0.95,0.98,0.98,0.98,0.98
1105,0.88,0.94,0.96,0.95,0.98,0.98,0.98,0.98
1106,0.88,0.94,0.96,0.95,0.98,0.98,0.99,0.98
1107,0.88,0.94,0.96,0.95,0.98,0.98,0.99,0.98
1108,0.9,0.94,0.96,0.95,0.99,0.98,0.99,0.99
1109,0.88,0.92,0.96,0.95,0.99,0.98,0.99,0.99
1110,0.88,0.92,0.96,0.95,0.99,0.99,0.99,0.99
1111,0.88,0.92,0.95,0.95,0.99,0.98,0.99,0.99
1112,0.88,0.94,0.95,0.95,0.99,0.99,0.99,0.99
1113,0.88,0.92,0.95,0.95,0.99,0.99,0.99,0.99
1114,0.88,0.94,0.96,0.94,0.99,0.99,0.99,0.99
1115,0.88,0.94,0.95,0.95,0.99,0.99,0.99,0.99
1116,0.88,0.92,0.96,0.95,0.99,0.99,0.99,0.99
1117,0.88,0.92,0.96,0.95,0.99,0.99,0.99,0.99
1118,0.89,0.94,0.96,0.94,0.99,0.99,0.99,0.99
1119,0.89,0.94,0.96,0.95,0.99,0.99,0.99,0.99
1120,0.88,0.94,0.96,0.95,0.99,0.99,0.98,0.99
1121,0.89,0.94,0.96,0.94,0.99,0.99,0.99,0.99
1122,0.88,0.94,0.96,0.95,0.99,0.99,0.99,1.0
1123,0.88,0.94,0.96,0.95,0.99,0.99,0.99,1.0
1124,0.87,0.94,0.96,0.94,0.99,0.99,0.98,0.99
1125,0.87,0.96,0.96,0.94,0.99,0.99,0.98,1.0
1126,0.87,0.94,0.96,0.95,0.99,0.99,0.98,1.0
1127,0.87,0.94,0.96,0.95,0.99,0.99,0.98,0.99
1128,0.88,0.96,0.96,0.95,1.0,1.0,0.98,1.0
1129,0.87,0.96,0.96,0.94,1.0,1.0,0.98,1.0
1130,0.88,0.94,0.96,0.95,1.0,0.99,0.98,0.99
1131,0.87,0.94,0.96,0.95,1.0,1.0,0.98,1.0
1132,0.87,0.94,0.95,0.95,1.0,1.0,0.98,0.99
1133,0.89,0.94,0.95,0.95,1.0,1.0,0.98,1.0
1134,0.88,0.94,0.96,0.95,1.0,1.0,0.98,1.0
1135,0.88,0.94,0.96,0.94,1.0,0.99,0.98,1.0
1136,0.88,0.94,0.96,0.94,1.0,1.0,0.97,0.99
1137,0.89,0.94,0.96,0.94,1.0,1.0,0.97,0.99
1138,0.89,0.94,0.96,0.95,1.0,1.0,0.97,0.99
1139,0.92,0.94,0.95,0.94,1.0,0.99,0.97,0.99
1140,0.9,0.92,0.95,0.95,1.0,1.0,0.97,0.99
1141,0.89,0.94,0.96,0.95,1.0,1.0,0.97,0.99
1142,0.9,0.94,0.95,0.94,1.0,1.0,0.96,0.99
1143,0.9,0.94,0.96,0.94,1.0,0.99,0.96,0.99
1144,0.9,0.94,0.96,0.94,1.0,1.0,0.96,0.98
1145,0.9,0.94,0.96,0.94,1.0,1.0,0.96,0.98
1146,0.92,0.94,0.96,0.94,1.0,1.0,0.96,0.98
1147,0.93,0.94,0.96,0.94,1.0,0.99,0.96,0.98
1148,0.92,0.96,0.96,0.94,1.0,0.99,0.96,0.98
1149,0.94,0.94,0.96,0.94,1.0,0.99,0.96,0.98
1150,0.92,0.94,0.96,0.94,1.0,0.99,0.96,0.98
1151,0.92,0.94,0.96,0.94,1.0,0.99,0.96,0.97
1152,0.9,0.96,0.96,0.94,1.0,0.99,0.96,0.98
1153,0.92,0.94,0.96,0.95,1.0,0.99,0.96,0.98
1154,0.93,0.94,0.96,0.94,1.0,0.99,0.96,0.98
1155,0.9,0.94,0.96,0.94,1.0,0.99,0.96,0.97
1156,0.92,0.94,0.96,0.94,0.99,0.99,0.96,0.97
1157,0.93,0.94,0.96,0.94,0.99,0.99,0.96,0.98
1158,0.93,0.94,0.96,0.93,1.0,0.99,0.96,0.97
1159,0.92,0.92,0.96,0.94,0.99,0.99,0.96,0.98
1160,0.92,0.92,0.96,0.93,0.99,0.99,0.96,0.97
1161,0.92,0.92,0.96,0.93,0.99,0.99,0.96,0.97
1162,0.92,0.92,0.96,0.93,0.99,0.99,0.96,0.97
1163,0.92,0.92,0.97,0.94,0.99,0.99,0.95,0.97
1164,0.92,0.94,0.96,0.93,0.99,0.99,0.95,0.97
1165,0.92,0.94,0.96,0.93,0.99,0.99,0.95,0.97
1166,0.93,0.94,0.96,0.94,0.99,0.99,0.95,0.97
1167,0.92,0.92,0.96,0.93,0.99,0.99,0.95,0.97
1168,0.92,0.92,0.96,0.93,0.99,0.99,0.95,0.97
1169,0.92,0.94,0.96,0.94,0.99,0.99,0.95,0.97
1170,0.92,0.92,0.96,0.93,0.99,0.99,0.95,0.97
1171,0.92,0.94,0.96,0.93,0.99,0.99,0.94,0.97
1172,0.92,0.92,0.96,0.93,0.99,0.99,0.94,0.97
1173,0.93,0.92,0.96,0.93,0.99,0.99,0.94,0.96
1174,0.92,0.92,0.97,0.93,0.99,0.98,0.94,0.96
1175,0.92,0.94,0.96,0.93,0.99,0.99,0.93,0.96
1176,0.93,0.92,0.96,0.93,0.99,0.98,0.93,0.96
1177,0.93,0.92,0.96,0.93,0.99,0.99,0.93,0.96
1178,0.92,0.92,0.96,0.93,0.99,0.98,0.93,0.95
1179,0.92,0.92,0.96,0.93,0.99,0.98,0.93,0.96
1180,0.92,0.92,0.96,0.93,0.99,0.98,0.93,0.95
1181,0.93,0.92,0.96,0.93,0.99,0.98,0.93,0.95
1182,0.92,0.92,0.96,0.93,0.99,0.98,0.93,0.95
1183,0.92,0.92,0.96,0.93,0.99,0.98,0.93,0.95
1184,0.95,0.92,0.96,0.93,0.98,0.98,0.93,0.95
1185,0.92,0.92,0.96,0.93,0.99,0.98,0.93,0.94
1186,0.93,0.92,0.96,0.93,0.98,0.98,0.93,0.95
1187,0.92,0.92,0.96,0.92,0.98,0.98,0.93,0.94
1188,0.92,0.92,0.96,0.93,0.98,0.98,0.93,0.94
1189,0.92,0.92,0.96,0.92,0.98,0.98,0.93,0.94
1190,0.94,0.92,0.97,0.92,0.98,0.98,0.93,0.94
1191,0.92,0.92,0.96,0.92,0.98,0.98,0.93,0.94
1192,0.92,0.92,0.97,0.93,0.98,0.98,0.93,0.94
1193,0.9,0.92,0.97,0.92,0.98,0.98,0.93,0.94
1194,0.93,0.92,0.97,0.92,0.98,0.98,0.93,0.93
1195,0.9,0.92,0.97,0.91,0.97,0.97,0.93,0.94
1196,0.9,0.94,0.97,0.92,0.97,0.98,0.93,0.94
1197,0.9,0.92,0.96,0.92,0.98,0.98,0.93,0.94
1198,0.89,0.92,0.96,0.92,0.98,0.97,0.94,0.94
1199,0.92,0.92,0.96,0.92,0.97,0.97,0.94,0.94
1200,0.89,0.92,0.97,0.92,0.97,0.97,0.94,0.94
1201,0.89,0.92,0.96,0.92,0.97,0.98,0.94,0.94
1202,0.92,0.92,0.97,0.92,0.98,0.97,0.94,0.94
1203,0.88,0.9,0.96,0.92,0.98,0.98,0.94,0.94
1204,0.88,0.92,0.96,0.91,0.98,0.98,0.94,0.95
1205,0.88,0.92,0.96,0.91,0.98,0.98,0.95,0.95
1206,0.89,0.92,0.96,0.92,0.97,0.98,0.94,0.95
1207,0.88,0.94,0.96,0.92,0.98,0.98,0.94,0.95
1208,0.87,0.94,0.97,0.91,0.98,0.98,0.95,0.95
1209,0.87,0.92,0.96,0.91,0.98,0.98,0.95,0.95
1210,0.87,0.92,0.96,0.91,0.97,0.98,0.95,0.95
1211,0.88,0.94,0.96,0.91,0.98,0.97,0.95,0.95
1212,0.87,0.92,0.96,0.91,0.98,0.98,0.95,0.95
1213,0.86,0.92,0.96,0.91,0.98,0.98,0.95,0.96
1214,0.86,0.9,0.95,0.91,0.98,0.97,0.95,0.96
1215,0.86,0.92,0.95,0.9,0.98,0.98,0.95,0.96
1216,0.87,0.92,0.95,0.91,0.98,0.98,0.95,0.96
1217,0.87,0.9,0.96,0.9,0.98,0.98,0.95,0.96
1218,0.86,0.92,0.94,0.91,0.98,0.98,0.95,0.96
1219,0.86,0.92,0.95,0.91,0.98,0.98,0.95,0.96
1220,0.87,0.92,0.95,0.9,0.98,0.98,0.95,0.96
1221,0.86,0.92,0.94,0.91,0.98,0.98,0.95,0.96
1222,0.86,0.92,0.94,0.9,0.98,0.98,0.95,0.96
1223,0.86,0.9,0.94,0.9,0.98,0.98,0.95,0.96
1224,0.87,0.9,0.93,0.9,0.98,0.98,0.95,0.96
1225,0.86,0.9,0.93,0.9,0.98,0.98,0.95,0.96
1226,0.87,0.9,0.93,0.9,0.98,0.98,0.96,0.96
1227,0.86,0.9,0.93,0.9,0.98,0.98,0.96,0.96
1228,0.87,0.9,0.93,0.9,0.98,0.98,0.96,0.96
1229,0.86,0.9,0.94,0.9,0.98,0.98,0.96,0.96
1230,0.87,0.9,0.93,0.9,0.98,0.98,0.96,0.96
1231,0.89,0.9,0.93,0.9,0.98,0.98,0.96,0.96
1232,0.87,0.9,0.93,0.9,0.98,0.98,0.96,0.96
1233,0.87,0.9,0.94,0.9,0.98,0.98,0.96,0.97
1234,0.88,0.9,0.93,0.9,0.98,0.98,0.96,0.97
1235,0.88,0.9,0.93,0.9,0.98,0.98,0.96,0.96
1236,0.88,0.9,0.93,0.9,0.98,0.98,0.96,0.96
1237,0.89,0.9,0.94,0.9,0.99,0.98,0.96,0.96
1238,0.88,0.9,0.94,0.9,0.98,0.98,0.96,0.96
1239,0.88,0.9,0.94,0.9,0.98,0.98,0.96,0.97
1240,0.88,0.9,0.94,0.9,0.98,0.98,0.96,0.97
1241,0.88,0.9,0.94,0.9,0.98,0.98,0.96,0.97
1242,0.88,0.9,0.95,0.9,0.99,0.98,0.96,0.96
1243,0.88,0.9,0.95,0.9,0.98,0.98,0.96,0.96
1244,0.88,0.9,0.95,0.89,0.98,0.98,0.96,0.97
1245,0.88,0.9,0.94,0.9,0.98,0.98,0.96,0.97
1246,0.88,0.88,0.94,0.9,0.99,0.98,0.96,0.96
1247,0.88,0.9,0.95,0.9,0.98,0.98,0.96,0.97
1248,0.88,0.9,0.95,0.89,0.98,0.98,0.96,0.97
1249,0.9,0.88,0.95,0.89,0.98,0.98,0.96,0.96
1250,0.88,0.88,0.96,0.89,0.98,0.98,0.96,0.96
1251,0.89,0.88,0.96,0.89,0.98,0.98,0.96,0.97
1252,0.9,0.88,0.95,0.89,0.98,0.98,0.97,0.97
1253,0.89,0.9,0.95,0.89,0.98,0.98,0.97,0.97
1254,0.88,0.88,0.95,0.89,0.98,0.98,0.96,0.96
1255,0.88,0.88,0.96,0.89,0.98,0.98,0.96,0.97
1256,0.88,0.88,0.94,0.89,0.98,0.98,0.96,0.97
1257,0.88,0.88,0.95,0.89,0.98,0.98,0.96,0.97
1258,0.88,0.88,0.94,0.89,0.98,0.98,0.96,0.97
1259,0.88,0.86,0.94,0.89,0.98,0.98,0.96,0.97
1260,0.89,0.88,0.94,0.89,0.98,0.98,0.96,0.97
1261,0.88,0.86,0.95,0.89,0.98,0.98,0.96,0.96
1262,0.88,0.86,0.94,0.89,0.98,0.98,0.96,0.97
1263,0.88,0.88,0.95,0.88,0.98,0.98,0.95,0.96
1264,0.88,0.88,0.95,0.88,0.98,0.98,0.95,0.96
1265,0.88,0.86,0.95,0.88,0.98,0.98,0.95,0.96
1266,0.88,0.88,0.95,0.88,0.98,0.98,0.95,0.96
1267,0.88,0.86,0.95,0.88,0.98,0.98,0.95,0.96
1268,0.89,0.88,0.95,0.88,0.98,0.98,0.95,0.96
1269,0.88,0.86,0.95,0.88,0.98,0.98,0.95,0.96
1270,0.89,0.86,0.94,0.88,0.98,0.98,0.95,0.95
1271,0.88,0.88,0.95,0.88,0.98,0.98,0.94,0.95
1272,0.89,0.88,0.95,0.88,0.98,0.98,0.94,0.95
1273,0.89,0.86,0.95,0.88,0.98,0.98,0.94,0.95
1274,0.89,0.86,0.94,0.88,0.98,0.98,0.94,0.95
1275,0.89,0.86,0.95,0.88,0.98,0.98,0.94,0.95
1276,0.89,0.86,0.95,0.88,0.98,0.98,0.94,0.95
1277,0.89,0.86,0.95,0.88,0.98,0.98,0.94,0.95
1278,0.88,0.86,0.95,0.88,0.98,0.97,0.94,0.94
1279,0.88,0.86,0.95,0.88,0.97,0.98,0.94,0.94
1280,0.9,0.88,0.95,0.88,0.97,0.98,0.94,0.94
1281,0.9,0.88,0.95,0.88,0.97,0.97,0.94,0.94
1282,0.87,0.88,0.95,0.88,0.97,0.98,0.94,0.93
1283,0.9,0.88,0.95,0.88,0.97,0.98,0.94,0.94
1284,0.88,0.88,0.95,0.87,0.97,0.98,0.94,0.93
1285,0.87,0.88,0.95,0.87,0.97,0.98,0.93,0.94
1286,0.86,0.9,0.96,0.88,0.97,0.97,0.93,0.93
1287,0.86,0.88,0.95,0.87,0.97,0.97,0.93,0.93
1288,0.86,0.9,0.95,0.88,0.97,0.97,0.94,0.93
1289,0.85,0.88,0.94,0.88,0.97,0.97,0.94,0.93
1290,0.86,0.88,0.95,0.88,0.97,0.97,0.93,0.93
1291,0.85,0.9,0.93,0.88,0.97,0.97,0.93,0.93
1292,0.85,0.88,0.93,0.87,0.97,0.97,0.94,0.93
1293,0.85,0.88,0.93,0.87,0.97,0.97,0.93,0.93
1294,0.83,0.88,0.93,0.87,0.97,0.97,0.94,0.93
1295,0.82,0.88,0.93,0.87,0.97,0.97,0.93,0.93
1296,0.83,0.88,0.92,0.86,0.97,0.97,0.93,0.93
1297,0.82,0.88,0.91,0.87,0.97,0.96,0.93,0.93
1298,0.82,0.88,0.91,0.86,0.97,0.97,0.93,0.93
1299,0.83,0.88,0.91,0.86,0.97,0.97,0.93,0.93
1300,0.81,0.88,0.9,0.86,0.96,0.96,0.93,0.92
1301,0.81,0.88,0.9,0.86,0.96,0.96,0.92,0.92
1302,0.8,0.88,0.88,0.85,0.96,0.96,0.91,0.92
1303,0.8,0.86,0.87,0.85,0.96,0.96,0.91,0.91
1304,0.81,0.86,0.87,0.85,0.96,0.95,0.9,0.91
1305,0.81,0.86,0.87,0.85,0.96,0.96,0.9,0.91
1306,0.79,0.86,0.87,0.85,0.96,0.96,0.9,0.91
1307,0.81,0.84,0.86,0.85,0.95,0.95,0.89,0.9
1308,0.77,0.84,0.86,0.85,0.95,0.95,0.89,0.9
1309,0.81,0.84,0.86,0.85,0.95,0.95,0.89,0.89
1310,0.79,0.84,0.86,0.85,0.95,0.95,0.88,0.89
1311,0.77,0.84,0.84,0.85,0.94,0.94,0.88,0.89
1312,0.77,0.82,0.84,0.84,0.94,0.94,0.87,0.88
1313,0.76,0.82,0.84,0.85,0.94,0.94,0.87,0.88
1314,0.79,0.82,0.83,0.84,0.94,0.95,0.87,0.88
1315,0.79,0.82,0.83,0.84,0.94,0.94,0.86,0.88
1316,0.76,0.82,0.83,0.83,0.94,0.94,0.86,0.87
1317,0.79,0.82,0.83,0.84,0.93,0.93,0.85,0.87
1318,0.76,0.8,0.83,0.83,0.93,0.94,0.85,0.87
1319,0.76,0.8,0.82,0.82,0.93,0.93,0.84,0.86
1320,0.75,0.8,0.82,0.83,0.93,0.93,0.84,0.86
1321,0.75,0.78,0.81,0.82,0.93,0.93,0.83,0.86
1322,0.75,0.8,0.82,0.82,0.92,0.92,0.83,0.85
1323,0.75,0.78,0.81,0.82,0.92,0.92,0.82,0.85
1324,0.75,0.8,0.8,0.82,0.91,0.92,0.82,0.84
1325,0.74,0.78,0.8,0.82,0.91,0.92,0.81,0.84
1326,0.74,0.76,0.8,0.82,0.91,0.92,0.81,0.83
1327,0.74,0.78,0.8,0.82,0.91,0.91,0.81,0.83
1328,0.74,0.76,0.78,0.82,0.9,0.91,0.8,0.82
1329,0.73,0.76,0.78,0.82,0.9,0.91,0.8,0.82
1330,0.71,0.73,0.78,0.81,0.9,0.9,0.8,0.82
1331,0.73,0.73,0.78,0.8,0.89,0.9,0.8,0.81
1332,0.71,0.73,0.77,0.81,0.89,0.9,0.79,0.81
1333,0.71,0.71,0.75,0.79,0.88,0.89,0.79,0.8
1334,0.73,0.73,0.75,0.79,0.88,0.89,0.79,0.8
1335,0.7,0.73,0.76,0.8,0.88,0.89,0.79,0.8
1336,0.69,0.71,0.75,0.79,0.88,0.89,0.79,0.8
1337,0.69,0.73,0.74,0.79,0.88,0.88,0.78,0.79
1338,0.69,0.71,0.74,0.79,0.87,0.88,0.78,0.79
1339,0.69,0.69,0.72,0.79,0.87,0.87,0.78,0.78
1340,0.67,0.69,0.72,0.78,0.87,0.87,0.78,0.77
1341,0.7,0.69,0.72,0.78,0.87,0.87,0.77,0.77
1342,0.67,0.67,0.72,0.78,0.86,0.87,0.77,0.77
1343,0.67,0.67,0.71,0.76,0.86,0.87,0.77,0.77
1344,0.65,0.67,0.7,0.76,0.85,0.86,0.77,0.76
1345,0.64,0.67,0.69,0.76,0.85,0.86,0.77,0.76
1346,0.64,0.65,0.68,0.76,0.85,0.85,0.76,0.75
1347,0.64,0.67,0.69,0.76,0.85,0.85,0.76,0.76
1348,0.63,0.63,0.68,0.76,0.85,0.85,0.75,0.75
1349,0.63,0.63,0.67,0.75,0.84,0.85,0.75,0.74
1350,0.63,0.65,0.67,0.75,0.84,0.85,0.75,0.75
1351,0.64,0.65,0.67,0.75,0.84,0.85,0.75,0.74
1352,0.61,0.63,0.66,0.75,0.84,0.84,0.75,0.74
1353,0.61,0.61,0.64,0.74,0.83,0.84,0.74,0.73
1354,0.61,0.61,0.64,0.74,0.83,0.83,0.74,0.73
1355,0.6,0.59,0.64,0.74,0.82,0.83,0.73,0.72
1356,0.6,0.59,0.63,0.73,0.82,0.83,0.73,0.72
1357,0.6,0.59,0.63,0.73,0.82,0.82,0.72,0.72
1358,0.58,0.59,0.62,0.73,0.81,0.82,0.72,0.72
1359,0.57,0.59,0.62,0.72,0.81,0.82,0.72,0.71
1360,0.57,0.57,0.61,0.72,0.81,0.81,0.71,0.7
1361,0.57,0.57,0.6,0.71,0.8,0.81,0.7,0.7
1362,0.56,0.55,0.59,0.71,0.8,0.81,0.69,0.7
1363,0.57,0.55,0.59,0.71,0.79,0.8,0.69,0.69
1364,0.56,0.55,0.58,0.7,0.79,0.8,0.68,0.68
1365,0.55,0.53,0.57,0.69,0.78,0.79,0.67,0.67
1366,0.56,0.53,0.57,0.68,0.78,0.79,0.67,0.68
1367,0.54,0.53,0.57,0.68,0.78,0.79,0.67,0.67
1368,0.54,0.53,0.56,0.68,0.77,0.78,0.66,0.66
1369,0.55,0.53,0.55,0.68,0.77,0.78,0.65,0.66
1370,0.52,0.51,0.54,0.68,0.76,0.77,0.65,0.65
1371,0.51,0.51,0.54,0.67,0.76,0.77,0.64,0.65
1372,0.54,0.51,0.54,0.68,0.76,0.77,0.64,0.64
1373,0.51,0.51,0.53,0.67,0.75,0.76,0.63,0.64
1374,0.51,0.49,0.53,0.66,0.75,0.76,0.63,0.63
1375,0.52,0.49,0.51,0.65,0.74,0.76,0.62,0.63
1376,0.51,0.49,0.51,0.65,0.74,0.75,0.62,0.63
1377,0.51,0.47,0.51,0.65,0.73,0.75,0.61,0.62
1378,0.5,0.47,0.51,0.65,0.73,0.74,0.61,0.61
1379,0.49,0.47,0.5,0.64,0.72,0.74,0.6,0.61
1380,0.49,0.45,0.49,0.63,0.72,0.73,0.59,0.6
1381,0.49,0.45,0.49,0.64,0.72,0.73,0.59,0.6
1382,0.48,0.47,0.49,0.63,0.71,0.73,0.59,0.6
1383,0.5,0.45,0.48,0.62,0.71,0.73,0.58,0.59
1384,0.49,0.45,0.48,0.62,0.7,0.72,0.57,0.59
1385,0.49,0.43,0.47,0.62,0.7,0.72,0.57,0.58
1386,0.46,0.45,0.47,0.62,0.7,0.72,0.57,0.58
1387,0.46,0.43,0.46,0.62,0.7,0.71,0.56,0.57
1388,0.45,0.43,0.46,0.61,0.69,0.7,0.56,0.57
1389,0.46,0.43,0.46,0.61,0.69,0.7,0.55,0.57
1390,0.45,0.41,0.46,0.6,0.68,0.69,0.55,0.56
1391,0.45,0.43,0.44,0.6,0.68,0.69,0.54,0.56
1392,0.44,0.41,0.45,0.6,0.67,0.69,0.54,0.55
1393,0.44,0.41,0.44,0.59,0.67,0.69,0.54,0.55
1394,0.44,0.41,0.43,0.59,0.67,0.68,0.53,0.54
1395,0.44,0.39,0.43,0.59,0.66,0.68,0.53,0.54
1396,0.44,0.39,0.43,0.58,0.66,0.67,0.53,0.54
1397,0.43,0.39,0.43,0.58,0.65,0.67,0.52,0.53
1398,0.44,0.39,0.42,0.57,0.65,0.67,0.51,0.53
1399,0.42,0.37,0.41,0.57,0.64,0.66,0.51,0.52
1400,0.42,0.37,0.41,0.57,0.64,0.66,0.5,0.52
1401,0.4,0.37,0.41,0.56,0.63,0.66,0.49,0.51
1402,0.4,0.37,0.4,0.56,0.63,0.65,0.49,0.51
1403,0.4,0.37,0.4,0.55,0.63,0.65,0.49,0.51
1404,0.4,0.35,0.39,0.56,0.62,0.64,0.48,0.5
1405,0.39,0.35,0.39,0.54,0.61,0.64,0.48,0.5
1406,0.39,0.35,0.38,0.54,0.61,0.63,0.47,0.49
1407,0.39,0.33,0.38,0.54,0.61,0.63,0.47,0.49
1408,0.39,0.33,0.38,0.54,0.6,0.63,0.47,0.48
1409,0.38,0.33,0.38,0.53,0.6,0.63,0.46,0.48
1410,0.39,0.33,0.38,0.53,0.6,0.62,0.46,0.48
1411,0.37,0.33,0.37,0.52,0.59,0.62,0.46,0.47
1412,0.38,0.33,0.37,0.52,0.59,0.61,0.45,0.47
1413,0.37,0.31,0.36,0.52,0.58,0.61,0.45,0.47
1414,0.37,0.31,0.36,0.51,0.58,0.6,0.45,0.46
1415,0.37,0.31,0.36,0.51,0.58,0.6,0.44,0.46
1416,0.36,0.31,0.35,0.51,0.57,0.6,0.44,0.45
1417,0.37,0.31,0.35,0.5,0.57,0.6,0.44,0.45
1418,0.36,0.31,0.35,0.49,0.57,0.6,0.43,0.45
1419,0.35,0.31,0.33,0.49,0.56,0.59,0.43,0.44
1420,0.35,0.29,0.34,0.49,0.56,0.59,0.43,0.44
1421,0.36,0.29,0.34,0.49,0.56,0.58,0.42,0.44
1422,0.35,0.29,0.34,0.49,0.55,0.58,0.42,0.44
1423,0.37,0.29,0.33,0.49,0.55,0.57,0.42,0.44
1424,0.33,0.29,0.33,0.49,0.54,0.57,0.42,0.43
1425,0.33,0.27,0.32,0.48,0.54,0.57,0.41,0.43
1426,0.33,0.27,0.32,0.48,0.54,0.56,0.41,0.42
1427,0.33,0.27,0.31,0.47,0.53,0.56,0.41,0.42
1428,0.33,0.27,0.32,0.46,0.53,0.56,0.4,0.42
1429,0.32,0.27,0.31,0.47,0.53,0.55,0.4,0.42
1430,0.35,0.27,0.31,0.46,0.52,0.55,0.4,0.41
1431,0.32,0.27,0.3,0.46,0.52,0.55,0.4,0.41
1432,0.35,0.27,0.3,0.46,0.52,0.54,0.39,0.41
1433,0.35,0.27,0.3,0.46,0.52,0.54,0.39,0.4
1434,0.32,0.24,0.29,0.45,0.51,0.54,0.39,0.4
1435,0.33,0.24,0.29,0.45,0.51,0.54,0.39,0.4
1436,0.31,0.24,0.29,0.45,0.51,0.53,0.39,0.4
1437,0.3,0.24,0.28,0.43,0.5,0.53,0.38,0.39
1438,0.3,0.24,0.28,0.43,0.5,0.53,0.38,0.39
1439,0.32,0.24,0.28,0.43,0.5,0.53,0.38,0.39
1440,0.31,0.22,0.28,0.43,0.5,0.53,0.37,0.39
1441,0.3,0.22,0.27,0.43,0.49,0.52,0.37,0.38
1442,0.29,0.22,0.28,0.42,0.49,0.52,0.37,0.38
1443,0.29,0.22,0.27,0.43,0.49,0.51,0.37,0.38
1444,0.29,0.2,0.26,0.42,0.48,0.51,0.36,0.38
1445,0.29,0.22,0.25,0.41,0.48,0.51,0.36,0.37
1446,0.29,0.22,0.26,0.41,0.48,0.51,0.36,0.37
1447,0.27,0.2,0.25,0.41,0.48,0.5,0.36,0.37
1448,0.27,0.22,0.25,0.4,0.47,0.5,0.35,0.37
1449,0.27,0.2,0.24,0.4,0.47,0.5,0.35,0.36
1450,0.27,0.2,0.25,0.4,0.47,0.5,0.35,0.36
1451,0.27,0.2,0.25,0.4,0.46,0.49,0.35,0.36
1452,0.29,0.2,0.24,0.4,0.46,0.49,0.34,0.36
1453,0.27,0.18,0.24,0.4,0.46,0.49,0.34,0.35
1454,0.29,0.18,0.23,0.39,0.45,0.48,0.34,0.35
1455,0.29,0.18,0.22,0.38,0.45,0.48,0.33,0.35
1456,0.26,0.18,0.22,0.38,0.45,0.48,0.33,0.35
1457,0.26,0.18,0.22,0.38,0.45,0.48,0.33,0.35
1458,0.29,0.18,0.22,0.38,0.45,0.47,0.33,0.35
1459,0.25,0.18,0.22,0.38,0.44,0.47,0.33,0.34
1460,0.26,0.18,0.22,0.38,0.44,0.47,0.32,0.34
1461,0.24,0.18,0.22,0.38,0.43,0.47,0.32,0.34
1462,0.25,0.16,0.22,0.36,0.43,0.46,0.32,0.33
1463,0.25,0.18,0.21,0.36,0.43,0.46,0.32,0.33
1464,0.25,0.16,0.21,0.36,0.43,0.46,0.31,0.33
1465,0.25,0.16,0.2,0.35,0.42,0.46,0.31,0.33
1466,0.24,0.16,0.2,0.35,0.42,0.45,0.31,0.32
1467,0.24,0.16,0.2,0.35,0.42,0.45,0.31,0.32
1468,0.24,0.16,0.2,0.35,0.42,0.45,0.31,0.32
1469,0.24,0.16,0.2,0.35,0.42,0.44,0.3,0.32
1470,0.23,0.14,0.2,0.35,0.41,0.44,0.3,0.32
1471,0.24,0.16,0.19,0.34,0.41,0.44,0.3,0.32
1472,0.23,0.14,0.2,0.34,0.41,0.44,0.3,0.31
1473,0.23,0.14,0.19,0.34,0.41,0.44,0.3,0.31
1474,0.21,0.14,0.2,0.35,0.4,0.44,0.3,0.31
1475,0.23,0.14,0.19,0.33,0.4,0.43,0.29,0.31
1476,0.21,0.14,0.19,0.33,0.4,0.43,0.29,0.31
1477,0.21,0.14,0.18,0.32,0.4,0.43,0.29,0.31
1478,0.23,0.14,0.19,0.32,0.39,0.43,0.28,0.3
1479,0.21,0.14,0.18,0.32,0.39,0.42,0.28,0.3
1480,0.21,0.12,0.17,0.32,0.39,0.42,0.28,0.3
1481,0.21,0.12,0.18,0.32,0.39,0.42,0.28,0.3
1482,0.2,0.12,0.18,0.32,0.39,0.42,0.28,0.29
1483,0.21,0.14,0.17,0.31,0.38,0.41,0.27,0.29
1484,0.2,0.12,0.17,0.31,0.38,0.41,0.27,0.29
1485,0.2,0.12,0.17,0.31,0.38,0.41,0.27,0.29
1486,0.21,0.12,0.17,0.31,0.37,0.4,0.27,0.29
1487,0.21,0.12,0.17,0.3,0.37,0.4,0.27,0.29
1488,0.2,0.12,0.16,0.29,0.37,0.4,0.26,0.28
1489,0.19,0.12,0.16,0.3,0.37,0.4,0.26,0.28
1490,0.2,0.12,0.16,0.29,0.37,0.4,0.26,0.28
1491,0.19,0.12,0.16,0.29,0.37,0.4,0.26,0.28
1492,0.2,0.1,0.16,0.29,0.37,0.4,0.26,0.28
1493,0.19,0.1,0.16,0.29,0.36,0.39,0.26,0.27
1494,0.2,0.1,0.17,0.29,0.36,0.39,0.26,0.27
1495,0.19,0.12,0.16,0.28,0.36,0.39,0.26,0.27
1496,0.21,0.1,0.16,0.29,0.36,0.39,0.26,0.27
1497,0.19,0.12,0.15,0.28,0.36,0.38,0.25,0.27
1498,0.18,0.1,0.15,0.28,0.35,0.38,0.25,0.26
1499,0.19,0.1,0.15,0.27,0.35,0.38,0.25,0.27
