0,0.02,0.04,0.01,0.0,0.0,0.01,0.01,0.01
1,0.01,0.02,0.01,0.01,0.0,0.02,0.01,0.01
2,0.02,0.04,0.01,0.01,0.01,0.02,0.01,0.01
3,0.01,0.04,0.01,0.01,0.0,0.01,0.01,0.01
4,0.02,0.02,0.01,0.01,0.0,0.01,0.01,0.01
5,0.01,0.04,0.01,0.01,0.0,0.01,0.01,0.01
6,0.01,0.04,0.01,0.01,0.0,0.01,0.01,0.01
7,0.02,0.02,0.01,0.01,0.01,0.01,0.01,0.01
8,0.02,0.04,0.01,0.01,0.0,0.01,0.01,0.01
9,0.02,0.02,0.01,0.01,0.01,0.01,0.01,0.01
10,0.03,0.02,0.01,0.01,0.0,0.01,0.01,0.01
11,0.03,0.04,0.01,0.01,0.0,0.02,0.01,0.01
12,0.03,0.04,0.01,0.01,0.0,0.01,0.01,0.01
13,0.03,0.02,0.01,0.01,0.01,0.02,0.01,0.01
14,0.01,0.04,0.01,0.01,0.0,0.01,0.01,0.01
15,0.01,0.04,0.01,0.01,0.0,0.01,0.01,0.01
16,0.04,0.04,0.01,0.01,0.0,0.02,0.01,0.01
17,0.01,0.04,0.01,0.01,0.01,0.01,0.01,0.01
18,0.02,0.04,0.01,0.01,0.0,0.02,0.01,0.01
19,0.01,0.02,0.01,0.01,0.0,0.01,0.01,0.01
20,0.02,0.04,0.01,0.01,0.0,0.01,0.01,0.01
21,0.02,0.04,0.01,0.01,0.0,0.01,0.01,0.01
22,0.02,0.04,0.01,0.01,0.0,0.02,0.01,0.01
23,0.02,0.04,0.01,0.01,0.01,0.01,0.01,0.01
24,0.02,0.02,0.01,0.01,0.01,0.02,0.01,0.01
25,0.03,0.04,0.01,0.01,0.0,0.01,0.01,0.01
26,0.01,0.04,0.01,0.02,0.0,0.01,0.01,0.01
27,0.02,0.02,0.01,0.02,0.0,0.01,0.01,0.01
28,0.02,0.02,0.01,0.02,0.0,0.02,0.01,0.01
29,0.02,0.04,0.01,0.01,0.0,0.01,0.01,0.01
30,0.02,0.04,0.01,0.02,0.0,0.01,0.01,0.01
31,0.02,0.04,0.01,0.02,0.01,0.01,0.01,0.01
32,0.02,0.04,0.01,0.02,0.01,0.02,0.01,0.01
33,0.03,0.04,0.01,0.02,0.0,0.01,0.01,0.01
34,0.03,0.04,0.02,0.02,0.01,0.01,0.02,0.01
35,0.03,0.04,0.02,0.02,0.0,0.02,0.01,0.01
36,0.02,0.04,0.02,0.02,0.01,0.02,0.01,0.01
37,0.02,0.04,0.01,0.02,0.0,0.01,0.02,0.01
38,0.04,0.04,0.02,0.02,0.01,0.02,0.02,0.01
39,0.03,0.04,0.01,0.02,0.01,0.01,0.01,0.01
40,0.03,0.04,0.02,0.02,0.01,0.02,0.02,0.01
41,0.03,0.04,0.02,0.03,0.01,0.02,0.02,0.02
42,0.03,0.04,0.01,0.02,0.01,0.02,0.01,0.02
43,0.03,0.02,0.02,0.02,0.01,0.01,0.02,0.02
44,0.02,0.04,0.01,0.03,0.01,0.02,0.02,0.01
45,0.04,0.04,0.02,0.03,0.01,0.02,0.02,0.02
46,0.05,0.04,0.01,0.03,0.01,0.02,0.02,0.02
47,0.03,0.04,0.02,0.03,0.01,0.02,0.02,0.02
48,0.02,0.02,0.02,0.03,0.01,0.02,0.02,0.01
49,0.02,0.04,0.01,0.03,0.01,0.01,0.02,0.02
50,0.03,0.02,0.01,0.04,0.01,0.02,0.02,0.02
51,0.05,0.04,0.02,0.04,0.01,0.02,0.02,0.02
52,0.03,0.04,0.02,0.04,0.01,0.02,0.02,0.02
53,0.06,0.04,0.02,0.04,0.01,0.02,0.02,0.02
54,0.03,0.04,0.02,0.04,0.01,0.02,0.02,0.02
55,0.03,0.04,0.02,0.05,0.01,0.02,0.02,0.02
56,0.03,0.04,0.03,0.05,0.01,0.02,0.02,0.02
57,0.04,0.04,0.02,0.05,0.01,0.02,0.02,0.02
58,0.05,0.04,0.02,0.05,0.01,0.02,0.02,0.02
59,0.03,0.04,0.02,0.05,0.01,0.02,0.02,0.02
60,0.05,0.04,0.03,0.05,0.01,0.02,0.02,0.02
61,0.03,0.02,0.02,0.05,0.01,0.02,0.02,0.02
62,0.05,0.02,0.02,0.05,0.01,0.02,0.02,0.02
63,0.03,0.04,0.03,0.05,0.01,0.02,0.03,0.02
64,0.03,0.02,0.02,0.05,0.01,0.02,0.02,0.02
65,0.03,0.04,0.03,0.06,0.01,0.02,0.03,0.02
66,0.06,0.04,0.02,0.06,0.01,0.02,0.03,0.02
67,0.03,0.04,0.03,0.05,0.02,0.02,0.03,0.02
68,0.03,0.04,0.03,0.06,0.01,0.02,0.03,0.02
69,0.03,0.04,0.02,0.06,0.01,0.02,0.03,0.02
70,0.04,0.04,0.03,0.07,0.01,0.02,0.03,0.02
71,0.04,0.04,0.02,0.06,0.02,0.02,0.03,0.02
72,0.03,0.04,0.03,0.07,0.02,0.02,0.03,0.02
73,0.03,0.04,0.03,0.07,0.01,0.02,0.03,0.02
74,0.03,0.04,0.02,0.07,0.02,0.02,0.03,0.02
75,0.03,0.04,0.02,0.07,0.02,0.02,0.02,0.02
76,0.03,0.04,0.03,0.08,0.01,0.02,0.02,0.02
77,0.03,0.02,0.02,0.07,0.01,0.02,0.02,0.02
78,0.04,0.04,0.03,0.08,0.01,0.02,0.03,0.02
79,0.03,0.04,0.03,0.08,0.02,0.02,0.03,0.02
80,0.03,0.04,0.03,0.08,0.02,0.02,0.02,0.02
81,0.04,0.04,0.03,0.08,0.02,0.02,0.02,0.02
82,0.03,0.04,0.03,0.08,0.02,0.02,0.03,0.02
83,0.04,0.04,0.03,0.08,0.02,0.02,0.03,0.02
84,0.03,0.04,0.03,0.08,0.02,0.02,0.02,0.02
85,0.05,0.04,0.03,0.08,0.02,0.02,0.03,0.02
86,0.03,0.02,0.03,0.08,0.02,0.02,0.03,0.02
87,0.03,0.02,0.03,0.08,0.02,0.02,0.03,0.02
88,0.03,0.04,0.03,0.09,0.02,0.02,0.03,0.02
89,0.04,0.04,0.03,0.08,0.02,0.02,0.03,0.02
90,0.03,0.04,0.03,0.09,0.02,0.02,0.03,0.02
91,0.03,0.04,0.03,0.09,0.02,0.02,0.02,0.02
92,0.05,0.04,0.03,0.1,0.02,0.02,0.03,0.02
93,0.03,0.02,0.03,0.1,0.02,0.02,0.03,0.02
94,0.05,0.04,0.03,0.09,0.02,0.02,0.02,0.02
95,0.03,0.04,0.03,0.1,0.02,0.02,0.02,0.02
96,0.03,0.04,0.03,0.1,0.02,0.02,0.03,0.02
97,0.04,0.04,0.03,0.11,0.02,0.02,0.03,0.02
98,0.03,0.02,0.03,0.11,0.02,0.02,0.02,0.02
99,0.03,0.04,0.03,0.11,0.02,0.02,0.02,0.02
100,0.03,0.02,0.03,0.11,0.02,0.02,0.02,0.02
101,0.03,0.02,0.03,0.11,0.02,0.02,0.02,0.02
102,0.04,0.02,0.03,0.11,0.02,0.02,0.02,0.02
103,0.03,0.04,0.03,0.11,0.02,0.02,0.02,0.02
104,0.04,0.04,0.03,0.11,0.02,0.02,0.02,0.02
105,0.03,0.04,0.03,0.11,0.02,0.02,0.02,0.02
106,0.03,0.04,0.03,0.11,0.02,0.02,0.02,0.02
107,0.04,0.02,0.03,0.11,0.02,0.02,0.02,0.02
108,0.02,0.04,0.03,0.12,0.02,0.02,0.02,0.02
109,0.03,0.02,0.03,0.12,0.02,0.02,0.02,0.02
110,0.03,0.04,0.03,0.12,0.02,0.02,0.02,0.02
111,0.03,0.04,0.03,0.12,0.02,0.02,0.02,0.02
112,0.03,0.04,0.03,0.12,0.02,0.02,0.02,0.02
113,0.02,0.02,0.03,0.12,0.02,0.02,0.02,0.02
114,0.03,0.04,0.03,0.12,0.02,0.02,0.02,0.02
115,0.03,0.02,0.03,0.13,0.02,0.02,0.02,0.02
116,0.02,0.04,0.03,0.13,0.02,0.02,0.02,0.02
117,0.02,0.02,0.03,0.13,0.02,0.02,0.02,0.02
118,0.03,0.02,0.03,0.13,0.02,0.02,0.02,0.02
119,0.03,0.04,0.03,0.13,0.02,0.02,0.02,0.02
120,0.02,0.04,0.03,0.14,0.02,0.02,0.02,0.02
121,0.02,0.04,0.03,0.13,0.02,0.02,0.02,0.02
122,0.02,0.02,0.03,0.14,0.02,0.02,0.02,0.02
123,0.05,0.04,0.03,0.14,0.02,0.02,0.02,0.02
124,0.03,0.04,0.03,0.14,0.02,0.02,0.02,0.02
125,0.02,0.02,0.03,0.14,0.02,0.02,0.02,0.02
126,0.02,0.04,0.03,0.14,0.02,0.02,0.02,0.01
127,0.02,0.02,0.03,0.14,0.02,0.02,0.02,0.02
128,0.02,0.02,0.03,0.14,0.02,0.02,0.01,0.02
129,0.02,0.04,0.03,0.14,0.02,0.02,0.02,0.02
130,0.05,0.02,0.03,0.14,0.02,0.02,0.02,0.02
131,0.02,0.02,0.03,0.15,0.02,0.02,0.01,0.02
132,0.03,0.02,0.03,0.14,0.02,0.02,0.02,0.02
133,0.02,0.02,0.03,0.15,0.02,0.02,0.02,0.02
134,0.03,0.04,0.03,0.15,0.02,0.02,0.02,0.02
135,0.03,0.02,0.03,0.15,0.02,0.02,0.02,0.02
136,0.03,0.02,0.03,0.15,0.01,0.02,0.02,0.02
137,0.02,0.02,0.03,0.15,0.02,0.02,0.02,0.02
138,0.03,0.02,0.03,0.15,0.02,0.02,0.02,0.02
139,0.02,0.02,0.03,0.16,0.02,0.02,0.01,0.02
140,0.03,0.02,0.03,0.16,0.02,0.02,0.02,0.02
141,0.03,0.02,0.03,0.15,0.01,0.02,0.01,0.02
142,0.02,0.04,0.03,0.16,0.02,0.02,0.01,0.02
143,0.02,0.02,0.03,0.16,0.02,0.02,0.01,0.01
144,0.02,0.02,0.03,0.17,0.02,0.02,0.02,0.02
145,0.02,0.02,0.03,0.16,0.02,0.02,0.01,0.02
146,0.02,0.02,0.03,0.17,0.02,0.02,0.02,0.02
147,0.02,0.02,0.03,0.17,0.02,0.02,0.01,0.01
148,0.02,0.02,0.03,0.16,0.02,0.02,0.02,0.02
149,0.02,0.02,0.02,0.17,0.02,0.02,0.01,0.01
150,0.02,0.02,0.03,0.17,0.02,0.02,0.01,0.02
151,0.03,0.04,0.02,0.17,0.01,0.02,0.01,0.02
152,0.02,0.02,0.02,0.17,0.01,0.02,0.01,0.01
153,0.02,0.02,0.02,0.17,0.01,0.02,0.01,0.01
154,0.02,0.02,0.03,0.17,0.01,0.02,0.01,0.01
155,0.02,0.02,0.02,0.17,0.01,0.02,0.01,0.01
156,0.03,0.02,0.02,0.17,0.02,0.02,0.01,0.01
157,0.02,0.04,0.02,0.17,0.01,0.02,0.01,0.01
158,0.02,0.02,0.03,0.17,0.02,0.02,0.01,0.01
159,0.04,0.02,0.02,0.18,0.01,0.02,0.01,0.01
160,0.04,0.02,0.03,0.18,0.01,0.02,0.01,0.01
161,0.02,0.02,0.03,0.18,0.02,0.02,0.01,0.01
162,0.04,0.02,0.03,0.18,0.01,0.02,0.01,0.01
163,0.02,0.02,0.03,0.18,0.02,0.02,0.01,0.01
164,0.02,0.02,0.02,0.17,0.01,0.02,0.01,0.01
165,0.03,0.04,0.02,0.19,0.01,0.02,0.01,0.01
166,0.02,0.04,0.01,0.19,0.01,0.02,0.01,0.01
167,0.02,0.02,0.03,0.18,0.01,0.02,0.01,0.01
168,0.04,0.02,0.02,0.19,0.01,0.02,0.01,0.01
169,0.01,0.02,0.01,0.18,0.01,0.02,0.01,0.01
170,0.01,0.02,0.03,0.18,0.01,0.02,0.01,0.01
171,0.02,0.02,0.02,0.19,0.01,0.01,0.01,0.01
172,0.04,0.02,0.02,0.19,0.01,0.02,0.01,0.01
173,0.02,0.02,0.02,0.19,0.01,0.02,0.01,0.01
174,0.02,0.02,0.03,0.19,0.01,0.02,0.01,0.01
175,0.02,0.04,0.02,0.19,0.01,0.02,0.01,0.01
176,0.02,0.02,0.02,0.19,0.01,0.02,0.01,0.01
177,0.01,0.02,0.02,0.2,0.01,0.02,0.01,0.01
178,0.02,0.02,0.02,0.2,0.01,0.02,0.01,0.01
179,0.04,0.02,0.02,0.19,0.01,0.02,0.01,0.01
180,0.01,0.02,0.03,0.2,0.01,0.01,0.01,0.01
181,0.02,0.02,0.01,0.19,0.01,0.02,0.01,0.01
182,0.02,0.02,0.01,0.2,0.01,0.02,0.01,0.01
183,0.04,0.02,0.01,0.2,0.01,0.02,0.01,0.01
184,0.02,0.02,0.01,0.2,0.01,0.01,0.01,0.01
185,0.03,0.02,0.02,0.2,0.01,0.01,0.01,0.01
186,0.01,0.02,0.02,0.2,0.01,0.02,0.01,0.01
187,0.02,0.02,0.02,0.2,0.01,0.02,0.01,0.01
188,0.01,0.02,0.02,0.2,0.01,0.02,0.01,0.01
189,0.03,0.02,0.03,0.2,0.01,0.02,0.01,0.01
190,0.04,0.02,0.02,0.2,0.01,0.01,0.01,0.01
191,0.02,0.02,0.01,0.2,0.01,0.02,0.0,0.01
192,0.04,0.02,0.02,0.2,0.01,0.02,0.01,0.01
193,0.01,0.02,0.02,0.2,0.01,0.01,0.01,0.01
194,0.02,0.04,0.01,0.2,0.01,0.01,0.01,0.01
195,0.02,0.04,0.01,0.2,0.01,0.01,0.01,0.01
196,0.02,0.04,0.01,0.2,0.01,0.01,0.01,0.01
197,0.01,0.02,0.01,0.2,0.01,0.01,0.01,0.01
198,0.01,0.02,0.01,0.2,0.01,0.01,0.01,0.01
199,0.02,0.02,0.01,0.2,0.01,0.02,0.01,0.01
200,0.01,0.02,0.02,0.2,0.01,0.02,0.01,0.01
201,0.02,0.02,0.02,0.2,0.01,0.02,0.01,0.01
202,0.01,0.02,0.01,0.2,0.01,0.01,0.01,0.01
203,0.01,0.02,0.01,0.2,0.01,0.01,0.01,0.01
204,0.01,0.02,0.01,0.2,0.01,0.01,0.01,0.01
205,0.03,0.02,0.01,0.2,0.01,0.01,0.0,0.01
206,0.01,0.02,0.01,0.2,0.01,0.01,0.01,0.01
207,0.02,0.02,0.01,0.2,0.01,0.01,0.01,0.01
208,0.0,0.02,0.01,0.2,0.01,0.02,0.01,0.01
209,0.01,0.02,0.02,0.2,0.01,0.01,0.01,0.01
210,0.02,0.02,0.02,0.2,0.01,0.01,0.01,0.0
211,0.01,0.02,0.01,0.2,0.01,0.01,0.01,0.01
212,0.01,0.02,0.01,0.2,0.01,0.01,0.01,0.01
213,0.01,0.02,0.01,0.21,0.01,0.01,0.01,0.01
214,0.01,0.02,0.01,0.2,0.01,0.01,0.01,0.01
215,0.01,0.02,0.01,0.21,0.01,0.01,0.01,0.01
216,0.01,0.02,0.02,0.21,0.01,0.01,0.01,0.0
217,0.01,0.02,0.01,0.21,0.01,0.01,0.01,0.01
218,0.01,0.04,0.01,0.21,0.01,0.01,0.01,0.0
219,0.0,0.02,0.01,0.2,0.01,0.01,0.01,0.01
220,0.01,0.02,0.01,0.21,0.01,0.01,0.01,0.01
221,0.01,0.02,0.01,0.21,0.01,0.01,0.0,0.01
222,0.0,0.02,0.01,0.21,0.01,0.01,0.01,0.01
223,0.02,0.02,0.01,0.21,0.01,0.01,0.0,0.01
224,0.0,0.02,0.01,0.21,0.01,0.01,0.01,0.0
225,0.01,0.02,0.01,0.21,0.01,0.01,0.01,0.01
226,0.01,0.0,0.01,0.21,0.01,0.01,0.01,0.01
227,0.01,0.02,0.01,0.21,0.01,0.01,0.01,0.01
228,0.0,0.02,0.01,0.21,0.01,0.01,0.01,0.01
229,0.01,0.02,0.01,0.21,0.01,0.01,0.0,0.01
230,0.02,0.02,0.01,0.21,0.01,0.01,0.0,0.01
231,0.0,0.02,0.01,0.21,0.01,0.01,0.0,0.01
232,0.0,0.02,0.01,0.21,0.01,0.01,0.01,0.01
233,0.02,0.02,0.01,0.21,0.01,0.01,0.01,0.01
234,0.01,0.02,0.01,0.21,0.01,0.01,0.0,0.01
235,0.0,0.02,0.01,0.21,0.01,0.01,0.0,0.01
236,0.03,0.02,0.01,0.21,0.01,0.01,0.01,0.01
237,0.01,0.04,0.01,0.21,0.01,0.01,0.0,0.01
238,0.01,0.04,0.01,0.21,0.01,0.01,0.01,0.0
239,0.01,0.02,0.01,0.21,0.01,0.01,0.0,0.01
240,0.01,0.02,0.01,0.21,0.01,0.01,0.01,0.01
241,0.03,0.02,0.01,0.21,0.01,0.01,0.0,0.0
242,0.01,0.0,0.01,0.21,0.01,0.01,0.0,0.01
243,0.01,0.02,0.01,0.21,0.01,0.01,0.0,0.01
244,0.01,0.02,0.01,0.21,0.01,0.01,0.01,0.01
245,0.01,0.0,0.01,0.21,0.0,0.01,0.0,0.01
246,0.01,0.02,0.01,0.21,0.01,0.01,0.01,0.01
247,0.01,0.02,0.01,0.21,0.01,0.01,0.0,0.01
248,0.01,0.02,0.01,0.21,0.01,0.01,0.01,0.0
249,0.01,0.02,0.01,0.21,0.0,0.01,0.01,0.01
250,0.01,0.02,0.01,0.21,0.01,0.01,0.01,0.0
251,0.0,0.02,0.01,0.21,0.01,0.01,0.0,0.01
252,0.02,0.0,0.01,0.21,0.01,0.01,0.0,0.01
253,0.01,0.0,0.01,0.21,0.01,0.01,0.0,0.0
254,0.01,0.02,0.01,0.22,0.01,0.01,0.0,0.01
255,0.03,0.0,0.01,0.21,0.01,0.01,0.01,0.01
256,0.0,0.0,0.01,0.21,0.0,0.01,0.01,0.01
257,0.01,0.0,0.01,0.21,0.01,0.01,0.0,0.0
258,0.03,0.0,0.01,0.21,0.01,0.01,0.0,0.01
259,0.0,0.02,0.01,0.21,0.01,0.01,0.01,0.01
260,0.01,0.04,0.01,0.21,0.01,0.01,0.0,0.01
261,0.01,0.02,0.01,0.21,0.0,0.01,0.01,0.01
262,0.01,0.02,0.01,0.21,0.01,0.01,0.01,0.01
263,0.0,0.02,0.01,0.21,0.01,0.01,0.01,0.01
264,0.01,0.02,0.01,0.21,0.01,0.01,0.0,0.0
265,0.01,0.02,0.01,0.21,0.0,0.01,0.0,0.0
266,0.01,0.02,0.01,0.21,0.01,0.01,0.0,0.0
267,0.01,0.02,0.01,0.21,0.01,0.01,0.0,0.0
268,0.0,0.02,0.01,0.21,0.01,0.01,0.01,0.01
269,0.0,0.02,0.01,0.21,0.01,0.01,0.0,0.0
270,0.01,0.0,0.01,0.21,0.01,0.01,0.01,0.01
271,0.0,0.02,0.01,0.21,0.01,0.01,0.01,0.01
272,0.01,0.02,0.01,0.21,0.0,0.01,0.01,0.01
273,0.01,0.02,0.01,0.21,0.01,0.01,0.01,0.0
274,0.0,0.02,0.01,0.21,0.01,0.01,0.01,0.01
275,0.0,0.02,0.01,0.21,0.01,0.01,0.0,0.01
276,0.01,0.02,0.01,0.21,0.01,0.01,0.0,0.0
277,0.0,0.02,0.01,0.21,0.01,0.0,0.01,0.0
278,0.01,0.02,0.01,0.21,0.0,0.01,0.0,0.01
279,0.01,0.0,0.01,0.22,0.01,0.01,0.0,0.0
280,0.0,0.02,0.01,0.21,0.01,0.01,0.0,0.01
281,0.0,0.0,0.01,0.21,0.01,0.01,0.0,0.01
282,0.0,0.02,0.01,0.21,0.0,0.01,0.0,0.0
283,0.0,0.0,0.01,0.21,0.01,0.01,0.01,0.0
284,0.01,0.02,0.01,0.21,0.0,0.01,0.0,0.0
285,0.0,0.02,0.0,0.21,0.01,0.01,0.0,0.0
286,0.03,0.02,0.01,0.21,0.0,0.01,0.0,0.0
287,0.01,0.02,0.01,0.21,0.0,0.01,0.0,0.0
288,0.0,0.02,0.01,0.21,0.01,0.01,0.0,0.01
289,0.0,0.02,0.01,0.2,0.01,0.01,0.0,0.0
290,0.0,0.02,0.01,0.21,0.0,0.01,0.0,0.0
291,0.0,0.02,0.01,0.21,0.01,0.01,0.0,0.0
292,0.01,0.02,0.01,0.21,0.01,0.01,0.0,0.0
293,0.0,0.0,0.01,0.21,0.0,0.01,0.0,0.0
294,0.0,0.02,0.01,0.21,0.0,0.01,0.0,0.01
295,0.02,0.04,0.01,0.2,0.01,0.01,0.0,0.0
296,0.01,0.02,0.0,0.21,0.0,0.01,0.0,0.0
297,0.01,0.0,0.01,0.21,0.0,0.01,0.0,0.0
298,0.0,0.0,0.01,0.21,0.01,0.01,0.0,0.0
299,0.01,0.0,0.01,0.21,0.0,0.01,0.0,0.0
300,0.0,0.02,0.0,0.21,0.01,0.01,0.0,0.0
301,0.0,0.02,0.01,0.21,0.0,0.01,0.0,0.0
302,0.0,0.0,0.01,0.21,0.0,0.0,0.0,0.0
303,0.0,0.0,0.01,0.21,0.0,0.01,0.0,0.0
304,0.0,0.0,0.01,0.21,0.01,0.01,0.0,0.0
305,0.0,0.02,0.01,0.21,0.01,0.01,0.0,0.0
306,0.0,0.0,0.01,0.21,0.01,0.01,0.0,0.0
307,0.01,0.0,0.01,0.21,0.0,0.01,0.0,0.0
308,0.0,0.0,0.01,0.21,0.0,0.0,0.0,0.0
309,0.02,0.02,0.0,0.21,0.0,0.0,0.0,0.0
310,0.0,0.02,0.01,0.21,0.0,0.01,0.0,0.0
311,0.0,0.02,0.01,0.21,0.01,0.0,0.0,0.0
312,0.01,0.02,0.01,0.21,0.0,0.01,0.0,0.0
313,0.0,0.02,0.0,0.21,0.0,0.01,0.0,0.0
314,0.01,0.0,0.01,0.21,0.0,0.0,0.0,0.0
315,0.02,0.0,0.01,0.21,0.0,0.01,0.0,0.0
316,0.0,0.0,0.01,0.21,0.0,0.01,0.0,0.0
317,0.0,0.02,0.01,0.21,0.0,0.0,0.0,0.0
318,0.01,0.0,0.0,0.21,0.01,0.01,0.0,0.0
319,0.0,0.02,0.01,0.21,0.01,0.0,0.0,0.0
320,0.0,0.0,0.0,0.21,0.0,0.0,0.0,0.0
321,0.01,0.0,0.01,0.21,0.0,0.01,0.0,0.0
322,0.0,0.0,0.01,0.21,0.01,0.0,0.0,0.0
323,0.0,0.02,0.01,0.21,0.0,0.0,0.0,0.0
324,0.0,0.0,0.01,0.21,0.0,0.0,0.0,0.0
325,0.0,0.02,0.01,0.21,0.0,0.0,0.0,0.0
326,0.01,0.02,0.01,0.21,0.0,0.0,0.0,0.0
327,0.0,0.02,0.01,0.22,0.0,0.0,0.0,0.0
328,0.02,0.02,0.01,0.21,0.0,0.01,0.0,0.0
329,0.0,0.0,0.01,0.21,0.0,0.0,0.0,0.0
330,0.0,0.0,0.01,0.21,0.0,0.0,0.0,0.0
331,0.0,0.02,0.0,0.21,0.0,0.0,0.0,0.0
332,0.0,0.02,0.01,0.22,0.0,0.0,0.0,0.0
333,0.01,0.02,0.01,0.21,0.0,0.01,0.0,0.0
334,0.0,0.0,0.01,0.21,0.01,0.0,0.0,0.0
335,0.0,0.0,0.01,0.22,0.0,0.0,0.0,0.0
336,0.0,0.02,0.0,0.22,0.0,0.0,0.0,0.0
337,0.0,0.02,0.0,0.21,0.0,0.01,0.0,0.0
338,0.0,0.0,0.0,0.21,0.0,0.01,0.0,0.0
339,0.0,0.02,0.01,0.21,0.0,0.0,0.0,0.0
340,0.0,0.02,0.01,0.21,0.01,0.0,0.0,0.0
341,0.01,0.0,0.0,0.21,0.0,0.0,0.0,0.0
342,0.01,0.0,0.0,0.21,0.0,0.0,0.0,0.0
343,0.0,0.0,0.01,0.21,0.0,0.0,0.0,0.0
344,0.0,0.0,0.01,0.21,0.0,0.0,0.0,0.0
345,0.01,0.02,0.0,0.21,0.0,0.0,0.0,0.0
346,0.0,0.0,0.0,0.21,0.0,0.01,0.0,0.0
347,0.01,0.02,0.01,0.22,0.0,0.0,0.0,0.0
348,0.01,0.0,0.0,0.22,0.0,0.0,0.0,0.0
349,0.0,0.0,0.01,0.22,0.0,0.0,0.0,0.0
350,0.0,0.0,0.01,0.21,0.0,0.0,0.0,0.0
351,0.01,0.02,0.01,0.22,0.0,0.0,0.0,0.0
352,0.0,0.02,0.01,0.21,0.0,0.0,0.0,0.0
353,0.0,0.02,0.01,0.22,0.0,0.0,0.0,0.0
354,0.0,0.02,0.0,0.22,0.0,0.0,0.0,0.0
355,0.0,0.0,0.0,0.22,0.0,0.0,0.0,0.0
356,0.02,0.02,0.0,0.22,0.0,0.0,0.0,0.0
357,0.0,0.0,0.0,0.22,0.0,0.0,0.0,0.0
358,0.01,0.0,0.0,0.22,0.0,0.0,0.0,0.0
359,0.0,0.02,0.01,0.22,0.0,0.0,0.0,0.0
360,0.03,0.02,0.0,0.22,0.0,0.0,0.0,0.0
361,0.0,0.0,0.01,0.22,0.0,0.0,0.0,0.0
362,0.0,0.0,0.0,0.22,0.0,0.0,0.0,0.0
363,0.0,0.0,0.01,0.22,0.0,0.0,0.0,0.0
364,0.0,0.0,0.01,0.22,0.0,0.0,0.01,0.0
365,0.0,0.0,0.01,0.22,0.0,0.0,0.01,0.0
366,0.0,0.02,0.01,0.22,0.0,0.0,0.01,0.01
367,0.0,0.02,0.0,0.22,0.0,0.0,0.01,0.0
368,0.0,0.0,0.01,0.22,0.0,0.0,0.01,0.0
369,0.01,0.0,0.01,0.22,0.0,0.0,0.01,0.0
370,0.0,0.02,0.01,0.22,0.0,0.0,0.01,0.01
371,0.01,0.0,0.01,0.22,0.01,0.0,0.01,0.01
372,0.01,0.02,0.01,0.23,0.01,0.0,0.02,0.01
373,0.01,0.02,0.01,0.23,0.01,0.01,0.02,0.01
374,0.01,0.02,0.01,0.23,0.01,0.01,0.02,0.01
375,0.01,0.02,0.01,0.23,0.01,0.01,0.02,0.01
376,0.01,0.02,0.01,0.22,0.01,0.0,0.03,0.02
377,0.01,0.0,0.01,0.23,0.01,0.01,0.03,0.01
378,0.01,0.02,0.01,0.23,0.01,0.01,0.03,0.02
379,0.01,0.02,0.01,0.23,0.01,0.01,0.03,0.02
380,0.01,0.0,0.01,0.23,0.01,0.01,0.04,0.02
381,0.01,0.02,0.01,0.23,0.01,0.01,0.04,0.02
382,0.01,0.02,0.01,0.23,0.01,0.01,0.04,0.03
383,0.03,0.02,0.01,0.23,0.02,0.02,0.05,0.03
384,0.04,0.02,0.01,0.22,0.02,0.02,0.05,0.03
385,0.03,0.02,0.01,0.23,0.02,0.02,0.06,0.04
386,0.03,0.02,0.01,0.23,0.02,0.02,0.06,0.04
387,0.03,0.02,0.01,0.23,0.02,0.02,0.07,0.04
388,0.03,0.02,0.01,0.23,0.03,0.02,0.07,0.05
389,0.03,0.02,0.02,0.23,0.02,0.02,0.07,0.05
390,0.04,0.02,0.02,0.23,0.03,0.02,0.08,0.05
391,0.04,0.04,0.02,0.23,0.03,0.02,0.08,0.06
392,0.04,0.04,0.02,0.23,0.03,0.02,0.08,0.06
393,0.05,0.04,0.03,0.23,0.04,0.02,0.09,0.07
394,0.06,0.04,0.03,0.23,0.04,0.03,0.09,0.07
395,0.06,0.04,0.03,0.23,0.04,0.03,0.09,0.07
396,0.06,0.04,0.03,0.23,0.04,0.03,0.1,0.07
397,0.07,0.07,0.03,0.23,0.04,0.03,0.1,0.08
398,0.08,0.04,0.04,0.23,0.05,0.03,0.11,0.08
399,0.08,0.04,0.04,0.24,0.05,0.04,0.12,0.09
400,0.08,0.07,0.03,0.24,0.05,0.04,0.12,0.09
401,0.1,0.04,0.04,0.24,0.05,0.04,0.12,0.09
402,0.1,0.07,0.05,0.24,0.06,0.05,0.12,0.1
403,0.1,0.07,0.05,0.24,0.06,0.05,0.13,0.1
404,0.1,0.09,0.05,0.24,0.06,0.05,0.13,0.1
405,0.11,0.07,0.05,0.24,0.07,0.05,0.14,0.11
406,0.13,0.07,0.06,0.24,0.07,0.05,0.15,0.11
407,0.14,0.09,0.07,0.24,0.07,0.06,0.15,0.11
408,0.13,0.09,0.07,0.25,0.08,0.06,0.16,0.12
409,0.15,0.09,0.08,0.25,0.08,0.06,0.16,0.12
410,0.15,0.09,0.08,0.25,0.08,0.06,0.17,0.12
411,0.14,0.13,0.08,0.25,0.09,0.07,0.18,0.13
412,0.15,0.11,0.08,0.25,0.09,0.07,0.19,0.13
413,0.16,0.11,0.1,0.25,0.09,0.07,0.19,0.14
414,0.16,0.11,0.1,0.26,0.1,0.07,0.19,0.14
415,0.16,0.11,0.1,0.26,0.1,0.08,0.2,0.15
416,0.17,0.13,0.11,0.26,0.11,0.08,0.21,0.16
417,0.17,0.13,0.11,0.26,0.11,0.08,0.22,0.16
418,0.19,0.15,0.12,0.26,0.11,0.09,0.23,0.17
419,0.19,0.15,0.12,0.26,0.12,0.09,0.23,0.17
420,0.2,0.15,0.13,0.26,0.13,0.09,0.24,0.18
421,0.2,0.17,0.14,0.26,0.13,0.1,0.25,0.19
422,0.21,0.15,0.13,0.26,0.13,0.1,0.25,0.19
423,0.22,0.15,0.15,0.26,0.14,0.1,0.26,0.2
424,0.21,0.17,0.15,0.27,0.14,0.11,0.27,0.2
425,0.22,0.17,0.15,0.26,0.15,0.11,0.27,0.21
426,0.23,0.17,0.17,0.27,0.16,0.12,0.29,0.22
427,0.24,0.17,0.18,0.28,0.16,0.12,0.29,0.22
428,0.24,0.17,0.18,0.27,0.16,0.12,0.3,0.22
429,0.25,0.2,0.18,0.28,0.17,0.13,0.3,0.23
430,0.25,0.2,0.19,0.28,0.18,0.13,0.31,0.23
431,0.28,0.22,0.2,0.28,0.18,0.14,0.31,0.24
432,0.27,0.22,0.2,0.28,0.18,0.14,0.32,0.25
433,0.28,0.22,0.22,0.29,0.2,0.14,0.33,0.26
434,0.3,0.22,0.22,0.29,0.2,0.15,0.34,0.27
435,0.29,0.22,0.23,0.29,0.2,0.16,0.34,0.27
436,0.29,0.24,0.24,0.29,0.21,0.16,0.35,0.28
437,0.3,0.24,0.24,0.29,0.21,0.16,0.35,0.28
438,0.31,0.24,0.25,0.29,0.22,0.17,0.36,0.29
439,0.31,0.24,0.26,0.29,0.22,0.17,0.37,0.29
440,0.32,0.24,0.26,0.29,0.23,0.18,0.38,0.3
441,0.33,0.26,0.27,0.3,0.24,0.18,0.38,0.31
442,0.33,0.26,0.27,0.3,0.24,0.19,0.39,0.31
443,0.34,0.26,0.29,0.31,0.25,0.2,0.39,0.32
444,0.34,0.26,0.29,0.31,0.25,0.2,0.4,0.32
445,0.37,0.28,0.3,0.31,0.26,0.2,0.4,0.33
446,0.35,0.28,0.31,0.32,0.26,0.21,0.41,0.33
447,0.37,0.28,0.32,0.31,0.27,0.21,0.41,0.34
448,0.36,0.3,0.33,0.32,0.28,0.22,0.42,0.34
449,0.37,0.3,0.34,0.32,0.28,0.23,0.42,0.35
450,0.38,0.3,0.35,0.32,0.29,0.23,0.43,0.35
451,0.39,0.3,0.35,0.32,0.29,0.23,0.43,0.36
452,0.39,0.3,0.36,0.32,0.3,0.23,0.43,0.36
453,0.4,0.3,0.37,0.32,0.3,0.24,0.44,0.37
454,0.41,0.33,0.38,0.33,0.31,0.25,0.44,0.37
455,0.41,0.33,0.38,0.33,0.31,0.25,0.45,0.38
456,0.41,0.33,0.39,0.33,0.32,0.25,0.45,0.38
457,0.42,0.33,0.39,0.34,0.32,0.26,0.45,0.39
458,0.43,0.35,0.41,0.34,0.33,0.27,0.46,0.39
459,0.43,0.35,0.41,0.34,0.33,0.27,0.46,0.39
460,0.44,0.35,0.43,0.35,0.34,0.27,0.46,0.4
461,0.44,0.35,0.43,0.35,0.35,0.28,0.47,0.41
462,0.47,0.37,0.43,0.35,0.35,0.28,0.47,0.41
463,0.46,0.37,0.44,0.35,0.35,0.29,0.47,0.42
464,0.46,0.37,0.45,0.35,0.36,0.3,0.48,0.42
465,0.47,0.39,0.46,0.35,0.37,0.3,0.48,0.42
466,0.46,0.37,0.46,0.36,0.37,0.3,0.48,0.43
467,0.47,0.39,0.47,0.36,0.37,0.3,0.48,0.43
468,0.49,0.39,0.47,0.37,0.38,0.31,0.48,0.43
469,0.48,0.39,0.48,0.37,0.38,0.31,0.49,0.44
470,0.49,0.41,0.49,0.37,0.39,0.32,0.49,0.44
471,0.51,0.41,0.49,0.38,0.39,0.32,0.49,0.44
472,0.52,0.41,0.5,0.38,0.4,0.33,0.5,0.44
473,0.52,0.41,0.51,0.38,0.4,0.33,0.5,0.45
474,0.53,0.43,0.52,0.38,0.41,0.34,0.51,0.45
475,0.53,0.43,0.52,0.38,0.41,0.34,0.51,0.45
476,0.53,0.43,0.53,0.38,0.42,0.34,0.51,0.46
477,0.53,0.43,0.54,0.39,0.42,0.35,0.52,0.46
478,0.53,0.43,0.54,0.39,0.43,0.36,0.52,0.47
479,0.53,0.43,0.55,0.4,0.43,0.36,0.52,0.47
480,0.54,0.46,0.56,0.4,0.44,0.36,0.53,0.47
481,0.55,0.46,0.56,0.4,0.44,0.36,0.53,0.48
482,0.57,0.46,0.57,0.4,0.44,0.37,0.54,0.48
483,0.55,0.46,0.57,0.41,0.45,0.37,0.54,0.48
484,0.56,0.48,0.59,0.41,0.45,0.38,0.54,0.48
485,0.56,0.48,0.59,0.41,0.45,0.38,0.54,0.49
486,0.57,0.48,0.59,0.41,0.46,0.39,0.54,0.49
487,0.59,0.48,0.6,0.42,0.46,0.39,0.55,0.5
488,0.58,0.48,0.61,0.42,0.47,0.39,0.55,0.5
489,0.59,0.48,0.61,0.42,0.47,0.4,0.56,0.5
490,0.59,0.5,0.62,0.42,0.47,0.4,0.56,0.51
491,0.59,0.52,0.62,0.42,0.48,0.4,0.56,0.51
492,0.6,0.5,0.63,0.43,0.48,0.4,0.56,0.51
493,0.61,0.52,0.64,0.44,0.49,0.41,0.57,0.52
494,0.61,0.52,0.64,0.44,0.49,0.41,0.58,0.52
495,0.63,0.52,0.65,0.44,0.5,0.42,0.58,0.53
496,0.62,0.54,0.66,0.44,0.5,0.42,0.58,0.53
497,0.62,0.52,0.66,0.44,0.5,0.43,0.58,0.53
498,0.63,0.52,0.68,0.45,0.51,0.43,0.59,0.54
499,0.63,0.52,0.66,0.45,0.51,0.43,0.59,0.54
500,0.64,0.54,0.68,0.45,0.51,0.44,0.6,0.54
501,0.64,0.54,0.68,0.46,0.52,0.45,0.6,0.55
502,0.64,0.54,0.69,0.46,0.52,0.44,0.61,0.55
503,0.65,0.54,0.69,0.46,0.53,0.45,0.61,0.55
504,0.65,0.57,0.7,0.47,0.53,0.45,0.62,0.56
505,0.67,0.57,0.7,0.47,0.53,0.46,0.62,0.56
506,0.65,0.59,0.71,0.47,0.54,0.46,0.62,0.56
507,0.67,0.57,0.71,0.47,0.55,0.47,0.63,0.57
508,0.67,0.59,0.71,0.47,0.55,0.47,0.63,0.57
509,0.67,0.59,0.73,0.48,0.55,0.48,0.64,0.57
510,0.69,0.59,0.73,0.49,0.56,0.48,0.65,0.58
511,0.67,0.59,0.73,0.49,0.56,0.48,0.65,0.58
512,0.68,0.59,0.74,0.5,0.56,0.49,0.66,0.59
513,0.69,0.61,0.74,0.5,0.57,0.49,0.66,0.59
514,0.69,0.61,0.74,0.5,0.57,0.49,0.66,0.6
515,0.69,0.61,0.74,0.5,0.57,0.5,0.66,0.6
516,0.72,0.61,0.75,0.5,0.58,0.5,0.67,0.6
517,0.7,0.61,0.75,0.5,0.58,0.5,0.67,0.61
518,0.7,0.61,0.75,0.51,0.58,0.51,0.68,0.61
519,0.7,0.61,0.76,0.51,0.59,0.51,0.68,0.62
520,0.71,0.63,0.76,0.52,0.59,0.51,0.68,0.62
521,0.74,0.63,0.76,0.52,0.6,0.52,0.69,0.63
522,0.73,0.63,0.77,0.52,0.6,0.52,0.69,0.63
523,0.73,0.65,0.76,0.53,0.6,0.53,0.7,0.64
524,0.72,0.63,0.77,0.53,0.61,0.53,0.7,0.64
525,0.73,0.65,0.77,0.53,0.61,0.54,0.7,0.64
526,0.72,0.63,0.78,0.53,0.61,0.54,0.71,0.65
527,0.74,0.65,0.78,0.53,0.62,0.55,0.71,0.65
528,0.74,0.65,0.78,0.54,0.62,0.55,0.72,0.66
529,0.74,0.65,0.79,0.54,0.62,0.55,0.72,0.66
530,0.73,0.65,0.8,0.55,0.63,0.56,0.73,0.67
531,0.74,0.65,0.79,0.55,0.63,0.56,0.73,0.67
532,0.73,0.65,0.8,0.55,0.64,0.57,0.73,0.67
533,0.75,0.65,0.8,0.56,0.64,0.57,0.73,0.67
534,0.74,0.67,0.8,0.56,0.65,0.58,0.74,0.68
535,0.74,0.67,0.8,0.56,0.65,0.58,0.74,0.68
536,0.75,0.65,0.81,0.56,0.65,0.58,0.75,0.69
537,0.75,0.67,0.82,0.56,0.66,0.59,0.75,0.69
538,0.75,0.67,0.82,0.56,0.66,0.59,0.76,0.69
539,0.75,0.67,0.82,0.57,0.66,0.59,0.77,0.7
540,0.75,0.67,0.82,0.57,0.67,0.59,0.76,0.7
541,0.77,0.67,0.82,0.58,0.67,0.6,0.77,0.71
542,0.76,0.67,0.83,0.58,0.67,0.6,0.77,0.71
543,0.76,0.67,0.83,0.59,0.68,0.61,0.77,0.71
544,0.77,0.67,0.83,0.59,0.68,0.61,0.77,0.71
545,0.76,0.7,0.83,0.59,0.68,0.61,0.78,0.72
546,0.77,0.67,0.83,0.59,0.69,0.62,0.78,0.72
547,0.76,0.7,0.83,0.59,0.69,0.62,0.79,0.73
548,0.77,0.67,0.84,0.59,0.69,0.63,0.79,0.73
549,0.76,0.7,0.84,0.6,0.7,0.63,0.79,0.74
550,0.77,0.67,0.84,0.6,0.7,0.64,0.79,0.74
551,0.77,0.67,0.84,0.6,0.7,0.64,0.79,0.74
552,0.79,0.7,0.85,0.61,0.7,0.64,0.8,0.74
553,0.78,0.7,0.85,0.62,0.71,0.64,0.8,0.75
554,0.78,0.7,0.85,0.62,0.71,0.65,0.8,0.75
555,0.78,0.7,0.85,0.61,0.72,0.65,0.8,0.75
556,0.8,0.72,0.85,0.62,0.71,0.66,0.8,0.76
557,0.78,0.72,0.86,0.62,0.72,0.66,0.81,0.76
558,0.8,0.7,0.86,0.62,0.72,0.66,0.81,0.76
559,0.79,0.7,0.87,0.62,0.72,0.66,0.81,0.76
560,0.79,0.72,0.86,0.62,0.73,0.67,0.81,0.77
561,0.79,0.72,0.87,0.63,0.73,0.67,0.81,0.77
562,0.8,0.72,0.87,0.64,0.73,0.68,0.81,0.77
563,0.8,0.72,0.87,0.64,0.74,0.68,0.81,0.77
564,0.8,0.72,0.87,0.64,0.74,0.68,0.81,0.78
565,0.81,0.72,0.87,0.64,0.74,0.68,0.82,0.78
566,0.8,0.72,0.87,0.64,0.74,0.68,0.81,0.78
567,0.8,0.74,0.88,0.65,0.74,0.68,0.82,0.78
568,0.81,0.74,0.87,0.65,0.75,0.69,0.82,0.78
569,0.8,0.72,0.88,0.65,0.75,0.69,0.82,0.78
570,0.81,0.74,0.89,0.66,0.76,0.7,0.82,0.79
571,0.81,0.74,0.88,0.66,0.76,0.7,0.82,0.79
572,0.82,0.74,0.89,0.66,0.76,0.71,0.82,0.79
573,0.81,0.74,0.88,0.67,0.76,0.71,0.82,0.79
574,0.82,0.74,0.89,0.67,0.76,0.72,0.82,0.79
575,0.84,0.74,0.88,0.67,0.76,0.72,0.82,0.79
576,0.82,0.74,0.88,0.67,0.77,0.72,0.82,0.8
577,0.82,0.74,0.89,0.68,0.77,0.72,0.82,0.8
578,0.83,0.74,0.89,0.68,0.77,0.73,0.82,0.8
579,0.83,0.76,0.89,0.68,0.77,0.73,0.82,0.8
580,0.84,0.74,0.89,0.68,0.77,0.73,0.82,0.8
581,0.83,0.74,0.89,0.68,0.77,0.73,0.82,0.8
582,0.85,0.76,0.89,0.68,0.78,0.73,0.82,0.81
583,0.84,0.76,0.89,0.69,0.78,0.73,0.81,0.8
584,0.84,0.76,0.89,0.69,0.78,0.73,0.81,0.81
585,0.85,0.76,0.89,0.69,0.78,0.74,0.82,0.81
586,0.86,0.78,0.9,0.69,0.78,0.74,0.81,0.81
587,0.87,0.76,0.9,0.69,0.78,0.74,0.81,0.81
588,0.85,0.78,0.9,0.7,0.78,0.74,0.81,0.81
589,0.86,0.78,0.9,0.7,0.79,0.75,0.81,0.81
590,0.85,0.78,0.9,0.71,0.79,0.75,0.82,0.82
591,0.86,0.78,0.9,0.7,0.79,0.75,0.81,0.81
592,0.86,0.78,0.9,0.71,0.79,0.75,0.81,0.81
593,0.87,0.8,0.9,0.71,0.79,0.75,0.81,0.82
594,0.88,0.8,0.9,0.71,0.8,0.76,0.81,0.82
595,0.87,0.8,0.9,0.71,0.8,0.76,0.82,0.82
596,0.9,0.83,0.9,0.71,0.8,0.76,0.82,0.82
597,0.87,0.8,0.9,0.71,0.8,0.76,0.82,0.82
598,0.9,0.8,0.9,0.72,0.8,0.76,0.82,0.82
599,0.89,0.83,0.9,0.72,0.8,0.76,0.82,0.83
600,0.89,0.8,0.9,0.72,0.8,0.76,0.82,0.83
601,0.89,0.83,0.9,0.72,0.8,0.77,0.82,0.83
602,0.9,0.83,0.9,0.72,0.81,0.77,0.82,0.83
603,0.92,0.83,0.9,0.72,0.81,0.77,0.82,0.83
604,0.9,0.83,0.9,0.73,0.81,0.77,0.83,0.84
605,0.9,0.85,0.9,0.73,0.81,0.77,0.83,0.84
606,0.91,0.85,0.9,0.73,0.81,0.77,0.83,0.84
607,0.91,0.85,0.89,0.73,0.81,0.78,0.83,0.84
608,0.92,0.85,0.89,0.74,0.82,0.78,0.82,0.84
609,0.91,0.87,0.89,0.74,0.82,0.78,0.82,0.84
610,0.91,0.85,0.89,0.74,0.82,0.78,0.82,0.84
611,0.9,0.85,0.89,0.74,0.82,0.79,0.81,0.84
612,0.9,0.85,0.89,0.74,0.82,0.79,0.81,0.84
613,0.9,0.87,0.89,0.74,0.82,0.79,0.81,0.84
614,0.9,0.85,0.88,0.74,0.82,0.79,0.81,0.83
615,0.89,0.85,0.87,0.74,0.82,0.79,0.8,0.83
616,0.89,0.87,0.87,0.74,0.82,0.79,0.8,0.83
617,0.88,0.85,0.87,0.74,0.82,0.79,0.8,0.83
618,0.88,0.85,0.87,0.74,0.82,0.79,0.8,0.83
619,0.87,0.85,0.87,0.74,0.82,0.79,0.79,0.82
620,0.87,0.85,0.87,0.74,0.81,0.79,0.79,0.82
621,0.87,0.85,0.87,0.74,0.82,0.79,0.78,0.82
622,0.85,0.85,0.87,0.75,0.81,0.79,0.77,0.81
623,0.85,0.85,0.87,0.74,0.81,0.79,0.77,0.81
624,0.88,0.85,0.86,0.75,0.81,0.79,0.77,0.81
625,0.84,0.83,0.85,0.75,0.81,0.79,0.77,0.8
626,0.85,0.83,0.85,0.74,0.81,0.79,0.76,0.8
627,0.83,0.83,0.85,0.75,0.8,0.78,0.76,0.8
628,0.83,0.83,0.85,0.75,0.8,0.79,0.75,0.79
629,0.84,0.83,0.85,0.75,0.8,0.79,0.76,0.79
630,0.83,0.8,0.85,0.75,0.8,0.78,0.75,0.79
631,0.83,0.83,0.85,0.75,0.8,0.78,0.76,0.79
632,0.83,0.8,0.85,0.75,0.8,0.78,0.75,0.79
633,0.84,0.83,0.85,0.76,0.8,0.78,0.75,0.78
634,0.83,0.8,0.86,0.76,0.8,0.78,0.75,0.78
635,0.83,0.83,0.85,0.75,0.79,0.78,0.75,0.78
636,0.84,0.8,0.86,0.75,0.79,0.78,0.75,0.78
637,0.83,0.8,0.87,0.76,0.79,0.78,0.75,0.78
638,0.84,0.83,0.87,0.76,0.79,0.78,0.75,0.78
639,0.83,0.83,0.87,0.76,0.79,0.78,0.75,0.78
640,0.83,0.83,0.87,0.76,0.79,0.77,0.75,0.78
641,0.84,0.8,0.87,0.76,0.79,0.78,0.75,0.78
642,0.83,0.8,0.87,0.76,0.79,0.78,0.75,0.78
643,0.83,0.8,0.88,0.77,0.79,0.78,0.75,0.78
644,0.83,0.8,0.87,0.77,0.79,0.77,0.75,0.78
645,0.83,0.8,0.88,0.77,0.79,0.78,0.75,0.77
646,0.84,0.78,0.87,0.77,0.79,0.77,0.75,0.78
647,0.83,0.8,0.88,0.77,0.78,0.77,0.76,0.77
648,0.84,0.8,0.88,0.77,0.79,0.77,0.75,0.77
649,0.83,0.8,0.88,0.77,0.79,0.77,0.76,0.78
650,0.83,0.8,0.89,0.77,0.78,0.77,0.76,0.77
651,0.83,0.8,0.88,0.77,0.78,0.77,0.76,0.77
652,0.83,0.78,0.89,0.77,0.78,0.77,0.76,0.78
653,0.86,0.8,0.89,0.77,0.78,0.77,0.76,0.78
654,0.84,0.8,0.89,0.77,0.79,0.77,0.77,0.78
655,0.84,0.8,0.89,0.77,0.79,0.77,0.77,0.78
656,0.86,0.8,0.89,0.77,0.78,0.78,0.77,0.78
657,0.84,0.8,0.89,0.77,0.78,0.77,0.77,0.78
658,0.84,0.8,0.9,0.77,0.79,0.77,0.77,0.78
659,0.85,0.8,0.9,0.77,0.79,0.77,0.78,0.78
660,0.85,0.8,0.9,0.77,0.79,0.78,0.78,0.78
661,0.84,0.8,0.9,0.78,0.79,0.78,0.78,0.78
662,0.85,0.8,0.9,0.78,0.79,0.78,0.78,0.78
663,0.85,0.8,0.9,0.78,0.79,0.78,0.79,0.79
664,0.85,0.8,0.9,0.78,0.79,0.78,0.79,0.79
665,0.85,0.8,0.91,0.78,0.79,0.78,0.8,0.79
666,0.85,0.8,0.9,0.78,0.79,0.78,0.8,0.79
667,0.84,0.8,0.9,0.79,0.79,0.78,0.81,0.8
668,0.84,0.8,0.91,0.79,0.8,0.78,0.81,0.8
669,0.85,0.83,0.9,0.79,0.8,0.78,0.81,0.8
670,0.85,0.8,0.91,0.79,0.8,0.79,0.81,0.8
671,0.84,0.8,0.91,0.79,0.8,0.79,0.82,0.8
672,0.86,0.8,0.91,0.79,0.8,0.79,0.82,0.81
673,0.85,0.8,0.92,0.79,0.8,0.79,0.83,0.8
674,0.83,0.8,0.92,0.79,0.81,0.79,0.84,0.82
675,0.84,0.8,0.92,0.8,0.81,0.8,0.85,0.82
676,0.85,0.78,0.92,0.8,0.81,0.8,0.85,0.82
677,0.85,0.78,0.91,0.8,0.82,0.8,0.85,0.82
678,0.83,0.78,0.92,0.8,0.81,0.8,0.85,0.82
679,0.83,0.78,0.92,0.8,0.82,0.8,0.85,0.82
680,0.86,0.78,0.92,0.8,0.82,0.8,0.85,0.83
681,0.83,0.78,0.92,0.8,0.82,0.8,0.85,0.83
682,0.84,0.78,0.92,0.8,0.82,0.8,0.85,0.83
683,0.84,0.78,0.92,0.8,0.82,0.8,0.85,0.83
684,0.84,0.8,0.92,0.8,0.82,0.8,0.85,0.83
685,0.84,0.8,0.92,0.8,0.82,0.8,0.85,0.83
686,0.83,0.8,0.92,0.8,0.82,0.8,0.85,0.83
687,0.84,0.8,0.92,0.8,0.83,0.81,0.85,0.83
688,0.84,0.8,0.92,0.8,0.83,0.8,0.85,0.83
689,0.84,0.8,0.92,0.81,0.83,0.81,0.85,0.83
690,0.86,0.8,0.92,0.8,0.83,0.81,0.85,0.83
691,0.85,0.8,0.92,0.81,0.83,0.81,0.85,0.83
692,0.85,0.8,0.93,0.81,0.83,0.81,0.85,0.83
693,0.85,0.8,0.92,0.81,0.83,0.81,0.85,0.83
694,0.85,0.8,0.93,0.81,0.83,0.81,0.85,0.83
695,0.85,0.8,0.93,0.8,0.83,0.81,0.85,0.83
696,0.85,0.8,0.93,0.81,0.83,0.81,0.85,0.83
697,0.85,0.8,0.94,0.81,0.83,0.81,0.85,0.83
698,0.87,0.8,0.93,0.81,0.83,0.82,0.85,0.83
699,0.88,0.83,0.93,0.81,0.83,0.82,0.84,0.83
700,0.87,0.8,0.94,0.81,0.83,0.81,0.85,0.83
701,0.86,0.83,0.94,0.81,0.84,0.82,0.84,0.83
702,0.87,0.8,0.94,0.81,0.83,0.82,0.84,0.83
703,0.87,0.83,0.94,0.82,0.83,0.82,0.84,0.83
704,0.87,0.83,0.94,0.82,0.84,0.82,0.84,0.83
705,0.87,0.83,0.94,0.82,0.84,0.82,0.84,0.83
706,0.87,0.83,0.94,0.82,0.84,0.82,0.84,0.83
707,0.88,0.83,0.94,0.82,0.84,0.82,0.84,0.83
708,0.88,0.83,0.94,0.82,0.84,0.82,0.84,0.83
709,0.88,0.83,0.95,0.82,0.84,0.82,0.84,0.83
710,0.88,0.83,0.94,0.83,0.84,0.82,0.84,0.83
711,0.88,0.85,0.94,0.82,0.84,0.82,0.84,0.83
712,0.89,0.85,0.95,0.83,0.84,0.82,0.84,0.83
713,0.88,0.85,0.95,0.82,0.84,0.82,0.84,0.83
714,0.88,0.85,0.96,0.82,0.84,0.82,0.84,0.83
715,0.89,0.83,0.96,0.83,0.84,0.82,0.85,0.83
716,0.88,0.85,0.96,0.83,0.84,0.82,0.85,0.84
717,0.88,0.85,0.96,0.83,0.84,0.82,0.85,0.84
718,0.88,0.85,0.96,0.83,0.85,0.82,0.85,0.84
719,0.88,0.83,0.96,0.83,0.85,0.82,0.85,0.84
720,0.87,0.85,0.96,0.83,0.84,0.82,0.86,0.84
721,0.87,0.85,0.96,0.83,0.85,0.82,0.86,0.84
722,0.87,0.83,0.96,0.83,0.85,0.82,0.86,0.84
723,0.87,0.85,0.95,0.83,0.85,0.83,0.87,0.84
724,0.86,0.83,0.96,0.83,0.85,0.83,0.87,0.84
725,0.86,0.83,0.96,0.83,0.85,0.82,0.87,0.84
726,0.88,0.83,0.96,0.83,0.85,0.83,0.87,0.85
727,0.86,0.85,0.95,0.83,0.85,0.83,0.87,0.85
728,0.85,0.83,0.95,0.83,0.85,0.83,0.88,0.85
729,0.87,0.83,0.95,0.83,0.85,0.83,0.88,0.85
730,0.85,0.83,0.96,0.83,0.85,0.83,0.88,0.85
731,0.84,0.83,0.95,0.83,0.85,0.83,0.88,0.85
732,0.83,0.8,0.95,0.83,0.86,0.84,0.88,0.85
733,0.86,0.83,0.96,0.83,0.86,0.83,0.88,0.86
734,0.83,0.8,0.95,0.84,0.85,0.84,0.88,0.86
735,0.83,0.8,0.95,0.83,0.86,0.84,0.88,0.85
736,0.85,0.8,0.95,0.84,0.85,0.84,0.88,0.85
737,0.85,0.8,0.96,0.84,0.86,0.84,0.88,0.86
738,0.83,0.83,0.96,0.84,0.86,0.84,0.88,0.86
739,0.84,0.78,0.96,0.84,0.86,0.84,0.87,0.86
740,0.84,0.83,0.96,0.84,0.86,0.84,0.87,0.85
741,0.85,0.8,0.96,0.84,0.85,0.84,0.87,0.86
742,0.84,0.8,0.96,0.83,0.85,0.84,0.87,0.86
743,0.84,0.8,0.96,0.84,0.86,0.84,0.87,0.86
744,0.85,0.8,0.96,0.84,0.85,0.84,0.87,0.86
745,0.85,0.8,0.96,0.84,0.86,0.84,0.87,0.85
746,0.85,0.8,0.96,0.84,0.86,0.84,0.86,0.86
747,0.85,0.8,0.96,0.84,0.86,0.84,0.86,0.86
748,0.86,0.83,0.96,0.85,0.86,0.84,0.86,0.86
749,0.86,0.83,0.96,0.84,0.86,0.84,0.86,0.86
750,0.86,0.83,0.96,0.84,0.86,0.84,0.86,0.86
751,0.86,0.83,0.96,0.85,0.86,0.84,0.86,0.86
752,0.87,0.83,0.96,0.85,0.86,0.84,0.86,0.86
753,0.89,0.83,0.96,0.85,0.86,0.84,0.86,0.86
754,0.88,0.83,0.95,0.85,0.86,0.84,0.85,0.86
755,0.88,0.83,0.96,0.85,0.86,0.84,0.86,0.86
756,0.89,0.85,0.96,0.84,0.86,0.85,0.85,0.86
757,0.88,0.83,0.95,0.84,0.86,0.85,0.85,0.86
758,0.9,0.85,0.95,0.85,0.86,0.85,0.85,0.86
759,0.9,0.83,0.95,0.85,0.86,0.85,0.85,0.86
760,0.89,0.85,0.96,0.85,0.86,0.85,0.85,0.86
761,0.9,0.85,0.95,0.85,0.86,0.85,0.85,0.86
762,0.9,0.85,0.96,0.85,0.86,0.85,0.84,0.86
763,0.9,0.85,0.95,0.85,0.86,0.85,0.84,0.86
764,0.9,0.85,0.95,0.84,0.86,0.85,0.84,0.85
765,0.9,0.87,0.95,0.85,0.87,0.85,0.84,0.85
766,0.9,0.85,0.95,0.85,0.86,0.85,0.84,0.85
767,0.9,0.85,0.95,0.85,0.87,0.85,0.84,0.85
768,0.9,0.87,0.95,0.85,0.87,0.85,0.84,0.85
769,0.9,0.85,0.96,0.85,0.87,0.85,0.84,0.85
770,0.89,0.85,0.95,0.85,0.87,0.85,0.84,0.85
771,0.9,0.85,0.95,0.85,0.87,0.85,0.84,0.85
772,0.89,0.85,0.95,0.86,0.87,0.85,0.84,0.85
773,0.91,0.85,0.96,0.86,0.87,0.85,0.84,0.84
774,0.89,0.85,0.96,0.86,0.87,0.84,0.84,0.84
775,0.88,0.87,0.96,0.85,0.87,0.85,0.85,0.84
776,0.88,0.85,0.95,0.85,0.87,0.85,0.85,0.84
777,0.88,0.85,0.95,0.86,0.87,0.85,0.85,0.84
778,0.88,0.85,0.96,0.86,0.87,0.85,0.84,0.84
779,0.87,0.85,0.95,0.85,0.87,0.85,0.85,0.84
780,0.87,0.85,0.95,0.86,0.87,0.85,0.85,0.84
781,0.86,0.85,0.94,0.86,0.87,0.84,0.85,0.84
782,0.86,0.83,0.95,0.86,0.87,0.85,0.85,0.84
783,0.86,0.83,0.95,0.86,0.87,0.85,0.85,0.84
784,0.85,0.83,0.94,0.86,0.87,0.85,0.85,0.84
785,0.86,0.83,0.94,0.86,0.87,0.84,0.84,0.83
786,0.85,0.83,0.94,0.86,0.87,0.84,0.84,0.84
787,0.86,0.85,0.95,0.86,0.87,0.84,0.84,0.83
788,0.85,0.83,0.94,0.86,0.87,0.84,0.84,0.83
789,0.85,0.83,0.94,0.86,0.86,0.84,0.84,0.83
790,0.85,0.83,0.94,0.86,0.86,0.84,0.83,0.83
791,0.86,0.83,0.94,0.86,0.86,0.84,0.83,0.83
792,0.86,0.83,0.94,0.86,0.86,0.84,0.83,0.82
793,0.85,0.83,0.94,0.86,0.87,0.84,0.83,0.83
794,0.86,0.83,0.94,0.86,0.86,0.84,0.82,0.83
795,0.87,0.83,0.94,0.86,0.86,0.84,0.82,0.82
796,0.89,0.85,0.95,0.86,0.86,0.84,0.81,0.82
797,0.86,0.85,0.94,0.86,0.86,0.84,0.81,0.82
798,0.86,0.85,0.94,0.86,0.86,0.84,0.81,0.82
799,0.88,0.85,0.94,0.86,0.86,0.84,0.81,0.82
800,0.88,0.83,0.94,0.86,0.86,0.84,0.81,0.81
801,0.87,0.85,0.95,0.86,0.86,0.84,0.81,0.81
802,0.87,0.83,0.95,0.86,0.86,0.84,0.81,0.81
803,0.87,0.83,0.95,0.86,0.85,0.84,0.81,0.81
804,0.87,0.85,0.96,0.85,0.86,0.84,0.81,0.81
805,0.88,0.85,0.96,0.86,0.85,0.84,0.81,0.81
806,0.87,0.85,0.96,0.86,0.86,0.83,0.81,0.81
807,0.87,0.87,0.96,0.86,0.86,0.84,0.81,0.81
808,0.88,0.85,0.96,0.86,0.85,0.83,0.81,0.8
809,0.87,0.85,0.96,0.86,0.85,0.83,0.81,0.81
810,0.88,0.85,0.96,0.86,0.85,0.83,0.82,0.81
811,0.88,0.85,0.97,0.86,0.85,0.83,0.82,0.81
812,0.87,0.85,0.96,0.86,0.85,0.83,0.82,0.81
813,0.89,0.85,0.97,0.86,0.85,0.83,0.82,0.8
814,0.87,0.85,0.97,0.86,0.85,0.83,0.82,0.81
815,0.86,0.85,0.97,0.86,0.85,0.83,0.83,0.81
816,0.86,0.85,0.97,0.86,0.85,0.83,0.83,0.81
817,0.86,0.85,0.97,0.86,0.85,0.83,0.83,0.81
818,0.87,0.85,0.97,0.86,0.85,0.83,0.83,0.81
819,0.86,0.83,0.97,0.86,0.85,0.83,0.84,0.81
820,0.87,0.85,0.97,0.86,0.85,0.83,0.84,0.81
821,0.87,0.83,0.97,0.86,0.86,0.83,0.84,0.81
822,0.87,0.83,0.97,0.86,0.86,0.83,0.84,0.81
823,0.86,0.85,0.97,0.86,0.85,0.83,0.85,0.82
824,0.87,0.83,0.97,0.86,0.85,0.83,0.85,0.82
825,0.87,0.85,0.97,0.86,0.86,0.83,0.85,0.82
826,0.87,0.83,0.97,0.86,0.86,0.83,0.85,0.82
827,0.87,0.85,0.97,0.86,0.85,0.83,0.85,0.82
828,0.88,0.83,0.97,0.86,0.86,0.84,0.85,0.82
829,0.87,0.85,0.97,0.86,0.86,0.83,0.85,0.82
830,0.87,0.85,0.97,0.86,0.86,0.84,0.85,0.83
831,0.88,0.85,0.97,0.86,0.86,0.84,0.85,0.83
832,0.87,0.83,0.97,0.86,0.86,0.84,0.86,0.83
833,0.88,0.85,0.96,0.86,0.86,0.84,0.86,0.83
834,0.9,0.85,0.96,0.86,0.86,0.84,0.85,0.84
835,0.89,0.85,0.97,0.86,0.86,0.84,0.86,0.84
836,0.89,0.85,0.96,0.87,0.86,0.84,0.86,0.84
837,0.89,0.85,0.96,0.86,0.86,0.84,0.86,0.85
838,0.9,0.85,0.96,0.87,0.86,0.84,0.86,0.85
839,0.91,0.87,0.95,0.87,0.87,0.84,0.86,0.85
840,0.9,0.85,0.95,0.86,0.86,0.84,0.86,0.86
841,0.9,0.87,0.96,0.86,0.87,0.84,0.86,0.86
842,0.91,0.87,0.95,0.87,0.87,0.85,0.86,0.86
843,0.91,0.87,0.94,0.87,0.87,0.85,0.87,0.86
844,0.91,0.87,0.94,0.86,0.87,0.85,0.86,0.87
845,0.92,0.89,0.94,0.86,0.87,0.85,0.86,0.87
846,0.93,0.87,0.94,0.87,0.87,0.85,0.87,0.87
847,0.92,0.87,0.94,0.87,0.87,0.85,0.87,0.87
848,0.92,0.87,0.94,0.87,0.88,0.85,0.87,0.87
849,0.92,0.89,0.94,0.87,0.88,0.86,0.87,0.88
850,0.92,0.89,0.93,0.87,0.88,0.86,0.87,0.88
851,0.92,0.87,0.93,0.87,0.88,0.86,0.87,0.88
852,0.91,0.89,0.92,0.87,0.88,0.86,0.88,0.88
853,0.91,0.87,0.93,0.87,0.88,0.86,0.88,0.89
854,0.93,0.89,0.93,0.87,0.88,0.87,0.88,0.89
855,0.92,0.87,0.93,0.87,0.88,0.87,0.88,0.89
856,0.9,0.87,0.92,0.87,0.88,0.87,0.88,0.89
857,0.9,0.87,0.92,0.87,0.89,0.87,0.88,0.89
858,0.89,0.87,0.92,0.87,0.89,0.87,0.88,0.89
859,0.89,0.87,0.92,0.86,0.89,0.87,0.88,0.89
860,0.89,0.87,0.92,0.87,0.89,0.87,0.88,0.89
861,0.91,0.85,0.92,0.87,0.89,0.87,0.88,0.89
862,0.88,0.87,0.92,0.87,0.89,0.88,0.88,0.89
863,0.87,0.87,0.92,0.87,0.89,0.88,0.88,0.89
864,0.87,0.87,0.92,0.87,0.89,0.88,0.88,0.89
865,0.87,0.85,0.92,0.87,0.9,0.88,0.88,0.89
866,0.88,0.85,0.92,0.87,0.89,0.88,0.88,0.89
867,0.87,0.85,0.92,0.87,0.9,0.88,0.88,0.89
868,0.86,0.85,0.92,0.87,0.89,0.88,0.88,0.89
869,0.86,0.85,0.92,0.87,0.9,0.88,0.88,0.89
870,0.88,0.85,0.92,0.87,0.9,0.88,0.88,0.89
871,0.85,0.85,0.92,0.87,0.9,0.89,0.88,0.89
872,0.85,0.83,0.92,0.87,0.9,0.89,0.88,0.89
873,0.85,0.85,0.92,0.87,0.9,0.89,0.88,0.89
874,0.85,0.83,0.93,0.87,0.9,0.89,0.88,0.89
875,0.86,0.85,0.93,0.87,0.9,0.89,0.88,0.89
876,0.85,0.83,0.92,0.87,0.9,0.89,0.88,0.89
877,0.86,0.8,0.93,0.87,0.9,0.89,0.88,0.89
878,0.84,0.83,0.93,0.87,0.9,0.89,0.88,0.89
879,0.85,0.8,0.94,0.88,0.9,0.89,0.88,0.89
880,0.84,0.83,0.94,0.88,0.9,0.89,0.88,0.89
881,0.86,0.83,0.94,0.87,0.9,0.89,0.89,0.89
882,0.86,0.83,0.95,0.88,0.9,0.89,0.89,0.89
883,0.88,0.83,0.95,0.87,0.9,0.89,0.89,0.89
884,0.86,0.8,0.95,0.87,0.9,0.89,0.89,0.89
885,0.86,0.83,0.95,0.88,0.9,0.89,0.89,0.89
886,0.87,0.83,0.95,0.87,0.9,0.89,0.89,0.9
887,0.87,0.83,0.95,0.88,0.9,0.89,0.89,0.9
888,0.88,0.85,0.95,0.87,0.9,0.9,0.89,0.9
889,0.88,0.83,0.96,0.88,0.9,0.89,0.89,0.9
890,0.9,0.83,0.96,0.88,0.9,0.9,0.89,0.9
891,0.88,0.85,0.96,0.88,0.9,0.9,0.89,0.9
892,0.88,0.83,0.96,0.88,0.9,0.9,0.9,0.9
893,0.9,0.85,0.96,0.88,0.9,0.89,0.9,0.9
894,0.89,0.85,0.96,0.88,0.9,0.9,0.9,0.9
895,0.89,0.85,0.96,0.88,0.9,0.9,0.9,0.91
896,0.89,0.85,0.96,0.88,0.91,0.89,0.9,0.91
897,0.89,0.85,0.96,0.88,0.9,0.9,0.9,0.9
898,0.89,0.87,0.96,0.88,0.91,0.9,0.9,0.91
899,0.89,0.85,0.96,0.88,0.91,0.9,0.9,0.9
900,0.89,0.85,0.96,0.88,0.91,0.9,0.91,0.91
901,0.89,0.85,0.96,0.88,0.91,0.9,0.91,0.91
902,0.88,0.85,0.96,0.88,0.91,0.9,0.91,0.91
903,0.88,0.85,0.96,0.88,0.91,0.9,0.92,0.91
904,0.89,0.85,0.96,0.89,0.91,0.91,0.92,0.91
905,0.88,0.85,0.96,0.89,0.91,0.91,0.92,0.91
906,0.88,0.85,0.96,0.88,0.91,0.91,0.92,0.91
907,0.88,0.85,0.96,0.89,0.91,0.91,0.92,0.91
908,0.88,0.85,0.96,0.89,0.91,0.91,0.92,0.91
909,0.88,0.85,0.96,0.89,0.91,0.91,0.92,0.91
910,0.88,0.83,0.96,0.89,0.92,0.91,0.92,0.91
911,0.9,0.85,0.96,0.89,0.91,0.91,0.92,0.91
912,0.88,0.85,0.96,0.89,0.92,0.91,0.91,0.91
913,0.9,0.85,0.95,0.89,0.92,0.91,0.91,0.91
914,0.88,0.85,0.95,0.88,0.92,0.91,0.91,0.9
915,0.88,0.85,0.95,0.89,0.91,0.91,0.91,0.9
916,0.89,0.85,0.95,0.89,0.92,0.91,0.9,0.9
917,0.9,0.85,0.95,0.89,0.91,0.91,0.89,0.9
918,0.91,0.85,0.96,0.89,0.91,0.91,0.89,0.9
919,0.9,0.85,0.95,0.89,0.91,0.91,0.89,0.89
920,0.9,0.85,0.95,0.89,0.91,0.9,0.89,0.9
921,0.91,0.85,0.95,0.89,0.91,0.9,0.89,0.89
922,0.91,0.87,0.95,0.89,0.91,0.91,0.88,0.89
923,0.93,0.87,0.96,0.89,0.91,0.9,0.88,0.89
924,0.92,0.87,0.95,0.89,0.91,0.9,0.88,0.89
925,0.92,0.87,0.96,0.89,0.91,0.9,0.88,0.89
926,0.95,0.87,0.96,0.89,0.91,0.9,0.88,0.89
927,0.93,0.87,0.96,0.89,0.91,0.9,0.88,0.89
928,0.93,0.91,0.96,0.89,0.91,0.9,0.88,0.89
929,0.95,0.89,0.96,0.89,0.91,0.9,0.88,0.89
930,0.94,0.91,0.96,0.89,0.91,0.9,0.88,0.89
931,0.94,0.91,0.96,0.89,0.91,0.9,0.88,0.89
932,0.94,0.91,0.96,0.89,0.91,0.89,0.88,0.89
933,0.96,0.91,0.96,0.89,0.91,0.9,0.88,0.89
934,0.94,0.89,0.96,0.89,0.9,0.89,0.88,0.89
935,0.94,0.91,0.96,0.89,0.91,0.9,0.88,0.89
936,0.97,0.91,0.96,0.89,0.91,0.89,0.88,0.89
937,0.96,0.91,0.97,0.89,0.91,0.89,0.88,0.89
938,0.94,0.91,0.96,0.89,0.91,0.89,0.89,0.89
939,0.96,0.91,0.96,0.89,0.9,0.89,0.89,0.89
940,0.96,0.93,0.97,0.89,0.91,0.89,0.88,0.89
941,0.94,0.91,0.97,0.89,0.91,0.89,0.88,0.89
942,0.94,0.91,0.97,0.89,0.91,0.89,0.89,0.89
943,0.94,0.91,0.97,0.89,0.91,0.89,0.89,0.89
944,0.94,0.91,0.97,0.89,0.9,0.89,0.89,0.89
945,0.94,0.91,0.97,0.89,0.91,0.89,0.89,0.89
946,0.94,0.89,0.97,0.89,0.91,0.89,0.89,0.89
947,0.94,0.91,0.97,0.9,0.91,0.89,0.89,0.89
948,0.94,0.91,0.97,0.89,0.91,0.89,0.89,0.89
949,0.93,0.91,0.97,0.89,0.91,0.89,0.89,0.89
950,0.93,0.91,0.97,0.89,0.91,0.89,0.89,0.89
951,0.93,0.89,0.97,0.9,0.91,0.89,0.88,0.88
952,0.95,0.91,0.97,0.89,0.91,0.89,0.88,0.89
953,0.94,0.91,0.97,0.9,0.91,0.89,0.88,0.88
954,0.94,0.91,0.97,0.9,0.91,0.89,0.88,0.88
955,0.93,0.89,0.97,0.89,0.9,0.89,0.88,0.88
956,0.93,0.91,0.97,0.89,0.9,0.89,0.88,0.88
957,0.93,0.89,0.97,0.9,0.91,0.89,0.88,0.88
958,0.93,0.89,0.97,0.9,0.9,0.89,0.88,0.88
959,0.92,0.89,0.97,0.9,0.9,0.89,0.87,0.88
960,0.92,0.89,0.97,0.9,0.9,0.89,0.87,0.88
961,0.92,0.89,0.97,0.9,0.9,0.89,0.87,0.88
962,0.93,0.91,0.97,0.9,0.9,0.89,0.87,0.88
963,0.92,0.89,0.97,0.9,0.9,0.89,0.87,0.88
964,0.92,0.89,0.98,0.9,0.9,0.89,0.87,0.87
965,0.92,0.91,0.98,0.91,0.9,0.89,0.87,0.87
966,0.92,0.89,0.98,0.9,0.9,0.89,0.87,0.88
967,0.92,0.89,0.97,0.9,0.9,0.89,0.87,0.88
968,0.92,0.89,0.97,0.91,0.89,0.89,0.86,0.88
969,0.92,0.89,0.97,0.91,0.89,0.89,0.87,0.88
970,0.92,0.89,0.98,0.9,0.89,0.89,0.87,0.88
971,0.91,0.87,0.97,0.91,0.89,0.89,0.87,0.88
972,0.91,0.89,0.98,0.91,0.89,0.89,0.87,0.88
973,0.91,0.87,0.98,0.91,0.89,0.89,0.87,0.88
974,0.91,0.89,0.98,0.91,0.89,0.89,0.87,0.88
975,0.91,0.87,0.98,0.91,0.89,0.89,0.87,0.88
976,0.92,0.87,0.97,0.91,0.89,0.89,0.87,0.88
977,0.91,0.89,0.98,0.91,0.89,0.89,0.87,0.88
978,0.91,0.87,0.98,0.91,0.89,0.89,0.87,0.88
979,0.91,0.87,0.98,0.91,0.89,0.89,0.87,0.89
980,0.91,0.87,0.98,0.91,0.89,0.89,0.88,0.89
981,0.91,0.87,0.98,0.91,0.89,0.89,0.88,0.89
982,0.91,0.87,0.98,0.91,0.9,0.89,0.88,0.89
983,0.93,0.87,0.98,0.91,0.89,0.89,0.88,0.89
984,0.92,0.87,0.98,0.92,0.9,0.89,0.88,0.89
985,0.92,0.87,0.99,0.92,0.9,0.9,0.89,0.89
986,0.92,0.87,0.98,0.92,0.9,0.9,0.89,0.9
987,0.92,0.87,0.99,0.92,0.9,0.89,0.89,0.89
988,0.93,0.87,0.99,0.92,0.9,0.9,0.89,0.9
989,0.93,0.89,0.99,0.92,0.9,0.9,0.89,0.9
990,0.93,0.89,0.99,0.92,0.9,0.9,0.89,0.9
991,0.96,0.89,0.99,0.92,0.9,0.9,0.89,0.9
992,0.94,0.89,0.98,0.92,0.9,0.9,0.89,0.9
993,0.95,0.89,0.99,0.92,0.91,0.9,0.89,0.91
994,0.96,0.91,0.99,0.92,0.91,0.9,0.9,0.91
995,0.96,0.91,0.98,0.92,0.91,0.91,0.89,0.91
996,0.97,0.89,0.98,0.92,0.91,0.91,0.89,0.91
997,0.95,0.89,0.98,0.92,0.91,0.91,0.89,0.91
998,0.96,0.91,0.98,0.92,0.91,0.91,0.89,0.91
999,0.96,0.91,0.98,0.92,0.91,0.91,0.89,0.91
1000,0.96,0.91,0.98,0.92,0.91,0.91,0.89,0.91
1001,0.96,0.91,0.98,0.92,0.91,0.91,0.89,0.91
1002,0.97,0.91,0.98,0.92,0.91,0.91,0.89,0.91
1003,0.97,0.91,0.98,0.93,0.92,0.91,0.89,0.91
1004,0.97,0.91,0.98,0.92,0.92,0.91,0.89,0.91
1005,0.98,0.91,0.98,0.92,0.92,0.91,0.89,0.91
1006,0.97,0.91,0.98,0.93,0.92,0.91,0.89,0.91
1007,0.96,0.91,0.99,0.93,0.92,0.91,0.89,0.91
1008,0.96,0.91,0.98,0.92,0.92,0.91,0.89,0.91
1009,0.96,0.93,0.98,0.92,0.92,0.91,0.9,0.91
1010,0.97,0.91,0.99,0.93,0.92,0.91,0.9,0.91
1011,0.98,0.93,0.99,0.93,0.92,0.91,0.9,0.91
1012,0.97,0.96,0.99,0.93,0.92,0.91,0.91,0.91
1013,0.99,0.93,0.99,0.93,0.92,0.91,0.91,0.91
1014,0.96,0.93,0.99,0.93,0.92,0.91,0.91,0.91
1015,0.97,0.93,0.99,0.92,0.92,0.91,0.91,0.92
1016,0.96,0.93,0.99,0.93,0.92,0.91,0.91,0.92
1017,0.96,0.93,0.99,0.93,0.92,0.91,0.91,0.92
1018,0.96,0.93,0.99,0.93,0.93,0.91,0.91,0.92
1019,0.97,0.93,0.99,0.93,0.92,0.92,0.91,0.92
1020,0.96,0.93,0.99,0.93,0.93,0.92,0.91,0.92
1021,0.96,0.91,0.99,0.94,0.93,0.92,0.91,0.92
1022,0.96,0.96,0.99,0.93,0.93,0.92,0.91,0.92
1023,0.96,0.93,0.99,0.93,0.93,0.92,0.91,0.92
1024,0.97,0.93,0.99,0.94,0.93,0.92,0.91,0.93
1025,0.97,0.96,1.0,0.94,0.93,0.92,0.91,0.93
1026,0.99,0.96,0.99,0.93,0.93,0.92,0.91,0.93
1027,0.98,0.93,0.99,0.93,0.93,0.92,0.9,0.93
1028,0.99,0.93,0.99,0.94,0.93,0.92,0.9,0.93
1029,0.98,0.96,0.99,0.93,0.93,0.92,0.9,0.92
1030,0.98,0.93,0.99,0.94,0.93,0.92,0.9,0.93
1031,0.98,0.96,0.99,0.94,0.93,0.92,0.9,0.93
1032,0.98,0.96,0.99,0.94,0.93,0.92,0.9,0.93
1033,0.98,0.96,0.99,0.94,0.93,0.92,0.9,0.92
1034,0.98,0.96,0.99,0.94,0.94,0.92,0.9,0.92
1035,0.99,0.96,0.99,0.95,0.93,0.93,0.9,0.93
1036,0.98,0.96,0.99,0.95,0.93,0.92,0.9,0.92
1037,0.99,0.96,0.99,0.95,0.94,0.92,0.9,0.92
1038,0.98,0.96,0.99,0.94,0.94,0.92,0.9,0.92
1039,0.98,0.96,0.99,0.95,0.94,0.93,0.9,0.92
1040,1.0,0.98,0.99,0.95,0.94,0.92,0.91,0.92
1041,0.98,0.98,0.99,0.95,0.94,0.92,0.91,0.92
1042,0.98,0.98,0.99,0.95,0.94,0.92,0.91,0.92
1043,0.99,0.98,0.99,0.95,0.94,0.93,0.91,0.92
1044,0.98,0.98,0.99,0.95,0.94,0.93,0.91,0.92
1045,0.97,0.98,0.99,0.95,0.94,0.93,0.92,0.92
1046,0.98,0.98,0.99,0.95,0.95,0.92,0.92,0.92
1047,0.96,0.96,1.0,0.95,0.94,0.93,0.92,0.92
1048,0.97,0.98,0.99,0.95,0.95,0.93,0.92,0.92
1049,0.96,0.96,0.99,0.95,0.95,0.93,0.92,0.92
1050,0.95,0.96,0.99,0.95,0.95,0.93,0.92,0.92
1051,0.96,0.98,0.99,0.95,0.95,0.93,0.92,0.92
1052,0.96,0.96,0.99,0.95,0.95,0.93,0.92,0.92
1053,0.97,0.96,0.99,0.95,0.95,0.93,0.92,0.92
1054,0.95,0.96,0.99,0.95,0.95,0.93,0.92,0.92
1055,0.94,0.93,0.99,0.95,0.95,0.93,0.92,0.92
1056,0.95,0.96,0.99,0.95,0.95,0.93,0.92,0.92
1057,0.94,0.93,0.99,0.95,0.95,0.93,0.92,0.92
1058,0.94,0.93,0.99,0.95,0.95,0.93,0.92,0.92
1059,0.95,0.93,0.99,0.95,0.95,0.93,0.92,0.92
1060,0.93,0.93,0.98,0.95,0.95,0.93,0.92,0.92
1061,0.93,0.93,0.98,0.95,0.95,0.93,0.92,0.92
1062,0.94,0.93,0.99,0.95,0.95,0.93,0.92,0.92
1063,0.92,0.93,0.98,0.95,0.95,0.93,0.92,0.92
1064,0.93,0.93,0.99,0.95,0.95,0.93,0.92,0.92
1065,0.94,0.93,0.98,0.95,0.95,0.93,0.92,0.92
1066,0.94,0.93,0.99,0.95,0.95,0.93,0.92,0.92
1067,0.94,0.91,0.98,0.95,0.95,0.93,0.92,0.92
1068,0.93,0.93,0.99,0.95,0.95,0.93,0.92,0.92
1069,0.92,0.91,0.98,0.95,0.95,0.93,0.92,0.92
1070,0.92,0.91,0.98,0.95,0.95,0.93,0.92,0.92
1071,0.93,0.93,0.99,0.95,0.95,0.93,0.92,0.93
1072,0.92,0.91,0.99,0.95,0.95,0.93,0.93,0.93
1073,0.92,0.91,0.99,0.95,0.95,0.93,0.93,0.92
1074,0.92,0.91,0.99,0.95,0.95,0.93,0.93,0.93
1075,0.92,0.93,0.99,0.95,0.95,0.93,0.93,0.92
1076,0.92,0.91,0.99,0.96,0.95,0.93,0.93,0.93
1077,0.94,0.91,0.99,0.95,0.95,0.93,0.94,0.93
1078,0.92,0.91,0.99,0.95,0.95,0.93,0.94,0.93
1079,0.92,0.91,0.99,0.95,0.96,0.93,0.94,0.93
1080,0.94,0.91,0.99,0.95,0.96,0.93,0.94,0.93
1081,0.92,0.91,0.99,0.95,0.95,0.93,0.94,0.93
1082,0.92,0.91,0.99,0.96,0.96,0.93,0.94,0.94
1083,0.93,0.91,0.99,0.95,0.95,0.94,0.94,0.94
1084,0.92,0.91,0.99,0.96,0.95,0.94,0.95,0.94
1085,0.94,0.91,0.99,0.96,0.96,0.93,0.95,0.94
1086,0.93,0.91,0.99,0.96,0.96,0.94,0.94,0.94
1087,0.93,0.91,0.99,0.96,0.95,0.94,0.95,0.95
1088,0.93,0.91,0.99,0.96,0.96,0.94,0.95,0.95
1089,0.93,0.91,0.99,0.96,0.96,0.94,0.95,0.94
1090,0.94,0.91,0.99,0.96,0.96,0.94,0.95,0.95
1091,0.94,0.91,0.99,0.96,0.96,0.94,0.95,0.95
1092,0.97,0.93,0.99,0.96,0.96,0.95,0.95,0.95
1093,0.95,0.91,0.98,0.96,0.96,0.95,0.94,0.96
1094,0.95,0.91,0.99,0.96,0.97,0.95,0.94,0.96
1095,0.96,0.93,0.98,0.96,0.96,0.95,0.94,0.96
1096,0.95,0.93,0.98,0.96,0.96,0.95,0.95,0.96
1097,0.96,0.93,0.98,0.97,0.96,0.95,0.95,0.96
1098,0.98,0.93,0.98,0.96,0.96,0.95,0.95,0.96
1099,0.98,0.93,0.98,0.96,0.97,0.95,0.95,0.96
1100,0.96,0.93,0.98,0.97,0.97,0.95,0.95,0.97
1101,0.97,0.93,0.98,0.97,0.97,0.95,0.95,0.96
1102,0.98,0.96,0.98,0.97,0.97,0.95,0.95,0.97
1103,0.98,0.96,0.98,0.96,0.97,0.95,0.95,0.96
1104,0.98,0.96,0.97,0.97,0.97,0.95,0.95,0.97
1105,0.97,0.96,0.97,0.97,0.97,0.96,0.96,0.97
1106,0.97,0.96,0.98,0.97,0.98,0.96,0.96,0.97
1107,0.98,0.96,0.97,0.96,0.98,0.96,0.96,0.97
1108,0.97,0.98,0.97,0.97,0.97,0.96,0.96,0.97
1109,0.98,0.96,0.97,0.96,0.98,0.96,0.96,0.98
1110,0.97,0.96,0.97,0.97,0.98,0.96,0.96,0.98
1111,0.98,0.96,0.97,0.97,0.98,0.96,0.96,0.98
1112,0.98,0.98,0.97,0.97,0.98,0.96,0.96,0.98
1113,0.99,0.98,0.96,0.97,0.98,0.97,0.96,0.98
1114,0.97,0.98,0.97,0.97,0.98,0.97,0.96,0.98
1115,0.98,0.98,0.96,0.97,0.98,0.97,0.96,0.98
1116,0.97,0.96,0.96,0.97,0.98,0.97,0.96,0.99
1117,0.96,0.98,0.96,0.97,0.98,0.97,0.96,0.99
1118,0.97,0.96,0.96,0.97,0.98,0.97,0.96,0.99
1119,0.97,0.96,0.96,0.97,0.98,0.97,0.96,0.99
1120,0.96,0.96,0.96,0.97,0.98,0.97,0.96,0.99
1121,0.96,0.96,0.96,0.97,0.98,0.97,0.96,0.99
1122,0.96,0.96,0.96,0.97,0.98,0.98,0.96,0.99
1123,0.97,0.96,0.95,0.97,0.98,0.97,0.95,0.99
1124,0.96,0.96,0.95,0.97,0.99,0.98,0.96,0.99
1125,0.97,0.98,0.95,0.97,0.99,0.98,0.96,0.99
1126,0.96,0.96,0.95,0.97,0.98,0.98,0.95,0.99
1127,0.96,0.96,0.94,0.97,0.99,0.98,0.95,0.99
1128,0.97,0.98,0.94,0.97,0.99,0.98,0.95,1.0
1129,0.97,0.98,0.94,0.97,0.99,0.98,0.95,0.99
1130,0.97,0.96,0.94,0.97,0.99,0.98,0.95,1.0
1131,0.97,0.96,0.95,0.97,0.99,0.98,0.95,0.99
1132,0.97,0.98,0.95,0.97,0.99,0.98,0.95,0.99
1133,0.96,0.96,0.94,0.97,0.99,0.98,0.95,0.99
1134,0.97,0.96,0.95,0.97,0.99,0.98,0.94,0.99
1135,0.96,0.96,0.94,0.97,0.99,0.98,0.94,0.99
1136,0.97,0.96,0.94,0.97,0.99,0.98,0.94,0.99
1137,0.96,0.96,0.94,0.98,0.99,0.98,0.94,0.99
1138,0.96,0.96,0.95,0.97,0.99,0.98,0.94,0.98
1139,0.96,0.96,0.94,0.97,0.99,0.98,0.94,0.98
1140,0.96,0.96,0.94,0.97,1.0,0.98,0.94,0.98
1141,0.96,0.96,0.94,0.98,0.99,0.98,0.93,0.98
1142,0.96,0.96,0.95,0.97,1.0,0.98,0.93,0.97
1143,0.96,0.98,0.95,0.98,1.0,0.98,0.93,0.97
1144,0.96,0.96,0.95,0.97,1.0,0.98,0.93,0.97
1145,0.96,0.98,0.95,0.97,1.0,0.98,0.93,0.97
1146,0.96,0.96,0.95,0.98,0.99,0.98,0.92,0.96
1147,0.99,0.96,0.95,0.97,1.0,0.98,0.92,0.97
1148,0.97,0.96,0.96,0.97,0.99,0.98,0.92,0.96
1149,0.96,0.98,0.96,0.97,0.99,0.98,0.92,0.96
1150,0.97,0.96,0.96,0.98,0.99,0.98,0.92,0.96
1151,0.97,0.96,0.96,0.97,0.99,0.98,0.91,0.96
1152,0.96,0.98,0.96,0.98,0.99,0.98,0.9,0.95
1153,0.97,0.98,0.96,0.98,0.98,0.97,0.9,0.95
1154,0.98,0.98,0.97,0.97,0.99,0.97,0.9,0.95
1155,0.97,0.98,0.97,0.98,0.98,0.97,0.9,0.95
1156,0.99,0.98,0.97,0.98,0.98,0.97,0.9,0.95
1157,1.0,0.98,0.97,0.98,0.98,0.97,0.9,0.94
1158,0.98,1.0,0.97,0.98,0.98,0.97,0.9,0.94
1159,0.99,0.98,0.97,0.98,0.98,0.96,0.9,0.94
1160,0.98,0.98,0.97,0.98,0.98,0.97,0.9,0.94
1161,0.99,1.0,0.98,0.98,0.98,0.97,0.91,0.94
1162,0.98,1.0,0.98,0.98,0.98,0.96,0.91,0.94
1163,1.0,1.0,0.98,0.98,0.98,0.96,0.92,0.94
1164,0.98,1.0,0.99,0.98,0.98,0.96,0.92,0.94
1165,0.98,1.0,0.98,0.98,0.98,0.97,0.92,0.94
1166,0.99,1.0,0.99,0.98,0.98,0.96,0.92,0.94
1167,0.98,1.0,0.98,0.98,0.98,0.97,0.93,0.95
1168,1.0,1.0,0.99,0.98,0.98,0.96,0.93,0.95
1169,0.97,1.0,0.99,0.98,0.98,0.96,0.94,0.95
1170,0.97,1.0,0.99,0.98,0.98,0.97,0.94,0.95
1171,0.97,1.0,0.99,0.98,0.98,0.96,0.95,0.95
1172,0.96,1.0,0.98,0.98,0.99,0.96,0.95,0.95
1173,0.96,1.0,0.98,0.98,0.99,0.97,0.95,0.95
1174,0.96,1.0,0.99,0.98,0.98,0.97,0.96,0.96
1175,0.97,1.0,0.99,0.98,0.99,0.97,0.96,0.96
1176,0.95,0.98,0.99,0.98,0.99,0.97,0.96,0.96
1177,0.94,0.98,0.98,0.98,0.99,0.97,0.96,0.96
1178,0.95,0.98,0.98,0.98,0.99,0.97,0.96,0.96
1179,0.94,0.98,0.98,0.98,0.99,0.97,0.96,0.96
1180,0.94,1.0,0.98,0.98,0.99,0.96,0.96,0.96
1181,0.93,0.96,0.98,0.99,0.99,0.97,0.96,0.96
1182,0.93,0.96,0.98,0.98,0.99,0.97,0.96,0.96
1183,0.92,0.96,0.97,0.98,0.99,0.97,0.96,0.96
1184,0.92,0.98,0.98,0.98,0.99,0.97,0.96,0.96
1185,0.92,0.96,0.97,0.98,0.99,0.97,0.96,0.96
1186,0.92,0.96,0.97,0.98,0.99,0.97,0.96,0.96
1187,0.91,0.96,0.97,0.99,0.99,0.97,0.96,0.96
1188,0.92,0.96,0.97,0.98,0.99,0.97,0.96,0.96
1189,0.9,0.96,0.97,0.98,0.99,0.97,0.96,0.96
1190,0.91,0.96,0.97,0.98,0.99,0.97,0.96,0.96
1191,0.9,0.93,0.97,0.99,0.99,0.97,0.96,0.96
1192,0.91,0.96,0.97,0.98,0.99,0.97,0.96,0.96
1193,0.9,0.93,0.97,0.98,0.99,0.97,0.96,0.96
1194,0.89,0.93,0.97,0.98,0.99,0.97,0.96,0.96
1195,0.91,0.93,0.97,0.98,0.99,0.97,0.96,0.95
1196,0.88,0.93,0.97,0.98,0.99,0.97,0.96,0.95
1197,0.88,0.91,0.97,0.98,0.99,0.97,0.96,0.95
1198,0.88,0.91,0.97,0.98,0.99,0.97,0.96,0.95
1199,0.88,0.93,0.97,0.98,0.98,0.97,0.96,0.95
1200,0.88,0.91,0.97,0.98,0.99,0.97,0.96,0.95
1201,0.87,0.91,0.97,0.98,0.99,0.97,0.96,0.95
1202,0.88,0.91,0.97,0.98,0.99,0.97,0.96,0.95
1203,0.87,0.91,0.98,0.98,0.99,0.97,0.96,0.95
1204,0.87,0.91,0.97,0.98,0.99,0.97,0.96,0.95
1205,0.86,0.91,0.98,0.98,0.98,0.97,0.97,0.95
1206,0.86,0.91,0.97,0.98,0.98,0.97,0.97,0.95
1207,0.87,0.89,0.97,0.98,0.98,0.97,0.97,0.95
1208,0.86,0.91,0.97,0.98,0.98,0.97,0.97,0.95
1209,0.86,0.91,0.98,0.98,0.98,0.97,0.97,0.95
1210,0.86,0.89,0.98,0.98,0.98,0.96,0.97,0.95
1211,0.87,0.89,0.99,0.98,0.98,0.97,0.97,0.95
1212,0.87,0.91,0.99,0.98,0.98,0.97,0.97,0.95
1213,0.87,0.89,0.99,0.98,0.98,0.97,0.98,0.95
1214,0.88,0.91,0.99,0.98,0.98,0.97,0.97,0.96
1215,0.87,0.91,0.99,0.98,0.98,0.97,0.98,0.96
1216,0.89,0.89,0.99,0.98,0.98,0.97,0.98,0.96
1217,0.9,0.89,0.99,0.98,0.98,0.97,0.98,0.96
1218,0.88,0.91,0.99,0.98,0.98,0.97,0.98,0.96
1219,0.9,0.91,0.99,0.98,0.98,0.97,0.97,0.96
1220,0.89,0.91,0.99,0.98,0.98,0.97,0.97,0.96
1221,0.91,0.91,0.99,0.98,0.98,0.97,0.98,0.97
1222,0.92,0.91,0.99,0.98,0.98,0.98,0.98,0.97
1223,0.91,0.91,0.98,0.98,0.98,0.97,0.98,0.97
1224,0.9,0.91,0.98,0.98,0.98,0.98,0.98,0.97
1225,0.93,0.91,0.98,0.98,0.98,0.98,0.98,0.97
1226,0.91,0.93,0.97,0.98,0.98,0.98,0.98,0.98
1227,0.92,0.93,0.97,0.98,0.98,0.98,0.98,0.98
1228,0.92,0.93,0.97,0.98,0.98,0.98,0.98,0.98
1229,0.92,0.93,0.96,0.98,0.98,0.98,0.98,0.98
1230,0.93,0.93,0.96,0.98,0.98,0.98,0.98,0.99
1231,0.93,0.93,0.96,0.98,0.99,0.98,0.98,0.99
1232,0.93,0.93,0.96,0.98,0.98,0.98,0.98,0.98
1233,0.94,0.96,0.95,0.98,0.99,0.98,0.98,0.99
1234,0.94,0.96,0.95,0.98,0.99,0.98,0.97,0.99
1235,0.94,0.93,0.95,0.98,0.99,0.98,0.97,0.99
1236,0.95,0.96,0.94,0.98,0.99,0.98,0.97,0.99
1237,0.97,0.96,0.94,0.98,0.99,0.99,0.97,0.99
1238,0.94,0.96,0.94,0.98,0.99,0.98,0.97,0.99
1239,0.96,0.96,0.94,0.98,0.99,0.98,0.97,0.98
1240,0.95,0.96,0.94,0.98,0.99,0.98,0.96,0.98
1241,0.94,0.96,0.94,0.98,0.99,0.99,0.96,0.99
1242,0.94,0.96,0.94,0.98,0.99,0.98,0.96,0.98
1243,0.96,0.98,0.94,0.98,0.99,0.98,0.96,0.98
1244,0.95,0.98,0.94,0.98,0.99,0.98,0.96,0.98
1245,0.96,0.96,0.93,0.98,0.99,0.99,0.96,0.98
1246,0.94,0.96,0.93,0.98,0.99,0.98,0.96,0.98
1247,0.94,0.98,0.94,0.98,0.99,0.99,0.96,0.98
1248,0.95,0.98,0.94,0.98,0.99,0.98,0.96,0.98
1249,0.94,0.96,0.94,0.98,0.99,0.99,0.96,0.98
1250,0.93,0.96,0.93,0.98,0.99,0.99,0.95,0.98
1251,0.93,0.96,0.93,0.98,0.99,0.98,0.95,0.98
1252,0.93,0.98,0.93,0.98,0.99,0.98,0.95,0.97
1253,0.93,0.96,0.93,0.98,0.99,0.98,0.94,0.97
1254,0.93,0.98,0.94,0.98,0.99,0.99,0.94,0.98
1255,0.96,0.96,0.93,0.98,0.99,0.99,0.94,0.97
1256,0.93,0.96,0.93,0.98,0.99,0.98,0.94,0.97
1257,0.93,0.96,0.93,0.98,0.99,0.98,0.94,0.97
1258,0.96,0.98,0.93,0.98,0.98,0.98,0.94,0.97
1259,0.94,0.96,0.93,0.97,0.98,0.98,0.93,0.97
1260,0.93,0.98,0.94,0.98,0.98,0.98,0.93,0.97
1261,0.93,0.96,0.93,0.98,0.98,0.98,0.93,0.97
1262,0.94,0.96,0.93,0.98,0.98,0.98,0.93,0.97
1263,0.94,0.96,0.94,0.98,0.98,0.98,0.93,0.97
1264,0.94,0.98,0.94,0.98,0.98,0.98,0.93,0.97
1265,0.95,0.96,0.94,0.97,0.98,0.98,0.93,0.97
1266,0.94,0.96,0.95,0.98,0.98,0.98,0.93,0.97
1267,0.95,0.98,0.95,0.98,0.98,0.98,0.93,0.97
1268,0.94,0.96,0.95,0.98,0.98,0.98,0.93,0.97
1269,0.96,0.98,0.95,0.98,0.98,0.98,0.93,0.97
1270,0.94,0.96,0.95,0.98,0.98,0.98,0.93,0.97
1271,0.95,0.96,0.96,0.98,0.98,0.98,0.93,0.97
1272,0.96,0.96,0.96,0.98,0.98,0.98,0.93,0.97
1273,0.95,0.98,0.96,0.98,0.98,0.98,0.93,0.97
1274,0.94,0.98,0.96,0.98,0.98,0.98,0.94,0.97
1275,0.94,0.98,0.96,0.98,0.98,0.98,0.94,0.97
1276,0.94,0.96,0.96,0.98,0.98,0.98,0.94,0.98
1277,0.94,0.96,0.96,0.98,0.98,0.98,0.95,0.97
1278,0.94,0.96,0.96,0.98,0.98,0.98,0.95,0.98
1279,0.94,0.96,0.96,0.98,0.98,0.98,0.95,0.98
1280,0.94,0.98,0.97,0.98,0.98,0.99,0.95,0.98
1281,0.93,0.96,0.96,0.98,0.98,0.99,0.95,0.98
1282,0.94,0.96,0.97,0.98,0.98,0.99,0.95,0.98
1283,0.94,0.98,0.96,0.98,0.98,0.99,0.95,0.98
1284,0.94,0.96,0.96,0.98,0.98,0.99,0.95,0.98
1285,0.93,0.96,0.96,0.98,0.98,0.99,0.95,0.98
1286,0.95,0.98,0.96,0.98,0.98,0.99,0.95,0.98
1287,0.93,0.96,0.96,0.98,0.98,0.99,0.95,0.98
1288,0.94,0.96,0.96,0.98,0.98,0.99,0.95,0.99
1289,0.93,0.96,0.96,0.98,0.98,0.99,0.96,0.99
1290,0.94,0.96,0.96,0.98,0.98,0.99,0.95,0.98
1291,0.93,0.96,0.96,0.98,0.98,0.99,0.96,0.99
1292,0.96,0.98,0.96,0.98,0.98,0.99,0.96,0.99
1293,0.93,0.96,0.96,0.98,0.98,0.99,0.96,0.99
1294,0.94,0.96,0.96,0.98,0.98,0.99,0.96,0.99
1295,0.94,0.96,0.96,0.99,0.99,0.99,0.96,0.99
1296,0.96,0.96,0.96,0.98,0.98,0.99,0.96,0.99
1297,0.95,0.96,0.97,0.98,0.98,0.99,0.96,0.99
1298,0.93,0.96,0.97,0.98,0.99,0.99,0.96,0.99
1299,0.93,0.96,0.97,0.98,0.99,0.99,0.96,0.99
1300,0.93,0.96,0.97,0.99,0.99,1.0,0.96,1.0
1301,0.93,0.96,0.97,0.99,0.98,1.0,0.97,0.99
1302,0.93,0.96,0.97,0.99,0.99,1.0,0.97,1.0
1303,0.92,0.93,0.97,0.99,0.99,1.0,0.98,1.0
1304,0.92,0.96,0.97,0.99,0.99,0.99,0.98,0.99
1305,0.93,0.96,0.97,0.99,0.99,1.0,0.98,1.0
1306,0.92,0.96,0.97,0.99,0.99,0.99,0.98,1.0
1307,0.91,0.96,0.97,0.99,0.99,1.0,0.99,1.0
1308,0.92,0.96,0.97,0.99,0.99,1.0,0.99,1.0
1309,0.91,0.96,0.97,0.98,0.99,1.0,0.99,1.0
1310,0.9,0.93,0.97,0.99,1.0,1.0,0.99,1.0
1311,0.92,0.93,0.97,0.99,0.99,1.0,1.0,1.0
1312,0.9,0.93,0.97,0.99,0.99,1.0,1.0,1.0
1313,0.91,0.91,0.97,0.99,0.99,1.0,1.0,1.0
1314,0.89,0.93,0.97,0.99,0.99,1.0,1.0,1.0
1315,0.9,0.91,0.97,0.99,0.99,1.0,1.0,1.0
1316,0.89,0.91,0.97,0.99,1.0,1.0,1.0,1.0
1317,0.91,0.93,0.97,0.99,1.0,1.0,1.0,1.0
1318,0.89,0.93,0.96,1.0,0.99,1.0,1.0,1.0
1319,0.89,0.91,0.97,0.99,1.0,1.0,0.99,1.0
1320,0.88,0.91,0.96,0.99,1.0,1.0,0.99,1.0
1321,0.88,0.91,0.96,0.99,1.0,1.0,0.99,0.99
1322,0.88,0.89,0.96,0.99,1.0,1.0,0.99,1.0
1323,0.89,0.91,0.96,0.99,0.99,1.0,0.99,0.99
1324,0.88,0.91,0.96,1.0,1.0,1.0,0.99,0.99
1325,0.88,0.89,0.96,0.99,1.0,1.0,0.98,0.99
1326,0.87,0.89,0.96,0.99,0.99,1.0,0.98,0.99
1327,0.87,0.91,0.96,0.99,0.99,1.0,0.98,0.98
1328,0.87,0.89,0.96,0.99,0.99,1.0,0.97,0.98
1329,0.87,0.89,0.96,0.99,0.99,0.99,0.97,0.98
1330,0.87,0.89,0.96,0.99,0.99,0.99,0.96,0.98
1331,0.87,0.91,0.96,0.99,0.99,0.99,0.96,0.97
1332,0.87,0.89,0.97,0.99,0.99,0.99,0.96,0.96
1333,0.88,0.89,0.97,0.99,0.99,0.99,0.95,0.96
1334,0.88,0.91,0.96,0.99,0.99,0.99,0.94,0.96
1335,0.88,0.91,0.97,0.99,0.98,0.99,0.94,0.96
1336,0.88,0.89,0.96,0.99,0.98,0.98,0.93,0.95
1337,0.88,0.89,0.96,0.99,0.98,0.99,0.93,0.95
1338,0.88,0.91,0.96,0.99,0.98,0.98,0.92,0.95
1339,0.88,0.89,0.96,0.99,0.97,0.98,0.92,0.94
1340,0.89,0.91,0.96,0.99,0.97,0.98,0.91,0.93
1341,0.88,0.91,0.96,0.99,0.97,0.98,0.91,0.93
1342,0.89,0.91,0.96,0.99,0.97,0.97,0.9,0.93
1343,0.89,0.91,0.96,0.99,0.96,0.97,0.89,0.92
1344,0.89,0.91,0.96,0.99,0.96,0.97,0.89,0.92
1345,0.89,0.91,0.96,0.99,0.96,0.97,0.88,0.91
1346,0.89,0.91,0.96,0.99,0.96,0.96,0.87,0.9
1347,0.89,0.91,0.96,0.99,0.95,0.96,0.87,0.9
1348,0.89,0.91,0.96,0.99,0.95,0.96,0.86,0.9
1349,0.9,0.91,0.95,0.99,0.94,0.95,0.85,0.89
1350,0.9,0.91,0.95,0.99,0.94,0.95,0.85,0.89
1351,0.89,0.93,0.94,0.99,0.94,0.95,0.84,0.89
1352,0.9,0.91,0.95,0.99,0.94,0.95,0.83,0.88
1353,0.91,0.91,0.94,0.99,0.93,0.94,0.82,0.87
1354,0.91,0.93,0.94,0.99,0.93,0.94,0.82,0.87
1355,0.89,0.93,0.93,0.99,0.93,0.94,0.81,0.87
1356,0.91,0.93,0.93,0.99,0.92,0.94,0.81,0.86
1357,0.9,0.93,0.92,0.98,0.92,0.93,0.8,0.85
1358,0.89,0.96,0.92,0.99,0.91,0.93,0.79,0.85
1359,0.89,0.93,0.92,0.98,0.91,0.93,0.79,0.84
1360,0.92,0.93,0.92,0.98,0.91,0.92,0.78,0.84
1361,0.9,0.93,0.91,0.99,0.9,0.92,0.77,0.84
1362,0.9,0.93,0.9,0.99,0.9,0.92,0.76,0.83
1363,0.89,0.96,0.9,0.98,0.89,0.91,0.76,0.82
1364,0.89,0.93,0.89,0.98,0.89,0.91,0.75,0.82
1365,0.89,0.93,0.89,0.98,0.89,0.91,0.75,0.81
1366,0.88,0.93,0.89,0.98,0.89,0.9,0.73,0.8
1367,0.88,0.93,0.87,0.98,0.88,0.9,0.73,0.79
1368,0.87,0.93,0.87,0.98,0.87,0.89,0.72,0.79
1369,0.87,0.93,0.87,0.98,0.87,0.89,0.71,0.78
1370,0.87,0.93,0.86,0.98,0.87,0.89,0.7,0.78
1371,0.87,0.91,0.86,0.98,0.86,0.89,0.7,0.78
1372,0.87,0.93,0.85,0.98,0.86,0.88,0.69,0.77
1373,0.88,0.93,0.85,0.97,0.85,0.88,0.69,0.76
1374,0.85,0.91,0.85,0.97,0.84,0.87,0.68,0.76
1375,0.85,0.91,0.85,0.98,0.84,0.86,0.67,0.75
1376,0.84,0.93,0.84,0.97,0.84,0.86,0.67,0.75
1377,0.85,0.91,0.83,0.97,0.83,0.86,0.66,0.74
1378,0.82,0.91,0.83,0.96,0.83,0.86,0.66,0.73
1379,0.82,0.89,0.83,0.96,0.82,0.84,0.65,0.73
1380,0.81,0.89,0.83,0.96,0.82,0.84,0.64,0.72
1381,0.8,0.89,0.82,0.96,0.81,0.84,0.64,0.71
1382,0.8,0.91,0.82,0.96,0.81,0.84,0.64,0.71
1383,0.79,0.89,0.82,0.96,0.8,0.83,0.63,0.7
1384,0.79,0.89,0.82,0.96,0.8,0.83,0.62,0.69
1385,0.77,0.87,0.82,0.95,0.79,0.82,0.62,0.69
1386,0.78,0.87,0.82,0.95,0.79,0.82,0.62,0.69
1387,0.78,0.85,0.81,0.95,0.78,0.81,0.61,0.68
1388,0.78,0.87,0.81,0.95,0.78,0.81,0.6,0.68
1389,0.76,0.85,0.8,0.95,0.77,0.8,0.6,0.67
1390,0.75,0.85,0.8,0.95,0.77,0.8,0.59,0.67
1391,0.74,0.85,0.8,0.95,0.76,0.8,0.59,0.66
1392,0.73,0.85,0.8,0.95,0.76,0.79,0.58,0.66
1393,0.73,0.83,0.79,0.95,0.75,0.79,0.58,0.65
1394,0.73,0.83,0.79,0.95,0.75,0.79,0.58,0.65
1395,0.72,0.83,0.79,0.95,0.75,0.78,0.58,0.64
1396,0.72,0.8,0.78,0.94,0.74,0.78,0.57,0.64
1397,0.72,0.8,0.77,0.94,0.73,0.77,0.56,0.63
1398,0.73,0.8,0.77,0.94,0.73,0.77,0.56,0.63
1399,0.69,0.78,0.77,0.94,0.72,0.76,0.55,0.62
1400,0.69,0.78,0.76,0.94,0.72,0.76,0.55,0.62
1401,0.68,0.8,0.76,0.93,0.72,0.76,0.55,0.62
1402,0.69,0.78,0.75,0.93,0.71,0.75,0.54,0.61
1403,0.67,0.78,0.75,0.93,0.71,0.75,0.54,0.61
1404,0.66,0.76,0.75,0.93,0.7,0.74,0.53,0.6
1405,0.66,0.76,0.74,0.92,0.7,0.74,0.53,0.6
1406,0.65,0.76,0.74,0.92,0.69,0.74,0.52,0.59
1407,0.66,0.74,0.73,0.93,0.69,0.73,0.52,0.59
1408,0.66,0.74,0.73,0.92,0.68,0.73,0.51,0.58
1409,0.64,0.74,0.73,0.92,0.67,0.72,0.51,0.58
1410,0.64,0.74,0.73,0.92,0.67,0.72,0.5,0.57
1411,0.63,0.72,0.71,0.92,0.67,0.71,0.5,0.57
1412,0.63,0.74,0.71,0.92,0.67,0.71,0.5,0.57
1413,0.62,0.7,0.71,0.92,0.66,0.7,0.5,0.56
1414,0.63,0.72,0.7,0.92,0.65,0.7,0.49,0.56
1415,0.61,0.72,0.69,0.92,0.65,0.7,0.49,0.56
1416,0.61,0.72,0.69,0.92,0.65,0.69,0.48,0.55
1417,0.6,0.72,0.69,0.91,0.64,0.69,0.48,0.55
1418,0.62,0.7,0.68,0.91,0.64,0.68,0.47,0.54
1419,0.59,0.7,0.68,0.91,0.63,0.68,0.47,0.54
1420,0.59,0.7,0.67,0.91,0.63,0.68,0.47,0.53
1421,0.58,0.67,0.68,0.91,0.63,0.67,0.46,0.53
1422,0.58,0.7,0.66,0.9,0.62,0.67,0.46,0.53
1423,0.6,0.67,0.66,0.9,0.62,0.66,0.45,0.52
1424,0.58,0.67,0.65,0.9,0.61,0.66,0.46,0.52
1425,0.57,0.67,0.64,0.9,0.61,0.66,0.45,0.51
1426,0.57,0.65,0.64,0.89,0.6,0.65,0.44,0.51
1427,0.58,0.65,0.64,0.89,0.6,0.65,0.44,0.51
1428,0.56,0.65,0.63,0.89,0.59,0.64,0.44,0.5
1429,0.55,0.65,0.62,0.89,0.59,0.64,0.43,0.5
1430,0.55,0.65,0.62,0.89,0.59,0.64,0.43,0.49
1431,0.54,0.65,0.61,0.89,0.58,0.63,0.42,0.49
1432,0.53,0.63,0.61,0.89,0.58,0.63,0.42,0.48
1433,0.54,0.63,0.61,0.89,0.58,0.63,0.42,0.48
1434,0.53,0.63,0.6,0.89,0.57,0.62,0.42,0.48
1435,0.52,0.63,0.59,0.88,0.57,0.61,0.41,0.47
1436,0.52,0.61,0.59,0.89,0.56,0.61,0.41,0.47
1437,0.51,0.63,0.58,0.87,0.56,0.61,0.4,0.46
1438,0.51,0.61,0.58,0.88,0.56,0.61,0.4,0.46
1439,0.49,0.61,0.57,0.87,0.55,0.6,0.39,0.45
1440,0.49,0.61,0.57,0.87,0.55,0.6,0.39,0.45
1441,0.49,0.61,0.56,0.87,0.54,0.59,0.39,0.45
1442,0.48,0.59,0.55,0.87,0.54,0.59,0.38,0.44
1443,0.48,0.59,0.55,0.87,0.54,0.59,0.38,0.44
1444,0.47,0.59,0.54,0.86,0.53,0.58,0.37,0.44
1445,0.46,0.59,0.54,0.86,0.52,0.58,0.37,0.43
1446,0.47,0.57,0.53,0.86,0.52,0.58,0.37,0.43
1447,0.45,0.59,0.53,0.86,0.52,0.57,0.37,0.43
1448,0.45,0.59,0.52,0.86,0.51,0.57,0.36,0.42
1449,0.44,0.57,0.52,0.85,0.51,0.56,0.36,0.42
1450,0.44,0.57,0.52,0.86,0.51,0.56,0.36,0.42
1451,0.44,0.57,0.5,0.85,0.5,0.56,0.35,0.41
1452,0.43,0.57,0.5,0.85,0.5,0.55,0.35,0.41
1453,0.42,0.54,0.49,0.84,0.5,0.55,0.35,0.41
1454,0.42,0.54,0.48,0.84,0.49,0.55,0.35,0.4
1455,0.44,0.54,0.48,0.84,0.49,0.54,0.34,0.39
1456,0.41,0.54,0.48,0.84,0.48,0.54,0.34,0.39
1457,0.4,0.54,0.47,0.83,0.48,0.53,0.34,0.39
1458,0.4,0.52,0.47,0.83,0.47,0.53,0.34,0.39
1459,0.41,0.52,0.46,0.83,0.47,0.52,0.33,0.38
1460,0.39,0.52,0.46,0.83,0.47,0.52,0.33,0.38
1461,0.39,0.52,0.46,0.82,0.47,0.52,0.33,0.38
1462,0.39,0.5,0.45,0.82,0.46,0.52,0.32,0.37
1463,0.4,0.52,0.45,0.82,0.46,0.51,0.32,0.37
1464,0.38,0.5,0.44,0.82,0.46,0.51,0.32,0.37
1465,0.38,0.5,0.43,0.81,0.45,0.5,0.31,0.36
1466,0.37,0.5,0.43,0.81,0.45,0.5,0.31,0.36
1467,0.36,0.5,0.43,0.81,0.44,0.5,0.31,0.35
1468,0.36,0.48,0.43,0.8,0.44,0.49,0.31,0.35
1469,0.36,0.48,0.42,0.8,0.43,0.49,0.31,0.35
1470,0.36,0.48,0.41,0.8,0.43,0.49,0.3,0.35
1471,0.35,0.48,0.41,0.8,0.43,0.48,0.3,0.34
1472,0.34,0.48,0.41,0.8,0.43,0.48,0.3,0.34
1473,0.34,0.48,0.4,0.79,0.42,0.48,0.29,0.34
1474,0.34,0.46,0.4,0.79,0.42,0.48,0.29,0.33
1475,0.34,0.46,0.39,0.79,0.42,0.48,0.29,0.33
1476,0.33,0.46,0.39,0.79,0.41,0.47,0.29,0.33
1477,0.33,0.48,0.39,0.79,0.41,0.47,0.28,0.33
1478,0.33,0.46,0.39,0.78,0.41,0.46,0.28,0.33
1479,0.32,0.46,0.38,0.78,0.4,0.46,0.28,0.32
1480,0.33,0.46,0.38,0.78,0.4,0.46,0.27,0.32
1481,0.34,0.46,0.38,0.78,0.4,0.45,0.28,0.32
1482,0.31,0.43,0.36,0.77,0.39,0.44,0.27,0.31
1483,0.33,0.43,0.36,0.77,0.38,0.44,0.27,0.31
1484,0.3,0.43,0.36,0.77,0.38,0.44,0.27,0.31
1485,0.31,0.41,0.35,0.76,0.38,0.43,0.26,0.3
1486,0.3,0.43,0.34,0.76,0.37,0.43,0.26,0.3
1487,0.3,0.43,0.34,0.76,0.37,0.43,0.26,0.3
1488,0.29,0.43,0.34,0.76,0.37,0.43,0.26,0.3
1489,0.31,0.41,0.34,0.76,0.37,0.43,0.25,0.3
1490,0.29,0.43,0.33,0.75,0.37,0.42,0.25,0.29
1491,0.28,0.41,0.33,0.75,0.36,0.42,0.25,0.29
1492,0.28,0.41,0.33,0.75,0.36,0.41,0.25,0.29
1493,0.28,0.41,0.32,0.74,0.36,0.41,0.24,0.29
1494,0.27,0.39,0.32,0.74,0.35,0.41,0.24,0.28
1495,0.28,0.41,0.32,0.74,0.35,0.41,0.24,0.28
1496,0.27,0.41,0.31,0.74,0.35,0.41,0.24,0.28
1497,0.27,0.39,0.31,0.74,0.35,0.4,0.24,0.28
1498,0.26,0.39,0.31,0.74,0.34,0.4,0.23,0.27
1499,0.26,0.41,0.3,0.73,0.34,0.4,0.23,0.27
