0,0.04,0.02,0.01,0.02,0.0,0.0,0.0,0.0
1,0.0,0.02,0.01,0.02,0.0,0.0,0.0,0.0
2,0.02,0.04,0.01,0.02,0.0,0.0,0.01,0.0
3,0.01,0.04,0.02,0.01,0.01,0.01,0.0,0.0
4,0.02,0.04,0.01,0.02,0.0,0.0,0.01,0.0
5,0.01,0.04,0.0,0.01,0.01,0.0,0.0,0.0
6,0.03,0.02,0.0,0.01,0.0,0.0,0.01,0.0
7,0.03,0.04,0.01,0.01,0.0,0.0,0.0,0.0
8,0.01,0.02,0.01,0.01,0.01,0.0,0.0,0.0
9,0.0,0.02,0.01,0.01,0.0,0.0,0.01,0.0
10,0.01,0.02,0.01,0.01,0.01,0.0,0.0,0.0
11,0.01,0.0,0.01,0.01,0.01,0.0,0.01,0.0
12,0.0,0.0,0.02,0.01,0.0,0.0,0.0,0.01
13,0.0,0.02,0.01,0.01,0.0,0.0,0.01,0.0
14,0.0,0.0,0.01,0.01,0.0,0.0,0.0,0.0
15,0.01,0.0,0.01,0.02,0.0,0.0,0.01,0.0
16,0.01,0.02,0.02,0.01,0.0,0.0,0.01,0.0
17,0.02,0.0,0.01,0.01,0.0,0.0,0.01,0.01
18,0.01,0.02,0.01,0.01,0.0,0.0,0.01,0.01
19,0.03,0.02,0.02,0.0,0.0,0.0,0.01,0.01
20,0.03,0.02,0.01,0.01,0.0,0.0,0.01,0.01
21,0.02,0.0,0.01,0.01,0.0,0.0,0.01,0.01
22,0.02,0.0,0.01,0.0,0.0,0.0,0.01,0.01
23,0.01,0.0,0.01,0.0,0.0,0.0,0.0,0.01
24,0.02,0.0,0.02,0.0,0.01,0.0,0.0,0.01
25,0.02,0.02,0.01,0.01,0.0,0.0,0.01,0.01
26,0.04,0.02,0.01,0.02,0.0,0.0,0.01,0.01
27,0.02,0.02,0.02,0.0,0.0,0.0,0.0,0.01
28,0.01,0.02,0.03,0.0,0.0,0.0,0.01,0.01
29,0.02,0.0,0.01,0.0,0.0,0.0,0.01,0.01
30,0.01,0.02,0.01,0.01,0.0,0.0,0.01,0.01
31,0.02,0.0,0.02,0.0,0.01,0.0,0.01,0.01
32,0.02,0.04,0.01,0.0,0.01,0.0,0.01,0.01
33,0.01,0.02,0.01,0.0,0.01,0.0,0.01,0.01
34,0.02,0.02,0.01,0.01,0.01,0.0,0.01,0.01
35,0.02,0.04,0.01,0.01,0.01,0.0,0.01,0.01
36,0.03,0.07,0.02,0.01,0.01,0.0,0.01,0.01
37,0.02,0.02,0.02,0.01,0.01,0.01,0.01,0.01
38,0.02,0.0,0.02,0.02,0.01,0.01,0.01,0.01
39,0.04,0.0,0.01,0.01,0.01,0.01,0.01,0.01
40,0.01,0.04,0.01,0.02,0.01,0.0,0.01,0.01
41,0.03,0.04,0.02,0.02,0.01,0.01,0.01,0.01
42,0.01,0.0,0.02,0.01,0.01,0.01,0.01,0.01
43,0.03,0.02,0.03,0.02,0.01,0.01,0.01,0.01
44,0.01,0.04,0.02,0.02,0.01,0.01,0.01,0.01
45,0.03,0.02,0.04,0.02,0.01,0.01,0.01,0.01
46,0.04,0.04,0.03,0.03,0.01,0.01,0.02,0.01
47,0.04,0.04,0.02,0.03,0.01,0.01,0.01,0.02
48,0.04,0.02,0.02,0.03,0.01,0.01,0.02,0.02
49,0.02,0.04,0.02,0.02,0.01,0.01,0.02,0.02
50,0.02,0.04,0.02,0.03,0.01,0.01,0.02,0.02
51,0.02,0.02,0.02,0.03,0.02,0.01,0.02,0.02
52,0.03,0.04,0.03,0.03,0.01,0.01,0.02,0.02
53,0.04,0.04,0.03,0.03,0.01,0.01,0.02,0.02
54,0.02,0.02,0.03,0.03,0.01,0.01,0.02,0.02
55,0.04,0.0,0.03,0.04,0.01,0.01,0.02,0.02
56,0.02,0.04,0.04,0.05,0.02,0.01,0.02,0.02
57,0.02,0.02,0.03,0.04,0.02,0.01,0.02,0.02
58,0.03,0.04,0.04,0.05,0.02,0.01,0.02,0.02
59,0.02,0.02,0.03,0.04,0.02,0.01,0.02,0.02
60,0.03,0.04,0.04,0.05,0.02,0.01,0.02,0.02
61,0.03,0.02,0.03,0.05,0.02,0.01,0.02,0.02
62,0.03,0.04,0.03,0.05,0.02,0.01,0.02,0.02
63,0.03,0.04,0.03,0.06,0.02,0.01,0.02,0.02
64,0.03,0.04,0.04,0.06,0.02,0.01,0.02,0.02
65,0.03,0.04,0.04,0.06,0.02,0.01,0.02,0.02
66,0.04,0.07,0.04,0.06,0.02,0.01,0.02,0.02
67,0.04,0.04,0.04,0.06,0.02,0.01,0.02,0.03
68,0.03,0.04,0.03,0.06,0.02,0.01,0.02,0.02
69,0.04,0.04,0.04,0.07,0.03,0.01,0.02,0.03
70,0.04,0.04,0.04,0.06,0.02,0.01,0.02,0.03
71,0.04,0.07,0.04,0.08,0.03,0.02,0.02,0.03
72,0.04,0.07,0.04,0.08,0.02,0.01,0.02,0.03
73,0.04,0.07,0.04,0.08,0.03,0.02,0.02,0.03
74,0.03,0.04,0.04,0.08,0.03,0.02,0.02,0.03
75,0.07,0.04,0.04,0.08,0.03,0.02,0.02,0.03
76,0.06,0.04,0.04,0.08,0.03,0.02,0.03,0.03
77,0.04,0.04,0.04,0.08,0.03,0.02,0.02,0.03
78,0.04,0.07,0.04,0.09,0.03,0.01,0.02,0.03
79,0.04,0.04,0.04,0.08,0.03,0.02,0.02,0.03
80,0.04,0.07,0.04,0.09,0.03,0.02,0.02,0.03
81,0.05,0.04,0.04,0.08,0.03,0.02,0.02,0.03
82,0.04,0.02,0.04,0.08,0.03,0.02,0.02,0.03
83,0.05,0.07,0.04,0.09,0.03,0.01,0.02,0.03
84,0.03,0.04,0.04,0.09,0.03,0.02,0.02,0.03
85,0.04,0.02,0.05,0.09,0.03,0.02,0.02,0.03
86,0.04,0.04,0.04,0.09,0.03,0.02,0.02,0.03
87,0.04,0.04,0.05,0.1,0.03,0.02,0.02,0.03
88,0.04,0.07,0.04,0.1,0.03,0.02,0.02,0.03
89,0.07,0.07,0.04,0.09,0.03,0.02,0.02,0.03
90,0.04,0.04,0.04,0.1,0.03,0.02,0.02,0.03
91,0.04,0.07,0.04,0.1,0.03,0.02,0.02,0.03
92,0.04,0.02,0.04,0.11,0.03,0.02,0.02,0.03
93,0.04,0.04,0.04,0.11,0.03,0.02,0.02,0.03
94,0.04,0.02,0.05,0.1,0.03,0.02,0.02,0.03
95,0.04,0.04,0.05,0.11,0.03,0.02,0.02,0.03
96,0.04,0.07,0.04,0.12,0.03,0.02,0.02,0.03
97,0.04,0.04,0.04,0.11,0.03,0.02,0.02,0.03
98,0.04,0.04,0.04,0.12,0.03,0.02,0.02,0.03
99,0.04,0.04,0.04,0.11,0.03,0.02,0.02,0.03
100,0.04,0.04,0.04,0.13,0.03,0.02,0.02,0.03
101,0.04,0.07,0.04,0.12,0.03,0.02,0.02,0.03
102,0.04,0.04,0.04,0.12,0.03,0.02,0.02,0.03
103,0.04,0.04,0.04,0.13,0.03,0.02,0.02,0.03
104,0.05,0.02,0.04,0.12,0.04,0.02,0.02,0.03
105,0.06,0.07,0.05,0.12,0.03,0.02,0.02,0.03
106,0.04,0.02,0.05,0.13,0.03,0.02,0.02,0.03
107,0.04,0.07,0.05,0.13,0.03,0.02,0.02,0.02
108,0.04,0.04,0.04,0.13,0.03,0.02,0.02,0.03
109,0.04,0.07,0.05,0.14,0.03,0.02,0.02,0.03
110,0.04,0.04,0.05,0.14,0.03,0.02,0.02,0.02
111,0.04,0.04,0.04,0.14,0.03,0.02,0.02,0.03
112,0.07,0.07,0.05,0.14,0.03,0.02,0.02,0.03
113,0.04,0.04,0.05,0.14,0.03,0.02,0.02,0.02
114,0.08,0.04,0.04,0.14,0.03,0.02,0.02,0.03
115,0.04,0.04,0.05,0.14,0.03,0.02,0.02,0.03
116,0.04,0.04,0.04,0.14,0.03,0.02,0.02,0.02
117,0.06,0.04,0.05,0.15,0.03,0.02,0.02,0.03
118,0.05,0.04,0.05,0.15,0.04,0.02,0.02,0.03
119,0.04,0.07,0.05,0.16,0.03,0.02,0.02,0.03
120,0.04,0.07,0.04,0.16,0.03,0.02,0.02,0.03
121,0.05,0.04,0.04,0.15,0.03,0.02,0.02,0.03
122,0.04,0.04,0.04,0.16,0.03,0.02,0.02,0.03
123,0.04,0.07,0.05,0.16,0.03,0.02,0.02,0.03
124,0.04,0.04,0.04,0.16,0.03,0.02,0.02,0.03
125,0.05,0.04,0.06,0.16,0.03,0.02,0.02,0.03
126,0.04,0.07,0.04,0.16,0.03,0.02,0.02,0.02
127,0.04,0.07,0.05,0.16,0.03,0.02,0.02,0.02
128,0.04,0.07,0.05,0.17,0.03,0.02,0.02,0.03
129,0.05,0.04,0.04,0.17,0.03,0.02,0.02,0.03
130,0.04,0.04,0.05,0.17,0.03,0.02,0.02,0.02
131,0.05,0.04,0.04,0.17,0.03,0.02,0.02,0.02
132,0.04,0.07,0.04,0.17,0.03,0.02,0.02,0.03
133,0.04,0.02,0.04,0.17,0.03,0.02,0.02,0.02
134,0.05,0.04,0.04,0.17,0.03,0.02,0.02,0.02
135,0.04,0.04,0.04,0.17,0.03,0.02,0.02,0.02
136,0.06,0.04,0.04,0.18,0.03,0.02,0.02,0.02
137,0.04,0.04,0.04,0.17,0.03,0.02,0.02,0.02
138,0.04,0.04,0.04,0.18,0.03,0.02,0.02,0.02
139,0.04,0.09,0.05,0.18,0.03,0.02,0.02,0.02
140,0.04,0.04,0.05,0.18,0.03,0.02,0.02,0.02
141,0.04,0.07,0.05,0.18,0.03,0.02,0.02,0.02
142,0.04,0.04,0.04,0.18,0.03,0.02,0.02,0.02
143,0.04,0.04,0.04,0.17,0.03,0.02,0.02,0.02
144,0.04,0.07,0.04,0.18,0.03,0.02,0.02,0.02
145,0.04,0.07,0.04,0.19,0.03,0.02,0.02,0.02
146,0.04,0.07,0.05,0.18,0.03,0.02,0.02,0.02
147,0.05,0.07,0.05,0.18,0.03,0.02,0.02,0.02
148,0.03,0.04,0.04,0.19,0.03,0.02,0.02,0.02
149,0.04,0.04,0.04,0.19,0.03,0.02,0.02,0.02
150,0.04,0.07,0.04,0.19,0.03,0.02,0.02,0.02
151,0.04,0.07,0.04,0.18,0.03,0.02,0.02,0.02
152,0.05,0.04,0.04,0.19,0.03,0.02,0.02,0.02
153,0.04,0.07,0.04,0.19,0.03,0.02,0.02,0.02
154,0.04,0.07,0.04,0.19,0.03,0.02,0.02,0.02
155,0.05,0.09,0.05,0.18,0.03,0.02,0.02,0.02
156,0.04,0.07,0.05,0.2,0.03,0.02,0.02,0.02
157,0.04,0.07,0.04,0.19,0.03,0.02,0.02,0.02
158,0.04,0.09,0.05,0.2,0.03,0.02,0.02,0.02
159,0.06,0.04,0.04,0.2,0.03,0.02,0.02,0.02
160,0.04,0.07,0.05,0.2,0.03,0.02,0.01,0.02
161,0.03,0.04,0.04,0.21,0.03,0.02,0.02,0.02
162,0.04,0.07,0.05,0.2,0.03,0.02,0.02,0.02
163,0.04,0.07,0.04,0.19,0.03,0.02,0.02,0.02
164,0.04,0.04,0.04,0.19,0.03,0.02,0.02,0.02
165,0.06,0.09,0.04,0.2,0.03,0.02,0.02,0.02
166,0.05,0.04,0.04,0.21,0.03,0.02,0.01,0.02
167,0.06,0.07,0.04,0.21,0.03,0.02,0.01,0.02
168,0.06,0.07,0.05,0.21,0.03,0.02,0.02,0.02
169,0.04,0.02,0.04,0.21,0.03,0.02,0.02,0.02
170,0.04,0.04,0.04,0.21,0.03,0.02,0.01,0.02
171,0.04,0.07,0.04,0.2,0.03,0.02,0.01,0.02
172,0.04,0.07,0.04,0.2,0.03,0.02,0.01,0.02
173,0.03,0.04,0.04,0.21,0.03,0.02,0.02,0.02
174,0.04,0.07,0.04,0.21,0.03,0.02,0.01,0.02
175,0.04,0.04,0.04,0.2,0.03,0.02,0.01,0.02
176,0.05,0.07,0.04,0.21,0.03,0.02,0.01,0.02
177,0.06,0.04,0.04,0.21,0.03,0.02,0.02,0.02
178,0.05,0.04,0.05,0.21,0.03,0.02,0.01,0.02
179,0.04,0.04,0.04,0.21,0.03,0.02,0.02,0.02
180,0.04,0.02,0.04,0.21,0.03,0.02,0.02,0.02
181,0.04,0.07,0.04,0.21,0.03,0.02,0.01,0.01
182,0.07,0.04,0.05,0.21,0.03,0.02,0.01,0.02
183,0.04,0.07,0.04,0.21,0.03,0.02,0.01,0.01
184,0.04,0.04,0.04,0.21,0.03,0.02,0.01,0.01
185,0.04,0.04,0.04,0.21,0.03,0.02,0.01,0.01
186,0.05,0.07,0.04,0.21,0.03,0.02,0.01,0.02
187,0.04,0.07,0.04,0.21,0.03,0.02,0.01,0.02
188,0.04,0.04,0.05,0.21,0.03,0.02,0.01,0.02
189,0.04,0.04,0.04,0.22,0.03,0.01,0.01,0.02
190,0.05,0.04,0.04,0.21,0.03,0.02,0.01,0.02
191,0.04,0.07,0.04,0.21,0.03,0.02,0.01,0.02
192,0.06,0.07,0.04,0.21,0.03,0.02,0.01,0.02
193,0.04,0.02,0.04,0.21,0.03,0.02,0.01,0.01
194,0.04,0.04,0.04,0.21,0.03,0.02,0.01,0.02
195,0.04,0.04,0.04,0.21,0.03,0.02,0.01,0.01
196,0.04,0.04,0.05,0.21,0.03,0.02,0.01,0.01
197,0.04,0.07,0.04,0.21,0.03,0.02,0.01,0.01
198,0.04,0.07,0.05,0.21,0.03,0.02,0.01,0.02
199,0.04,0.07,0.04,0.22,0.03,0.02,0.01,0.02
200,0.03,0.07,0.04,0.21,0.03,0.02,0.01,0.02
201,0.06,0.04,0.04,0.21,0.03,0.01,0.01,0.02
202,0.04,0.07,0.05,0.21,0.03,0.01,0.01,0.01
203,0.04,0.04,0.04,0.21,0.03,0.01,0.01,0.02
204,0.03,0.04,0.04,0.22,0.03,0.02,0.01,0.01
205,0.04,0.07,0.04,0.23,0.03,0.02,0.01,0.01
206,0.04,0.07,0.04,0.22,0.03,0.02,0.01,0.01
207,0.04,0.04,0.04,0.22,0.03,0.01,0.01,0.01
208,0.04,0.04,0.04,0.22,0.03,0.02,0.01,0.01
209,0.05,0.07,0.04,0.21,0.03,0.01,0.01,0.01
210,0.06,0.04,0.04,0.21,0.03,0.01,0.01,0.01
211,0.04,0.07,0.04,0.22,0.03,0.02,0.01,0.01
212,0.04,0.07,0.04,0.23,0.03,0.02,0.01,0.01
213,0.04,0.02,0.04,0.22,0.03,0.01,0.01,0.01
214,0.03,0.04,0.04,0.22,0.02,0.01,0.01,0.01
215,0.04,0.04,0.04,0.23,0.03,0.01,0.01,0.01
216,0.04,0.04,0.04,0.22,0.03,0.01,0.01,0.01
217,0.04,0.04,0.04,0.22,0.03,0.02,0.01,0.01
218,0.03,0.04,0.04,0.22,0.02,0.01,0.01,0.01
219,0.04,0.04,0.04,0.22,0.03,0.01,0.01,0.01
220,0.03,0.04,0.03,0.21,0.03,0.01,0.01,0.01
221,0.04,0.02,0.04,0.22,0.02,0.01,0.01,0.01
222,0.04,0.02,0.04,0.23,0.02,0.01,0.01,0.01
223,0.04,0.04,0.04,0.22,0.03,0.01,0.01,0.01
224,0.04,0.07,0.03,0.22,0.02,0.01,0.01,0.01
225,0.04,0.07,0.04,0.22,0.03,0.01,0.01,0.01
226,0.06,0.04,0.04,0.23,0.03,0.01,0.01,0.01
227,0.06,0.04,0.04,0.22,0.02,0.01,0.01,0.01
228,0.04,0.04,0.04,0.22,0.02,0.01,0.01,0.01
229,0.03,0.04,0.04,0.22,0.02,0.01,0.01,0.01
230,0.05,0.04,0.04,0.23,0.02,0.01,0.01,0.01
231,0.03,0.04,0.04,0.22,0.02,0.01,0.01,0.01
232,0.03,0.04,0.04,0.22,0.02,0.01,0.01,0.01
233,0.03,0.04,0.04,0.22,0.02,0.01,0.01,0.01
234,0.03,0.02,0.04,0.22,0.02,0.01,0.01,0.01
235,0.04,0.04,0.04,0.23,0.02,0.01,0.01,0.01
236,0.05,0.07,0.04,0.23,0.02,0.01,0.01,0.01
237,0.04,0.02,0.03,0.23,0.02,0.01,0.01,0.01
238,0.04,0.07,0.04,0.22,0.02,0.01,0.01,0.01
239,0.04,0.04,0.03,0.22,0.02,0.01,0.01,0.01
240,0.04,0.04,0.04,0.23,0.02,0.01,0.01,0.01
241,0.04,0.04,0.03,0.23,0.02,0.01,0.01,0.01
242,0.04,0.04,0.03,0.23,0.03,0.01,0.01,0.01
243,0.03,0.04,0.04,0.23,0.02,0.01,0.01,0.01
244,0.04,0.0,0.04,0.23,0.02,0.01,0.01,0.01
245,0.04,0.02,0.04,0.23,0.02,0.01,0.01,0.01
246,0.04,0.04,0.04,0.23,0.02,0.01,0.0,0.01
247,0.03,0.04,0.04,0.23,0.02,0.01,0.01,0.01
248,0.04,0.04,0.04,0.23,0.02,0.01,0.01,0.01
249,0.04,0.04,0.04,0.23,0.02,0.01,0.01,0.01
250,0.04,0.04,0.03,0.23,0.02,0.01,0.01,0.01
251,0.04,0.04,0.03,0.23,0.02,0.01,0.01,0.01
252,0.04,0.02,0.04,0.23,0.02,0.01,0.01,0.01
253,0.04,0.04,0.03,0.23,0.02,0.01,0.01,0.01
254,0.04,0.02,0.04,0.23,0.02,0.01,0.01,0.01
255,0.04,0.04,0.04,0.23,0.02,0.01,0.01,0.01
256,0.04,0.02,0.03,0.22,0.02,0.01,0.01,0.01
257,0.03,0.02,0.03,0.23,0.02,0.01,0.01,0.01
258,0.03,0.04,0.03,0.23,0.02,0.01,0.01,0.01
259,0.03,0.02,0.04,0.23,0.02,0.01,0.0,0.01
260,0.04,0.04,0.03,0.23,0.02,0.01,0.01,0.01
261,0.04,0.04,0.04,0.23,0.02,0.01,0.0,0.01
262,0.06,0.02,0.04,0.23,0.02,0.01,0.01,0.01
263,0.04,0.02,0.04,0.23,0.02,0.01,0.01,0.01
264,0.03,0.04,0.04,0.22,0.02,0.01,0.0,0.0
265,0.04,0.02,0.03,0.23,0.02,0.01,0.01,0.0
266,0.04,0.04,0.04,0.23,0.02,0.01,0.0,0.01
267,0.04,0.02,0.03,0.23,0.02,0.01,0.0,0.01
268,0.03,0.07,0.04,0.23,0.02,0.01,0.01,0.0
269,0.04,0.04,0.03,0.23,0.02,0.01,0.01,0.0
270,0.03,0.02,0.03,0.23,0.02,0.01,0.0,0.01
271,0.03,0.02,0.04,0.24,0.02,0.01,0.01,0.0
272,0.04,0.04,0.04,0.23,0.02,0.01,0.0,0.0
273,0.04,0.04,0.03,0.24,0.02,0.01,0.0,0.01
274,0.04,0.04,0.04,0.23,0.02,0.01,0.01,0.01
275,0.04,0.02,0.04,0.23,0.02,0.0,0.0,0.01
276,0.03,0.04,0.04,0.24,0.02,0.01,0.01,0.0
277,0.04,0.02,0.03,0.23,0.02,0.01,0.0,0.0
278,0.05,0.02,0.04,0.23,0.02,0.0,0.0,0.01
279,0.03,0.02,0.04,0.23,0.02,0.01,0.01,0.01
280,0.04,0.02,0.04,0.24,0.02,0.01,0.01,0.01
281,0.03,0.02,0.04,0.24,0.02,0.01,0.0,0.0
282,0.04,0.02,0.04,0.23,0.02,0.0,0.0,0.0
283,0.03,0.04,0.03,0.23,0.02,0.01,0.0,0.01
284,0.04,0.07,0.03,0.23,0.02,0.01,0.0,0.01
285,0.03,0.02,0.03,0.23,0.02,0.01,0.0,0.01
286,0.04,0.04,0.04,0.23,0.02,0.01,0.01,0.0
287,0.04,0.04,0.03,0.24,0.02,0.01,0.01,0.01
288,0.03,0.02,0.04,0.23,0.02,0.0,0.0,0.01
289,0.03,0.02,0.02,0.23,0.02,0.01,0.01,0.0
290,0.03,0.04,0.04,0.23,0.02,0.01,0.0,0.01
291,0.03,0.02,0.03,0.23,0.02,0.01,0.01,0.0
292,0.03,0.02,0.04,0.23,0.02,0.01,0.01,0.01
293,0.05,0.02,0.03,0.23,0.02,0.01,0.0,0.01
294,0.04,0.02,0.04,0.23,0.02,0.0,0.01,0.01
295,0.04,0.07,0.02,0.24,0.02,0.01,0.01,0.01
296,0.05,0.02,0.04,0.23,0.02,0.0,0.01,0.0
297,0.03,0.04,0.04,0.23,0.02,0.01,0.01,0.01
298,0.04,0.04,0.04,0.23,0.02,0.0,0.01,0.01
299,0.04,0.04,0.04,0.23,0.01,0.01,0.01,0.01
300,0.04,0.04,0.04,0.23,0.02,0.01,0.01,0.01
301,0.03,0.04,0.04,0.24,0.02,0.01,0.01,0.01
302,0.04,0.04,0.04,0.22,0.02,0.01,0.01,0.01
303,0.03,0.04,0.03,0.23,0.02,0.01,0.01,0.01
304,0.04,0.04,0.04,0.23,0.02,0.01,0.01,0.01
305,0.04,0.02,0.04,0.23,0.02,0.01,0.01,0.01
306,0.06,0.02,0.03,0.22,0.02,0.01,0.01,0.01
307,0.04,0.02,0.04,0.23,0.02,0.01,0.01,0.01
308,0.05,0.04,0.04,0.23,0.02,0.01,0.01,0.01
309,0.06,0.02,0.04,0.24,0.02,0.01,0.01,0.01
310,0.04,0.04,0.04,0.24,0.02,0.01,0.01,0.01
311,0.04,0.04,0.04,0.24,0.02,0.01,0.01,0.01
312,0.04,0.04,0.04,0.24,0.02,0.01,0.01,0.01
313,0.04,0.02,0.04,0.23,0.02,0.01,0.02,0.01
314,0.04,0.04,0.04,0.23,0.02,0.01,0.02,0.01
315,0.05,0.02,0.04,0.23,0.02,0.01,0.02,0.01
316,0.04,0.02,0.04,0.23,0.02,0.01,0.02,0.01
317,0.04,0.02,0.04,0.23,0.02,0.01,0.02,0.02
318,0.04,0.07,0.04,0.24,0.02,0.01,0.02,0.02
319,0.05,0.07,0.04,0.24,0.02,0.01,0.02,0.02
320,0.05,0.02,0.04,0.24,0.03,0.01,0.02,0.02
321,0.04,0.04,0.04,0.24,0.03,0.01,0.02,0.02
322,0.06,0.02,0.04,0.24,0.02,0.01,0.02,0.02
323,0.04,0.04,0.04,0.23,0.03,0.01,0.02,0.02
324,0.04,0.02,0.04,0.23,0.03,0.01,0.03,0.02
325,0.04,0.04,0.04,0.23,0.03,0.01,0.03,0.02
326,0.04,0.07,0.04,0.23,0.03,0.01,0.03,0.02
327,0.06,0.04,0.04,0.24,0.03,0.02,0.02,0.02
328,0.04,0.07,0.04,0.24,0.03,0.02,0.03,0.03
329,0.04,0.07,0.04,0.23,0.03,0.02,0.03,0.03
330,0.04,0.04,0.04,0.23,0.03,0.02,0.03,0.03
331,0.06,0.04,0.04,0.24,0.03,0.02,0.03,0.03
332,0.04,0.04,0.04,0.23,0.03,0.02,0.03,0.03
333,0.07,0.04,0.04,0.23,0.03,0.02,0.04,0.03
334,0.04,0.04,0.04,0.23,0.03,0.02,0.04,0.03
335,0.05,0.04,0.04,0.22,0.03,0.02,0.04,0.03
336,0.05,0.07,0.05,0.23,0.03,0.02,0.04,0.03
337,0.04,0.07,0.04,0.23,0.04,0.02,0.04,0.04
338,0.07,0.07,0.05,0.23,0.04,0.02,0.04,0.04
339,0.04,0.07,0.05,0.24,0.04,0.02,0.04,0.04
340,0.05,0.04,0.06,0.24,0.04,0.02,0.04,0.04
341,0.04,0.07,0.06,0.23,0.04,0.02,0.04,0.04
342,0.06,0.04,0.06,0.24,0.04,0.03,0.04,0.04
343,0.06,0.04,0.06,0.23,0.04,0.02,0.05,0.05
344,0.08,0.07,0.07,0.25,0.04,0.03,0.05,0.05
345,0.08,0.07,0.06,0.23,0.04,0.03,0.05,0.05
346,0.06,0.07,0.06,0.24,0.04,0.03,0.05,0.05
347,0.08,0.04,0.06,0.24,0.05,0.03,0.05,0.05
348,0.07,0.07,0.07,0.24,0.05,0.03,0.06,0.05
349,0.06,0.07,0.08,0.24,0.05,0.03,0.06,0.05
350,0.07,0.07,0.08,0.25,0.05,0.03,0.06,0.05
351,0.1,0.09,0.07,0.23,0.05,0.03,0.06,0.06
352,0.09,0.07,0.09,0.23,0.05,0.03,0.06,0.06
353,0.08,0.09,0.08,0.23,0.06,0.03,0.06,0.05
354,0.08,0.09,0.09,0.24,0.06,0.04,0.07,0.06
355,0.09,0.09,0.08,0.24,0.06,0.03,0.07,0.06
356,0.1,0.07,0.09,0.24,0.06,0.04,0.07,0.06
357,0.08,0.09,0.09,0.25,0.06,0.04,0.07,0.06
358,0.1,0.09,0.09,0.24,0.06,0.04,0.07,0.06
359,0.08,0.07,0.09,0.24,0.06,0.04,0.07,0.06
360,0.1,0.09,0.09,0.24,0.06,0.04,0.08,0.07
361,0.12,0.09,0.09,0.24,0.06,0.05,0.08,0.08
362,0.09,0.09,0.09,0.24,0.06,0.04,0.08,0.08
363,0.1,0.09,0.09,0.25,0.06,0.05,0.09,0.08
364,0.11,0.11,0.09,0.24,0.07,0.05,0.09,0.08
365,0.09,0.09,0.1,0.25,0.07,0.05,0.09,0.08
366,0.1,0.07,0.09,0.24,0.07,0.05,0.09,0.09
367,0.11,0.09,0.09,0.24,0.07,0.05,0.1,0.09
368,0.11,0.09,0.1,0.24,0.07,0.06,0.1,0.09
369,0.12,0.09,0.11,0.24,0.08,0.06,0.1,0.1
370,0.11,0.09,0.12,0.24,0.08,0.06,0.1,0.1
371,0.12,0.09,0.11,0.24,0.08,0.06,0.11,0.1
372,0.11,0.09,0.11,0.24,0.08,0.06,0.11,0.11
373,0.12,0.09,0.11,0.25,0.08,0.06,0.12,0.11
374,0.12,0.11,0.12,0.25,0.09,0.07,0.12,0.11
375,0.12,0.11,0.12,0.24,0.09,0.07,0.12,0.11
376,0.13,0.09,0.12,0.25,0.1,0.08,0.13,0.12
377,0.14,0.13,0.13,0.25,0.1,0.08,0.14,0.13
378,0.16,0.11,0.13,0.25,0.1,0.08,0.14,0.13
379,0.15,0.11,0.14,0.25,0.11,0.08,0.14,0.13
380,0.16,0.11,0.15,0.25,0.11,0.08,0.15,0.14
381,0.16,0.13,0.15,0.25,0.11,0.08,0.15,0.14
382,0.19,0.17,0.15,0.25,0.12,0.09,0.16,0.15
383,0.16,0.15,0.15,0.25,0.12,0.09,0.17,0.15
384,0.17,0.15,0.17,0.25,0.12,0.09,0.17,0.15
385,0.19,0.15,0.17,0.26,0.12,0.1,0.18,0.16
386,0.18,0.15,0.17,0.25,0.13,0.1,0.18,0.16
387,0.19,0.15,0.17,0.25,0.13,0.1,0.18,0.17
388,0.19,0.15,0.17,0.25,0.14,0.11,0.19,0.17
389,0.21,0.15,0.19,0.25,0.14,0.11,0.2,0.17
390,0.18,0.15,0.18,0.26,0.14,0.11,0.2,0.18
391,0.19,0.17,0.19,0.26,0.14,0.12,0.21,0.18
392,0.19,0.17,0.18,0.26,0.15,0.12,0.21,0.19
393,0.2,0.15,0.18,0.26,0.15,0.12,0.22,0.19
394,0.19,0.2,0.19,0.27,0.15,0.12,0.22,0.19
395,0.2,0.17,0.18,0.27,0.15,0.12,0.23,0.2
396,0.2,0.17,0.19,0.27,0.16,0.13,0.23,0.2
397,0.21,0.2,0.2,0.26,0.16,0.13,0.23,0.2
398,0.21,0.17,0.2,0.26,0.16,0.13,0.24,0.21
399,0.21,0.2,0.2,0.26,0.17,0.14,0.24,0.21
400,0.22,0.2,0.2,0.26,0.17,0.14,0.25,0.22
401,0.22,0.17,0.21,0.26,0.17,0.14,0.25,0.22
402,0.22,0.17,0.22,0.27,0.18,0.14,0.26,0.22
403,0.25,0.22,0.21,0.27,0.18,0.15,0.26,0.23
404,0.23,0.17,0.21,0.27,0.18,0.15,0.26,0.23
405,0.25,0.2,0.22,0.28,0.19,0.15,0.27,0.23
406,0.24,0.22,0.22,0.28,0.19,0.16,0.28,0.24
407,0.26,0.22,0.22,0.28,0.2,0.16,0.28,0.24
408,0.24,0.22,0.23,0.28,0.2,0.16,0.28,0.24
409,0.25,0.22,0.24,0.27,0.2,0.17,0.29,0.25
410,0.26,0.24,0.23,0.28,0.2,0.17,0.29,0.25
411,0.26,0.26,0.24,0.28,0.2,0.17,0.3,0.25
412,0.29,0.24,0.24,0.28,0.21,0.17,0.31,0.26
413,0.29,0.24,0.24,0.29,0.22,0.18,0.31,0.26
414,0.27,0.24,0.24,0.29,0.22,0.18,0.31,0.26
415,0.29,0.24,0.25,0.29,0.23,0.18,0.32,0.27
416,0.29,0.24,0.26,0.29,0.23,0.19,0.33,0.28
417,0.29,0.26,0.26,0.29,0.23,0.19,0.33,0.28
418,0.29,0.24,0.27,0.29,0.23,0.19,0.34,0.28
419,0.29,0.24,0.27,0.3,0.24,0.2,0.34,0.29
420,0.29,0.26,0.28,0.29,0.24,0.2,0.35,0.29
421,0.29,0.26,0.27,0.29,0.24,0.2,0.35,0.3
422,0.3,0.28,0.29,0.29,0.25,0.21,0.36,0.3
423,0.34,0.26,0.29,0.31,0.25,0.21,0.36,0.31
424,0.33,0.28,0.29,0.3,0.26,0.21,0.37,0.31
425,0.33,0.28,0.29,0.31,0.26,0.22,0.38,0.32
426,0.33,0.26,0.29,0.31,0.27,0.22,0.38,0.32
427,0.31,0.33,0.3,0.31,0.27,0.23,0.39,0.33
428,0.32,0.28,0.31,0.31,0.28,0.23,0.4,0.34
429,0.34,0.28,0.32,0.31,0.28,0.23,0.4,0.34
430,0.32,0.28,0.32,0.31,0.28,0.24,0.41,0.35
431,0.32,0.33,0.32,0.31,0.29,0.24,0.42,0.35
432,0.32,0.28,0.32,0.32,0.29,0.25,0.43,0.36
433,0.35,0.3,0.32,0.32,0.3,0.26,0.43,0.37
434,0.36,0.3,0.32,0.32,0.3,0.26,0.44,0.37
435,0.34,0.33,0.33,0.32,0.3,0.26,0.45,0.38
436,0.35,0.33,0.32,0.32,0.31,0.26,0.45,0.38
437,0.34,0.33,0.33,0.32,0.31,0.27,0.46,0.39
438,0.36,0.33,0.33,0.34,0.32,0.28,0.47,0.4
439,0.35,0.33,0.33,0.33,0.32,0.28,0.47,0.4
440,0.35,0.3,0.34,0.34,0.33,0.28,0.48,0.41
441,0.35,0.3,0.34,0.34,0.34,0.29,0.48,0.41
442,0.37,0.35,0.34,0.35,0.34,0.29,0.49,0.42
443,0.37,0.33,0.35,0.34,0.35,0.29,0.49,0.42
444,0.36,0.35,0.35,0.34,0.35,0.31,0.5,0.44
445,0.36,0.35,0.35,0.34,0.35,0.3,0.5,0.44
446,0.38,0.35,0.35,0.35,0.36,0.31,0.51,0.44
447,0.38,0.35,0.36,0.34,0.37,0.31,0.51,0.45
448,0.37,0.35,0.36,0.34,0.37,0.32,0.52,0.45
449,0.38,0.3,0.35,0.35,0.37,0.33,0.52,0.46
450,0.37,0.35,0.37,0.36,0.38,0.33,0.52,0.47
451,0.38,0.35,0.36,0.36,0.39,0.33,0.52,0.47
452,0.38,0.35,0.37,0.35,0.39,0.34,0.53,0.47
453,0.4,0.35,0.37,0.35,0.39,0.34,0.53,0.48
454,0.41,0.37,0.39,0.37,0.4,0.35,0.54,0.48
455,0.41,0.35,0.37,0.36,0.4,0.35,0.54,0.49
456,0.43,0.39,0.38,0.36,0.41,0.36,0.54,0.49
457,0.42,0.35,0.38,0.37,0.41,0.36,0.55,0.49
458,0.45,0.39,0.39,0.37,0.41,0.37,0.55,0.5
459,0.42,0.37,0.4,0.37,0.42,0.37,0.55,0.51
460,0.44,0.41,0.4,0.37,0.43,0.38,0.56,0.52
461,0.44,0.39,0.41,0.37,0.43,0.38,0.56,0.52
462,0.46,0.41,0.41,0.37,0.45,0.39,0.57,0.53
463,0.45,0.41,0.42,0.37,0.45,0.39,0.57,0.53
464,0.45,0.41,0.42,0.38,0.45,0.4,0.57,0.54
465,0.46,0.43,0.42,0.39,0.46,0.41,0.58,0.54
466,0.46,0.43,0.42,0.39,0.47,0.41,0.58,0.55
467,0.46,0.41,0.43,0.39,0.47,0.41,0.58,0.55
468,0.49,0.43,0.42,0.39,0.47,0.42,0.59,0.55
469,0.5,0.46,0.43,0.39,0.48,0.42,0.59,0.56
470,0.5,0.43,0.44,0.39,0.49,0.43,0.6,0.56
471,0.49,0.46,0.44,0.39,0.49,0.43,0.6,0.56
472,0.49,0.48,0.45,0.4,0.49,0.44,0.61,0.57
473,0.52,0.48,0.45,0.4,0.5,0.44,0.61,0.58
474,0.5,0.48,0.45,0.4,0.5,0.44,0.61,0.58
475,0.51,0.46,0.45,0.41,0.51,0.45,0.62,0.58
476,0.5,0.46,0.46,0.42,0.51,0.46,0.62,0.58
477,0.54,0.48,0.46,0.4,0.52,0.46,0.63,0.59
478,0.54,0.48,0.47,0.42,0.52,0.46,0.63,0.6
479,0.52,0.48,0.47,0.42,0.52,0.47,0.64,0.6
480,0.54,0.5,0.47,0.42,0.53,0.47,0.64,0.6
481,0.54,0.5,0.47,0.41,0.53,0.47,0.65,0.61
482,0.54,0.5,0.47,0.41,0.54,0.48,0.65,0.61
483,0.54,0.5,0.47,0.42,0.54,0.49,0.66,0.62
484,0.53,0.52,0.48,0.42,0.55,0.49,0.66,0.62
485,0.55,0.5,0.49,0.42,0.55,0.49,0.67,0.63
486,0.54,0.52,0.49,0.42,0.55,0.5,0.67,0.63
487,0.55,0.52,0.5,0.42,0.56,0.5,0.68,0.64
488,0.54,0.52,0.5,0.42,0.57,0.51,0.69,0.64
489,0.55,0.54,0.5,0.42,0.57,0.51,0.69,0.65
490,0.57,0.52,0.5,0.43,0.58,0.51,0.69,0.65
491,0.54,0.52,0.5,0.42,0.58,0.52,0.7,0.66
492,0.57,0.52,0.5,0.43,0.58,0.52,0.71,0.66
493,0.57,0.52,0.51,0.44,0.59,0.53,0.71,0.67
494,0.55,0.54,0.51,0.44,0.59,0.53,0.72,0.68
495,0.57,0.54,0.51,0.44,0.6,0.54,0.72,0.68
496,0.57,0.57,0.53,0.44,0.61,0.55,0.73,0.69
497,0.59,0.54,0.51,0.45,0.61,0.55,0.74,0.7
498,0.56,0.54,0.51,0.45,0.62,0.56,0.74,0.71
499,0.58,0.54,0.52,0.46,0.62,0.56,0.74,0.71
500,0.57,0.57,0.53,0.46,0.63,0.56,0.74,0.71
501,0.57,0.54,0.53,0.45,0.63,0.57,0.75,0.72
502,0.56,0.54,0.53,0.45,0.63,0.57,0.75,0.72
503,0.57,0.54,0.53,0.45,0.64,0.58,0.76,0.73
504,0.57,0.54,0.52,0.46,0.64,0.58,0.76,0.73
505,0.55,0.54,0.52,0.46,0.64,0.58,0.76,0.74
506,0.56,0.57,0.53,0.47,0.65,0.59,0.77,0.74
507,0.6,0.57,0.52,0.45,0.65,0.6,0.77,0.74
508,0.55,0.57,0.52,0.47,0.66,0.6,0.77,0.75
509,0.6,0.57,0.53,0.47,0.66,0.61,0.77,0.75
510,0.6,0.59,0.53,0.47,0.66,0.61,0.77,0.75
511,0.58,0.57,0.53,0.47,0.67,0.61,0.77,0.75
512,0.57,0.59,0.53,0.47,0.67,0.62,0.77,0.75
513,0.58,0.57,0.53,0.47,0.67,0.62,0.78,0.75
514,0.59,0.57,0.53,0.47,0.68,0.62,0.77,0.76
515,0.59,0.59,0.54,0.48,0.68,0.63,0.77,0.76
516,0.6,0.54,0.55,0.48,0.68,0.63,0.77,0.76
517,0.59,0.59,0.55,0.48,0.68,0.63,0.77,0.76
518,0.58,0.57,0.55,0.48,0.69,0.64,0.77,0.76
519,0.58,0.57,0.56,0.48,0.69,0.63,0.77,0.75
520,0.59,0.61,0.56,0.49,0.69,0.64,0.77,0.76
521,0.58,0.57,0.57,0.48,0.7,0.64,0.77,0.76
522,0.62,0.59,0.57,0.49,0.7,0.64,0.77,0.76
523,0.61,0.57,0.58,0.49,0.7,0.65,0.77,0.76
524,0.6,0.59,0.58,0.49,0.7,0.65,0.77,0.76
525,0.6,0.59,0.59,0.49,0.7,0.65,0.77,0.76
526,0.62,0.61,0.6,0.5,0.71,0.66,0.77,0.76
527,0.62,0.61,0.6,0.5,0.71,0.66,0.77,0.76
528,0.61,0.57,0.6,0.49,0.71,0.66,0.77,0.76
529,0.6,0.61,0.6,0.51,0.71,0.66,0.77,0.76
530,0.6,0.61,0.61,0.51,0.71,0.66,0.77,0.76
531,0.6,0.59,0.6,0.51,0.71,0.67,0.77,0.77
532,0.61,0.61,0.61,0.51,0.71,0.67,0.77,0.76
533,0.62,0.61,0.61,0.51,0.71,0.67,0.77,0.77
534,0.61,0.59,0.62,0.51,0.72,0.68,0.77,0.77
535,0.61,0.61,0.63,0.52,0.72,0.68,0.77,0.77
536,0.6,0.59,0.63,0.51,0.72,0.68,0.77,0.77
537,0.61,0.59,0.63,0.51,0.72,0.68,0.77,0.77
538,0.62,0.59,0.63,0.51,0.72,0.68,0.77,0.77
539,0.61,0.59,0.62,0.52,0.72,0.68,0.78,0.77
540,0.61,0.61,0.63,0.53,0.73,0.68,0.78,0.77
541,0.61,0.59,0.63,0.53,0.73,0.69,0.78,0.78
542,0.61,0.59,0.64,0.53,0.73,0.69,0.78,0.78
543,0.62,0.63,0.63,0.53,0.72,0.69,0.78,0.78
544,0.6,0.61,0.63,0.53,0.73,0.69,0.78,0.78
545,0.62,0.63,0.63,0.53,0.73,0.69,0.78,0.77
546,0.61,0.59,0.63,0.53,0.73,0.69,0.79,0.77
547,0.61,0.59,0.63,0.52,0.73,0.7,0.79,0.78
548,0.61,0.61,0.63,0.52,0.73,0.7,0.79,0.78
549,0.61,0.61,0.63,0.53,0.73,0.7,0.79,0.78
550,0.61,0.61,0.63,0.53,0.73,0.7,0.79,0.78
551,0.61,0.61,0.64,0.54,0.74,0.71,0.79,0.78
552,0.62,0.63,0.64,0.54,0.74,0.71,0.79,0.78
553,0.61,0.61,0.64,0.54,0.74,0.71,0.79,0.78
554,0.62,0.61,0.63,0.54,0.74,0.71,0.79,0.78
555,0.62,0.59,0.64,0.54,0.74,0.71,0.79,0.78
556,0.62,0.61,0.64,0.55,0.74,0.71,0.78,0.78
557,0.62,0.63,0.65,0.55,0.74,0.71,0.79,0.79
558,0.62,0.63,0.65,0.54,0.74,0.72,0.78,0.78
559,0.63,0.63,0.65,0.54,0.74,0.72,0.78,0.78
560,0.63,0.65,0.65,0.55,0.74,0.72,0.78,0.78
561,0.65,0.61,0.65,0.54,0.74,0.72,0.77,0.78
562,0.62,0.65,0.66,0.54,0.75,0.72,0.77,0.78
563,0.62,0.61,0.66,0.56,0.74,0.72,0.77,0.78
564,0.64,0.65,0.66,0.55,0.74,0.72,0.77,0.78
565,0.62,0.63,0.66,0.56,0.75,0.72,0.77,0.78
566,0.62,0.63,0.67,0.56,0.75,0.72,0.77,0.77
567,0.62,0.63,0.66,0.56,0.75,0.72,0.77,0.77
568,0.63,0.63,0.67,0.56,0.75,0.72,0.77,0.77
569,0.65,0.63,0.66,0.55,0.75,0.73,0.76,0.77
570,0.64,0.63,0.67,0.56,0.75,0.72,0.76,0.77
571,0.63,0.63,0.68,0.56,0.75,0.73,0.77,0.77
572,0.62,0.65,0.67,0.55,0.75,0.72,0.76,0.77
573,0.64,0.65,0.68,0.56,0.75,0.73,0.76,0.76
574,0.64,0.65,0.69,0.57,0.75,0.73,0.76,0.77
575,0.64,0.67,0.68,0.56,0.75,0.73,0.76,0.77
576,0.67,0.65,0.68,0.56,0.75,0.73,0.76,0.77
577,0.66,0.65,0.7,0.57,0.75,0.73,0.76,0.77
578,0.65,0.65,0.68,0.56,0.75,0.73,0.76,0.76
579,0.65,0.65,0.68,0.58,0.75,0.73,0.76,0.76
580,0.66,0.67,0.69,0.58,0.75,0.73,0.77,0.77
581,0.65,0.67,0.69,0.57,0.76,0.73,0.76,0.77
582,0.66,0.65,0.69,0.57,0.76,0.74,0.77,0.77
583,0.67,0.67,0.69,0.57,0.76,0.74,0.77,0.77
584,0.65,0.67,0.71,0.57,0.76,0.74,0.77,0.78
585,0.68,0.7,0.7,0.58,0.76,0.74,0.77,0.77
586,0.66,0.7,0.71,0.58,0.76,0.74,0.77,0.78
587,0.66,0.67,0.71,0.57,0.76,0.74,0.77,0.78
588,0.68,0.67,0.71,0.57,0.76,0.74,0.78,0.78
589,0.68,0.67,0.71,0.58,0.77,0.74,0.78,0.78
590,0.67,0.7,0.71,0.58,0.77,0.75,0.78,0.78
591,0.68,0.67,0.71,0.59,0.77,0.75,0.78,0.78
592,0.68,0.67,0.71,0.58,0.77,0.75,0.78,0.78
593,0.68,0.67,0.72,0.58,0.77,0.75,0.79,0.78
594,0.71,0.7,0.71,0.59,0.77,0.75,0.78,0.78
595,0.7,0.7,0.72,0.59,0.78,0.76,0.79,0.79
596,0.69,0.7,0.73,0.59,0.78,0.75,0.79,0.79
597,0.7,0.7,0.72,0.59,0.77,0.76,0.79,0.79
598,0.68,0.72,0.72,0.59,0.78,0.76,0.79,0.79
599,0.71,0.72,0.73,0.59,0.78,0.76,0.79,0.79
600,0.7,0.72,0.73,0.6,0.78,0.76,0.79,0.79
601,0.71,0.74,0.73,0.59,0.78,0.76,0.79,0.79
602,0.71,0.7,0.73,0.6,0.78,0.76,0.79,0.79
603,0.72,0.72,0.73,0.61,0.78,0.76,0.8,0.8
604,0.71,0.72,0.73,0.6,0.79,0.77,0.8,0.8
605,0.71,0.72,0.73,0.6,0.79,0.77,0.8,0.8
606,0.72,0.74,0.73,0.6,0.79,0.77,0.8,0.8
607,0.72,0.72,0.73,0.6,0.79,0.77,0.8,0.8
608,0.71,0.72,0.72,0.6,0.79,0.77,0.8,0.8
609,0.72,0.72,0.73,0.6,0.79,0.77,0.8,0.8
610,0.71,0.74,0.73,0.6,0.8,0.77,0.8,0.81
611,0.72,0.72,0.73,0.61,0.8,0.77,0.8,0.81
612,0.72,0.74,0.73,0.6,0.8,0.78,0.81,0.81
613,0.72,0.74,0.73,0.6,0.8,0.78,0.81,0.81
614,0.72,0.74,0.73,0.61,0.8,0.78,0.81,0.81
615,0.73,0.74,0.73,0.6,0.8,0.78,0.81,0.81
616,0.74,0.74,0.73,0.6,0.8,0.78,0.81,0.81
617,0.74,0.74,0.73,0.6,0.81,0.78,0.82,0.82
618,0.73,0.74,0.74,0.61,0.81,0.78,0.82,0.82
619,0.73,0.74,0.72,0.6,0.81,0.78,0.82,0.82
620,0.73,0.74,0.73,0.61,0.81,0.78,0.82,0.82
621,0.74,0.74,0.73,0.6,0.81,0.79,0.82,0.82
622,0.75,0.76,0.73,0.61,0.81,0.79,0.83,0.82
623,0.74,0.76,0.73,0.62,0.82,0.79,0.83,0.83
624,0.74,0.76,0.73,0.62,0.82,0.79,0.83,0.82
625,0.75,0.76,0.73,0.62,0.82,0.79,0.83,0.83
626,0.75,0.78,0.73,0.62,0.82,0.79,0.83,0.83
627,0.77,0.78,0.73,0.62,0.82,0.8,0.83,0.83
628,0.75,0.76,0.73,0.61,0.82,0.8,0.83,0.83
629,0.79,0.78,0.74,0.62,0.83,0.8,0.83,0.83
630,0.76,0.76,0.73,0.63,0.83,0.8,0.83,0.83
631,0.76,0.76,0.74,0.63,0.83,0.8,0.83,0.83
632,0.77,0.76,0.74,0.63,0.83,0.81,0.83,0.83
633,0.78,0.78,0.74,0.62,0.83,0.81,0.84,0.83
634,0.77,0.78,0.75,0.63,0.83,0.81,0.84,0.83
635,0.79,0.78,0.75,0.63,0.84,0.81,0.84,0.83
636,0.78,0.78,0.76,0.62,0.84,0.81,0.84,0.83
637,0.79,0.8,0.76,0.62,0.84,0.81,0.84,0.83
638,0.8,0.8,0.76,0.64,0.84,0.81,0.84,0.83
639,0.79,0.8,0.77,0.63,0.84,0.81,0.84,0.83
640,0.79,0.78,0.78,0.63,0.84,0.81,0.84,0.83
641,0.79,0.8,0.76,0.63,0.84,0.82,0.84,0.83
642,0.82,0.8,0.78,0.63,0.84,0.82,0.84,0.83
643,0.8,0.8,0.78,0.63,0.85,0.82,0.84,0.83
644,0.82,0.83,0.78,0.64,0.85,0.82,0.84,0.83
645,0.82,0.83,0.78,0.65,0.85,0.82,0.84,0.83
646,0.8,0.83,0.79,0.64,0.85,0.82,0.84,0.83
647,0.8,0.83,0.79,0.64,0.85,0.82,0.85,0.83
648,0.81,0.83,0.79,0.65,0.85,0.82,0.85,0.82
649,0.8,0.85,0.79,0.65,0.85,0.82,0.84,0.83
650,0.82,0.83,0.79,0.64,0.85,0.83,0.85,0.83
651,0.81,0.8,0.8,0.64,0.85,0.82,0.85,0.83
652,0.82,0.83,0.79,0.65,0.85,0.83,0.85,0.83
653,0.83,0.8,0.81,0.64,0.86,0.82,0.85,0.83
654,0.81,0.83,0.8,0.65,0.86,0.83,0.85,0.83
655,0.82,0.83,0.79,0.65,0.86,0.83,0.85,0.84
656,0.81,0.85,0.8,0.66,0.86,0.83,0.86,0.84
657,0.83,0.85,0.81,0.65,0.86,0.83,0.86,0.83
658,0.82,0.83,0.8,0.65,0.86,0.83,0.86,0.84
659,0.86,0.83,0.81,0.65,0.86,0.83,0.87,0.84
660,0.84,0.85,0.81,0.67,0.87,0.84,0.87,0.84
661,0.82,0.83,0.81,0.66,0.86,0.84,0.87,0.84
662,0.83,0.85,0.81,0.66,0.87,0.84,0.87,0.85
663,0.83,0.83,0.8,0.66,0.87,0.84,0.87,0.85
664,0.82,0.85,0.81,0.66,0.87,0.84,0.87,0.85
665,0.83,0.87,0.81,0.65,0.87,0.84,0.88,0.85
666,0.84,0.85,0.81,0.66,0.87,0.84,0.87,0.85
667,0.83,0.83,0.81,0.66,0.87,0.84,0.88,0.85
668,0.82,0.85,0.81,0.66,0.87,0.84,0.88,0.86
669,0.82,0.83,0.81,0.66,0.87,0.84,0.88,0.86
670,0.81,0.83,0.81,0.67,0.88,0.85,0.89,0.86
671,0.82,0.85,0.81,0.68,0.88,0.85,0.89,0.87
672,0.8,0.85,0.81,0.66,0.87,0.85,0.89,0.86
673,0.83,0.85,0.8,0.67,0.88,0.85,0.89,0.87
674,0.81,0.83,0.8,0.67,0.88,0.85,0.9,0.87
675,0.81,0.83,0.8,0.66,0.88,0.85,0.9,0.88
676,0.81,0.85,0.8,0.66,0.88,0.86,0.9,0.88
677,0.81,0.85,0.8,0.68,0.88,0.86,0.9,0.88
678,0.81,0.83,0.8,0.67,0.89,0.86,0.9,0.88
679,0.8,0.83,0.79,0.68,0.89,0.86,0.91,0.89
680,0.8,0.85,0.8,0.68,0.89,0.86,0.91,0.89
681,0.8,0.85,0.79,0.67,0.89,0.86,0.91,0.89
682,0.82,0.83,0.78,0.66,0.89,0.86,0.91,0.89
683,0.8,0.85,0.79,0.67,0.89,0.87,0.91,0.89
684,0.81,0.83,0.8,0.68,0.9,0.87,0.91,0.89
685,0.8,0.85,0.8,0.67,0.89,0.87,0.91,0.9
686,0.8,0.85,0.8,0.68,0.9,0.87,0.92,0.9
687,0.81,0.85,0.8,0.68,0.9,0.87,0.92,0.9
688,0.79,0.87,0.79,0.69,0.9,0.87,0.91,0.9
689,0.79,0.85,0.79,0.67,0.9,0.87,0.92,0.91
690,0.8,0.87,0.79,0.67,0.9,0.88,0.92,0.9
691,0.79,0.85,0.79,0.67,0.9,0.87,0.92,0.91
692,0.81,0.85,0.78,0.67,0.9,0.87,0.93,0.91
693,0.83,0.85,0.78,0.67,0.91,0.88,0.93,0.91
694,0.8,0.85,0.78,0.67,0.91,0.88,0.93,0.92
695,0.79,0.83,0.78,0.68,0.91,0.88,0.93,0.92
696,0.79,0.85,0.78,0.68,0.91,0.88,0.94,0.92
697,0.79,0.83,0.78,0.69,0.91,0.88,0.94,0.92
698,0.78,0.85,0.77,0.68,0.91,0.88,0.94,0.92
699,0.78,0.83,0.78,0.68,0.92,0.89,0.94,0.93
700,0.78,0.85,0.78,0.68,0.92,0.89,0.95,0.93
701,0.79,0.83,0.78,0.68,0.92,0.89,0.95,0.94
702,0.78,0.83,0.78,0.68,0.92,0.89,0.95,0.94
703,0.77,0.8,0.78,0.68,0.93,0.89,0.96,0.94
704,0.78,0.8,0.78,0.68,0.93,0.9,0.96,0.94
705,0.77,0.8,0.76,0.68,0.92,0.9,0.96,0.94
706,0.79,0.8,0.77,0.67,0.93,0.9,0.96,0.95
707,0.77,0.83,0.77,0.69,0.93,0.9,0.96,0.95
708,0.79,0.8,0.76,0.67,0.93,0.9,0.97,0.95
709,0.78,0.83,0.77,0.67,0.93,0.9,0.97,0.95
710,0.77,0.83,0.78,0.68,0.93,0.91,0.97,0.96
711,0.77,0.8,0.76,0.67,0.93,0.91,0.97,0.96
712,0.77,0.85,0.78,0.69,0.94,0.91,0.97,0.96
713,0.77,0.8,0.76,0.69,0.94,0.91,0.97,0.96
714,0.78,0.83,0.76,0.68,0.94,0.91,0.97,0.96
715,0.79,0.8,0.77,0.68,0.94,0.91,0.97,0.96
716,0.78,0.8,0.76,0.68,0.94,0.92,0.96,0.96
717,0.77,0.85,0.77,0.68,0.94,0.92,0.97,0.96
718,0.78,0.8,0.76,0.67,0.94,0.92,0.97,0.96
719,0.79,0.8,0.76,0.68,0.94,0.92,0.96,0.96
720,0.79,0.8,0.77,0.68,0.94,0.92,0.96,0.96
721,0.79,0.8,0.76,0.69,0.95,0.92,0.96,0.96
722,0.79,0.85,0.76,0.69,0.95,0.92,0.96,0.96
723,0.79,0.83,0.76,0.68,0.94,0.92,0.95,0.95
724,0.8,0.83,0.77,0.67,0.94,0.92,0.95,0.95
725,0.82,0.83,0.76,0.68,0.95,0.92,0.94,0.95
726,0.8,0.85,0.77,0.68,0.94,0.92,0.95,0.95
727,0.8,0.83,0.78,0.68,0.95,0.92,0.94,0.95
728,0.8,0.83,0.78,0.69,0.95,0.92,0.94,0.94
729,0.83,0.85,0.78,0.69,0.95,0.93,0.94,0.94
730,0.81,0.83,0.79,0.69,0.95,0.93,0.94,0.94
731,0.81,0.85,0.79,0.68,0.95,0.92,0.93,0.94
732,0.81,0.85,0.79,0.69,0.95,0.93,0.94,0.94
733,0.84,0.83,0.81,0.69,0.95,0.92,0.93,0.93
734,0.83,0.87,0.81,0.68,0.95,0.93,0.93,0.93
735,0.84,0.85,0.81,0.68,0.95,0.92,0.93,0.93
736,0.83,0.85,0.81,0.69,0.95,0.92,0.93,0.92
737,0.83,0.85,0.83,0.69,0.95,0.92,0.93,0.92
738,0.85,0.87,0.83,0.69,0.95,0.92,0.93,0.92
739,0.84,0.85,0.83,0.7,0.95,0.93,0.93,0.92
740,0.83,0.87,0.83,0.7,0.95,0.92,0.92,0.92
741,0.85,0.85,0.84,0.7,0.95,0.93,0.93,0.92
742,0.83,0.89,0.84,0.69,0.95,0.93,0.93,0.92
743,0.86,0.87,0.85,0.71,0.95,0.93,0.93,0.92
744,0.84,0.87,0.86,0.7,0.95,0.93,0.92,0.92
745,0.84,0.89,0.86,0.71,0.95,0.93,0.93,0.92
746,0.84,0.87,0.87,0.71,0.95,0.93,0.92,0.91
747,0.87,0.85,0.86,0.71,0.94,0.93,0.92,0.91
748,0.84,0.85,0.87,0.7,0.95,0.92,0.92,0.91
749,0.87,0.87,0.88,0.7,0.94,0.93,0.92,0.91
750,0.85,0.85,0.87,0.71,0.95,0.93,0.92,0.91
751,0.85,0.87,0.88,0.7,0.95,0.93,0.92,0.91
752,0.85,0.89,0.88,0.71,0.95,0.93,0.93,0.91
753,0.85,0.85,0.88,0.7,0.94,0.93,0.92,0.91
754,0.84,0.85,0.89,0.71,0.95,0.93,0.92,0.9
755,0.85,0.89,0.88,0.71,0.95,0.93,0.93,0.91
756,0.85,0.87,0.89,0.71,0.94,0.93,0.92,0.91
757,0.89,0.89,0.89,0.72,0.94,0.93,0.93,0.91
758,0.86,0.89,0.89,0.72,0.95,0.93,0.93,0.91
759,0.86,0.87,0.89,0.72,0.95,0.93,0.93,0.91
760,0.86,0.89,0.9,0.72,0.94,0.93,0.93,0.91
761,0.87,0.87,0.89,0.72,0.95,0.93,0.93,0.91
762,0.85,0.89,0.88,0.71,0.95,0.93,0.93,0.91
763,0.87,0.89,0.9,0.72,0.95,0.93,0.94,0.91
764,0.85,0.87,0.88,0.72,0.95,0.93,0.93,0.91
765,0.88,0.87,0.88,0.72,0.95,0.93,0.93,0.91
766,0.86,0.87,0.88,0.72,0.95,0.93,0.93,0.91
767,0.85,0.87,0.88,0.71,0.95,0.93,0.94,0.91
768,0.88,0.87,0.88,0.72,0.95,0.93,0.94,0.91
769,0.86,0.87,0.88,0.72,0.95,0.93,0.94,0.92
770,0.86,0.91,0.88,0.73,0.95,0.93,0.94,0.92
771,0.85,0.89,0.88,0.73,0.95,0.93,0.94,0.92
772,0.87,0.91,0.88,0.72,0.95,0.93,0.94,0.92
773,0.86,0.89,0.88,0.72,0.95,0.93,0.94,0.92
774,0.86,0.89,0.88,0.72,0.95,0.93,0.94,0.92
775,0.86,0.91,0.88,0.72,0.95,0.94,0.94,0.92
776,0.85,0.91,0.89,0.73,0.95,0.93,0.94,0.92
777,0.87,0.87,0.88,0.72,0.95,0.94,0.95,0.93
778,0.86,0.89,0.89,0.73,0.95,0.94,0.94,0.93
779,0.88,0.89,0.88,0.73,0.95,0.93,0.94,0.93
780,0.86,0.89,0.89,0.72,0.95,0.93,0.94,0.93
781,0.88,0.87,0.88,0.73,0.96,0.94,0.94,0.93
782,0.87,0.87,0.88,0.73,0.95,0.94,0.94,0.93
783,0.89,0.91,0.88,0.73,0.95,0.94,0.94,0.93
784,0.88,0.91,0.9,0.73,0.95,0.94,0.94,0.93
785,0.88,0.89,0.89,0.73,0.96,0.94,0.94,0.93
786,0.89,0.89,0.91,0.74,0.96,0.94,0.94,0.93
787,0.88,0.89,0.91,0.74,0.95,0.94,0.94,0.93
788,0.89,0.91,0.91,0.74,0.95,0.94,0.94,0.93
789,0.89,0.93,0.91,0.73,0.96,0.94,0.94,0.93
790,0.88,0.89,0.92,0.74,0.96,0.94,0.94,0.93
791,0.88,0.91,0.92,0.74,0.96,0.94,0.94,0.93
792,0.9,0.89,0.93,0.74,0.96,0.94,0.94,0.93
793,0.89,0.89,0.92,0.75,0.96,0.94,0.95,0.93
794,0.88,0.89,0.92,0.74,0.96,0.94,0.94,0.93
795,0.9,0.91,0.92,0.75,0.96,0.94,0.94,0.93
796,0.88,0.89,0.92,0.75,0.96,0.95,0.95,0.94
797,0.88,0.91,0.92,0.75,0.96,0.95,0.95,0.94
798,0.9,0.96,0.92,0.74,0.96,0.95,0.95,0.94
799,0.88,0.93,0.93,0.75,0.97,0.95,0.96,0.94
800,0.88,0.91,0.93,0.75,0.97,0.95,0.96,0.94
801,0.89,0.93,0.92,0.75,0.96,0.95,0.96,0.94
802,0.88,0.89,0.92,0.75,0.96,0.95,0.96,0.95
803,0.88,0.93,0.92,0.75,0.97,0.96,0.97,0.95
804,0.88,0.89,0.91,0.75,0.97,0.96,0.97,0.95
805,0.87,0.91,0.91,0.75,0.97,0.96,0.98,0.96
806,0.87,0.91,0.91,0.75,0.97,0.96,0.98,0.96
807,0.86,0.93,0.91,0.75,0.97,0.96,0.98,0.96
808,0.87,0.91,0.9,0.75,0.97,0.96,0.98,0.96
809,0.88,0.93,0.9,0.75,0.97,0.96,0.99,0.97
810,0.87,0.91,0.89,0.75,0.97,0.96,0.99,0.97
811,0.87,0.89,0.88,0.75,0.98,0.96,0.99,0.97
812,0.85,0.89,0.88,0.75,0.98,0.96,0.99,0.97
813,0.84,0.91,0.88,0.75,0.98,0.97,0.99,0.98
814,0.85,0.87,0.87,0.75,0.98,0.97,0.99,0.98
815,0.82,0.87,0.87,0.75,0.98,0.97,0.99,0.98
816,0.82,0.89,0.86,0.75,0.98,0.97,0.99,0.98
817,0.85,0.89,0.86,0.75,0.98,0.96,0.99,0.98
818,0.83,0.89,0.86,0.75,0.98,0.97,0.99,0.99
819,0.81,0.89,0.86,0.75,0.98,0.97,0.99,0.98
820,0.81,0.89,0.83,0.75,0.98,0.97,0.99,0.99
821,0.8,0.85,0.83,0.75,0.98,0.97,0.99,0.99
822,0.8,0.85,0.83,0.75,0.98,0.97,0.98,0.98
823,0.8,0.87,0.83,0.74,0.98,0.97,0.98,0.98
824,0.8,0.87,0.82,0.75,0.98,0.97,0.99,0.99
825,0.81,0.87,0.82,0.75,0.98,0.97,0.99,0.99
826,0.79,0.85,0.82,0.74,0.98,0.97,0.98,0.99
827,0.79,0.85,0.82,0.74,0.98,0.97,0.99,0.99
828,0.79,0.87,0.81,0.75,0.99,0.97,0.99,0.99
829,0.8,0.83,0.81,0.75,0.98,0.97,0.98,0.99
830,0.78,0.85,0.8,0.75,0.99,0.97,0.98,0.99
831,0.78,0.85,0.79,0.74,0.98,0.97,0.98,0.99
832,0.79,0.83,0.8,0.74,0.98,0.97,0.98,0.99
833,0.78,0.83,0.79,0.74,0.98,0.97,0.98,0.99
834,0.77,0.83,0.79,0.74,0.98,0.97,0.98,0.99
835,0.78,0.8,0.78,0.74,0.98,0.97,0.98,0.99
836,0.78,0.85,0.79,0.74,0.98,0.97,0.98,0.99
837,0.78,0.8,0.78,0.74,0.98,0.97,0.97,0.99
838,0.77,0.83,0.78,0.74,0.98,0.98,0.97,1.0
839,0.78,0.83,0.79,0.74,0.98,0.97,0.97,0.99
840,0.79,0.78,0.79,0.74,0.98,0.97,0.96,0.99
841,0.78,0.83,0.8,0.74,0.98,0.97,0.96,0.99
842,0.79,0.8,0.8,0.73,0.98,0.97,0.95,0.99
843,0.77,0.8,0.8,0.74,0.97,0.98,0.95,0.99
844,0.78,0.83,0.8,0.74,0.97,0.97,0.95,0.99
845,0.78,0.78,0.8,0.73,0.97,0.97,0.94,0.98
846,0.77,0.8,0.81,0.73,0.97,0.97,0.94,0.98
847,0.78,0.83,0.81,0.74,0.97,0.97,0.94,0.98
848,0.79,0.8,0.82,0.74,0.97,0.97,0.93,0.97
849,0.78,0.8,0.83,0.74,0.96,0.97,0.93,0.97
850,0.78,0.8,0.83,0.74,0.96,0.96,0.92,0.96
851,0.81,0.83,0.85,0.74,0.96,0.96,0.92,0.95
852,0.79,0.8,0.86,0.75,0.96,0.96,0.91,0.95
853,0.79,0.78,0.86,0.74,0.95,0.96,0.91,0.95
854,0.8,0.8,0.87,0.74,0.95,0.96,0.91,0.94
855,0.79,0.8,0.88,0.74,0.95,0.96,0.91,0.94
856,0.8,0.83,0.88,0.75,0.95,0.96,0.91,0.94
857,0.79,0.8,0.88,0.74,0.95,0.95,0.9,0.93
858,0.82,0.8,0.88,0.74,0.95,0.95,0.9,0.93
859,0.82,0.83,0.9,0.75,0.95,0.96,0.9,0.93
860,0.81,0.8,0.9,0.75,0.94,0.95,0.9,0.92
861,0.82,0.8,0.9,0.74,0.94,0.95,0.9,0.92
862,0.79,0.83,0.91,0.74,0.94,0.95,0.9,0.92
863,0.79,0.85,0.91,0.75,0.94,0.94,0.9,0.92
864,0.8,0.83,0.92,0.75,0.94,0.95,0.89,0.91
865,0.79,0.8,0.93,0.75,0.94,0.95,0.9,0.92
866,0.83,0.8,0.93,0.75,0.94,0.95,0.89,0.91
867,0.81,0.85,0.94,0.75,0.94,0.94,0.89,0.91
868,0.81,0.83,0.94,0.75,0.94,0.94,0.89,0.91
869,0.81,0.83,0.94,0.75,0.93,0.94,0.89,0.9
870,0.81,0.85,0.94,0.75,0.94,0.94,0.89,0.9
871,0.82,0.83,0.94,0.75,0.93,0.94,0.89,0.9
872,0.82,0.83,0.94,0.75,0.93,0.94,0.89,0.9
873,0.81,0.83,0.96,0.76,0.93,0.94,0.89,0.9
874,0.81,0.83,0.94,0.75,0.93,0.94,0.89,0.9
875,0.83,0.83,0.95,0.75,0.93,0.94,0.9,0.9
876,0.83,0.85,0.95,0.76,0.93,0.94,0.9,0.9
877,0.82,0.85,0.95,0.76,0.93,0.94,0.9,0.9
878,0.81,0.83,0.94,0.75,0.93,0.93,0.89,0.89
879,0.81,0.83,0.94,0.75,0.92,0.93,0.9,0.89
880,0.81,0.83,0.95,0.75,0.93,0.93,0.9,0.9
881,0.81,0.83,0.94,0.75,0.92,0.93,0.9,0.89
882,0.83,0.85,0.95,0.75,0.93,0.93,0.9,0.89
883,0.81,0.85,0.94,0.75,0.92,0.93,0.9,0.89
884,0.83,0.85,0.94,0.75,0.92,0.93,0.9,0.89
885,0.81,0.85,0.94,0.75,0.92,0.93,0.89,0.89
886,0.81,0.85,0.94,0.76,0.92,0.93,0.89,0.89
887,0.83,0.85,0.94,0.75,0.92,0.93,0.89,0.89
888,0.82,0.85,0.94,0.75,0.92,0.93,0.89,0.89
889,0.83,0.85,0.94,0.75,0.92,0.93,0.89,0.89
890,0.82,0.85,0.94,0.75,0.92,0.93,0.89,0.88
891,0.83,0.85,0.94,0.75,0.92,0.93,0.89,0.88
892,0.83,0.85,0.94,0.76,0.92,0.93,0.89,0.88
893,0.83,0.85,0.94,0.75,0.92,0.93,0.9,0.88
894,0.82,0.87,0.93,0.76,0.92,0.93,0.89,0.88
895,0.84,0.87,0.94,0.76,0.92,0.92,0.89,0.88
896,0.82,0.87,0.94,0.76,0.92,0.92,0.89,0.88
897,0.83,0.87,0.94,0.76,0.92,0.92,0.88,0.88
898,0.83,0.87,0.94,0.75,0.91,0.92,0.89,0.87
899,0.84,0.83,0.93,0.75,0.92,0.92,0.89,0.88
900,0.83,0.85,0.92,0.75,0.91,0.92,0.89,0.88
901,0.83,0.85,0.93,0.75,0.92,0.92,0.9,0.88
902,0.83,0.87,0.93,0.76,0.92,0.92,0.9,0.88
903,0.83,0.87,0.92,0.75,0.91,0.92,0.9,0.88
904,0.83,0.87,0.91,0.77,0.91,0.92,0.9,0.88
905,0.84,0.87,0.91,0.76,0.91,0.92,0.9,0.88
906,0.85,0.85,0.92,0.76,0.92,0.92,0.9,0.88
907,0.83,0.87,0.91,0.75,0.91,0.92,0.9,0.88
908,0.83,0.85,0.9,0.76,0.92,0.92,0.91,0.89
909,0.81,0.85,0.9,0.76,0.92,0.92,0.91,0.89
910,0.83,0.85,0.88,0.76,0.91,0.92,0.9,0.89
911,0.81,0.85,0.88,0.75,0.91,0.92,0.91,0.89
912,0.81,0.85,0.88,0.75,0.91,0.92,0.91,0.89
913,0.81,0.87,0.88,0.76,0.92,0.92,0.91,0.89
914,0.83,0.85,0.87,0.75,0.92,0.92,0.91,0.9
915,0.8,0.85,0.87,0.75,0.91,0.92,0.91,0.9
916,0.8,0.85,0.86,0.75,0.92,0.92,0.91,0.9
917,0.8,0.83,0.86,0.76,0.92,0.92,0.91,0.9
918,0.79,0.85,0.86,0.75,0.92,0.92,0.91,0.9
919,0.79,0.85,0.85,0.75,0.92,0.92,0.92,0.91
920,0.81,0.85,0.84,0.75,0.92,0.92,0.92,0.91
921,0.81,0.85,0.85,0.75,0.92,0.92,0.92,0.91
922,0.79,0.83,0.83,0.75,0.92,0.92,0.93,0.92
923,0.79,0.83,0.83,0.75,0.92,0.92,0.93,0.92
924,0.79,0.8,0.83,0.75,0.92,0.92,0.93,0.92
925,0.78,0.85,0.83,0.75,0.92,0.92,0.93,0.92
926,0.78,0.85,0.81,0.75,0.92,0.92,0.94,0.93
927,0.78,0.83,0.81,0.75,0.92,0.92,0.94,0.92
928,0.79,0.8,0.8,0.75,0.92,0.92,0.94,0.93
929,0.76,0.83,0.79,0.75,0.92,0.92,0.95,0.93
930,0.76,0.8,0.79,0.75,0.93,0.93,0.95,0.94
931,0.75,0.8,0.78,0.74,0.93,0.93,0.95,0.94
932,0.77,0.8,0.78,0.74,0.93,0.93,0.95,0.94
933,0.76,0.78,0.77,0.75,0.93,0.93,0.95,0.94
934,0.76,0.78,0.76,0.75,0.93,0.93,0.96,0.94
935,0.75,0.8,0.78,0.74,0.93,0.93,0.96,0.94
936,0.75,0.78,0.75,0.74,0.93,0.93,0.96,0.94
937,0.74,0.8,0.75,0.74,0.93,0.93,0.96,0.95
938,0.74,0.78,0.74,0.74,0.93,0.93,0.96,0.95
939,0.75,0.8,0.75,0.74,0.94,0.93,0.96,0.95
940,0.76,0.78,0.73,0.73,0.94,0.93,0.96,0.95
941,0.72,0.78,0.73,0.73,0.93,0.93,0.96,0.95
942,0.72,0.78,0.73,0.73,0.94,0.93,0.97,0.95
943,0.73,0.78,0.73,0.72,0.94,0.93,0.96,0.95
944,0.76,0.76,0.73,0.72,0.94,0.94,0.96,0.96
945,0.72,0.78,0.72,0.73,0.94,0.93,0.96,0.95
946,0.72,0.74,0.72,0.73,0.93,0.93,0.96,0.95
947,0.72,0.76,0.71,0.73,0.94,0.93,0.96,0.95
948,0.71,0.76,0.71,0.72,0.94,0.94,0.96,0.95
949,0.71,0.74,0.72,0.72,0.94,0.94,0.96,0.96
950,0.73,0.74,0.71,0.71,0.94,0.93,0.96,0.96
951,0.71,0.76,0.72,0.71,0.94,0.94,0.96,0.96
952,0.73,0.76,0.72,0.71,0.93,0.94,0.96,0.96
953,0.72,0.74,0.72,0.71,0.94,0.94,0.96,0.96
954,0.75,0.76,0.71,0.71,0.93,0.93,0.95,0.96
955,0.73,0.76,0.71,0.7,0.94,0.94,0.96,0.96
956,0.72,0.74,0.71,0.71,0.94,0.94,0.96,0.97
957,0.75,0.74,0.71,0.71,0.94,0.94,0.96,0.97
958,0.71,0.74,0.71,0.7,0.94,0.94,0.96,0.96
959,0.71,0.74,0.71,0.71,0.94,0.94,0.96,0.97
960,0.73,0.76,0.71,0.71,0.94,0.94,0.96,0.97
961,0.73,0.76,0.71,0.7,0.94,0.94,0.96,0.97
962,0.73,0.74,0.71,0.71,0.94,0.94,0.96,0.97
963,0.72,0.74,0.71,0.71,0.94,0.94,0.96,0.97
964,0.72,0.74,0.71,0.69,0.94,0.94,0.96,0.97
965,0.76,0.74,0.71,0.7,0.94,0.94,0.96,0.98
966,0.72,0.72,0.71,0.7,0.94,0.94,0.96,0.98
967,0.73,0.76,0.71,0.7,0.94,0.94,0.96,0.97
968,0.73,0.76,0.71,0.69,0.95,0.95,0.96,0.98
969,0.75,0.74,0.71,0.7,0.95,0.95,0.96,0.98
970,0.75,0.74,0.71,0.7,0.95,0.95,0.97,0.98
971,0.75,0.74,0.71,0.71,0.95,0.95,0.97,0.99
972,0.74,0.74,0.71,0.69,0.95,0.95,0.97,0.98
973,0.76,0.76,0.71,0.69,0.95,0.95,0.96,0.98
974,0.75,0.74,0.71,0.7,0.95,0.95,0.97,0.98
975,0.75,0.76,0.71,0.7,0.95,0.96,0.98,0.98
976,0.76,0.76,0.71,0.7,0.95,0.96,0.97,0.99
977,0.74,0.78,0.72,0.68,0.95,0.95,0.97,0.98
978,0.74,0.74,0.73,0.69,0.95,0.96,0.98,0.99
979,0.75,0.74,0.72,0.69,0.95,0.96,0.98,0.99
980,0.75,0.74,0.73,0.68,0.95,0.95,0.98,0.99
981,0.75,0.74,0.73,0.69,0.95,0.96,0.98,0.99
982,0.74,0.78,0.73,0.69,0.95,0.96,0.98,0.99
983,0.76,0.76,0.73,0.69,0.95,0.96,0.99,0.99
984,0.75,0.74,0.73,0.69,0.95,0.96,0.99,0.99
985,0.75,0.74,0.73,0.69,0.95,0.96,0.99,0.99
986,0.78,0.74,0.75,0.69,0.95,0.96,0.99,0.99
987,0.75,0.76,0.74,0.69,0.95,0.96,0.98,0.99
988,0.76,0.76,0.75,0.7,0.96,0.96,0.99,1.0
989,0.76,0.76,0.74,0.7,0.95,0.97,0.99,1.0
990,0.75,0.76,0.74,0.69,0.96,0.97,0.99,1.0
991,0.76,0.76,0.75,0.69,0.96,0.97,0.99,1.0
992,0.75,0.76,0.74,0.69,0.96,0.96,0.98,0.99
993,0.78,0.76,0.76,0.7,0.96,0.97,0.99,1.0
994,0.75,0.78,0.74,0.68,0.96,0.97,0.99,0.99
995,0.76,0.78,0.75,0.69,0.96,0.97,0.99,0.99
996,0.77,0.76,0.74,0.68,0.96,0.97,0.99,0.99
997,0.75,0.76,0.76,0.69,0.96,0.97,0.99,0.99
998,0.79,0.78,0.75,0.68,0.96,0.97,0.98,0.99
999,0.79,0.76,0.77,0.69,0.96,0.98,0.99,1.0
1000,0.76,0.78,0.76,0.69,0.96,0.97,0.99,0.99
1001,0.77,0.76,0.76,0.69,0.96,0.97,0.99,0.99
1002,0.78,0.78,0.76,0.68,0.96,0.97,0.99,0.99
1003,0.77,0.78,0.77,0.69,0.97,0.97,1.0,1.0
1004,0.8,0.78,0.76,0.69,0.96,0.98,0.99,0.99
1005,0.78,0.76,0.76,0.68,0.96,0.98,0.99,0.99
1006,0.78,0.78,0.77,0.68,0.96,0.98,0.99,0.99
1007,0.79,0.8,0.76,0.69,0.97,0.98,0.99,0.99
1008,0.78,0.78,0.77,0.69,0.97,0.98,1.0,1.0
1009,0.79,0.78,0.76,0.69,0.97,0.97,0.99,1.0
1010,0.77,0.78,0.76,0.68,0.97,0.98,0.99,0.99
1011,0.78,0.8,0.76,0.67,0.97,0.98,0.99,0.99
1012,0.79,0.78,0.76,0.69,0.97,0.98,1.0,0.99
1013,0.78,0.78,0.76,0.68,0.97,0.98,0.99,0.99
1014,0.78,0.78,0.76,0.7,0.98,0.99,1.0,0.99
1015,0.78,0.78,0.76,0.68,0.98,0.98,0.99,0.99
1016,0.78,0.78,0.76,0.69,0.98,0.98,0.99,0.99
1017,0.79,0.8,0.76,0.68,0.97,0.98,0.99,0.99
1018,0.79,0.78,0.77,0.68,0.98,0.98,0.99,0.99
1019,0.79,0.8,0.76,0.69,0.98,0.99,0.99,0.99
1020,0.81,0.83,0.77,0.68,0.98,0.98,0.99,0.99
1021,0.79,0.8,0.78,0.69,0.98,0.99,0.99,0.99
1022,0.79,0.8,0.76,0.68,0.98,0.98,0.99,0.99
1023,0.8,0.78,0.78,0.69,0.98,0.98,0.98,0.99
1024,0.79,0.78,0.77,0.68,0.98,0.98,0.99,0.98
1025,0.79,0.83,0.78,0.69,0.98,0.98,0.99,0.98
1026,0.8,0.83,0.78,0.69,0.98,0.98,0.98,0.98
1027,0.8,0.8,0.77,0.69,0.98,0.99,0.98,0.98
1028,0.81,0.8,0.78,0.68,0.98,0.98,0.98,0.98
1029,0.83,0.8,0.78,0.69,0.98,0.98,0.98,0.98
1030,0.81,0.8,0.78,0.68,0.98,0.99,0.97,0.98
1031,0.81,0.8,0.78,0.68,0.98,0.99,0.98,0.98
1032,0.84,0.8,0.78,0.69,0.98,0.99,0.97,0.98
1033,0.81,0.8,0.78,0.69,0.98,0.98,0.97,0.98
1034,0.81,0.83,0.78,0.68,0.98,0.99,0.97,0.98
1035,0.83,0.8,0.78,0.69,0.98,0.99,0.97,0.98
1036,0.8,0.8,0.78,0.69,0.98,0.99,0.97,0.98
1037,0.82,0.83,0.78,0.69,0.98,0.98,0.96,0.98
1038,0.81,0.83,0.78,0.69,0.98,0.99,0.96,0.98
1039,0.83,0.8,0.78,0.69,0.98,0.99,0.97,0.98
1040,0.82,0.8,0.78,0.7,0.98,0.99,0.96,0.98
1041,0.81,0.8,0.78,0.69,0.98,0.99,0.96,0.98
1042,0.81,0.8,0.78,0.68,0.98,0.99,0.97,0.98
1043,0.8,0.83,0.78,0.69,0.98,0.98,0.96,0.98
1044,0.8,0.83,0.78,0.69,0.98,0.98,0.97,0.98
1045,0.8,0.8,0.78,0.69,0.98,0.99,0.97,0.98
1046,0.83,0.8,0.78,0.69,0.98,0.99,0.97,0.98
1047,0.8,0.8,0.78,0.68,0.98,0.99,0.97,0.98
1048,0.81,0.83,0.78,0.7,0.98,0.99,0.98,0.99
1049,0.81,0.83,0.79,0.69,0.99,0.99,0.98,0.99
1050,0.82,0.8,0.78,0.7,0.98,0.99,0.98,0.99
1051,0.81,0.8,0.78,0.69,0.98,0.99,0.98,0.99
1052,0.8,0.8,0.78,0.68,0.98,0.99,0.98,0.98
1053,0.8,0.83,0.78,0.7,0.99,0.99,0.98,0.99
1054,0.84,0.8,0.78,0.69,0.99,0.99,0.98,0.99
1055,0.82,0.8,0.79,0.68,0.98,0.99,0.98,0.99
1056,0.83,0.83,0.78,0.7,0.99,0.99,0.98,0.99
1057,0.8,0.8,0.79,0.69,0.98,0.99,0.98,0.99
1058,0.81,0.78,0.8,0.7,0.99,0.99,0.98,1.0
1059,0.8,0.83,0.8,0.69,0.98,0.99,0.98,0.99
1060,0.85,0.78,0.8,0.69,0.98,0.99,0.98,0.99
1061,0.83,0.8,0.79,0.7,0.99,0.99,0.98,0.99
1062,0.81,0.8,0.79,0.7,0.99,0.99,0.98,1.0
1063,0.82,0.83,0.78,0.69,0.99,0.99,0.98,1.0
1064,0.8,0.83,0.79,0.7,0.99,0.99,0.98,1.0
1065,0.81,0.8,0.78,0.69,0.99,0.99,0.98,0.99
1066,0.81,0.8,0.78,0.69,0.99,0.99,0.98,0.99
1067,0.8,0.78,0.79,0.71,0.99,1.0,0.98,1.0
1068,0.82,0.8,0.79,0.7,0.99,0.99,0.98,1.0
1069,0.82,0.78,0.79,0.7,0.99,0.99,0.98,0.99
1070,0.82,0.8,0.79,0.7,0.99,0.99,0.98,0.99
1071,0.84,0.83,0.8,0.69,0.98,0.99,0.98,1.0
1072,0.8,0.83,0.81,0.7,0.99,1.0,0.98,1.0
1073,0.84,0.83,0.8,0.7,0.99,1.0,0.98,0.99
1074,0.82,0.83,0.8,0.71,0.99,1.0,0.99,1.0
1075,0.82,0.83,0.8,0.7,0.99,0.99,0.98,0.99
1076,0.82,0.78,0.8,0.7,0.99,0.99,0.98,0.99
1077,0.81,0.8,0.81,0.7,0.99,1.0,0.98,0.99
1078,0.82,0.8,0.81,0.71,0.99,1.0,0.99,0.99
1079,0.85,0.8,0.81,0.7,0.99,0.99,0.98,0.99
1080,0.82,0.8,0.81,0.71,0.99,1.0,0.98,0.99
1081,0.82,0.8,0.81,0.71,0.99,1.0,0.98,0.99
1082,0.83,0.83,0.81,0.7,0.99,0.99,0.98,0.99
1083,0.86,0.83,0.81,0.71,0.99,1.0,0.98,0.99
1084,0.83,0.78,0.81,0.71,0.99,0.99,0.98,0.99
1085,0.84,0.83,0.81,0.72,0.99,0.99,0.97,0.98
1086,0.82,0.83,0.82,0.71,0.99,0.99,0.97,0.98
1087,0.84,0.83,0.82,0.72,0.99,1.0,0.97,0.98
1088,0.84,0.83,0.83,0.71,0.99,0.99,0.96,0.98
1089,0.84,0.78,0.82,0.71,0.99,0.99,0.96,0.98
1090,0.83,0.83,0.82,0.71,0.99,0.99,0.96,0.98
1091,0.84,0.83,0.83,0.73,0.99,0.99,0.96,0.98
1092,0.84,0.83,0.83,0.72,0.99,0.99,0.96,0.97
1093,0.88,0.83,0.83,0.72,0.99,0.99,0.96,0.97
1094,0.85,0.83,0.83,0.72,0.99,1.0,0.96,0.97
1095,0.85,0.83,0.82,0.72,0.99,0.99,0.96,0.96
1096,0.85,0.83,0.83,0.73,0.99,0.99,0.96,0.96
1097,0.87,0.83,0.83,0.73,0.99,0.99,0.96,0.96
1098,0.85,0.83,0.84,0.73,0.99,0.99,0.96,0.96
1099,0.86,0.83,0.84,0.73,0.99,0.99,0.96,0.96
1100,0.86,0.83,0.84,0.73,0.99,0.99,0.96,0.96
1101,0.86,0.83,0.85,0.74,0.99,0.99,0.96,0.96
1102,0.86,0.83,0.85,0.73,0.99,0.99,0.96,0.95
1103,0.88,0.83,0.85,0.74,0.99,0.98,0.96,0.96
1104,0.86,0.83,0.85,0.73,0.99,0.99,0.96,0.96
1105,0.88,0.83,0.86,0.75,0.99,0.99,0.96,0.95
1106,0.88,0.83,0.86,0.75,0.99,0.99,0.97,0.95
1107,0.88,0.85,0.86,0.74,0.99,0.99,0.96,0.95
1108,0.88,0.85,0.86,0.74,0.99,0.99,0.96,0.95
1109,0.89,0.87,0.86,0.74,0.98,0.98,0.96,0.95
1110,0.88,0.85,0.87,0.75,0.98,0.98,0.96,0.95
1111,0.88,0.83,0.87,0.75,0.99,0.99,0.96,0.96
1112,0.89,0.85,0.88,0.75,0.99,0.98,0.96,0.95
1113,0.88,0.87,0.87,0.75,0.99,0.99,0.96,0.96
1114,0.89,0.85,0.88,0.75,0.99,0.99,0.96,0.95
1115,0.89,0.87,0.88,0.75,0.99,0.99,0.96,0.96
1116,0.88,0.85,0.88,0.75,0.98,0.98,0.96,0.95
1117,0.89,0.85,0.88,0.76,0.98,0.98,0.96,0.95
1118,0.88,0.87,0.89,0.75,0.98,0.98,0.96,0.95
1119,0.88,0.87,0.89,0.75,0.98,0.98,0.96,0.95
1120,0.88,0.87,0.9,0.76,0.99,0.99,0.96,0.96
1121,0.9,0.85,0.9,0.75,0.98,0.98,0.96,0.95
1122,0.88,0.87,0.89,0.76,0.98,0.98,0.96,0.95
1123,0.88,0.85,0.89,0.76,0.98,0.98,0.96,0.96
1124,0.88,0.87,0.9,0.76,0.98,0.98,0.96,0.95
1125,0.91,0.87,0.88,0.75,0.98,0.98,0.96,0.96
1126,0.87,0.89,0.88,0.76,0.98,0.98,0.96,0.96
1127,0.87,0.87,0.9,0.76,0.98,0.98,0.96,0.96
1128,0.87,0.87,0.9,0.76,0.98,0.98,0.96,0.96
1129,0.88,0.85,0.88,0.77,0.97,0.98,0.96,0.96
1130,0.88,0.85,0.88,0.76,0.98,0.98,0.96,0.97
1131,0.87,0.85,0.88,0.77,0.98,0.98,0.97,0.97
1132,0.86,0.83,0.87,0.76,0.98,0.98,0.97,0.97
1133,0.85,0.87,0.88,0.77,0.98,0.98,0.96,0.97
1134,0.87,0.85,0.86,0.77,0.97,0.98,0.97,0.97
1135,0.87,0.83,0.86,0.77,0.97,0.98,0.96,0.98
1136,0.84,0.85,0.86,0.78,0.98,0.98,0.97,0.98
1137,0.83,0.85,0.86,0.77,0.97,0.98,0.97,0.98
1138,0.84,0.85,0.85,0.77,0.97,0.98,0.97,0.98
1139,0.84,0.83,0.85,0.78,0.97,0.98,0.97,0.98
1140,0.86,0.83,0.85,0.77,0.97,0.98,0.97,0.98
1141,0.86,0.83,0.85,0.79,0.98,0.98,0.97,0.98
1142,0.84,0.8,0.84,0.77,0.97,0.98,0.97,0.98
1143,0.86,0.83,0.84,0.78,0.98,0.98,0.98,0.99
1144,0.86,0.8,0.84,0.78,0.97,0.98,0.97,0.98
1145,0.85,0.83,0.83,0.78,0.97,0.98,0.97,0.99
1146,0.84,0.83,0.83,0.78,0.98,0.98,0.97,0.99
1147,0.84,0.83,0.83,0.78,0.97,0.98,0.97,0.99
1148,0.85,0.83,0.83,0.79,0.97,0.98,0.98,0.99
1149,0.84,0.8,0.83,0.78,0.97,0.99,0.98,0.99
1150,0.85,0.83,0.83,0.78,0.98,0.99,0.98,0.99
1151,0.84,0.8,0.83,0.79,0.98,0.98,0.98,0.99
1152,0.83,0.8,0.83,0.78,0.97,0.98,0.98,0.99
1153,0.84,0.83,0.83,0.78,0.98,0.98,0.98,0.99
1154,0.86,0.83,0.83,0.79,0.98,0.99,0.98,0.99
1155,0.84,0.8,0.82,0.78,0.98,0.99,0.98,0.99
1156,0.84,0.85,0.83,0.79,0.98,0.99,0.98,0.99
1157,0.87,0.83,0.83,0.8,0.98,0.99,0.97,0.99
1158,0.85,0.83,0.83,0.8,0.98,0.99,0.98,0.99
1159,0.86,0.83,0.83,0.78,0.98,0.99,0.98,0.99
1160,0.84,0.83,0.83,0.79,0.98,0.99,0.97,0.98
1161,0.85,0.8,0.83,0.8,0.98,0.99,0.98,0.99
1162,0.88,0.83,0.83,0.8,0.97,0.98,0.97,0.98
1163,0.86,0.83,0.83,0.8,0.98,0.99,0.98,0.99
1164,0.85,0.8,0.83,0.8,0.98,0.99,0.98,0.99
1165,0.86,0.83,0.83,0.8,0.98,0.99,0.98,0.98
1166,0.87,0.83,0.84,0.8,0.98,0.99,0.98,0.99
1167,0.88,0.83,0.83,0.8,0.98,0.99,0.98,0.99
1168,0.86,0.83,0.83,0.8,0.98,0.98,0.98,0.98
1169,0.88,0.83,0.83,0.81,0.98,0.99,0.98,0.98
1170,0.88,0.83,0.84,0.8,0.98,0.99,0.98,0.98
1171,0.85,0.85,0.83,0.8,0.98,0.99,0.98,0.98
1172,0.87,0.83,0.85,0.8,0.98,0.99,0.98,0.99
1173,0.88,0.85,0.85,0.81,0.98,0.99,0.97,0.99
1174,0.88,0.85,0.85,0.81,0.98,0.99,0.98,0.98
1175,0.88,0.85,0.86,0.81,0.98,0.99,0.98,0.99
1176,0.89,0.87,0.85,0.81,0.98,0.99,0.98,0.98
1177,0.88,0.87,0.86,0.82,0.99,0.99,0.97,0.99
1178,0.88,0.85,0.86,0.82,0.98,1.0,0.98,0.99
1179,0.88,0.85,0.86,0.82,0.99,0.99,0.98,0.99
1180,0.88,0.87,0.86,0.82,0.99,0.99,0.97,0.98
1181,0.88,0.85,0.86,0.82,0.99,1.0,0.98,0.98
1182,0.88,0.85,0.88,0.83,0.99,1.0,0.97,0.98
1183,0.91,0.85,0.86,0.82,0.99,0.99,0.97,0.98
1184,0.89,0.87,0.87,0.82,0.99,0.99,0.97,0.98
1185,0.91,0.85,0.87,0.84,0.99,1.0,0.96,0.98
1186,0.91,0.87,0.87,0.82,0.99,1.0,0.96,0.97
1187,0.9,0.89,0.88,0.83,0.99,1.0,0.96,0.98
1188,0.9,0.87,0.88,0.83,0.99,0.99,0.96,0.97
1189,0.93,0.87,0.88,0.84,0.99,1.0,0.96,0.97
1190,0.93,0.89,0.89,0.83,0.99,0.99,0.95,0.97
1191,0.91,0.89,0.89,0.83,0.99,1.0,0.96,0.97
1192,0.93,0.89,0.9,0.84,0.99,1.0,0.96,0.97
1193,0.93,0.89,0.9,0.85,0.99,0.99,0.95,0.97
1194,0.93,0.89,0.9,0.85,0.99,0.99,0.95,0.96
1195,0.95,0.87,0.91,0.84,0.99,0.99,0.94,0.96
1196,0.93,0.89,0.91,0.85,0.99,0.99,0.94,0.96
1197,0.93,0.89,0.91,0.85,0.99,0.99,0.95,0.96
1198,0.94,0.89,0.92,0.85,0.99,0.99,0.94,0.95
1199,0.94,0.89,0.92,0.85,0.99,0.99,0.94,0.95
1200,0.96,0.91,0.92,0.87,0.99,0.99,0.94,0.95
1201,0.95,0.91,0.94,0.86,0.99,0.99,0.94,0.95
1202,0.95,0.89,0.94,0.86,0.99,0.99,0.94,0.95
1203,0.96,0.91,0.94,0.87,0.99,1.0,0.94,0.95
1204,0.96,0.89,0.94,0.87,0.99,0.99,0.94,0.95
1205,0.95,0.91,0.95,0.86,0.99,0.99,0.94,0.94
1206,0.98,0.91,0.94,0.86,0.99,0.99,0.93,0.94
1207,0.96,0.91,0.95,0.87,0.99,0.99,0.94,0.94
1208,0.97,0.93,0.95,0.88,0.99,0.99,0.93,0.94
1209,0.95,0.93,0.95,0.87,0.99,0.99,0.93,0.94
1210,0.97,0.93,0.94,0.87,0.99,0.99,0.93,0.94
1211,0.96,0.91,0.95,0.88,0.99,0.99,0.93,0.94
1212,0.96,0.96,0.94,0.87,0.98,0.99,0.93,0.94
1213,0.96,0.93,0.95,0.88,0.99,0.99,0.93,0.94
1214,0.96,0.91,0.94,0.88,0.99,0.99,0.93,0.94
1215,0.96,0.96,0.94,0.89,0.99,0.98,0.93,0.94
1216,0.96,0.96,0.94,0.88,0.99,0.99,0.93,0.93
1217,0.96,0.93,0.94,0.88,0.99,0.99,0.93,0.94
1218,0.97,0.96,0.94,0.9,0.99,0.99,0.93,0.94
1219,0.98,0.93,0.95,0.89,0.99,0.98,0.93,0.93
1220,0.98,0.93,0.95,0.89,0.99,0.99,0.93,0.93
1221,0.96,0.93,0.94,0.89,0.99,0.98,0.93,0.93
1222,0.97,0.93,0.96,0.9,0.99,0.99,0.93,0.93
1223,0.97,0.96,0.95,0.89,0.99,0.98,0.93,0.93
1224,0.96,0.93,0.95,0.89,0.99,0.98,0.93,0.93
1225,0.98,0.93,0.95,0.9,0.99,0.99,0.93,0.93
1226,0.98,0.96,0.96,0.9,0.99,0.99,0.92,0.93
1227,0.99,0.96,0.96,0.91,0.99,0.98,0.93,0.93
1228,0.99,0.96,0.96,0.92,0.99,0.98,0.93,0.93
1229,0.99,0.98,0.97,0.92,0.99,0.98,0.93,0.93
1230,1.0,0.96,0.96,0.9,0.99,0.99,0.93,0.93
1231,0.97,0.96,0.97,0.91,0.99,0.98,0.93,0.93
1232,0.97,0.98,0.98,0.91,0.99,0.99,0.93,0.93
1233,0.98,0.98,0.97,0.91,0.99,0.98,0.93,0.93
1234,0.98,0.93,0.98,0.92,0.99,0.98,0.93,0.93
1235,0.99,0.96,0.97,0.92,0.99,0.98,0.94,0.93
1236,0.98,0.93,0.98,0.92,0.99,0.98,0.93,0.93
1237,0.98,0.96,0.98,0.92,0.99,0.99,0.94,0.94
1238,0.98,0.98,0.98,0.92,0.99,0.98,0.94,0.93
1239,0.98,0.98,0.98,0.92,0.99,0.99,0.94,0.94
1240,0.98,0.98,0.99,0.92,0.99,0.99,0.94,0.93
1241,0.98,0.96,0.99,0.92,0.99,0.99,0.94,0.94
1242,0.98,0.98,0.99,0.92,0.99,0.99,0.94,0.94
1243,0.98,0.98,0.99,0.93,1.0,0.99,0.95,0.94
1244,0.99,0.96,0.99,0.92,0.99,0.99,0.95,0.94
1245,0.99,0.98,0.99,0.93,1.0,0.99,0.96,0.94
1246,0.98,0.96,0.98,0.93,1.0,0.99,0.95,0.94
1247,0.99,0.96,0.98,0.93,0.99,0.99,0.95,0.94
1248,0.98,0.98,0.99,0.93,1.0,0.99,0.95,0.94
1249,0.97,0.98,0.99,0.94,0.99,0.99,0.95,0.94
1250,0.97,1.0,0.99,0.94,1.0,0.99,0.95,0.94
1251,0.97,0.98,0.99,0.94,1.0,0.99,0.95,0.94
1252,0.98,0.96,0.99,0.94,1.0,0.99,0.96,0.95
1253,0.97,0.96,0.99,0.95,1.0,0.99,0.95,0.95
1254,0.97,0.96,0.99,0.94,1.0,0.99,0.95,0.94
1255,0.97,0.96,0.99,0.94,0.99,0.99,0.95,0.94
1256,0.97,0.98,0.99,0.94,0.99,0.99,0.95,0.94
1257,0.96,0.96,1.0,0.95,1.0,0.99,0.95,0.94
1258,0.98,0.96,0.99,0.95,0.99,0.99,0.94,0.94
1259,0.98,0.96,0.99,0.95,0.99,0.99,0.94,0.94
1260,0.98,0.96,1.0,0.96,1.0,0.99,0.94,0.94
1261,0.97,0.96,1.0,0.95,1.0,0.99,0.94,0.94
1262,0.97,0.98,0.99,0.96,1.0,0.99,0.94,0.94
1263,0.97,0.96,0.99,0.97,1.0,0.99,0.94,0.94
1264,0.97,0.96,1.0,0.95,1.0,0.99,0.94,0.93
1265,0.99,0.98,0.99,0.95,0.99,0.99,0.93,0.94
1266,0.96,0.96,0.99,0.96,0.99,0.99,0.93,0.94
1267,0.96,0.96,0.99,0.96,0.99,0.99,0.93,0.93
1268,0.96,0.96,0.99,0.96,0.99,0.99,0.93,0.93
1269,0.96,0.96,0.99,0.97,0.99,0.98,0.93,0.93
1270,0.99,0.93,0.99,0.96,0.99,0.98,0.93,0.93
1271,0.96,0.96,0.99,0.97,0.99,0.99,0.93,0.93
1272,0.96,0.96,0.99,0.98,0.99,0.98,0.92,0.93
1273,0.97,0.96,0.99,0.98,0.99,0.98,0.92,0.93
1274,0.95,0.93,0.97,0.98,0.99,0.98,0.92,0.92
1275,0.96,0.96,0.96,0.97,0.99,0.98,0.92,0.92
1276,0.96,0.93,0.97,0.98,0.99,0.98,0.91,0.92
1277,0.95,0.93,0.97,0.97,0.99,0.98,0.91,0.92
1278,0.96,0.93,0.96,0.98,0.98,0.98,0.91,0.92
1279,0.95,0.96,0.96,0.98,0.98,0.98,0.91,0.92
1280,0.95,0.96,0.96,0.99,0.98,0.98,0.91,0.92
1281,0.95,0.93,0.94,0.98,0.98,0.98,0.91,0.92
1282,0.96,0.96,0.94,0.98,0.98,0.98,0.9,0.92
1283,0.95,0.91,0.94,0.98,0.98,0.97,0.9,0.92
1284,0.94,0.91,0.94,0.98,0.98,0.98,0.9,0.92
1285,0.93,0.91,0.94,0.98,0.98,0.97,0.9,0.92
1286,0.95,0.91,0.94,0.98,0.98,0.97,0.9,0.91
1287,0.93,0.93,0.94,1.0,0.97,0.97,0.91,0.91
1288,0.95,0.93,0.93,0.98,0.97,0.97,0.91,0.92
1289,0.93,0.91,0.91,0.98,0.97,0.97,0.9,0.91
1290,0.94,0.91,0.92,0.98,0.97,0.97,0.91,0.92
1291,0.93,0.91,0.92,0.99,0.97,0.97,0.91,0.92
1292,0.91,0.89,0.91,0.98,0.97,0.97,0.91,0.92
1293,0.92,0.91,0.91,0.99,0.97,0.97,0.91,0.92
1294,0.9,0.91,0.91,0.99,0.96,0.97,0.9,0.92
1295,0.9,0.91,0.89,0.99,0.96,0.97,0.91,0.92
1296,0.88,0.91,0.88,0.98,0.96,0.96,0.91,0.92
1297,0.9,0.89,0.89,0.99,0.96,0.96,0.91,0.92
1298,0.88,0.87,0.87,0.99,0.96,0.96,0.91,0.92
1299,0.89,0.87,0.87,0.98,0.96,0.96,0.9,0.92
1300,0.88,0.89,0.87,0.99,0.96,0.96,0.9,0.91
1301,0.87,0.89,0.86,1.0,0.96,0.96,0.91,0.92
1302,0.87,0.87,0.86,0.99,0.96,0.96,0.9,0.92
1303,0.86,0.85,0.85,1.0,0.96,0.96,0.9,0.92
1304,0.86,0.87,0.84,0.99,0.95,0.96,0.9,0.91
1305,0.85,0.85,0.84,0.99,0.95,0.95,0.89,0.91
1306,0.86,0.85,0.83,0.99,0.95,0.95,0.89,0.91
1307,0.85,0.87,0.83,0.99,0.95,0.96,0.89,0.91
1308,0.86,0.83,0.83,0.99,0.95,0.95,0.88,0.9
1309,0.86,0.85,0.82,0.98,0.94,0.95,0.88,0.9
1310,0.84,0.83,0.81,0.99,0.95,0.95,0.87,0.89
1311,0.84,0.83,0.82,0.99,0.94,0.95,0.87,0.89
1312,0.83,0.83,0.82,0.99,0.94,0.94,0.86,0.89
1313,0.83,0.8,0.81,0.99,0.94,0.94,0.86,0.88
1314,0.82,0.8,0.81,0.99,0.94,0.94,0.85,0.88
1315,0.82,0.8,0.81,0.99,0.94,0.94,0.84,0.88
1316,0.82,0.8,0.8,0.99,0.93,0.93,0.83,0.86
1317,0.81,0.78,0.8,0.98,0.93,0.93,0.83,0.86
1318,0.8,0.8,0.8,0.99,0.92,0.93,0.82,0.85
1319,0.82,0.78,0.8,0.98,0.92,0.92,0.82,0.85
1320,0.8,0.8,0.8,0.99,0.92,0.92,0.81,0.85
1321,0.79,0.78,0.8,0.98,0.91,0.92,0.81,0.84
1322,0.79,0.78,0.8,0.99,0.92,0.92,0.8,0.84
1323,0.79,0.78,0.8,1.0,0.91,0.92,0.8,0.84
1324,0.8,0.76,0.8,0.98,0.91,0.91,0.79,0.82
1325,0.79,0.76,0.79,0.98,0.9,0.91,0.79,0.82
1326,0.78,0.74,0.79,0.99,0.9,0.91,0.78,0.81
1327,0.78,0.76,0.79,0.98,0.89,0.9,0.77,0.81
1328,0.78,0.74,0.79,0.99,0.89,0.9,0.77,0.81
1329,0.77,0.74,0.78,0.98,0.89,0.9,0.77,0.8
1330,0.75,0.72,0.78,0.99,0.89,0.89,0.76,0.79
1331,0.75,0.72,0.78,0.98,0.88,0.89,0.76,0.79
1332,0.74,0.72,0.78,0.99,0.87,0.89,0.75,0.78
1333,0.75,0.7,0.77,0.99,0.87,0.89,0.74,0.78
1334,0.73,0.72,0.78,0.98,0.87,0.89,0.75,0.78
1335,0.74,0.7,0.77,0.98,0.86,0.88,0.74,0.77
1336,0.73,0.7,0.76,0.98,0.86,0.88,0.74,0.77
1337,0.72,0.72,0.75,0.98,0.85,0.87,0.73,0.76
1338,0.71,0.7,0.75,0.98,0.85,0.87,0.72,0.75
1339,0.71,0.65,0.74,0.99,0.85,0.86,0.72,0.75
1340,0.72,0.67,0.75,0.98,0.84,0.86,0.71,0.75
1341,0.7,0.67,0.73,0.98,0.84,0.86,0.71,0.75
1342,0.71,0.67,0.73,0.98,0.84,0.86,0.7,0.74
1343,0.69,0.65,0.73,0.99,0.83,0.86,0.71,0.74
1344,0.7,0.65,0.71,0.97,0.83,0.85,0.69,0.72
1345,0.69,0.65,0.71,0.97,0.83,0.84,0.69,0.72
1346,0.68,0.63,0.72,0.97,0.82,0.84,0.69,0.72
1347,0.69,0.63,0.71,0.97,0.82,0.84,0.68,0.72
1348,0.67,0.65,0.7,0.98,0.81,0.83,0.68,0.71
1349,0.67,0.63,0.7,0.97,0.81,0.83,0.67,0.7
1350,0.66,0.63,0.7,0.96,0.81,0.83,0.67,0.7
1351,0.65,0.61,0.68,0.96,0.8,0.82,0.67,0.69
1352,0.67,0.63,0.68,0.97,0.8,0.82,0.66,0.69
1353,0.67,0.63,0.68,0.97,0.79,0.82,0.66,0.69
1354,0.65,0.63,0.68,0.95,0.79,0.81,0.65,0.68
1355,0.66,0.61,0.67,0.97,0.78,0.81,0.65,0.67
1356,0.67,0.61,0.65,0.96,0.78,0.8,0.64,0.67
1357,0.65,0.61,0.66,0.96,0.78,0.8,0.64,0.66
1358,0.65,0.59,0.65,0.97,0.77,0.79,0.63,0.66
1359,0.62,0.57,0.64,0.96,0.76,0.79,0.63,0.65
1360,0.62,0.59,0.65,0.96,0.76,0.79,0.63,0.66
1361,0.62,0.59,0.63,0.96,0.75,0.78,0.62,0.64
1362,0.65,0.57,0.64,0.96,0.75,0.78,0.62,0.64
1363,0.62,0.57,0.63,0.95,0.75,0.78,0.61,0.64
1364,0.6,0.57,0.62,0.96,0.74,0.77,0.61,0.64
1365,0.62,0.57,0.61,0.94,0.74,0.77,0.6,0.63
1366,0.6,0.57,0.61,0.95,0.74,0.77,0.6,0.63
1367,0.6,0.54,0.61,0.95,0.73,0.76,0.6,0.62
1368,0.62,0.57,0.6,0.94,0.73,0.76,0.6,0.62
1369,0.6,0.54,0.6,0.94,0.72,0.75,0.59,0.61
1370,0.58,0.52,0.6,0.95,0.72,0.75,0.58,0.61
1371,0.58,0.54,0.59,0.95,0.72,0.74,0.58,0.61
1372,0.58,0.52,0.58,0.95,0.71,0.74,0.58,0.6
1373,0.58,0.52,0.58,0.95,0.7,0.74,0.58,0.59
1374,0.56,0.54,0.58,0.94,0.7,0.74,0.57,0.59
1375,0.56,0.54,0.57,0.94,0.7,0.73,0.57,0.59
1376,0.58,0.52,0.56,0.94,0.69,0.73,0.56,0.58
1377,0.57,0.5,0.58,0.93,0.69,0.72,0.56,0.58
1378,0.56,0.52,0.56,0.93,0.69,0.72,0.55,0.57
1379,0.56,0.52,0.55,0.93,0.68,0.72,0.55,0.57
1380,0.54,0.5,0.55,0.93,0.67,0.71,0.55,0.56
1381,0.56,0.5,0.55,0.93,0.67,0.71,0.54,0.56
1382,0.54,0.46,0.54,0.93,0.67,0.7,0.53,0.55
1383,0.54,0.48,0.53,0.92,0.66,0.7,0.53,0.55
1384,0.53,0.48,0.53,0.92,0.66,0.69,0.53,0.55
1385,0.54,0.46,0.53,0.92,0.65,0.69,0.52,0.55
1386,0.54,0.5,0.53,0.92,0.65,0.68,0.52,0.54
1387,0.52,0.48,0.52,0.92,0.65,0.68,0.52,0.54
1388,0.52,0.48,0.52,0.92,0.64,0.68,0.51,0.53
1389,0.53,0.46,0.51,0.92,0.63,0.67,0.51,0.53
1390,0.53,0.46,0.5,0.92,0.63,0.67,0.5,0.52
1391,0.51,0.46,0.5,0.92,0.63,0.67,0.5,0.52
1392,0.5,0.43,0.5,0.92,0.62,0.66,0.49,0.51
1393,0.51,0.46,0.51,0.92,0.62,0.66,0.5,0.51
1394,0.51,0.46,0.5,0.92,0.61,0.66,0.49,0.51
1395,0.5,0.43,0.5,0.92,0.61,0.65,0.48,0.5
1396,0.49,0.46,0.48,0.92,0.61,0.65,0.48,0.5
1397,0.5,0.41,0.49,0.92,0.6,0.64,0.47,0.49
1398,0.49,0.43,0.48,0.92,0.6,0.64,0.47,0.49
1399,0.48,0.41,0.47,0.92,0.59,0.63,0.47,0.49
1400,0.48,0.41,0.47,0.92,0.59,0.63,0.46,0.48
1401,0.47,0.39,0.47,0.92,0.59,0.63,0.46,0.48
1402,0.49,0.39,0.46,0.92,0.58,0.62,0.45,0.47
1403,0.47,0.41,0.46,0.91,0.58,0.62,0.45,0.48
1404,0.47,0.41,0.46,0.91,0.58,0.62,0.45,0.47
1405,0.48,0.41,0.45,0.91,0.57,0.61,0.44,0.46
1406,0.46,0.41,0.45,0.91,0.57,0.61,0.44,0.46
1407,0.46,0.39,0.45,0.91,0.56,0.61,0.44,0.46
1408,0.46,0.39,0.44,0.9,0.56,0.6,0.43,0.45
1409,0.46,0.39,0.44,0.91,0.55,0.6,0.43,0.45
1410,0.45,0.39,0.45,0.9,0.55,0.59,0.42,0.45
1411,0.47,0.37,0.43,0.91,0.54,0.59,0.42,0.44
1412,0.44,0.39,0.44,0.9,0.54,0.59,0.42,0.44
1413,0.45,0.37,0.42,0.9,0.54,0.58,0.42,0.44
1414,0.44,0.39,0.42,0.91,0.53,0.58,0.41,0.43
1415,0.45,0.37,0.42,0.9,0.53,0.58,0.41,0.43
1416,0.44,0.35,0.42,0.89,0.53,0.57,0.4,0.43
1417,0.42,0.37,0.42,0.89,0.52,0.57,0.4,0.42
1418,0.43,0.37,0.42,0.89,0.52,0.57,0.4,0.42
1419,0.41,0.39,0.42,0.9,0.51,0.56,0.4,0.42
1420,0.41,0.35,0.4,0.9,0.51,0.56,0.39,0.41
1421,0.43,0.35,0.4,0.9,0.51,0.56,0.39,0.41
1422,0.42,0.35,0.4,0.89,0.5,0.55,0.39,0.41
1423,0.41,0.35,0.4,0.89,0.5,0.55,0.39,0.41
1424,0.42,0.35,0.4,0.89,0.5,0.54,0.39,0.4
1425,0.4,0.35,0.39,0.9,0.5,0.54,0.39,0.4
1426,0.4,0.33,0.4,0.89,0.49,0.54,0.38,0.4
1427,0.4,0.35,0.38,0.88,0.49,0.54,0.37,0.39
1428,0.41,0.33,0.38,0.88,0.48,0.53,0.37,0.39
1429,0.4,0.33,0.37,0.89,0.48,0.53,0.37,0.39
1430,0.39,0.33,0.37,0.88,0.48,0.53,0.37,0.38
1431,0.39,0.35,0.37,0.88,0.47,0.52,0.36,0.38
1432,0.38,0.3,0.37,0.88,0.47,0.52,0.36,0.38
1433,0.38,0.3,0.37,0.88,0.47,0.52,0.36,0.37
1434,0.38,0.3,0.37,0.88,0.46,0.52,0.36,0.38
1435,0.37,0.33,0.37,0.87,0.46,0.51,0.35,0.37
1436,0.4,0.33,0.36,0.88,0.46,0.51,0.35,0.37
1437,0.41,0.3,0.36,0.87,0.45,0.5,0.35,0.37
1438,0.38,0.3,0.37,0.87,0.45,0.5,0.35,0.36
1439,0.37,0.28,0.36,0.88,0.45,0.5,0.35,0.36
1440,0.37,0.28,0.35,0.86,0.45,0.49,0.34,0.36
1441,0.37,0.3,0.35,0.86,0.44,0.49,0.34,0.35
1442,0.38,0.28,0.35,0.87,0.44,0.48,0.33,0.35
1443,0.38,0.28,0.32,0.86,0.44,0.49,0.33,0.35
1444,0.36,0.28,0.34,0.86,0.43,0.48,0.33,0.35
1445,0.37,0.26,0.34,0.87,0.43,0.48,0.33,0.34
1446,0.36,0.28,0.33,0.87,0.42,0.47,0.33,0.34
1447,0.35,0.28,0.32,0.86,0.42,0.47,0.32,0.33
1448,0.34,0.28,0.32,0.86,0.42,0.46,0.32,0.34
1449,0.34,0.28,0.32,0.85,0.41,0.46,0.31,0.33
1450,0.33,0.24,0.32,0.85,0.4,0.45,0.31,0.32
1451,0.35,0.26,0.31,0.85,0.4,0.44,0.3,0.32
1452,0.35,0.28,0.31,0.85,0.4,0.45,0.3,0.32
1453,0.33,0.26,0.31,0.85,0.39,0.44,0.3,0.31
1454,0.33,0.26,0.3,0.84,0.39,0.44,0.3,0.31
1455,0.33,0.28,0.3,0.84,0.39,0.44,0.3,0.31
1456,0.33,0.24,0.3,0.84,0.39,0.43,0.29,0.31
1457,0.33,0.24,0.29,0.84,0.39,0.43,0.29,0.31
1458,0.31,0.24,0.29,0.83,0.39,0.43,0.29,0.3
1459,0.32,0.24,0.29,0.84,0.38,0.43,0.29,0.3
1460,0.33,0.24,0.29,0.83,0.38,0.43,0.29,0.3
1461,0.33,0.24,0.29,0.83,0.38,0.42,0.28,0.29
1462,0.33,0.26,0.29,0.83,0.38,0.42,0.28,0.3
1463,0.31,0.24,0.29,0.83,0.37,0.42,0.28,0.29
1464,0.31,0.24,0.29,0.83,0.37,0.42,0.28,0.29
1465,0.32,0.24,0.29,0.83,0.37,0.41,0.28,0.29
1466,0.31,0.24,0.28,0.83,0.37,0.41,0.28,0.29
1467,0.31,0.22,0.29,0.83,0.37,0.41,0.28,0.28
1468,0.3,0.24,0.28,0.82,0.36,0.4,0.27,0.28
1469,0.31,0.22,0.28,0.83,0.35,0.4,0.27,0.28
1470,0.32,0.24,0.27,0.82,0.35,0.4,0.27,0.28
1471,0.3,0.22,0.27,0.83,0.35,0.4,0.27,0.28
1472,0.31,0.24,0.27,0.82,0.35,0.4,0.26,0.28
1473,0.31,0.22,0.27,0.82,0.34,0.39,0.26,0.27
1474,0.31,0.22,0.28,0.82,0.35,0.39,0.26,0.27
1475,0.29,0.2,0.27,0.82,0.34,0.39,0.26,0.27
1476,0.29,0.22,0.26,0.82,0.34,0.38,0.26,0.27
1477,0.29,0.22,0.27,0.82,0.34,0.38,0.26,0.27
1478,0.29,0.2,0.27,0.82,0.33,0.38,0.25,0.26
1479,0.29,0.2,0.27,0.81,0.33,0.38,0.25,0.26
1480,0.29,0.2,0.26,0.81,0.33,0.37,0.25,0.26
1481,0.28,0.2,0.26,0.81,0.33,0.37,0.25,0.26
1482,0.29,0.2,0.26,0.82,0.33,0.37,0.25,0.26
1483,0.29,0.17,0.26,0.82,0.33,0.37,0.25,0.26
1484,0.3,0.2,0.24,0.8,0.33,0.37,0.25,0.25
1485,0.28,0.17,0.26,0.81,0.32,0.37,0.24,0.25
1486,0.28,0.2,0.26,0.81,0.32,0.36,0.24,0.25
1487,0.29,0.22,0.25,0.81,0.32,0.36,0.24,0.25
1488,0.28,0.2,0.26,0.82,0.32,0.36,0.24,0.25
1489,0.29,0.2,0.24,0.8,0.31,0.36,0.23,0.25
1490,0.28,0.17,0.25,0.82,0.31,0.36,0.23,0.25
1491,0.28,0.17,0.26,0.81,0.31,0.36,0.23,0.25
1492,0.28,0.17,0.25,0.81,0.31,0.35,0.23,0.24
1493,0.27,0.2,0.25,0.81,0.3,0.35,0.23,0.24
1494,0.27,0.15,0.24,0.81,0.3,0.35,0.23,0.24
1495,0.28,0.17,0.25,0.81,0.3,0.34,0.23,0.24
1496,0.28,0.15,0.24,0.81,0.3,0.34,0.23,0.24
1497,0.28,0.17,0.24,0.79,0.3,0.34,0.22,0.24
1498,0.29,0.15,0.24,0.81,0.3,0.34,0.22,0.24
1499,0.26,0.15,0.24,0.8,0.29,0.34,0.22,0.23
