0,0.02,0.0,0.01,0.01,0.01,0.02,0.01,0.0
1,0.01,0.02,0.0,0.01,0.03,0.01,0.01,0.01
2,0.01,0.01,0.01,0.01,0.01,0.01,0.01,0.0
3,0.02,0.02,0.01,0.01,0.01,0.01,0.01,0.02
4,0.04,0.01,0.01,0.01,0.02,0.02,0.01,0.0
5,0.0,0.01,0.0,0.01,0.02,0.01,0.01,0.0
6,0.01,0.0,0.0,0.01,0.01,0.01,0.01,0.02
7,0.01,0.0,0.01,0.01,0.01,0.01,0.01,0.02
8,0.01,0.01,0.0,0.01,0.03,0.01,0.01,0.01
9,0.03,0.03,0.01,0.01,0.02,0.01,0.01,0.01
10,0.02,0.0,0.01,0.01,0.01,0.01,0.01,0.0
11,0.02,0.02,0.0,0.01,0.02,0.02,0.02,0.03
12,0.01,0.01,0.01,0.01,0.02,0.02,0.02,0.01
13,0.02,0.01,0.01,0.01,0.02,0.02,0.02,0.01
14,0.03,0.01,0.01,0.01,0.01,0.01,0.01,0.03
15,0.02,0.0,0.01,0.01,0.01,0.01,0.01,0.0
16,0.01,0.01,0.0,0.0,0.03,0.0,0.01,0.0
17,0.02,0.0,0.01,0.01,0.01,0.01,0.01,0.02
18,0.02,0.01,0.01,0.0,0.02,0.01,0.02,0.03
19,0.02,0.01,0.01,0.01,0.02,0.02,0.02,0.01
20,0.01,0.0,0.01,0.01,0.01,0.01,0.01,0.03
21,0.05,0.01,0.01,0.0,0.02,0.02,0.02,0.03
22,0.03,0.01,0.01,0.0,0.01,0.01,0.0,0.01
23,0.01,0.0,0.01,0.0,0.01,0.0,0.01,0.0
24,0.04,0.02,0.01,0.0,0.01,0.01,0.01,0.02
25,0.03,0.0,0.0,0.0,0.01,0.01,0.01,0.0
26,0.04,0.0,0.0,0.0,0.01,0.01,0.01,0.02
27,0.02,0.01,0.01,0.0,0.01,0.01,0.01,0.02
28,0.01,0.0,0.01,0.01,0.02,0.0,0.02,0.01
29,0.01,0.0,0.01,0.0,0.01,0.01,0.01,0.0
30,0.01,0.0,0.01,0.0,0.01,0.01,0.01,0.01
31,0.02,0.0,0.0,0.0,0.01,0.01,0.03,0.01
32,0.01,0.01,0.01,0.0,0.02,0.01,0.02,0.01
33,0.01,0.0,0.01,0.0,0.02,0.0,0.01,0.03
34,0.01,0.01,0.0,0.0,0.01,0.01,0.03,0.0
35,0.02,0.0,0.01,0.01,0.02,0.01,0.03,0.03
36,0.02,0.0,0.01,0.0,0.01,0.0,0.03,0.03
37,0.02,0.02,0.01,0.0,0.01,0.01,0.01,0.01
38,0.03,0.01,0.0,0.0,0.02,0.01,0.02,0.01
39,0.02,0.0,0.01,0.0,0.02,0.01,0.03,0.01
40,0.02,0.0,0.01,0.01,0.01,0.0,0.03,0.03
41,0.01,0.02,0.0,0.0,0.01,0.01,0.01,0.03
42,0.02,0.0,0.01,0.0,0.01,0.01,0.02,0.03
43,0.01,0.0,0.01,0.0,0.0,0.0,0.03,0.03
44,0.02,0.02,0.01,0.0,0.01,0.0,0.03,0.01
45,0.02,0.01,0.01,0.0,0.02,0.01,0.03,0.01
46,0.01,0.02,0.0,0.0,0.02,0.01,0.03,0.03
47,0.01,0.02,0.01,0.0,0.01,0.0,0.02,0.03
48,0.03,0.01,0.0,0.0,0.01,0.0,0.02,0.03
49,0.04,0.02,0.0,0.0,0.0,0.01,0.03,0.01
50,0.01,0.0,0.01,0.0,0.01,0.0,0.03,0.03
51,0.05,0.02,0.01,0.0,0.01,0.0,0.02,0.03
52,0.05,0.02,0.0,0.0,0.01,0.0,0.03,0.03
53,0.0,0.0,0.0,0.0,0.01,0.0,0.03,0.03
54,0.01,0.0,0.01,0.0,0.02,0.01,0.03,0.03
55,0.05,0.0,0.01,0.0,0.02,0.0,0.03,0.03
56,0.01,0.0,0.01,0.0,0.02,0.01,0.02,0.04
57,0.02,0.01,0.01,0.0,0.02,0.01,0.03,0.03
58,0.0,0.02,0.01,0.0,0.02,0.0,0.03,0.03
59,0.01,0.02,0.01,0.0,0.02,0.01,0.03,0.04
60,0.02,0.0,0.01,0.0,0.02,0.0,0.03,0.04
61,0.02,0.0,0.01,0.0,0.02,0.01,0.04,0.04
62,0.02,0.0,0.01,0.0,0.02,0.01,0.03,0.05
63,0.01,0.01,0.01,0.0,0.02,0.01,0.04,0.04
64,0.01,0.0,0.0,0.0,0.02,0.0,0.03,0.04
65,0.02,0.02,0.01,0.0,0.02,0.01,0.03,0.06
66,0.02,0.02,0.02,0.0,0.02,0.01,0.03,0.03
67,0.02,0.0,0.0,0.0,0.02,0.01,0.03,0.06
68,0.02,0.02,0.01,0.0,0.03,0.01,0.04,0.06
69,0.03,0.0,0.01,0.0,0.02,0.0,0.04,0.04
70,0.01,0.02,0.01,0.0,0.02,0.01,0.04,0.04
71,0.01,0.02,0.01,0.0,0.04,0.02,0.04,0.06
72,0.02,0.01,0.01,0.0,0.04,0.02,0.04,0.06
73,0.02,0.0,0.01,0.0,0.02,0.02,0.05,0.06
74,0.07,0.02,0.01,0.01,0.02,0.02,0.05,0.07
75,0.02,0.02,0.02,0.0,0.02,0.01,0.05,0.06
76,0.02,0.02,0.01,0.0,0.02,0.02,0.05,0.06
77,0.01,0.0,0.01,0.0,0.04,0.02,0.05,0.06
78,0.02,0.0,0.01,0.0,0.04,0.01,0.05,0.06
79,0.02,0.02,0.01,0.0,0.04,0.01,0.05,0.06
80,0.04,0.02,0.01,0.0,0.02,0.02,0.05,0.07
81,0.02,0.02,0.02,0.01,0.04,0.02,0.06,0.09
82,0.02,0.02,0.01,0.0,0.04,0.01,0.05,0.08
83,0.02,0.02,0.02,0.0,0.04,0.01,0.05,0.08
84,0.02,0.02,0.02,0.01,0.04,0.02,0.06,0.09
85,0.03,0.02,0.01,0.01,0.04,0.01,0.05,0.08
86,0.04,0.02,0.01,0.0,0.04,0.02,0.06,0.08
87,0.03,0.02,0.01,0.01,0.04,0.02,0.07,0.11
88,0.02,0.02,0.01,0.0,0.05,0.03,0.05,0.09
89,0.04,0.02,0.01,0.0,0.04,0.02,0.06,0.11
90,0.02,0.02,0.01,0.01,0.05,0.03,0.06,0.09
91,0.02,0.02,0.01,0.01,0.04,0.02,0.07,0.11
92,0.03,0.02,0.02,0.0,0.04,0.03,0.08,0.11
93,0.02,0.02,0.02,0.0,0.05,0.02,0.06,0.1
94,0.02,0.02,0.01,0.01,0.04,0.03,0.08,0.09
95,0.04,0.02,0.01,0.01,0.04,0.03,0.07,0.11
96,0.02,0.02,0.02,0.01,0.04,0.03,0.08,0.11
97,0.03,0.02,0.01,0.01,0.05,0.03,0.08,0.11
98,0.02,0.04,0.02,0.01,0.04,0.03,0.08,0.11
99,0.06,0.02,0.02,0.01,0.05,0.02,0.08,0.11
100,0.02,0.04,0.01,0.01,0.06,0.03,0.08,0.11
101,0.05,0.02,0.02,0.01,0.06,0.03,0.08,0.13
102,0.04,0.04,0.02,0.01,0.06,0.03,0.08,0.11
103,0.04,0.02,0.02,0.01,0.06,0.03,0.08,0.14
104,0.03,0.02,0.02,0.01,0.06,0.03,0.1,0.11
105,0.03,0.02,0.01,0.01,0.07,0.03,0.08,0.13
106,0.03,0.02,0.02,0.01,0.06,0.03,0.09,0.13
107,0.03,0.02,0.02,0.01,0.07,0.03,0.08,0.11
108,0.03,0.02,0.02,0.01,0.07,0.03,0.08,0.13
109,0.03,0.02,0.03,0.01,0.06,0.04,0.1,0.13
110,0.03,0.02,0.02,0.01,0.06,0.03,0.1,0.12
111,0.06,0.02,0.02,0.01,0.08,0.04,0.1,0.14
112,0.03,0.04,0.02,0.01,0.08,0.03,0.1,0.14
113,0.05,0.02,0.02,0.01,0.06,0.04,0.09,0.13
114,0.05,0.04,0.02,0.01,0.08,0.04,0.08,0.13
115,0.04,0.04,0.02,0.01,0.07,0.04,0.08,0.13
116,0.05,0.02,0.02,0.02,0.08,0.04,0.09,0.13
117,0.04,0.04,0.02,0.01,0.08,0.04,0.1,0.13
118,0.05,0.04,0.02,0.02,0.08,0.04,0.09,0.13
119,0.03,0.02,0.02,0.02,0.07,0.04,0.08,0.11
120,0.04,0.04,0.03,0.02,0.07,0.04,0.08,0.13
121,0.03,0.04,0.03,0.02,0.07,0.03,0.08,0.11
122,0.06,0.04,0.02,0.02,0.08,0.03,0.08,0.14
123,0.04,0.04,0.02,0.02,0.08,0.03,0.08,0.11
124,0.05,0.02,0.02,0.02,0.08,0.05,0.08,0.14
125,0.04,0.02,0.02,0.02,0.07,0.04,0.09,0.13
126,0.04,0.04,0.02,0.02,0.08,0.04,0.09,0.11
127,0.06,0.04,0.03,0.02,0.09,0.05,0.08,0.13
128,0.04,0.04,0.03,0.02,0.08,0.04,0.09,0.11
129,0.04,0.02,0.03,0.02,0.08,0.03,0.08,0.13
130,0.05,0.04,0.02,0.02,0.09,0.04,0.08,0.13
131,0.04,0.04,0.03,0.02,0.08,0.04,0.08,0.13
132,0.05,0.04,0.03,0.02,0.08,0.04,0.08,0.13
133,0.04,0.04,0.02,0.02,0.08,0.04,0.08,0.13
134,0.07,0.04,0.03,0.02,0.09,0.03,0.09,0.11
135,0.06,0.04,0.03,0.02,0.08,0.05,0.1,0.13
136,0.05,0.04,0.03,0.02,0.08,0.05,0.08,0.12
137,0.05,0.04,0.02,0.02,0.08,0.05,0.08,0.13
138,0.04,0.04,0.02,0.02,0.09,0.04,0.08,0.11
139,0.07,0.04,0.03,0.02,0.08,0.04,0.08,0.13
140,0.04,0.04,0.02,0.02,0.09,0.04,0.1,0.13
141,0.05,0.04,0.03,0.02,0.08,0.05,0.09,0.13
142,0.05,0.04,0.03,0.02,0.08,0.05,0.09,0.11
143,0.06,0.04,0.03,0.02,0.09,0.04,0.08,0.13
144,0.07,0.05,0.02,0.03,0.09,0.05,0.1,0.11
145,0.09,0.04,0.03,0.02,0.08,0.05,0.08,0.11
146,0.04,0.04,0.02,0.02,0.09,0.05,0.08,0.11
147,0.06,0.04,0.02,0.03,0.08,0.05,0.08,0.13
148,0.05,0.04,0.02,0.02,0.09,0.03,0.09,0.11
149,0.04,0.04,0.02,0.03,0.08,0.05,0.08,0.13
150,0.05,0.04,0.03,0.03,0.08,0.05,0.08,0.11
151,0.04,0.04,0.02,0.02,0.08,0.05,0.08,0.13
152,0.06,0.04,0.03,0.03,0.08,0.03,0.08,0.11
153,0.06,0.04,0.02,0.03,0.08,0.05,0.08,0.11
154,0.05,0.04,0.02,0.03,0.08,0.05,0.08,0.13
155,0.09,0.04,0.03,0.03,0.08,0.05,0.08,0.11
156,0.07,0.04,0.03,0.03,0.08,0.05,0.08,0.11
157,0.07,0.05,0.03,0.03,0.08,0.05,0.07,0.11
158,0.07,0.04,0.03,0.03,0.08,0.05,0.08,0.13
159,0.04,0.05,0.03,0.03,0.09,0.05,0.08,0.11
160,0.05,0.04,0.03,0.03,0.08,0.05,0.07,0.11
161,0.06,0.04,0.03,0.03,0.08,0.05,0.08,0.11
162,0.04,0.04,0.02,0.03,0.09,0.05,0.08,0.11
163,0.06,0.04,0.03,0.03,0.08,0.05,0.08,0.12
164,0.06,0.04,0.03,0.03,0.08,0.05,0.08,0.11
165,0.05,0.04,0.02,0.03,0.09,0.05,0.07,0.12
166,0.05,0.04,0.03,0.03,0.08,0.05,0.08,0.11
167,0.05,0.04,0.02,0.03,0.08,0.05,0.07,0.11
168,0.04,0.05,0.02,0.03,0.1,0.05,0.09,0.12
169,0.07,0.04,0.03,0.03,0.09,0.05,0.07,0.12
170,0.05,0.04,0.03,0.03,0.08,0.05,0.07,0.11
171,0.07,0.04,0.03,0.03,0.09,0.05,0.08,0.11
172,0.06,0.04,0.02,0.03,0.08,0.04,0.07,0.11
173,0.05,0.05,0.03,0.04,0.08,0.05,0.09,0.11
174,0.05,0.05,0.02,0.03,0.08,0.05,0.07,0.11
175,0.05,0.04,0.03,0.03,0.08,0.05,0.07,0.12
176,0.05,0.04,0.03,0.04,0.08,0.05,0.08,0.12
177,0.05,0.05,0.03,0.04,0.08,0.03,0.08,0.12
178,0.07,0.05,0.02,0.03,0.09,0.05,0.08,0.11
179,0.04,0.04,0.03,0.03,0.09,0.05,0.07,0.12
180,0.05,0.04,0.03,0.03,0.08,0.04,0.08,0.12
181,0.08,0.04,0.03,0.04,0.09,0.04,0.08,0.11
182,0.06,0.05,0.03,0.04,0.08,0.05,0.08,0.11
183,0.05,0.05,0.03,0.04,0.08,0.04,0.07,0.12
184,0.09,0.04,0.03,0.04,0.08,0.05,0.07,0.11
185,0.06,0.05,0.03,0.04,0.1,0.05,0.08,0.11
186,0.05,0.04,0.03,0.04,0.08,0.05,0.08,0.12
187,0.06,0.04,0.02,0.04,0.09,0.05,0.08,0.12
188,0.05,0.04,0.03,0.04,0.08,0.04,0.07,0.12
189,0.09,0.04,0.02,0.04,0.08,0.04,0.07,0.11
190,0.05,0.04,0.03,0.04,0.08,0.04,0.08,0.11
191,0.06,0.04,0.03,0.04,0.08,0.05,0.08,0.11
192,0.05,0.04,0.02,0.04,0.08,0.05,0.08,0.11
193,0.08,0.04,0.03,0.04,0.08,0.04,0.07,0.12
194,0.05,0.05,0.03,0.04,0.08,0.05,0.07,0.11
195,0.05,0.05,0.03,0.04,0.08,0.04,0.07,0.11
196,0.1,0.04,0.03,0.04,0.08,0.04,0.08,0.11
197,0.07,0.05,0.03,0.04,0.08,0.04,0.07,0.12
198,0.09,0.05,0.02,0.04,0.08,0.04,0.08,0.09
199,0.07,0.04,0.02,0.04,0.08,0.04,0.08,0.12
200,0.09,0.04,0.03,0.04,0.08,0.04,0.08,0.11
201,0.05,0.04,0.03,0.04,0.08,0.04,0.08,0.12
202,0.05,0.04,0.03,0.04,0.08,0.04,0.07,0.09
203,0.04,0.04,0.03,0.04,0.08,0.04,0.08,0.11
204,0.04,0.05,0.02,0.04,0.08,0.04,0.07,0.12
205,0.05,0.04,0.03,0.04,0.1,0.05,0.07,0.12
206,0.06,0.05,0.03,0.04,0.08,0.04,0.08,0.11
207,0.09,0.04,0.03,0.04,0.09,0.04,0.08,0.11
208,0.05,0.04,0.03,0.04,0.09,0.05,0.07,0.11
209,0.05,0.04,0.03,0.04,0.08,0.05,0.07,0.11
210,0.07,0.03,0.02,0.04,0.08,0.04,0.08,0.12
211,0.05,0.04,0.03,0.04,0.08,0.04,0.08,0.1
212,0.05,0.03,0.02,0.04,0.08,0.05,0.08,0.11
213,0.05,0.03,0.03,0.04,0.08,0.04,0.08,0.12
214,0.05,0.03,0.03,0.04,0.08,0.04,0.07,0.09
215,0.05,0.05,0.03,0.04,0.08,0.04,0.07,0.11
216,0.05,0.05,0.02,0.04,0.08,0.04,0.08,0.11
217,0.05,0.05,0.03,0.04,0.09,0.04,0.08,0.11
218,0.06,0.05,0.03,0.05,0.08,0.04,0.08,0.12
219,0.04,0.04,0.03,0.05,0.08,0.04,0.08,0.11
220,0.08,0.05,0.03,0.05,0.1,0.05,0.08,0.13
221,0.07,0.05,0.03,0.05,0.08,0.04,0.08,0.11
222,0.08,0.05,0.03,0.05,0.1,0.04,0.08,0.11
223,0.05,0.05,0.02,0.05,0.1,0.04,0.07,0.12
224,0.09,0.05,0.03,0.04,0.08,0.04,0.08,0.12
225,0.06,0.03,0.03,0.05,0.08,0.04,0.08,0.12
226,0.05,0.05,0.02,0.04,0.08,0.05,0.08,0.12
227,0.04,0.04,0.02,0.05,0.08,0.04,0.08,0.12
228,0.04,0.03,0.03,0.05,0.1,0.05,0.08,0.12
229,0.07,0.05,0.03,0.05,0.08,0.04,0.08,0.11
230,0.04,0.03,0.03,0.05,0.08,0.04,0.08,0.12
231,0.04,0.05,0.02,0.05,0.09,0.04,0.07,0.1
232,0.04,0.03,0.03,0.05,0.08,0.05,0.08,0.09
233,0.05,0.03,0.03,0.05,0.09,0.04,0.07,0.12
234,0.05,0.05,0.03,0.05,0.08,0.04,0.08,0.11
235,0.04,0.03,0.03,0.05,0.08,0.04,0.08,0.11
236,0.07,0.05,0.02,0.05,0.08,0.04,0.08,0.11
237,0.05,0.04,0.03,0.04,0.08,0.04,0.07,0.11
238,0.04,0.03,0.03,0.05,0.08,0.04,0.07,0.12
239,0.04,0.04,0.03,0.05,0.08,0.04,0.08,0.12
240,0.06,0.05,0.03,0.05,0.09,0.04,0.08,0.11
241,0.05,0.04,0.03,0.05,0.08,0.04,0.08,0.12
242,0.04,0.05,0.03,0.05,0.08,0.04,0.08,0.11
243,0.04,0.04,0.02,0.05,0.1,0.04,0.09,0.12
244,0.05,0.03,0.03,0.05,0.09,0.04,0.08,0.11
245,0.04,0.04,0.03,0.05,0.08,0.04,0.08,0.12
246,0.04,0.03,0.02,0.05,0.08,0.05,0.08,0.09
247,0.04,0.03,0.03,0.05,0.08,0.04,0.08,0.12
248,0.07,0.04,0.03,0.05,0.08,0.04,0.08,0.12
249,0.04,0.04,0.03,0.05,0.08,0.05,0.07,0.12
250,0.05,0.04,0.03,0.05,0.08,0.04,0.09,0.12
251,0.05,0.03,0.02,0.05,0.1,0.04,0.08,0.12
252,0.05,0.04,0.03,0.05,0.08,0.04,0.09,0.12
253,0.05,0.05,0.02,0.05,0.09,0.05,0.08,0.11
254,0.05,0.05,0.03,0.05,0.09,0.04,0.08,0.11
255,0.04,0.04,0.02,0.05,0.1,0.05,0.08,0.12
256,0.04,0.02,0.03,0.05,0.1,0.05,0.09,0.12
257,0.04,0.04,0.02,0.05,0.08,0.04,0.07,0.12
258,0.04,0.03,0.03,0.05,0.08,0.04,0.07,0.12
259,0.05,0.02,0.03,0.05,0.1,0.04,0.07,0.12
260,0.05,0.04,0.03,0.05,0.08,0.04,0.08,0.12
261,0.05,0.04,0.02,0.05,0.08,0.04,0.08,0.12
262,0.04,0.04,0.03,0.05,0.08,0.04,0.09,0.1
263,0.05,0.05,0.03,0.05,0.08,0.05,0.08,0.11
264,0.07,0.02,0.03,0.05,0.08,0.04,0.07,0.12
265,0.05,0.05,0.03,0.05,0.08,0.04,0.07,0.12
266,0.04,0.04,0.02,0.05,0.08,0.04,0.07,0.1
267,0.04,0.04,0.02,0.05,0.08,0.05,0.07,0.12
268,0.05,0.05,0.02,0.05,0.1,0.05,0.08,0.09
269,0.06,0.03,0.02,0.05,0.08,0.04,0.07,0.12
270,0.04,0.04,0.02,0.05,0.1,0.04,0.07,0.12
271,0.04,0.02,0.02,0.05,0.08,0.04,0.07,0.12
272,0.04,0.02,0.02,0.05,0.08,0.05,0.07,0.12
273,0.04,0.04,0.03,0.05,0.08,0.04,0.07,0.12
274,0.05,0.05,0.02,0.05,0.1,0.05,0.08,0.11
275,0.04,0.04,0.03,0.05,0.1,0.04,0.07,0.12
276,0.05,0.05,0.03,0.05,0.1,0.04,0.07,0.1
277,0.04,0.02,0.02,0.05,0.08,0.04,0.07,0.1
278,0.06,0.05,0.02,0.05,0.09,0.05,0.07,0.09
279,0.02,0.04,0.03,0.05,0.08,0.05,0.07,0.1
280,0.05,0.04,0.03,0.05,0.08,0.04,0.07,0.1
281,0.04,0.02,0.03,0.05,0.08,0.04,0.07,0.1
282,0.07,0.05,0.03,0.05,0.08,0.04,0.07,0.12
283,0.04,0.04,0.03,0.05,0.1,0.04,0.08,0.1
284,0.07,0.04,0.03,0.05,0.08,0.04,0.07,0.1
285,0.04,0.04,0.03,0.05,0.09,0.04,0.07,0.1
286,0.06,0.05,0.03,0.05,0.08,0.04,0.07,0.09
287,0.04,0.04,0.03,0.05,0.1,0.04,0.07,0.1
288,0.06,0.05,0.03,0.05,0.09,0.04,0.08,0.09
289,0.05,0.05,0.03,0.05,0.09,0.05,0.07,0.09
290,0.04,0.04,0.03,0.05,0.08,0.04,0.07,0.1
291,0.04,0.04,0.03,0.06,0.08,0.04,0.07,0.1
292,0.04,0.05,0.03,0.05,0.09,0.04,0.07,0.1
293,0.07,0.05,0.03,0.06,0.09,0.05,0.07,0.1
294,0.04,0.04,0.02,0.05,0.1,0.04,0.07,0.1
295,0.06,0.05,0.03,0.05,0.09,0.03,0.07,0.09
296,0.04,0.04,0.03,0.06,0.1,0.04,0.07,0.1
297,0.04,0.04,0.03,0.06,0.1,0.05,0.07,0.1
298,0.07,0.05,0.03,0.05,0.09,0.03,0.07,0.08
299,0.05,0.05,0.03,0.05,0.09,0.04,0.07,0.07
300,0.06,0.04,0.03,0.06,0.1,0.04,0.07,0.08
301,0.04,0.05,0.03,0.06,0.1,0.05,0.07,0.1
302,0.04,0.05,0.03,0.05,0.1,0.04,0.07,0.1
303,0.07,0.05,0.03,0.06,0.08,0.03,0.06,0.08
304,0.09,0.04,0.03,0.06,0.08,0.04,0.07,0.1
305,0.06,0.04,0.03,0.06,0.1,0.05,0.07,0.08
306,0.07,0.04,0.03,0.06,0.08,0.04,0.07,0.08
307,0.07,0.06,0.03,0.06,0.08,0.03,0.07,0.09
308,0.06,0.05,0.03,0.06,0.08,0.03,0.06,0.07
309,0.04,0.04,0.03,0.06,0.1,0.05,0.07,0.1
310,0.05,0.05,0.03,0.06,0.09,0.03,0.06,0.09
311,0.06,0.05,0.03,0.06,0.08,0.04,0.07,0.1
312,0.04,0.05,0.03,0.06,0.09,0.04,0.07,0.1
313,0.07,0.05,0.03,0.06,0.08,0.03,0.06,0.06
314,0.05,0.05,0.03,0.06,0.08,0.03,0.07,0.07
315,0.06,0.04,0.03,0.06,0.08,0.04,0.07,0.08
316,0.05,0.05,0.03,0.06,0.09,0.04,0.07,0.06
317,0.06,0.06,0.03,0.06,0.08,0.04,0.07,0.09
318,0.06,0.05,0.03,0.06,0.08,0.05,0.07,0.08
319,0.05,0.04,0.03,0.06,0.09,0.05,0.07,0.1
320,0.06,0.07,0.03,0.06,0.1,0.05,0.07,0.08
321,0.05,0.06,0.03,0.06,0.08,0.05,0.07,0.09
322,0.07,0.05,0.03,0.06,0.08,0.04,0.07,0.09
323,0.06,0.04,0.03,0.06,0.08,0.05,0.07,0.08
324,0.04,0.05,0.03,0.06,0.08,0.04,0.07,0.1
325,0.07,0.05,0.03,0.06,0.09,0.03,0.06,0.08
326,0.07,0.07,0.03,0.06,0.08,0.04,0.07,0.09
327,0.08,0.06,0.03,0.06,0.08,0.04,0.07,0.1
328,0.06,0.06,0.03,0.06,0.1,0.04,0.07,0.09
329,0.08,0.05,0.03,0.06,0.08,0.04,0.07,0.09
330,0.05,0.05,0.03,0.06,0.1,0.04,0.06,0.08
331,0.07,0.06,0.03,0.07,0.1,0.04,0.07,0.1
332,0.09,0.05,0.03,0.07,0.08,0.04,0.07,0.09
333,0.08,0.05,0.02,0.06,0.08,0.03,0.06,0.08
334,0.07,0.05,0.03,0.06,0.08,0.04,0.07,0.07
335,0.05,0.05,0.03,0.07,0.08,0.04,0.07,0.08
336,0.05,0.04,0.02,0.06,0.07,0.03,0.05,0.1
337,0.09,0.05,0.03,0.06,0.1,0.04,0.06,0.07
338,0.07,0.05,0.03,0.07,0.08,0.04,0.06,0.07
339,0.05,0.05,0.03,0.07,0.08,0.04,0.07,0.07
340,0.05,0.04,0.03,0.06,0.07,0.03,0.06,0.09
341,0.05,0.07,0.03,0.07,0.08,0.04,0.06,0.07
342,0.08,0.06,0.03,0.07,0.08,0.04,0.06,0.07
343,0.08,0.05,0.03,0.06,0.08,0.04,0.05,0.07
344,0.07,0.05,0.03,0.07,0.08,0.03,0.06,0.08
345,0.05,0.05,0.03,0.07,0.08,0.04,0.07,0.07
346,0.09,0.05,0.03,0.07,0.08,0.04,0.07,0.07
347,0.08,0.05,0.03,0.06,0.08,0.04,0.07,0.07
348,0.06,0.05,0.03,0.06,0.08,0.04,0.05,0.07
349,0.08,0.07,0.03,0.07,0.08,0.04,0.05,0.07
350,0.07,0.05,0.03,0.07,0.08,0.04,0.06,0.07
351,0.07,0.07,0.03,0.07,0.08,0.04,0.07,0.07
352,0.06,0.05,0.03,0.07,0.08,0.04,0.06,0.07
353,0.06,0.05,0.03,0.07,0.08,0.04,0.05,0.07
354,0.09,0.04,0.03,0.07,0.09,0.04,0.06,0.08
355,0.06,0.07,0.03,0.07,0.08,0.04,0.07,0.07
356,0.05,0.07,0.03,0.07,0.08,0.04,0.07,0.07
357,0.07,0.05,0.03,0.07,0.07,0.04,0.07,0.07
358,0.06,0.07,0.03,0.07,0.09,0.04,0.05,0.07
359,0.06,0.05,0.03,0.06,0.06,0.02,0.06,0.06
360,0.06,0.05,0.03,0.07,0.08,0.04,0.06,0.07
361,0.05,0.06,0.03,0.07,0.08,0.02,0.06,0.08
362,0.05,0.05,0.03,0.07,0.06,0.03,0.05,0.06
363,0.09,0.07,0.03,0.07,0.06,0.04,0.06,0.07
364,0.07,0.05,0.02,0.06,0.06,0.03,0.06,0.06
365,0.06,0.05,0.03,0.07,0.08,0.03,0.05,0.05
366,0.05,0.05,0.03,0.07,0.08,0.02,0.05,0.07
367,0.05,0.05,0.03,0.07,0.08,0.03,0.05,0.07
368,0.08,0.06,0.02,0.07,0.08,0.03,0.06,0.06
369,0.08,0.04,0.03,0.07,0.06,0.04,0.05,0.05
370,0.06,0.05,0.02,0.07,0.06,0.03,0.05,0.04
371,0.05,0.04,0.02,0.07,0.08,0.04,0.05,0.05
372,0.08,0.04,0.03,0.07,0.08,0.03,0.06,0.06
373,0.05,0.04,0.03,0.07,0.08,0.04,0.06,0.06
374,0.07,0.06,0.03,0.07,0.07,0.02,0.06,0.06
375,0.07,0.05,0.03,0.07,0.06,0.03,0.05,0.07
376,0.06,0.05,0.03,0.07,0.08,0.03,0.05,0.04
377,0.06,0.05,0.03,0.07,0.08,0.03,0.05,0.04
378,0.07,0.04,0.03,0.07,0.08,0.03,0.05,0.06
379,0.05,0.05,0.03,0.07,0.06,0.02,0.05,0.05
380,0.05,0.05,0.02,0.07,0.07,0.02,0.05,0.05
381,0.05,0.05,0.02,0.07,0.06,0.02,0.05,0.05
382,0.05,0.05,0.02,0.07,0.08,0.03,0.05,0.06
383,0.07,0.05,0.03,0.07,0.08,0.02,0.05,0.04
384,0.05,0.05,0.02,0.07,0.08,0.02,0.05,0.04
385,0.08,0.04,0.03,0.07,0.07,0.02,0.06,0.06
386,0.07,0.06,0.03,0.07,0.06,0.02,0.05,0.05
387,0.06,0.05,0.03,0.07,0.06,0.02,0.05,0.04
388,0.05,0.06,0.02,0.07,0.07,0.03,0.05,0.06
389,0.06,0.04,0.03,0.06,0.07,0.04,0.06,0.06
390,0.07,0.05,0.02,0.07,0.07,0.02,0.04,0.06
391,0.07,0.06,0.03,0.07,0.06,0.02,0.04,0.06
392,0.05,0.05,0.03,0.07,0.07,0.02,0.06,0.07
393,0.07,0.04,0.03,0.07,0.05,0.02,0.06,0.09
394,0.09,0.06,0.03,0.07,0.06,0.03,0.06,0.09
395,0.07,0.04,0.03,0.07,0.06,0.04,0.06,0.06
396,0.07,0.06,0.03,0.07,0.07,0.02,0.06,0.07
397,0.05,0.04,0.03,0.07,0.06,0.04,0.05,0.09
398,0.06,0.06,0.03,0.07,0.07,0.03,0.06,0.06
399,0.06,0.05,0.03,0.07,0.08,0.03,0.06,0.06
400,0.06,0.06,0.03,0.07,0.06,0.02,0.06,0.07
401,0.08,0.06,0.03,0.07,0.07,0.02,0.06,0.07
402,0.09,0.04,0.03,0.07,0.06,0.03,0.04,0.05
403,0.09,0.04,0.03,0.07,0.09,0.03,0.06,0.06
404,0.07,0.04,0.03,0.07,0.08,0.04,0.06,0.06
405,0.05,0.04,0.03,0.07,0.08,0.04,0.06,0.06
406,0.07,0.05,0.04,0.07,0.08,0.03,0.06,0.07
407,0.06,0.04,0.03,0.07,0.07,0.04,0.06,0.06
408,0.06,0.05,0.04,0.07,0.08,0.04,0.04,0.06
409,0.07,0.05,0.04,0.07,0.08,0.03,0.05,0.05
410,0.07,0.06,0.03,0.07,0.06,0.03,0.05,0.05
411,0.07,0.06,0.03,0.07,0.06,0.02,0.05,0.05
412,0.09,0.04,0.03,0.07,0.07,0.03,0.05,0.05
413,0.07,0.06,0.04,0.07,0.06,0.02,0.06,0.06
414,0.05,0.05,0.03,0.07,0.08,0.02,0.05,0.05
415,0.08,0.04,0.03,0.07,0.06,0.02,0.05,0.05
416,0.05,0.05,0.03,0.07,0.07,0.03,0.06,0.05
417,0.06,0.07,0.03,0.07,0.08,0.02,0.05,0.05
418,0.05,0.05,0.03,0.07,0.08,0.02,0.06,0.06
419,0.07,0.06,0.03,0.07,0.08,0.04,0.04,0.06
420,0.1,0.04,0.03,0.07,0.06,0.03,0.06,0.06
421,0.09,0.06,0.03,0.07,0.06,0.02,0.06,0.06
422,0.09,0.06,0.04,0.07,0.06,0.03,0.06,0.06
423,0.05,0.06,0.03,0.07,0.08,0.03,0.06,0.06
424,0.11,0.06,0.03,0.07,0.08,0.03,0.06,0.06
425,0.06,0.06,0.03,0.07,0.07,0.03,0.06,0.06
426,0.07,0.06,0.03,0.07,0.07,0.03,0.06,0.06
427,0.07,0.06,0.03,0.07,0.06,0.03,0.06,0.06
428,0.07,0.05,0.03,0.07,0.08,0.03,0.06,0.06
429,0.09,0.06,0.03,0.08,0.07,0.03,0.06,0.06
430,0.06,0.06,0.04,0.07,0.06,0.03,0.06,0.06
431,0.07,0.06,0.03,0.07,0.07,0.03,0.06,0.06
432,0.08,0.06,0.03,0.07,0.07,0.03,0.04,0.06
433,0.07,0.06,0.04,0.07,0.07,0.03,0.05,0.04
434,0.07,0.06,0.03,0.07,0.06,0.03,0.05,0.06
435,0.07,0.06,0.04,0.07,0.06,0.03,0.05,0.06
436,0.05,0.06,0.03,0.07,0.07,0.03,0.06,0.05
437,0.07,0.08,0.04,0.07,0.06,0.03,0.06,0.06
438,0.07,0.06,0.04,0.07,0.07,0.03,0.06,0.06
439,0.07,0.08,0.04,0.07,0.07,0.03,0.06,0.06
440,0.07,0.06,0.04,0.07,0.08,0.03,0.06,0.06
441,0.07,0.06,0.04,0.08,0.06,0.04,0.06,0.06
442,0.08,0.06,0.05,0.08,0.08,0.03,0.06,0.06
443,0.08,0.08,0.05,0.08,0.07,0.04,0.06,0.06
444,0.07,0.06,0.05,0.08,0.08,0.04,0.07,0.07
445,0.09,0.06,0.05,0.08,0.08,0.03,0.06,0.06
446,0.08,0.08,0.06,0.08,0.08,0.04,0.06,0.04
447,0.07,0.08,0.05,0.08,0.09,0.03,0.05,0.06
448,0.07,0.08,0.06,0.08,0.09,0.04,0.05,0.06
449,0.07,0.1,0.06,0.08,0.07,0.03,0.06,0.06
450,0.09,0.1,0.07,0.08,0.07,0.04,0.06,0.06
451,0.08,0.1,0.08,0.08,0.07,0.04,0.06,0.06
452,0.09,0.1,0.08,0.08,0.07,0.04,0.06,0.06
453,0.11,0.1,0.08,0.08,0.07,0.04,0.05,0.06
454,0.09,0.1,0.08,0.08,0.07,0.04,0.05,0.06
455,0.09,0.12,0.09,0.08,0.07,0.04,0.06,0.06
456,0.12,0.1,0.09,0.08,0.07,0.04,0.06,0.06
457,0.09,0.12,0.1,0.08,0.07,0.04,0.05,0.06
458,0.09,0.12,0.1,0.09,0.08,0.05,0.06,0.04
459,0.09,0.12,0.11,0.09,0.07,0.05,0.06,0.07
460,0.09,0.14,0.11,0.09,0.09,0.05,0.05,0.06
461,0.11,0.14,0.12,0.09,0.07,0.04,0.06,0.06
462,0.11,0.14,0.11,0.09,0.09,0.05,0.06,0.06
463,0.1,0.14,0.12,0.09,0.09,0.05,0.06,0.06
464,0.11,0.16,0.13,0.09,0.08,0.05,0.06,0.04
465,0.11,0.14,0.13,0.09,0.09,0.05,0.05,0.06
466,0.11,0.14,0.13,0.09,0.09,0.05,0.06,0.06
467,0.15,0.16,0.13,0.09,0.09,0.05,0.06,0.06
468,0.11,0.14,0.14,0.1,0.09,0.05,0.07,0.06
469,0.11,0.16,0.15,0.1,0.09,0.06,0.06,0.07
470,0.11,0.14,0.15,0.1,0.09,0.07,0.06,0.05
471,0.14,0.16,0.16,0.1,0.09,0.06,0.05,0.04
472,0.13,0.16,0.16,0.1,0.09,0.07,0.05,0.04
473,0.11,0.16,0.17,0.1,0.09,0.07,0.07,0.06
474,0.12,0.16,0.17,0.1,0.09,0.06,0.07,0.05
475,0.13,0.16,0.18,0.1,0.09,0.07,0.07,0.06
476,0.17,0.16,0.18,0.11,0.09,0.08,0.07,0.07
477,0.12,0.16,0.19,0.11,0.09,0.08,0.07,0.07
478,0.14,0.18,0.19,0.11,0.1,0.08,0.07,0.07
479,0.15,0.19,0.2,0.11,0.09,0.08,0.07,0.06
480,0.15,0.18,0.2,0.11,0.09,0.08,0.07,0.07
481,0.15,0.2,0.21,0.11,0.09,0.08,0.07,0.07
482,0.14,0.2,0.22,0.11,0.1,0.08,0.07,0.07
483,0.15,0.18,0.22,0.12,0.1,0.08,0.08,0.07
484,0.16,0.2,0.23,0.12,0.1,0.09,0.08,0.06
485,0.16,0.2,0.24,0.12,0.09,0.09,0.07,0.07
486,0.18,0.2,0.26,0.12,0.1,0.09,0.07,0.09
487,0.17,0.21,0.26,0.12,0.1,0.09,0.08,0.07
488,0.21,0.21,0.27,0.12,0.1,0.09,0.07,0.07
489,0.19,0.21,0.27,0.13,0.1,0.09,0.08,0.07
490,0.2,0.23,0.28,0.13,0.1,0.09,0.08,0.07
491,0.2,0.23,0.3,0.14,0.1,0.09,0.08,0.09
492,0.23,0.25,0.3,0.13,0.1,0.1,0.08,0.09
493,0.22,0.25,0.31,0.14,0.11,0.1,0.08,0.07
494,0.21,0.25,0.32,0.14,0.11,0.1,0.08,0.09
495,0.23,0.27,0.35,0.14,0.12,0.1,0.08,0.09
496,0.25,0.29,0.35,0.15,0.12,0.12,0.08,0.09
497,0.24,0.29,0.36,0.15,0.12,0.12,0.08,0.09
498,0.25,0.3,0.38,0.15,0.12,0.12,0.08,0.09
499,0.25,0.3,0.37,0.15,0.12,0.13,0.1,0.09
500,0.3,0.32,0.4,0.16,0.14,0.13,0.08,0.09
501,0.28,0.32,0.41,0.16,0.14,0.14,0.1,0.09
502,0.29,0.34,0.41,0.16,0.14,0.14,0.1,0.11
503,0.31,0.34,0.42,0.16,0.14,0.13,0.1,0.12
504,0.31,0.36,0.44,0.17,0.14,0.14,0.1,0.11
505,0.32,0.36,0.45,0.17,0.14,0.15,0.1,0.11
506,0.32,0.37,0.45,0.17,0.14,0.16,0.11,0.11
507,0.36,0.37,0.46,0.18,0.15,0.16,0.11,0.13
508,0.34,0.39,0.48,0.18,0.15,0.16,0.11,0.11
509,0.38,0.39,0.49,0.18,0.17,0.17,0.12,0.11
510,0.36,0.41,0.49,0.18,0.17,0.18,0.12,0.13
511,0.36,0.41,0.51,0.19,0.17,0.19,0.12,0.13
512,0.38,0.43,0.52,0.19,0.19,0.2,0.12,0.14
513,0.39,0.44,0.53,0.2,0.19,0.2,0.14,0.16
514,0.41,0.45,0.54,0.2,0.19,0.21,0.14,0.16
515,0.4,0.46,0.55,0.2,0.2,0.23,0.15,0.16
516,0.42,0.48,0.56,0.21,0.22,0.24,0.15,0.16
517,0.47,0.49,0.58,0.21,0.22,0.24,0.17,0.18
518,0.46,0.51,0.59,0.22,0.23,0.25,0.18,0.18
519,0.47,0.51,0.6,0.22,0.25,0.26,0.19,0.18
520,0.49,0.52,0.61,0.22,0.27,0.28,0.21,0.22
521,0.5,0.54,0.62,0.22,0.27,0.28,0.2,0.22
522,0.52,0.54,0.63,0.23,0.29,0.3,0.22,0.22
523,0.51,0.56,0.63,0.23,0.29,0.3,0.21,0.22
524,0.55,0.56,0.65,0.24,0.33,0.3,0.23,0.23
525,0.55,0.59,0.66,0.24,0.32,0.32,0.24,0.23
526,0.56,0.59,0.68,0.25,0.34,0.33,0.24,0.25
527,0.57,0.59,0.68,0.25,0.36,0.34,0.24,0.23
528,0.58,0.61,0.7,0.26,0.37,0.35,0.25,0.25
529,0.62,0.63,0.71,0.26,0.39,0.35,0.27,0.25
530,0.58,0.63,0.71,0.26,0.39,0.36,0.26,0.27
531,0.59,0.63,0.72,0.27,0.39,0.36,0.27,0.28
532,0.62,0.65,0.73,0.27,0.41,0.37,0.29,0.28
533,0.62,0.66,0.72,0.28,0.42,0.39,0.29,0.28
534,0.62,0.67,0.73,0.28,0.44,0.39,0.3,0.31
535,0.64,0.67,0.73,0.29,0.44,0.4,0.31,0.3
536,0.65,0.69,0.73,0.29,0.46,0.41,0.32,0.31
537,0.64,0.7,0.73,0.3,0.45,0.4,0.34,0.33
538,0.64,0.69,0.73,0.3,0.46,0.43,0.34,0.34
539,0.68,0.7,0.73,0.3,0.47,0.43,0.36,0.34
540,0.65,0.68,0.72,0.3,0.49,0.42,0.37,0.36
541,0.67,0.68,0.73,0.31,0.49,0.45,0.38,0.38
542,0.69,0.68,0.72,0.31,0.51,0.46,0.39,0.38
543,0.65,0.7,0.72,0.31,0.51,0.45,0.41,0.4
544,0.65,0.67,0.72,0.31,0.53,0.46,0.42,0.41
545,0.65,0.69,0.72,0.32,0.54,0.48,0.42,0.44
546,0.65,0.67,0.72,0.32,0.54,0.48,0.43,0.44
547,0.64,0.68,0.71,0.32,0.56,0.48,0.44,0.45
548,0.67,0.66,0.71,0.32,0.57,0.49,0.45,0.47
549,0.66,0.64,0.7,0.33,0.58,0.5,0.47,0.47
550,0.64,0.65,0.71,0.33,0.61,0.51,0.46,0.49
551,0.62,0.65,0.7,0.33,0.6,0.51,0.48,0.48
552,0.61,0.63,0.7,0.33,0.62,0.53,0.48,0.5
553,0.63,0.65,0.69,0.34,0.62,0.53,0.49,0.51
554,0.62,0.63,0.69,0.34,0.63,0.52,0.5,0.51
555,0.61,0.62,0.69,0.34,0.63,0.53,0.5,0.51
556,0.61,0.62,0.69,0.35,0.65,0.55,0.51,0.51
557,0.64,0.62,0.69,0.35,0.65,0.54,0.5,0.52
558,0.59,0.6,0.68,0.35,0.65,0.55,0.52,0.54
559,0.62,0.6,0.68,0.35,0.66,0.55,0.52,0.52
560,0.59,0.59,0.68,0.35,0.67,0.55,0.52,0.55
561,0.58,0.59,0.67,0.35,0.66,0.56,0.52,0.53
562,0.58,0.59,0.67,0.36,0.66,0.56,0.54,0.55
563,0.58,0.59,0.67,0.36,0.66,0.56,0.52,0.55
564,0.58,0.57,0.68,0.36,0.68,0.57,0.54,0.55
565,0.58,0.57,0.67,0.36,0.68,0.56,0.54,0.55
566,0.58,0.59,0.68,0.36,0.68,0.57,0.54,0.55
567,0.59,0.57,0.67,0.37,0.68,0.58,0.54,0.56
568,0.6,0.56,0.67,0.37,0.69,0.58,0.54,0.58
569,0.58,0.57,0.67,0.37,0.69,0.58,0.54,0.56
570,0.58,0.57,0.67,0.37,0.7,0.58,0.54,0.56
571,0.61,0.57,0.68,0.37,0.7,0.58,0.55,0.56
572,0.6,0.59,0.68,0.38,0.7,0.59,0.55,0.59
573,0.58,0.57,0.68,0.38,0.7,0.59,0.56,0.59
574,0.6,0.57,0.68,0.38,0.7,0.59,0.55,0.59
575,0.64,0.57,0.68,0.38,0.7,0.59,0.55,0.59
576,0.58,0.59,0.68,0.38,0.7,0.59,0.55,0.59
577,0.58,0.59,0.69,0.38,0.7,0.6,0.55,0.59
578,0.6,0.59,0.69,0.39,0.7,0.6,0.54,0.59
579,0.61,0.61,0.69,0.39,0.7,0.61,0.56,0.59
580,0.6,0.59,0.7,0.39,0.7,0.61,0.56,0.59
581,0.6,0.61,0.69,0.39,0.71,0.61,0.56,0.59
582,0.6,0.62,0.7,0.4,0.71,0.61,0.56,0.61
583,0.61,0.61,0.69,0.4,0.7,0.61,0.56,0.59
584,0.62,0.61,0.7,0.4,0.7,0.61,0.56,0.61
585,0.62,0.62,0.7,0.4,0.7,0.62,0.54,0.61
586,0.62,0.62,0.71,0.4,0.7,0.61,0.54,0.59
587,0.64,0.64,0.71,0.41,0.71,0.63,0.56,0.59
588,0.62,0.62,0.71,0.41,0.69,0.63,0.54,0.57
589,0.65,0.64,0.71,0.41,0.71,0.62,0.53,0.6
590,0.64,0.64,0.72,0.41,0.69,0.63,0.54,0.59
591,0.64,0.66,0.71,0.42,0.69,0.63,0.54,0.6
592,0.64,0.64,0.72,0.42,0.69,0.63,0.53,0.6
593,0.64,0.64,0.72,0.42,0.69,0.63,0.53,0.59
594,0.64,0.66,0.72,0.42,0.69,0.63,0.53,0.59
595,0.64,0.66,0.73,0.42,0.68,0.63,0.53,0.59
596,0.64,0.64,0.72,0.43,0.69,0.65,0.52,0.57
597,0.64,0.64,0.73,0.43,0.68,0.63,0.51,0.57
598,0.64,0.66,0.73,0.43,0.69,0.65,0.51,0.57
599,0.64,0.64,0.74,0.43,0.69,0.65,0.51,0.57
600,0.64,0.64,0.74,0.44,0.68,0.66,0.51,0.58
601,0.66,0.64,0.74,0.44,0.69,0.65,0.51,0.59
602,0.66,0.64,0.75,0.44,0.67,0.66,0.51,0.57
603,0.65,0.66,0.76,0.44,0.69,0.66,0.51,0.59
604,0.67,0.66,0.77,0.44,0.67,0.65,0.51,0.57
605,0.67,0.64,0.76,0.45,0.68,0.66,0.51,0.59
606,0.67,0.66,0.77,0.45,0.69,0.66,0.51,0.59
607,0.67,0.66,0.78,0.45,0.67,0.67,0.51,0.57
608,0.67,0.68,0.78,0.46,0.67,0.67,0.51,0.59
609,0.69,0.68,0.79,0.46,0.66,0.67,0.51,0.57
610,0.71,0.68,0.79,0.46,0.67,0.68,0.51,0.59
611,0.69,0.69,0.79,0.46,0.67,0.68,0.51,0.57
612,0.71,0.7,0.8,0.46,0.67,0.68,0.51,0.59
613,0.7,0.68,0.8,0.46,0.67,0.69,0.51,0.57
614,0.73,0.71,0.81,0.47,0.67,0.69,0.52,0.59
615,0.72,0.72,0.81,0.47,0.67,0.69,0.52,0.59
616,0.75,0.72,0.81,0.48,0.67,0.69,0.52,0.59
617,0.73,0.72,0.82,0.48,0.67,0.7,0.52,0.59
618,0.76,0.73,0.82,0.48,0.67,0.7,0.51,0.59
619,0.74,0.74,0.83,0.48,0.69,0.7,0.52,0.6
620,0.76,0.75,0.83,0.48,0.67,0.72,0.52,0.6
621,0.76,0.75,0.82,0.49,0.67,0.72,0.52,0.6
622,0.75,0.75,0.83,0.49,0.67,0.72,0.52,0.59
623,0.76,0.77,0.83,0.49,0.69,0.72,0.52,0.6
624,0.76,0.77,0.83,0.5,0.69,0.73,0.54,0.6
625,0.77,0.76,0.84,0.5,0.69,0.72,0.54,0.6
626,0.77,0.76,0.84,0.5,0.69,0.73,0.54,0.62
627,0.77,0.76,0.84,0.5,0.7,0.73,0.54,0.62
628,0.76,0.76,0.84,0.51,0.69,0.73,0.54,0.62
629,0.78,0.76,0.85,0.51,0.69,0.74,0.54,0.62
630,0.76,0.77,0.84,0.51,0.69,0.74,0.54,0.62
631,0.79,0.77,0.85,0.51,0.7,0.73,0.55,0.62
632,0.8,0.76,0.85,0.52,0.69,0.75,0.54,0.62
633,0.77,0.77,0.85,0.52,0.7,0.75,0.54,0.62
634,0.77,0.77,0.85,0.52,0.68,0.75,0.54,0.62
635,0.78,0.77,0.85,0.53,0.7,0.75,0.53,0.62
636,0.79,0.77,0.85,0.53,0.7,0.75,0.53,0.62
637,0.79,0.77,0.85,0.53,0.69,0.75,0.53,0.62
638,0.79,0.77,0.86,0.54,0.69,0.76,0.52,0.62
639,0.79,0.77,0.86,0.53,0.68,0.76,0.51,0.61
640,0.79,0.79,0.86,0.54,0.68,0.76,0.53,0.59
641,0.81,0.8,0.86,0.54,0.68,0.76,0.51,0.59
642,0.84,0.77,0.87,0.54,0.67,0.77,0.51,0.61
643,0.84,0.79,0.87,0.55,0.67,0.77,0.51,0.59
644,0.8,0.8,0.87,0.55,0.67,0.77,0.51,0.59
645,0.78,0.79,0.87,0.55,0.67,0.78,0.49,0.61
646,0.79,0.79,0.88,0.56,0.65,0.78,0.49,0.59
647,0.82,0.79,0.88,0.56,0.65,0.78,0.48,0.59
648,0.79,0.79,0.87,0.56,0.65,0.78,0.49,0.58
649,0.78,0.79,0.88,0.57,0.65,0.79,0.48,0.58
650,0.78,0.79,0.87,0.57,0.66,0.79,0.47,0.58
651,0.82,0.8,0.88,0.57,0.65,0.79,0.48,0.56
652,0.8,0.79,0.88,0.57,0.64,0.78,0.47,0.56
653,0.8,0.78,0.87,0.58,0.65,0.78,0.46,0.55
654,0.8,0.8,0.88,0.58,0.63,0.78,0.46,0.53
655,0.84,0.8,0.88,0.58,0.64,0.78,0.45,0.53
656,0.8,0.8,0.88,0.58,0.63,0.8,0.44,0.53
657,0.84,0.81,0.88,0.59,0.61,0.79,0.43,0.53
658,0.85,0.81,0.88,0.59,0.61,0.78,0.43,0.53
659,0.82,0.83,0.89,0.59,0.61,0.78,0.45,0.53
660,0.81,0.81,0.89,0.59,0.61,0.79,0.43,0.51
661,0.84,0.84,0.9,0.6,0.61,0.79,0.43,0.51
662,0.83,0.84,0.91,0.6,0.63,0.78,0.42,0.51
663,0.83,0.84,0.9,0.6,0.61,0.78,0.41,0.51
664,0.84,0.83,0.9,0.6,0.61,0.78,0.43,0.51
665,0.83,0.84,0.9,0.61,0.6,0.78,0.43,0.51
666,0.84,0.84,0.91,0.61,0.6,0.78,0.41,0.48
667,0.84,0.86,0.91,0.61,0.6,0.78,0.43,0.5
668,0.83,0.86,0.92,0.61,0.61,0.78,0.41,0.5
669,0.83,0.86,0.92,0.61,0.6,0.77,0.41,0.48
670,0.83,0.86,0.92,0.62,0.6,0.77,0.43,0.49
671,0.85,0.86,0.92,0.62,0.61,0.78,0.43,0.51
672,0.84,0.86,0.93,0.62,0.61,0.78,0.43,0.51
673,0.85,0.85,0.92,0.62,0.61,0.78,0.43,0.51
674,0.86,0.85,0.93,0.63,0.61,0.78,0.45,0.51
675,0.85,0.85,0.93,0.63,0.61,0.78,0.45,0.52
676,0.85,0.87,0.93,0.63,0.62,0.78,0.46,0.52
677,0.89,0.86,0.94,0.64,0.62,0.78,0.46,0.54
678,0.88,0.86,0.94,0.64,0.62,0.78,0.47,0.54
679,0.89,0.88,0.94,0.64,0.62,0.79,0.47,0.54
680,0.88,0.86,0.94,0.64,0.62,0.78,0.47,0.54
681,0.87,0.86,0.94,0.64,0.64,0.79,0.48,0.55
682,0.91,0.88,0.94,0.65,0.64,0.8,0.48,0.55
683,0.9,0.86,0.95,0.65,0.64,0.79,0.48,0.55
684,0.88,0.88,0.95,0.65,0.64,0.8,0.5,0.55
685,0.9,0.88,0.95,0.65,0.64,0.8,0.49,0.55
686,0.88,0.86,0.95,0.65,0.64,0.8,0.49,0.55
687,0.88,0.87,0.95,0.66,0.64,0.81,0.49,0.56
688,0.88,0.88,0.95,0.66,0.64,0.81,0.51,0.58
689,0.94,0.87,0.95,0.66,0.66,0.83,0.51,0.58
690,0.91,0.88,0.95,0.66,0.66,0.83,0.52,0.61
691,0.88,0.86,0.95,0.66,0.66,0.83,0.53,0.61
692,0.93,0.86,0.96,0.67,0.66,0.83,0.53,0.61
693,0.94,0.86,0.96,0.67,0.66,0.83,0.53,0.61
694,0.91,0.86,0.96,0.67,0.68,0.83,0.54,0.61
695,0.9,0.88,0.95,0.67,0.68,0.85,0.54,0.63
696,0.89,0.86,0.95,0.67,0.68,0.85,0.54,0.64
697,0.9,0.87,0.96,0.67,0.68,0.85,0.54,0.64
698,0.91,0.86,0.95,0.68,0.69,0.85,0.54,0.64
699,0.9,0.86,0.95,0.68,0.69,0.85,0.55,0.64
700,0.9,0.86,0.95,0.68,0.69,0.85,0.54,0.64
701,0.91,0.86,0.95,0.68,0.7,0.84,0.54,0.64
702,0.89,0.87,0.95,0.68,0.69,0.86,0.54,0.64
703,0.91,0.88,0.96,0.69,0.71,0.86,0.54,0.64
704,0.91,0.87,0.95,0.68,0.71,0.86,0.54,0.64
705,0.9,0.87,0.96,0.69,0.7,0.85,0.54,0.64
706,0.88,0.87,0.96,0.69,0.7,0.87,0.54,0.64
707,0.89,0.85,0.96,0.69,0.7,0.87,0.53,0.64
708,0.89,0.85,0.95,0.69,0.7,0.87,0.53,0.64
709,0.89,0.86,0.95,0.69,0.7,0.86,0.53,0.64
710,0.89,0.87,0.94,0.69,0.7,0.87,0.53,0.64
711,0.87,0.86,0.95,0.7,0.7,0.88,0.53,0.62
712,0.87,0.84,0.94,0.7,0.7,0.87,0.53,0.63
713,0.87,0.84,0.94,0.7,0.7,0.87,0.53,0.63
714,0.87,0.84,0.94,0.7,0.7,0.87,0.53,0.62
715,0.85,0.84,0.94,0.7,0.69,0.87,0.52,0.62
716,0.86,0.84,0.93,0.7,0.69,0.88,0.52,0.63
717,0.85,0.82,0.93,0.71,0.7,0.87,0.51,0.62
718,0.85,0.82,0.93,0.71,0.7,0.87,0.5,0.62
719,0.84,0.82,0.93,0.71,0.69,0.87,0.51,0.6
720,0.87,0.84,0.93,0.71,0.7,0.87,0.5,0.6
721,0.85,0.82,0.93,0.71,0.69,0.86,0.5,0.6
722,0.85,0.82,0.93,0.71,0.69,0.85,0.5,0.58
723,0.85,0.82,0.93,0.71,0.69,0.86,0.5,0.6
724,0.85,0.82,0.92,0.71,0.68,0.86,0.5,0.6
725,0.85,0.82,0.93,0.71,0.69,0.86,0.49,0.58
726,0.89,0.82,0.92,0.71,0.69,0.85,0.49,0.58
727,0.86,0.84,0.92,0.71,0.69,0.85,0.49,0.59
728,0.86,0.82,0.92,0.72,0.68,0.85,0.49,0.59
729,0.86,0.84,0.92,0.72,0.68,0.84,0.49,0.56
730,0.86,0.84,0.92,0.72,0.68,0.84,0.48,0.59
731,0.85,0.84,0.92,0.72,0.68,0.84,0.48,0.56
732,0.87,0.84,0.92,0.72,0.67,0.84,0.47,0.56
733,0.87,0.84,0.92,0.72,0.67,0.84,0.47,0.56
734,0.87,0.85,0.92,0.72,0.66,0.84,0.46,0.56
735,0.9,0.85,0.93,0.72,0.68,0.83,0.47,0.56
736,0.87,0.85,0.92,0.73,0.66,0.83,0.46,0.56
737,0.87,0.86,0.92,0.73,0.65,0.83,0.46,0.55
738,0.87,0.85,0.93,0.73,0.66,0.83,0.46,0.54
739,0.87,0.86,0.93,0.73,0.64,0.83,0.44,0.53
740,0.88,0.86,0.93,0.73,0.64,0.83,0.46,0.53
741,0.87,0.88,0.93,0.74,0.65,0.81,0.45,0.53
742,0.89,0.88,0.94,0.74,0.64,0.81,0.44,0.53
743,0.89,0.88,0.94,0.74,0.64,0.81,0.44,0.53
744,0.88,0.88,0.94,0.74,0.62,0.82,0.44,0.51
745,0.92,0.88,0.94,0.74,0.62,0.81,0.44,0.51
746,0.88,0.88,0.94,0.74,0.62,0.81,0.44,0.51
747,0.89,0.87,0.93,0.75,0.62,0.82,0.44,0.53
748,0.89,0.88,0.92,0.75,0.62,0.81,0.44,0.53
749,0.89,0.88,0.92,0.75,0.62,0.81,0.43,0.51
750,0.9,0.88,0.92,0.75,0.6,0.81,0.42,0.51
751,0.93,0.89,0.91,0.75,0.61,0.81,0.42,0.51
752,0.91,0.91,0.91,0.75,0.62,0.8,0.42,0.48
753,0.91,0.89,0.9,0.76,0.6,0.81,0.42,0.5
754,0.91,0.91,0.9,0.76,0.6,0.81,0.42,0.5
755,0.9,0.89,0.9,0.76,0.59,0.79,0.4,0.48
756,0.91,0.92,0.91,0.76,0.6,0.79,0.41,0.48
757,0.92,0.91,0.91,0.76,0.58,0.79,0.4,0.48
758,0.94,0.91,0.91,0.76,0.6,0.78,0.4,0.5
759,0.93,0.91,0.91,0.76,0.58,0.78,0.41,0.48
760,0.88,0.91,0.9,0.76,0.58,0.78,0.41,0.48
761,0.89,0.91,0.9,0.77,0.59,0.78,0.41,0.48
762,0.89,0.89,0.91,0.77,0.58,0.78,0.41,0.48
763,0.87,0.89,0.91,0.77,0.59,0.78,0.41,0.48
764,0.91,0.88,0.9,0.77,0.59,0.77,0.42,0.47
765,0.87,0.88,0.9,0.77,0.59,0.77,0.4,0.48
766,0.89,0.88,0.9,0.77,0.59,0.76,0.4,0.47
767,0.85,0.86,0.9,0.77,0.59,0.77,0.42,0.48
768,0.89,0.85,0.89,0.77,0.57,0.77,0.42,0.47
769,0.87,0.84,0.88,0.77,0.57,0.77,0.43,0.47
770,0.88,0.83,0.88,0.77,0.57,0.76,0.43,0.47
771,0.85,0.83,0.88,0.77,0.57,0.76,0.43,0.47
772,0.84,0.83,0.88,0.77,0.57,0.77,0.41,0.47
773,0.83,0.83,0.88,0.77,0.58,0.76,0.42,0.49
774,0.85,0.82,0.88,0.78,0.56,0.76,0.44,0.47
775,0.83,0.82,0.88,0.77,0.56,0.76,0.44,0.49
776,0.83,0.81,0.88,0.78,0.56,0.76,0.45,0.49
777,0.84,0.81,0.88,0.77,0.56,0.75,0.43,0.47
778,0.85,0.81,0.88,0.78,0.56,0.75,0.45,0.49
779,0.82,0.8,0.88,0.78,0.56,0.76,0.45,0.48
780,0.82,0.8,0.88,0.78,0.57,0.75,0.46,0.5
781,0.83,0.8,0.88,0.78,0.56,0.75,0.47,0.48
782,0.84,0.82,0.88,0.78,0.57,0.75,0.47,0.5
783,0.84,0.8,0.89,0.78,0.57,0.76,0.48,0.52
784,0.87,0.8,0.89,0.78,0.57,0.76,0.47,0.5
785,0.88,0.82,0.89,0.79,0.57,0.76,0.48,0.5
786,0.83,0.8,0.9,0.78,0.57,0.75,0.48,0.52
787,0.87,0.82,0.9,0.79,0.58,0.76,0.48,0.52
788,0.82,0.82,0.9,0.79,0.58,0.76,0.48,0.52
789,0.86,0.82,0.91,0.79,0.58,0.76,0.48,0.52
790,0.87,0.84,0.91,0.79,0.58,0.76,0.49,0.54
791,0.85,0.84,0.92,0.79,0.59,0.77,0.49,0.54
792,0.87,0.82,0.92,0.79,0.58,0.77,0.49,0.54
793,0.85,0.84,0.92,0.8,0.59,0.77,0.49,0.52
794,0.84,0.84,0.92,0.8,0.58,0.78,0.48,0.52
795,0.86,0.84,0.92,0.8,0.58,0.78,0.48,0.52
796,0.87,0.84,0.92,0.8,0.58,0.77,0.49,0.52
797,0.86,0.84,0.94,0.8,0.6,0.78,0.48,0.52
798,0.85,0.84,0.94,0.8,0.58,0.78,0.48,0.55
799,0.89,0.84,0.94,0.8,0.58,0.78,0.49,0.52
800,0.87,0.84,0.94,0.8,0.6,0.79,0.49,0.52
801,0.87,0.84,0.94,0.8,0.58,0.78,0.48,0.54
802,0.87,0.84,0.95,0.81,0.58,0.78,0.5,0.54
803,0.86,0.86,0.95,0.81,0.58,0.78,0.5,0.54
804,0.89,0.86,0.95,0.81,0.6,0.78,0.5,0.54
805,0.87,0.84,0.95,0.81,0.6,0.79,0.5,0.54
806,0.88,0.84,0.96,0.81,0.6,0.78,0.51,0.54
807,0.88,0.84,0.96,0.82,0.6,0.79,0.52,0.56
808,0.89,0.84,0.96,0.82,0.61,0.8,0.51,0.57
809,0.88,0.84,0.97,0.81,0.6,0.8,0.53,0.57
810,0.89,0.86,0.97,0.82,0.61,0.8,0.54,0.57
811,0.93,0.87,0.97,0.82,0.61,0.8,0.54,0.59
812,0.91,0.87,0.98,0.82,0.62,0.81,0.54,0.59
813,0.89,0.86,0.98,0.83,0.63,0.81,0.56,0.59
814,0.91,0.87,0.98,0.83,0.63,0.81,0.56,0.59
815,0.91,0.87,0.98,0.83,0.63,0.83,0.56,0.62
816,0.91,0.89,0.99,0.83,0.64,0.84,0.57,0.61
817,0.95,0.88,0.99,0.83,0.63,0.83,0.57,0.64
818,0.92,0.89,0.99,0.83,0.64,0.83,0.59,0.64
819,0.94,0.91,0.99,0.83,0.65,0.84,0.59,0.64
820,0.93,0.89,0.98,0.83,0.65,0.84,0.61,0.64
821,0.93,0.89,0.99,0.84,0.65,0.85,0.6,0.66
822,0.96,0.91,0.98,0.84,0.67,0.86,0.62,0.66
823,0.93,0.89,0.99,0.84,0.67,0.86,0.63,0.68
824,0.96,0.91,0.99,0.84,0.67,0.86,0.62,0.68
825,0.93,0.91,1.0,0.84,0.68,0.87,0.63,0.68
826,0.94,0.91,1.0,0.84,0.69,0.87,0.64,0.68
827,0.94,0.91,0.99,0.84,0.69,0.88,0.64,0.68
828,0.95,0.91,0.99,0.84,0.69,0.89,0.64,0.68
829,0.93,0.89,0.99,0.85,0.69,0.89,0.64,0.68
830,0.92,0.89,0.99,0.85,0.7,0.88,0.66,0.68
831,0.91,0.9,0.99,0.85,0.7,0.89,0.65,0.7
832,0.92,0.86,0.98,0.85,0.7,0.9,0.64,0.7
833,0.9,0.86,0.97,0.85,0.7,0.9,0.64,0.7
834,0.89,0.86,0.97,0.85,0.72,0.9,0.64,0.7
835,0.88,0.85,0.96,0.85,0.7,0.91,0.64,0.7
836,0.87,0.84,0.96,0.85,0.7,0.9,0.62,0.7
837,0.91,0.83,0.95,0.86,0.7,0.91,0.62,0.7
838,0.89,0.83,0.94,0.86,0.7,0.91,0.62,0.69
839,0.88,0.83,0.94,0.85,0.7,0.91,0.62,0.67
840,0.86,0.83,0.94,0.86,0.7,0.9,0.61,0.67
841,0.87,0.81,0.94,0.86,0.69,0.9,0.61,0.67
842,0.86,0.81,0.92,0.86,0.69,0.9,0.61,0.67
843,0.88,0.81,0.92,0.86,0.68,0.9,0.61,0.67
844,0.84,0.79,0.91,0.86,0.69,0.88,0.58,0.65
845,0.85,0.8,0.91,0.86,0.68,0.88,0.58,0.67
846,0.85,0.78,0.91,0.86,0.69,0.89,0.58,0.65
847,0.85,0.79,0.91,0.86,0.67,0.88,0.58,0.65
848,0.85,0.79,0.91,0.86,0.67,0.88,0.58,0.65
849,0.85,0.78,0.91,0.86,0.67,0.87,0.57,0.66
850,0.87,0.8,0.91,0.86,0.67,0.87,0.57,0.63
851,0.87,0.8,0.91,0.86,0.69,0.88,0.56,0.64
852,0.87,0.8,0.91,0.86,0.67,0.87,0.56,0.64
853,0.87,0.79,0.91,0.86,0.67,0.87,0.56,0.64
854,0.87,0.8,0.9,0.86,0.66,0.87,0.55,0.64
855,0.85,0.82,0.9,0.86,0.66,0.86,0.55,0.64
856,0.87,0.8,0.9,0.87,0.66,0.87,0.57,0.64
857,0.85,0.8,0.9,0.87,0.66,0.86,0.55,0.62
858,0.87,0.82,0.9,0.87,0.66,0.87,0.54,0.64
859,0.9,0.82,0.9,0.87,0.66,0.87,0.56,0.6
860,0.88,0.83,0.9,0.87,0.66,0.85,0.55,0.62
861,0.89,0.82,0.91,0.87,0.64,0.85,0.53,0.62
862,0.87,0.83,0.91,0.87,0.66,0.85,0.54,0.62
863,0.86,0.84,0.91,0.87,0.64,0.85,0.53,0.6
864,0.87,0.84,0.91,0.88,0.64,0.85,0.53,0.6
865,0.88,0.85,0.91,0.87,0.64,0.85,0.53,0.61
866,0.89,0.85,0.92,0.88,0.64,0.84,0.52,0.58
867,0.91,0.86,0.92,0.88,0.64,0.85,0.52,0.6
868,0.87,0.86,0.92,0.88,0.64,0.85,0.52,0.6
869,0.91,0.86,0.92,0.88,0.64,0.84,0.52,0.6
870,0.89,0.86,0.92,0.88,0.62,0.84,0.51,0.6
871,0.91,0.86,0.92,0.88,0.64,0.84,0.51,0.6
872,0.91,0.86,0.93,0.88,0.62,0.84,0.51,0.58
873,0.88,0.88,0.92,0.88,0.62,0.84,0.5,0.58
874,0.9,0.88,0.93,0.88,0.62,0.84,0.51,0.58
875,0.91,0.88,0.94,0.88,0.61,0.84,0.49,0.58
876,0.89,0.88,0.94,0.88,0.62,0.84,0.51,0.6
877,0.92,0.88,0.94,0.88,0.61,0.84,0.51,0.58
878,0.91,0.89,0.94,0.89,0.61,0.84,0.49,0.57
879,0.93,0.9,0.94,0.89,0.61,0.84,0.51,0.58
880,0.91,0.9,0.94,0.89,0.61,0.84,0.5,0.59
881,0.94,0.9,0.94,0.89,0.61,0.84,0.49,0.57
882,0.96,0.9,0.95,0.89,0.61,0.84,0.49,0.57
883,0.92,0.92,0.95,0.89,0.61,0.85,0.49,0.57
884,0.95,0.93,0.95,0.89,0.62,0.85,0.49,0.57
885,0.95,0.93,0.95,0.89,0.62,0.86,0.49,0.57
886,0.93,0.93,0.95,0.89,0.62,0.86,0.49,0.57
887,0.93,0.94,0.97,0.9,0.6,0.85,0.47,0.55
888,0.93,0.94,0.96,0.9,0.6,0.85,0.46,0.55
889,0.93,0.94,0.97,0.9,0.6,0.85,0.46,0.54
890,0.91,0.94,0.97,0.9,0.6,0.84,0.46,0.54
891,0.92,0.93,0.97,0.9,0.6,0.84,0.46,0.52
892,0.92,0.92,0.97,0.9,0.6,0.83,0.46,0.54
893,0.91,0.94,0.97,0.9,0.6,0.83,0.46,0.54
894,0.91,0.92,0.96,0.9,0.6,0.83,0.46,0.54
895,0.91,0.93,0.97,0.91,0.59,0.83,0.46,0.52
896,0.91,0.92,0.97,0.91,0.6,0.83,0.44,0.54
897,0.92,0.92,0.96,0.91,0.59,0.83,0.44,0.54
898,0.92,0.92,0.96,0.91,0.59,0.82,0.45,0.54
899,0.92,0.92,0.96,0.91,0.59,0.83,0.46,0.52
900,0.91,0.92,0.97,0.91,0.59,0.82,0.45,0.54
901,0.94,0.92,0.96,0.91,0.59,0.82,0.45,0.52
902,0.91,0.9,0.96,0.91,0.59,0.83,0.45,0.54
903,0.91,0.92,0.96,0.91,0.59,0.82,0.45,0.53
904,0.91,0.92,0.96,0.91,0.59,0.83,0.46,0.55
905,0.93,0.9,0.96,0.91,0.59,0.81,0.46,0.53
906,0.92,0.9,0.97,0.91,0.59,0.82,0.47,0.55
907,0.93,0.9,0.96,0.91,0.59,0.82,0.47,0.55
908,0.91,0.9,0.96,0.91,0.59,0.82,0.47,0.55
909,0.92,0.91,0.96,0.91,0.6,0.83,0.48,0.58
910,0.96,0.9,0.97,0.91,0.6,0.82,0.49,0.57
911,0.91,0.9,0.97,0.91,0.61,0.83,0.5,0.6
912,0.93,0.9,0.96,0.91,0.59,0.82,0.48,0.59
913,0.94,0.89,0.97,0.91,0.61,0.83,0.5,0.6
914,0.92,0.9,0.97,0.91,0.61,0.83,0.5,0.59
915,0.91,0.88,0.97,0.92,0.61,0.83,0.51,0.59
916,0.91,0.88,0.97,0.92,0.61,0.83,0.51,0.59
917,0.93,0.88,0.97,0.91,0.61,0.83,0.51,0.62
918,0.92,0.88,0.97,0.92,0.61,0.83,0.51,0.59
919,0.93,0.88,0.97,0.92,0.61,0.81,0.51,0.61
920,0.93,0.88,0.96,0.91,0.61,0.83,0.51,0.59
921,0.93,0.89,0.96,0.92,0.61,0.83,0.51,0.61
922,0.93,0.88,0.97,0.92,0.61,0.82,0.49,0.61
923,0.93,0.88,0.95,0.92,0.61,0.82,0.51,0.61
924,0.93,0.89,0.96,0.92,0.62,0.82,0.5,0.61
925,0.93,0.89,0.95,0.92,0.61,0.82,0.5,0.59
926,0.93,0.89,0.95,0.92,0.61,0.82,0.5,0.61
927,0.95,0.9,0.95,0.92,0.61,0.81,0.5,0.59
928,0.93,0.89,0.95,0.92,0.61,0.82,0.5,0.59
929,0.93,0.88,0.95,0.92,0.6,0.82,0.51,0.59
930,0.93,0.88,0.95,0.92,0.6,0.81,0.51,0.61
931,0.93,0.88,0.94,0.92,0.6,0.82,0.5,0.59
932,0.93,0.88,0.94,0.92,0.6,0.81,0.51,0.61
933,0.91,0.88,0.94,0.92,0.6,0.81,0.53,0.61
934,0.92,0.88,0.93,0.92,0.6,0.81,0.52,0.63
935,0.92,0.87,0.93,0.92,0.6,0.82,0.53,0.61
936,0.97,0.88,0.93,0.92,0.6,0.8,0.54,0.65
937,0.94,0.89,0.93,0.92,0.6,0.8,0.54,0.65
938,0.94,0.89,0.92,0.92,0.6,0.81,0.56,0.66
939,0.93,0.89,0.93,0.92,0.62,0.81,0.57,0.68
940,0.93,0.89,0.92,0.92,0.62,0.81,0.56,0.68
941,0.95,0.9,0.93,0.92,0.6,0.81,0.58,0.71
942,0.94,0.91,0.93,0.92,0.62,0.81,0.6,0.71
943,0.97,0.89,0.93,0.92,0.62,0.81,0.61,0.72
944,0.95,0.9,0.93,0.92,0.62,0.82,0.62,0.74
945,0.96,0.91,0.93,0.92,0.63,0.82,0.62,0.74
946,0.94,0.91,0.94,0.93,0.64,0.82,0.64,0.76
947,0.95,0.91,0.93,0.92,0.63,0.82,0.64,0.78
948,0.94,0.91,0.93,0.92,0.64,0.82,0.64,0.78
949,0.94,0.89,0.93,0.92,0.65,0.83,0.65,0.79
950,0.94,0.89,0.92,0.92,0.65,0.82,0.65,0.79
951,0.95,0.89,0.92,0.92,0.65,0.83,0.66,0.8
952,0.95,0.88,0.92,0.92,0.65,0.83,0.65,0.81
953,0.93,0.89,0.92,0.92,0.65,0.83,0.67,0.81
954,0.93,0.88,0.92,0.92,0.65,0.84,0.67,0.79
955,0.98,0.88,0.92,0.92,0.65,0.83,0.67,0.81
956,0.93,0.88,0.92,0.92,0.65,0.83,0.65,0.81
957,0.93,0.88,0.92,0.92,0.65,0.83,0.66,0.81
958,0.94,0.88,0.92,0.92,0.67,0.83,0.66,0.81
959,0.91,0.88,0.92,0.92,0.67,0.84,0.66,0.81
960,0.92,0.86,0.92,0.92,0.67,0.83,0.65,0.79
961,0.91,0.87,0.92,0.92,0.66,0.83,0.66,0.79
962,0.93,0.87,0.92,0.92,0.66,0.82,0.65,0.79
963,0.92,0.86,0.92,0.92,0.65,0.83,0.65,0.79
964,0.91,0.87,0.92,0.92,0.67,0.84,0.65,0.79
965,0.92,0.87,0.92,0.92,0.66,0.83,0.64,0.79
966,0.91,0.87,0.92,0.92,0.66,0.83,0.62,0.75
967,0.91,0.85,0.92,0.92,0.66,0.83,0.64,0.77
968,0.92,0.85,0.92,0.92,0.66,0.83,0.62,0.77
969,0.93,0.85,0.92,0.92,0.65,0.83,0.64,0.77
970,0.93,0.87,0.92,0.92,0.64,0.83,0.62,0.77
971,0.94,0.85,0.93,0.92,0.65,0.85,0.61,0.75
972,0.9,0.86,0.93,0.92,0.66,0.84,0.62,0.75
973,0.92,0.85,0.92,0.92,0.65,0.85,0.61,0.75
974,0.88,0.85,0.92,0.92,0.65,0.84,0.61,0.73
975,0.89,0.84,0.92,0.92,0.65,0.85,0.6,0.73
976,0.91,0.85,0.93,0.92,0.65,0.85,0.59,0.73
977,0.89,0.84,0.94,0.92,0.65,0.85,0.6,0.71
978,0.89,0.86,0.94,0.92,0.64,0.86,0.58,0.7
979,0.92,0.85,0.94,0.92,0.65,0.85,0.58,0.7
980,0.89,0.85,0.93,0.92,0.64,0.85,0.58,0.71
981,0.92,0.85,0.94,0.92,0.65,0.86,0.58,0.7
982,0.9,0.84,0.95,0.92,0.64,0.85,0.58,0.7
983,0.91,0.85,0.95,0.92,0.64,0.85,0.57,0.68
984,0.88,0.85,0.95,0.93,0.64,0.86,0.58,0.7
985,0.89,0.86,0.95,0.93,0.65,0.85,0.57,0.68
986,0.9,0.85,0.95,0.93,0.63,0.86,0.56,0.68
987,0.89,0.85,0.96,0.93,0.63,0.86,0.54,0.68
988,0.93,0.86,0.97,0.93,0.63,0.86,0.54,0.68
989,0.91,0.88,0.98,0.93,0.63,0.87,0.54,0.66
990,0.91,0.89,0.98,0.93,0.63,0.87,0.53,0.65
991,0.93,0.88,0.98,0.93,0.63,0.87,0.53,0.65
992,0.93,0.89,0.98,0.93,0.63,0.87,0.53,0.65
993,0.95,0.91,0.98,0.93,0.61,0.88,0.51,0.63
994,0.93,0.91,0.98,0.93,0.61,0.87,0.51,0.63
995,0.93,0.91,0.98,0.93,0.61,0.87,0.5,0.63
996,0.95,0.9,0.99,0.93,0.61,0.88,0.52,0.61
997,0.96,0.91,0.97,0.94,0.61,0.88,0.5,0.63
998,0.94,0.92,0.97,0.94,0.59,0.86,0.49,0.61
999,0.95,0.92,0.97,0.94,0.59,0.87,0.49,0.61
1000,0.95,0.92,0.95,0.94,0.59,0.87,0.49,0.59
1001,0.94,0.91,0.95,0.94,0.59,0.86,0.47,0.59
1002,0.95,0.93,0.96,0.94,0.59,0.85,0.47,0.59
1003,0.97,0.93,0.96,0.94,0.59,0.86,0.46,0.56
1004,0.96,0.93,0.95,0.94,0.59,0.85,0.46,0.56
1005,0.95,0.93,0.95,0.94,0.59,0.85,0.46,0.57
1006,0.95,0.93,0.95,0.94,0.57,0.85,0.46,0.56
1007,0.95,0.94,0.95,0.94,0.57,0.85,0.46,0.54
1008,1.0,0.92,0.95,0.94,0.57,0.84,0.45,0.54
1009,0.99,0.94,0.95,0.94,0.57,0.82,0.44,0.54
1010,0.95,0.96,0.94,0.94,0.57,0.83,0.44,0.54
1011,0.94,0.95,0.94,0.94,0.55,0.81,0.42,0.5
1012,0.94,0.94,0.94,0.94,0.55,0.81,0.43,0.5
1013,0.95,0.94,0.95,0.94,0.55,0.81,0.41,0.49
1014,0.93,0.94,0.94,0.94,0.55,0.8,0.41,0.49
1015,0.93,0.92,0.94,0.94,0.55,0.8,0.41,0.49
1016,0.91,0.91,0.94,0.94,0.53,0.8,0.41,0.47
1017,0.92,0.91,0.94,0.94,0.53,0.78,0.4,0.47
1018,0.91,0.89,0.93,0.94,0.53,0.78,0.4,0.45
1019,0.91,0.88,0.93,0.94,0.53,0.78,0.39,0.47
1020,0.93,0.88,0.92,0.94,0.51,0.78,0.39,0.45
1021,0.89,0.86,0.92,0.94,0.51,0.77,0.38,0.45
1022,0.89,0.86,0.92,0.94,0.51,0.77,0.4,0.44
1023,0.89,0.84,0.92,0.94,0.51,0.77,0.38,0.45
1024,0.89,0.84,0.91,0.94,0.5,0.76,0.38,0.45
1025,0.92,0.84,0.91,0.94,0.51,0.76,0.38,0.45
1026,0.87,0.84,0.91,0.94,0.5,0.76,0.38,0.44
1027,0.89,0.86,0.91,0.94,0.51,0.75,0.38,0.42
1028,0.89,0.84,0.92,0.94,0.5,0.75,0.38,0.42
1029,0.89,0.84,0.92,0.95,0.5,0.75,0.38,0.42
1030,0.87,0.84,0.91,0.94,0.5,0.74,0.38,0.42
1031,0.89,0.84,0.91,0.94,0.49,0.74,0.37,0.42
1032,0.9,0.84,0.92,0.94,0.49,0.75,0.38,0.42
1033,0.89,0.84,0.93,0.95,0.5,0.74,0.38,0.42
1034,0.89,0.85,0.92,0.94,0.5,0.74,0.38,0.42
1035,0.89,0.85,0.92,0.95,0.49,0.73,0.36,0.41
1036,0.87,0.85,0.93,0.95,0.49,0.73,0.38,0.42
1037,0.89,0.85,0.93,0.95,0.49,0.73,0.36,0.41
1038,0.91,0.85,0.93,0.95,0.49,0.73,0.36,0.41
1039,0.91,0.85,0.93,0.95,0.49,0.72,0.36,0.41
1040,0.86,0.85,0.93,0.95,0.49,0.72,0.36,0.41
1041,0.88,0.86,0.93,0.95,0.49,0.72,0.37,0.41
1042,0.88,0.85,0.92,0.95,0.49,0.7,0.37,0.41
1043,0.89,0.85,0.92,0.95,0.49,0.72,0.37,0.41
1044,0.85,0.85,0.92,0.95,0.49,0.72,0.37,0.41
1045,0.86,0.85,0.92,0.95,0.48,0.72,0.39,0.41
1046,0.86,0.84,0.91,0.95,0.48,0.7,0.37,0.39
1047,0.86,0.85,0.9,0.95,0.5,0.7,0.39,0.41
1048,0.84,0.83,0.9,0.95,0.5,0.7,0.39,0.41
1049,0.85,0.83,0.89,0.94,0.5,0.7,0.39,0.41
1050,0.84,0.83,0.89,0.94,0.5,0.71,0.39,0.41
1051,0.83,0.82,0.88,0.94,0.51,0.71,0.41,0.41
1052,0.84,0.82,0.88,0.94,0.51,0.71,0.41,0.41
1053,0.83,0.84,0.88,0.94,0.51,0.71,0.4,0.4
1054,0.83,0.82,0.87,0.94,0.51,0.71,0.42,0.43
1055,0.82,0.82,0.86,0.94,0.51,0.71,0.42,0.42
1056,0.86,0.8,0.86,0.94,0.52,0.71,0.42,0.4
1057,0.83,0.82,0.86,0.94,0.52,0.71,0.43,0.45
1058,0.83,0.82,0.86,0.94,0.52,0.71,0.43,0.45
1059,0.83,0.81,0.85,0.94,0.52,0.72,0.41,0.42
1060,0.84,0.84,0.85,0.94,0.54,0.72,0.41,0.42
1061,0.84,0.84,0.86,0.94,0.54,0.72,0.41,0.42
1062,0.87,0.85,0.86,0.94,0.55,0.71,0.41,0.45
1063,0.84,0.85,0.86,0.94,0.54,0.72,0.41,0.42
1064,0.84,0.87,0.87,0.94,0.54,0.72,0.42,0.44
1065,0.85,0.86,0.87,0.94,0.55,0.73,0.41,0.44
1066,0.85,0.85,0.87,0.94,0.55,0.73,0.42,0.42
1067,0.84,0.85,0.88,0.94,0.55,0.73,0.42,0.42
1068,0.82,0.86,0.88,0.94,0.55,0.73,0.42,0.44
1069,0.83,0.85,0.88,0.94,0.55,0.73,0.42,0.41
1070,0.86,0.84,0.88,0.94,0.55,0.73,0.42,0.42
1071,0.81,0.82,0.88,0.94,0.55,0.74,0.42,0.41
1072,0.83,0.82,0.88,0.94,0.56,0.73,0.41,0.42
1073,0.85,0.82,0.88,0.95,0.56,0.73,0.42,0.44
1074,0.82,0.82,0.88,0.94,0.56,0.73,0.42,0.41
1075,0.83,0.83,0.88,0.94,0.55,0.74,0.43,0.41
1076,0.84,0.83,0.88,0.95,0.56,0.74,0.43,0.44
1077,0.82,0.83,0.89,0.94,0.56,0.74,0.44,0.46
1078,0.85,0.83,0.9,0.94,0.56,0.74,0.43,0.44
1079,0.84,0.83,0.9,0.94,0.56,0.74,0.44,0.46
1080,0.83,0.84,0.9,0.95,0.56,0.74,0.44,0.46
1081,0.84,0.85,0.9,0.95,0.56,0.75,0.44,0.46
1082,0.85,0.84,0.9,0.94,0.56,0.74,0.46,0.46
1083,0.85,0.85,0.9,0.95,0.56,0.75,0.45,0.46
1084,0.86,0.85,0.91,0.95,0.56,0.75,0.46,0.46
1085,0.85,0.85,0.92,0.95,0.56,0.74,0.46,0.47
1086,0.87,0.86,0.92,0.95,0.56,0.74,0.46,0.45
1087,0.89,0.86,0.92,0.95,0.58,0.74,0.44,0.45
1088,0.85,0.86,0.93,0.95,0.56,0.73,0.44,0.45
1089,0.85,0.87,0.93,0.95,0.56,0.74,0.45,0.47
1090,0.87,0.85,0.93,0.95,0.56,0.74,0.44,0.47
1091,0.86,0.87,0.93,0.96,0.56,0.74,0.45,0.45
1092,0.88,0.87,0.93,0.96,0.55,0.74,0.45,0.45
1093,0.85,0.85,0.94,0.95,0.55,0.74,0.44,0.45
1094,0.86,0.87,0.94,0.96,0.55,0.73,0.44,0.45
1095,0.85,0.87,0.94,0.96,0.55,0.74,0.42,0.42
1096,0.89,0.87,0.94,0.95,0.55,0.73,0.43,0.43
1097,0.88,0.87,0.94,0.96,0.55,0.73,0.43,0.43
1098,0.85,0.87,0.96,0.96,0.54,0.73,0.44,0.46
1099,0.85,0.86,0.95,0.96,0.53,0.73,0.44,0.46
1100,0.86,0.87,0.95,0.96,0.54,0.73,0.44,0.44
1101,0.87,0.85,0.95,0.96,0.54,0.74,0.45,0.44
1102,0.85,0.86,0.95,0.96,0.54,0.74,0.46,0.46
1103,0.85,0.84,0.96,0.96,0.54,0.74,0.46,0.47
1104,0.85,0.84,0.94,0.96,0.54,0.74,0.47,0.47
1105,0.84,0.84,0.95,0.96,0.54,0.76,0.48,0.48
1106,0.85,0.82,0.94,0.96,0.54,0.75,0.48,0.48
1107,0.85,0.84,0.94,0.96,0.55,0.76,0.48,0.48
1108,0.86,0.84,0.94,0.96,0.54,0.76,0.5,0.48
1109,0.86,0.86,0.94,0.97,0.56,0.77,0.51,0.5
1110,0.91,0.85,0.94,0.97,0.56,0.78,0.53,0.5
1111,0.88,0.85,0.95,0.97,0.58,0.77,0.53,0.53
1112,0.88,0.87,0.95,0.97,0.58,0.78,0.53,0.52
1113,0.9,0.87,0.95,0.97,0.58,0.79,0.54,0.53
1114,0.9,0.86,0.95,0.97,0.59,0.78,0.54,0.53
1115,0.9,0.86,0.94,0.97,0.59,0.78,0.54,0.52
1116,0.89,0.88,0.94,0.97,0.61,0.78,0.54,0.52
1117,0.91,0.88,0.95,0.98,0.6,0.78,0.53,0.52
1118,0.91,0.89,0.94,0.97,0.6,0.79,0.53,0.54
1119,0.93,0.89,0.94,0.97,0.62,0.79,0.53,0.54
1120,0.89,0.89,0.94,0.97,0.6,0.79,0.52,0.52
1121,0.89,0.88,0.94,0.97,0.62,0.78,0.53,0.52
1122,0.88,0.88,0.93,0.97,0.6,0.78,0.51,0.52
1123,0.89,0.88,0.93,0.97,0.61,0.78,0.52,0.54
1124,0.88,0.88,0.93,0.97,0.61,0.77,0.49,0.52
1125,0.87,0.88,0.94,0.97,0.6,0.78,0.49,0.5
1126,0.91,0.88,0.93,0.97,0.61,0.78,0.51,0.52
1127,0.86,0.87,0.93,0.97,0.61,0.78,0.49,0.5
1128,0.86,0.87,0.92,0.97,0.59,0.77,0.5,0.52
1129,0.85,0.85,0.92,0.97,0.59,0.77,0.47,0.49
1130,0.88,0.87,0.92,0.97,0.59,0.77,0.48,0.51
1131,0.84,0.85,0.91,0.97,0.59,0.76,0.47,0.51
1132,0.89,0.84,0.92,0.97,0.59,0.75,0.47,0.49
1133,0.85,0.84,0.91,0.97,0.59,0.75,0.47,0.49
1134,0.86,0.84,0.91,0.97,0.58,0.75,0.46,0.49
1135,0.84,0.84,0.91,0.97,0.58,0.75,0.46,0.48
1136,0.85,0.84,0.91,0.97,0.57,0.74,0.46,0.48
1137,0.84,0.83,0.91,0.97,0.56,0.73,0.44,0.46
1138,0.85,0.83,0.91,0.97,0.56,0.73,0.45,0.46
1139,0.87,0.83,0.92,0.97,0.55,0.72,0.45,0.46
1140,0.85,0.83,0.92,0.97,0.55,0.72,0.45,0.48
1141,0.84,0.84,0.92,0.97,0.55,0.72,0.45,0.46
1142,0.89,0.84,0.91,0.97,0.55,0.72,0.44,0.46
1143,0.85,0.82,0.91,0.97,0.55,0.71,0.44,0.48
1144,0.87,0.84,0.9,0.97,0.55,0.7,0.42,0.44
1145,0.89,0.86,0.89,0.97,0.54,0.7,0.42,0.44
1146,0.86,0.86,0.89,0.97,0.54,0.7,0.42,0.44
1147,0.88,0.89,0.88,0.97,0.53,0.69,0.41,0.44
1148,0.87,0.88,0.85,0.96,0.53,0.69,0.41,0.42
1149,0.87,0.89,0.85,0.96,0.53,0.69,0.4,0.41
1150,0.89,0.9,0.84,0.96,0.53,0.68,0.39,0.39
1151,0.89,0.87,0.83,0.96,0.5,0.67,0.38,0.41
1152,0.86,0.86,0.82,0.95,0.5,0.67,0.38,0.4
1153,0.87,0.86,0.82,0.95,0.5,0.66,0.38,0.39
1154,0.89,0.85,0.82,0.96,0.5,0.66,0.38,0.4
1155,0.84,0.83,0.82,0.95,0.5,0.66,0.37,0.38
1156,0.83,0.82,0.8,0.95,0.49,0.65,0.37,0.38
1157,0.83,0.84,0.8,0.95,0.49,0.65,0.38,0.38
1158,0.85,0.82,0.8,0.95,0.49,0.63,0.38,0.38
1159,0.84,0.8,0.8,0.95,0.5,0.63,0.38,0.38
1160,0.82,0.79,0.8,0.94,0.5,0.65,0.39,0.4
1161,0.82,0.79,0.8,0.94,0.49,0.64,0.4,0.38
1162,0.82,0.79,0.8,0.94,0.52,0.64,0.45,0.4
1163,0.84,0.79,0.8,0.94,0.52,0.64,0.46,0.42
1164,0.82,0.81,0.8,0.94,0.52,0.65,0.49,0.45
1165,0.86,0.81,0.81,0.94,0.52,0.64,0.5,0.42
1166,0.84,0.81,0.81,0.94,0.54,0.64,0.51,0.45
1167,0.84,0.83,0.81,0.94,0.55,0.65,0.54,0.47
1168,0.84,0.83,0.82,0.94,0.57,0.65,0.56,0.49
1169,0.84,0.83,0.82,0.94,0.6,0.65,0.57,0.49
1170,0.86,0.83,0.83,0.94,0.6,0.65,0.6,0.49
1171,0.86,0.84,0.85,0.95,0.67,0.66,0.68,0.55
1172,0.87,0.85,0.85,0.94,0.65,0.67,0.69,0.57
1173,0.87,0.85,0.85,0.94,0.67,0.67,0.7,0.57
1174,0.86,0.85,0.87,0.94,0.7,0.68,0.73,0.59
1175,0.88,0.83,0.87,0.94,0.71,0.69,0.74,0.63
1176,0.9,0.84,0.87,0.94,0.71,0.69,0.74,0.61
1177,0.9,0.84,0.87,0.94,0.75,0.7,0.79,0.67
1178,0.88,0.84,0.87,0.95,0.77,0.71,0.8,0.69
1179,0.88,0.86,0.87,0.95,0.76,0.71,0.81,0.69
1180,0.89,0.86,0.87,0.95,0.77,0.73,0.8,0.71
1181,0.91,0.87,0.87,0.94,0.78,0.72,0.82,0.69
1182,0.89,0.86,0.86,0.95,0.8,0.72,0.82,0.71
1183,0.88,0.87,0.86,0.95,0.81,0.74,0.8,0.69
1184,0.89,0.86,0.86,0.94,0.8,0.73,0.82,0.71
1185,0.85,0.87,0.85,0.94,0.81,0.74,0.82,0.73
1186,0.87,0.87,0.84,0.94,0.83,0.74,0.82,0.73
1187,0.85,0.86,0.83,0.94,0.82,0.75,0.82,0.74
1188,0.88,0.86,0.83,0.94,0.84,0.75,0.83,0.73
1189,0.85,0.85,0.82,0.94,0.84,0.75,0.83,0.75
1190,0.87,0.84,0.81,0.94,0.85,0.76,0.85,0.75
1191,0.87,0.84,0.81,0.94,0.87,0.76,0.85,0.75
1192,0.83,0.84,0.81,0.94,0.88,0.77,0.89,0.79
1193,0.84,0.85,0.81,0.94,0.88,0.77,0.89,0.79
1194,0.84,0.84,0.8,0.94,0.89,0.77,0.93,0.81
1195,0.84,0.84,0.81,0.94,0.9,0.79,0.93,0.84
1196,0.85,0.82,0.8,0.94,0.92,0.8,0.97,0.88
1197,0.83,0.82,0.79,0.94,0.92,0.81,0.98,0.9
1198,0.82,0.83,0.79,0.93,0.94,0.81,0.98,0.9
1199,0.82,0.83,0.79,0.94,0.96,0.82,1.0,0.92
1200,0.84,0.83,0.79,0.94,0.94,0.83,0.98,0.92
1201,0.83,0.81,0.79,0.93,0.95,0.83,1.0,0.95
1202,0.83,0.82,0.79,0.93,0.95,0.84,0.98,0.94
1203,0.8,0.82,0.79,0.93,0.95,0.85,0.98,0.94
1204,0.83,0.8,0.79,0.93,0.97,0.86,0.98,0.94
1205,0.85,0.81,0.8,0.94,0.97,0.86,0.98,0.94
1206,0.83,0.8,0.8,0.93,0.97,0.86,0.98,0.96
1207,0.83,0.81,0.8,0.93,0.97,0.87,0.98,0.95
1208,0.84,0.81,0.81,0.93,0.97,0.88,0.97,0.94
1209,0.88,0.81,0.81,0.93,0.97,0.88,0.96,0.95
1210,0.84,0.83,0.81,0.93,0.97,0.88,0.96,0.94
1211,0.85,0.83,0.83,0.93,0.99,0.89,0.96,0.94
1212,0.83,0.82,0.83,0.93,0.98,0.88,0.96,0.94
1213,0.85,0.82,0.83,0.93,0.98,0.88,0.95,0.95
1214,0.84,0.83,0.84,0.93,0.98,0.9,0.95,0.97
1215,0.87,0.84,0.85,0.93,0.98,0.91,0.94,0.95
1216,0.88,0.84,0.85,0.93,0.98,0.91,0.94,0.97
1217,0.85,0.83,0.85,0.94,0.98,0.92,0.95,0.97
1218,0.87,0.84,0.86,0.93,0.98,0.91,0.95,0.98
1219,0.87,0.84,0.86,0.94,0.98,0.92,0.94,0.95
1220,0.86,0.84,0.87,0.93,0.98,0.92,0.94,0.97
1221,0.87,0.86,0.88,0.94,0.98,0.92,0.95,0.98
1222,0.91,0.86,0.87,0.94,0.99,0.94,0.95,0.99
1223,0.87,0.86,0.88,0.94,0.99,0.92,0.95,0.97
1224,0.88,0.88,0.88,0.94,0.99,0.94,0.95,0.98
1225,0.91,0.87,0.88,0.94,1.0,0.95,0.94,1.0
1226,0.89,0.87,0.89,0.94,0.99,0.94,0.94,0.98
1227,0.9,0.89,0.89,0.94,0.99,0.95,0.93,0.99
1228,0.91,0.89,0.9,0.94,0.99,0.93,0.94,0.98
1229,0.9,0.89,0.9,0.94,0.99,0.93,0.91,0.97
1230,0.9,0.91,0.9,0.94,0.99,0.93,0.91,0.97
1231,0.93,0.91,0.89,0.94,0.97,0.93,0.88,0.95
1232,0.9,0.91,0.89,0.94,0.98,0.93,0.89,0.95
1233,0.9,0.91,0.88,0.94,0.96,0.92,0.87,0.93
1234,0.87,0.91,0.88,0.94,0.96,0.92,0.86,0.93
1235,0.87,0.91,0.87,0.94,0.95,0.91,0.85,0.91
1236,0.91,0.91,0.86,0.94,0.95,0.91,0.84,0.92
1237,0.88,0.91,0.85,0.93,0.92,0.9,0.85,0.9
1238,0.88,0.91,0.83,0.94,0.92,0.91,0.84,0.91
1239,0.88,0.93,0.83,0.93,0.92,0.9,0.83,0.91
1240,0.88,0.91,0.81,0.93,0.91,0.89,0.82,0.89
1241,0.87,0.93,0.8,0.93,0.91,0.89,0.85,0.91
1242,0.88,0.92,0.8,0.93,0.91,0.89,0.84,0.9
1243,0.89,0.93,0.79,0.93,0.91,0.87,0.83,0.91
1244,0.88,0.92,0.79,0.93,0.89,0.87,0.82,0.91
1245,0.88,0.92,0.78,0.93,0.9,0.88,0.82,0.91
1246,0.87,0.93,0.79,0.92,0.88,0.87,0.84,0.89
1247,0.89,0.93,0.79,0.92,0.88,0.86,0.84,0.91
1248,0.88,0.93,0.79,0.92,0.89,0.87,0.84,0.91
1249,0.92,0.93,0.79,0.92,0.89,0.86,0.84,0.92
1250,0.87,0.93,0.79,0.92,0.89,0.86,0.85,0.94
1251,0.88,0.93,0.8,0.92,0.87,0.86,0.85,0.94
1252,0.91,0.93,0.8,0.92,0.87,0.86,0.85,0.94
1253,0.87,0.93,0.81,0.92,0.87,0.85,0.85,0.94
1254,0.9,0.93,0.81,0.92,0.87,0.85,0.86,0.96
1255,0.87,0.91,0.82,0.92,0.86,0.85,0.85,0.94
1256,0.88,0.91,0.81,0.92,0.87,0.85,0.85,0.96
1257,0.91,0.91,0.82,0.92,0.86,0.85,0.84,0.96
1258,0.9,0.91,0.83,0.92,0.86,0.85,0.83,0.94
1259,0.87,0.91,0.83,0.92,0.84,0.85,0.83,0.94
1260,0.88,0.93,0.83,0.92,0.84,0.85,0.82,0.94
1261,0.89,0.91,0.82,0.92,0.84,0.85,0.81,0.93
1262,0.87,0.91,0.83,0.92,0.84,0.85,0.81,0.93
1263,0.87,0.93,0.83,0.92,0.82,0.84,0.78,0.91
1264,0.91,0.93,0.84,0.92,0.82,0.84,0.78,0.91
1265,0.87,0.93,0.83,0.92,0.81,0.84,0.76,0.88
1266,0.87,0.93,0.84,0.92,0.81,0.85,0.75,0.88
1267,0.89,0.93,0.84,0.92,0.8,0.83,0.74,0.86
1268,0.88,0.93,0.84,0.92,0.79,0.83,0.72,0.83
1269,0.89,0.93,0.85,0.92,0.78,0.82,0.72,0.83
1270,0.87,0.93,0.85,0.92,0.77,0.81,0.7,0.83
1271,0.86,0.93,0.85,0.92,0.76,0.82,0.7,0.81
1272,0.87,0.93,0.85,0.92,0.76,0.81,0.69,0.79
1273,0.86,0.91,0.85,0.92,0.76,0.81,0.68,0.78
1274,0.84,0.91,0.85,0.92,0.75,0.81,0.67,0.79
1275,0.86,0.9,0.85,0.92,0.74,0.81,0.67,0.76
1276,0.85,0.88,0.84,0.92,0.74,0.8,0.66,0.76
1277,0.82,0.88,0.84,0.92,0.72,0.8,0.64,0.74
1278,0.8,0.84,0.82,0.92,0.69,0.79,0.61,0.71
1279,0.79,0.84,0.82,0.92,0.69,0.79,0.6,0.69
1280,0.78,0.8,0.83,0.92,0.69,0.78,0.6,0.69
1281,0.8,0.82,0.82,0.92,0.69,0.77,0.6,0.69
1282,0.76,0.81,0.81,0.92,0.68,0.77,0.6,0.68
1283,0.77,0.8,0.8,0.91,0.68,0.77,0.58,0.66
1284,0.74,0.78,0.8,0.91,0.68,0.77,0.57,0.64
1285,0.75,0.77,0.8,0.91,0.66,0.77,0.58,0.66
1286,0.75,0.76,0.79,0.91,0.66,0.77,0.57,0.64
1287,0.75,0.76,0.79,0.91,0.65,0.76,0.57,0.64
1288,0.73,0.74,0.78,0.91,0.64,0.75,0.55,0.62
1289,0.73,0.74,0.79,0.91,0.64,0.76,0.55,0.62
1290,0.73,0.74,0.79,0.91,0.63,0.74,0.53,0.6
1291,0.73,0.74,0.79,0.91,0.61,0.72,0.53,0.6
1292,0.73,0.74,0.79,0.91,0.63,0.72,0.51,0.57
1293,0.74,0.75,0.79,0.91,0.61,0.72,0.51,0.58
1294,0.75,0.74,0.8,0.91,0.6,0.72,0.51,0.57
1295,0.74,0.74,0.8,0.91,0.61,0.71,0.5,0.56
1296,0.77,0.75,0.8,0.91,0.6,0.71,0.5,0.56
1297,0.8,0.77,0.81,0.91,0.6,0.71,0.49,0.56
1298,0.76,0.77,0.8,0.91,0.6,0.71,0.49,0.54
1299,0.77,0.77,0.81,0.91,0.58,0.71,0.49,0.52
1300,0.77,0.77,0.81,0.91,0.58,0.72,0.47,0.52
1301,0.78,0.78,0.82,0.91,0.58,0.72,0.47,0.54
1302,0.79,0.8,0.81,0.91,0.56,0.7,0.46,0.52
1303,0.78,0.81,0.82,0.91,0.56,0.7,0.46,0.51
1304,0.8,0.82,0.82,0.91,0.56,0.69,0.47,0.49
1305,0.81,0.82,0.83,0.91,0.56,0.71,0.46,0.49
1306,0.8,0.82,0.83,0.91,0.56,0.7,0.46,0.51
1307,0.82,0.84,0.83,0.91,0.55,0.7,0.45,0.49
1308,0.82,0.84,0.84,0.91,0.55,0.68,0.44,0.47
1309,0.81,0.86,0.85,0.91,0.55,0.68,0.43,0.49
1310,0.82,0.86,0.85,0.92,0.54,0.69,0.43,0.47
1311,0.82,0.86,0.85,0.92,0.55,0.68,0.43,0.49
1312,0.82,0.87,0.86,0.91,0.53,0.69,0.43,0.47
1313,0.86,0.89,0.86,0.92,0.54,0.67,0.43,0.47
1314,0.82,0.88,0.86,0.92,0.54,0.69,0.42,0.47
1315,0.82,0.88,0.86,0.92,0.54,0.68,0.42,0.47
1316,0.84,0.88,0.87,0.92,0.54,0.67,0.43,0.45
1317,0.81,0.89,0.87,0.92,0.52,0.67,0.42,0.45
1318,0.84,0.89,0.87,0.92,0.52,0.66,0.41,0.45
1319,0.84,0.88,0.88,0.92,0.52,0.67,0.42,0.45
1320,0.84,0.89,0.88,0.92,0.52,0.66,0.41,0.47
1321,0.87,0.88,0.88,0.92,0.52,0.67,0.42,0.45
1322,0.83,0.89,0.89,0.92,0.52,0.67,0.43,0.45
1323,0.83,0.91,0.89,0.92,0.52,0.67,0.43,0.45
1324,0.85,0.91,0.9,0.92,0.53,0.67,0.43,0.45
1325,0.85,0.92,0.9,0.93,0.53,0.66,0.43,0.46
1326,0.86,0.9,0.9,0.93,0.51,0.65,0.42,0.45
1327,0.86,0.92,0.91,0.93,0.51,0.66,0.44,0.45
1328,0.89,0.9,0.91,0.93,0.53,0.67,0.44,0.45
1329,0.87,0.92,0.91,0.93,0.51,0.66,0.44,0.45
1330,0.88,0.92,0.92,0.93,0.52,0.68,0.44,0.45
1331,0.89,0.92,0.93,0.93,0.52,0.67,0.45,0.47
1332,0.87,0.92,0.92,0.93,0.52,0.67,0.43,0.46
1333,0.87,0.92,0.93,0.93,0.52,0.69,0.43,0.44
1334,0.91,0.92,0.93,0.93,0.52,0.69,0.44,0.46
1335,0.92,0.93,0.94,0.93,0.52,0.7,0.44,0.46
1336,0.9,0.93,0.93,0.94,0.54,0.71,0.44,0.46
1337,0.9,0.95,0.94,0.94,0.54,0.72,0.46,0.47
1338,0.91,0.93,0.94,0.94,0.54,0.72,0.44,0.46
1339,0.93,0.95,0.94,0.94,0.54,0.73,0.44,0.46
1340,0.93,0.95,0.94,0.94,0.55,0.73,0.44,0.46
1341,0.91,0.95,0.95,0.94,0.55,0.74,0.45,0.46
1342,0.95,0.96,0.96,0.94,0.55,0.74,0.44,0.47
1343,0.92,0.96,0.96,0.94,0.55,0.76,0.44,0.46
1344,0.92,0.98,0.96,0.94,0.54,0.76,0.44,0.46
1345,0.93,0.97,0.96,0.95,0.54,0.76,0.44,0.46
1346,0.94,0.98,0.96,0.95,0.55,0.77,0.44,0.46
1347,0.93,0.98,0.96,0.95,0.54,0.77,0.44,0.46
1348,0.92,0.98,0.97,0.95,0.55,0.78,0.44,0.46
1349,0.92,1.0,0.97,0.96,0.55,0.78,0.44,0.46
1350,0.95,0.98,0.97,0.96,0.55,0.79,0.43,0.46
1351,0.93,0.98,0.97,0.96,0.55,0.79,0.42,0.46
1352,0.95,0.98,0.97,0.96,0.56,0.8,0.44,0.46
1353,0.93,0.98,0.98,0.96,0.55,0.8,0.41,0.46
1354,0.97,0.98,0.98,0.96,0.55,0.81,0.41,0.46
1355,0.93,0.98,0.99,0.97,0.55,0.82,0.41,0.44
1356,0.93,0.98,0.98,0.97,0.56,0.82,0.41,0.44
1357,0.93,0.98,0.98,0.97,0.56,0.83,0.41,0.44
1358,0.93,0.97,0.98,0.97,0.56,0.84,0.41,0.44
1359,0.92,0.97,0.99,0.98,0.56,0.83,0.41,0.43
1360,0.92,0.97,0.98,0.98,0.56,0.83,0.4,0.43
1361,0.93,0.97,0.99,0.98,0.56,0.83,0.4,0.43
1362,0.95,0.97,0.99,0.98,0.56,0.83,0.39,0.43
1363,0.95,0.97,0.99,0.98,0.57,0.84,0.4,0.41
1364,0.93,0.97,0.99,0.98,0.55,0.84,0.4,0.43
1365,0.93,0.96,0.99,0.98,0.56,0.84,0.4,0.42
1366,0.94,0.96,0.99,0.98,0.55,0.84,0.41,0.42
1367,0.93,0.96,0.99,0.98,0.56,0.84,0.41,0.42
1368,0.94,0.98,0.98,0.99,0.6,0.87,0.48,0.48
1369,0.99,0.96,0.98,0.99,0.6,0.88,0.48,0.5
1370,0.93,0.98,0.98,0.99,0.63,0.88,0.49,0.5
1371,0.97,0.98,0.98,0.99,0.64,0.9,0.52,0.54
1372,0.98,0.98,0.97,0.99,0.67,0.91,0.54,0.54
1373,0.95,0.99,0.98,0.99,0.7,0.92,0.55,0.56
1374,0.95,0.99,0.98,0.99,0.71,0.92,0.58,0.58
1375,0.95,0.99,0.98,0.99,0.74,0.94,0.61,0.6
1376,0.96,0.97,0.98,0.99,0.74,0.95,0.62,0.6
1377,0.95,0.97,0.98,0.99,0.76,0.95,0.64,0.62
1378,0.95,0.98,0.98,1.0,0.78,0.96,0.67,0.65
1379,0.95,0.98,0.97,1.0,0.78,0.96,0.68,0.66
1380,0.96,0.98,0.97,1.0,0.79,0.97,0.68,0.65
1381,0.94,0.98,0.97,1.0,0.8,0.97,0.69,0.67
1382,0.96,0.97,0.96,1.0,0.82,0.97,0.69,0.68
1383,0.94,0.96,0.96,1.0,0.82,0.98,0.7,0.69
1384,0.94,0.96,0.96,1.0,0.83,0.99,0.72,0.72
1385,0.96,0.95,0.96,1.0,0.86,0.99,0.73,0.72
1386,0.91,0.93,0.95,1.0,0.88,1.0,0.73,0.72
1387,0.93,0.92,0.94,1.0,0.87,0.99,0.71,0.71
1388,0.9,0.91,0.94,1.0,0.87,0.99,0.71,0.71
1389,0.89,0.9,0.93,1.0,0.87,0.99,0.71,0.72
1390,0.93,0.9,0.93,0.99,0.88,0.98,0.71,0.71
1391,0.89,0.9,0.92,1.0,0.87,0.97,0.73,0.71
1392,0.87,0.89,0.92,1.0,0.87,0.98,0.73,0.73
1393,0.87,0.9,0.92,0.99,0.87,0.97,0.72,0.71
1394,0.86,0.88,0.91,0.99,0.87,0.97,0.72,0.73
1395,0.86,0.88,0.91,0.99,0.87,0.97,0.72,0.73
1396,0.87,0.86,0.9,0.99,0.86,0.97,0.74,0.73
1397,0.87,0.84,0.9,0.99,0.87,0.97,0.74,0.73
1398,0.87,0.86,0.9,0.99,0.86,0.97,0.74,0.73
1399,0.85,0.84,0.89,0.99,0.85,0.96,0.72,0.73
1400,0.84,0.83,0.89,0.99,0.86,0.97,0.74,0.7
1401,0.82,0.83,0.88,0.99,0.85,0.95,0.74,0.73
1402,0.84,0.82,0.88,0.99,0.85,0.95,0.73,0.7
1403,0.83,0.81,0.88,0.98,0.85,0.95,0.72,0.7
1404,0.83,0.81,0.86,0.98,0.85,0.95,0.72,0.7
1405,0.8,0.79,0.85,0.98,0.83,0.94,0.71,0.7
1406,0.82,0.79,0.85,0.98,0.83,0.94,0.71,0.7
1407,0.79,0.76,0.83,0.98,0.83,0.94,0.69,0.7
1408,0.76,0.76,0.83,0.98,0.82,0.92,0.69,0.68
1409,0.8,0.76,0.83,0.98,0.8,0.92,0.68,0.68
1410,0.75,0.75,0.82,0.98,0.81,0.91,0.67,0.66
1411,0.76,0.74,0.8,0.97,0.79,0.91,0.67,0.66
1412,0.74,0.73,0.8,0.97,0.79,0.9,0.65,0.66
1413,0.76,0.73,0.79,0.97,0.77,0.9,0.65,0.64
1414,0.74,0.72,0.78,0.96,0.77,0.89,0.62,0.63
1415,0.72,0.72,0.77,0.96,0.75,0.88,0.61,0.63
1416,0.72,0.71,0.77,0.96,0.75,0.87,0.61,0.61
1417,0.72,0.7,0.76,0.96,0.74,0.87,0.6,0.61
1418,0.75,0.7,0.76,0.96,0.72,0.87,0.6,0.61
1419,0.71,0.68,0.76,0.95,0.72,0.87,0.6,0.59
1420,0.7,0.68,0.75,0.95,0.71,0.84,0.58,0.59
1421,0.73,0.68,0.75,0.95,0.71,0.84,0.57,0.59
1422,0.72,0.67,0.74,0.95,0.69,0.83,0.57,0.56
1423,0.7,0.68,0.74,0.95,0.69,0.83,0.57,0.56
1424,0.69,0.66,0.73,0.94,0.68,0.82,0.56,0.56
1425,0.68,0.68,0.73,0.94,0.68,0.81,0.56,0.56
1426,0.68,0.68,0.73,0.94,0.66,0.81,0.54,0.56
1427,0.68,0.66,0.71,0.94,0.66,0.79,0.53,0.54
1428,0.68,0.66,0.71,0.93,0.66,0.79,0.53,0.52
1429,0.68,0.68,0.71,0.93,0.65,0.79,0.53,0.54
1430,0.66,0.65,0.7,0.93,0.63,0.77,0.52,0.52
1431,0.68,0.66,0.7,0.93,0.63,0.77,0.5,0.5
1432,0.66,0.64,0.68,0.93,0.62,0.76,0.49,0.5
1433,0.66,0.66,0.69,0.92,0.61,0.76,0.49,0.5
1434,0.66,0.64,0.68,0.92,0.6,0.74,0.48,0.5
1435,0.67,0.66,0.68,0.91,0.6,0.74,0.48,0.48
1436,0.66,0.66,0.67,0.92,0.59,0.73,0.46,0.46
1437,0.66,0.64,0.67,0.91,0.59,0.72,0.47,0.48
1438,0.69,0.66,0.67,0.91,0.59,0.72,0.46,0.46
1439,0.64,0.64,0.66,0.91,0.57,0.71,0.44,0.44
1440,0.64,0.64,0.66,0.9,0.57,0.7,0.44,0.44
1441,0.62,0.64,0.65,0.9,0.55,0.7,0.42,0.44
1442,0.62,0.62,0.65,0.9,0.55,0.69,0.41,0.42
1443,0.61,0.62,0.64,0.9,0.54,0.68,0.42,0.41
1444,0.6,0.62,0.63,0.89,0.54,0.67,0.41,0.41
1445,0.61,0.61,0.63,0.89,0.54,0.67,0.4,0.39
1446,0.6,0.61,0.63,0.89,0.52,0.66,0.4,0.39
1447,0.63,0.61,0.63,0.89,0.52,0.65,0.4,0.39
1448,0.59,0.61,0.62,0.88,0.52,0.65,0.39,0.39
1449,0.56,0.59,0.61,0.88,0.5,0.64,0.38,0.39
1450,0.57,0.59,0.61,0.88,0.5,0.63,0.38,0.37
1451,0.57,0.57,0.6,0.88,0.49,0.63,0.37,0.37
1452,0.59,0.57,0.59,0.88,0.49,0.63,0.38,0.37
1453,0.56,0.55,0.59,0.87,0.49,0.62,0.37,0.35
1454,0.55,0.55,0.58,0.87,0.48,0.6,0.37,0.35
1455,0.56,0.54,0.56,0.86,0.46,0.59,0.35,0.33
1456,0.54,0.52,0.55,0.86,0.46,0.59,0.35,0.33
1457,0.56,0.54,0.55,0.85,0.46,0.58,0.35,0.33
1458,0.53,0.54,0.54,0.85,0.44,0.57,0.34,0.33
1459,0.52,0.52,0.53,0.84,0.44,0.57,0.34,0.32
1460,0.51,0.52,0.54,0.84,0.44,0.56,0.34,0.3
1461,0.53,0.5,0.52,0.84,0.42,0.55,0.33,0.3
1462,0.51,0.5,0.52,0.84,0.42,0.54,0.32,0.32
1463,0.5,0.5,0.51,0.83,0.42,0.54,0.32,0.3
1464,0.49,0.5,0.5,0.83,0.41,0.53,0.31,0.3
1465,0.49,0.5,0.5,0.83,0.4,0.52,0.31,0.3
1466,0.48,0.5,0.49,0.82,0.4,0.52,0.31,0.27
1467,0.47,0.48,0.48,0.82,0.4,0.51,0.31,0.27
1468,0.48,0.48,0.47,0.81,0.39,0.5,0.31,0.27
1469,0.48,0.48,0.47,0.81,0.38,0.5,0.29,0.27
1470,0.46,0.46,0.47,0.8,0.37,0.5,0.29,0.25
1471,0.48,0.48,0.47,0.8,0.37,0.5,0.29,0.27
1472,0.46,0.46,0.46,0.8,0.36,0.47,0.28,0.25
1473,0.47,0.48,0.45,0.79,0.36,0.47,0.27,0.25
1474,0.46,0.46,0.45,0.79,0.36,0.47,0.26,0.25
1475,0.45,0.46,0.44,0.79,0.34,0.47,0.26,0.25
1476,0.44,0.46,0.44,0.78,0.34,0.46,0.26,0.22
1477,0.43,0.45,0.42,0.78,0.32,0.45,0.25,0.2
1478,0.43,0.43,0.41,0.77,0.31,0.43,0.24,0.21
1479,0.43,0.44,0.4,0.76,0.31,0.42,0.24,0.2
1480,0.44,0.43,0.4,0.76,0.31,0.42,0.24,0.2
1481,0.43,0.43,0.4,0.76,0.29,0.41,0.22,0.18
1482,0.42,0.43,0.4,0.75,0.29,0.41,0.24,0.18
1483,0.41,0.43,0.39,0.75,0.31,0.41,0.22,0.18
1484,0.4,0.43,0.38,0.75,0.29,0.4,0.22,0.18
1485,0.4,0.43,0.38,0.75,0.29,0.41,0.22,0.18
1486,0.4,0.41,0.38,0.75,0.28,0.4,0.21,0.18
1487,0.44,0.41,0.37,0.74,0.28,0.38,0.22,0.18
1488,0.42,0.41,0.37,0.74,0.29,0.4,0.21,0.18
1489,0.43,0.41,0.37,0.74,0.28,0.37,0.21,0.18
1490,0.4,0.41,0.36,0.73,0.29,0.38,0.21,0.16
1491,0.38,0.41,0.36,0.73,0.27,0.38,0.21,0.16
1492,0.38,0.41,0.35,0.73,0.26,0.37,0.19,0.16
1493,0.36,0.39,0.34,0.71,0.24,0.36,0.18,0.14
1494,0.38,0.39,0.34,0.71,0.25,0.36,0.18,0.13
1495,0.35,0.38,0.32,0.7,0.23,0.33,0.17,0.11
1496,0.36,0.36,0.31,0.7,0.23,0.33,0.18,0.11
1497,0.34,0.38,0.32,0.7,0.23,0.33,0.17,0.11
1498,0.34,0.36,0.31,0.69,0.23,0.32,0.17,0.11
1499,0.34,0.36,0.3,0.69,0.21,0.31,0.16,0.09
