0,0.0,0.01,0.0,0.04,0.01,0.03,0.1,0.03
1,0.01,0.01,0.0,0.04,0.0,0.02,0.05,0.0
2,0.01,0.01,0.0,0.04,0.01,0.02,0.05,0.0
3,0.01,0.01,0.0,0.0,0.02,0.02,0.15,0.07
4,0.0,0.01,0.0,0.08,0.0,0.03,0.1,0.0
5,0.0,0.01,0.0,0.0,0.0,0.0,0.05,0.03
6,0.01,0.01,0.0,0.0,0.02,0.02,0.0,0.03
7,0.0,0.01,0.0,0.04,0.01,0.03,0.05,0.03
8,0.0,0.01,0.0,0.0,0.0,0.02,0.05,0.03
9,0.02,0.01,0.01,0.0,0.0,0.03,0.1,0.07
10,0.01,0.01,0.0,0.0,0.0,0.02,0.1,0.0
11,0.0,0.01,0.0,0.0,0.0,0.03,0.05,0.03
12,0.01,0.01,0.0,0.0,0.0,0.03,0.1,0.03
13,0.01,0.01,0.0,0.0,0.0,0.03,0.1,0.03
14,0.02,0.01,0.0,0.0,0.01,0.05,0.15,0.07
15,0.01,0.01,0.01,0.0,0.02,0.03,0.15,0.03
16,0.02,0.02,0.0,0.0,0.0,0.03,0.1,0.03
17,0.01,0.01,0.0,0.0,0.01,0.03,0.1,0.03
18,0.01,0.01,0.0,0.0,0.0,0.03,0.15,0.03
19,0.0,0.01,0.0,0.08,0.02,0.03,0.15,0.1
20,0.01,0.02,0.01,0.04,0.02,0.03,0.15,0.07
21,0.0,0.02,0.0,0.0,0.02,0.03,0.15,0.07
22,0.0,0.01,0.01,0.0,0.01,0.02,0.1,0.07
23,0.02,0.01,0.0,0.0,0.0,0.03,0.15,0.03
24,0.02,0.01,0.01,0.0,0.01,0.05,0.15,0.1
25,0.0,0.01,0.0,0.04,0.02,0.03,0.15,0.07
26,0.01,0.01,0.01,0.04,0.01,0.05,0.2,0.1
27,0.01,0.01,0.0,0.04,0.02,0.03,0.25,0.1
28,0.01,0.01,0.0,0.04,0.02,0.03,0.15,0.1
29,0.03,0.01,0.01,0.04,0.02,0.03,0.2,0.1
30,0.02,0.01,0.01,0.04,0.02,0.03,0.25,0.14
31,0.01,0.0,0.01,0.04,0.01,0.03,0.2,0.14
32,0.01,0.01,0.01,0.04,0.02,0.06,0.2,0.14
33,0.02,0.01,0.0,0.04,0.02,0.05,0.25,0.17
34,0.01,0.01,0.01,0.08,0.02,0.05,0.2,0.17
35,0.01,0.01,0.0,0.04,0.02,0.05,0.25,0.14
36,0.01,0.01,0.01,0.12,0.03,0.06,0.3,0.17
37,0.01,0.01,0.01,0.04,0.02,0.05,0.25,0.17
38,0.01,0.01,0.01,0.04,0.02,0.05,0.25,0.14
39,0.02,0.01,0.01,0.08,0.02,0.05,0.25,0.17
40,0.01,0.01,0.0,0.08,0.02,0.06,0.25,0.14
41,0.01,0.01,0.01,0.08,0.03,0.08,0.3,0.24
42,0.01,0.01,0.01,0.12,0.03,0.06,0.3,0.21
43,0.01,0.01,0.01,0.12,0.03,0.06,0.3,0.24
44,0.01,0.01,0.01,0.16,0.04,0.09,0.35,0.24
45,0.01,0.01,0.01,0.12,0.04,0.06,0.25,0.21
46,0.01,0.01,0.01,0.12,0.03,0.06,0.3,0.21
47,0.01,0.01,0.0,0.16,0.03,0.06,0.25,0.21
48,0.01,0.01,0.01,0.12,0.04,0.06,0.35,0.24
49,0.01,0.01,0.01,0.12,0.03,0.06,0.35,0.21
50,0.01,0.01,0.01,0.12,0.03,0.06,0.3,0.24
51,0.01,0.01,0.0,0.12,0.03,0.06,0.3,0.24
52,0.01,0.01,0.01,0.2,0.04,0.09,0.35,0.28
53,0.01,0.01,0.01,0.16,0.03,0.06,0.3,0.28
54,0.01,0.01,0.01,0.2,0.05,0.09,0.35,0.28
55,0.02,0.01,0.01,0.16,0.04,0.08,0.3,0.28
56,0.01,0.01,0.01,0.16,0.04,0.08,0.3,0.24
57,0.02,0.01,0.01,0.2,0.05,0.09,0.4,0.31
58,0.02,0.01,0.01,0.16,0.05,0.08,0.35,0.31
59,0.01,0.01,0.01,0.2,0.05,0.08,0.35,0.28
60,0.02,0.01,0.01,0.24,0.05,0.11,0.45,0.34
61,0.03,0.01,0.01,0.24,0.04,0.09,0.45,0.31
62,0.02,0.02,0.01,0.2,0.05,0.08,0.4,0.31
63,0.01,0.01,0.01,0.24,0.05,0.11,0.35,0.34
64,0.02,0.01,0.01,0.24,0.05,0.11,0.45,0.34
65,0.02,0.01,0.01,0.24,0.05,0.11,0.4,0.38
66,0.01,0.01,0.01,0.24,0.05,0.11,0.4,0.38
67,0.01,0.01,0.01,0.28,0.07,0.11,0.45,0.41
68,0.01,0.01,0.01,0.28,0.07,0.11,0.4,0.41
69,0.01,0.01,0.01,0.28,0.05,0.11,0.45,0.34
70,0.01,0.01,0.01,0.28,0.05,0.11,0.45,0.41
71,0.02,0.01,0.01,0.32,0.05,0.11,0.45,0.38
72,0.01,0.01,0.01,0.36,0.05,0.14,0.45,0.41
73,0.03,0.01,0.01,0.32,0.06,0.11,0.45,0.41
74,0.02,0.02,0.01,0.36,0.07,0.14,0.5,0.45
75,0.02,0.01,0.01,0.36,0.07,0.12,0.4,0.38
76,0.03,0.01,0.01,0.36,0.07,0.14,0.5,0.48
77,0.02,0.01,0.01,0.32,0.07,0.12,0.45,0.45
78,0.02,0.01,0.01,0.4,0.08,0.14,0.5,0.48
79,0.02,0.01,0.01,0.36,0.08,0.11,0.4,0.45
80,0.02,0.01,0.02,0.4,0.08,0.16,0.5,0.45
81,0.02,0.01,0.01,0.4,0.07,0.14,0.55,0.45
82,0.02,0.02,0.01,0.4,0.07,0.12,0.45,0.45
83,0.02,0.01,0.01,0.4,0.07,0.12,0.45,0.45
84,0.02,0.01,0.01,0.44,0.07,0.12,0.45,0.45
85,0.02,0.02,0.01,0.44,0.07,0.14,0.45,0.41
86,0.02,0.01,0.01,0.4,0.08,0.16,0.5,0.48
87,0.02,0.02,0.01,0.44,0.07,0.14,0.45,0.48
88,0.02,0.01,0.02,0.4,0.07,0.16,0.5,0.52
89,0.02,0.01,0.01,0.44,0.08,0.16,0.5,0.52
90,0.03,0.01,0.01,0.44,0.08,0.14,0.5,0.45
91,0.03,0.02,0.01,0.44,0.07,0.14,0.5,0.45
92,0.02,0.02,0.01,0.48,0.07,0.16,0.5,0.45
93,0.02,0.01,0.01,0.48,0.08,0.16,0.55,0.48
94,0.02,0.01,0.01,0.44,0.08,0.12,0.5,0.45
95,0.02,0.02,0.02,0.48,0.08,0.14,0.55,0.52
96,0.02,0.02,0.01,0.48,0.08,0.16,0.5,0.52
97,0.02,0.02,0.01,0.52,0.09,0.16,0.55,0.52
98,0.02,0.01,0.01,0.48,0.08,0.16,0.5,0.48
99,0.02,0.01,0.01,0.52,0.08,0.16,0.5,0.45
100,0.02,0.01,0.01,0.52,0.08,0.16,0.55,0.55
101,0.03,0.02,0.01,0.52,0.08,0.17,0.55,0.52
102,0.02,0.02,0.02,0.52,0.08,0.16,0.55,0.48
103,0.03,0.01,0.01,0.48,0.08,0.16,0.55,0.48
104,0.02,0.01,0.01,0.52,0.08,0.17,0.5,0.52
105,0.02,0.01,0.01,0.56,0.08,0.14,0.55,0.48
106,0.02,0.02,0.01,0.56,0.09,0.17,0.5,0.52
107,0.03,0.01,0.01,0.56,0.08,0.16,0.55,0.48
108,0.02,0.01,0.01,0.52,0.09,0.17,0.5,0.52
109,0.02,0.01,0.02,0.56,0.09,0.16,0.55,0.52
110,0.02,0.02,0.01,0.56,0.1,0.17,0.55,0.55
111,0.02,0.02,0.02,0.56,0.09,0.16,0.55,0.55
112,0.02,0.02,0.02,0.56,0.09,0.17,0.5,0.52
113,0.03,0.01,0.01,0.56,0.09,0.16,0.5,0.55
114,0.02,0.02,0.01,0.56,0.1,0.19,0.55,0.55
115,0.02,0.02,0.01,0.6,0.09,0.17,0.55,0.55
116,0.03,0.02,0.01,0.56,0.09,0.17,0.6,0.55
117,0.03,0.01,0.01,0.6,0.1,0.19,0.6,0.55
118,0.02,0.02,0.02,0.6,0.1,0.17,0.6,0.55
119,0.03,0.02,0.01,0.56,0.1,0.17,0.55,0.55
120,0.02,0.01,0.01,0.6,0.1,0.17,0.55,0.55
121,0.04,0.02,0.01,0.64,0.09,0.17,0.6,0.55
122,0.02,0.01,0.01,0.56,0.1,0.19,0.55,0.55
123,0.02,0.01,0.02,0.6,0.1,0.19,0.6,0.52
124,0.04,0.02,0.02,0.6,0.1,0.17,0.55,0.59
125,0.04,0.02,0.02,0.6,0.1,0.17,0.55,0.59
126,0.02,0.01,0.02,0.64,0.1,0.17,0.6,0.59
127,0.03,0.02,0.02,0.64,0.1,0.19,0.6,0.55
128,0.03,0.01,0.02,0.64,0.1,0.19,0.55,0.59
129,0.03,0.02,0.01,0.64,0.09,0.17,0.55,0.52
130,0.02,0.02,0.01,0.6,0.09,0.17,0.5,0.55
131,0.02,0.01,0.02,0.64,0.11,0.2,0.6,0.55
132,0.03,0.02,0.02,0.64,0.1,0.19,0.55,0.59
133,0.03,0.01,0.01,0.64,0.1,0.19,0.55,0.59
134,0.02,0.01,0.01,0.64,0.1,0.19,0.55,0.59
135,0.03,0.02,0.02,0.64,0.1,0.19,0.55,0.55
136,0.02,0.01,0.02,0.64,0.1,0.19,0.6,0.55
137,0.02,0.01,0.01,0.6,0.1,0.19,0.55,0.52
138,0.03,0.01,0.02,0.68,0.1,0.17,0.55,0.55
139,0.02,0.02,0.02,0.68,0.1,0.19,0.6,0.59
140,0.02,0.02,0.01,0.64,0.1,0.19,0.55,0.52
141,0.02,0.01,0.02,0.64,0.1,0.17,0.55,0.55
142,0.03,0.02,0.01,0.64,0.1,0.19,0.55,0.59
143,0.02,0.02,0.01,0.68,0.1,0.19,0.6,0.59
144,0.03,0.02,0.02,0.64,0.1,0.17,0.55,0.55
145,0.02,0.02,0.02,0.64,0.1,0.19,0.55,0.55
146,0.03,0.01,0.01,0.68,0.1,0.2,0.6,0.55
147,0.03,0.02,0.01,0.68,0.1,0.19,0.55,0.55
148,0.03,0.01,0.01,0.68,0.1,0.19,0.55,0.55
149,0.02,0.02,0.01,0.68,0.1,0.19,0.55,0.59
150,0.02,0.02,0.02,0.68,0.1,0.19,0.5,0.55
151,0.03,0.01,0.01,0.76,0.11,0.19,0.55,0.59
152,0.02,0.02,0.02,0.68,0.1,0.19,0.55,0.59
153,0.03,0.01,0.02,0.72,0.09,0.2,0.6,0.55
154,0.03,0.01,0.02,0.72,0.11,0.19,0.55,0.55
155,0.03,0.02,0.02,0.72,0.11,0.19,0.55,0.55
156,0.04,0.01,0.01,0.72,0.1,0.19,0.55,0.55
157,0.04,0.02,0.01,0.72,0.11,0.19,0.55,0.55
158,0.03,0.01,0.01,0.72,0.1,0.2,0.55,0.59
159,0.02,0.02,0.02,0.72,0.11,0.19,0.55,0.52
160,0.04,0.02,0.02,0.72,0.11,0.2,0.55,0.55
161,0.03,0.02,0.02,0.76,0.1,0.2,0.6,0.59
162,0.03,0.02,0.02,0.72,0.11,0.19,0.55,0.55
163,0.02,0.02,0.01,0.76,0.11,0.2,0.6,0.59
164,0.03,0.02,0.01,0.72,0.1,0.2,0.55,0.59
165,0.04,0.02,0.02,0.72,0.1,0.2,0.6,0.59
166,0.03,0.02,0.02,0.76,0.11,0.2,0.55,0.59
167,0.02,0.02,0.02,0.76,0.11,0.19,0.55,0.59
168,0.02,0.02,0.02,0.72,0.11,0.2,0.6,0.59
169,0.03,0.02,0.02,0.76,0.1,0.2,0.55,0.55
170,0.03,0.02,0.01,0.76,0.11,0.2,0.6,0.59
171,0.04,0.02,0.02,0.76,0.1,0.2,0.6,0.59
172,0.03,0.02,0.02,0.76,0.11,0.2,0.55,0.59
173,0.03,0.02,0.02,0.8,0.11,0.22,0.6,0.62
174,0.03,0.02,0.02,0.8,0.11,0.22,0.6,0.62
175,0.03,0.02,0.02,0.8,0.12,0.22,0.65,0.59
176,0.03,0.02,0.02,0.8,0.11,0.2,0.6,0.62
177,0.04,0.02,0.02,0.84,0.12,0.23,0.65,0.62
178,0.03,0.02,0.02,0.84,0.14,0.22,0.65,0.66
179,0.03,0.02,0.02,0.8,0.12,0.2,0.6,0.62
180,0.03,0.02,0.02,0.8,0.12,0.2,0.6,0.62
181,0.03,0.02,0.02,0.8,0.12,0.23,0.6,0.62
182,0.03,0.02,0.02,0.8,0.12,0.2,0.6,0.59
183,0.02,0.02,0.02,0.88,0.12,0.2,0.55,0.59
184,0.03,0.02,0.02,0.88,0.11,0.2,0.55,0.62
185,0.03,0.02,0.02,0.84,0.12,0.23,0.6,0.62
186,0.03,0.02,0.02,0.8,0.11,0.22,0.6,0.59
187,0.03,0.02,0.02,0.84,0.11,0.23,0.6,0.59
188,0.03,0.02,0.02,0.84,0.12,0.22,0.6,0.59
189,0.03,0.02,0.02,0.84,0.11,0.22,0.6,0.62
190,0.03,0.02,0.02,0.88,0.11,0.22,0.65,0.59
191,0.03,0.02,0.02,0.88,0.11,0.22,0.55,0.62
192,0.03,0.02,0.02,0.88,0.11,0.22,0.6,0.59
193,0.03,0.02,0.02,0.84,0.11,0.22,0.55,0.59
194,0.03,0.02,0.02,0.84,0.12,0.22,0.55,0.59
195,0.03,0.02,0.02,0.84,0.11,0.2,0.55,0.59
196,0.02,0.02,0.02,0.88,0.12,0.2,0.6,0.62
197,0.04,0.02,0.02,0.84,0.12,0.2,0.6,0.62
198,0.03,0.02,0.02,0.84,0.12,0.2,0.55,0.62
199,0.03,0.02,0.02,0.88,0.11,0.22,0.6,0.59
200,0.03,0.02,0.02,0.84,0.11,0.22,0.55,0.59
201,0.03,0.02,0.02,0.88,0.11,0.22,0.6,0.59
202,0.03,0.02,0.02,0.84,0.11,0.22,0.55,0.62
203,0.03,0.02,0.02,0.92,0.12,0.2,0.55,0.59
204,0.03,0.02,0.02,0.84,0.12,0.22,0.6,0.55
205,0.03,0.02,0.02,0.84,0.11,0.2,0.6,0.55
206,0.03,0.02,0.02,0.84,0.1,0.2,0.55,0.59
207,0.03,0.02,0.02,0.84,0.11,0.2,0.55,0.55
208,0.02,0.02,0.02,0.84,0.12,0.2,0.55,0.55
209,0.02,0.02,0.02,0.84,0.11,0.2,0.6,0.62
210,0.02,0.02,0.02,0.84,0.11,0.2,0.6,0.59
211,0.02,0.02,0.02,0.88,0.12,0.22,0.6,0.59
212,0.03,0.02,0.02,0.92,0.12,0.2,0.6,0.59
213,0.02,0.02,0.02,0.92,0.11,0.2,0.6,0.59
214,0.03,0.02,0.02,0.92,0.11,0.22,0.6,0.62
215,0.02,0.02,0.01,0.88,0.14,0.2,0.55,0.59
216,0.04,0.02,0.02,0.96,0.11,0.22,0.6,0.59
217,0.03,0.02,0.02,0.92,0.12,0.23,0.6,0.62
218,0.03,0.02,0.02,0.96,0.12,0.22,0.65,0.62
219,0.03,0.02,0.02,0.92,0.12,0.23,0.6,0.62
220,0.02,0.02,0.02,0.92,0.12,0.22,0.6,0.59
221,0.03,0.02,0.02,0.96,0.12,0.23,0.6,0.62
222,0.03,0.02,0.02,0.92,0.12,0.23,0.65,0.62
223,0.03,0.02,0.02,0.96,0.12,0.22,0.6,0.62
224,0.04,0.03,0.02,0.96,0.11,0.23,0.6,0.62
225,0.03,0.02,0.02,0.92,0.11,0.23,0.6,0.62
226,0.03,0.03,0.02,0.92,0.11,0.23,0.6,0.55
227,0.03,0.02,0.02,0.92,0.11,0.23,0.6,0.59
228,0.03,0.02,0.02,0.96,0.12,0.22,0.55,0.62
229,0.04,0.02,0.02,0.92,0.12,0.22,0.6,0.62
230,0.03,0.02,0.02,0.92,0.11,0.22,0.55,0.62
231,0.03,0.03,0.02,0.96,0.11,0.2,0.65,0.62
232,0.03,0.02,0.02,1.0,0.12,0.22,0.6,0.59
233,0.03,0.02,0.02,0.92,0.11,0.22,0.55,0.59
234,0.02,0.02,0.02,0.96,0.11,0.2,0.55,0.55
235,0.03,0.02,0.02,0.96,0.12,0.23,0.6,0.59
236,0.03,0.02,0.02,0.96,0.11,0.22,0.55,0.59
237,0.03,0.02,0.01,0.96,0.12,0.2,0.55,0.62
238,0.02,0.02,0.02,0.96,0.11,0.2,0.55,0.59
239,0.03,0.02,0.01,0.92,0.11,0.2,0.55,0.59
240,0.04,0.02,0.01,0.92,0.11,0.22,0.55,0.59
241,0.02,0.02,0.02,0.92,0.12,0.2,0.6,0.59
242,0.03,0.02,0.02,0.96,0.12,0.2,0.6,0.59
243,0.03,0.01,0.02,0.92,0.1,0.2,0.55,0.59
244,0.03,0.02,0.01,0.92,0.12,0.19,0.55,0.55
245,0.04,0.02,0.01,0.92,0.1,0.2,0.6,0.62
246,0.02,0.02,0.02,0.92,0.1,0.2,0.5,0.55
247,0.03,0.02,0.01,0.96,0.1,0.2,0.6,0.55
248,0.03,0.02,0.01,0.96,0.1,0.2,0.55,0.55
249,0.02,0.02,0.01,0.96,0.11,0.2,0.55,0.59
250,0.02,0.02,0.01,0.96,0.1,0.2,0.55,0.55
251,0.02,0.02,0.01,0.96,0.11,0.19,0.55,0.55
252,0.03,0.02,0.01,0.92,0.1,0.19,0.5,0.55
253,0.03,0.01,0.02,0.96,0.1,0.2,0.55,0.52
254,0.02,0.02,0.01,0.92,0.11,0.2,0.5,0.55
255,0.02,0.02,0.01,0.92,0.1,0.19,0.5,0.55
256,0.03,0.02,0.01,0.92,0.1,0.2,0.55,0.55
257,0.02,0.02,0.01,0.92,0.1,0.2,0.5,0.52
258,0.02,0.02,0.01,0.92,0.11,0.19,0.5,0.55
259,0.04,0.02,0.01,0.92,0.1,0.2,0.6,0.55
260,0.04,0.02,0.01,0.92,0.1,0.2,0.55,0.52
261,0.02,0.02,0.01,0.92,0.1,0.19,0.55,0.55
262,0.03,0.01,0.01,0.96,0.1,0.19,0.5,0.55
263,0.02,0.02,0.01,0.92,0.1,0.19,0.55,0.52
264,0.02,0.01,0.01,0.92,0.1,0.19,0.55,0.52
265,0.02,0.02,0.01,0.92,0.1,0.19,0.5,0.48
266,0.04,0.02,0.01,0.92,0.11,0.2,0.5,0.55
267,0.02,0.02,0.02,0.96,0.1,0.19,0.5,0.52
268,0.02,0.02,0.01,0.92,0.11,0.19,0.55,0.52
269,0.02,0.02,0.01,0.92,0.11,0.19,0.5,0.52
270,0.02,0.01,0.01,0.92,0.11,0.2,0.5,0.55
271,0.02,0.02,0.01,0.96,0.1,0.19,0.5,0.55
272,0.02,0.01,0.01,0.96,0.1,0.2,0.5,0.55
273,0.02,0.02,0.01,1.0,0.1,0.2,0.5,0.52
274,0.02,0.02,0.01,0.96,0.1,0.19,0.5,0.48
275,0.03,0.02,0.01,0.96,0.1,0.19,0.5,0.55
276,0.02,0.02,0.02,1.0,0.1,0.19,0.5,0.52
277,0.02,0.02,0.01,0.96,0.1,0.19,0.45,0.52
278,0.03,0.02,0.01,0.96,0.1,0.2,0.55,0.55
279,0.02,0.02,0.01,0.96,0.1,0.19,0.5,0.55
280,0.02,0.02,0.01,0.96,0.11,0.19,0.5,0.52
281,0.02,0.02,0.01,0.96,0.1,0.19,0.5,0.52
282,0.02,0.02,0.01,0.96,0.11,0.19,0.5,0.52
283,0.02,0.02,0.01,0.96,0.1,0.19,0.5,0.48
284,0.03,0.03,0.02,0.96,0.11,0.19,0.55,0.52
285,0.02,0.02,0.01,0.96,0.11,0.19,0.45,0.52
286,0.03,0.02,0.02,0.96,0.1,0.2,0.5,0.52
287,0.04,0.02,0.01,0.96,0.09,0.19,0.5,0.48
288,0.03,0.02,0.02,1.0,0.11,0.19,0.5,0.52
289,0.02,0.02,0.01,0.96,0.1,0.19,0.55,0.52
290,0.03,0.01,0.01,0.96,0.1,0.19,0.45,0.52
291,0.02,0.03,0.01,0.96,0.1,0.17,0.5,0.48
292,0.02,0.02,0.01,0.96,0.1,0.19,0.45,0.52
293,0.03,0.02,0.01,0.96,0.09,0.19,0.5,0.52
294,0.02,0.02,0.01,0.96,0.09,0.19,0.5,0.48
295,0.02,0.02,0.01,0.96,0.1,0.19,0.45,0.52
296,0.02,0.02,0.02,0.96,0.11,0.19,0.5,0.48
297,0.02,0.02,0.01,0.96,0.1,0.2,0.5,0.52
298,0.02,0.02,0.01,0.96,0.1,0.19,0.45,0.52
299,0.02,0.02,0.01,1.0,0.09,0.19,0.5,0.52
300,0.02,0.02,0.01,0.96,0.09,0.19,0.5,0.48
301,0.02,0.02,0.01,0.96,0.1,0.19,0.5,0.52
302,0.02,0.02,0.01,0.96,0.09,0.19,0.5,0.52
303,0.02,0.02,0.01,0.96,0.11,0.19,0.45,0.52
304,0.02,0.02,0.01,0.96,0.09,0.17,0.5,0.52
305,0.02,0.02,0.02,0.96,0.1,0.19,0.5,0.48
306,0.03,0.02,0.01,0.96,0.09,0.19,0.5,0.52
307,0.02,0.02,0.02,0.96,0.09,0.19,0.5,0.52
308,0.03,0.02,0.01,0.96,0.09,0.19,0.45,0.52
309,0.03,0.02,0.01,0.96,0.1,0.19,0.5,0.48
310,0.02,0.02,0.01,0.96,0.1,0.19,0.5,0.48
311,0.03,0.02,0.01,1.0,0.09,0.19,0.45,0.52
312,0.02,0.02,0.01,1.0,0.1,0.19,0.45,0.52
313,0.02,0.02,0.01,0.96,0.09,0.19,0.45,0.48
314,0.02,0.02,0.01,0.96,0.1,0.17,0.4,0.52
315,0.03,0.02,0.01,1.0,0.09,0.19,0.4,0.52
316,0.03,0.02,0.02,1.0,0.1,0.19,0.45,0.55
317,0.04,0.02,0.01,1.0,0.09,0.17,0.4,0.52
318,0.02,0.02,0.01,1.0,0.09,0.17,0.4,0.48
319,0.03,0.02,0.01,0.96,0.1,0.17,0.45,0.48
320,0.02,0.02,0.01,1.0,0.1,0.2,0.45,0.55
321,0.02,0.02,0.01,1.0,0.09,0.19,0.5,0.52
322,0.02,0.02,0.01,1.0,0.1,0.17,0.4,0.48
323,0.02,0.02,0.01,1.0,0.1,0.19,0.45,0.48
324,0.02,0.03,0.01,1.0,0.09,0.19,0.45,0.48
325,0.02,0.02,0.01,1.0,0.1,0.17,0.5,0.48
326,0.03,0.02,0.01,1.0,0.09,0.17,0.4,0.48
327,0.03,0.02,0.01,0.96,0.09,0.17,0.5,0.48
328,0.03,0.02,0.02,1.0,0.1,0.17,0.45,0.48
329,0.03,0.02,0.01,1.0,0.09,0.17,0.4,0.45
330,0.02,0.02,0.01,0.96,0.09,0.17,0.4,0.48
331,0.02,0.02,0.02,1.0,0.08,0.17,0.45,0.48
332,0.03,0.02,0.01,1.0,0.09,0.17,0.5,0.48
333,0.03,0.02,0.02,1.0,0.1,0.17,0.4,0.45
334,0.03,0.03,0.02,1.0,0.09,0.19,0.45,0.48
335,0.04,0.02,0.02,1.0,0.09,0.2,0.45,0.48
336,0.04,0.02,0.02,0.96,0.08,0.17,0.4,0.48
337,0.02,0.02,0.02,1.0,0.1,0.17,0.45,0.45
338,0.04,0.03,0.02,1.0,0.09,0.17,0.4,0.48
339,0.03,0.03,0.02,1.0,0.09,0.17,0.45,0.48
340,0.03,0.02,0.02,1.0,0.09,0.17,0.45,0.45
341,0.03,0.02,0.02,1.0,0.09,0.17,0.45,0.45
342,0.03,0.03,0.02,0.96,0.09,0.17,0.45,0.45
343,0.04,0.02,0.02,1.0,0.1,0.17,0.45,0.45
344,0.04,0.03,0.02,1.0,0.1,0.17,0.45,0.48
345,0.04,0.03,0.03,0.96,0.09,0.17,0.45,0.45
346,0.04,0.03,0.03,1.0,0.1,0.17,0.45,0.41
347,0.04,0.03,0.03,1.0,0.1,0.17,0.4,0.45
348,0.05,0.03,0.03,1.0,0.09,0.17,0.45,0.48
349,0.04,0.03,0.03,1.0,0.09,0.17,0.45,0.45
350,0.05,0.04,0.03,1.0,0.1,0.17,0.4,0.41
351,0.05,0.04,0.04,1.0,0.09,0.16,0.5,0.48
352,0.05,0.04,0.04,1.0,0.08,0.19,0.4,0.45
353,0.05,0.04,0.04,1.0,0.11,0.17,0.5,0.45
354,0.05,0.04,0.04,1.0,0.1,0.16,0.45,0.48
355,0.06,0.04,0.05,0.96,0.1,0.17,0.4,0.45
356,0.08,0.04,0.04,1.0,0.1,0.17,0.4,0.48
357,0.08,0.05,0.05,1.0,0.1,0.16,0.45,0.48
358,0.07,0.04,0.05,0.96,0.11,0.17,0.45,0.45
359,0.07,0.05,0.05,1.0,0.1,0.17,0.5,0.48
360,0.08,0.05,0.06,1.0,0.09,0.17,0.45,0.48
361,0.08,0.05,0.06,1.0,0.1,0.17,0.45,0.48
362,0.08,0.04,0.06,1.0,0.11,0.16,0.45,0.45
363,0.08,0.05,0.06,1.0,0.1,0.19,0.45,0.45
364,0.08,0.05,0.07,1.0,0.11,0.17,0.5,0.48
365,0.09,0.06,0.07,0.96,0.1,0.19,0.5,0.45
366,0.1,0.06,0.07,1.0,0.1,0.17,0.5,0.48
367,0.1,0.06,0.08,1.0,0.11,0.17,0.4,0.48
368,0.1,0.06,0.08,1.0,0.1,0.19,0.4,0.48
369,0.1,0.06,0.08,0.96,0.11,0.17,0.5,0.48
370,0.1,0.07,0.08,0.96,0.11,0.19,0.5,0.41
371,0.1,0.07,0.08,1.0,0.11,0.17,0.45,0.48
372,0.11,0.07,0.09,1.0,0.12,0.17,0.5,0.45
373,0.12,0.07,0.09,1.0,0.11,0.19,0.45,0.45
374,0.11,0.07,0.1,1.0,0.11,0.17,0.45,0.48
375,0.11,0.07,0.1,1.0,0.12,0.19,0.5,0.48
376,0.12,0.08,0.1,0.96,0.11,0.19,0.45,0.48
377,0.13,0.08,0.1,1.0,0.12,0.19,0.5,0.48
378,0.12,0.09,0.1,1.0,0.11,0.19,0.5,0.48
379,0.13,0.09,0.11,1.0,0.11,0.19,0.45,0.45
380,0.13,0.09,0.11,1.0,0.12,0.19,0.45,0.48
381,0.13,0.09,0.11,0.96,0.12,0.19,0.5,0.48
382,0.14,0.09,0.12,1.0,0.12,0.17,0.45,0.45
383,0.14,0.09,0.12,0.96,0.12,0.19,0.45,0.48
384,0.14,0.1,0.13,0.96,0.12,0.19,0.45,0.48
385,0.16,0.1,0.13,0.96,0.14,0.19,0.5,0.48
386,0.15,0.1,0.13,0.96,0.12,0.17,0.5,0.45
387,0.16,0.1,0.14,1.0,0.12,0.19,0.45,0.52
388,0.15,0.1,0.14,1.0,0.14,0.2,0.45,0.48
389,0.16,0.11,0.14,0.96,0.12,0.2,0.5,0.48
390,0.16,0.11,0.15,0.96,0.15,0.19,0.55,0.48
391,0.17,0.11,0.15,0.96,0.14,0.2,0.45,0.48
392,0.18,0.12,0.15,0.96,0.15,0.19,0.5,0.48
393,0.17,0.12,0.15,1.0,0.15,0.22,0.45,0.52
394,0.18,0.12,0.16,0.96,0.16,0.19,0.5,0.52
395,0.18,0.12,0.16,0.96,0.15,0.22,0.45,0.48
396,0.18,0.12,0.17,0.96,0.15,0.2,0.5,0.48
397,0.18,0.13,0.17,1.0,0.16,0.2,0.5,0.48
398,0.19,0.13,0.17,0.96,0.16,0.22,0.5,0.48
399,0.19,0.14,0.18,1.0,0.16,0.22,0.5,0.52
400,0.19,0.14,0.18,0.92,0.16,0.22,0.5,0.48
401,0.21,0.14,0.19,0.96,0.17,0.2,0.5,0.48
402,0.21,0.15,0.18,0.96,0.17,0.22,0.5,0.52
403,0.21,0.14,0.19,0.96,0.17,0.22,0.55,0.48
404,0.21,0.14,0.19,0.96,0.17,0.2,0.5,0.48
405,0.22,0.14,0.2,0.92,0.17,0.23,0.5,0.52
406,0.22,0.15,0.2,0.96,0.17,0.22,0.5,0.48
407,0.22,0.15,0.21,1.0,0.18,0.23,0.5,0.52
408,0.23,0.15,0.21,0.96,0.18,0.22,0.5,0.52
409,0.25,0.16,0.21,0.96,0.18,0.2,0.5,0.55
410,0.23,0.16,0.22,1.0,0.19,0.23,0.55,0.55
411,0.23,0.16,0.22,0.92,0.19,0.23,0.55,0.52
412,0.24,0.17,0.22,0.92,0.19,0.23,0.55,0.52
413,0.24,0.16,0.23,1.0,0.2,0.23,0.55,0.55
414,0.26,0.18,0.23,0.96,0.2,0.23,0.55,0.52
415,0.25,0.18,0.24,0.92,0.2,0.27,0.5,0.52
416,0.25,0.18,0.24,0.92,0.2,0.23,0.6,0.55
417,0.25,0.18,0.24,0.96,0.2,0.23,0.55,0.55
418,0.26,0.19,0.24,0.96,0.21,0.25,0.6,0.59
419,0.26,0.19,0.26,0.92,0.22,0.23,0.55,0.55
420,0.26,0.19,0.25,0.96,0.22,0.25,0.55,0.55
421,0.28,0.19,0.25,0.96,0.21,0.25,0.55,0.55
422,0.28,0.2,0.26,0.92,0.22,0.25,0.6,0.55
423,0.28,0.2,0.26,0.96,0.22,0.25,0.6,0.55
424,0.28,0.2,0.27,1.0,0.22,0.25,0.6,0.55
425,0.28,0.2,0.27,1.0,0.23,0.27,0.6,0.55
426,0.29,0.21,0.28,0.96,0.23,0.27,0.6,0.62
427,0.29,0.21,0.28,1.0,0.23,0.27,0.6,0.59
428,0.3,0.21,0.28,0.96,0.24,0.28,0.6,0.59
429,0.3,0.21,0.28,0.96,0.23,0.27,0.6,0.59
430,0.3,0.22,0.29,0.92,0.24,0.28,0.65,0.59
431,0.3,0.22,0.29,0.96,0.24,0.28,0.6,0.59
432,0.31,0.22,0.29,0.96,0.25,0.28,0.65,0.59
433,0.31,0.23,0.3,0.92,0.24,0.28,0.6,0.55
434,0.31,0.23,0.3,0.92,0.25,0.28,0.65,0.55
435,0.31,0.23,0.3,0.96,0.26,0.3,0.6,0.55
436,0.31,0.24,0.31,0.92,0.25,0.3,0.6,0.55
437,0.31,0.23,0.31,0.96,0.27,0.3,0.65,0.62
438,0.32,0.24,0.32,0.96,0.27,0.31,0.6,0.62
439,0.33,0.24,0.32,0.96,0.27,0.3,0.65,0.62
440,0.32,0.24,0.32,1.0,0.27,0.31,0.65,0.62
441,0.32,0.24,0.32,0.96,0.26,0.3,0.7,0.62
442,0.33,0.25,0.32,0.96,0.28,0.31,0.65,0.62
443,0.34,0.25,0.33,0.96,0.27,0.3,0.6,0.62
444,0.34,0.25,0.33,0.92,0.28,0.31,0.7,0.62
445,0.34,0.26,0.33,0.92,0.29,0.31,0.6,0.62
446,0.34,0.25,0.34,0.96,0.29,0.31,0.6,0.62
447,0.34,0.26,0.34,0.96,0.29,0.31,0.6,0.62
448,0.35,0.26,0.34,0.96,0.3,0.31,0.7,0.66
449,0.34,0.26,0.34,0.92,0.3,0.31,0.7,0.62
450,0.34,0.26,0.35,0.92,0.29,0.31,0.65,0.66
451,0.35,0.27,0.35,0.96,0.3,0.33,0.7,0.62
452,0.34,0.27,0.35,0.96,0.3,0.33,0.65,0.66
453,0.35,0.27,0.35,0.96,0.32,0.33,0.65,0.69
454,0.36,0.27,0.35,0.96,0.31,0.34,0.65,0.66
455,0.35,0.27,0.36,0.96,0.31,0.34,0.65,0.66
456,0.36,0.28,0.36,0.96,0.31,0.33,0.65,0.62
457,0.35,0.28,0.37,0.92,0.33,0.34,0.65,0.62
458,0.36,0.28,0.37,0.92,0.32,0.34,0.65,0.69
459,0.36,0.28,0.37,0.96,0.33,0.36,0.7,0.69
460,0.36,0.28,0.37,0.92,0.32,0.34,0.65,0.62
461,0.37,0.29,0.38,0.92,0.32,0.34,0.65,0.69
462,0.37,0.29,0.38,0.96,0.32,0.36,0.7,0.69
463,0.37,0.29,0.38,0.96,0.32,0.34,0.65,0.66
464,0.37,0.3,0.38,0.92,0.33,0.36,0.65,0.69
465,0.38,0.29,0.39,0.92,0.34,0.38,0.7,0.69
466,0.37,0.3,0.39,0.92,0.34,0.38,0.7,0.66
467,0.38,0.3,0.39,0.96,0.34,0.36,0.7,0.66
468,0.39,0.3,0.4,0.96,0.35,0.38,0.7,0.66
469,0.38,0.3,0.4,0.92,0.34,0.38,0.7,0.69
470,0.4,0.3,0.4,0.92,0.35,0.38,0.65,0.69
471,0.39,0.31,0.4,0.92,0.36,0.38,0.75,0.66
472,0.39,0.31,0.41,0.92,0.35,0.38,0.75,0.76
473,0.39,0.31,0.41,0.92,0.36,0.36,0.7,0.66
474,0.4,0.32,0.41,0.92,0.36,0.38,0.7,0.66
475,0.4,0.31,0.42,0.92,0.36,0.38,0.65,0.69
476,0.4,0.32,0.42,0.92,0.38,0.39,0.75,0.69
477,0.4,0.33,0.42,0.92,0.38,0.39,0.75,0.69
478,0.42,0.34,0.43,0.92,0.38,0.41,0.7,0.69
479,0.42,0.32,0.43,0.92,0.39,0.41,0.75,0.69
480,0.41,0.34,0.43,0.92,0.39,0.41,0.7,0.69
481,0.43,0.34,0.43,0.92,0.39,0.41,0.75,0.72
482,0.42,0.34,0.44,0.92,0.4,0.41,0.75,0.72
483,0.43,0.34,0.44,0.92,0.39,0.41,0.7,0.76
484,0.42,0.34,0.44,0.96,0.39,0.41,0.7,0.69
485,0.43,0.35,0.45,0.92,0.41,0.41,0.75,0.72
486,0.43,0.35,0.45,0.96,0.41,0.42,0.75,0.69
487,0.44,0.35,0.45,0.92,0.4,0.42,0.75,0.72
488,0.43,0.35,0.45,0.88,0.42,0.42,0.75,0.72
489,0.44,0.36,0.45,0.92,0.42,0.44,0.8,0.76
490,0.45,0.35,0.45,0.96,0.42,0.44,0.75,0.72
491,0.45,0.36,0.46,0.92,0.42,0.44,0.75,0.76
492,0.45,0.36,0.46,0.92,0.42,0.44,0.75,0.72
493,0.46,0.37,0.47,0.92,0.43,0.45,0.75,0.72
494,0.46,0.37,0.47,0.92,0.44,0.45,0.8,0.76
495,0.46,0.37,0.47,0.88,0.43,0.44,0.7,0.76
496,0.46,0.37,0.48,0.92,0.43,0.45,0.8,0.76
497,0.48,0.38,0.48,0.92,0.44,0.45,0.75,0.76
498,0.48,0.38,0.48,0.92,0.44,0.45,0.75,0.76
499,0.49,0.39,0.49,0.92,0.44,0.45,0.75,0.76
500,0.49,0.39,0.49,0.92,0.45,0.47,0.75,0.76
501,0.49,0.4,0.5,0.92,0.45,0.47,0.8,0.76
502,0.49,0.4,0.49,0.92,0.46,0.45,0.75,0.76
503,0.5,0.4,0.5,0.92,0.46,0.47,0.75,0.76
504,0.51,0.41,0.5,0.92,0.47,0.47,0.8,0.76
505,0.51,0.41,0.5,0.92,0.46,0.48,0.75,0.76
506,0.51,0.41,0.51,0.92,0.46,0.47,0.8,0.79
507,0.52,0.41,0.51,0.96,0.46,0.48,0.8,0.79
508,0.51,0.41,0.51,0.92,0.47,0.48,0.75,0.79
509,0.52,0.42,0.52,0.96,0.47,0.48,0.75,0.76
510,0.53,0.42,0.52,0.92,0.48,0.48,0.8,0.79
511,0.52,0.44,0.52,0.88,0.49,0.48,0.85,0.76
512,0.53,0.43,0.53,0.92,0.49,0.52,0.8,0.83
513,0.54,0.44,0.53,0.92,0.48,0.48,0.75,0.79
514,0.55,0.44,0.53,0.92,0.48,0.5,0.8,0.79
515,0.54,0.44,0.54,0.96,0.48,0.5,0.8,0.76
516,0.54,0.44,0.53,0.96,0.49,0.48,0.85,0.79
517,0.55,0.45,0.54,0.96,0.49,0.5,0.8,0.79
518,0.56,0.45,0.55,0.96,0.5,0.52,0.8,0.79
519,0.55,0.45,0.55,0.92,0.5,0.5,0.8,0.83
520,0.56,0.45,0.55,0.96,0.5,0.52,0.85,0.83
521,0.56,0.46,0.56,0.92,0.5,0.52,0.8,0.79
522,0.56,0.46,0.56,0.92,0.5,0.52,0.8,0.76
523,0.56,0.46,0.57,0.92,0.51,0.55,0.85,0.76
524,0.58,0.46,0.57,0.92,0.51,0.53,0.75,0.76
525,0.58,0.47,0.57,0.92,0.51,0.53,0.85,0.83
526,0.57,0.47,0.57,0.96,0.51,0.53,0.85,0.76
527,0.58,0.48,0.58,0.92,0.52,0.55,0.85,0.83
528,0.58,0.48,0.58,0.92,0.52,0.53,0.8,0.83
529,0.58,0.48,0.58,0.92,0.51,0.53,0.8,0.83
530,0.58,0.49,0.58,0.92,0.52,0.53,0.8,0.79
531,0.59,0.48,0.58,0.92,0.52,0.55,0.8,0.83
532,0.59,0.49,0.59,0.92,0.53,0.55,0.85,0.83
533,0.59,0.49,0.58,0.92,0.53,0.55,0.8,0.79
534,0.59,0.49,0.59,0.92,0.54,0.55,0.85,0.83
535,0.59,0.49,0.59,0.92,0.53,0.55,0.8,0.79
536,0.59,0.49,0.59,0.92,0.54,0.56,0.85,0.83
537,0.61,0.5,0.59,0.92,0.54,0.55,0.8,0.83
538,0.61,0.5,0.59,0.88,0.55,0.55,0.85,0.83
539,0.61,0.51,0.6,0.92,0.55,0.55,0.85,0.79
540,0.63,0.51,0.6,0.96,0.55,0.55,0.8,0.79
541,0.62,0.52,0.6,0.96,0.54,0.56,0.85,0.83
542,0.61,0.52,0.61,0.92,0.56,0.55,0.8,0.79
543,0.62,0.52,0.61,0.92,0.56,0.56,0.85,0.83
544,0.64,0.53,0.61,0.88,0.56,0.58,0.85,0.83
545,0.63,0.53,0.61,0.92,0.56,0.56,0.85,0.79
546,0.63,0.53,0.62,0.88,0.56,0.59,0.85,0.83
547,0.64,0.55,0.62,0.88,0.56,0.56,0.8,0.86
548,0.65,0.54,0.62,0.92,0.57,0.58,0.9,0.83
549,0.63,0.54,0.63,0.92,0.56,0.56,0.8,0.83
550,0.64,0.54,0.63,0.92,0.58,0.56,0.85,0.83
551,0.65,0.55,0.63,0.92,0.58,0.59,0.85,0.79
552,0.65,0.56,0.63,0.88,0.58,0.59,0.9,0.86
553,0.64,0.55,0.64,0.88,0.59,0.58,0.85,0.79
554,0.66,0.56,0.63,0.92,0.57,0.58,0.8,0.83
555,0.65,0.56,0.64,0.88,0.58,0.58,0.85,0.83
556,0.65,0.56,0.64,0.88,0.59,0.59,0.85,0.86
557,0.66,0.56,0.64,0.92,0.58,0.59,0.85,0.83
558,0.66,0.57,0.64,0.88,0.59,0.61,0.8,0.86
559,0.66,0.56,0.65,0.92,0.59,0.58,0.8,0.86
560,0.67,0.57,0.65,0.88,0.59,0.59,0.85,0.83
561,0.67,0.58,0.65,0.88,0.6,0.61,0.9,0.86
562,0.68,0.57,0.65,0.88,0.61,0.59,0.85,0.83
563,0.67,0.57,0.65,0.92,0.6,0.59,0.9,0.86
564,0.67,0.58,0.66,0.84,0.59,0.59,0.8,0.83
565,0.68,0.59,0.66,0.92,0.6,0.59,0.85,0.83
566,0.68,0.59,0.66,0.88,0.6,0.62,0.9,0.83
567,0.69,0.59,0.67,0.88,0.6,0.59,0.85,0.86
568,0.69,0.6,0.67,0.92,0.61,0.61,0.85,0.83
569,0.69,0.6,0.67,0.88,0.62,0.62,0.9,0.86
570,0.69,0.6,0.67,0.92,0.6,0.61,0.9,0.83
571,0.69,0.61,0.67,0.88,0.62,0.61,0.9,0.83
572,0.69,0.6,0.68,0.88,0.64,0.61,0.85,0.86
573,0.69,0.61,0.68,0.88,0.62,0.61,0.8,0.86
574,0.7,0.61,0.68,0.88,0.62,0.62,0.85,0.83
575,0.7,0.62,0.68,0.88,0.61,0.61,0.85,0.86
576,0.69,0.62,0.68,0.88,0.62,0.62,0.85,0.83
577,0.69,0.62,0.69,0.88,0.64,0.62,0.85,0.83
578,0.69,0.62,0.69,0.88,0.64,0.62,0.9,0.86
579,0.69,0.62,0.69,0.88,0.65,0.64,0.9,0.9
580,0.69,0.62,0.69,0.88,0.65,0.64,0.9,0.86
581,0.7,0.62,0.69,0.88,0.66,0.64,0.9,0.86
582,0.7,0.62,0.69,0.88,0.64,0.64,0.85,0.9
583,0.69,0.62,0.69,0.88,0.65,0.62,0.9,0.86
584,0.7,0.62,0.69,0.92,0.65,0.64,0.9,0.9
585,0.7,0.62,0.69,0.88,0.65,0.64,0.85,0.9
586,0.71,0.62,0.69,0.88,0.65,0.62,0.85,0.86
587,0.71,0.63,0.69,0.88,0.65,0.64,0.85,0.9
588,0.7,0.63,0.69,0.88,0.66,0.64,0.9,0.9
589,0.71,0.63,0.69,0.88,0.65,0.62,0.9,0.9
590,0.7,0.64,0.7,0.88,0.66,0.62,0.9,0.9
591,0.7,0.63,0.7,0.84,0.65,0.66,0.9,0.9
592,0.7,0.63,0.69,0.84,0.66,0.64,0.85,0.86
593,0.7,0.64,0.69,0.84,0.66,0.66,0.9,0.9
594,0.71,0.63,0.7,0.84,0.66,0.66,0.85,0.86
595,0.71,0.63,0.7,0.88,0.67,0.64,0.9,0.9
596,0.7,0.63,0.69,0.8,0.67,0.66,0.9,0.86
597,0.71,0.64,0.7,0.88,0.68,0.64,0.85,0.9
598,0.71,0.64,0.7,0.84,0.67,0.66,0.9,0.9
599,0.72,0.64,0.7,0.84,0.67,0.66,0.9,0.9
600,0.71,0.65,0.7,0.84,0.68,0.66,0.9,0.9
601,0.71,0.65,0.7,0.84,0.68,0.66,0.9,0.86
602,0.72,0.65,0.7,0.8,0.68,0.66,0.9,0.9
603,0.72,0.65,0.7,0.84,0.69,0.67,0.9,0.93
604,0.72,0.65,0.7,0.84,0.7,0.66,0.9,0.86
605,0.74,0.66,0.71,0.84,0.69,0.66,0.9,0.86
606,0.74,0.66,0.71,0.84,0.69,0.66,0.9,0.9
607,0.74,0.66,0.71,0.84,0.7,0.67,0.9,0.86
608,0.74,0.67,0.71,0.84,0.7,0.67,0.85,0.86
609,0.75,0.66,0.72,0.84,0.7,0.69,0.9,0.9
610,0.76,0.67,0.71,0.88,0.7,0.69,0.95,0.9
611,0.75,0.68,0.72,0.84,0.69,0.67,0.9,0.9
612,0.75,0.67,0.72,0.84,0.7,0.69,0.9,0.9
613,0.75,0.68,0.72,0.84,0.72,0.69,0.9,0.9
614,0.75,0.68,0.72,0.84,0.71,0.67,0.9,0.9
615,0.76,0.68,0.73,0.84,0.71,0.67,0.9,0.9
616,0.76,0.68,0.73,0.84,0.7,0.7,0.9,0.9
617,0.76,0.69,0.73,0.84,0.72,0.7,0.9,0.9
618,0.76,0.69,0.73,0.84,0.72,0.67,0.95,0.93
619,0.77,0.69,0.73,0.84,0.71,0.69,0.9,0.9
620,0.78,0.69,0.74,0.84,0.71,0.7,0.95,0.9
621,0.77,0.7,0.74,0.84,0.71,0.69,0.9,0.9
622,0.77,0.7,0.74,0.84,0.72,0.69,0.9,0.9
623,0.77,0.7,0.74,0.84,0.71,0.7,0.9,0.93
624,0.77,0.7,0.75,0.84,0.71,0.7,0.9,0.9
625,0.77,0.7,0.75,0.8,0.72,0.69,0.9,0.9
626,0.78,0.7,0.75,0.84,0.72,0.67,0.9,0.86
627,0.78,0.71,0.75,0.84,0.72,0.7,0.9,0.93
628,0.78,0.71,0.76,0.84,0.71,0.7,0.9,0.9
629,0.79,0.71,0.76,0.84,0.72,0.7,0.9,0.9
630,0.79,0.71,0.76,0.84,0.72,0.7,0.9,0.9
631,0.79,0.71,0.77,0.84,0.74,0.7,0.9,0.9
632,0.79,0.72,0.77,0.88,0.73,0.72,0.9,0.9
633,0.79,0.72,0.77,0.84,0.73,0.7,0.9,0.9
634,0.8,0.72,0.78,0.88,0.73,0.7,0.9,0.93
635,0.81,0.72,0.77,0.84,0.73,0.7,0.85,0.9
636,0.81,0.73,0.78,0.84,0.73,0.72,0.95,0.9
637,0.8,0.72,0.78,0.84,0.74,0.7,0.9,0.86
638,0.81,0.73,0.78,0.8,0.74,0.72,0.9,0.9
639,0.81,0.73,0.78,0.88,0.74,0.72,0.9,0.86
640,0.81,0.74,0.79,0.88,0.74,0.73,0.9,0.93
641,0.81,0.73,0.79,0.8,0.74,0.73,0.9,0.9
642,0.82,0.74,0.79,0.84,0.75,0.7,0.85,0.86
643,0.82,0.74,0.79,0.84,0.74,0.72,0.9,0.9
644,0.82,0.74,0.79,0.84,0.74,0.72,0.9,0.86
645,0.82,0.74,0.79,0.84,0.75,0.73,0.95,0.9
646,0.81,0.74,0.79,0.84,0.74,0.72,0.9,0.93
647,0.81,0.74,0.79,0.88,0.74,0.72,0.95,0.93
648,0.81,0.74,0.79,0.84,0.75,0.72,0.9,0.9
649,0.81,0.74,0.8,0.8,0.76,0.72,0.9,0.86
650,0.81,0.74,0.8,0.8,0.76,0.73,0.9,0.9
651,0.81,0.74,0.79,0.8,0.76,0.73,0.95,0.9
652,0.81,0.75,0.8,0.84,0.76,0.75,0.9,0.9
653,0.81,0.75,0.79,0.84,0.76,0.73,0.9,0.93
654,0.81,0.74,0.79,0.84,0.76,0.72,0.9,0.93
655,0.81,0.74,0.79,0.8,0.76,0.75,0.9,0.9
656,0.81,0.76,0.8,0.84,0.76,0.73,0.9,0.86
657,0.81,0.76,0.79,0.8,0.76,0.75,0.95,0.97
658,0.81,0.75,0.79,0.84,0.76,0.75,0.9,0.9
659,0.81,0.76,0.79,0.8,0.75,0.73,0.85,0.9
660,0.81,0.76,0.79,0.8,0.77,0.75,0.9,0.93
661,0.81,0.76,0.79,0.8,0.77,0.73,0.85,0.86
662,0.82,0.76,0.79,0.8,0.77,0.73,0.9,0.9
663,0.82,0.76,0.79,0.84,0.77,0.73,0.9,0.93
664,0.81,0.77,0.79,0.8,0.78,0.77,0.9,0.86
665,0.82,0.77,0.79,0.8,0.77,0.75,0.9,0.93
666,0.82,0.77,0.79,0.84,0.78,0.75,0.9,0.93
667,0.81,0.76,0.79,0.8,0.77,0.75,0.85,0.9
668,0.82,0.77,0.8,0.84,0.77,0.77,0.9,0.93
669,0.82,0.77,0.8,0.8,0.77,0.75,0.9,0.93
670,0.82,0.77,0.8,0.8,0.78,0.73,0.85,0.86
671,0.82,0.77,0.8,0.8,0.77,0.75,0.9,0.9
672,0.82,0.77,0.79,0.8,0.78,0.77,0.8,0.86
673,0.82,0.77,0.8,0.84,0.78,0.75,0.9,0.93
674,0.81,0.77,0.8,0.8,0.78,0.75,0.9,0.9
675,0.81,0.77,0.8,0.8,0.79,0.77,0.95,0.93
676,0.82,0.78,0.8,0.8,0.8,0.77,0.85,0.86
677,0.82,0.78,0.8,0.84,0.79,0.77,0.9,0.93
678,0.82,0.77,0.81,0.8,0.79,0.78,0.9,0.93
679,0.82,0.77,0.8,0.8,0.78,0.78,0.9,0.9
680,0.82,0.77,0.81,0.84,0.78,0.77,0.9,0.93
681,0.81,0.78,0.81,0.8,0.78,0.75,0.85,0.9
682,0.82,0.77,0.81,0.8,0.8,0.77,0.85,0.86
683,0.83,0.78,0.81,0.84,0.79,0.78,0.9,0.93
684,0.82,0.78,0.81,0.8,0.79,0.77,0.9,0.86
685,0.82,0.77,0.82,0.8,0.8,0.77,0.85,0.86
686,0.82,0.78,0.82,0.76,0.79,0.77,0.9,0.86
687,0.83,0.78,0.82,0.76,0.8,0.78,0.9,0.9
688,0.82,0.78,0.82,0.84,0.79,0.78,0.9,0.9
689,0.83,0.78,0.82,0.8,0.8,0.78,0.85,0.93
690,0.82,0.78,0.82,0.76,0.79,0.78,0.9,0.9
691,0.82,0.78,0.82,0.76,0.79,0.77,0.9,0.9
692,0.83,0.79,0.83,0.8,0.8,0.78,0.95,0.9
693,0.82,0.79,0.83,0.8,0.8,0.77,0.9,0.9
694,0.83,0.79,0.83,0.76,0.8,0.77,0.85,0.9
695,0.82,0.78,0.83,0.76,0.8,0.78,0.85,0.93
696,0.82,0.78,0.83,0.76,0.81,0.77,0.9,0.9
697,0.83,0.79,0.83,0.8,0.8,0.78,0.85,0.9
698,0.83,0.79,0.83,0.76,0.81,0.78,0.85,0.9
699,0.82,0.8,0.83,0.8,0.81,0.78,0.9,0.93
700,0.83,0.79,0.83,0.8,0.81,0.8,0.85,0.9
701,0.82,0.79,0.83,0.8,0.81,0.8,0.9,0.93
702,0.82,0.79,0.83,0.8,0.81,0.8,0.9,0.9
703,0.84,0.8,0.83,0.8,0.8,0.8,0.85,0.9
704,0.83,0.79,0.83,0.76,0.81,0.78,0.9,0.86
705,0.85,0.8,0.83,0.8,0.8,0.81,0.9,0.97
706,0.83,0.8,0.83,0.8,0.82,0.8,0.85,0.9
707,0.84,0.8,0.83,0.8,0.82,0.8,0.9,0.9
708,0.83,0.8,0.83,0.8,0.82,0.78,0.9,0.9
709,0.83,0.81,0.83,0.8,0.82,0.8,0.95,0.9
710,0.84,0.8,0.83,0.84,0.82,0.8,0.85,0.93
711,0.84,0.8,0.83,0.8,0.82,0.8,0.9,0.9
712,0.83,0.8,0.83,0.76,0.81,0.8,0.9,0.9
713,0.84,0.81,0.83,0.76,0.82,0.8,0.95,0.9
714,0.83,0.81,0.83,0.8,0.82,0.8,0.9,0.9
715,0.84,0.8,0.84,0.76,0.82,0.8,0.9,0.9
716,0.84,0.81,0.84,0.8,0.82,0.8,0.9,0.9
717,0.83,0.81,0.84,0.76,0.83,0.8,0.9,0.86
718,0.84,0.81,0.84,0.8,0.83,0.83,0.9,0.97
719,0.84,0.81,0.84,0.8,0.82,0.8,0.9,0.93
720,0.84,0.81,0.84,0.84,0.83,0.81,0.95,0.93
721,0.85,0.81,0.84,0.8,0.82,0.81,0.9,0.9
722,0.84,0.81,0.84,0.76,0.83,0.81,0.85,0.9
723,0.85,0.81,0.84,0.8,0.83,0.81,0.9,0.97
724,0.85,0.81,0.85,0.84,0.82,0.81,0.9,0.9
725,0.85,0.81,0.85,0.8,0.83,0.8,0.9,0.93
726,0.85,0.82,0.85,0.8,0.82,0.81,0.9,0.9
727,0.86,0.82,0.85,0.76,0.83,0.81,0.9,0.9
728,0.85,0.82,0.86,0.8,0.84,0.81,0.9,0.9
729,0.85,0.82,0.86,0.8,0.84,0.81,0.9,0.9
730,0.85,0.82,0.86,0.76,0.83,0.81,0.9,0.9
731,0.85,0.82,0.86,0.8,0.83,0.83,0.85,0.9
732,0.85,0.83,0.86,0.8,0.83,0.81,0.9,0.86
733,0.85,0.83,0.86,0.8,0.84,0.83,0.9,0.93
734,0.85,0.83,0.86,0.76,0.85,0.83,0.95,0.97
735,0.86,0.83,0.86,0.84,0.83,0.83,0.9,0.93
736,0.85,0.83,0.86,0.76,0.84,0.83,0.9,0.9
737,0.86,0.83,0.86,0.76,0.84,0.83,0.9,0.93
738,0.85,0.83,0.86,0.8,0.84,0.83,0.85,0.93
739,0.87,0.84,0.87,0.76,0.84,0.83,0.9,0.93
740,0.87,0.84,0.86,0.76,0.84,0.83,0.85,0.93
741,0.85,0.83,0.87,0.8,0.85,0.83,0.9,0.9
742,0.87,0.83,0.87,0.8,0.85,0.83,0.95,0.9
743,0.86,0.84,0.86,0.8,0.84,0.83,0.9,0.9
744,0.86,0.83,0.86,0.76,0.85,0.83,0.9,0.93
745,0.86,0.84,0.86,0.76,0.85,0.84,0.85,0.9
746,0.86,0.84,0.86,0.76,0.85,0.83,0.85,0.9
747,0.86,0.85,0.87,0.8,0.85,0.84,0.9,0.9
748,0.86,0.84,0.87,0.76,0.85,0.84,0.9,0.93
749,0.86,0.84,0.87,0.76,0.84,0.84,0.85,0.9
750,0.86,0.84,0.87,0.84,0.85,0.83,0.9,0.9
751,0.88,0.85,0.87,0.8,0.86,0.86,0.9,0.93
752,0.88,0.84,0.86,0.76,0.86,0.86,0.95,0.97
753,0.86,0.85,0.87,0.76,0.86,0.84,0.9,0.93
754,0.87,0.85,0.86,0.8,0.85,0.84,0.9,0.9
755,0.86,0.85,0.87,0.8,0.85,0.84,0.9,0.93
756,0.87,0.85,0.87,0.76,0.86,0.84,0.95,0.93
757,0.86,0.85,0.86,0.84,0.88,0.84,0.95,0.93
758,0.88,0.85,0.87,0.8,0.88,0.84,0.9,0.93
759,0.88,0.85,0.86,0.8,0.85,0.84,0.95,0.93
760,0.87,0.85,0.87,0.76,0.86,0.84,0.95,0.93
761,0.88,0.85,0.87,0.8,0.85,0.86,0.9,0.93
762,0.88,0.86,0.87,0.84,0.86,0.88,0.95,0.97
763,0.87,0.86,0.87,0.76,0.86,0.86,0.9,0.93
764,0.89,0.85,0.87,0.84,0.88,0.86,0.9,0.97
765,0.89,0.86,0.87,0.8,0.86,0.86,0.9,0.93
766,0.88,0.85,0.87,0.8,0.88,0.86,0.9,0.93
767,0.88,0.86,0.87,0.8,0.88,0.84,0.9,0.93
768,0.87,0.86,0.87,0.76,0.86,0.84,0.9,0.9
769,0.88,0.86,0.87,0.8,0.88,0.86,0.9,0.93
770,0.88,0.86,0.87,0.76,0.86,0.88,0.85,0.93
771,0.86,0.86,0.87,0.8,0.86,0.86,0.9,0.9
772,0.86,0.86,0.87,0.76,0.86,0.84,0.85,0.93
773,0.87,0.86,0.87,0.76,0.86,0.86,0.9,0.9
774,0.88,0.86,0.87,0.8,0.86,0.86,0.85,0.93
775,0.87,0.86,0.87,0.76,0.86,0.84,0.9,0.9
776,0.87,0.86,0.88,0.76,0.88,0.86,0.9,0.93
777,0.87,0.86,0.87,0.72,0.88,0.88,0.9,0.97
778,0.86,0.86,0.87,0.72,0.86,0.84,0.9,0.9
779,0.87,0.86,0.87,0.8,0.86,0.86,0.9,0.97
780,0.88,0.86,0.87,0.76,0.88,0.84,0.9,0.9
781,0.88,0.86,0.87,0.76,0.88,0.88,0.9,0.93
782,0.88,0.86,0.87,0.72,0.88,0.86,0.95,0.93
783,0.88,0.86,0.87,0.72,0.88,0.86,0.9,0.9
784,0.88,0.87,0.87,0.76,0.88,0.88,0.9,0.97
785,0.88,0.86,0.87,0.72,0.88,0.86,0.9,0.9
786,0.89,0.87,0.87,0.76,0.88,0.88,0.95,0.97
787,0.88,0.87,0.87,0.76,0.88,0.88,0.9,0.9
788,0.88,0.87,0.87,0.72,0.89,0.88,0.95,0.93
789,0.89,0.87,0.88,0.72,0.88,0.88,0.9,0.93
790,0.89,0.87,0.87,0.76,0.88,0.86,0.9,0.9
791,0.88,0.88,0.87,0.72,0.89,0.88,0.95,0.9
792,0.88,0.87,0.87,0.72,0.88,0.86,0.9,0.9
793,0.88,0.87,0.87,0.72,0.88,0.88,0.9,0.9
794,0.89,0.87,0.87,0.72,0.89,0.86,0.95,0.93
795,0.88,0.87,0.87,0.72,0.88,0.88,0.95,0.9
796,0.9,0.87,0.88,0.72,0.89,0.88,0.95,0.97
797,0.9,0.87,0.87,0.72,0.9,0.88,0.9,0.97
798,0.89,0.88,0.87,0.72,0.9,0.88,0.9,0.97
799,0.88,0.88,0.87,0.72,0.89,0.88,0.9,0.97
800,0.89,0.88,0.87,0.72,0.89,0.86,0.9,0.93
801,0.89,0.87,0.88,0.72,0.9,0.86,0.9,0.93
802,0.89,0.87,0.87,0.72,0.89,0.86,0.95,0.93
803,0.89,0.88,0.87,0.72,0.89,0.86,0.9,0.9
804,0.89,0.88,0.88,0.76,0.89,0.86,0.9,0.93
805,0.89,0.89,0.87,0.72,0.89,0.86,0.85,0.9
806,0.9,0.88,0.88,0.72,0.89,0.88,0.9,0.93
807,0.89,0.88,0.88,0.72,0.89,0.86,0.85,0.93
808,0.9,0.88,0.88,0.72,0.89,0.88,0.85,0.9
809,0.89,0.88,0.88,0.72,0.89,0.86,0.85,0.9
810,0.89,0.89,0.88,0.68,0.89,0.88,0.85,0.97
811,0.89,0.88,0.88,0.72,0.9,0.89,0.9,0.93
812,0.89,0.89,0.88,0.72,0.89,0.88,0.85,0.9
813,0.9,0.89,0.88,0.72,0.89,0.86,0.9,0.9
814,0.89,0.89,0.88,0.72,0.89,0.88,0.9,0.93
815,0.89,0.89,0.88,0.72,0.9,0.88,0.95,0.93
816,0.89,0.88,0.88,0.72,0.89,0.88,0.85,0.93
817,0.91,0.89,0.88,0.72,0.89,0.89,0.85,0.93
818,0.91,0.88,0.88,0.72,0.89,0.88,0.9,0.97
819,0.9,0.88,0.88,0.72,0.9,0.89,0.9,0.97
820,0.89,0.89,0.88,0.72,0.89,0.89,0.85,0.97
821,0.9,0.89,0.89,0.72,0.9,0.89,0.9,0.97
822,0.9,0.89,0.89,0.76,0.9,0.91,0.9,0.97
823,0.89,0.89,0.89,0.72,0.9,0.89,0.95,0.93
824,0.9,0.89,0.89,0.72,0.89,0.89,0.85,0.93
825,0.9,0.9,0.89,0.68,0.9,0.89,0.95,0.97
826,0.9,0.89,0.89,0.72,0.9,0.91,0.9,0.93
827,0.89,0.89,0.9,0.72,0.9,0.89,0.9,0.93
828,0.89,0.89,0.89,0.72,0.9,0.91,0.9,0.97
829,0.9,0.89,0.89,0.72,0.9,0.91,0.95,0.97
830,0.89,0.9,0.9,0.76,0.9,0.89,0.95,0.93
831,0.89,0.89,0.9,0.76,0.9,0.89,0.9,0.93
832,0.9,0.89,0.9,0.72,0.9,0.91,0.9,0.93
833,0.9,0.9,0.9,0.76,0.9,0.89,0.9,0.93
834,0.9,0.89,0.9,0.76,0.91,0.91,0.95,0.97
835,0.91,0.89,0.89,0.68,0.9,0.91,0.9,0.93
836,0.9,0.9,0.9,0.72,0.9,0.89,0.95,0.97
837,0.9,0.9,0.9,0.68,0.9,0.89,0.95,0.97
838,0.9,0.9,0.9,0.72,0.9,0.91,0.9,0.97
839,0.9,0.89,0.9,0.72,0.9,0.91,0.85,0.93
840,0.9,0.9,0.9,0.76,0.91,0.92,0.95,0.97
841,0.9,0.9,0.9,0.72,0.9,0.89,0.9,0.97
842,0.9,0.89,0.9,0.72,0.9,0.91,0.9,0.93
843,0.9,0.9,0.9,0.76,0.9,0.89,0.95,0.93
844,0.91,0.9,0.9,0.72,0.92,0.89,0.95,0.97
845,0.9,0.9,0.9,0.68,0.9,0.91,0.95,0.97
846,0.9,0.89,0.91,0.68,0.9,0.91,0.85,1.0
847,0.9,0.9,0.91,0.76,0.91,0.94,0.95,0.97
848,0.91,0.9,0.91,0.72,0.91,0.92,0.9,0.97
849,0.9,0.9,0.91,0.76,0.91,0.91,0.95,0.97
850,0.91,0.9,0.92,0.76,0.92,0.91,0.9,0.93
851,0.91,0.9,0.92,0.76,0.91,0.91,0.9,0.97
852,0.91,0.9,0.91,0.76,0.91,0.91,0.95,0.97
853,0.91,0.9,0.91,0.72,0.91,0.91,0.9,0.97
854,0.91,0.91,0.91,0.68,0.92,0.92,0.95,0.97
855,0.91,0.9,0.92,0.68,0.91,0.91,0.9,0.97
856,0.91,0.9,0.91,0.72,0.91,0.91,0.95,0.93
857,0.91,0.9,0.91,0.68,0.91,0.91,0.95,0.97
858,0.91,0.91,0.92,0.72,0.91,0.91,0.9,0.97
859,0.91,0.9,0.92,0.72,0.91,0.91,0.95,0.97
860,0.91,0.9,0.92,0.72,0.91,0.92,0.9,0.97
861,0.91,0.91,0.92,0.72,0.91,0.92,0.95,0.93
862,0.91,0.9,0.92,0.72,0.93,0.92,0.95,0.97
863,0.91,0.9,0.92,0.72,0.91,0.92,0.95,1.0
864,0.91,0.91,0.93,0.72,0.91,0.92,1.0,0.97
865,0.92,0.91,0.92,0.72,0.92,0.91,0.95,0.97
866,0.92,0.92,0.93,0.72,0.92,0.92,0.95,0.97
867,0.91,0.92,0.93,0.76,0.91,0.92,0.95,0.97
868,0.92,0.91,0.93,0.68,0.91,0.92,0.9,0.93
869,0.92,0.91,0.93,0.68,0.91,0.92,0.9,0.97
870,0.92,0.91,0.93,0.68,0.92,0.92,0.95,0.93
871,0.92,0.91,0.93,0.72,0.92,0.92,0.95,0.93
872,0.92,0.92,0.93,0.68,0.9,0.92,0.9,0.93
873,0.92,0.92,0.93,0.72,0.92,0.94,0.95,0.97
874,0.92,0.91,0.93,0.68,0.91,0.92,0.95,0.93
875,0.93,0.91,0.94,0.68,0.92,0.94,0.95,0.97
876,0.92,0.91,0.94,0.72,0.91,0.92,0.9,0.97
877,0.93,0.91,0.94,0.68,0.9,0.92,0.9,0.93
878,0.92,0.92,0.94,0.72,0.91,0.92,0.9,0.97
879,0.93,0.93,0.94,0.68,0.92,0.94,0.9,0.93
880,0.94,0.93,0.94,0.68,0.92,0.92,0.95,0.93
881,0.93,0.93,0.94,0.68,0.92,0.92,0.9,0.93
882,0.94,0.93,0.94,0.68,0.92,0.92,0.9,0.93
883,0.93,0.93,0.94,0.68,0.92,0.91,0.9,0.93
884,0.94,0.93,0.94,0.64,0.92,0.92,0.9,0.93
885,0.93,0.93,0.94,0.72,0.92,0.92,0.9,0.93
886,0.94,0.93,0.94,0.68,0.92,0.92,0.9,0.93
887,0.94,0.93,0.94,0.68,0.92,0.92,0.9,0.93
888,0.93,0.93,0.94,0.64,0.92,0.92,0.85,0.93
889,0.94,0.93,0.95,0.68,0.93,0.92,0.95,0.97
890,0.94,0.93,0.95,0.68,0.92,0.94,0.85,0.97
891,0.94,0.93,0.94,0.68,0.92,0.92,0.9,0.93
892,0.94,0.93,0.95,0.68,0.92,0.92,0.95,1.0
893,0.95,0.93,0.95,0.64,0.92,0.92,0.85,0.93
894,0.95,0.94,0.95,0.68,0.93,0.92,0.9,0.9
895,0.94,0.93,0.95,0.64,0.92,0.92,0.9,0.93
896,0.94,0.93,0.95,0.64,0.92,0.92,0.85,0.93
897,0.94,0.93,0.95,0.68,0.93,0.92,0.9,0.93
898,0.94,0.93,0.95,0.68,0.93,0.92,0.85,0.93
899,0.95,0.93,0.95,0.64,0.92,0.94,0.9,0.93
900,0.94,0.93,0.95,0.68,0.92,0.94,0.9,0.97
901,0.95,0.94,0.95,0.64,0.94,0.94,0.95,0.97
902,0.94,0.94,0.95,0.68,0.94,0.95,0.95,0.97
903,0.94,0.94,0.95,0.68,0.93,0.94,0.95,0.97
904,0.93,0.94,0.95,0.64,0.93,0.95,0.95,0.93
905,0.94,0.93,0.95,0.64,0.94,0.95,0.9,1.0
906,0.94,0.94,0.95,0.64,0.94,0.92,0.9,0.97
907,0.94,0.94,0.95,0.64,0.94,0.95,1.0,1.0
908,0.94,0.94,0.94,0.64,0.94,0.95,0.9,0.97
909,0.94,0.94,0.94,0.64,0.96,0.94,0.95,0.93
910,0.93,0.93,0.94,0.64,0.95,0.95,0.9,1.0
911,0.93,0.94,0.94,0.68,0.93,0.94,0.9,0.93
912,0.93,0.94,0.94,0.64,0.93,0.94,0.9,0.93
913,0.94,0.94,0.94,0.64,0.95,0.94,0.9,0.97
914,0.94,0.94,0.94,0.64,0.94,0.95,0.95,0.97
915,0.93,0.94,0.94,0.64,0.94,0.92,0.9,0.93
916,0.92,0.93,0.94,0.64,0.95,0.94,0.9,0.93
917,0.92,0.94,0.94,0.64,0.94,0.94,0.9,0.93
918,0.93,0.94,0.94,0.64,0.94,0.92,0.95,0.93
919,0.92,0.93,0.95,0.64,0.94,0.95,0.9,0.97
920,0.92,0.94,0.94,0.64,0.94,0.94,0.9,0.93
921,0.92,0.94,0.94,0.64,0.94,0.94,0.9,0.93
922,0.93,0.94,0.94,0.64,0.94,0.95,0.9,0.9
923,0.92,0.94,0.94,0.64,0.94,0.95,0.9,0.9
924,0.94,0.94,0.94,0.6,0.95,0.94,0.95,0.93
925,0.93,0.93,0.94,0.64,0.95,0.94,0.95,0.93
926,0.92,0.94,0.94,0.6,0.95,0.92,0.95,0.9
927,0.93,0.94,0.95,0.64,0.94,0.95,0.9,0.9
928,0.92,0.94,0.94,0.64,0.94,0.94,0.85,0.93
929,0.92,0.94,0.95,0.64,0.94,0.94,0.9,0.93
930,0.92,0.94,0.94,0.64,0.94,0.94,0.9,0.93
931,0.92,0.94,0.95,0.64,0.94,0.92,0.9,0.9
932,0.93,0.93,0.95,0.6,0.94,0.92,0.9,0.9
933,0.92,0.94,0.95,0.6,0.94,0.95,0.9,0.9
934,0.93,0.94,0.95,0.64,0.93,0.94,0.85,0.97
935,0.92,0.94,0.95,0.6,0.94,0.92,0.85,0.9
936,0.94,0.94,0.95,0.64,0.94,0.94,0.85,0.9
937,0.92,0.94,0.95,0.64,0.93,0.92,0.85,0.9
938,0.93,0.94,0.95,0.6,0.93,0.92,0.85,0.9
939,0.94,0.94,0.95,0.64,0.95,0.92,0.85,0.9
940,0.92,0.94,0.95,0.6,0.95,0.94,0.95,0.9
941,0.92,0.94,0.95,0.6,0.94,0.94,0.85,0.9
942,0.92,0.95,0.95,0.64,0.94,0.94,0.85,0.9
943,0.93,0.94,0.95,0.64,0.95,0.92,0.85,0.9
944,0.92,0.94,0.96,0.6,0.94,0.94,0.85,0.93
945,0.94,0.94,0.95,0.64,0.94,0.94,0.85,0.83
946,0.93,0.94,0.96,0.64,0.94,0.94,0.85,0.9
947,0.94,0.94,0.95,0.64,0.94,0.92,0.85,0.9
948,0.94,0.94,0.96,0.64,0.94,0.92,0.85,0.9
949,0.93,0.94,0.95,0.64,0.95,0.94,0.85,0.93
950,0.95,0.94,0.96,0.64,0.95,0.94,0.9,0.9
951,0.93,0.94,0.95,0.64,0.95,0.94,0.9,0.9
952,0.92,0.94,0.96,0.64,0.94,0.94,0.85,0.9
953,0.94,0.94,0.96,0.64,0.94,0.94,0.9,0.9
954,0.94,0.94,0.96,0.64,0.94,0.95,0.9,0.93
955,0.93,0.94,0.96,0.64,0.93,0.94,0.85,0.9
956,0.93,0.94,0.96,0.6,0.94,0.94,0.85,0.9
957,0.93,0.94,0.96,0.64,0.95,0.94,0.9,0.93
958,0.95,0.94,0.96,0.64,0.94,0.92,0.9,0.86
959,0.95,0.94,0.96,0.64,0.95,0.94,0.9,0.9
960,0.94,0.94,0.96,0.64,0.94,0.94,0.85,0.93
961,0.94,0.94,0.96,0.64,0.94,0.94,0.9,0.93
962,0.95,0.95,0.97,0.64,0.95,0.94,0.9,0.9
963,0.93,0.95,0.96,0.68,0.94,0.95,0.85,0.9
964,0.94,0.94,0.97,0.64,0.94,0.95,0.9,0.9
965,0.94,0.94,0.97,0.68,0.95,0.95,0.9,0.9
966,0.94,0.94,0.97,0.64,0.94,0.95,0.9,0.93
967,0.95,0.94,0.97,0.64,0.95,0.95,0.9,0.93
968,0.93,0.94,0.97,0.68,0.95,0.95,0.85,0.9
969,0.93,0.95,0.97,0.64,0.95,0.95,0.9,0.9
970,0.94,0.94,0.97,0.64,0.95,0.95,0.85,0.9
971,0.94,0.94,0.97,0.64,0.95,0.97,0.9,0.93
972,0.95,0.95,0.97,0.64,0.95,0.94,0.9,0.9
973,0.94,0.95,0.97,0.64,0.95,0.95,0.95,0.9
974,0.94,0.95,0.97,0.64,0.95,0.95,0.9,0.9
975,0.95,0.95,0.97,0.68,0.95,0.94,0.85,0.93
976,0.94,0.95,0.98,0.6,0.94,0.95,0.85,0.9
977,0.94,0.95,0.98,0.68,0.96,0.95,0.9,0.9
978,0.95,0.94,0.98,0.64,0.95,0.95,0.9,0.93
979,0.94,0.95,0.98,0.68,0.96,0.95,0.9,0.93
980,0.95,0.95,0.98,0.64,0.95,0.95,0.9,0.9
981,0.94,0.94,0.98,0.68,0.96,0.95,0.85,0.93
982,0.94,0.95,0.98,0.64,0.95,0.97,0.85,0.93
983,0.94,0.95,0.98,0.64,0.95,0.95,0.85,0.97
984,0.94,0.94,0.97,0.64,0.95,0.95,0.9,0.93
985,0.95,0.94,0.98,0.68,0.95,0.95,0.9,0.9
986,0.95,0.96,0.97,0.64,0.95,0.95,0.85,0.93
987,0.95,0.95,0.98,0.64,0.96,0.97,0.9,0.93
988,0.95,0.95,0.97,0.68,0.95,0.95,0.9,0.93
989,0.95,0.95,0.97,0.64,0.96,0.95,0.85,0.9
990,0.97,0.95,0.98,0.68,0.95,0.95,0.9,0.97
991,0.95,0.95,0.99,0.68,0.96,0.95,0.9,0.93
992,0.95,0.95,0.98,0.64,0.95,0.97,0.95,0.97
993,0.96,0.95,0.98,0.68,0.95,0.97,0.9,0.93
994,0.96,0.96,0.98,0.68,0.96,0.95,0.9,0.93
995,0.96,0.96,0.98,0.68,0.95,0.95,0.85,0.93
996,0.96,0.96,0.98,0.72,0.95,0.95,0.85,0.93
997,0.96,0.96,0.98,0.68,0.95,0.98,0.85,0.97
998,0.96,0.96,0.98,0.68,0.96,0.97,0.95,0.93
999,0.96,0.96,0.98,0.68,0.96,0.97,0.9,0.9
1000,0.96,0.96,0.98,0.68,0.96,0.97,0.85,0.9
1001,0.96,0.96,0.98,0.72,0.95,0.97,0.85,0.97
1002,0.97,0.97,0.98,0.68,0.95,0.95,0.85,0.9
1003,0.97,0.96,0.98,0.68,0.96,0.97,0.85,0.97
1004,0.96,0.96,0.98,0.72,0.95,0.97,0.95,0.97
1005,0.98,0.97,0.98,0.68,0.94,0.97,0.9,0.9
1006,0.98,0.97,0.98,0.68,0.96,0.97,0.9,0.93
1007,0.98,0.97,0.99,0.68,0.96,0.97,0.9,0.93
1008,0.97,0.97,0.99,0.72,0.96,0.95,0.85,0.9
1009,0.97,0.97,0.99,0.72,0.95,0.97,0.9,0.93
1010,0.97,0.97,0.99,0.72,0.95,0.98,0.85,0.93
1011,0.98,0.97,0.99,0.68,0.96,0.97,0.85,0.9
1012,0.97,0.97,0.99,0.68,0.96,0.95,0.9,0.9
1013,0.97,0.97,0.99,0.68,0.95,0.97,0.85,0.9
1014,0.97,0.98,0.99,0.68,0.95,0.97,0.85,0.9
1015,0.99,0.97,0.99,0.68,0.95,0.95,0.85,0.9
1016,0.97,0.97,1.0,0.68,0.96,0.95,0.85,0.93
1017,0.97,0.98,0.99,0.68,0.95,0.98,0.85,0.9
1018,0.97,0.97,0.99,0.68,0.96,0.95,0.9,0.9
1019,0.96,0.97,0.99,0.68,0.96,0.95,0.95,0.9
1020,0.97,0.98,0.99,0.68,0.95,0.97,0.85,0.93
1021,0.98,0.97,0.99,0.68,0.95,0.97,0.9,0.9
1022,0.97,0.97,1.0,0.68,0.96,0.97,0.85,0.93
1023,0.98,0.98,1.0,0.64,0.95,0.98,0.85,0.9
1024,0.97,0.98,1.0,0.72,0.97,0.97,0.85,0.93
1025,0.97,0.97,0.99,0.64,0.97,0.97,0.85,0.9
1026,0.97,0.97,0.99,0.72,0.96,0.98,0.9,0.93
1027,0.97,0.98,1.0,0.72,0.96,0.97,0.9,0.93
1028,0.98,0.98,1.0,0.72,0.96,0.97,0.95,0.93
1029,0.98,0.98,1.0,0.68,0.97,0.98,0.95,0.97
1030,0.98,0.98,1.0,0.72,0.97,0.98,0.95,0.93
1031,0.98,0.98,1.0,0.72,0.97,0.98,0.95,0.93
1032,0.98,0.99,0.99,0.72,0.97,1.0,0.9,0.93
1033,0.99,0.98,1.0,0.72,0.98,1.0,0.95,0.97
1034,0.98,0.98,1.0,0.72,0.98,0.97,0.9,0.97
1035,0.97,0.98,1.0,0.72,0.97,0.98,0.9,0.93
1036,0.98,0.98,1.0,0.72,0.98,0.98,0.95,0.93
1037,0.98,0.99,0.99,0.72,0.98,1.0,0.9,0.93
1038,0.98,0.99,0.99,0.76,0.98,1.0,0.9,0.93
1039,0.98,0.99,1.0,0.72,0.98,1.0,0.9,0.93
1040,0.98,0.98,0.99,0.72,0.98,1.0,0.9,0.93
1041,0.98,0.98,1.0,0.72,0.97,0.98,0.9,0.93
1042,0.98,0.98,0.99,0.72,0.98,0.98,0.9,0.97
1043,0.98,0.99,0.99,0.72,0.98,1.0,0.95,0.93
1044,0.98,0.99,0.99,0.72,0.98,1.0,0.9,0.93
1045,0.97,0.99,0.99,0.72,0.98,0.98,0.95,0.93
1046,0.98,0.98,0.99,0.76,0.98,0.97,0.9,0.93
1047,0.98,0.99,0.99,0.72,0.99,1.0,0.95,0.93
1048,0.97,0.99,0.99,0.76,0.98,0.98,0.9,0.97
1049,0.98,0.99,1.0,0.76,0.98,1.0,0.95,0.93
1050,0.98,0.99,1.0,0.72,0.98,1.0,0.95,0.93
1051,0.99,0.99,0.99,0.76,0.98,1.0,0.95,0.97
1052,0.98,0.99,0.99,0.72,0.99,0.98,0.9,0.93
1053,1.0,0.99,0.99,0.72,0.99,1.0,0.9,0.97
1054,0.98,0.99,0.99,0.76,0.99,1.0,0.95,0.93
1055,0.99,0.99,0.99,0.72,0.99,1.0,0.95,0.97
1056,0.99,0.99,0.99,0.8,0.99,1.0,0.9,0.93
1057,0.99,1.0,0.99,0.72,0.99,0.98,0.95,0.97
1058,0.99,0.99,0.99,0.72,1.0,1.0,0.85,0.93
1059,0.99,0.99,0.99,0.72,0.99,0.98,0.95,0.93
1060,0.99,0.99,0.98,0.72,0.99,0.98,0.9,0.93
1061,0.99,0.99,0.98,0.76,0.99,0.98,0.95,0.93
1062,1.0,1.0,0.98,0.72,0.98,0.97,0.9,0.9
1063,0.99,0.99,0.98,0.72,0.98,1.0,0.9,0.93
1064,0.98,0.99,0.97,0.72,0.99,0.97,0.85,0.93
1065,0.99,0.99,0.98,0.68,0.98,0.98,0.85,0.9
1066,0.98,0.99,0.97,0.72,0.99,0.97,0.85,0.86
1067,0.98,0.99,0.97,0.68,0.97,0.98,0.85,0.9
1068,0.98,0.99,0.98,0.64,0.97,0.97,0.8,0.9
1069,0.98,0.99,0.97,0.64,0.97,0.97,0.85,0.83
1070,0.98,0.99,0.98,0.68,0.98,0.97,0.8,0.86
1071,0.98,0.99,0.98,0.64,0.98,0.97,0.8,0.9
1072,0.99,0.99,0.97,0.68,0.98,0.94,0.85,0.86
1073,0.97,0.98,0.97,0.64,0.97,0.95,0.8,0.86
1074,0.98,0.99,0.97,0.64,0.97,0.97,0.8,0.83
1075,0.98,0.98,0.97,0.64,0.96,0.95,0.8,0.83
1076,0.98,0.98,0.97,0.64,0.96,0.94,0.7,0.79
1077,0.97,0.99,0.97,0.6,0.97,0.94,0.8,0.86
1078,0.98,0.99,0.97,0.6,0.96,0.94,0.8,0.79
1079,0.98,0.99,0.97,0.6,0.96,0.94,0.8,0.83
1080,0.97,0.99,0.97,0.56,0.96,0.94,0.75,0.79
1081,0.98,0.99,0.97,0.56,0.95,0.94,0.8,0.83
1082,0.98,0.98,0.97,0.6,0.96,0.94,0.75,0.79
1083,0.97,0.98,0.97,0.56,0.96,0.94,0.8,0.79
1084,0.97,0.98,0.97,0.56,0.96,0.92,0.75,0.79
1085,0.97,0.99,0.97,0.56,0.95,0.92,0.75,0.83
1086,0.97,0.99,0.97,0.56,0.96,0.92,0.75,0.79
1087,0.97,0.99,0.97,0.52,0.94,0.94,0.7,0.83
1088,0.97,0.99,0.97,0.52,0.95,0.92,0.75,0.79
1089,0.96,0.98,0.97,0.56,0.95,0.92,0.7,0.79
1090,0.96,0.98,0.97,0.52,0.96,0.92,0.7,0.79
1091,0.96,0.98,0.97,0.52,0.95,0.92,0.7,0.76
1092,0.96,0.98,0.97,0.52,0.96,0.91,0.75,0.76
1093,0.96,0.98,0.97,0.52,0.96,0.94,0.7,0.76
1094,0.98,0.98,0.97,0.52,0.96,0.92,0.75,0.76
1095,0.97,0.98,0.97,0.52,0.96,0.91,0.7,0.79
1096,0.97,0.98,0.97,0.48,0.94,0.91,0.75,0.76
1097,0.96,0.98,0.98,0.48,0.95,0.91,0.75,0.76
1098,0.97,0.98,0.98,0.52,0.95,0.92,0.65,0.79
1099,0.97,0.98,0.97,0.52,0.95,0.91,0.75,0.79
1100,0.96,0.98,0.97,0.48,0.94,0.91,0.75,0.76
1101,0.97,0.98,0.97,0.44,0.95,0.91,0.7,0.76
1102,0.96,0.98,0.97,0.44,0.96,0.92,0.7,0.76
1103,0.97,0.98,0.98,0.44,0.95,0.91,0.75,0.76
1104,0.96,0.98,0.98,0.52,0.96,0.89,0.7,0.79
1105,0.97,0.98,0.97,0.48,0.95,0.91,0.7,0.76
1106,0.97,0.98,0.98,0.44,0.96,0.91,0.75,0.76
1107,0.96,0.98,0.98,0.48,0.95,0.91,0.7,0.79
1108,0.97,0.98,0.98,0.44,0.96,0.91,0.7,0.76
1109,0.97,0.98,0.98,0.48,0.95,0.92,0.75,0.76
1110,0.98,0.98,0.98,0.44,0.96,0.91,0.7,0.76
1111,0.97,0.98,0.98,0.44,0.96,0.91,0.75,0.76
1112,0.96,0.98,0.98,0.44,0.95,0.91,0.75,0.76
1113,0.96,0.98,0.98,0.48,0.96,0.92,0.75,0.79
1114,0.97,0.98,0.98,0.44,0.96,0.91,0.65,0.76
1115,0.96,0.98,0.98,0.44,0.96,0.92,0.75,0.83
1116,0.95,0.98,0.98,0.48,0.96,0.92,0.75,0.76
1117,0.96,0.98,0.98,0.44,0.96,0.92,0.75,0.79
1118,0.95,0.97,0.98,0.44,0.96,0.92,0.75,0.83
1119,0.95,0.98,0.98,0.44,0.96,0.94,0.8,0.79
1120,0.95,0.98,0.98,0.44,0.96,0.91,0.75,0.83
1121,0.97,0.98,0.98,0.44,0.96,0.94,0.75,0.76
1122,0.96,0.98,0.98,0.44,0.96,0.91,0.75,0.79
1123,0.96,0.98,0.98,0.44,0.96,0.94,0.8,0.79
1124,0.96,0.97,0.98,0.44,0.96,0.94,0.75,0.83
1125,0.95,0.98,0.99,0.44,0.96,0.92,0.75,0.83
1126,0.96,0.97,0.98,0.4,0.96,0.94,0.75,0.83
1127,0.96,0.98,0.98,0.4,0.96,0.94,0.8,0.79
1128,0.95,0.97,0.98,0.44,0.96,0.92,0.8,0.79
1129,0.95,0.98,0.98,0.4,0.96,0.92,0.75,0.83
1130,0.95,0.97,0.97,0.44,0.96,0.91,0.75,0.79
1131,0.94,0.97,0.97,0.44,0.97,0.94,0.75,0.79
1132,0.95,0.97,0.97,0.44,0.96,0.92,0.75,0.79
1133,0.93,0.97,0.97,0.44,0.96,0.92,0.75,0.79
1134,0.94,0.96,0.97,0.44,0.97,0.92,0.75,0.79
1135,0.94,0.96,0.96,0.44,0.96,0.92,0.75,0.79
1136,0.95,0.97,0.97,0.44,0.96,0.94,0.75,0.79
1137,0.94,0.97,0.97,0.44,0.97,0.94,0.75,0.83
1138,0.93,0.96,0.97,0.36,0.96,0.91,0.75,0.83
1139,0.92,0.96,0.97,0.44,0.96,0.94,0.75,0.83
1140,0.92,0.96,0.97,0.44,0.96,0.94,0.75,0.83
1141,0.92,0.96,0.96,0.44,0.96,0.91,0.75,0.83
1142,0.92,0.96,0.96,0.44,0.97,0.92,0.75,0.83
1143,0.92,0.96,0.96,0.4,0.96,0.94,0.75,0.79
1144,0.92,0.95,0.97,0.36,0.96,0.92,0.75,0.79
1145,0.92,0.95,0.96,0.36,0.96,0.92,0.7,0.76
1146,0.92,0.95,0.96,0.36,0.96,0.92,0.75,0.79
1147,0.92,0.95,0.96,0.36,0.96,0.94,0.7,0.79
1148,0.91,0.95,0.96,0.4,0.96,0.94,0.75,0.83
1149,0.92,0.95,0.96,0.36,0.96,0.94,0.75,0.79
1150,0.91,0.95,0.96,0.4,0.96,0.92,0.75,0.79
1151,0.91,0.95,0.96,0.36,0.96,0.94,0.75,0.79
1152,0.9,0.95,0.95,0.4,0.95,0.94,0.75,0.79
1153,0.92,0.95,0.96,0.36,0.96,0.94,0.7,0.83
1154,0.91,0.94,0.96,0.4,0.96,0.94,0.7,0.79
1155,0.91,0.94,0.96,0.36,0.96,0.94,0.7,0.79
1156,0.92,0.95,0.96,0.36,0.96,0.92,0.75,0.79
1157,0.9,0.95,0.96,0.36,0.96,0.92,0.75,0.83
1158,0.91,0.95,0.96,0.36,0.96,0.92,0.7,0.79
1159,0.92,0.95,0.96,0.36,0.96,0.94,0.75,0.79
1160,0.91,0.95,0.96,0.36,0.96,0.92,0.75,0.83
1161,0.92,0.95,0.96,0.36,0.96,0.92,0.7,0.79
1162,0.91,0.94,0.96,0.36,0.96,0.94,0.75,0.79
1163,0.92,0.94,0.96,0.32,0.95,0.94,0.8,0.79
1164,0.92,0.94,0.97,0.36,0.96,0.92,0.75,0.83
1165,0.92,0.94,0.97,0.32,0.96,0.94,0.7,0.83
1166,0.92,0.94,0.97,0.36,0.96,0.92,0.75,0.79
1167,0.93,0.94,0.97,0.36,0.96,0.92,0.75,0.83
1168,0.92,0.94,0.97,0.32,0.96,0.94,0.7,0.79
1169,0.91,0.94,0.97,0.28,0.96,0.92,0.75,0.83
1170,0.92,0.94,0.96,0.28,0.97,0.95,0.75,0.76
1171,0.92,0.94,0.97,0.36,0.95,0.94,0.75,0.76
1172,0.92,0.95,0.97,0.32,0.96,0.92,0.75,0.76
1173,0.93,0.95,0.97,0.28,0.96,0.94,0.75,0.79
1174,0.94,0.95,0.97,0.28,0.96,0.95,0.7,0.79
1175,0.92,0.95,0.96,0.32,0.96,0.94,0.75,0.83
1176,0.93,0.95,0.97,0.28,0.97,0.94,0.8,0.83
1177,0.92,0.95,0.97,0.32,0.96,0.94,0.75,0.79
1178,0.92,0.95,0.97,0.28,0.96,0.94,0.75,0.79
1179,0.92,0.94,0.96,0.28,0.97,0.94,0.7,0.79
1180,0.94,0.95,0.97,0.28,0.96,0.92,0.75,0.79
1181,0.94,0.95,0.96,0.28,0.96,0.94,0.7,0.79
1182,0.92,0.95,0.97,0.24,0.97,0.94,0.75,0.79
1183,0.93,0.94,0.96,0.28,0.96,0.95,0.7,0.79
1184,0.92,0.95,0.96,0.24,0.95,0.94,0.7,0.79
1185,0.93,0.95,0.96,0.24,0.96,0.94,0.75,0.79
1186,0.92,0.95,0.96,0.24,0.97,0.94,0.75,0.76
1187,0.92,0.95,0.96,0.24,0.96,0.94,0.75,0.79
1188,0.92,0.95,0.95,0.24,0.96,0.94,0.7,0.79
1189,0.92,0.94,0.96,0.28,0.97,0.95,0.75,0.79
1190,0.94,0.95,0.96,0.24,0.96,0.95,0.7,0.79
1191,0.93,0.94,0.95,0.24,0.96,0.94,0.7,0.76
1192,0.92,0.95,0.95,0.24,0.96,0.95,0.7,0.79
1193,0.92,0.94,0.95,0.24,0.95,0.94,0.75,0.79
1194,0.92,0.94,0.95,0.24,0.95,0.95,0.75,0.76
1195,0.92,0.94,0.95,0.24,0.96,0.94,0.75,0.79
1196,0.92,0.94,0.95,0.24,0.96,0.92,0.75,0.79
1197,0.92,0.94,0.95,0.2,0.96,0.95,0.7,0.79
1198,0.92,0.94,0.95,0.24,0.95,0.94,0.75,0.76
1199,0.92,0.95,0.94,0.24,0.96,0.94,0.7,0.79
1200,0.93,0.94,0.94,0.24,0.97,0.95,0.7,0.76
1201,0.92,0.94,0.95,0.2,0.96,0.94,0.7,0.79
1202,0.92,0.94,0.95,0.24,0.96,0.92,0.7,0.79
1203,0.92,0.95,0.95,0.24,0.96,0.94,0.7,0.79
1204,0.93,0.94,0.95,0.24,0.95,0.92,0.7,0.79
1205,0.92,0.94,0.94,0.2,0.95,0.94,0.75,0.79
1206,0.94,0.94,0.94,0.2,0.96,0.94,0.7,0.76
1207,0.92,0.95,0.95,0.24,0.95,0.94,0.75,0.79
1208,0.93,0.94,0.95,0.2,0.96,0.94,0.7,0.79
1209,0.92,0.94,0.95,0.24,0.96,0.95,0.75,0.79
1210,0.93,0.94,0.95,0.2,0.97,0.94,0.8,0.79
1211,0.92,0.94,0.95,0.24,0.96,0.94,0.7,0.79
1212,0.93,0.94,0.95,0.2,0.95,0.92,0.75,0.79
1213,0.92,0.94,0.95,0.24,0.97,0.94,0.75,0.79
1214,0.92,0.95,0.95,0.24,0.95,0.94,0.8,0.79
1215,0.94,0.95,0.95,0.24,0.96,0.94,0.7,0.79
1216,0.93,0.94,0.95,0.24,0.96,0.92,0.75,0.79
1217,0.92,0.95,0.95,0.24,0.95,0.95,0.8,0.79
1218,0.92,0.94,0.95,0.24,0.97,0.95,0.75,0.79
1219,0.92,0.95,0.95,0.2,0.95,0.95,0.7,0.79
1220,0.93,0.94,0.95,0.2,0.96,0.94,0.75,0.79
1221,0.92,0.94,0.95,0.24,0.96,0.94,0.8,0.83
1222,0.92,0.95,0.95,0.24,0.96,0.94,0.8,0.79
1223,0.92,0.95,0.95,0.2,0.95,0.94,0.75,0.76
1224,0.92,0.94,0.95,0.2,0.95,0.94,0.8,0.79
1225,0.92,0.94,0.95,0.2,0.96,0.94,0.75,0.79
1226,0.91,0.95,0.95,0.24,0.95,0.94,0.75,0.79
1227,0.92,0.95,0.95,0.2,0.96,0.94,0.75,0.79
1228,0.92,0.94,0.95,0.24,0.95,0.95,0.75,0.83
1229,0.92,0.94,0.95,0.24,0.96,0.94,0.7,0.79
1230,0.92,0.94,0.95,0.28,0.96,0.94,0.7,0.79
1231,0.92,0.94,0.95,0.24,0.96,0.94,0.75,0.79
1232,0.92,0.95,0.96,0.24,0.96,0.94,0.7,0.83
1233,0.92,0.94,0.95,0.2,0.96,0.95,0.75,0.76
1234,0.93,0.94,0.95,0.2,0.96,0.94,0.75,0.79
1235,0.92,0.94,0.95,0.2,0.96,0.95,0.7,0.79
1236,0.94,0.94,0.95,0.2,0.96,0.94,0.7,0.79
1237,0.93,0.94,0.95,0.24,0.96,0.94,0.8,0.83
1238,0.92,0.95,0.95,0.16,0.96,0.95,0.8,0.76
1239,0.92,0.94,0.95,0.2,0.96,0.94,0.75,0.83
1240,0.92,0.94,0.95,0.24,0.97,0.95,0.8,0.79
1241,0.92,0.94,0.95,0.2,0.96,0.94,0.8,0.79
1242,0.93,0.95,0.96,0.16,0.95,0.95,0.7,0.79
1243,0.93,0.94,0.96,0.2,0.96,0.94,0.7,0.79
1244,0.92,0.94,0.96,0.24,0.95,0.94,0.75,0.79
1245,0.92,0.94,0.96,0.24,0.96,0.94,0.8,0.83
1246,0.93,0.95,0.96,0.2,0.97,0.95,0.8,0.79
1247,0.93,0.95,0.96,0.2,0.98,0.95,0.75,0.76
1248,0.94,0.95,0.96,0.16,0.96,0.95,0.75,0.83
1249,0.93,0.94,0.96,0.16,0.97,0.95,0.75,0.79
1250,0.93,0.94,0.96,0.2,0.96,0.94,0.8,0.79
1251,0.92,0.94,0.96,0.24,0.96,0.94,0.7,0.83
1252,0.94,0.94,0.97,0.2,0.95,0.94,0.75,0.79
1253,0.94,0.95,0.97,0.24,0.95,0.94,0.75,0.79
1254,0.94,0.95,0.97,0.2,0.96,0.97,0.75,0.79
1255,0.93,0.94,0.97,0.16,0.96,0.95,0.75,0.83
1256,0.93,0.94,0.97,0.2,0.96,0.95,0.8,0.83
1257,0.93,0.94,0.97,0.2,0.96,0.94,0.8,0.83
1258,0.94,0.94,0.97,0.2,0.96,0.97,0.8,0.79
1259,0.94,0.95,0.97,0.2,0.96,0.95,0.8,0.83
1260,0.93,0.94,0.97,0.24,0.95,0.94,0.8,0.83
1261,0.93,0.94,0.98,0.2,0.96,0.95,0.8,0.83
1262,0.94,0.95,0.97,0.16,0.96,0.95,0.75,0.79
1263,0.94,0.95,0.97,0.24,0.96,0.95,0.75,0.79
1264,0.95,0.95,0.97,0.2,0.97,0.97,0.75,0.79
1265,0.94,0.94,0.97,0.2,0.96,0.94,0.75,0.79
1266,0.93,0.95,0.97,0.2,0.96,0.97,0.8,0.79
1267,0.94,0.95,0.97,0.2,0.96,0.95,0.75,0.79
1268,0.94,0.95,0.97,0.16,0.96,0.95,0.8,0.83
1269,0.94,0.95,0.98,0.16,0.96,0.95,0.75,0.83
1270,0.93,0.94,0.97,0.2,0.97,0.97,0.8,0.83
1271,0.94,0.95,0.97,0.2,0.96,0.97,0.75,0.83
1272,0.94,0.95,0.98,0.24,0.96,0.97,0.8,0.83
1273,0.93,0.95,0.98,0.2,0.96,0.94,0.8,0.83
1274,0.95,0.95,0.97,0.16,0.96,0.97,0.8,0.83
1275,0.94,0.94,0.98,0.2,0.96,0.95,0.8,0.83
1276,0.95,0.95,0.98,0.2,0.96,0.95,0.8,0.83
1277,0.94,0.95,0.98,0.16,0.95,0.97,0.8,0.79
1278,0.94,0.94,0.98,0.2,0.96,0.97,0.8,0.83
1279,0.95,0.95,0.97,0.16,0.97,0.95,0.8,0.83
1280,0.94,0.95,0.97,0.2,0.96,0.97,0.8,0.83
1281,0.95,0.94,0.97,0.2,0.96,0.97,0.8,0.83
1282,0.95,0.94,0.97,0.2,0.96,0.97,0.75,0.83
1283,0.94,0.95,0.97,0.12,0.96,0.95,0.75,0.79
1284,0.94,0.95,0.97,0.16,0.96,0.97,0.8,0.86
1285,0.94,0.95,0.97,0.16,0.97,0.98,0.8,0.83
1286,0.95,0.95,0.97,0.16,0.96,0.97,0.8,0.83
1287,0.94,0.95,0.97,0.2,0.96,0.97,0.8,0.83
1288,0.95,0.95,0.97,0.16,0.96,0.98,0.8,0.86
1289,0.94,0.94,0.96,0.16,0.97,0.97,0.8,0.79
1290,0.94,0.95,0.97,0.16,0.97,0.98,0.8,0.83
1291,0.95,0.95,0.97,0.16,0.96,0.97,0.85,0.83
1292,0.95,0.95,0.96,0.12,0.96,0.97,0.8,0.79
1293,0.95,0.95,0.97,0.16,0.97,0.98,0.75,0.83
1294,0.94,0.95,0.97,0.16,0.96,0.97,0.75,0.83
1295,0.94,0.94,0.97,0.16,0.96,0.94,0.75,0.83
1296,0.95,0.95,0.97,0.16,0.96,0.95,0.8,0.79
1297,0.95,0.95,0.97,0.16,0.96,0.95,0.75,0.83
1298,0.95,0.95,0.97,0.16,0.96,0.95,0.8,0.83
1299,0.95,0.95,0.97,0.12,0.95,0.95,0.75,0.79
1300,0.95,0.95,0.97,0.12,0.97,0.98,0.75,0.79
1301,0.95,0.95,0.97,0.12,0.96,0.95,0.8,0.83
1302,0.95,0.95,0.97,0.12,0.96,0.97,0.75,0.79
1303,0.96,0.95,0.97,0.12,0.96,0.97,0.75,0.83
1304,0.96,0.95,0.97,0.12,0.96,0.95,0.75,0.79
1305,0.94,0.95,0.97,0.12,0.97,0.97,0.8,0.79
1306,0.94,0.95,0.97,0.12,0.96,0.95,0.8,0.83
1307,0.95,0.95,0.97,0.12,0.95,0.97,0.8,0.83
1308,0.94,0.95,0.97,0.12,0.96,0.95,0.8,0.83
1309,0.94,0.95,0.97,0.12,0.96,0.97,0.8,0.83
1310,0.94,0.95,0.97,0.12,0.96,0.95,0.8,0.79
1311,0.94,0.96,0.97,0.12,0.96,0.97,0.8,0.79
1312,0.93,0.95,0.97,0.16,0.97,0.95,0.75,0.83
1313,0.94,0.95,0.97,0.16,0.97,0.97,0.75,0.83
1314,0.94,0.95,0.97,0.16,0.95,0.97,0.8,0.83
1315,0.94,0.95,0.97,0.12,0.96,0.98,0.8,0.83
1316,0.93,0.94,0.97,0.16,0.96,0.97,0.8,0.83
1317,0.92,0.94,0.96,0.16,0.96,0.95,0.75,0.83
1318,0.93,0.94,0.96,0.12,0.96,0.98,0.75,0.83
1319,0.92,0.94,0.96,0.12,0.96,0.97,0.75,0.83
1320,0.92,0.94,0.96,0.08,0.96,0.97,0.8,0.79
1321,0.92,0.94,0.96,0.12,0.97,0.97,0.8,0.83
1322,0.92,0.94,0.96,0.12,0.96,0.97,0.8,0.86
1323,0.91,0.93,0.95,0.2,0.96,0.97,0.8,0.83
1324,0.91,0.93,0.95,0.12,0.96,0.97,0.8,0.83
1325,0.92,0.93,0.94,0.16,0.97,0.97,0.75,0.83
1326,0.91,0.94,0.95,0.16,0.96,0.97,0.75,0.83
1327,0.91,0.93,0.95,0.16,0.95,0.95,0.8,0.83
1328,0.92,0.93,0.95,0.12,0.96,0.97,0.8,0.83
1329,0.9,0.93,0.94,0.08,0.96,0.97,0.8,0.79
1330,0.9,0.93,0.94,0.12,0.95,0.95,0.8,0.83
1331,0.9,0.92,0.94,0.16,0.95,0.97,0.8,0.83
1332,0.91,0.93,0.93,0.12,0.95,0.95,0.75,0.83
1333,0.9,0.92,0.93,0.12,0.95,0.97,0.8,0.83
1334,0.9,0.93,0.93,0.12,0.95,0.97,0.8,0.86
1335,0.9,0.91,0.93,0.12,0.96,0.97,0.8,0.83
1336,0.9,0.92,0.92,0.12,0.95,0.97,0.75,0.79
1337,0.9,0.92,0.92,0.12,0.96,0.95,0.75,0.83
1338,0.89,0.91,0.93,0.16,0.96,0.97,0.75,0.83
1339,0.89,0.91,0.92,0.12,0.96,0.94,0.8,0.86
1340,0.88,0.91,0.92,0.12,0.94,0.95,0.8,0.83
1341,0.9,0.9,0.92,0.12,0.95,0.95,0.75,0.79
1342,0.88,0.9,0.92,0.16,0.95,0.95,0.85,0.86
1343,0.88,0.9,0.91,0.12,0.96,0.95,0.75,0.79
1344,0.88,0.9,0.91,0.12,0.96,0.94,0.8,0.83
1345,0.88,0.91,0.91,0.12,0.95,0.95,0.85,0.79
1346,0.88,0.9,0.91,0.12,0.94,0.95,0.8,0.83
1347,0.86,0.9,0.9,0.08,0.95,0.95,0.75,0.79
1348,0.86,0.9,0.9,0.16,0.95,0.95,0.75,0.83
1349,0.86,0.9,0.9,0.12,0.94,0.95,0.75,0.79
1350,0.86,0.89,0.89,0.12,0.94,0.95,0.75,0.83
1351,0.86,0.89,0.89,0.16,0.93,0.94,0.75,0.79
1352,0.86,0.89,0.89,0.12,0.94,0.94,0.75,0.83
1353,0.84,0.89,0.89,0.12,0.94,0.94,0.75,0.86
1354,0.84,0.88,0.89,0.12,0.94,0.95,0.8,0.83
1355,0.84,0.88,0.88,0.12,0.95,0.94,0.75,0.83
1356,0.84,0.88,0.88,0.12,0.93,0.95,0.75,0.79
1357,0.84,0.88,0.88,0.08,0.93,0.95,0.8,0.83
1358,0.84,0.87,0.87,0.08,0.94,0.94,0.75,0.79
1359,0.83,0.88,0.87,0.12,0.93,0.95,0.75,0.79
1360,0.83,0.87,0.87,0.08,0.94,0.94,0.75,0.83
1361,0.82,0.87,0.87,0.12,0.94,0.94,0.75,0.83
1362,0.84,0.87,0.86,0.12,0.92,0.95,0.75,0.83
1363,0.82,0.87,0.86,0.16,0.92,0.94,0.75,0.79
1364,0.81,0.86,0.86,0.08,0.93,0.94,0.75,0.83
1365,0.82,0.86,0.85,0.12,0.91,0.94,0.75,0.79
1366,0.82,0.86,0.86,0.08,0.92,0.94,0.75,0.79
1367,0.81,0.85,0.85,0.16,0.91,0.92,0.75,0.83
1368,0.81,0.86,0.85,0.08,0.92,0.94,0.7,0.83
1369,0.81,0.85,0.85,0.12,0.91,0.92,0.75,0.83
1370,0.8,0.85,0.84,0.08,0.92,0.92,0.75,0.83
1371,0.81,0.85,0.84,0.12,0.91,0.92,0.75,0.83
1372,0.8,0.85,0.84,0.12,0.9,0.92,0.75,0.76
1373,0.79,0.85,0.84,0.12,0.92,0.91,0.7,0.79
1374,0.8,0.84,0.83,0.12,0.91,0.92,0.75,0.83
1375,0.79,0.84,0.83,0.08,0.91,0.92,0.75,0.76
1376,0.8,0.84,0.82,0.12,0.9,0.91,0.7,0.83
1377,0.79,0.84,0.82,0.12,0.9,0.92,0.7,0.79
1378,0.79,0.83,0.81,0.12,0.91,0.92,0.75,0.83
1379,0.78,0.84,0.81,0.12,0.9,0.89,0.8,0.79
1380,0.78,0.83,0.8,0.08,0.9,0.91,0.7,0.76
1381,0.77,0.82,0.8,0.08,0.9,0.91,0.7,0.79
1382,0.77,0.82,0.79,0.08,0.89,0.91,0.7,0.79
1383,0.77,0.82,0.79,0.12,0.89,0.89,0.75,0.79
1384,0.76,0.82,0.78,0.08,0.89,0.89,0.7,0.76
1385,0.76,0.82,0.77,0.12,0.86,0.89,0.7,0.76
1386,0.75,0.81,0.77,0.08,0.88,0.89,0.7,0.76
1387,0.75,0.81,0.77,0.08,0.88,0.89,0.7,0.76
1388,0.74,0.8,0.76,0.08,0.86,0.89,0.65,0.72
1389,0.76,0.8,0.76,0.08,0.88,0.89,0.7,0.79
1390,0.73,0.8,0.75,0.12,0.86,0.89,0.65,0.76
1391,0.74,0.8,0.75,0.08,0.86,0.86,0.7,0.72
1392,0.72,0.79,0.74,0.08,0.88,0.89,0.65,0.79
1393,0.72,0.8,0.74,0.08,0.85,0.89,0.7,0.72
1394,0.73,0.79,0.73,0.08,0.85,0.88,0.65,0.76
1395,0.72,0.79,0.73,0.08,0.85,0.86,0.7,0.72
1396,0.71,0.78,0.72,0.08,0.84,0.86,0.65,0.72
1397,0.7,0.79,0.72,0.08,0.85,0.88,0.65,0.72
1398,0.7,0.78,0.72,0.16,0.85,0.86,0.6,0.72
1399,0.7,0.78,0.72,0.12,0.85,0.88,0.65,0.72
1400,0.69,0.77,0.71,0.12,0.83,0.88,0.65,0.72
1401,0.69,0.77,0.7,0.12,0.84,0.88,0.65,0.72
1402,0.69,0.77,0.7,0.12,0.83,0.88,0.65,0.72
1403,0.67,0.76,0.7,0.12,0.83,0.84,0.65,0.76
1404,0.67,0.76,0.69,0.12,0.83,0.84,0.6,0.76
1405,0.66,0.75,0.68,0.12,0.82,0.84,0.65,0.76
1406,0.65,0.75,0.68,0.08,0.82,0.83,0.65,0.72
1407,0.65,0.75,0.68,0.12,0.83,0.86,0.65,0.69
1408,0.65,0.74,0.67,0.12,0.81,0.83,0.65,0.69
1409,0.65,0.74,0.67,0.12,0.81,0.83,0.6,0.72
1410,0.64,0.73,0.66,0.12,0.81,0.83,0.65,0.69
1411,0.63,0.73,0.66,0.12,0.81,0.83,0.65,0.69
1412,0.63,0.72,0.66,0.12,0.81,0.83,0.6,0.69
1413,0.62,0.73,0.65,0.12,0.8,0.84,0.65,0.72
1414,0.62,0.73,0.64,0.16,0.8,0.83,0.6,0.69
1415,0.62,0.72,0.64,0.12,0.79,0.83,0.65,0.69
1416,0.62,0.71,0.64,0.12,0.8,0.84,0.65,0.69
1417,0.61,0.71,0.63,0.12,0.78,0.83,0.65,0.69
1418,0.6,0.7,0.62,0.12,0.79,0.83,0.6,0.69
1419,0.6,0.7,0.62,0.12,0.78,0.83,0.6,0.69
1420,0.59,0.7,0.62,0.16,0.78,0.81,0.6,0.69
1421,0.58,0.69,0.62,0.16,0.77,0.81,0.6,0.69
1422,0.58,0.69,0.61,0.12,0.77,0.81,0.55,0.69
1423,0.57,0.69,0.61,0.12,0.77,0.81,0.6,0.69
1424,0.59,0.68,0.6,0.12,0.77,0.8,0.55,0.66
1425,0.56,0.68,0.6,0.16,0.76,0.81,0.6,0.66
1426,0.57,0.68,0.6,0.16,0.76,0.8,0.55,0.66
1427,0.57,0.67,0.59,0.16,0.76,0.8,0.6,0.66
1428,0.57,0.67,0.59,0.12,0.76,0.8,0.55,0.66
1429,0.56,0.66,0.58,0.12,0.75,0.77,0.6,0.69
1430,0.55,0.66,0.57,0.2,0.75,0.78,0.55,0.66
1431,0.55,0.65,0.58,0.16,0.75,0.78,0.6,0.69
1432,0.54,0.65,0.57,0.16,0.75,0.77,0.5,0.62
1433,0.54,0.65,0.57,0.16,0.75,0.78,0.6,0.66
1434,0.53,0.64,0.56,0.16,0.74,0.75,0.6,0.66
1435,0.52,0.64,0.56,0.12,0.73,0.78,0.55,0.66
1436,0.53,0.63,0.56,0.12,0.74,0.75,0.5,0.66
1437,0.52,0.63,0.56,0.12,0.73,0.77,0.55,0.66
1438,0.51,0.63,0.55,0.16,0.72,0.75,0.6,0.66
1439,0.51,0.62,0.55,0.16,0.73,0.77,0.55,0.66
1440,0.5,0.62,0.53,0.2,0.72,0.75,0.6,0.66
1441,0.5,0.61,0.53,0.12,0.72,0.75,0.55,0.66
1442,0.5,0.61,0.53,0.2,0.73,0.75,0.55,0.66
1443,0.49,0.61,0.53,0.12,0.71,0.75,0.55,0.66
1444,0.49,0.6,0.52,0.16,0.71,0.73,0.5,0.62
1445,0.48,0.6,0.52,0.2,0.71,0.75,0.5,0.62
1446,0.48,0.6,0.51,0.16,0.71,0.72,0.55,0.62
1447,0.48,0.59,0.51,0.16,0.7,0.73,0.5,0.62
1448,0.47,0.59,0.51,0.16,0.7,0.73,0.55,0.59
1449,0.46,0.59,0.5,0.16,0.69,0.73,0.45,0.62
1450,0.46,0.59,0.5,0.2,0.7,0.73,0.5,0.62
1451,0.47,0.58,0.5,0.16,0.7,0.73,0.55,0.62
1452,0.46,0.57,0.5,0.2,0.69,0.73,0.55,0.66
1453,0.46,0.58,0.5,0.24,0.69,0.72,0.65,0.66
1454,0.46,0.57,0.5,0.24,0.7,0.73,0.55,0.66
1455,0.45,0.56,0.49,0.2,0.69,0.73,0.55,0.66
1456,0.45,0.56,0.49,0.2,0.69,0.73,0.55,0.66
1457,0.46,0.56,0.48,0.24,0.68,0.73,0.55,0.66
1458,0.45,0.56,0.48,0.24,0.68,0.72,0.6,0.62
1459,0.44,0.55,0.48,0.24,0.68,0.72,0.6,0.62
1460,0.44,0.55,0.47,0.16,0.68,0.72,0.55,0.66
1461,0.43,0.55,0.47,0.24,0.67,0.72,0.5,0.62
1462,0.44,0.54,0.46,0.2,0.67,0.7,0.55,0.66
1463,0.42,0.54,0.46,0.2,0.67,0.7,0.55,0.59
1464,0.42,0.53,0.45,0.24,0.65,0.69,0.5,0.59
1465,0.42,0.54,0.45,0.2,0.65,0.67,0.5,0.62
1466,0.42,0.53,0.45,0.24,0.65,0.69,0.45,0.62
1467,0.41,0.53,0.45,0.2,0.65,0.7,0.55,0.59
1468,0.43,0.52,0.45,0.2,0.64,0.69,0.45,0.59
1469,0.41,0.52,0.44,0.24,0.64,0.69,0.5,0.62
1470,0.41,0.51,0.44,0.2,0.64,0.69,0.45,0.59
1471,0.41,0.52,0.44,0.24,0.64,0.69,0.5,0.59
1472,0.4,0.52,0.43,0.24,0.64,0.66,0.5,0.59
1473,0.4,0.51,0.43,0.2,0.62,0.67,0.5,0.59
1474,0.4,0.51,0.43,0.24,0.61,0.67,0.5,0.55
1475,0.4,0.5,0.43,0.2,0.61,0.66,0.45,0.59
1476,0.38,0.49,0.43,0.24,0.61,0.66,0.5,0.59
1477,0.39,0.49,0.42,0.24,0.62,0.66,0.45,0.59
1478,0.38,0.49,0.42,0.24,0.61,0.67,0.5,0.59
1479,0.38,0.49,0.41,0.24,0.61,0.64,0.45,0.59
1480,0.38,0.49,0.42,0.24,0.61,0.66,0.5,0.59
1481,0.39,0.48,0.41,0.24,0.6,0.64,0.5,0.59
1482,0.38,0.48,0.41,0.24,0.6,0.64,0.55,0.55
1483,0.37,0.48,0.4,0.2,0.59,0.64,0.55,0.59
1484,0.37,0.48,0.41,0.2,0.6,0.66,0.5,0.55
1485,0.37,0.48,0.4,0.24,0.59,0.64,0.45,0.55
1486,0.36,0.48,0.4,0.24,0.6,0.67,0.5,0.55
1487,0.36,0.46,0.4,0.24,0.59,0.64,0.55,0.59
1488,0.36,0.47,0.39,0.24,0.59,0.64,0.5,0.55
1489,0.36,0.46,0.39,0.24,0.59,0.64,0.55,0.59
1490,0.36,0.46,0.39,0.28,0.58,0.64,0.5,0.55
1491,0.35,0.45,0.39,0.28,0.58,0.64,0.5,0.59
1492,0.36,0.45,0.38,0.28,0.59,0.64,0.5,0.55
1493,0.35,0.45,0.38,0.24,0.58,0.64,0.5,0.59
1494,0.35,0.44,0.38,0.24,0.58,0.61,0.5,0.55
1495,0.35,0.45,0.38,0.28,0.58,0.62,0.5,0.59
1496,0.34,0.45,0.38,0.24,0.56,0.62,0.5,0.52
1497,0.35,0.44,0.37,0.28,0.58,0.62,0.5,0.55
1498,0.34,0.44,0.38,0.28,0.56,0.59,0.45,0.55
1499,0.35,0.44,0.37,0.28,0.56,0.62,0.45,0.59
