0,0.03,0.03,0.01,0.21,0.02,0.03,0.03,0.02
1,0.02,0.03,0.01,0.24,0.03,0.03,0.03,0.02
2,0.03,0.03,0.01,0.21,0.02,0.03,0.03,0.02
3,0.03,0.06,0.01,0.21,0.02,0.04,0.03,0.02
4,0.07,0.06,0.02,0.21,0.02,0.03,0.03,0.02
5,0.03,0.06,0.02,0.24,0.03,0.03,0.03,0.02
6,0.03,0.03,0.02,0.21,0.02,0.03,0.03,0.02
7,0.03,0.03,0.02,0.21,0.02,0.04,0.02,0.02
8,0.03,0.06,0.02,0.24,0.03,0.03,0.03,0.02
9,0.03,0.03,0.02,0.24,0.02,0.03,0.02,0.02
10,0.03,0.06,0.02,0.24,0.02,0.03,0.03,0.02
11,0.02,0.03,0.02,0.24,0.02,0.03,0.03,0.02
12,0.03,0.06,0.02,0.24,0.03,0.03,0.02,0.02
13,0.03,0.06,0.02,0.21,0.02,0.03,0.03,0.02
14,0.03,0.06,0.02,0.24,0.02,0.03,0.03,0.02
15,0.05,0.03,0.01,0.24,0.02,0.03,0.02,0.02
16,0.03,0.06,0.01,0.24,0.02,0.03,0.02,0.02
17,0.03,0.06,0.02,0.24,0.02,0.04,0.03,0.02
18,0.02,0.06,0.02,0.24,0.02,0.03,0.02,0.02
19,0.03,0.03,0.02,0.24,0.02,0.03,0.03,0.02
20,0.02,0.06,0.02,0.24,0.03,0.03,0.03,0.02
21,0.03,0.06,0.02,0.24,0.03,0.03,0.03,0.03
22,0.03,0.06,0.02,0.24,0.03,0.04,0.03,0.02
23,0.02,0.03,0.01,0.24,0.02,0.03,0.02,0.02
24,0.03,0.06,0.01,0.24,0.02,0.03,0.02,0.02
25,0.03,0.06,0.01,0.24,0.02,0.03,0.03,0.02
26,0.03,0.06,0.01,0.24,0.02,0.03,0.03,0.03
27,0.03,0.03,0.01,0.24,0.02,0.03,0.03,0.02
28,0.03,0.03,0.02,0.24,0.02,0.03,0.03,0.02
29,0.02,0.03,0.02,0.24,0.02,0.03,0.03,0.02
30,0.03,0.06,0.02,0.26,0.02,0.03,0.03,0.02
31,0.03,0.06,0.02,0.24,0.02,0.03,0.02,0.02
32,0.03,0.03,0.02,0.24,0.03,0.03,0.02,0.03
33,0.02,0.03,0.02,0.26,0.02,0.03,0.03,0.03
34,0.03,0.03,0.02,0.24,0.02,0.03,0.03,0.03
35,0.03,0.03,0.02,0.26,0.02,0.04,0.03,0.03
36,0.03,0.06,0.02,0.26,0.02,0.03,0.03,0.02
37,0.03,0.03,0.02,0.26,0.02,0.03,0.03,0.02
38,0.03,0.03,0.02,0.26,0.02,0.03,0.03,0.03
39,0.03,0.06,0.02,0.26,0.02,0.04,0.03,0.03
40,0.03,0.03,0.02,0.26,0.02,0.03,0.03,0.02
41,0.03,0.03,0.02,0.26,0.03,0.03,0.03,0.03
42,0.05,0.06,0.02,0.26,0.03,0.04,0.03,0.03
43,0.03,0.06,0.04,0.26,0.03,0.03,0.03,0.03
44,0.03,0.06,0.02,0.26,0.03,0.04,0.03,0.03
45,0.03,0.03,0.02,0.29,0.03,0.04,0.03,0.03
46,0.03,0.06,0.02,0.29,0.03,0.03,0.03,0.03
47,0.07,0.06,0.02,0.29,0.03,0.03,0.03,0.03
48,0.05,0.08,0.02,0.29,0.03,0.04,0.03,0.03
49,0.05,0.06,0.02,0.29,0.02,0.03,0.03,0.03
50,0.07,0.06,0.02,0.29,0.03,0.03,0.04,0.03
51,0.05,0.03,0.04,0.26,0.03,0.04,0.03,0.03
52,0.05,0.06,0.02,0.29,0.03,0.04,0.03,0.03
53,0.07,0.06,0.02,0.29,0.03,0.04,0.03,0.03
54,0.07,0.06,0.02,0.29,0.03,0.03,0.03,0.03
55,0.05,0.08,0.04,0.29,0.03,0.04,0.03,0.03
56,0.07,0.06,0.04,0.32,0.03,0.03,0.03,0.03
57,0.05,0.06,0.02,0.32,0.03,0.04,0.03,0.02
58,0.07,0.06,0.04,0.29,0.03,0.03,0.03,0.03
59,0.05,0.08,0.04,0.29,0.02,0.03,0.03,0.03
60,0.05,0.06,0.04,0.29,0.03,0.03,0.03,0.03
61,0.05,0.06,0.02,0.32,0.03,0.03,0.03,0.03
62,0.03,0.08,0.04,0.32,0.03,0.04,0.03,0.03
63,0.07,0.06,0.04,0.32,0.03,0.04,0.03,0.03
64,0.07,0.06,0.04,0.32,0.03,0.04,0.03,0.03
65,0.03,0.06,0.04,0.32,0.03,0.03,0.03,0.03
66,0.03,0.06,0.02,0.32,0.03,0.03,0.03,0.03
67,0.03,0.06,0.02,0.32,0.03,0.03,0.03,0.03
68,0.08,0.06,0.02,0.32,0.04,0.03,0.03,0.03
69,0.05,0.06,0.04,0.35,0.03,0.03,0.04,0.03
70,0.03,0.06,0.02,0.35,0.03,0.03,0.03,0.03
71,0.05,0.06,0.04,0.35,0.03,0.03,0.03,0.03
72,0.03,0.06,0.04,0.32,0.03,0.03,0.03,0.03
73,0.03,0.06,0.04,0.35,0.03,0.03,0.03,0.03
74,0.05,0.08,0.04,0.35,0.03,0.04,0.03,0.03
75,0.03,0.08,0.04,0.35,0.03,0.04,0.04,0.03
76,0.03,0.06,0.04,0.35,0.03,0.04,0.04,0.04
77,0.03,0.08,0.05,0.35,0.04,0.03,0.04,0.04
78,0.05,0.08,0.04,0.35,0.03,0.03,0.03,0.03
79,0.03,0.08,0.05,0.38,0.03,0.04,0.03,0.03
80,0.05,0.06,0.04,0.35,0.03,0.04,0.03,0.03
81,0.03,0.08,0.04,0.38,0.03,0.04,0.04,0.03
82,0.07,0.06,0.04,0.35,0.04,0.04,0.03,0.03
83,0.05,0.08,0.05,0.38,0.03,0.04,0.04,0.04
84,0.05,0.06,0.05,0.38,0.03,0.04,0.03,0.03
85,0.07,0.06,0.04,0.38,0.04,0.04,0.04,0.03
86,0.07,0.08,0.04,0.38,0.03,0.04,0.03,0.03
87,0.05,0.06,0.05,0.38,0.03,0.04,0.03,0.04
88,0.08,0.06,0.05,0.38,0.03,0.04,0.04,0.03
89,0.05,0.06,0.04,0.38,0.03,0.04,0.03,0.03
90,0.05,0.06,0.04,0.38,0.03,0.04,0.03,0.03
91,0.05,0.08,0.05,0.38,0.04,0.04,0.04,0.02
92,0.03,0.08,0.04,0.41,0.04,0.04,0.03,0.03
93,0.07,0.08,0.05,0.41,0.03,0.04,0.03,0.03
94,0.07,0.06,0.05,0.41,0.03,0.03,0.04,0.03
95,0.05,0.08,0.05,0.41,0.03,0.04,0.03,0.03
96,0.08,0.08,0.04,0.41,0.03,0.03,0.03,0.03
97,0.05,0.08,0.05,0.41,0.03,0.03,0.03,0.03
98,0.05,0.08,0.04,0.41,0.03,0.03,0.03,0.03
99,0.05,0.06,0.04,0.41,0.04,0.03,0.03,0.03
100,0.05,0.08,0.04,0.41,0.03,0.03,0.03,0.03
101,0.05,0.08,0.04,0.41,0.03,0.03,0.02,0.03
102,0.05,0.08,0.04,0.41,0.03,0.04,0.03,0.03
103,0.03,0.06,0.05,0.41,0.03,0.03,0.03,0.03
104,0.03,0.08,0.04,0.41,0.03,0.02,0.02,0.03
105,0.05,0.08,0.04,0.41,0.03,0.03,0.02,0.03
106,0.05,0.08,0.05,0.41,0.03,0.03,0.03,0.03
107,0.05,0.08,0.05,0.44,0.03,0.03,0.03,0.02
108,0.03,0.08,0.04,0.41,0.03,0.03,0.03,0.03
109,0.05,0.08,0.05,0.41,0.03,0.03,0.03,0.03
110,0.03,0.08,0.02,0.41,0.03,0.03,0.02,0.03
111,0.05,0.06,0.04,0.41,0.03,0.03,0.02,0.02
112,0.07,0.08,0.04,0.41,0.03,0.03,0.03,0.02
113,0.03,0.08,0.04,0.44,0.03,0.03,0.02,0.02
114,0.05,0.08,0.04,0.44,0.03,0.03,0.02,0.02
115,0.07,0.08,0.04,0.44,0.03,0.03,0.03,0.02
116,0.03,0.06,0.02,0.44,0.03,0.03,0.02,0.02
117,0.03,0.08,0.02,0.41,0.03,0.03,0.02,0.02
118,0.03,0.08,0.04,0.44,0.03,0.03,0.02,0.03
119,0.05,0.08,0.04,0.44,0.03,0.02,0.03,0.02
120,0.05,0.08,0.04,0.44,0.03,0.03,0.03,0.02
121,0.05,0.08,0.04,0.44,0.02,0.03,0.03,0.02
122,0.07,0.08,0.04,0.44,0.03,0.03,0.02,0.02
123,0.05,0.08,0.04,0.44,0.03,0.02,0.02,0.02
124,0.03,0.08,0.04,0.44,0.03,0.03,0.03,0.02
125,0.03,0.08,0.02,0.44,0.02,0.03,0.02,0.02
126,0.03,0.11,0.02,0.44,0.03,0.03,0.02,0.02
127,0.03,0.08,0.02,0.44,0.02,0.03,0.03,0.02
128,0.03,0.06,0.02,0.44,0.03,0.02,0.02,0.02
129,0.05,0.08,0.04,0.44,0.03,0.03,0.02,0.01
130,0.03,0.08,0.02,0.44,0.03,0.03,0.02,0.02
131,0.03,0.06,0.02,0.44,0.02,0.03,0.02,0.02
132,0.05,0.08,0.02,0.44,0.03,0.03,0.03,0.02
133,0.03,0.08,0.02,0.44,0.03,0.03,0.02,0.02
134,0.03,0.08,0.04,0.44,0.02,0.03,0.02,0.02
135,0.03,0.08,0.02,0.44,0.02,0.02,0.02,0.02
136,0.03,0.08,0.04,0.44,0.03,0.03,0.02,0.02
137,0.03,0.08,0.02,0.44,0.02,0.03,0.02,0.02
138,0.03,0.08,0.04,0.47,0.02,0.02,0.02,0.02
139,0.03,0.08,0.02,0.44,0.02,0.03,0.02,0.01
140,0.03,0.08,0.04,0.44,0.03,0.02,0.02,0.02
141,0.03,0.06,0.02,0.44,0.03,0.02,0.02,0.01
142,0.02,0.08,0.04,0.44,0.03,0.03,0.02,0.02
143,0.02,0.06,0.02,0.47,0.03,0.03,0.02,0.02
144,0.02,0.06,0.02,0.44,0.02,0.03,0.02,0.02
145,0.03,0.08,0.02,0.44,0.02,0.02,0.02,0.02
146,0.03,0.06,0.02,0.44,0.02,0.02,0.02,0.02
147,0.03,0.06,0.02,0.44,0.02,0.02,0.02,0.01
148,0.03,0.06,0.02,0.44,0.02,0.02,0.02,0.02
149,0.03,0.08,0.02,0.44,0.02,0.02,0.02,0.02
150,0.03,0.06,0.04,0.47,0.02,0.02,0.02,0.02
151,0.03,0.06,0.02,0.44,0.02,0.02,0.02,0.02
152,0.03,0.08,0.02,0.44,0.02,0.02,0.02,0.02
153,0.05,0.08,0.02,0.47,0.02,0.03,0.02,0.02
154,0.03,0.06,0.02,0.44,0.02,0.02,0.02,0.01
155,0.03,0.06,0.02,0.44,0.02,0.02,0.02,0.02
156,0.03,0.06,0.02,0.44,0.02,0.02,0.02,0.01
157,0.02,0.06,0.04,0.44,0.02,0.02,0.02,0.02
158,0.02,0.06,0.02,0.44,0.02,0.02,0.02,0.02
159,0.03,0.06,0.02,0.44,0.02,0.02,0.02,0.02
160,0.03,0.08,0.02,0.47,0.02,0.02,0.02,0.02
161,0.02,0.06,0.02,0.44,0.02,0.02,0.02,0.01
162,0.02,0.06,0.01,0.44,0.02,0.02,0.02,0.02
163,0.02,0.06,0.04,0.44,0.02,0.02,0.02,0.02
164,0.03,0.06,0.02,0.44,0.02,0.02,0.02,0.01
165,0.03,0.08,0.02,0.44,0.02,0.02,0.02,0.01
166,0.02,0.06,0.02,0.47,0.02,0.02,0.02,0.02
167,0.07,0.08,0.02,0.44,0.02,0.02,0.02,0.02
168,0.02,0.06,0.02,0.44,0.02,0.02,0.02,0.02
169,0.02,0.06,0.02,0.44,0.02,0.02,0.02,0.02
170,0.02,0.06,0.02,0.44,0.02,0.02,0.02,0.01
171,0.03,0.06,0.02,0.44,0.02,0.01,0.02,0.01
172,0.03,0.06,0.01,0.44,0.02,0.02,0.02,0.02
173,0.03,0.06,0.01,0.44,0.02,0.02,0.02,0.02
174,0.03,0.06,0.01,0.44,0.02,0.01,0.01,0.01
175,0.02,0.06,0.02,0.44,0.02,0.02,0.02,0.02
176,0.02,0.06,0.01,0.44,0.02,0.02,0.02,0.02
177,0.03,0.08,0.01,0.41,0.02,0.02,0.02,0.01
178,0.02,0.06,0.01,0.44,0.02,0.02,0.02,0.01
179,0.02,0.08,0.02,0.44,0.01,0.02,0.02,0.02
180,0.02,0.08,0.02,0.44,0.02,0.02,0.02,0.02
181,0.07,0.06,0.02,0.44,0.02,0.02,0.02,0.01
182,0.02,0.08,0.02,0.47,0.02,0.01,0.02,0.01
183,0.03,0.06,0.01,0.44,0.02,0.02,0.02,0.01
184,0.02,0.06,0.02,0.44,0.02,0.01,0.02,0.01
185,0.02,0.06,0.02,0.44,0.02,0.01,0.02,0.01
186,0.03,0.06,0.01,0.41,0.02,0.02,0.02,0.01
187,0.02,0.06,0.02,0.41,0.02,0.02,0.02,0.01
188,0.03,0.06,0.01,0.44,0.02,0.02,0.02,0.01
189,0.02,0.06,0.02,0.44,0.01,0.02,0.02,0.01
190,0.02,0.06,0.01,0.44,0.01,0.02,0.02,0.02
191,0.02,0.06,0.01,0.44,0.02,0.02,0.02,0.01
192,0.02,0.03,0.02,0.44,0.01,0.02,0.02,0.01
193,0.05,0.08,0.02,0.44,0.02,0.01,0.02,0.01
194,0.0,0.08,0.01,0.44,0.01,0.02,0.02,0.02
195,0.05,0.06,0.01,0.44,0.02,0.02,0.02,0.02
196,0.03,0.06,0.02,0.44,0.02,0.02,0.01,0.01
197,0.02,0.06,0.01,0.44,0.01,0.02,0.02,0.02
198,0.05,0.06,0.02,0.44,0.02,0.02,0.01,0.02
199,0.02,0.03,0.01,0.44,0.01,0.01,0.02,0.02
200,0.02,0.06,0.02,0.44,0.01,0.02,0.02,0.01
201,0.02,0.03,0.02,0.44,0.02,0.02,0.02,0.02
202,0.02,0.06,0.02,0.44,0.02,0.02,0.03,0.02
203,0.03,0.08,0.02,0.44,0.02,0.02,0.02,0.02
204,0.02,0.06,0.02,0.44,0.01,0.02,0.02,0.02
205,0.02,0.03,0.02,0.44,0.01,0.02,0.01,0.02
206,0.05,0.06,0.01,0.44,0.01,0.01,0.02,0.01
207,0.02,0.06,0.02,0.41,0.01,0.02,0.02,0.02
208,0.02,0.03,0.02,0.44,0.01,0.02,0.02,0.02
209,0.02,0.03,0.02,0.44,0.01,0.02,0.02,0.01
210,0.05,0.06,0.01,0.44,0.02,0.01,0.02,0.02
211,0.03,0.06,0.01,0.44,0.02,0.01,0.02,0.02
212,0.03,0.06,0.01,0.44,0.01,0.01,0.01,0.01
213,0.02,0.06,0.01,0.44,0.01,0.01,0.01,0.01
214,0.05,0.06,0.01,0.44,0.02,0.02,0.02,0.01
215,0.02,0.06,0.02,0.44,0.01,0.02,0.01,0.01
216,0.02,0.03,0.01,0.44,0.01,0.02,0.02,0.01
217,0.02,0.03,0.02,0.41,0.01,0.01,0.02,0.01
218,0.02,0.03,0.01,0.44,0.01,0.01,0.02,0.02
219,0.02,0.03,0.01,0.44,0.01,0.01,0.01,0.01
220,0.02,0.03,0.02,0.44,0.01,0.02,0.01,0.02
221,0.02,0.06,0.01,0.44,0.01,0.01,0.01,0.02
222,0.05,0.03,0.01,0.41,0.01,0.01,0.01,0.01
223,0.0,0.06,0.02,0.44,0.01,0.01,0.02,0.02
224,0.02,0.03,0.02,0.44,0.02,0.01,0.02,0.01
225,0.02,0.03,0.01,0.44,0.01,0.01,0.01,0.01
226,0.02,0.03,0.02,0.44,0.01,0.02,0.02,0.01
227,0.03,0.03,0.01,0.44,0.01,0.01,0.02,0.01
228,0.02,0.03,0.01,0.44,0.01,0.01,0.01,0.01
229,0.02,0.03,0.01,0.41,0.01,0.01,0.02,0.01
230,0.02,0.03,0.02,0.41,0.01,0.02,0.02,0.01
231,0.02,0.06,0.01,0.44,0.01,0.01,0.01,0.01
232,0.02,0.06,0.01,0.44,0.01,0.01,0.01,0.01
233,0.02,0.06,0.01,0.41,0.01,0.01,0.02,0.01
234,0.03,0.06,0.01,0.41,0.02,0.01,0.01,0.02
235,0.02,0.06,0.01,0.44,0.02,0.01,0.02,0.02
236,0.03,0.03,0.01,0.44,0.01,0.01,0.02,0.01
237,0.05,0.06,0.01,0.44,0.02,0.01,0.02,0.01
238,0.02,0.03,0.01,0.44,0.01,0.02,0.01,0.01
239,0.02,0.06,0.01,0.41,0.01,0.01,0.02,0.01
240,0.02,0.06,0.0,0.41,0.01,0.01,0.01,0.01
241,0.02,0.03,0.01,0.41,0.01,0.01,0.01,0.01
242,0.03,0.03,0.01,0.41,0.01,0.01,0.01,0.01
243,0.02,0.06,0.01,0.41,0.01,0.0,0.01,0.01
244,0.02,0.03,0.01,0.41,0.01,0.01,0.01,0.01
245,0.02,0.03,0.01,0.41,0.01,0.01,0.01,0.01
246,0.02,0.03,0.01,0.41,0.01,0.01,0.02,0.02
247,0.02,0.03,0.01,0.41,0.01,0.01,0.01,0.01
248,0.02,0.03,0.01,0.41,0.01,0.01,0.01,0.01
249,0.02,0.03,0.01,0.44,0.01,0.01,0.02,0.01
250,0.02,0.03,0.01,0.41,0.02,0.01,0.01,0.01
251,0.0,0.03,0.01,0.41,0.02,0.01,0.02,0.01
252,0.05,0.03,0.01,0.41,0.01,0.01,0.01,0.01
253,0.02,0.03,0.01,0.41,0.01,0.01,0.02,0.01
254,0.02,0.03,0.01,0.44,0.01,0.01,0.01,0.02
255,0.02,0.03,0.01,0.41,0.01,0.01,0.01,0.01
256,0.02,0.03,0.01,0.41,0.01,0.01,0.02,0.01
257,0.0,0.03,0.01,0.44,0.01,0.0,0.01,0.01
258,0.02,0.03,0.01,0.44,0.01,0.01,0.01,0.02
259,0.02,0.03,0.0,0.41,0.01,0.0,0.01,0.01
260,0.0,0.03,0.01,0.41,0.01,0.01,0.01,0.01
261,0.03,0.03,0.01,0.41,0.01,0.01,0.01,0.01
262,0.02,0.03,0.01,0.41,0.02,0.01,0.01,0.0
263,0.0,0.03,0.01,0.41,0.02,0.01,0.01,0.01
264,0.02,0.03,0.01,0.41,0.01,0.01,0.01,0.01
265,0.02,0.03,0.01,0.41,0.01,0.01,0.01,0.01
266,0.02,0.03,0.0,0.41,0.0,0.01,0.01,0.01
267,0.02,0.03,0.01,0.41,0.01,0.01,0.01,0.0
268,0.02,0.0,0.01,0.41,0.01,0.01,0.01,0.01
269,0.0,0.03,0.0,0.41,0.01,0.0,0.01,0.01
270,0.02,0.03,0.01,0.41,0.01,0.01,0.01,0.01
271,0.03,0.03,0.01,0.41,0.01,0.01,0.01,0.01
272,0.02,0.06,0.01,0.41,0.01,0.01,0.01,0.0
273,0.0,0.03,0.0,0.41,0.01,0.01,0.01,0.01
274,0.02,0.03,0.01,0.41,0.0,0.0,0.01,0.01
275,0.02,0.03,0.0,0.41,0.01,0.0,0.01,0.01
276,0.0,0.03,0.0,0.41,0.0,0.0,0.01,0.0
277,0.0,0.0,0.0,0.38,0.0,0.0,0.0,0.0
278,0.02,0.03,0.0,0.38,0.01,0.0,0.01,0.0
279,0.02,0.03,0.0,0.38,0.01,0.0,0.0,0.0
280,0.0,0.03,0.0,0.38,0.01,0.0,0.01,0.01
281,0.05,0.03,0.0,0.38,0.01,0.01,0.01,0.0
282,0.0,0.03,0.0,0.38,0.0,0.0,0.01,0.0
283,0.02,0.03,0.0,0.41,0.0,0.0,0.01,0.01
284,0.0,0.03,0.0,0.38,0.0,0.0,0.01,0.0
285,0.03,0.03,0.0,0.38,0.01,0.01,0.01,0.0
286,0.05,0.03,0.0,0.38,0.0,0.0,0.01,0.01
287,0.02,0.03,0.01,0.38,0.01,0.01,0.01,0.0
288,0.02,0.03,0.0,0.38,0.01,0.01,0.01,0.0
289,0.03,0.03,0.0,0.38,0.01,0.01,0.01,0.01
290,0.02,0.03,0.0,0.38,0.01,0.0,0.01,0.0
291,0.0,0.03,0.0,0.38,0.01,0.0,0.01,0.0
292,0.02,0.03,0.0,0.38,0.01,0.01,0.01,0.0
293,0.05,0.03,0.0,0.38,0.01,0.0,0.01,0.0
294,0.05,0.0,0.0,0.38,0.01,0.01,0.01,0.01
295,0.0,0.0,0.0,0.38,0.01,0.0,0.01,0.01
296,0.03,0.03,0.01,0.38,0.01,0.01,0.01,0.01
297,0.02,0.03,0.01,0.38,0.01,0.0,0.02,0.01
298,0.02,0.03,0.01,0.38,0.01,0.01,0.01,0.01
299,0.02,0.03,0.0,0.38,0.01,0.01,0.02,0.01
300,0.0,0.03,0.01,0.38,0.01,0.01,0.02,0.01
301,0.05,0.03,0.01,0.41,0.01,0.01,0.02,0.01
302,0.02,0.0,0.01,0.38,0.01,0.01,0.02,0.01
303,0.02,0.03,0.01,0.38,0.01,0.01,0.02,0.02
304,0.03,0.03,0.01,0.35,0.02,0.01,0.03,0.01
305,0.03,0.03,0.01,0.38,0.01,0.01,0.03,0.02
306,0.07,0.06,0.01,0.38,0.01,0.02,0.04,0.02
307,0.03,0.06,0.01,0.38,0.01,0.01,0.03,0.02
308,0.03,0.06,0.02,0.38,0.01,0.01,0.04,0.02
309,0.03,0.03,0.02,0.38,0.01,0.02,0.04,0.03
310,0.03,0.03,0.02,0.38,0.01,0.01,0.04,0.03
311,0.02,0.03,0.02,0.38,0.01,0.02,0.05,0.03
312,0.05,0.03,0.02,0.38,0.02,0.02,0.04,0.04
313,0.03,0.03,0.02,0.38,0.02,0.02,0.05,0.04
314,0.03,0.03,0.02,0.38,0.02,0.02,0.05,0.04
315,0.03,0.03,0.02,0.38,0.02,0.02,0.07,0.06
316,0.03,0.03,0.02,0.38,0.02,0.02,0.07,0.04
317,0.03,0.03,0.04,0.35,0.02,0.02,0.07,0.06
318,0.03,0.03,0.04,0.38,0.03,0.03,0.08,0.06
319,0.05,0.06,0.05,0.38,0.03,0.03,0.08,0.06
320,0.07,0.03,0.05,0.38,0.04,0.03,0.09,0.07
321,0.05,0.03,0.05,0.38,0.03,0.03,0.1,0.07
322,0.05,0.03,0.05,0.38,0.04,0.03,0.1,0.08
323,0.07,0.03,0.05,0.35,0.05,0.04,0.12,0.09
324,0.05,0.06,0.07,0.38,0.04,0.05,0.12,0.1
325,0.07,0.06,0.07,0.35,0.05,0.05,0.13,0.1
326,0.07,0.06,0.06,0.35,0.05,0.05,0.13,0.1
327,0.07,0.06,0.07,0.38,0.05,0.05,0.14,0.11
328,0.07,0.06,0.08,0.38,0.07,0.06,0.14,0.12
329,0.08,0.06,0.08,0.38,0.08,0.06,0.15,0.12
330,0.08,0.06,0.09,0.38,0.08,0.06,0.16,0.13
331,0.1,0.06,0.11,0.38,0.09,0.06,0.16,0.13
332,0.13,0.06,0.11,0.38,0.09,0.06,0.16,0.13
333,0.13,0.06,0.12,0.38,0.09,0.06,0.19,0.16
334,0.1,0.08,0.11,0.38,0.1,0.08,0.19,0.16
335,0.11,0.06,0.13,0.38,0.11,0.07,0.2,0.17
336,0.13,0.08,0.13,0.38,0.1,0.08,0.2,0.17
337,0.13,0.08,0.14,0.38,0.11,0.08,0.21,0.18
338,0.13,0.08,0.14,0.41,0.12,0.1,0.22,0.19
339,0.15,0.08,0.18,0.41,0.13,0.11,0.24,0.21
340,0.16,0.11,0.16,0.41,0.15,0.12,0.25,0.21
341,0.16,0.11,0.19,0.41,0.15,0.13,0.26,0.23
342,0.18,0.11,0.2,0.41,0.16,0.13,0.27,0.24
343,0.21,0.11,0.2,0.41,0.16,0.14,0.27,0.26
344,0.18,0.14,0.21,0.44,0.16,0.14,0.29,0.26
345,0.2,0.14,0.22,0.41,0.19,0.15,0.29,0.26
346,0.21,0.14,0.22,0.41,0.19,0.16,0.3,0.28
347,0.25,0.14,0.22,0.41,0.19,0.16,0.3,0.28
348,0.21,0.14,0.24,0.44,0.21,0.17,0.31,0.29
349,0.23,0.14,0.25,0.44,0.2,0.17,0.31,0.29
350,0.25,0.17,0.25,0.44,0.21,0.17,0.31,0.3
351,0.26,0.17,0.27,0.44,0.22,0.18,0.32,0.3
352,0.26,0.19,0.26,0.44,0.22,0.18,0.31,0.3
353,0.3,0.17,0.27,0.44,0.23,0.19,0.32,0.31
354,0.26,0.19,0.27,0.47,0.23,0.19,0.32,0.31
355,0.28,0.17,0.28,0.47,0.24,0.19,0.32,0.31
356,0.28,0.19,0.28,0.44,0.24,0.2,0.33,0.31
357,0.3,0.19,0.28,0.47,0.25,0.2,0.32,0.32
358,0.31,0.22,0.29,0.5,0.25,0.21,0.32,0.32
359,0.31,0.19,0.29,0.47,0.25,0.21,0.32,0.33
360,0.31,0.22,0.31,0.5,0.25,0.21,0.33,0.33
361,0.36,0.25,0.31,0.47,0.26,0.22,0.33,0.34
362,0.33,0.22,0.33,0.47,0.26,0.23,0.33,0.33
363,0.33,0.25,0.33,0.47,0.26,0.23,0.34,0.34
364,0.36,0.25,0.34,0.47,0.27,0.24,0.34,0.34
365,0.34,0.25,0.34,0.5,0.29,0.24,0.35,0.36
366,0.36,0.28,0.35,0.5,0.29,0.25,0.35,0.36
367,0.34,0.25,0.35,0.47,0.3,0.25,0.34,0.37
368,0.36,0.28,0.35,0.5,0.3,0.26,0.35,0.37
369,0.38,0.28,0.38,0.5,0.31,0.26,0.35,0.37
370,0.36,0.28,0.36,0.5,0.3,0.27,0.35,0.37
371,0.38,0.28,0.38,0.5,0.32,0.27,0.36,0.38
372,0.39,0.28,0.38,0.53,0.31,0.28,0.37,0.38
373,0.39,0.31,0.38,0.53,0.32,0.28,0.37,0.38
374,0.39,0.31,0.39,0.5,0.32,0.28,0.37,0.39
375,0.41,0.31,0.39,0.53,0.33,0.28,0.38,0.4
376,0.41,0.31,0.4,0.53,0.34,0.28,0.38,0.4
377,0.39,0.33,0.4,0.53,0.34,0.29,0.4,0.4
378,0.41,0.33,0.41,0.53,0.35,0.3,0.4,0.41
379,0.43,0.33,0.41,0.56,0.35,0.3,0.4,0.42
380,0.44,0.33,0.44,0.53,0.36,0.31,0.41,0.43
381,0.44,0.33,0.42,0.53,0.36,0.32,0.42,0.43
382,0.46,0.36,0.44,0.53,0.37,0.32,0.42,0.44
383,0.44,0.36,0.44,0.53,0.38,0.33,0.42,0.46
384,0.44,0.39,0.45,0.56,0.38,0.34,0.43,0.47
385,0.46,0.36,0.45,0.56,0.4,0.34,0.44,0.47
386,0.46,0.36,0.46,0.53,0.4,0.35,0.45,0.47
387,0.46,0.39,0.46,0.56,0.41,0.36,0.46,0.49
388,0.46,0.42,0.48,0.59,0.42,0.36,0.46,0.49
389,0.48,0.42,0.47,0.56,0.41,0.37,0.46,0.49
390,0.48,0.39,0.47,0.56,0.42,0.37,0.47,0.51
391,0.48,0.39,0.47,0.56,0.43,0.38,0.48,0.51
392,0.51,0.42,0.48,0.56,0.43,0.39,0.47,0.52
393,0.49,0.42,0.49,0.56,0.44,0.39,0.48,0.53
394,0.51,0.42,0.49,0.59,0.44,0.39,0.49,0.53
395,0.51,0.44,0.49,0.59,0.45,0.39,0.49,0.53
396,0.51,0.44,0.49,0.59,0.45,0.4,0.49,0.54
397,0.51,0.44,0.52,0.59,0.46,0.41,0.51,0.56
398,0.51,0.47,0.52,0.59,0.47,0.42,0.51,0.56
399,0.54,0.47,0.52,0.59,0.47,0.42,0.51,0.57
400,0.54,0.47,0.53,0.59,0.48,0.42,0.51,0.57
401,0.52,0.47,0.53,0.59,0.48,0.43,0.52,0.57
402,0.52,0.5,0.52,0.62,0.48,0.44,0.52,0.58
403,0.54,0.5,0.52,0.59,0.49,0.45,0.53,0.59
404,0.54,0.5,0.53,0.62,0.51,0.46,0.55,0.59
405,0.54,0.5,0.53,0.59,0.51,0.45,0.54,0.6
406,0.54,0.5,0.54,0.62,0.51,0.46,0.55,0.6
407,0.54,0.53,0.53,0.62,0.52,0.47,0.56,0.61
408,0.54,0.53,0.53,0.62,0.53,0.48,0.56,0.62
409,0.56,0.53,0.54,0.62,0.53,0.48,0.57,0.62
410,0.56,0.56,0.53,0.62,0.53,0.49,0.57,0.62
411,0.56,0.53,0.54,0.62,0.54,0.5,0.57,0.63
412,0.54,0.53,0.54,0.62,0.55,0.5,0.58,0.64
413,0.56,0.56,0.54,0.62,0.54,0.5,0.58,0.64
414,0.56,0.56,0.54,0.62,0.55,0.51,0.58,0.64
415,0.56,0.58,0.54,0.62,0.56,0.51,0.58,0.66
416,0.56,0.56,0.54,0.62,0.56,0.52,0.59,0.66
417,0.56,0.56,0.54,0.62,0.56,0.52,0.59,0.66
418,0.57,0.56,0.54,0.62,0.57,0.53,0.6,0.67
419,0.59,0.56,0.54,0.62,0.57,0.53,0.6,0.67
420,0.59,0.58,0.54,0.62,0.57,0.53,0.62,0.67
421,0.61,0.58,0.54,0.62,0.58,0.54,0.63,0.67
422,0.57,0.56,0.55,0.62,0.58,0.55,0.63,0.69
423,0.56,0.58,0.55,0.62,0.59,0.55,0.64,0.69
424,0.57,0.58,0.54,0.62,0.59,0.55,0.65,0.7
425,0.57,0.58,0.55,0.59,0.59,0.56,0.66,0.71
426,0.59,0.58,0.55,0.62,0.6,0.57,0.67,0.71
427,0.59,0.61,0.55,0.62,0.62,0.58,0.68,0.73
428,0.59,0.61,0.56,0.62,0.63,0.58,0.68,0.73
429,0.59,0.61,0.56,0.65,0.63,0.59,0.69,0.74
430,0.59,0.64,0.58,0.62,0.63,0.59,0.69,0.74
431,0.59,0.61,0.58,0.62,0.63,0.59,0.69,0.74
432,0.62,0.64,0.58,0.62,0.65,0.61,0.69,0.74
433,0.62,0.64,0.59,0.65,0.65,0.61,0.68,0.74
434,0.62,0.64,0.59,0.62,0.65,0.61,0.69,0.74
435,0.62,0.64,0.6,0.65,0.66,0.61,0.68,0.74
436,0.62,0.67,0.6,0.62,0.65,0.62,0.68,0.74
437,0.64,0.67,0.6,0.62,0.66,0.62,0.68,0.74
438,0.64,0.67,0.6,0.65,0.66,0.62,0.68,0.74
439,0.64,0.67,0.6,0.65,0.67,0.62,0.67,0.73
440,0.64,0.67,0.6,0.62,0.66,0.62,0.67,0.73
441,0.64,0.69,0.61,0.62,0.66,0.62,0.67,0.73
442,0.66,0.69,0.61,0.62,0.66,0.63,0.66,0.72
443,0.66,0.67,0.61,0.65,0.66,0.63,0.66,0.73
444,0.66,0.69,0.61,0.65,0.66,0.63,0.66,0.72
445,0.69,0.69,0.62,0.65,0.67,0.63,0.66,0.72
446,0.66,0.69,0.62,0.62,0.67,0.64,0.66,0.73
447,0.66,0.69,0.62,0.65,0.67,0.64,0.67,0.72
448,0.67,0.69,0.62,0.65,0.67,0.64,0.67,0.72
449,0.69,0.69,0.65,0.65,0.67,0.65,0.67,0.73
450,0.67,0.69,0.65,0.62,0.68,0.65,0.67,0.73
451,0.67,0.69,0.65,0.65,0.68,0.65,0.67,0.73
452,0.69,0.69,0.66,0.65,0.68,0.65,0.68,0.74
453,0.69,0.72,0.67,0.65,0.67,0.66,0.68,0.73
454,0.69,0.69,0.66,0.65,0.68,0.66,0.68,0.73
455,0.69,0.72,0.67,0.65,0.68,0.66,0.68,0.74
456,0.72,0.72,0.68,0.65,0.68,0.66,0.69,0.76
457,0.7,0.69,0.68,0.65,0.68,0.67,0.69,0.74
458,0.74,0.72,0.68,0.65,0.68,0.67,0.7,0.76
459,0.7,0.75,0.69,0.65,0.69,0.67,0.71,0.77
460,0.7,0.75,0.71,0.65,0.69,0.67,0.71,0.76
461,0.75,0.72,0.71,0.65,0.69,0.68,0.71,0.77
462,0.72,0.75,0.71,0.68,0.69,0.68,0.71,0.77
463,0.74,0.75,0.73,0.68,0.7,0.69,0.75,0.78
464,0.74,0.75,0.74,0.68,0.7,0.68,0.74,0.79
465,0.74,0.78,0.74,0.68,0.7,0.69,0.74,0.79
466,0.75,0.78,0.74,0.68,0.7,0.69,0.74,0.78
467,0.79,0.75,0.74,0.68,0.71,0.7,0.74,0.79
468,0.79,0.75,0.74,0.68,0.7,0.7,0.74,0.78
469,0.79,0.81,0.75,0.68,0.71,0.7,0.75,0.79
470,0.79,0.78,0.75,0.68,0.71,0.7,0.75,0.79
471,0.79,0.81,0.76,0.68,0.71,0.71,0.75,0.78
472,0.79,0.81,0.75,0.68,0.73,0.71,0.74,0.79
473,0.8,0.81,0.76,0.68,0.73,0.72,0.74,0.78
474,0.85,0.81,0.76,0.71,0.73,0.72,0.74,0.78
475,0.82,0.81,0.76,0.71,0.71,0.72,0.74,0.78
476,0.82,0.83,0.78,0.68,0.73,0.71,0.73,0.79
477,0.82,0.83,0.76,0.71,0.71,0.72,0.74,0.78
478,0.85,0.83,0.78,0.71,0.73,0.72,0.74,0.79
479,0.84,0.86,0.78,0.71,0.73,0.72,0.74,0.78
480,0.84,0.86,0.79,0.71,0.73,0.72,0.73,0.78
481,0.85,0.86,0.78,0.71,0.73,0.72,0.74,0.79
482,0.84,0.86,0.78,0.71,0.73,0.72,0.74,0.78
483,0.85,0.86,0.78,0.71,0.73,0.72,0.74,0.78
484,0.87,0.86,0.78,0.71,0.74,0.72,0.73,0.78
485,0.87,0.86,0.78,0.74,0.73,0.72,0.73,0.78
486,0.84,0.89,0.79,0.74,0.73,0.72,0.74,0.78
487,0.87,0.89,0.78,0.71,0.74,0.73,0.73,0.78
488,0.85,0.89,0.78,0.74,0.73,0.72,0.73,0.78
489,0.87,0.89,0.78,0.74,0.74,0.72,0.73,0.78
490,0.87,0.89,0.79,0.74,0.73,0.72,0.73,0.78
491,0.87,0.89,0.79,0.74,0.73,0.73,0.71,0.77
492,0.87,0.92,0.78,0.76,0.74,0.73,0.71,0.77
493,0.87,0.89,0.79,0.74,0.73,0.73,0.71,0.77
494,0.87,0.92,0.79,0.74,0.73,0.73,0.7,0.77
495,0.87,0.89,0.79,0.74,0.73,0.73,0.7,0.76
496,0.9,0.92,0.79,0.76,0.73,0.73,0.71,0.77
497,0.89,0.92,0.78,0.74,0.74,0.73,0.71,0.77
498,0.89,0.94,0.79,0.76,0.73,0.73,0.7,0.77
499,0.9,0.94,0.79,0.74,0.73,0.72,0.71,0.76
500,0.89,0.92,0.8,0.76,0.74,0.73,0.71,0.77
501,0.89,0.94,0.8,0.76,0.74,0.73,0.71,0.77
502,0.9,0.94,0.79,0.74,0.74,0.73,0.71,0.78
503,0.89,0.92,0.8,0.76,0.74,0.73,0.73,0.78
504,0.89,0.94,0.79,0.76,0.74,0.74,0.73,0.78
505,0.89,0.94,0.79,0.76,0.74,0.74,0.75,0.79
506,0.89,0.94,0.8,0.76,0.74,0.74,0.76,0.79
507,0.89,0.94,0.79,0.76,0.74,0.74,0.77,0.79
508,0.89,0.94,0.8,0.76,0.74,0.74,0.77,0.8
509,0.89,0.94,0.8,0.76,0.75,0.74,0.77,0.8
510,0.89,0.94,0.8,0.76,0.74,0.75,0.78,0.81
511,0.89,0.94,0.8,0.76,0.75,0.75,0.79,0.81
512,0.87,0.94,0.8,0.79,0.75,0.75,0.79,0.81
513,0.89,0.94,0.8,0.76,0.75,0.75,0.79,0.82
514,0.89,0.97,0.8,0.76,0.76,0.76,0.8,0.81
515,0.89,0.97,0.81,0.76,0.76,0.76,0.81,0.82
516,0.89,0.97,0.8,0.79,0.76,0.77,0.81,0.82
517,0.89,0.97,0.81,0.79,0.77,0.77,0.82,0.82
518,0.89,0.94,0.81,0.79,0.77,0.77,0.81,0.82
519,0.89,0.97,0.81,0.79,0.78,0.78,0.81,0.82
520,0.89,0.97,0.81,0.79,0.78,0.77,0.82,0.82
521,0.89,0.97,0.82,0.76,0.78,0.78,0.81,0.82
522,0.9,0.97,0.82,0.79,0.79,0.78,0.82,0.83
523,0.89,0.97,0.82,0.82,0.79,0.78,0.82,0.83
524,0.89,0.97,0.82,0.79,0.79,0.79,0.81,0.83
525,0.89,0.97,0.82,0.82,0.79,0.78,0.82,0.83
526,0.9,0.97,0.84,0.79,0.8,0.79,0.82,0.83
527,0.89,0.97,0.84,0.82,0.8,0.79,0.82,0.82
528,0.89,0.97,0.85,0.82,0.8,0.8,0.82,0.83
529,0.9,0.97,0.85,0.82,0.81,0.8,0.84,0.83
530,0.89,1.0,0.85,0.82,0.81,0.8,0.84,0.82
531,0.89,0.97,0.86,0.82,0.81,0.8,0.85,0.83
532,0.87,1.0,0.86,0.82,0.81,0.8,0.84,0.83
533,0.89,0.97,0.87,0.82,0.82,0.8,0.85,0.83
534,0.89,0.97,0.88,0.85,0.82,0.81,0.85,0.84
535,0.87,0.97,0.88,0.85,0.84,0.81,0.85,0.83
536,0.89,0.97,0.88,0.85,0.84,0.81,0.85,0.83
537,0.89,0.94,0.88,0.88,0.82,0.82,0.85,0.84
538,0.87,0.94,0.88,0.85,0.82,0.82,0.85,0.84
539,0.89,0.97,0.88,0.85,0.84,0.82,0.85,0.83
540,0.89,0.97,0.89,0.88,0.82,0.82,0.85,0.84
541,0.89,0.97,0.89,0.88,0.84,0.82,0.85,0.84
542,0.89,0.94,0.88,0.88,0.84,0.82,0.85,0.84
543,0.89,0.97,0.89,0.88,0.84,0.83,0.85,0.84
544,0.92,0.97,0.89,0.88,0.84,0.83,0.85,0.86
545,0.9,0.97,0.88,0.88,0.84,0.83,0.85,0.86
546,0.92,0.94,0.88,0.88,0.84,0.83,0.86,0.87
547,0.9,0.94,0.88,0.88,0.84,0.83,0.86,0.87
548,0.9,0.97,0.88,0.91,0.85,0.83,0.85,0.87
549,0.93,0.97,0.88,0.91,0.85,0.83,0.85,0.87
550,0.93,0.97,0.87,0.91,0.84,0.83,0.85,0.87
551,0.93,0.94,0.87,0.91,0.85,0.83,0.85,0.88
552,0.92,0.97,0.88,0.94,0.85,0.83,0.84,0.87
553,0.92,0.97,0.87,0.94,0.84,0.83,0.85,0.88
554,0.95,0.97,0.88,0.94,0.85,0.83,0.85,0.87
555,0.92,0.97,0.87,0.91,0.85,0.83,0.85,0.87
556,0.93,1.0,0.87,0.91,0.86,0.84,0.85,0.88
557,0.92,0.97,0.87,0.91,0.86,0.84,0.86,0.89
558,0.92,0.97,0.87,0.94,0.87,0.84,0.86,0.89
559,0.9,1.0,0.86,0.94,0.87,0.85,0.86,0.9
560,0.92,0.97,0.87,0.94,0.87,0.85,0.87,0.9
561,0.9,0.97,0.86,0.94,0.87,0.85,0.87,0.91
562,0.93,0.97,0.86,0.94,0.88,0.86,0.88,0.91
563,0.9,0.97,0.86,0.94,0.88,0.86,0.88,0.91
564,0.92,0.97,0.85,0.94,0.89,0.87,0.89,0.92
565,0.9,0.97,0.85,0.94,0.89,0.86,0.89,0.92
566,0.9,1.0,0.86,0.94,0.89,0.87,0.89,0.93
567,0.9,0.97,0.86,0.94,0.89,0.87,0.9,0.92
568,0.9,0.97,0.86,0.94,0.89,0.87,0.9,0.93
569,0.9,0.97,0.86,0.94,0.9,0.87,0.9,0.93
570,0.9,0.97,0.86,0.94,0.9,0.88,0.9,0.93
571,0.9,0.97,0.86,0.94,0.9,0.88,0.9,0.94
572,0.9,1.0,0.86,0.97,0.9,0.88,0.91,0.94
573,0.92,0.97,0.87,0.97,0.9,0.88,0.91,0.94
574,0.92,0.97,0.87,0.97,0.91,0.89,0.91,0.94
575,0.92,0.97,0.86,0.97,0.91,0.89,0.92,0.94
576,0.92,0.97,0.86,0.97,0.91,0.88,0.92,0.94
577,0.92,0.97,0.86,0.97,0.91,0.89,0.92,0.94
578,0.92,0.97,0.86,0.97,0.91,0.89,0.92,0.94
579,0.92,1.0,0.87,0.97,0.91,0.89,0.92,0.94
580,0.92,0.97,0.88,0.97,0.91,0.89,0.92,0.94
581,0.97,1.0,0.88,0.97,0.92,0.9,0.92,0.94
582,0.92,0.97,0.88,0.97,0.92,0.9,0.93,0.94
583,0.93,0.97,0.89,0.97,0.92,0.9,0.93,0.93
584,0.93,0.97,0.89,1.0,0.91,0.9,0.93,0.94
585,0.93,1.0,0.89,0.97,0.91,0.9,0.93,0.94
586,0.93,1.0,0.91,0.97,0.92,0.9,0.93,0.93
587,0.95,0.97,0.92,1.0,0.92,0.91,0.95,0.94
588,0.93,0.97,0.92,0.97,0.92,0.91,0.93,0.94
589,0.93,1.0,0.92,1.0,0.92,0.91,0.95,0.94
590,0.97,1.0,0.92,1.0,0.92,0.91,0.96,0.94
591,0.93,1.0,0.92,0.97,0.92,0.91,0.96,0.96
592,0.93,0.97,0.92,1.0,0.92,0.91,0.96,0.94
593,0.93,0.97,0.92,1.0,0.93,0.91,0.96,0.94
594,0.93,1.0,0.93,1.0,0.92,0.92,0.96,0.94
595,0.92,1.0,0.92,1.0,0.92,0.91,0.96,0.94
596,0.97,1.0,0.92,1.0,0.92,0.92,0.96,0.94
597,0.92,1.0,0.92,1.0,0.93,0.92,0.96,0.94
598,0.93,1.0,0.92,1.0,0.92,0.93,0.97,0.94
599,0.95,1.0,0.92,1.0,0.92,0.92,0.97,0.96
600,0.93,1.0,0.92,1.0,0.92,0.93,0.97,0.94
601,0.92,1.0,0.92,1.0,0.93,0.93,0.98,0.96
602,0.92,1.0,0.92,1.0,0.93,0.93,0.97,0.96
603,0.92,1.0,0.91,1.0,0.93,0.93,0.97,0.96
604,0.92,0.97,0.91,1.0,0.93,0.93,0.96,0.96
605,0.92,0.97,0.91,1.0,0.92,0.94,0.96,0.96
606,0.9,1.0,0.89,1.0,0.93,0.93,0.95,0.96
607,0.92,0.97,0.91,1.0,0.92,0.93,0.96,0.96
608,0.9,1.0,0.89,0.97,0.92,0.93,0.96,0.94
609,0.93,1.0,0.89,1.0,0.92,0.93,0.93,0.94
610,0.92,0.97,0.88,1.0,0.92,0.93,0.93,0.94
611,0.9,0.97,0.87,1.0,0.91,0.93,0.92,0.93
612,0.9,1.0,0.87,1.0,0.91,0.93,0.92,0.93
613,0.89,0.97,0.86,1.0,0.91,0.92,0.91,0.92
614,0.89,0.97,0.86,0.97,0.91,0.93,0.91,0.92
615,0.89,0.97,0.84,1.0,0.9,0.92,0.9,0.91
616,0.89,0.97,0.82,0.97,0.9,0.91,0.9,0.9
617,0.89,0.97,0.84,0.97,0.9,0.92,0.89,0.9
618,0.89,0.97,0.82,0.97,0.9,0.92,0.89,0.9
619,0.87,0.97,0.82,0.97,0.89,0.91,0.88,0.89
620,0.89,0.97,0.82,0.97,0.89,0.91,0.88,0.9
621,0.92,0.97,0.82,0.97,0.88,0.91,0.88,0.89
622,0.89,0.97,0.81,0.97,0.89,0.9,0.87,0.89
623,0.87,0.97,0.8,0.97,0.88,0.91,0.87,0.89
624,0.87,0.97,0.8,0.97,0.87,0.9,0.87,0.88
625,0.87,0.97,0.79,0.97,0.87,0.9,0.86,0.87
626,0.89,0.94,0.79,0.97,0.87,0.9,0.86,0.88
627,0.89,0.97,0.79,0.97,0.87,0.89,0.86,0.88
628,0.87,0.97,0.79,0.97,0.86,0.9,0.85,0.88
629,0.89,0.97,0.78,0.94,0.86,0.89,0.85,0.87
630,0.89,0.97,0.79,0.97,0.86,0.89,0.85,0.87
631,0.89,0.97,0.78,0.94,0.87,0.89,0.86,0.87
632,0.89,0.97,0.79,0.97,0.86,0.89,0.86,0.87
633,0.87,0.97,0.79,0.94,0.86,0.89,0.86,0.86
634,0.89,0.97,0.79,0.94,0.86,0.89,0.86,0.87
635,0.89,0.97,0.79,0.97,0.86,0.88,0.87,0.86
636,0.87,0.97,0.79,0.97,0.86,0.88,0.87,0.86
637,0.89,0.97,0.79,0.94,0.86,0.88,0.88,0.86
638,0.87,0.97,0.8,0.97,0.86,0.89,0.87,0.86
639,0.87,1.0,0.8,0.94,0.86,0.88,0.88,0.86
640,0.87,0.97,0.79,0.94,0.86,0.88,0.88,0.86
641,0.87,0.97,0.8,0.94,0.86,0.88,0.89,0.86
642,0.9,1.0,0.8,0.94,0.86,0.88,0.89,0.86
643,0.87,1.0,0.8,0.94,0.86,0.88,0.9,0.86
644,0.87,1.0,0.81,0.94,0.87,0.88,0.9,0.86
645,0.87,0.97,0.8,0.94,0.87,0.88,0.89,0.86
646,0.87,1.0,0.8,0.94,0.86,0.88,0.9,0.86
647,0.89,0.97,0.8,0.94,0.87,0.88,0.9,0.86
648,0.89,0.97,0.81,0.94,0.87,0.89,0.9,0.86
649,0.89,0.97,0.81,0.94,0.87,0.88,0.89,0.86
650,0.9,1.0,0.81,0.94,0.87,0.88,0.89,0.84
651,0.89,1.0,0.8,0.91,0.87,0.88,0.89,0.86
652,0.92,1.0,0.81,0.94,0.87,0.88,0.89,0.84
653,0.89,1.0,0.81,0.94,0.87,0.88,0.89,0.84
654,0.87,1.0,0.8,0.94,0.87,0.88,0.88,0.84
655,0.9,1.0,0.8,0.94,0.87,0.88,0.89,0.84
656,0.87,1.0,0.8,0.94,0.88,0.89,0.89,0.84
657,0.87,1.0,0.8,0.94,0.89,0.89,0.89,0.84
658,0.89,1.0,0.79,0.94,0.89,0.89,0.88,0.84
659,0.87,0.97,0.79,0.94,0.89,0.89,0.88,0.84
660,0.87,0.97,0.8,0.94,0.89,0.89,0.87,0.84
661,0.85,1.0,0.79,0.94,0.89,0.89,0.88,0.84
662,0.87,0.97,0.79,0.94,0.89,0.89,0.88,0.84
663,0.87,1.0,0.79,0.94,0.9,0.9,0.87,0.84
664,0.85,1.0,0.79,0.91,0.9,0.9,0.87,0.84
665,0.85,0.97,0.78,0.94,0.9,0.9,0.87,0.84
666,0.87,0.97,0.78,0.91,0.91,0.9,0.86,0.83
667,0.85,1.0,0.79,0.91,0.91,0.9,0.86,0.84
668,0.84,0.97,0.78,0.91,0.91,0.9,0.86,0.83
669,0.84,0.97,0.78,0.91,0.91,0.9,0.86,0.83
670,0.85,1.0,0.78,0.94,0.91,0.9,0.86,0.83
671,0.84,0.97,0.78,0.91,0.91,0.9,0.86,0.83
672,0.84,1.0,0.78,0.91,0.91,0.9,0.86,0.84
673,0.84,0.97,0.78,0.91,0.92,0.9,0.86,0.84
674,0.84,0.97,0.79,0.91,0.91,0.91,0.87,0.84
675,0.84,0.97,0.79,0.91,0.92,0.9,0.87,0.84
676,0.84,0.97,0.79,0.91,0.92,0.91,0.88,0.86
677,0.84,0.97,0.8,0.91,0.92,0.91,0.88,0.84
678,0.84,0.97,0.81,0.88,0.93,0.91,0.88,0.87
679,0.84,0.97,0.8,0.91,0.93,0.91,0.88,0.86
680,0.85,0.97,0.81,0.91,0.93,0.92,0.89,0.87
681,0.84,0.94,0.81,0.88,0.93,0.92,0.9,0.87
682,0.85,0.97,0.81,0.88,0.95,0.92,0.9,0.88
683,0.84,0.94,0.82,0.88,0.95,0.92,0.9,0.88
684,0.85,0.94,0.81,0.88,0.95,0.93,0.9,0.89
685,0.85,0.97,0.82,0.88,0.96,0.93,0.91,0.89
686,0.84,0.97,0.82,0.91,0.95,0.93,0.91,0.9
687,0.84,0.94,0.84,0.88,0.96,0.94,0.91,0.9
688,0.85,0.97,0.84,0.91,0.96,0.93,0.92,0.91
689,0.87,0.97,0.84,0.88,0.96,0.94,0.93,0.91
690,0.85,0.97,0.85,0.88,0.97,0.94,0.93,0.91
691,0.89,0.94,0.84,0.88,0.97,0.94,0.93,0.91
692,0.87,0.94,0.85,0.88,0.97,0.94,0.93,0.92
693,0.87,0.97,0.86,0.91,0.98,0.94,0.95,0.93
694,0.85,0.97,0.86,0.88,0.98,0.95,0.95,0.93
695,0.87,0.97,0.87,0.88,0.97,0.94,0.95,0.93
696,0.87,0.97,0.87,0.91,0.98,0.95,0.95,0.94
697,0.87,0.94,0.87,0.91,0.98,0.95,0.95,0.94
698,0.87,0.94,0.88,0.88,0.98,0.95,0.95,0.94
699,0.87,0.97,0.88,0.88,0.98,0.95,0.95,0.94
700,0.92,0.94,0.88,0.88,0.98,0.95,0.96,0.94
701,0.89,0.97,0.88,0.88,0.98,0.95,0.96,0.94
702,0.9,0.97,0.89,0.91,0.99,0.96,0.96,0.94
703,0.89,0.97,0.89,0.88,0.98,0.96,0.97,0.96
704,0.92,0.97,0.89,0.88,0.98,0.97,0.97,0.97
705,0.89,0.97,0.89,0.88,0.98,0.97,0.97,0.97
706,0.89,0.97,0.91,0.88,0.99,0.97,0.97,0.97
707,0.9,0.97,0.91,0.88,0.99,0.98,0.98,0.97
708,0.9,0.97,0.91,0.91,0.99,0.97,0.98,0.98
709,0.89,0.97,0.91,0.88,0.99,0.97,0.98,0.98
710,0.9,0.97,0.92,0.91,0.99,0.98,0.98,0.98
711,0.9,1.0,0.92,0.91,1.0,0.98,0.99,0.99
712,0.9,1.0,0.92,0.91,1.0,0.99,0.99,0.99
713,0.9,0.97,0.93,0.91,1.0,0.98,0.99,0.99
714,0.9,0.97,0.92,0.91,0.99,0.99,1.0,1.0
715,0.92,0.97,0.93,0.91,1.0,0.98,0.99,0.99
716,0.92,0.97,0.93,0.91,0.99,0.99,1.0,1.0
717,0.92,0.97,0.93,0.91,1.0,0.99,1.0,0.99
718,0.92,1.0,0.93,0.88,1.0,0.99,1.0,1.0
719,0.92,0.97,0.94,0.91,1.0,0.99,0.99,1.0
720,0.9,1.0,0.94,0.91,0.99,1.0,0.99,1.0
721,0.92,1.0,0.93,0.91,1.0,1.0,1.0,1.0
722,0.92,1.0,0.93,0.91,1.0,1.0,0.99,1.0
723,0.92,1.0,0.93,0.91,1.0,1.0,0.99,1.0
724,0.92,1.0,0.94,0.91,1.0,1.0,0.99,1.0
725,0.97,1.0,0.94,0.91,1.0,1.0,0.99,0.99
726,0.92,1.0,0.94,0.91,1.0,1.0,0.98,0.99
727,0.93,1.0,0.95,0.94,0.99,1.0,0.99,0.99
728,0.93,1.0,0.94,0.91,0.99,1.0,0.98,0.98
729,0.95,1.0,0.94,0.91,0.99,1.0,0.98,0.99
730,0.93,1.0,0.95,0.91,0.99,1.0,0.98,0.98
731,0.93,1.0,0.95,0.91,0.99,1.0,0.97,0.98
732,0.93,1.0,0.94,0.91,0.99,1.0,0.98,0.98
733,0.93,1.0,0.95,0.94,0.98,1.0,0.97,0.98
734,0.93,1.0,0.95,0.91,0.99,1.0,0.98,0.98
735,0.92,1.0,0.94,0.91,0.99,1.0,0.97,0.98
736,0.95,1.0,0.94,0.91,0.99,1.0,0.97,0.97
737,0.92,1.0,0.95,0.91,0.98,1.0,0.96,0.96
738,0.92,1.0,0.95,0.94,0.98,1.0,0.97,0.97
739,0.97,1.0,0.94,0.91,0.98,1.0,0.96,0.97
740,0.92,1.0,0.95,0.94,0.98,1.0,0.97,0.97
741,0.92,1.0,0.95,0.94,0.98,1.0,0.97,0.97
742,0.92,0.97,0.95,0.94,0.98,1.0,0.96,0.97
743,0.92,1.0,0.96,0.94,0.98,1.0,0.96,0.96
744,0.92,0.97,0.96,0.94,0.98,1.0,0.96,0.96
745,0.92,1.0,0.98,0.94,0.98,1.0,0.96,0.94
746,0.92,0.97,0.98,0.94,0.97,0.99,0.95,0.94
747,0.93,0.97,0.98,0.94,0.97,0.99,0.95,0.94
748,0.97,0.97,0.99,0.94,0.98,0.99,0.95,0.93
749,0.92,0.97,0.99,0.94,0.97,0.99,0.93,0.94
750,0.93,0.97,0.99,0.94,0.97,0.99,0.93,0.93
751,0.93,0.97,0.99,0.94,0.97,0.98,0.93,0.93
752,0.93,0.97,0.99,0.94,0.97,0.99,0.93,0.92
753,0.93,0.97,1.0,0.97,0.96,0.98,0.92,0.92
754,0.92,0.97,1.0,0.97,0.96,0.98,0.91,0.92
755,0.93,0.97,1.0,0.94,0.96,0.98,0.9,0.91
756,0.95,1.0,0.99,0.94,0.95,0.98,0.9,0.91
757,0.92,0.97,0.99,0.97,0.95,0.98,0.9,0.91
758,0.92,0.97,0.99,0.94,0.95,0.97,0.89,0.9
759,0.93,1.0,0.98,0.94,0.93,0.98,0.89,0.9
760,0.9,1.0,0.98,0.97,0.95,0.97,0.89,0.9
761,0.9,0.97,0.98,0.97,0.95,0.96,0.88,0.9
762,0.92,0.97,0.96,0.94,0.93,0.97,0.88,0.89
763,0.9,0.97,0.96,0.94,0.92,0.96,0.87,0.89
764,0.9,0.97,0.96,0.94,0.93,0.96,0.87,0.88
765,0.9,1.0,0.94,0.94,0.93,0.96,0.87,0.88
766,0.89,0.97,0.94,0.94,0.92,0.96,0.86,0.88
767,0.9,0.97,0.93,0.97,0.92,0.95,0.86,0.87
768,0.87,0.97,0.93,0.97,0.91,0.95,0.86,0.87
769,0.87,0.97,0.93,0.97,0.91,0.95,0.85,0.87
770,0.85,0.94,0.92,0.94,0.91,0.95,0.85,0.87
771,0.9,0.97,0.91,0.94,0.92,0.95,0.85,0.87
772,0.85,0.94,0.91,0.97,0.9,0.94,0.84,0.86
773,0.85,0.94,0.91,0.97,0.91,0.94,0.84,0.87
774,0.84,0.94,0.89,0.94,0.9,0.94,0.84,0.87
775,0.84,0.94,0.88,0.94,0.9,0.94,0.82,0.86
776,0.85,0.94,0.88,0.94,0.9,0.94,0.81,0.86
777,0.84,0.94,0.87,0.91,0.89,0.94,0.81,0.84
778,0.85,0.94,0.87,0.91,0.9,0.94,0.81,0.84
779,0.84,0.94,0.87,0.94,0.89,0.94,0.81,0.84
780,0.85,0.94,0.86,0.94,0.89,0.94,0.81,0.84
781,0.85,0.92,0.86,0.91,0.89,0.93,0.81,0.83
782,0.84,0.92,0.87,0.94,0.88,0.93,0.8,0.83
783,0.84,0.92,0.87,0.91,0.89,0.92,0.8,0.83
784,0.89,0.92,0.87,0.91,0.89,0.92,0.81,0.83
785,0.85,0.92,0.87,0.91,0.89,0.93,0.82,0.83
786,0.87,0.92,0.87,0.91,0.88,0.93,0.82,0.83
787,0.85,0.92,0.87,0.91,0.88,0.92,0.82,0.83
788,0.85,0.92,0.87,0.91,0.89,0.93,0.82,0.82
789,0.84,0.92,0.88,0.91,0.89,0.92,0.84,0.82
790,0.84,0.92,0.87,0.91,0.89,0.92,0.84,0.83
791,0.85,0.92,0.87,0.91,0.89,0.92,0.84,0.82
792,0.84,0.92,0.88,0.91,0.88,0.92,0.84,0.82
793,0.85,0.89,0.88,0.94,0.89,0.92,0.85,0.82
794,0.85,0.89,0.89,0.91,0.89,0.92,0.85,0.83
795,0.84,0.89,0.89,0.91,0.89,0.92,0.85,0.83
796,0.84,0.89,0.89,0.91,0.89,0.91,0.86,0.83
797,0.85,0.89,0.89,0.91,0.89,0.91,0.86,0.83
798,0.84,0.86,0.91,0.91,0.89,0.91,0.87,0.83
799,0.84,0.89,0.91,0.91,0.89,0.91,0.86,0.83
800,0.84,0.89,0.89,0.91,0.89,0.91,0.87,0.83
801,0.85,0.89,0.89,0.91,0.89,0.92,0.86,0.83
802,0.84,0.89,0.91,0.91,0.89,0.91,0.87,0.83
803,0.85,0.86,0.89,0.91,0.89,0.91,0.87,0.83
804,0.84,0.89,0.91,0.88,0.89,0.91,0.86,0.83
805,0.85,0.86,0.89,0.88,0.89,0.9,0.86,0.83
806,0.84,0.89,0.91,0.91,0.89,0.91,0.87,0.83
807,0.84,0.89,0.88,0.91,0.89,0.91,0.86,0.83
808,0.82,0.86,0.89,0.88,0.89,0.91,0.86,0.83
809,0.85,0.86,0.89,0.91,0.89,0.91,0.87,0.83
810,0.82,0.86,0.88,0.88,0.89,0.91,0.87,0.83
811,0.82,0.86,0.88,0.91,0.89,0.91,0.87,0.84
812,0.82,0.86,0.88,0.88,0.89,0.91,0.88,0.84
813,0.8,0.89,0.87,0.88,0.89,0.92,0.88,0.84
814,0.82,0.89,0.88,0.91,0.9,0.91,0.88,0.84
815,0.8,0.86,0.87,0.88,0.9,0.92,0.87,0.84
816,0.8,0.89,0.86,0.88,0.9,0.91,0.87,0.86
817,0.8,0.86,0.86,0.88,0.9,0.92,0.87,0.84
818,0.8,0.86,0.85,0.88,0.89,0.91,0.87,0.86
819,0.79,0.83,0.85,0.88,0.9,0.91,0.87,0.84
820,0.79,0.86,0.85,0.88,0.9,0.92,0.87,0.86
821,0.79,0.86,0.86,0.88,0.9,0.91,0.87,0.86
822,0.79,0.86,0.85,0.88,0.9,0.92,0.88,0.86
823,0.79,0.86,0.84,0.85,0.9,0.92,0.87,0.86
824,0.79,0.83,0.85,0.85,0.9,0.92,0.86,0.86
825,0.79,0.83,0.84,0.85,0.9,0.92,0.86,0.86
826,0.8,0.83,0.82,0.85,0.9,0.92,0.86,0.86
827,0.79,0.83,0.82,0.85,0.9,0.92,0.87,0.86
828,0.84,0.83,0.82,0.85,0.9,0.92,0.86,0.86
829,0.79,0.83,0.82,0.85,0.9,0.92,0.86,0.86
830,0.8,0.83,0.84,0.85,0.9,0.92,0.86,0.87
831,0.79,0.86,0.82,0.85,0.9,0.91,0.86,0.86
832,0.8,0.83,0.82,0.85,0.9,0.92,0.86,0.87
833,0.8,0.83,0.82,0.85,0.9,0.92,0.86,0.86
834,0.8,0.86,0.81,0.85,0.9,0.91,0.85,0.86
835,0.8,0.83,0.81,0.82,0.9,0.92,0.85,0.86
836,0.8,0.83,0.81,0.82,0.89,0.92,0.84,0.86
837,0.82,0.83,0.81,0.82,0.89,0.92,0.82,0.86
838,0.8,0.86,0.81,0.85,0.89,0.92,0.84,0.86
839,0.8,0.86,0.81,0.82,0.89,0.92,0.82,0.86
840,0.82,0.83,0.81,0.82,0.89,0.91,0.82,0.86
841,0.8,0.86,0.81,0.82,0.89,0.91,0.82,0.86
842,0.85,0.83,0.81,0.82,0.89,0.91,0.81,0.84
843,0.84,0.83,0.81,0.82,0.89,0.91,0.81,0.86
844,0.82,0.83,0.8,0.82,0.88,0.9,0.8,0.84
845,0.85,0.86,0.81,0.82,0.89,0.91,0.8,0.86
846,0.84,0.83,0.81,0.82,0.88,0.91,0.8,0.84
847,0.84,0.83,0.8,0.79,0.87,0.9,0.8,0.84
848,0.84,0.86,0.8,0.82,0.88,0.91,0.79,0.86
849,0.84,0.86,0.8,0.79,0.87,0.9,0.79,0.84
850,0.84,0.86,0.8,0.79,0.87,0.91,0.79,0.84
851,0.84,0.86,0.8,0.79,0.88,0.9,0.79,0.84
852,0.87,0.86,0.8,0.79,0.87,0.9,0.78,0.84
853,0.84,0.86,0.8,0.79,0.87,0.9,0.78,0.84
854,0.84,0.86,0.8,0.79,0.87,0.9,0.78,0.84
855,0.85,0.89,0.79,0.79,0.87,0.9,0.78,0.84
856,0.84,0.86,0.8,0.79,0.86,0.89,0.78,0.84
857,0.85,0.86,0.79,0.79,0.86,0.9,0.78,0.84
858,0.85,0.86,0.79,0.79,0.87,0.9,0.78,0.84
859,0.85,0.86,0.79,0.79,0.86,0.9,0.77,0.83
860,0.84,0.86,0.79,0.79,0.87,0.9,0.77,0.84
861,0.85,0.86,0.79,0.79,0.86,0.9,0.77,0.84
862,0.84,0.86,0.8,0.79,0.86,0.89,0.77,0.84
863,0.84,0.86,0.79,0.79,0.86,0.89,0.77,0.83
864,0.85,0.89,0.79,0.79,0.85,0.89,0.77,0.83
865,0.89,0.89,0.79,0.79,0.86,0.89,0.76,0.83
866,0.87,0.86,0.79,0.79,0.85,0.89,0.76,0.83
867,0.85,0.86,0.8,0.79,0.86,0.89,0.75,0.83
868,0.89,0.89,0.8,0.79,0.85,0.89,0.76,0.82
869,0.87,0.89,0.8,0.79,0.85,0.88,0.75,0.83
870,0.89,0.89,0.8,0.79,0.85,0.89,0.75,0.83
871,0.87,0.89,0.81,0.79,0.86,0.88,0.74,0.82
872,0.85,0.92,0.81,0.79,0.85,0.88,0.75,0.82
873,0.87,0.89,0.81,0.79,0.85,0.88,0.75,0.82
874,0.87,0.89,0.81,0.79,0.85,0.88,0.74,0.82
875,0.87,0.89,0.8,0.79,0.85,0.88,0.74,0.82
876,0.87,0.89,0.8,0.79,0.85,0.88,0.73,0.81
877,0.85,0.89,0.81,0.79,0.84,0.88,0.74,0.81
878,0.89,0.89,0.8,0.79,0.84,0.87,0.74,0.81
879,0.87,0.89,0.81,0.76,0.84,0.87,0.74,0.81
880,0.87,0.89,0.81,0.76,0.84,0.86,0.74,0.81
881,0.87,0.89,0.8,0.76,0.84,0.87,0.74,0.81
882,0.87,0.92,0.81,0.79,0.84,0.88,0.75,0.81
883,0.87,0.92,0.81,0.76,0.84,0.87,0.75,0.81
884,0.87,0.92,0.82,0.79,0.84,0.87,0.76,0.81
885,0.92,0.92,0.82,0.76,0.85,0.88,0.77,0.81
886,0.89,0.92,0.84,0.76,0.84,0.87,0.78,0.81
887,0.87,0.92,0.84,0.79,0.85,0.87,0.78,0.81
888,0.89,0.92,0.84,0.76,0.85,0.88,0.79,0.81
889,0.87,0.92,0.85,0.76,0.85,0.87,0.8,0.82
890,0.89,0.92,0.85,0.76,0.85,0.87,0.81,0.82
891,0.87,0.92,0.85,0.79,0.85,0.88,0.82,0.82
892,0.87,0.92,0.86,0.76,0.86,0.88,0.82,0.82
893,0.9,0.92,0.85,0.76,0.86,0.88,0.84,0.83
894,0.9,0.94,0.86,0.79,0.87,0.88,0.84,0.83
895,0.89,0.92,0.86,0.79,0.86,0.89,0.85,0.82
896,0.89,0.92,0.86,0.79,0.87,0.88,0.85,0.83
897,0.89,0.92,0.86,0.76,0.87,0.89,0.85,0.83
898,0.9,0.92,0.86,0.79,0.87,0.89,0.86,0.83
899,0.92,0.92,0.86,0.76,0.88,0.89,0.86,0.83
900,0.9,0.92,0.86,0.79,0.88,0.89,0.87,0.84
901,0.92,0.92,0.87,0.79,0.88,0.89,0.87,0.84
902,0.9,0.92,0.87,0.76,0.88,0.89,0.87,0.84
903,0.9,0.92,0.88,0.79,0.88,0.89,0.88,0.84
904,0.9,0.94,0.87,0.79,0.89,0.89,0.88,0.84
905,0.93,0.92,0.87,0.79,0.88,0.89,0.88,0.86
906,0.9,0.94,0.87,0.79,0.88,0.89,0.88,0.86
907,0.92,0.92,0.88,0.79,0.89,0.89,0.88,0.86
908,0.92,0.94,0.89,0.79,0.88,0.89,0.88,0.86
909,0.92,0.94,0.88,0.79,0.89,0.89,0.89,0.86
910,0.92,0.94,0.89,0.79,0.89,0.9,0.89,0.86
911,0.93,0.94,0.88,0.79,0.89,0.9,0.89,0.86
912,0.95,0.94,0.91,0.79,0.89,0.9,0.89,0.86
913,0.93,0.97,0.89,0.79,0.89,0.91,0.89,0.86
914,0.97,0.94,0.89,0.79,0.89,0.9,0.89,0.86
915,0.93,0.97,0.91,0.79,0.89,0.9,0.9,0.86
916,0.93,0.97,0.91,0.79,0.89,0.91,0.91,0.87
917,0.95,0.94,0.91,0.79,0.89,0.91,0.9,0.87
918,0.95,0.94,0.91,0.79,0.89,0.91,0.91,0.87
919,0.95,0.94,0.91,0.79,0.89,0.91,0.92,0.87
920,0.97,0.97,0.91,0.79,0.9,0.91,0.93,0.88
921,0.93,0.94,0.92,0.79,0.89,0.91,0.93,0.89
922,0.95,0.94,0.93,0.79,0.9,0.92,0.93,0.88
923,0.95,0.94,0.92,0.79,0.9,0.92,0.93,0.89
924,0.95,0.97,0.93,0.79,0.9,0.93,0.95,0.89
925,0.95,0.94,0.92,0.79,0.9,0.92,0.95,0.89
926,0.95,0.97,0.92,0.79,0.91,0.93,0.95,0.89
927,0.93,0.97,0.92,0.79,0.9,0.93,0.95,0.89
928,0.98,0.97,0.92,0.79,0.9,0.92,0.95,0.9
929,0.93,0.97,0.91,0.79,0.91,0.93,0.95,0.9
930,0.95,0.97,0.91,0.79,0.91,0.93,0.96,0.9
931,0.95,0.97,0.91,0.79,0.91,0.93,0.95,0.9
932,0.93,0.97,0.91,0.79,0.91,0.93,0.95,0.9
933,0.97,0.97,0.91,0.79,0.91,0.94,0.95,0.89
934,0.97,1.0,0.91,0.79,0.91,0.94,0.93,0.9
935,0.92,0.97,0.89,0.79,0.91,0.94,0.93,0.9
936,0.92,0.97,0.89,0.76,0.91,0.94,0.93,0.89
937,0.93,0.97,0.89,0.79,0.91,0.94,0.93,0.89
938,0.93,1.0,0.89,0.79,0.92,0.94,0.93,0.89
939,0.93,0.97,0.89,0.79,0.91,0.94,0.93,0.9
940,0.92,0.97,0.88,0.79,0.91,0.94,0.92,0.9
941,0.93,1.0,0.88,0.79,0.91,0.94,0.93,0.9
942,0.93,0.97,0.88,0.79,0.91,0.94,0.93,0.9
943,0.92,0.97,0.87,0.76,0.91,0.94,0.92,0.9
944,0.92,0.97,0.87,0.79,0.9,0.94,0.91,0.9
945,0.92,0.97,0.87,0.76,0.91,0.94,0.91,0.89
946,0.9,0.97,0.87,0.76,0.9,0.94,0.91,0.9
947,0.9,0.97,0.86,0.76,0.9,0.94,0.91,0.9
948,0.92,0.97,0.87,0.79,0.9,0.94,0.91,0.9
949,0.9,0.94,0.86,0.76,0.9,0.94,0.91,0.91
950,0.89,0.94,0.86,0.79,0.9,0.94,0.91,0.91
951,0.89,0.94,0.86,0.79,0.9,0.94,0.91,0.91
952,0.87,0.97,0.86,0.76,0.89,0.94,0.91,0.91
953,0.87,0.94,0.86,0.79,0.89,0.94,0.92,0.92
954,0.87,0.94,0.86,0.79,0.9,0.94,0.91,0.91
955,0.87,0.92,0.86,0.76,0.89,0.94,0.91,0.92
956,0.89,0.94,0.86,0.76,0.9,0.95,0.91,0.92
957,0.89,0.94,0.86,0.76,0.89,0.94,0.92,0.92
958,0.87,0.92,0.85,0.76,0.9,0.94,0.92,0.93
959,0.85,0.94,0.86,0.76,0.9,0.94,0.92,0.92
960,0.85,0.92,0.85,0.76,0.89,0.95,0.92,0.92
961,0.85,0.92,0.86,0.79,0.9,0.95,0.92,0.93
962,0.84,0.92,0.86,0.76,0.89,0.95,0.93,0.93
963,0.84,0.92,0.85,0.79,0.89,0.95,0.93,0.94
964,0.84,0.92,0.85,0.76,0.9,0.95,0.93,0.94
965,0.84,0.89,0.84,0.79,0.89,0.95,0.93,0.94
966,0.82,0.89,0.85,0.79,0.89,0.96,0.95,0.94
967,0.82,0.89,0.84,0.79,0.9,0.96,0.95,0.94
968,0.82,0.89,0.84,0.76,0.89,0.96,0.95,0.96
969,0.82,0.89,0.85,0.76,0.89,0.96,0.96,0.94
970,0.82,0.89,0.85,0.79,0.9,0.96,0.96,0.96
971,0.82,0.89,0.85,0.79,0.89,0.96,0.96,0.96
972,0.82,0.89,0.85,0.76,0.89,0.97,0.96,0.96
973,0.82,0.89,0.84,0.76,0.89,0.97,0.96,0.96
974,0.82,0.86,0.85,0.79,0.9,0.97,0.96,0.96
975,0.82,0.86,0.86,0.79,0.9,0.97,0.96,0.96
976,0.82,0.86,0.85,0.79,0.89,0.97,0.97,0.96
977,0.82,0.86,0.85,0.79,0.9,0.98,0.96,0.96
978,0.8,0.86,0.85,0.79,0.89,0.97,0.97,0.96
979,0.82,0.86,0.85,0.79,0.89,0.97,0.96,0.96
980,0.82,0.86,0.86,0.79,0.89,0.97,0.96,0.96
981,0.82,0.86,0.86,0.79,0.89,0.98,0.97,0.96
982,0.8,0.86,0.86,0.79,0.89,0.97,0.96,0.96
983,0.82,0.86,0.87,0.79,0.9,0.98,0.96,0.96
984,0.82,0.86,0.87,0.79,0.89,0.97,0.96,0.96
985,0.82,0.86,0.86,0.79,0.89,0.98,0.96,0.94
986,0.82,0.86,0.87,0.79,0.89,0.98,0.96,0.96
987,0.82,0.83,0.87,0.79,0.89,0.98,0.96,0.94
988,0.8,0.83,0.87,0.79,0.89,0.97,0.95,0.94
989,0.82,0.86,0.86,0.79,0.89,0.97,0.95,0.94
990,0.85,0.83,0.86,0.79,0.89,0.97,0.95,0.94
991,0.82,0.86,0.86,0.79,0.89,0.98,0.93,0.93
992,0.8,0.86,0.86,0.79,0.89,0.97,0.93,0.93
993,0.8,0.86,0.86,0.76,0.89,0.97,0.93,0.93
994,0.85,0.86,0.86,0.79,0.89,0.97,0.93,0.93
995,0.84,0.86,0.85,0.79,0.89,0.98,0.92,0.92
996,0.82,0.86,0.86,0.79,0.89,0.97,0.92,0.92
997,0.8,0.86,0.85,0.79,0.88,0.97,0.92,0.92
998,0.82,0.83,0.85,0.76,0.88,0.97,0.92,0.92
999,0.8,0.86,0.84,0.76,0.89,0.97,0.91,0.91
1000,0.82,0.86,0.85,0.79,0.88,0.97,0.91,0.91
1001,0.82,0.86,0.85,0.79,0.88,0.96,0.91,0.91
1002,0.82,0.86,0.84,0.76,0.89,0.97,0.91,0.91
1003,0.82,0.86,0.84,0.76,0.88,0.97,0.91,0.91
1004,0.82,0.83,0.84,0.76,0.88,0.96,0.91,0.91
1005,0.82,0.86,0.85,0.79,0.88,0.96,0.92,0.92
1006,0.82,0.86,0.84,0.79,0.89,0.96,0.92,0.91
1007,0.84,0.86,0.84,0.76,0.88,0.97,0.91,0.91
1008,0.84,0.86,0.84,0.79,0.88,0.96,0.92,0.91
1009,0.82,0.83,0.84,0.76,0.88,0.97,0.91,0.9
1010,0.84,0.86,0.85,0.79,0.88,0.96,0.91,0.9
1011,0.84,0.86,0.85,0.76,0.89,0.95,0.91,0.91
1012,0.84,0.83,0.84,0.76,0.88,0.97,0.91,0.91
1013,0.84,0.83,0.84,0.79,0.89,0.96,0.91,0.91
1014,0.85,0.86,0.85,0.76,0.89,0.96,0.9,0.9
1015,0.84,0.86,0.84,0.74,0.88,0.96,0.9,0.9
1016,0.85,0.86,0.85,0.76,0.89,0.96,0.9,0.9
1017,0.85,0.86,0.84,0.76,0.89,0.96,0.9,0.9
1018,0.89,0.86,0.84,0.76,0.89,0.96,0.9,0.9
1019,0.87,0.86,0.85,0.76,0.88,0.96,0.9,0.9
1020,0.9,0.86,0.84,0.76,0.88,0.95,0.89,0.9
1021,0.87,0.89,0.84,0.76,0.89,0.96,0.89,0.9
1022,0.9,0.89,0.84,0.76,0.89,0.96,0.9,0.9
1023,0.87,0.83,0.84,0.76,0.89,0.95,0.89,0.9
1024,0.89,0.86,0.84,0.76,0.89,0.96,0.89,0.9
1025,0.92,0.89,0.84,0.76,0.89,0.95,0.89,0.9
1026,0.89,0.89,0.84,0.74,0.89,0.96,0.9,0.9
1027,0.92,0.89,0.85,0.76,0.89,0.96,0.9,0.91
1028,0.87,0.89,0.84,0.74,0.89,0.96,0.89,0.91
1029,0.89,0.89,0.85,0.74,0.89,0.96,0.9,0.91
1030,0.89,0.86,0.84,0.76,0.89,0.96,0.89,0.91
1031,0.9,0.86,0.84,0.74,0.89,0.96,0.9,0.92
1032,0.9,0.89,0.84,0.74,0.89,0.97,0.91,0.92
1033,0.89,0.86,0.85,0.76,0.89,0.96,0.91,0.92
1034,0.87,0.86,0.84,0.74,0.9,0.96,0.91,0.92
1035,0.92,0.89,0.85,0.74,0.89,0.96,0.92,0.93
1036,0.89,0.89,0.84,0.74,0.89,0.97,0.91,0.93
1037,0.89,0.89,0.85,0.74,0.9,0.97,0.92,0.94
1038,0.89,0.89,0.85,0.74,0.9,0.97,0.92,0.94
1039,0.89,0.89,0.84,0.74,0.91,0.97,0.92,0.93
1040,0.87,0.89,0.84,0.74,0.9,0.97,0.92,0.93
1041,0.89,0.89,0.84,0.71,0.9,0.97,0.91,0.93
1042,0.87,0.89,0.85,0.74,0.9,0.97,0.91,0.93
1043,0.9,0.89,0.84,0.74,0.9,0.97,0.91,0.93
1044,0.87,0.89,0.84,0.71,0.9,0.97,0.92,0.94
1045,0.87,0.89,0.84,0.71,0.9,0.97,0.91,0.93
1046,0.87,0.89,0.85,0.71,0.9,0.97,0.91,0.93
1047,0.87,0.89,0.84,0.71,0.9,0.97,0.91,0.93
1048,0.92,0.89,0.85,0.71,0.91,0.97,0.92,0.94
1049,0.87,0.89,0.84,0.71,0.91,0.97,0.92,0.93
1050,0.89,0.89,0.84,0.71,0.91,0.97,0.92,0.93
1051,0.87,0.89,0.84,0.74,0.9,0.97,0.92,0.93
1052,0.87,0.86,0.85,0.71,0.91,0.97,0.92,0.93
1053,0.89,0.86,0.85,0.74,0.91,0.97,0.92,0.93
1054,0.89,0.89,0.85,0.71,0.91,0.97,0.93,0.93
1055,0.89,0.89,0.86,0.71,0.91,0.97,0.93,0.93
1056,0.89,0.89,0.85,0.71,0.91,0.97,0.95,0.93
1057,0.89,0.89,0.86,0.71,0.91,0.98,0.95,0.93
1058,0.93,0.89,0.86,0.71,0.92,0.97,0.95,0.94
1059,0.93,0.89,0.86,0.71,0.92,0.97,0.95,0.93
1060,0.92,0.89,0.87,0.71,0.92,0.97,0.95,0.93
1061,0.9,0.89,0.88,0.71,0.92,0.98,0.95,0.94
1062,0.9,0.89,0.87,0.71,0.92,0.98,0.96,0.93
1063,0.89,0.86,0.88,0.71,0.92,0.98,0.97,0.94
1064,0.89,0.89,0.88,0.71,0.93,0.98,0.96,0.93
1065,0.89,0.89,0.88,0.71,0.92,0.98,0.96,0.94
1066,0.9,0.89,0.88,0.71,0.93,0.98,0.95,0.93
1067,0.9,0.86,0.89,0.71,0.92,0.98,0.96,0.94
1068,0.9,0.89,0.89,0.71,0.92,0.98,0.96,0.93
1069,0.9,0.89,0.89,0.74,0.93,0.98,0.96,0.93
1070,0.92,0.89,0.89,0.71,0.92,0.98,0.95,0.93
1071,0.93,0.89,0.89,0.71,0.92,0.98,0.95,0.93
1072,0.93,0.89,0.89,0.71,0.92,0.98,0.93,0.92
1073,0.97,0.89,0.88,0.71,0.92,0.98,0.93,0.93
1074,0.93,0.92,0.88,0.71,0.92,0.98,0.93,0.92
1075,0.98,0.89,0.89,0.71,0.92,0.98,0.92,0.92
1076,0.95,0.89,0.88,0.74,0.92,0.97,0.91,0.92
1077,0.95,0.89,0.87,0.71,0.92,0.98,0.91,0.91
1078,0.95,0.89,0.88,0.71,0.93,0.97,0.9,0.91
1079,0.93,0.89,0.87,0.71,0.91,0.97,0.9,0.91
1080,0.95,0.92,0.87,0.71,0.92,0.97,0.9,0.91
1081,0.95,0.89,0.87,0.71,0.92,0.97,0.89,0.9
1082,0.95,0.92,0.87,0.71,0.91,0.97,0.89,0.9
1083,0.95,0.92,0.86,0.71,0.91,0.97,0.88,0.9
1084,1.0,0.92,0.86,0.71,0.92,0.97,0.88,0.9
1085,0.95,0.89,0.86,0.71,0.91,0.96,0.88,0.9
1086,0.95,0.92,0.86,0.71,0.91,0.96,0.88,0.9
1087,0.95,0.92,0.85,0.74,0.9,0.96,0.87,0.9
1088,0.97,0.92,0.85,0.68,0.91,0.97,0.86,0.89
1089,0.95,0.92,0.86,0.71,0.9,0.96,0.87,0.9
1090,0.93,0.89,0.86,0.71,0.9,0.95,0.86,0.9
1091,0.95,0.92,0.84,0.71,0.9,0.96,0.86,0.89
1092,0.93,0.92,0.86,0.71,0.9,0.96,0.86,0.9
1093,0.97,0.92,0.85,0.68,0.89,0.96,0.85,0.88
1094,0.93,0.92,0.85,0.71,0.89,0.95,0.85,0.89
1095,0.93,0.92,0.85,0.71,0.89,0.95,0.85,0.89
1096,0.93,0.92,0.85,0.71,0.89,0.95,0.85,0.89
1097,0.95,0.92,0.84,0.68,0.89,0.95,0.85,0.88
1098,0.92,0.89,0.85,0.71,0.88,0.95,0.86,0.89
1099,0.92,0.92,0.84,0.74,0.89,0.94,0.85,0.89
1100,0.92,0.92,0.84,0.71,0.88,0.94,0.85,0.88
1101,0.92,0.89,0.84,0.71,0.88,0.94,0.85,0.88
1102,0.93,0.92,0.82,0.71,0.88,0.95,0.84,0.88
1103,0.92,0.92,0.84,0.71,0.88,0.94,0.85,0.87
1104,0.92,0.89,0.82,0.71,0.87,0.94,0.84,0.87
1105,0.92,0.92,0.82,0.71,0.87,0.94,0.85,0.88
1106,0.92,0.89,0.82,0.71,0.87,0.94,0.84,0.87
1107,0.92,0.92,0.82,0.68,0.88,0.94,0.84,0.87
1108,0.92,0.89,0.82,0.71,0.87,0.94,0.84,0.87
1109,0.92,0.92,0.82,0.71,0.87,0.94,0.84,0.87
1110,0.92,0.89,0.81,0.71,0.86,0.94,0.84,0.87
1111,0.9,0.89,0.82,0.71,0.86,0.94,0.84,0.87
1112,0.92,0.92,0.82,0.71,0.86,0.94,0.84,0.87
1113,0.9,0.89,0.82,0.71,0.85,0.93,0.85,0.87
1114,0.92,0.89,0.82,0.71,0.86,0.94,0.84,0.86
1115,0.9,0.89,0.84,0.71,0.86,0.94,0.85,0.87
1116,0.93,0.92,0.84,0.71,0.85,0.94,0.86,0.87
1117,0.92,0.89,0.84,0.71,0.86,0.93,0.85,0.87
1118,0.92,0.92,0.82,0.71,0.86,0.94,0.85,0.87
1119,0.9,0.89,0.84,0.71,0.85,0.94,0.85,0.87
1120,0.92,0.89,0.84,0.71,0.86,0.94,0.86,0.87
1121,0.93,0.89,0.84,0.71,0.86,0.94,0.85,0.87
1122,0.92,0.89,0.85,0.74,0.85,0.93,0.86,0.88
1123,0.97,0.92,0.85,0.71,0.86,0.94,0.85,0.87
1124,0.92,0.92,0.86,0.71,0.86,0.94,0.86,0.87
1125,0.95,0.92,0.86,0.71,0.86,0.94,0.86,0.87
1126,0.92,0.92,0.86,0.71,0.87,0.94,0.85,0.87
1127,0.93,0.89,0.86,0.74,0.86,0.94,0.86,0.87
1128,0.93,0.89,0.85,0.71,0.87,0.94,0.86,0.87
1129,0.93,0.89,0.85,0.71,0.86,0.94,0.85,0.87
1130,0.92,0.89,0.86,0.74,0.86,0.93,0.85,0.87
1131,0.93,0.89,0.86,0.74,0.86,0.93,0.85,0.87
1132,0.93,0.89,0.86,0.74,0.86,0.93,0.84,0.87
1133,0.93,0.92,0.85,0.71,0.86,0.93,0.85,0.87
1134,0.92,0.92,0.85,0.71,0.86,0.93,0.85,0.86
1135,0.92,0.92,0.85,0.71,0.86,0.93,0.84,0.86
1136,0.92,0.89,0.85,0.74,0.86,0.93,0.84,0.87
1137,0.92,0.89,0.85,0.74,0.86,0.93,0.84,0.87
1138,0.92,0.92,0.85,0.74,0.86,0.93,0.84,0.86
1139,0.92,0.89,0.84,0.74,0.86,0.93,0.84,0.87
1140,0.92,0.89,0.85,0.74,0.85,0.92,0.84,0.86
1141,0.92,0.86,0.84,0.74,0.85,0.93,0.82,0.87
1142,0.93,0.92,0.84,0.74,0.85,0.93,0.84,0.86
1143,0.92,0.89,0.84,0.71,0.85,0.93,0.84,0.87
1144,0.92,0.89,0.85,0.71,0.86,0.93,0.84,0.86
1145,0.93,0.89,0.82,0.71,0.85,0.93,0.84,0.86
1146,0.92,0.89,0.84,0.71,0.85,0.92,0.84,0.87
1147,0.93,0.89,0.84,0.74,0.85,0.92,0.84,0.87
1148,0.93,0.89,0.82,0.71,0.85,0.93,0.82,0.86
1149,0.93,0.89,0.82,0.74,0.85,0.92,0.84,0.87
1150,0.93,0.89,0.84,0.71,0.85,0.93,0.84,0.87
1151,0.93,0.89,0.82,0.71,0.85,0.93,0.84,0.87
1152,0.92,0.92,0.84,0.74,0.85,0.93,0.85,0.88
1153,0.93,0.89,0.84,0.71,0.86,0.93,0.84,0.87
1154,0.93,0.89,0.82,0.74,0.85,0.93,0.82,0.87
1155,0.95,0.89,0.81,0.71,0.86,0.93,0.82,0.87
1156,0.93,0.89,0.82,0.74,0.85,0.93,0.85,0.88
1157,0.98,0.89,0.81,0.71,0.86,0.93,0.84,0.88
1158,0.95,0.89,0.82,0.71,0.86,0.93,0.85,0.88
1159,0.93,0.89,0.82,0.71,0.85,0.94,0.87,0.89
1160,0.95,0.89,0.82,0.71,0.86,0.94,0.88,0.89
1161,0.92,0.89,0.82,0.74,0.85,0.92,0.9,0.92
1162,0.93,0.92,0.82,0.71,0.85,0.94,0.91,0.91
1163,0.93,0.89,0.82,0.74,0.85,0.93,0.91,0.92
1164,0.93,0.89,0.82,0.74,0.85,0.93,0.92,0.93
1165,0.97,0.89,0.81,0.68,0.86,0.94,0.92,0.93
1166,0.93,0.89,0.82,0.71,0.87,0.94,0.92,0.93
1167,0.97,0.89,0.82,0.74,0.86,0.94,0.95,0.96
1168,0.92,0.89,0.82,0.74,0.87,0.94,0.93,0.94
1169,0.93,0.89,0.84,0.71,0.87,0.94,0.95,0.96
1170,0.92,0.89,0.82,0.74,0.86,0.94,0.96,0.97
1171,0.92,0.89,0.82,0.74,0.87,0.94,0.95,0.97
1172,0.92,0.89,0.82,0.74,0.87,0.94,0.96,0.97
1173,0.9,0.89,0.84,0.74,0.87,0.94,0.96,0.97
1174,0.9,0.89,0.82,0.74,0.87,0.95,0.96,0.97
1175,0.92,0.92,0.82,0.71,0.87,0.94,0.96,0.97
1176,0.92,0.89,0.81,0.71,0.87,0.95,0.96,0.97
1177,0.92,0.89,0.82,0.74,0.87,0.94,0.96,0.97
1178,0.9,0.89,0.81,0.71,0.88,0.95,0.96,0.96
1179,0.9,0.86,0.81,0.74,0.87,0.95,0.95,0.96
1180,0.93,0.89,0.81,0.71,0.87,0.94,0.95,0.97
1181,0.9,0.89,0.82,0.71,0.87,0.94,0.95,0.97
1182,0.9,0.86,0.82,0.74,0.88,0.95,0.95,0.96
1183,0.9,0.89,0.82,0.71,0.87,0.95,0.93,0.96
1184,0.93,0.89,0.81,0.71,0.87,0.95,0.93,0.97
1185,0.92,0.89,0.8,0.68,0.89,0.96,0.92,0.94
1186,0.92,0.89,0.81,0.71,0.88,0.95,0.93,0.94
1187,0.89,0.86,0.81,0.71,0.88,0.95,0.93,0.96
1188,0.89,0.86,0.82,0.71,0.87,0.95,0.92,0.96
1189,0.9,0.89,0.8,0.68,0.87,0.95,0.92,0.94
1190,0.89,0.89,0.81,0.71,0.89,0.95,0.91,0.94
1191,0.9,0.86,0.81,0.71,0.88,0.95,0.91,0.94
1192,0.92,0.89,0.81,0.71,0.87,0.95,0.91,0.94
1193,0.89,0.86,0.8,0.71,0.87,0.94,0.9,0.94
1194,0.89,0.89,0.79,0.68,0.87,0.95,0.9,0.92
1195,0.89,0.89,0.79,0.68,0.88,0.95,0.9,0.92
1196,0.89,0.89,0.81,0.68,0.87,0.94,0.91,0.93
1197,0.87,0.86,0.81,0.71,0.87,0.94,0.9,0.93
1198,0.89,0.86,0.8,0.68,0.88,0.95,0.89,0.92
1199,0.92,0.86,0.81,0.68,0.87,0.94,0.9,0.93
1200,0.89,0.86,0.8,0.65,0.88,0.95,0.89,0.92
1201,0.89,0.86,0.81,0.68,0.87,0.94,0.88,0.92
1202,0.89,0.86,0.81,0.68,0.87,0.95,0.88,0.92
1203,0.89,0.86,0.81,0.68,0.87,0.94,0.89,0.92
1204,0.9,0.86,0.8,0.65,0.87,0.95,0.88,0.92
1205,0.89,0.89,0.81,0.68,0.88,0.94,0.88,0.92
1206,0.89,0.86,0.8,0.65,0.88,0.95,0.88,0.91
1207,0.9,0.86,0.8,0.65,0.88,0.95,0.88,0.91
1208,0.89,0.89,0.82,0.68,0.87,0.94,0.88,0.92
1209,0.89,0.86,0.81,0.68,0.86,0.94,0.89,0.93
1210,0.92,0.86,0.81,0.65,0.87,0.95,0.88,0.92
1211,0.92,0.89,0.82,0.68,0.87,0.94,0.89,0.93
1212,0.9,0.89,0.82,0.65,0.87,0.95,0.89,0.91
1213,0.9,0.89,0.82,0.65,0.88,0.95,0.89,0.92
1214,0.89,0.89,0.84,0.68,0.86,0.94,0.89,0.93
1215,0.9,0.89,0.81,0.65,0.88,0.95,0.89,0.92
1216,0.93,0.89,0.82,0.65,0.88,0.95,0.88,0.92
1217,0.92,0.89,0.82,0.65,0.88,0.95,0.88,0.92
1218,0.89,0.86,0.85,0.71,0.88,0.94,0.89,0.93
1219,0.93,0.89,0.81,0.65,0.88,0.95,0.88,0.93
1220,0.9,0.89,0.84,0.62,0.88,0.95,0.9,0.93
1221,0.9,0.92,0.82,0.65,0.87,0.95,0.9,0.93
1222,0.9,0.89,0.85,0.71,0.87,0.94,0.89,0.92
1223,0.9,0.92,0.81,0.62,0.88,0.96,0.89,0.93
1224,0.9,0.86,0.84,0.71,0.88,0.95,0.9,0.93
1225,0.9,0.89,0.85,0.68,0.87,0.94,0.91,0.94
1226,0.92,0.92,0.84,0.65,0.87,0.95,0.9,0.94
1227,0.9,0.89,0.84,0.71,0.89,0.96,0.9,0.94
1228,0.89,0.89,0.84,0.68,0.88,0.95,0.89,0.94
1229,0.89,0.86,0.84,0.71,0.88,0.95,0.9,0.94
1230,0.89,0.89,0.85,0.71,0.88,0.95,0.9,0.94
1231,0.92,0.89,0.82,0.62,0.89,0.97,0.89,0.93
1232,0.89,0.89,0.85,0.68,0.88,0.95,0.9,0.94
1233,0.92,0.92,0.82,0.65,0.89,0.96,0.9,0.94
1234,0.89,0.89,0.86,0.68,0.89,0.96,0.89,0.94
1235,0.92,0.92,0.84,0.62,0.9,0.97,0.9,0.93
1236,0.92,0.94,0.84,0.62,0.9,0.97,0.9,0.93
1237,0.9,0.89,0.84,0.68,0.91,0.97,0.88,0.92
1238,0.93,0.89,0.85,0.65,0.89,0.95,0.9,0.93
1239,0.92,0.92,0.86,0.65,0.9,0.96,0.89,0.93
1240,0.92,0.92,0.84,0.59,0.91,0.97,0.88,0.92
1241,0.92,0.92,0.85,0.65,0.89,0.95,0.89,0.93
1242,0.95,0.92,0.85,0.65,0.9,0.95,0.89,0.92
1243,0.93,0.94,0.86,0.62,0.9,0.96,0.89,0.92
1244,0.9,0.92,0.86,0.65,0.89,0.95,0.89,0.93
1245,0.9,0.94,0.86,0.65,0.89,0.96,0.89,0.92
1246,0.9,0.89,0.85,0.62,0.91,0.97,0.86,0.9
1247,0.9,0.92,0.86,0.65,0.9,0.95,0.88,0.92
1248,0.92,0.94,0.85,0.62,0.9,0.96,0.87,0.91
1249,0.9,0.89,0.82,0.59,0.91,0.97,0.86,0.91
1250,0.95,0.92,0.84,0.62,0.9,0.96,0.87,0.91
1251,0.9,0.89,0.85,0.65,0.9,0.95,0.86,0.91
1252,0.93,0.94,0.85,0.62,0.89,0.95,0.86,0.9
1253,0.9,0.92,0.85,0.65,0.89,0.95,0.87,0.91
1254,0.9,0.92,0.84,0.62,0.89,0.95,0.86,0.91
1255,0.89,0.89,0.85,0.68,0.9,0.94,0.85,0.9
1256,0.9,0.92,0.85,0.65,0.89,0.94,0.86,0.9
1257,0.92,0.94,0.84,0.62,0.88,0.94,0.86,0.9
1258,0.93,0.94,0.84,0.62,0.89,0.94,0.85,0.9
1259,0.9,0.92,0.82,0.62,0.88,0.94,0.85,0.9
1260,0.9,0.92,0.84,0.62,0.88,0.94,0.85,0.9
1261,0.9,0.94,0.84,0.62,0.88,0.94,0.85,0.89
1262,0.9,0.92,0.82,0.65,0.88,0.94,0.85,0.9
1263,0.9,0.89,0.84,0.65,0.89,0.94,0.84,0.89
1264,0.92,0.92,0.81,0.59,0.91,0.95,0.82,0.88
1265,0.92,0.94,0.81,0.62,0.88,0.94,0.84,0.89
1266,0.9,0.92,0.82,0.65,0.89,0.94,0.82,0.89
1267,0.9,0.92,0.82,0.62,0.88,0.94,0.82,0.89
1268,0.95,0.92,0.8,0.62,0.89,0.95,0.81,0.87
1269,0.9,0.92,0.82,0.62,0.88,0.94,0.84,0.89
1270,0.93,0.92,0.82,0.65,0.88,0.94,0.84,0.89
1271,0.9,0.92,0.82,0.62,0.88,0.94,0.82,0.89
1272,0.93,0.92,0.8,0.56,0.9,0.95,0.82,0.87
1273,0.9,0.89,0.82,0.65,0.88,0.94,0.81,0.88
1274,0.9,0.92,0.8,0.56,0.9,0.95,0.81,0.87
1275,0.92,0.94,0.81,0.56,0.89,0.94,0.81,0.87
1276,0.89,0.92,0.81,0.62,0.88,0.94,0.81,0.89
1277,0.9,0.92,0.82,0.65,0.88,0.94,0.8,0.87
1278,0.95,0.92,0.8,0.56,0.88,0.94,0.81,0.88
1279,0.89,0.89,0.82,0.62,0.88,0.94,0.79,0.87
1280,0.89,0.92,0.81,0.59,0.89,0.94,0.78,0.87
1281,0.89,0.89,0.82,0.62,0.87,0.93,0.79,0.88
1282,0.89,0.92,0.81,0.62,0.86,0.93,0.79,0.87
1283,0.92,0.94,0.8,0.56,0.86,0.94,0.79,0.88
1284,0.89,0.89,0.81,0.62,0.87,0.94,0.76,0.86
1285,0.89,0.89,0.81,0.62,0.87,0.92,0.77,0.87
1286,0.89,0.89,0.81,0.62,0.87,0.93,0.76,0.86
1287,0.9,0.92,0.8,0.59,0.88,0.93,0.75,0.84
1288,0.87,0.89,0.8,0.62,0.86,0.93,0.76,0.86
1289,0.89,0.89,0.81,0.62,0.86,0.92,0.76,0.86
1290,0.89,0.92,0.78,0.53,0.87,0.94,0.75,0.86
1291,0.9,0.92,0.79,0.56,0.85,0.93,0.76,0.86
1292,0.9,0.92,0.79,0.56,0.85,0.92,0.76,0.86
1293,0.9,0.89,0.79,0.59,0.86,0.92,0.74,0.83
1294,0.9,0.92,0.79,0.56,0.84,0.91,0.76,0.86
1295,0.87,0.89,0.8,0.62,0.85,0.92,0.75,0.86
1296,0.9,0.92,0.79,0.56,0.85,0.92,0.76,0.86
1297,0.89,0.89,0.78,0.59,0.86,0.92,0.74,0.82
1298,0.89,0.89,0.79,0.53,0.85,0.93,0.76,0.84
1299,0.89,0.89,0.8,0.59,0.84,0.9,0.76,0.87
1300,0.9,0.89,0.79,0.56,0.82,0.91,0.77,0.86
1301,0.89,0.89,0.8,0.62,0.85,0.92,0.74,0.84
1302,0.87,0.89,0.79,0.59,0.85,0.92,0.76,0.84
1303,0.9,0.92,0.79,0.56,0.81,0.9,0.78,0.86
1304,0.89,0.86,0.79,0.62,0.84,0.91,0.76,0.84
1305,0.89,0.89,0.79,0.59,0.84,0.91,0.76,0.84
1306,0.87,0.86,0.8,0.62,0.82,0.91,0.76,0.86
1307,0.87,0.86,0.8,0.62,0.84,0.91,0.76,0.84
1308,0.87,0.89,0.76,0.53,0.84,0.93,0.77,0.86
1309,0.89,0.89,0.78,0.56,0.84,0.91,0.76,0.83
1310,0.85,0.89,0.78,0.59,0.82,0.91,0.75,0.83
1311,0.89,0.89,0.78,0.56,0.8,0.88,0.78,0.87
1312,0.87,0.89,0.76,0.56,0.82,0.91,0.76,0.82
1313,0.85,0.86,0.76,0.56,0.82,0.9,0.75,0.83
1314,0.9,0.89,0.75,0.53,0.82,0.91,0.76,0.83
1315,0.9,0.92,0.78,0.59,0.79,0.88,0.76,0.84
1316,0.85,0.86,0.75,0.53,0.82,0.91,0.75,0.82
1317,0.85,0.86,0.75,0.62,0.81,0.89,0.73,0.82
1318,0.84,0.86,0.74,0.56,0.82,0.9,0.74,0.81
1319,0.84,0.86,0.74,0.56,0.82,0.9,0.73,0.81
1320,0.84,0.86,0.75,0.59,0.8,0.89,0.73,0.81
1321,0.84,0.86,0.76,0.62,0.8,0.88,0.71,0.81
1322,0.85,0.89,0.74,0.56,0.78,0.87,0.74,0.83
1323,0.85,0.89,0.74,0.56,0.78,0.87,0.74,0.83
1324,0.84,0.89,0.74,0.56,0.78,0.86,0.73,0.81
1325,0.82,0.86,0.72,0.53,0.8,0.89,0.71,0.79
1326,0.85,0.86,0.72,0.5,0.79,0.89,0.71,0.79
1327,0.84,0.83,0.72,0.53,0.79,0.88,0.7,0.79
1328,0.8,0.83,0.71,0.53,0.79,0.87,0.69,0.78
1329,0.82,0.83,0.71,0.5,0.78,0.87,0.69,0.78
1330,0.84,0.86,0.72,0.56,0.76,0.85,0.69,0.79
1331,0.82,0.86,0.71,0.53,0.75,0.85,0.7,0.79
1332,0.84,0.86,0.71,0.56,0.75,0.83,0.69,0.79
1333,0.8,0.83,0.68,0.5,0.78,0.87,0.68,0.76
1334,0.8,0.86,0.68,0.5,0.75,0.86,0.68,0.77
1335,0.84,0.86,0.68,0.56,0.74,0.83,0.67,0.77
1336,0.79,0.86,0.67,0.56,0.73,0.83,0.65,0.74
1337,0.8,0.83,0.67,0.56,0.73,0.83,0.64,0.74
1338,0.77,0.83,0.67,0.56,0.73,0.83,0.63,0.72
1339,0.75,0.81,0.64,0.5,0.74,0.84,0.63,0.72
1340,0.75,0.81,0.62,0.47,0.71,0.83,0.63,0.72
1341,0.77,0.81,0.62,0.5,0.7,0.82,0.63,0.72
1342,0.74,0.78,0.65,0.56,0.7,0.82,0.59,0.69
1343,0.75,0.78,0.61,0.47,0.71,0.83,0.62,0.7
1344,0.74,0.81,0.61,0.5,0.69,0.82,0.62,0.71
1345,0.75,0.81,0.61,0.5,0.69,0.82,0.62,0.71
1346,0.74,0.78,0.6,0.47,0.68,0.81,0.6,0.71
1347,0.75,0.78,0.59,0.47,0.69,0.82,0.6,0.7
1348,0.72,0.75,0.59,0.47,0.7,0.82,0.59,0.69
1349,0.72,0.78,0.59,0.47,0.69,0.81,0.59,0.69
1350,0.7,0.78,0.61,0.56,0.68,0.8,0.57,0.66
1351,0.7,0.75,0.58,0.47,0.68,0.81,0.58,0.69
1352,0.7,0.78,0.58,0.44,0.67,0.8,0.58,0.68
1353,0.7,0.78,0.6,0.53,0.66,0.78,0.55,0.67
1354,0.7,0.75,0.56,0.44,0.67,0.79,0.57,0.68
1355,0.7,0.78,0.59,0.5,0.65,0.76,0.57,0.7
1356,0.66,0.69,0.58,0.56,0.65,0.76,0.53,0.63
1357,0.69,0.75,0.54,0.47,0.62,0.74,0.56,0.67
1358,0.64,0.69,0.55,0.53,0.63,0.75,0.52,0.62
1359,0.62,0.72,0.54,0.5,0.62,0.74,0.51,0.61
1360,0.62,0.67,0.55,0.53,0.62,0.74,0.51,0.6
1361,0.66,0.69,0.51,0.44,0.59,0.72,0.53,0.64
1362,0.67,0.69,0.51,0.44,0.58,0.72,0.52,0.62
1363,0.62,0.69,0.49,0.44,0.57,0.72,0.52,0.62
1364,0.61,0.67,0.48,0.41,0.59,0.73,0.51,0.6
1365,0.62,0.69,0.49,0.44,0.57,0.7,0.51,0.61
1366,0.57,0.61,0.51,0.5,0.58,0.72,0.47,0.58
1367,0.61,0.67,0.49,0.44,0.56,0.7,0.49,0.6
1368,0.61,0.67,0.48,0.44,0.56,0.69,0.49,0.61
1369,0.57,0.61,0.49,0.5,0.58,0.71,0.47,0.58
1370,0.57,0.61,0.48,0.5,0.58,0.71,0.47,0.57
1371,0.59,0.67,0.48,0.47,0.56,0.69,0.46,0.58
1372,0.57,0.67,0.47,0.44,0.55,0.69,0.46,0.58
1373,0.59,0.67,0.46,0.41,0.54,0.67,0.47,0.58
1374,0.54,0.61,0.46,0.47,0.57,0.7,0.45,0.56
1375,0.59,0.64,0.45,0.44,0.54,0.66,0.47,0.58
1376,0.61,0.64,0.45,0.44,0.53,0.66,0.46,0.58
1377,0.59,0.64,0.45,0.41,0.53,0.66,0.46,0.57
1378,0.57,0.61,0.44,0.41,0.52,0.65,0.46,0.57
1379,0.56,0.64,0.44,0.35,0.53,0.68,0.45,0.56
1380,0.52,0.56,0.46,0.47,0.53,0.67,0.43,0.52
1381,0.57,0.64,0.45,0.44,0.52,0.66,0.42,0.53
1382,0.54,0.64,0.44,0.41,0.52,0.64,0.43,0.54
1383,0.54,0.61,0.44,0.41,0.51,0.64,0.44,0.54
1384,0.51,0.53,0.42,0.44,0.53,0.66,0.43,0.52
1385,0.54,0.58,0.42,0.38,0.49,0.63,0.44,0.54
1386,0.52,0.61,0.42,0.41,0.51,0.64,0.42,0.52
1387,0.54,0.56,0.41,0.44,0.52,0.64,0.42,0.5
1388,0.51,0.61,0.41,0.38,0.49,0.62,0.41,0.5
1389,0.49,0.5,0.38,0.41,0.51,0.64,0.41,0.5
1390,0.51,0.56,0.4,0.41,0.48,0.62,0.38,0.49
1391,0.49,0.56,0.39,0.35,0.46,0.61,0.41,0.51
1392,0.46,0.5,0.4,0.41,0.48,0.61,0.4,0.47
1393,0.46,0.56,0.39,0.38,0.47,0.61,0.37,0.47
1394,0.46,0.5,0.36,0.35,0.48,0.61,0.38,0.48
1395,0.44,0.47,0.35,0.38,0.47,0.61,0.38,0.47
1396,0.46,0.53,0.36,0.35,0.45,0.58,0.37,0.48
1397,0.44,0.47,0.38,0.38,0.46,0.59,0.36,0.44
1398,0.48,0.5,0.35,0.35,0.44,0.58,0.38,0.48
1399,0.46,0.53,0.35,0.35,0.44,0.58,0.36,0.46
1400,0.46,0.53,0.35,0.38,0.44,0.57,0.36,0.46
1401,0.43,0.44,0.31,0.29,0.46,0.6,0.37,0.46
1402,0.46,0.44,0.32,0.32,0.46,0.6,0.37,0.46
1403,0.43,0.44,0.36,0.35,0.44,0.58,0.35,0.43
1404,0.43,0.47,0.35,0.35,0.44,0.57,0.35,0.43
1405,0.43,0.44,0.32,0.29,0.46,0.59,0.36,0.44
1406,0.44,0.5,0.34,0.35,0.43,0.56,0.34,0.43
1407,0.43,0.5,0.34,0.32,0.42,0.56,0.35,0.44
1408,0.39,0.42,0.31,0.32,0.43,0.57,0.34,0.42
1409,0.38,0.44,0.32,0.32,0.4,0.53,0.31,0.38
1410,0.41,0.44,0.29,0.29,0.4,0.52,0.32,0.4
1411,0.36,0.39,0.31,0.32,0.38,0.51,0.3,0.38
1412,0.41,0.42,0.29,0.29,0.38,0.51,0.3,0.37
1413,0.36,0.42,0.29,0.29,0.38,0.5,0.29,0.37
1414,0.36,0.36,0.29,0.29,0.38,0.5,0.3,0.36
1415,0.36,0.36,0.28,0.29,0.37,0.5,0.3,0.36
1416,0.34,0.36,0.29,0.29,0.37,0.5,0.3,0.36
1417,0.34,0.33,0.24,0.18,0.4,0.52,0.32,0.37
1418,0.36,0.39,0.28,0.26,0.37,0.5,0.29,0.36
1419,0.34,0.39,0.28,0.29,0.36,0.49,0.27,0.34
1420,0.34,0.33,0.24,0.18,0.38,0.51,0.3,0.37
1421,0.33,0.36,0.28,0.29,0.36,0.49,0.27,0.34
1422,0.34,0.39,0.28,0.26,0.36,0.49,0.27,0.34
1423,0.34,0.33,0.24,0.15,0.38,0.5,0.3,0.37
1424,0.33,0.36,0.28,0.26,0.35,0.49,0.29,0.33
1425,0.33,0.33,0.28,0.29,0.36,0.49,0.29,0.33
1426,0.34,0.36,0.27,0.24,0.35,0.47,0.27,0.33
1427,0.34,0.33,0.27,0.26,0.35,0.47,0.27,0.33
1428,0.34,0.33,0.22,0.15,0.37,0.5,0.3,0.36
1429,0.33,0.33,0.22,0.15,0.36,0.5,0.29,0.36
1430,0.33,0.31,0.22,0.15,0.36,0.5,0.3,0.36
1431,0.31,0.31,0.26,0.26,0.34,0.46,0.26,0.31
1432,0.31,0.31,0.26,0.26,0.33,0.46,0.26,0.31
1433,0.33,0.31,0.26,0.24,0.33,0.44,0.25,0.31
1434,0.28,0.28,0.25,0.26,0.33,0.46,0.26,0.32
1435,0.31,0.28,0.21,0.12,0.34,0.47,0.27,0.33
1436,0.3,0.28,0.21,0.21,0.34,0.46,0.26,0.32
1437,0.3,0.28,0.21,0.18,0.33,0.46,0.26,0.32
1438,0.31,0.31,0.25,0.24,0.32,0.44,0.25,0.3
1439,0.28,0.28,0.25,0.26,0.32,0.44,0.25,0.3
1440,0.33,0.28,0.24,0.24,0.32,0.44,0.24,0.3
1441,0.28,0.25,0.25,0.24,0.32,0.43,0.24,0.3
1442,0.28,0.25,0.22,0.21,0.31,0.42,0.24,0.29
1443,0.28,0.28,0.24,0.24,0.31,0.42,0.24,0.29
1444,0.26,0.25,0.24,0.24,0.31,0.43,0.23,0.29
1445,0.26,0.25,0.24,0.24,0.31,0.42,0.24,0.29
1446,0.26,0.25,0.22,0.21,0.3,0.42,0.23,0.29
1447,0.26,0.25,0.19,0.09,0.32,0.43,0.25,0.31
1448,0.26,0.22,0.22,0.24,0.31,0.42,0.23,0.29
1449,0.26,0.25,0.21,0.21,0.31,0.43,0.24,0.29
1450,0.3,0.25,0.22,0.21,0.3,0.41,0.23,0.29
1451,0.28,0.25,0.21,0.21,0.31,0.42,0.23,0.29
1452,0.26,0.25,0.21,0.21,0.3,0.4,0.23,0.28
1453,0.26,0.22,0.22,0.21,0.29,0.4,0.23,0.28
1454,0.26,0.22,0.18,0.09,0.31,0.42,0.24,0.29
1455,0.25,0.22,0.21,0.21,0.3,0.4,0.22,0.28
1456,0.26,0.25,0.18,0.09,0.29,0.42,0.24,0.3
1457,0.25,0.22,0.2,0.21,0.3,0.4,0.23,0.28
1458,0.23,0.19,0.2,0.21,0.29,0.39,0.22,0.27
1459,0.25,0.19,0.2,0.21,0.29,0.39,0.22,0.27
1460,0.23,0.19,0.2,0.21,0.29,0.39,0.22,0.27
1461,0.23,0.19,0.2,0.21,0.27,0.39,0.22,0.27
1462,0.23,0.19,0.16,0.12,0.29,0.39,0.23,0.27
1463,0.23,0.22,0.2,0.18,0.26,0.39,0.21,0.24
1464,0.23,0.19,0.14,0.06,0.29,0.39,0.22,0.27
1465,0.23,0.17,0.14,0.09,0.27,0.39,0.22,0.26
1466,0.23,0.17,0.18,0.15,0.26,0.38,0.2,0.26
1467,0.21,0.19,0.18,0.15,0.26,0.38,0.21,0.26
1468,0.21,0.19,0.16,0.15,0.26,0.38,0.21,0.26
1469,0.23,0.17,0.18,0.18,0.25,0.37,0.2,0.24
1470,0.21,0.17,0.16,0.18,0.25,0.37,0.21,0.24
1471,0.26,0.17,0.15,0.15,0.25,0.37,0.21,0.24
1472,0.25,0.17,0.15,0.15,0.26,0.37,0.21,0.26
1473,0.2,0.17,0.18,0.15,0.25,0.35,0.19,0.23
1474,0.2,0.17,0.18,0.15,0.24,0.35,0.19,0.23
1475,0.2,0.14,0.18,0.18,0.25,0.36,0.2,0.23
1476,0.23,0.17,0.16,0.18,0.25,0.35,0.2,0.24
1477,0.2,0.14,0.14,0.15,0.25,0.36,0.2,0.23
1478,0.21,0.14,0.12,0.06,0.25,0.36,0.2,0.24
1479,0.2,0.14,0.16,0.15,0.25,0.35,0.19,0.23
1480,0.2,0.11,0.14,0.15,0.24,0.35,0.19,0.23
1481,0.2,0.14,0.12,0.09,0.24,0.35,0.2,0.23
1482,0.23,0.11,0.14,0.15,0.23,0.34,0.19,0.23
1483,0.18,0.14,0.14,0.15,0.24,0.33,0.19,0.22
1484,0.2,0.11,0.14,0.12,0.24,0.34,0.19,0.23
1485,0.2,0.14,0.15,0.12,0.23,0.33,0.18,0.21
1486,0.21,0.14,0.12,0.03,0.21,0.32,0.21,0.24
1487,0.2,0.14,0.13,0.06,0.24,0.34,0.19,0.23
1488,0.18,0.14,0.12,0.09,0.23,0.34,0.19,0.22
1489,0.21,0.14,0.12,0.03,0.22,0.33,0.2,0.24
1490,0.2,0.14,0.11,0.0,0.22,0.34,0.2,0.24
1491,0.18,0.11,0.15,0.15,0.22,0.32,0.18,0.21
1492,0.18,0.11,0.15,0.15,0.22,0.33,0.18,0.21
1493,0.2,0.11,0.11,0.0,0.21,0.32,0.2,0.24
1494,0.18,0.11,0.11,0.06,0.23,0.33,0.18,0.22
1495,0.18,0.11,0.11,0.03,0.23,0.33,0.19,0.22
1496,0.18,0.11,0.11,0.0,0.21,0.33,0.2,0.22
1497,0.2,0.11,0.11,0.0,0.21,0.32,0.19,0.23
1498,0.16,0.11,0.14,0.12,0.21,0.3,0.16,0.21
1499,0.2,0.08,0.11,0.06,0.21,0.31,0.16,0.21
