0,0.82,0.79,0.89,0.99,0.91,0.91,0.95,0.99
1,0.82,0.79,0.91,0.98,0.91,0.91,0.93,0.99
2,0.82,0.79,0.89,0.98,0.94,0.93,0.95,0.99
3,0.82,0.81,0.91,0.99,0.94,0.91,0.93,0.99
4,0.87,0.85,0.92,0.99,0.94,0.93,0.95,0.99
5,0.85,0.81,0.92,0.99,0.97,0.95,0.95,0.99
6,0.85,0.85,0.92,0.99,0.94,0.95,0.97,0.99
7,0.85,0.81,0.91,0.99,0.94,0.95,0.97,0.99
8,0.82,0.81,0.92,0.99,0.94,0.93,0.95,0.99
9,0.82,0.81,0.91,0.99,0.94,0.93,0.93,0.99
10,0.85,0.85,0.92,0.99,0.94,0.95,0.95,0.99
11,0.85,0.88,0.91,0.99,0.91,0.95,0.95,0.99
12,0.85,0.85,0.92,0.99,0.94,0.93,0.97,0.99
13,0.82,0.81,0.91,0.99,0.91,0.93,0.95,0.99
14,0.82,0.81,0.89,0.99,0.91,0.91,0.95,0.99
15,0.82,0.75,0.89,0.99,0.91,0.93,0.93,0.99
16,0.79,0.75,0.88,0.99,0.91,0.91,0.92,0.99
17,0.82,0.81,0.89,0.99,0.91,0.91,0.93,0.99
18,0.82,0.75,0.89,0.99,0.91,0.91,0.93,0.99
19,0.82,0.75,0.88,0.99,0.91,0.91,0.92,0.99
20,0.82,0.75,0.88,0.99,0.91,0.91,0.93,0.99
21,0.82,0.79,0.88,0.99,0.91,0.91,0.93,0.99
22,0.82,0.79,0.88,0.99,0.91,0.91,0.92,0.99
23,0.79,0.75,0.87,0.98,0.91,0.89,0.93,0.99
24,0.82,0.75,0.88,0.99,0.91,0.91,0.93,0.99
25,0.82,0.79,0.88,0.99,0.91,0.91,0.93,0.99
26,0.82,0.75,0.89,0.99,0.91,0.91,0.93,0.99
27,0.85,0.85,0.91,0.99,0.91,0.93,0.95,0.99
28,0.85,0.88,0.91,0.99,0.94,0.93,0.95,0.99
29,0.87,0.85,0.92,0.99,0.91,0.93,0.95,0.99
30,0.87,0.88,0.92,0.99,0.97,0.95,0.97,0.99
31,0.87,0.88,0.92,0.99,0.94,0.95,0.95,0.99
32,0.87,0.88,0.93,0.99,0.94,0.95,0.97,0.99
33,0.89,0.91,0.93,0.99,0.94,0.95,0.97,0.99
34,0.92,0.91,0.95,1.0,0.97,0.95,0.97,0.99
35,0.92,0.91,0.96,0.99,0.97,0.95,0.95,0.99
36,0.92,0.91,0.96,0.99,0.94,0.95,0.97,0.99
37,0.95,0.88,0.96,0.99,0.97,0.95,0.97,0.99
38,0.95,0.88,0.96,1.0,0.97,0.95,0.97,0.99
39,0.97,0.88,0.96,0.99,0.97,0.95,0.97,0.99
40,0.97,0.91,0.97,0.99,0.97,0.98,0.98,0.99
41,0.97,0.91,0.98,1.0,0.97,1.0,0.98,0.99
42,1.0,0.94,0.98,0.99,1.0,0.95,0.98,0.99
43,0.97,0.91,0.97,0.99,0.97,0.95,0.98,0.99
44,0.97,0.94,0.97,1.0,0.97,0.98,0.98,0.99
45,0.97,0.88,0.97,1.0,1.0,0.95,0.98,0.99
46,0.97,0.94,0.98,1.0,1.0,0.95,1.0,0.99
47,0.97,0.94,0.98,0.99,1.0,0.95,0.98,0.99
48,0.97,0.88,0.97,1.0,0.97,0.95,0.98,0.99
49,0.95,0.81,0.96,0.99,0.97,0.93,0.97,0.99
50,0.92,0.85,0.95,0.99,0.94,0.93,0.97,0.99
51,0.92,0.81,0.95,0.99,0.97,0.93,0.95,0.99
52,0.92,0.85,0.95,0.99,0.97,0.93,0.97,0.99
53,0.89,0.85,0.93,0.99,0.94,0.93,0.95,0.99
54,0.92,0.85,0.95,0.99,0.97,0.93,0.93,0.99
55,0.95,0.88,0.96,0.99,0.97,0.93,0.93,0.99
56,1.0,0.88,0.97,0.99,0.97,0.93,0.93,0.99
57,1.0,0.88,0.98,0.99,0.97,0.93,0.93,0.99
58,0.97,0.85,0.97,0.99,1.0,0.93,0.93,0.99
59,0.92,0.81,0.93,0.98,0.97,0.89,0.87,0.98
60,0.87,0.75,0.85,0.97,0.91,0.86,0.79,0.96
61,0.74,0.6,0.69,0.92,0.8,0.73,0.62,0.92
62,0.64,0.51,0.56,0.88,0.69,0.62,0.51,0.88
63,0.55,0.45,0.45,0.82,0.58,0.53,0.42,0.84
64,0.45,0.41,0.35,0.75,0.48,0.47,0.34,0.79
65,0.35,0.35,0.26,0.65,0.37,0.37,0.25,0.71
66,0.33,0.33,0.24,0.62,0.32,0.37,0.24,0.68
67,0.25,0.27,0.18,0.5,0.24,0.28,0.18,0.59
68,0.25,0.27,0.18,0.49,0.24,0.26,0.17,0.58
69,0.21,0.27,0.16,0.43,0.2,0.26,0.14,0.54
70,0.18,0.27,0.11,0.36,0.17,0.22,0.12,0.47
71,0.14,0.2,0.11,0.31,0.12,0.2,0.09,0.43
72,0.12,0.2,0.08,0.26,0.1,0.18,0.08,0.38
73,0.07,0.2,0.08,0.25,0.1,0.18,0.08,0.37
74,0.07,0.14,0.04,0.21,0.07,0.14,0.05,0.33
75,0.07,0.08,0.04,0.18,0.07,0.12,0.03,0.3
76,0.07,0.14,0.04,0.15,0.05,0.14,0.03,0.27
77,0.07,0.12,0.04,0.13,0.05,0.12,0.03,0.25
78,0.07,0.14,0.02,0.11,0.05,0.12,0.03,0.22
79,0.07,0.14,0.02,0.1,0.02,0.1,0.01,0.21
80,0.07,0.12,0.02,0.08,0.05,0.1,0.03,0.18
81,0.07,0.18,0.04,0.07,0.02,0.12,0.01,0.17
82,0.07,0.14,0.04,0.06,0.02,0.1,0.01,0.15
83,0.09,0.18,0.04,0.06,0.02,0.14,0.03,0.14
84,0.07,0.14,0.02,0.05,0.02,0.12,0.01,0.13
85,0.05,0.14,0.01,0.03,0.02,0.1,0.01,0.11
86,0.05,0.18,0.02,0.03,0.02,0.1,0.0,0.1
87,0.05,0.12,0.02,0.03,0.0,0.1,0.01,0.09
88,0.07,0.14,0.01,0.02,0.02,0.1,0.01,0.08
89,0.07,0.14,0.02,0.02,0.02,0.1,0.01,0.08
90,0.07,0.18,0.02,0.02,0.02,0.12,0.01,0.07
91,0.07,0.14,0.02,0.01,0.02,0.1,0.01,0.06
92,0.05,0.12,0.01,0.01,0.05,0.1,0.01,0.05
93,0.05,0.14,0.02,0.01,0.02,0.1,0.01,0.05
94,0.05,0.18,0.04,0.0,0.02,0.1,0.03,0.04
95,0.07,0.18,0.02,0.0,0.02,0.1,0.01,0.04
96,0.05,0.18,0.04,0.0,0.05,0.1,0.03,0.04
97,0.05,0.18,0.02,0.0,0.02,0.12,0.01,0.03
98,0.02,0.14,0.01,0.0,0.05,0.1,0.01,0.03
99,0.05,0.18,0.02,0.0,0.02,0.1,0.03,0.03
100,0.02,0.14,0.01,0.0,0.05,0.1,0.0,0.02
101,0.0,0.14,0.01,0.0,0.02,0.1,0.01,0.02
102,0.0,0.12,0.0,0.0,0.02,0.08,0.03,0.02
103,0.02,0.14,0.0,0.0,0.02,0.08,0.01,0.02
104,0.05,0.12,0.01,0.0,0.02,0.1,0.03,0.01
105,0.05,0.18,0.01,0.0,0.02,0.08,0.01,0.01
106,0.05,0.14,0.01,0.0,0.05,0.1,0.01,0.01
107,0.07,0.14,0.01,0.0,0.02,0.1,0.01,0.01
108,0.07,0.18,0.01,0.01,0.02,0.1,0.01,0.01
109,0.05,0.12,0.01,0.0,0.02,0.08,0.03,0.01
110,0.07,0.18,0.01,0.01,0.05,0.1,0.03,0.01
111,0.07,0.12,0.02,0.01,0.05,0.1,0.04,0.01
112,0.05,0.12,0.01,0.01,0.02,0.1,0.03,0.01
113,0.05,0.08,0.01,0.01,0.02,0.06,0.01,0.01
114,0.07,0.12,0.01,0.01,0.05,0.06,0.03,0.01
115,0.07,0.12,0.01,0.02,0.05,0.04,0.04,0.01
116,0.05,0.12,0.01,0.01,0.02,0.08,0.01,0.01
117,0.05,0.08,0.01,0.02,0.02,0.08,0.0,0.01
118,0.05,0.08,0.01,0.02,0.02,0.06,0.03,0.01
119,0.02,0.08,0.01,0.02,0.05,0.06,0.03,0.01
120,0.05,0.08,0.01,0.02,0.02,0.06,0.03,0.01
121,0.05,0.08,0.01,0.02,0.0,0.06,0.03,0.01
122,0.05,0.08,0.01,0.02,0.02,0.06,0.03,0.01
123,0.05,0.08,0.01,0.02,0.02,0.06,0.01,0.01
124,0.05,0.06,0.02,0.02,0.05,0.06,0.03,0.01
125,0.07,0.08,0.01,0.02,0.05,0.06,0.04,0.01
126,0.07,0.08,0.02,0.03,0.05,0.06,0.04,0.01
127,0.05,0.06,0.01,0.03,0.05,0.04,0.03,0.01
128,0.05,0.08,0.01,0.03,0.02,0.04,0.03,0.01
129,0.02,0.02,0.01,0.03,0.05,0.04,0.03,0.01
130,0.02,0.02,0.01,0.03,0.02,0.04,0.03,0.01
131,0.05,0.02,0.0,0.03,0.07,0.02,0.03,0.01
132,0.05,0.02,0.01,0.03,0.02,0.04,0.03,0.02
133,0.05,0.0,0.01,0.03,0.02,0.04,0.04,0.02
134,0.05,0.02,0.0,0.03,0.05,0.02,0.04,0.02
135,0.05,0.02,0.0,0.03,0.05,0.0,0.03,0.02
136,0.05,0.02,0.02,0.03,0.05,0.02,0.03,0.02
137,0.05,0.02,0.01,0.04,0.05,0.02,0.03,0.02
138,0.05,0.06,0.02,0.04,0.05,0.04,0.03,0.02
139,0.05,0.02,0.02,0.04,0.05,0.04,0.04,0.02
140,0.05,0.06,0.02,0.04,0.05,0.04,0.03,0.02
141,0.05,0.02,0.01,0.04,0.05,0.02,0.03,0.02
142,0.02,0.02,0.0,0.04,0.02,0.02,0.01,0.02
143,0.02,0.0,0.01,0.04,0.05,0.02,0.03,0.02
144,0.05,0.02,0.01,0.04,0.02,0.02,0.01,0.02
145,0.05,0.02,0.01,0.03,0.02,0.02,0.03,0.02
146,0.05,0.02,0.01,0.03,0.05,0.04,0.04,0.02
147,0.05,0.02,0.01,0.04,0.02,0.04,0.03,0.02
148,0.05,0.02,0.0,0.04,0.02,0.06,0.03,0.02
149,0.07,0.0,0.0,0.03,0.02,0.0,0.01,0.02
150,0.05,0.0,0.01,0.03,0.02,0.0,0.03,0.01
151,0.07,0.0,0.01,0.03,0.02,0.02,0.03,0.01
152,0.07,0.06,0.01,0.03,0.05,0.04,0.04,0.01
153,0.05,0.02,0.02,0.03,0.02,0.02,0.03,0.01
154,0.05,0.02,0.02,0.03,0.05,0.04,0.03,0.01
155,0.05,0.0,0.0,0.02,0.02,0.02,0.01,0.01
156,0.05,0.06,0.0,0.02,0.02,0.04,0.01,0.01
157,0.02,0.06,0.01,0.02,0.02,0.04,0.01,0.01
158,0.02,0.06,0.01,0.02,0.0,0.04,0.03,0.0
159,0.05,0.06,0.04,0.02,0.05,0.06,0.06,0.0
160,0.07,0.14,0.08,0.02,0.07,0.1,0.12,0.01
161,0.12,0.24,0.15,0.04,0.12,0.16,0.17,0.02
162,0.16,0.24,0.18,0.05,0.15,0.2,0.21,0.02
163,0.18,0.27,0.21,0.05,0.2,0.24,0.23,0.02
164,0.23,0.35,0.27,0.07,0.24,0.26,0.28,0.04
165,0.3,0.45,0.35,0.1,0.29,0.34,0.35,0.05
166,0.33,0.45,0.36,0.11,0.32,0.39,0.36,0.06
167,0.38,0.45,0.42,0.14,0.37,0.43,0.41,0.08
168,0.38,0.45,0.42,0.15,0.4,0.45,0.42,0.09
169,0.4,0.48,0.46,0.18,0.42,0.47,0.45,0.11
170,0.42,0.48,0.49,0.2,0.42,0.49,0.48,0.13
171,0.42,0.48,0.5,0.21,0.45,0.51,0.5,0.14
172,0.45,0.54,0.53,0.25,0.5,0.55,0.53,0.16
173,0.5,0.54,0.55,0.27,0.5,0.58,0.54,0.17
174,0.5,0.54,0.57,0.29,0.5,0.6,0.55,0.19
175,0.55,0.56,0.6,0.31,0.53,0.64,0.6,0.21
176,0.57,0.6,0.62,0.35,0.56,0.64,0.6,0.23
177,0.57,0.64,0.62,0.36,0.58,0.66,0.62,0.24
178,0.59,0.64,0.65,0.38,0.61,0.68,0.65,0.26
179,0.59,0.64,0.65,0.41,0.61,0.68,0.65,0.27
180,0.62,0.6,0.67,0.43,0.61,0.68,0.68,0.29
181,0.64,0.64,0.69,0.46,0.64,0.68,0.71,0.32
182,0.67,0.64,0.71,0.49,0.66,0.71,0.69,0.34
183,0.69,0.6,0.72,0.51,0.69,0.75,0.72,0.36
184,0.69,0.64,0.74,0.53,0.72,0.71,0.74,0.38
185,0.72,0.6,0.74,0.55,0.72,0.75,0.74,0.39
186,0.72,0.64,0.75,0.56,0.72,0.75,0.76,0.4
187,0.72,0.64,0.76,0.58,0.72,0.77,0.77,0.42
188,0.74,0.66,0.78,0.6,0.77,0.77,0.77,0.44
189,0.77,0.64,0.79,0.61,0.77,0.77,0.79,0.45
190,0.77,0.66,0.8,0.63,0.77,0.77,0.8,0.46
191,0.77,0.66,0.8,0.66,0.77,0.77,0.8,0.49
192,0.79,0.66,0.82,0.67,0.8,0.77,0.84,0.5
193,0.79,0.66,0.82,0.69,0.8,0.8,0.82,0.51
194,0.79,0.69,0.84,0.7,0.83,0.8,0.82,0.53
195,0.79,0.69,0.83,0.71,0.83,0.82,0.84,0.54
196,0.79,0.66,0.83,0.72,0.83,0.8,0.85,0.56
197,0.79,0.69,0.83,0.73,0.83,0.82,0.85,0.56
198,0.79,0.69,0.84,0.74,0.83,0.8,0.85,0.58
199,0.79,0.69,0.84,0.76,0.86,0.82,0.85,0.59
200,0.82,0.69,0.84,0.77,0.83,0.82,0.87,0.6
201,0.82,0.69,0.87,0.78,0.86,0.84,0.87,0.61
202,0.82,0.73,0.87,0.79,0.86,0.84,0.9,0.63
203,0.79,0.75,0.85,0.8,0.86,0.86,0.88,0.64
204,0.79,0.75,0.85,0.81,0.86,0.86,0.88,0.65
205,0.77,0.75,0.87,0.81,0.86,0.84,0.88,0.65
206,0.79,0.79,0.85,0.82,0.86,0.84,0.88,0.67
207,0.77,0.75,0.87,0.83,0.86,0.89,0.88,0.68
208,0.77,0.81,0.87,0.84,0.89,0.86,0.87,0.68
209,0.79,0.75,0.87,0.84,0.86,0.89,0.87,0.69
210,0.79,0.79,0.87,0.85,0.86,0.89,0.9,0.7
211,0.79,0.81,0.85,0.85,0.89,0.89,0.88,0.71
212,0.77,0.75,0.87,0.86,0.86,0.86,0.87,0.72
213,0.79,0.81,0.87,0.86,0.86,0.89,0.88,0.73
214,0.79,0.79,0.87,0.87,0.86,0.86,0.88,0.74
215,0.79,0.81,0.87,0.88,0.86,0.86,0.88,0.75
216,0.79,0.81,0.87,0.88,0.86,0.86,0.88,0.75
217,0.82,0.81,0.88,0.88,0.89,0.86,0.88,0.75
218,0.82,0.79,0.88,0.89,0.86,0.91,0.88,0.76
219,0.85,0.81,0.88,0.9,0.89,0.89,0.88,0.77
220,0.85,0.81,0.88,0.9,0.89,0.89,0.9,0.78
221,0.87,0.85,0.89,0.9,0.91,0.91,0.9,0.78
222,0.85,0.79,0.88,0.91,0.89,0.89,0.88,0.79
223,0.85,0.79,0.89,0.91,0.89,0.89,0.9,0.79
224,0.85,0.79,0.91,0.91,0.89,0.86,0.9,0.81
225,0.87,0.79,0.91,0.91,0.91,0.86,0.9,0.81
226,0.87,0.81,0.91,0.91,0.91,0.86,0.9,0.81
227,0.89,0.81,0.91,0.92,0.91,0.89,0.93,0.82
228,0.89,0.81,0.92,0.92,0.91,0.91,0.92,0.82
229,0.89,0.81,0.92,0.92,0.91,0.89,0.92,0.82
230,0.92,0.81,0.92,0.92,0.91,0.89,0.93,0.83
231,0.92,0.81,0.92,0.93,0.91,0.91,0.93,0.84
232,0.89,0.81,0.93,0.93,0.91,0.89,0.93,0.84
233,0.92,0.85,0.93,0.93,0.97,0.91,0.95,0.85
234,0.92,0.85,0.93,0.93,0.94,0.91,0.93,0.85
235,0.89,0.88,0.93,0.94,0.94,0.91,0.95,0.86
236,0.89,0.88,0.93,0.94,0.94,0.91,0.93,0.86
237,0.87,0.88,0.95,0.94,0.94,0.93,0.93,0.87
238,0.89,0.91,0.95,0.94,0.94,0.93,0.95,0.87
239,0.87,0.91,0.95,0.95,0.94,0.93,0.95,0.88
240,0.89,0.91,0.93,0.95,0.94,0.93,0.95,0.88
241,0.87,0.91,0.93,0.95,0.94,0.95,0.93,0.88
242,0.87,0.88,0.92,0.95,0.94,0.93,0.93,0.88
243,0.89,0.88,0.93,0.95,0.94,0.93,0.93,0.89
244,0.89,0.88,0.92,0.95,0.94,0.93,0.93,0.89
245,0.92,0.91,0.95,0.96,0.97,0.95,0.95,0.89
246,0.95,0.94,0.96,0.96,0.97,0.95,0.97,0.89
247,0.95,0.98,0.96,0.96,0.97,0.95,0.97,0.9
248,0.92,0.98,0.96,0.96,0.97,0.98,0.97,0.9
249,0.92,0.94,0.96,0.96,0.97,0.98,0.97,0.9
250,0.89,0.94,0.95,0.97,0.97,0.98,0.95,0.91
251,0.89,0.94,0.95,0.97,0.97,0.95,0.95,0.91
252,0.89,0.94,0.93,0.97,0.94,0.95,0.95,0.91
253,0.89,0.91,0.95,0.97,0.94,0.95,0.95,0.91
254,0.92,0.91,0.93,0.97,0.97,0.98,0.97,0.92
255,0.92,0.91,0.95,0.97,0.94,0.98,0.95,0.92
256,0.95,0.98,0.95,0.97,0.97,0.98,0.95,0.92
257,0.95,0.94,0.96,0.97,0.97,0.93,0.97,0.92
258,0.95,0.98,0.96,0.97,0.97,0.95,0.95,0.92
259,0.95,0.94,0.95,0.97,0.97,0.95,0.97,0.93
260,0.95,0.94,0.96,0.97,0.97,0.98,0.95,0.93
261,0.95,1.0,0.96,0.97,0.97,0.98,0.97,0.93
262,0.95,1.0,0.95,0.98,0.97,0.98,0.97,0.94
263,0.95,0.98,0.96,0.98,0.97,0.95,0.97,0.94
264,0.89,0.94,0.93,0.98,0.94,0.95,0.95,0.94
265,0.87,0.88,0.92,0.97,0.94,0.95,0.95,0.94
266,0.85,0.81,0.89,0.97,0.94,0.91,0.92,0.94
267,0.85,0.79,0.89,0.97,0.91,0.91,0.92,0.94
268,0.85,0.81,0.89,0.97,0.91,0.93,0.93,0.94
269,0.85,0.81,0.88,0.97,0.89,0.91,0.92,0.94
270,0.82,0.81,0.89,0.97,0.89,0.91,0.92,0.94
271,0.82,0.81,0.88,0.97,0.89,0.91,0.92,0.94
272,0.82,0.81,0.88,0.97,0.86,0.91,0.92,0.94
273,0.82,0.79,0.87,0.97,0.89,0.86,0.9,0.94
274,0.85,0.79,0.87,0.97,0.89,0.89,0.92,0.95
275,0.85,0.79,0.87,0.98,0.89,0.91,0.92,0.95
276,0.85,0.79,0.88,0.97,0.91,0.91,0.92,0.95
277,0.85,0.85,0.89,0.97,0.89,0.91,0.92,0.95
278,0.85,0.85,0.89,0.98,0.91,0.89,0.92,0.95
279,0.87,0.81,0.89,0.97,0.91,0.91,0.92,0.95
280,0.85,0.81,0.88,0.97,0.89,0.91,0.92,0.95
281,0.85,0.79,0.89,0.97,0.89,0.86,0.9,0.95
282,0.87,0.81,0.89,0.97,0.89,0.89,0.92,0.95
283,0.87,0.85,0.89,0.97,0.89,0.93,0.92,0.95
284,0.87,0.85,0.91,0.98,0.89,0.91,0.92,0.96
285,0.85,0.81,0.89,0.97,0.91,0.89,0.92,0.96
286,0.87,0.81,0.89,0.97,0.89,0.91,0.9,0.96
287,0.85,0.81,0.89,0.97,0.89,0.89,0.9,0.96
288,0.82,0.75,0.87,0.97,0.86,0.86,0.9,0.96
289,0.85,0.75,0.87,0.97,0.89,0.86,0.9,0.96
290,0.85,0.75,0.88,0.97,0.86,0.89,0.9,0.96
291,0.82,0.75,0.87,0.97,0.89,0.89,0.9,0.96
292,0.85,0.79,0.88,0.97,0.89,0.89,0.9,0.96
293,0.85,0.81,0.88,0.98,0.91,0.89,0.9,0.96
294,0.85,0.79,0.89,0.97,0.91,0.89,0.92,0.96
295,0.85,0.81,0.89,0.97,0.89,0.91,0.92,0.96
296,0.85,0.85,0.89,0.97,0.89,0.91,0.92,0.96
297,0.87,0.88,0.89,0.98,0.91,0.91,0.93,0.96
298,0.85,0.81,0.89,0.98,0.91,0.91,0.92,0.96
299,0.85,0.81,0.89,0.98,0.91,0.89,0.93,0.96
300,0.85,0.81,0.88,0.98,0.91,0.91,0.93,0.96
301,0.85,0.81,0.89,0.98,0.89,0.89,0.93,0.97
302,0.85,0.81,0.89,0.98,0.91,0.91,0.92,0.97
303,0.85,0.81,0.89,0.98,0.91,0.91,0.93,0.97
304,0.87,0.81,0.91,0.98,0.91,0.89,0.93,0.97
305,0.85,0.75,0.89,0.98,0.91,0.89,0.92,0.97
306,0.85,0.79,0.89,0.98,0.91,0.91,0.93,0.97
307,0.85,0.75,0.89,0.97,0.91,0.89,0.93,0.97
308,0.85,0.73,0.89,0.98,0.91,0.86,0.93,0.97
309,0.87,0.79,0.89,0.98,0.91,0.89,0.93,0.97
310,0.87,0.79,0.89,0.98,0.91,0.86,0.93,0.97
311,0.87,0.79,0.91,0.98,0.91,0.89,0.92,0.97
312,0.85,0.75,0.88,0.97,0.91,0.86,0.92,0.97
313,0.85,0.75,0.89,0.97,0.91,0.86,0.92,0.97
314,0.82,0.69,0.88,0.97,0.91,0.84,0.9,0.97
315,0.85,0.69,0.88,0.98,0.89,0.86,0.92,0.97
316,0.85,0.73,0.89,0.97,0.91,0.86,0.92,0.97
317,0.85,0.75,0.89,0.97,0.91,0.86,0.93,0.97
318,0.87,0.75,0.91,0.98,0.91,0.86,0.92,0.97
319,0.87,0.75,0.91,0.98,0.91,0.86,0.92,0.97
320,0.85,0.73,0.89,0.98,0.91,0.86,0.93,0.97
321,0.85,0.75,0.89,0.98,0.91,0.89,0.92,0.98
322,0.87,0.75,0.89,0.98,0.91,0.89,0.93,0.98
323,0.85,0.73,0.91,0.98,0.91,0.86,0.9,0.98
324,0.85,0.73,0.89,0.97,0.91,0.86,0.93,0.98
325,0.87,0.75,0.89,0.97,0.91,0.86,0.93,0.98
326,0.87,0.75,0.91,0.97,0.91,0.89,0.93,0.98
327,0.92,0.81,0.93,0.98,0.94,0.91,0.95,0.98
328,0.95,0.85,0.95,0.98,0.94,0.89,0.95,0.98
329,0.95,0.85,0.96,0.98,0.94,0.91,0.97,0.98
330,0.95,0.88,0.97,0.98,0.97,0.91,0.97,0.98
331,0.95,0.88,0.96,0.98,0.97,0.93,0.97,0.98
332,0.89,0.85,0.96,0.98,0.97,0.93,0.97,0.98
333,0.92,0.85,0.95,0.98,0.97,0.93,0.97,0.98
334,0.92,0.81,0.95,0.98,0.97,0.91,0.95,0.98
335,0.92,0.85,0.95,0.98,0.97,0.91,0.93,0.98
336,0.89,0.81,0.95,0.98,0.94,0.91,0.95,0.98
337,0.92,0.81,0.95,0.98,0.94,0.89,0.95,0.98
338,0.92,0.88,0.96,0.98,0.97,0.91,0.97,0.99
339,0.92,0.88,0.96,0.98,0.97,0.91,0.97,0.98
340,0.92,0.91,0.96,0.98,0.97,0.93,0.97,0.99
341,0.92,0.85,0.95,0.98,0.97,0.91,0.97,0.99
342,0.92,0.88,0.95,0.98,0.94,0.93,0.97,0.99
343,0.89,0.85,0.95,0.98,0.97,0.91,0.97,0.99
344,0.89,0.88,0.95,0.99,0.94,0.91,0.97,0.99
345,0.89,0.85,0.95,0.98,0.94,0.89,0.95,0.99
346,0.92,0.91,0.96,0.98,0.97,0.95,0.97,0.99
347,0.95,0.91,0.97,0.98,0.97,0.95,0.98,0.99
348,0.95,0.98,0.97,0.99,1.0,0.95,0.97,0.99
349,0.95,0.94,0.97,0.99,0.97,0.95,0.97,0.99
350,0.92,0.94,0.97,0.99,0.97,0.95,0.97,0.99
351,0.89,0.91,0.96,0.99,0.97,0.93,0.97,0.99
352,0.89,0.88,0.96,0.99,0.94,0.93,0.95,0.99
353,0.92,0.94,0.96,0.99,0.97,0.95,0.97,0.99
354,0.92,0.94,0.97,0.99,0.97,0.95,0.97,0.99
355,0.92,0.98,0.97,0.99,0.94,0.98,0.97,0.99
356,0.89,0.88,0.96,0.99,0.94,0.93,0.95,0.99
357,0.92,0.94,0.97,0.99,0.97,0.95,0.95,0.99
358,0.92,0.94,0.96,0.99,0.97,0.95,0.95,0.99
359,0.92,0.91,0.96,0.99,0.94,0.95,0.97,0.99
360,0.89,0.94,0.95,0.99,0.94,0.95,0.97,0.99
361,0.87,0.85,0.93,0.99,0.91,0.93,0.93,0.99
362,0.85,0.88,0.92,0.99,0.94,0.93,0.93,0.99
363,0.85,0.88,0.91,0.99,0.91,0.93,0.93,0.99
364,0.82,0.85,0.91,0.99,0.91,0.91,0.93,0.99
365,0.85,0.85,0.91,0.99,0.91,0.93,0.93,0.99
366,0.85,0.88,0.91,0.99,0.91,0.93,0.93,0.99
367,0.85,0.88,0.92,0.99,0.91,0.93,0.93,0.99
368,0.87,0.91,0.92,0.99,0.91,0.93,0.95,0.99
369,0.89,0.94,0.92,0.99,0.94,0.95,0.95,0.99
370,0.92,0.94,0.95,0.99,0.97,0.98,0.97,0.99
371,0.92,0.94,0.95,0.99,0.94,0.95,0.97,0.99
372,0.92,0.94,0.95,0.99,0.94,0.95,0.97,0.99
373,0.92,0.91,0.95,0.99,0.94,0.93,0.97,0.99
374,0.95,0.94,0.95,0.99,0.94,0.95,0.97,0.99
375,0.92,0.91,0.95,0.99,0.94,0.93,0.97,0.99
376,0.92,0.91,0.95,0.99,0.97,0.93,0.97,0.99
377,0.92,0.88,0.93,0.99,0.94,0.93,0.95,0.99
378,0.89,0.88,0.92,0.99,0.94,0.93,0.95,0.99
379,0.89,0.81,0.92,0.99,0.91,0.91,0.95,0.99
380,0.89,0.85,0.92,0.99,0.94,0.93,0.95,0.99
381,0.89,0.85,0.92,0.99,0.94,0.93,0.97,0.99
382,0.92,0.85,0.93,0.99,0.94,0.93,0.97,0.99
383,0.95,0.91,0.93,0.99,0.94,0.93,0.97,0.99
384,0.92,0.91,0.93,0.99,0.97,0.93,0.95,1.0
385,0.92,0.88,0.92,0.99,0.94,0.93,0.95,1.0
386,0.92,0.88,0.92,0.99,0.94,0.91,0.97,0.99
387,0.92,0.88,0.92,0.99,0.94,0.93,0.95,0.99
388,0.92,0.85,0.93,0.99,0.94,0.91,0.97,0.99
389,0.92,0.85,0.93,0.99,0.94,0.93,0.97,0.99
390,0.92,0.88,0.93,0.99,0.94,0.93,0.97,0.99
391,0.92,0.88,0.95,0.99,0.94,0.91,0.97,0.99
392,0.95,0.81,0.93,0.98,0.94,0.91,0.95,0.99
393,0.95,0.81,0.93,0.99,0.94,0.91,0.97,0.99
394,0.95,0.85,0.95,0.99,0.94,0.91,0.97,0.99
395,0.95,0.88,0.96,0.99,0.97,0.93,0.97,0.99
396,0.95,0.88,0.93,0.99,0.97,0.93,0.95,0.99
397,0.95,0.88,0.96,0.99,0.97,0.93,0.97,0.99
398,0.95,0.85,0.96,0.99,0.97,0.93,0.98,1.0
399,0.95,0.91,0.96,0.99,0.97,0.91,0.98,0.99
400,0.97,0.88,0.96,0.99,1.0,0.93,0.97,0.99
401,0.95,0.85,0.95,0.98,0.97,0.93,0.97,0.99
402,0.97,0.81,0.96,0.99,0.97,0.93,0.98,0.99
403,0.95,0.81,0.96,0.99,0.97,0.93,0.97,0.99
404,0.95,0.81,0.96,0.98,0.97,0.93,0.98,0.99
405,0.95,0.81,0.95,0.99,0.97,0.89,0.97,0.99
406,0.92,0.81,0.93,0.99,0.97,0.86,0.97,0.99
407,0.92,0.75,0.93,0.98,0.97,0.91,0.97,0.99
408,0.92,0.75,0.93,0.98,0.97,0.86,0.97,0.99
409,0.92,0.75,0.95,0.98,0.97,0.91,0.97,0.99
410,0.92,0.79,0.95,0.99,0.97,0.89,0.98,0.99
411,0.92,0.79,0.95,0.98,0.97,0.89,0.97,0.99
412,0.89,0.79,0.95,0.98,0.97,0.91,0.97,0.99
413,0.89,0.81,0.93,0.98,0.97,0.89,0.97,0.99
414,0.89,0.79,0.93,0.98,0.97,0.91,0.95,0.99
415,0.89,0.81,0.93,0.98,0.97,0.91,0.97,0.99
416,0.89,0.81,0.95,0.98,0.94,0.91,0.97,0.99
417,0.87,0.81,0.93,0.98,0.94,0.89,0.97,0.99
418,0.89,0.79,0.93,0.98,0.94,0.91,0.97,0.99
419,0.89,0.85,0.93,0.98,0.97,0.91,0.95,0.99
420,0.89,0.85,0.95,0.98,0.94,0.93,0.97,0.99
421,0.92,0.85,0.93,0.98,0.97,0.91,0.97,1.0
422,0.92,0.81,0.95,0.98,0.94,0.91,0.97,0.99
423,0.92,0.81,0.95,0.98,0.97,0.93,0.97,1.0
424,0.92,0.81,0.95,0.98,0.97,0.91,0.97,1.0
425,0.92,0.81,0.96,0.98,0.97,0.93,0.97,0.99
426,0.92,0.85,0.96,0.99,0.97,0.93,0.97,1.0
427,0.92,0.79,0.93,0.98,0.97,0.91,0.97,0.99
428,0.89,0.79,0.92,0.98,0.94,0.93,0.95,0.99
429,0.87,0.81,0.92,0.98,0.94,0.91,0.95,0.99
430,0.85,0.81,0.92,0.98,0.94,0.91,0.95,0.99
431,0.85,0.85,0.91,0.98,0.94,0.86,0.95,0.99
432,0.85,0.81,0.92,0.98,0.91,0.89,0.95,1.0
433,0.85,0.81,0.92,0.98,0.94,0.91,0.95,0.99
434,0.82,0.79,0.91,0.98,0.91,0.91,0.93,0.99
435,0.82,0.73,0.89,0.98,0.91,0.91,0.93,0.99
436,0.82,0.75,0.91,0.98,0.91,0.89,0.93,1.0
437,0.82,0.79,0.89,0.98,0.91,0.89,0.93,0.99
438,0.82,0.75,0.89,0.98,0.91,0.95,0.93,1.0
439,0.85,0.79,0.89,0.98,0.91,0.89,0.93,0.99
440,0.82,0.75,0.88,0.98,0.91,0.89,0.93,0.99
441,0.82,0.79,0.89,0.98,0.91,0.91,0.93,0.99
442,0.82,0.79,0.91,0.98,0.91,0.89,0.93,0.99
443,0.85,0.81,0.89,0.98,0.91,0.91,0.93,0.99
444,0.85,0.81,0.89,0.98,0.91,0.91,0.93,0.99
445,0.85,0.85,0.91,0.99,0.91,0.91,0.93,1.0
446,0.85,0.81,0.91,0.98,0.91,0.89,0.93,0.99
447,0.85,0.79,0.91,0.98,0.91,0.91,0.93,0.99
448,0.85,0.81,0.91,0.98,0.91,0.91,0.93,0.99
449,0.85,0.79,0.91,0.98,0.91,0.89,0.93,0.99
450,0.85,0.81,0.89,0.98,0.91,0.91,0.93,0.99
451,0.85,0.79,0.91,0.98,0.91,0.91,0.93,0.99
452,0.85,0.81,0.89,0.99,0.91,0.91,0.93,1.0
453,0.85,0.79,0.91,0.98,0.91,0.91,0.93,0.99
454,0.85,0.85,0.91,0.99,0.91,0.91,0.93,0.99
455,0.87,0.81,0.91,0.98,0.91,0.89,0.93,1.0
456,0.87,0.81,0.92,0.98,0.91,0.91,0.93,0.99
457,0.85,0.81,0.91,0.98,0.91,0.91,0.93,0.99
458,0.89,0.85,0.93,0.98,0.94,0.93,0.95,0.99
459,0.89,0.88,0.93,0.98,0.91,0.91,0.95,0.99
460,0.92,0.85,0.95,0.99,0.97,0.93,0.95,1.0
461,0.89,0.88,0.93,0.99,0.94,0.93,0.95,0.99
462,0.89,0.81,0.93,0.99,0.94,0.93,0.95,1.0
463,0.89,0.85,0.93,0.99,0.94,0.93,0.95,0.99
464,0.92,0.88,0.93,0.99,0.97,0.93,0.97,1.0
465,0.89,0.85,0.92,0.99,0.94,0.91,0.95,1.0
466,0.89,0.85,0.93,0.99,0.94,0.93,0.95,1.0
467,0.89,0.85,0.93,0.99,0.94,0.93,0.95,1.0
468,0.89,0.88,0.92,0.99,0.94,0.95,0.95,1.0
469,0.89,0.85,0.93,0.99,0.94,0.93,0.97,1.0
470,0.89,0.81,0.93,0.98,0.91,0.93,0.95,1.0
471,0.92,0.79,0.93,0.99,0.94,0.91,0.95,1.0
472,0.92,0.85,0.93,0.98,0.94,0.93,0.97,0.99
473,0.92,0.81,0.93,0.98,0.97,0.91,0.95,0.99
474,0.92,0.81,0.93,0.98,0.94,0.91,0.95,0.99
475,0.89,0.81,0.92,0.98,0.94,0.91,0.95,0.99
476,0.89,0.79,0.92,0.99,0.94,0.91,0.95,0.99
477,0.89,0.75,0.92,0.98,0.94,0.91,0.92,0.99
478,0.89,0.81,0.92,0.98,0.91,0.86,0.93,0.99
479,0.89,0.75,0.89,0.98,0.91,0.91,0.95,0.99
480,0.87,0.75,0.91,0.98,0.91,0.89,0.93,0.99
481,0.87,0.75,0.91,0.98,0.91,0.89,0.93,0.99
482,0.87,0.75,0.91,0.98,0.94,0.91,0.93,0.99
483,0.87,0.73,0.91,0.98,0.91,0.86,0.95,0.99
484,0.87,0.73,0.92,0.98,0.91,0.89,0.95,0.99
485,0.87,0.75,0.91,0.98,0.94,0.89,0.93,0.99
486,0.87,0.73,0.92,0.98,0.94,0.86,0.95,0.99
487,0.89,0.79,0.92,0.98,0.94,0.89,0.95,0.99
488,0.89,0.79,0.93,0.98,0.94,0.86,0.95,0.99
489,0.87,0.81,0.93,0.98,0.94,0.91,0.95,0.99
490,0.92,0.79,0.93,0.98,0.94,0.89,0.97,0.99
491,0.92,0.81,0.95,0.98,0.94,0.91,0.97,0.99
492,0.92,0.81,0.95,0.98,0.94,0.91,0.95,0.99
493,0.89,0.79,0.93,0.98,0.94,0.89,0.95,0.99
494,0.92,0.81,0.95,0.98,0.94,0.91,0.97,0.99
495,0.92,0.85,0.96,0.98,0.94,0.93,0.97,0.99
496,0.92,0.85,0.95,0.98,0.97,0.93,0.97,0.99
497,0.95,0.91,0.96,0.99,0.97,0.93,0.98,0.99
498,0.92,0.88,0.96,0.99,0.97,0.91,0.97,0.99
499,0.97,0.91,0.97,0.99,0.97,0.95,0.98,0.99
500,0.95,0.94,1.0,0.99,1.0,0.95,0.98,0.99
501,0.97,0.94,0.98,0.99,0.97,0.98,1.0,0.99
502,0.95,0.94,0.98,0.99,0.97,0.95,0.98,0.99
503,0.95,0.88,0.97,0.99,0.97,0.98,0.97,0.99
504,0.92,0.94,0.97,0.99,0.97,0.95,0.97,0.99
505,0.92,0.98,0.97,0.99,0.97,0.95,0.97,0.99
506,0.89,0.91,0.96,0.99,0.97,0.95,0.97,0.99
507,0.89,0.91,0.97,0.99,0.97,0.95,0.97,0.99
508,0.87,0.91,0.95,0.99,0.97,0.93,0.95,0.99
509,0.87,0.91,0.93,0.99,0.94,0.95,0.93,0.99
510,0.85,0.91,0.95,0.99,0.94,0.91,0.95,0.99
511,0.89,0.91,0.95,0.99,0.94,0.95,0.95,1.0
512,0.89,0.94,0.95,0.99,0.94,0.93,0.95,0.99
513,0.89,0.91,0.93,0.99,0.94,0.95,0.95,0.99
514,0.89,0.91,0.95,0.99,0.91,0.93,0.95,0.99
515,0.89,0.88,0.92,0.99,0.91,0.93,0.95,0.99
516,0.89,0.88,0.93,0.99,0.91,0.91,0.93,0.99
517,0.89,0.88,0.93,0.99,0.94,0.93,0.95,0.99
518,0.89,0.91,0.92,0.99,0.94,0.91,0.93,0.99
519,0.87,0.85,0.92,0.99,0.91,0.91,0.95,0.99
520,0.89,0.88,0.92,0.99,0.91,0.93,0.95,0.99
521,0.89,0.88,0.92,0.99,0.91,0.91,0.93,0.99
522,0.89,0.91,0.93,0.99,0.94,0.93,0.95,0.99
523,0.92,0.91,0.95,0.99,0.94,0.93,0.95,0.99
524,0.89,0.91,0.93,0.99,0.91,0.91,0.95,0.99
525,0.87,0.94,0.92,0.99,0.91,0.93,0.93,0.99
526,0.89,0.91,0.93,0.99,0.94,0.93,0.93,0.99
527,0.89,0.91,0.93,0.99,0.94,0.95,0.95,0.99
528,0.89,0.91,0.92,0.99,0.91,0.93,0.95,0.99
529,0.92,0.94,0.95,0.99,0.91,0.95,0.95,0.99
530,0.92,0.94,0.95,0.99,0.94,0.95,0.95,0.99
531,0.92,0.94,0.95,0.99,0.94,0.95,0.97,0.99
532,0.92,0.98,0.96,0.99,0.94,0.95,0.95,0.99
533,0.92,0.94,0.93,1.0,0.97,0.98,0.97,0.99
534,0.92,0.98,0.95,0.99,0.91,0.95,0.95,0.99
535,0.92,0.94,0.93,0.99,0.94,0.95,0.95,0.99
536,0.89,0.91,0.95,0.99,0.94,0.95,0.95,0.99
537,0.92,0.94,0.93,0.99,0.91,0.93,0.97,0.99
538,0.92,0.98,0.95,0.99,0.94,0.95,0.95,0.99
539,0.92,0.94,0.95,1.0,0.94,0.95,0.95,0.99
540,0.92,0.98,0.95,0.99,0.94,0.95,0.97,0.99
541,0.92,0.91,0.93,0.99,0.91,0.95,0.95,0.99
542,0.92,0.94,0.93,0.99,0.94,0.95,0.93,0.99
543,0.95,0.94,0.93,0.99,0.94,0.95,0.97,0.99
544,0.95,0.91,0.95,0.99,0.91,0.93,0.95,0.99
545,0.95,0.91,0.95,0.99,0.94,0.93,0.95,0.99
546,0.95,0.91,0.96,0.99,0.94,0.95,0.97,0.99
547,0.97,1.0,0.96,0.99,0.97,0.95,0.97,0.99
548,1.0,0.98,0.98,0.99,0.97,0.95,0.98,0.99
549,1.0,1.0,0.98,1.0,0.97,0.95,0.97,0.99
550,0.97,1.0,0.97,0.99,0.97,0.95,0.98,0.99
551,0.95,0.91,0.96,0.99,0.97,0.93,0.97,0.99
552,0.95,0.91,0.96,0.99,0.97,0.95,0.97,0.99
553,0.92,0.88,0.95,0.99,0.94,0.91,0.97,0.99
554,0.92,0.88,0.96,0.99,0.97,0.91,0.97,0.99
555,0.95,0.91,0.96,0.99,0.97,0.93,0.97,0.99
556,0.95,0.91,0.96,0.99,0.97,0.93,0.97,0.99
557,0.92,0.91,0.96,0.99,0.94,0.93,0.97,0.99
558,0.95,0.88,0.96,0.99,0.97,0.93,0.95,0.99
559,0.95,0.91,0.96,0.99,0.97,0.95,0.97,0.99
560,0.92,0.88,0.96,0.99,0.97,0.93,0.95,0.99
561,0.92,0.85,0.95,0.99,0.94,0.91,0.95,0.99
562,0.92,0.85,0.95,0.99,0.94,0.89,0.97,0.99
563,0.92,0.85,0.95,0.99,0.94,0.91,0.97,0.99
564,0.95,0.85,0.95,0.99,0.94,0.91,0.97,0.99
565,0.92,0.81,0.95,0.99,0.94,0.91,0.95,0.99
566,0.89,0.85,0.95,0.99,0.94,0.91,0.95,0.99
567,0.95,0.81,0.95,0.99,0.94,0.91,0.95,0.99
568,0.95,0.85,0.95,0.99,0.94,0.91,0.95,0.99
569,0.95,0.85,0.93,0.99,0.94,0.93,0.95,0.99
570,0.92,0.85,0.93,0.99,0.91,0.86,0.95,0.99
571,0.92,0.81,0.92,0.99,0.94,0.91,0.95,0.99
572,0.92,0.81,0.92,0.98,0.94,0.89,0.95,0.98
573,0.92,0.79,0.92,0.99,0.94,0.91,0.95,0.98
574,0.92,0.81,0.95,0.99,0.94,0.91,0.97,0.99
575,0.92,0.88,0.93,0.99,0.97,0.91,0.97,0.99
576,0.92,0.88,0.93,0.98,0.94,0.91,0.97,0.99
577,0.92,0.85,0.95,0.99,0.97,0.91,0.97,0.99
578,0.92,0.91,0.93,0.99,0.94,0.91,0.97,0.99
579,0.89,0.81,0.93,0.98,0.94,0.93,0.95,0.99
580,0.89,0.81,0.92,0.98,0.94,0.89,0.95,0.99
581,0.89,0.81,0.93,0.99,0.94,0.91,0.95,0.99
582,0.89,0.88,0.93,0.99,0.94,0.93,0.97,0.99
583,0.87,0.88,0.92,0.99,0.91,0.91,0.93,0.99
584,0.87,0.81,0.89,0.99,0.97,0.91,0.95,0.99
585,0.87,0.85,0.92,0.98,0.89,0.89,0.93,0.99
586,0.87,0.81,0.91,0.98,0.91,0.91,0.93,0.99
587,0.87,0.79,0.92,0.98,0.91,0.86,0.93,0.98
588,0.89,0.81,0.92,0.99,0.91,0.91,0.95,0.99
589,0.87,0.81,0.91,0.99,0.91,0.91,0.93,0.99
590,0.89,0.81,0.92,0.98,0.91,0.91,0.93,0.99
591,0.87,0.75,0.92,0.98,0.91,0.89,0.95,0.99
592,0.85,0.79,0.91,0.98,0.91,0.86,0.93,0.98
593,0.87,0.75,0.91,0.98,0.91,0.91,0.95,0.99
594,0.87,0.81,0.91,0.98,0.94,0.89,0.93,0.99
595,0.87,0.79,0.91,0.98,0.91,0.86,0.95,0.99
596,0.85,0.75,0.91,0.98,0.91,0.89,0.95,0.98
597,0.85,0.75,0.89,0.98,0.91,0.89,0.93,0.98
598,0.85,0.73,0.89,0.98,0.91,0.86,0.93,0.98
599,0.85,0.73,0.89,0.98,0.91,0.89,0.95,0.98
