0,0.65,0.65,0.84,0.98,0.69,0.89,0.93,0.99
1,0.65,0.71,0.82,0.98,0.69,0.89,0.93,0.99
2,0.65,0.71,0.84,0.98,0.69,0.89,0.93,0.99
3,0.65,0.71,0.84,0.98,0.75,0.94,0.93,0.99
4,0.65,0.71,0.84,0.98,0.69,0.94,0.96,0.99
5,0.69,0.8,0.84,0.98,0.69,0.89,0.93,1.0
6,0.65,0.8,0.84,0.98,0.75,0.89,0.96,1.0
7,0.65,0.8,0.86,0.99,0.75,0.94,0.96,0.99
8,0.65,0.86,0.86,0.99,0.75,0.89,0.93,0.99
9,0.69,0.86,0.86,0.99,0.75,1.0,0.96,1.0
10,0.69,0.94,0.86,0.99,0.75,1.0,0.93,1.0
11,0.69,0.86,0.86,0.99,0.82,1.0,0.96,1.0
12,0.69,0.86,0.86,0.99,0.82,1.0,0.96,1.0
13,0.69,0.86,0.89,0.99,0.75,1.0,0.96,1.0
14,0.69,0.86,0.86,0.99,0.75,1.0,0.96,1.0
15,0.69,0.86,0.86,0.99,0.75,0.94,0.96,0.99
16,0.65,0.86,0.86,0.99,0.75,0.94,0.93,1.0
17,0.69,0.8,0.84,0.99,0.75,0.94,0.93,1.0
18,0.65,0.8,0.82,0.99,0.69,0.89,0.93,1.0
19,0.65,0.71,0.82,0.98,0.69,0.94,0.93,0.99
20,0.65,0.71,0.84,0.98,0.69,0.89,0.93,0.99
21,0.65,0.71,0.82,0.99,0.69,0.89,0.93,1.0
22,0.69,0.71,0.84,0.98,0.69,0.89,0.93,0.99
23,0.69,0.71,0.84,0.98,0.69,0.89,0.89,0.99
24,0.69,0.71,0.84,0.99,0.69,0.89,0.93,0.99
25,0.73,0.8,0.84,0.98,0.69,0.89,0.96,0.99
26,0.73,0.8,0.86,0.98,0.75,0.89,0.96,0.99
27,0.73,0.8,0.86,0.99,0.75,0.94,0.96,0.99
28,0.73,0.8,0.86,0.99,0.75,0.94,0.93,0.99
29,0.73,0.8,0.89,0.98,0.75,0.89,0.96,0.99
30,0.73,0.8,0.86,0.98,0.75,0.94,0.96,0.99
31,0.73,0.8,0.89,0.99,0.82,0.89,0.96,0.99
32,0.73,0.8,0.91,0.99,0.75,0.94,1.0,0.99
33,0.78,0.8,0.86,0.99,0.82,0.94,1.0,0.99
34,0.73,0.8,0.91,0.99,0.82,0.94,1.0,0.99
35,0.78,0.86,0.91,0.99,0.82,0.94,1.0,1.0
36,0.73,0.86,0.91,0.99,0.82,0.94,1.0,0.99
37,0.73,0.86,0.91,0.99,0.82,1.0,0.96,0.99
38,0.78,0.86,0.91,0.99,0.82,0.94,0.96,0.99
39,0.78,0.86,0.89,0.99,0.82,0.94,1.0,0.99
40,0.82,0.86,0.91,0.99,0.82,0.94,1.0,1.0
41,0.78,0.86,0.91,0.99,0.82,0.89,0.96,0.99
42,0.78,0.8,0.91,0.99,0.75,0.94,1.0,0.99
43,0.73,0.86,0.89,0.98,0.75,1.0,0.96,0.99
44,0.78,0.86,0.91,0.99,0.75,1.0,0.96,1.0
45,0.73,0.86,0.91,0.99,0.82,0.94,1.0,0.99
46,0.78,0.8,0.91,0.99,0.82,1.0,1.0,1.0
47,0.82,0.94,0.91,0.99,0.82,1.0,1.0,1.0
48,0.69,0.86,0.91,0.99,0.75,0.94,1.0,0.99
49,0.73,0.86,0.91,0.99,0.82,0.94,1.0,0.99
50,0.73,0.86,0.91,0.99,0.82,0.94,1.0,0.99
51,0.82,0.8,0.93,0.99,0.82,0.94,0.96,0.99
52,0.87,0.8,0.95,0.99,0.88,0.94,1.0,0.99
53,0.96,0.8,1.0,0.98,0.88,0.89,1.0,0.99
54,1.0,0.8,1.0,0.99,0.94,1.0,1.0,0.99
55,1.0,0.71,0.97,0.98,1.0,0.94,0.96,0.98
56,0.96,0.57,0.89,0.96,0.88,0.83,0.85,0.96
57,0.82,0.43,0.66,0.9,0.75,0.6,0.64,0.9
58,0.6,0.22,0.41,0.8,0.58,0.38,0.43,0.81
59,0.56,0.08,0.35,0.75,0.52,0.27,0.4,0.77
60,0.38,0.14,0.22,0.62,0.4,0.05,0.29,0.66
61,0.34,0.0,0.2,0.55,0.34,0.0,0.26,0.61
62,0.29,0.14,0.17,0.5,0.34,0.11,0.26,0.57
63,0.25,0.08,0.2,0.44,0.28,0.05,0.26,0.52
64,0.25,0.14,0.17,0.39,0.34,0.05,0.23,0.48
65,0.21,0.22,0.17,0.34,0.28,0.11,0.23,0.44
66,0.21,0.22,0.15,0.3,0.28,0.05,0.19,0.4
67,0.21,0.22,0.15,0.28,0.28,0.05,0.23,0.39
68,0.13,0.29,0.15,0.22,0.28,0.05,0.19,0.33
69,0.17,0.29,0.15,0.19,0.28,0.11,0.19,0.3
70,0.17,0.22,0.15,0.18,0.28,0.11,0.19,0.29
71,0.17,0.29,0.15,0.15,0.23,0.11,0.16,0.26
72,0.13,0.29,0.13,0.14,0.23,0.11,0.16,0.25
73,0.13,0.29,0.11,0.12,0.17,0.05,0.16,0.22
74,0.09,0.22,0.11,0.11,0.17,0.11,0.16,0.21
75,0.09,0.14,0.09,0.09,0.11,0.05,0.13,0.19
76,0.04,0.14,0.11,0.08,0.17,0.05,0.1,0.18
77,0.04,0.22,0.09,0.07,0.17,0.05,0.1,0.16
78,0.09,0.14,0.09,0.06,0.17,0.11,0.1,0.15
79,0.09,0.22,0.07,0.06,0.11,0.05,0.1,0.14
80,0.04,0.14,0.07,0.05,0.11,0.05,0.06,0.13
81,0.09,0.22,0.04,0.05,0.11,0.11,0.1,0.12
82,0.04,0.22,0.04,0.04,0.11,0.11,0.1,0.11
83,0.09,0.29,0.04,0.04,0.11,0.11,0.1,0.1
84,0.04,0.22,0.07,0.03,0.11,0.05,0.1,0.09
85,0.04,0.22,0.04,0.03,0.06,0.11,0.1,0.09
86,0.04,0.22,0.04,0.02,0.11,0.11,0.1,0.08
87,0.09,0.29,0.07,0.02,0.11,0.11,0.1,0.08
88,0.09,0.29,0.07,0.02,0.11,0.11,0.1,0.07
89,0.09,0.29,0.04,0.02,0.11,0.11,0.1,0.06
90,0.04,0.29,0.04,0.01,0.11,0.16,0.1,0.06
91,0.04,0.29,0.07,0.01,0.11,0.11,0.1,0.06
92,0.04,0.29,0.04,0.01,0.06,0.11,0.06,0.06
93,0.04,0.29,0.04,0.01,0.06,0.11,0.06,0.05
94,0.04,0.37,0.04,0.01,0.06,0.11,0.06,0.05
95,0.04,0.29,0.04,0.01,0.06,0.11,0.06,0.04
96,0.09,0.29,0.02,0.01,0.06,0.16,0.06,0.04
97,0.04,0.29,0.04,0.01,0.06,0.11,0.06,0.04
98,0.09,0.29,0.04,0.01,0.06,0.11,0.06,0.03
99,0.09,0.37,0.07,0.01,0.11,0.16,0.06,0.04
100,0.09,0.29,0.07,0.01,0.06,0.16,0.1,0.03
101,0.13,0.29,0.09,0.01,0.17,0.16,0.1,0.03
102,0.13,0.43,0.09,0.01,0.11,0.16,0.13,0.03
103,0.13,0.37,0.07,0.0,0.11,0.11,0.1,0.02
104,0.13,0.37,0.07,0.0,0.17,0.16,0.1,0.03
105,0.09,0.29,0.09,0.01,0.11,0.11,0.13,0.02
106,0.09,0.22,0.07,0.0,0.11,0.11,0.1,0.02
107,0.13,0.29,0.07,0.0,0.06,0.16,0.1,0.02
108,0.09,0.37,0.07,0.0,0.17,0.11,0.1,0.02
109,0.13,0.29,0.07,0.0,0.11,0.16,0.1,0.02
110,0.13,0.37,0.07,0.0,0.11,0.16,0.13,0.02
111,0.13,0.37,0.09,0.01,0.11,0.11,0.13,0.02
112,0.13,0.37,0.09,0.01,0.17,0.11,0.1,0.02
113,0.13,0.37,0.07,0.01,0.11,0.11,0.1,0.02
114,0.09,0.37,0.07,0.01,0.17,0.11,0.1,0.02
115,0.09,0.37,0.07,0.01,0.17,0.11,0.1,0.02
116,0.09,0.37,0.07,0.01,0.11,0.22,0.1,0.02
117,0.09,0.37,0.07,0.01,0.17,0.16,0.13,0.02
118,0.04,0.37,0.04,0.0,0.11,0.16,0.06,0.02
119,0.09,0.43,0.04,0.01,0.11,0.16,0.1,0.01
120,0.04,0.43,0.04,0.01,0.06,0.16,0.06,0.01
121,0.04,0.29,0.04,0.01,0.11,0.11,0.06,0.01
122,0.04,0.37,0.02,0.0,0.06,0.16,0.06,0.02
123,0.0,0.29,0.0,0.01,0.06,0.11,0.06,0.01
124,0.0,0.22,0.0,0.0,0.06,0.11,0.06,0.01
125,0.0,0.22,0.0,0.0,0.06,0.11,0.06,0.01
126,0.0,0.22,0.0,0.0,0.0,0.11,0.06,0.01
127,0.0,0.22,0.0,0.0,0.06,0.05,0.03,0.01
128,0.0,0.22,0.0,0.0,0.06,0.05,0.06,0.01
129,0.0,0.22,0.0,0.0,0.0,0.11,0.06,0.01
130,0.04,0.29,0.0,0.01,0.11,0.11,0.06,0.01
131,0.0,0.29,0.02,0.0,0.06,0.11,0.06,0.01
132,0.04,0.22,0.02,0.0,0.06,0.11,0.06,0.01
133,0.09,0.29,0.02,0.0,0.06,0.16,0.06,0.01
134,0.09,0.37,0.04,0.0,0.06,0.11,0.06,0.01
135,0.13,0.37,0.04,0.0,0.11,0.16,0.1,0.01
136,0.13,0.37,0.04,0.0,0.06,0.11,0.1,0.01
137,0.09,0.29,0.07,0.0,0.11,0.11,0.06,0.01
138,0.13,0.29,0.04,0.0,0.11,0.11,0.13,0.01
139,0.09,0.29,0.04,0.0,0.11,0.0,0.1,0.01
140,0.13,0.37,0.07,0.0,0.11,0.11,0.1,0.0
141,0.09,0.37,0.07,0.0,0.17,0.11,0.1,0.0
142,0.09,0.29,0.04,0.0,0.06,0.11,0.1,0.0
143,0.09,0.29,0.04,0.0,0.06,0.11,0.0,0.0
144,0.04,0.29,0.04,0.0,0.06,0.05,0.06,0.0
145,0.04,0.22,0.04,0.0,0.11,0.05,0.06,0.0
146,0.04,0.22,0.04,0.0,0.11,0.05,0.06,0.0
147,0.09,0.29,0.02,0.0,0.06,0.11,0.1,0.0
148,0.09,0.29,0.04,0.0,0.06,0.11,0.1,0.0
149,0.13,0.29,0.04,0.0,0.06,0.11,0.06,0.0
150,0.09,0.29,0.04,0.0,0.06,0.11,0.06,0.0
151,0.09,0.22,0.02,0.0,0.06,0.11,0.06,0.0
152,0.09,0.29,0.04,0.0,0.11,0.11,0.1,0.0
153,0.09,0.37,0.07,0.0,0.06,0.11,0.1,0.0
154,0.09,0.43,0.11,0.01,0.17,0.16,0.16,0.01
155,0.17,0.51,0.15,0.02,0.17,0.22,0.23,0.02
156,0.17,0.51,0.2,0.03,0.17,0.22,0.23,0.03
157,0.21,0.51,0.24,0.05,0.17,0.27,0.29,0.04
158,0.17,0.51,0.24,0.05,0.23,0.33,0.29,0.05
159,0.25,0.51,0.3,0.08,0.23,0.38,0.36,0.07
160,0.29,0.57,0.35,0.11,0.23,0.44,0.36,0.09
161,0.29,0.57,0.35,0.11,0.23,0.44,0.4,0.09
162,0.34,0.57,0.39,0.13,0.34,0.49,0.43,0.11
163,0.38,0.71,0.46,0.17,0.34,0.55,0.5,0.14
164,0.42,0.71,0.5,0.19,0.4,0.55,0.53,0.16
165,0.42,0.71,0.5,0.22,0.4,0.6,0.53,0.18
166,0.47,0.71,0.54,0.24,0.46,0.6,0.57,0.2
167,0.47,0.65,0.57,0.27,0.4,0.66,0.6,0.23
168,0.51,0.71,0.57,0.27,0.4,0.66,0.57,0.23
169,0.47,0.71,0.59,0.32,0.52,0.66,0.64,0.27
170,0.51,0.71,0.59,0.35,0.46,0.72,0.64,0.29
171,0.47,0.71,0.61,0.36,0.46,0.72,0.64,0.3
172,0.51,0.71,0.63,0.37,0.46,0.72,0.64,0.31
173,0.56,0.8,0.66,0.41,0.52,0.66,0.71,0.34
174,0.56,0.8,0.66,0.43,0.52,0.77,0.71,0.36
175,0.56,0.71,0.66,0.45,0.52,0.77,0.71,0.39
176,0.56,0.71,0.66,0.47,0.52,0.72,0.75,0.4
177,0.56,0.71,0.66,0.49,0.52,0.77,0.75,0.41
178,0.6,0.71,0.68,0.5,0.58,0.72,0.75,0.43
179,0.6,0.65,0.7,0.53,0.58,0.77,0.78,0.45
180,0.6,0.65,0.7,0.54,0.58,0.77,0.75,0.46
181,0.6,0.71,0.72,0.56,0.58,0.77,0.75,0.49
182,0.6,0.65,0.72,0.58,0.58,0.77,0.78,0.5
183,0.6,0.71,0.72,0.6,0.58,0.77,0.78,0.52
184,0.6,0.71,0.72,0.61,0.63,0.77,0.78,0.53
185,0.65,0.71,0.74,0.63,0.63,0.89,0.82,0.55
186,0.65,0.8,0.74,0.64,0.63,0.89,0.82,0.56
187,0.6,0.8,0.74,0.65,0.63,0.83,0.78,0.58
188,0.56,0.65,0.74,0.66,0.63,0.89,0.82,0.59
189,0.6,0.8,0.7,0.68,0.63,0.83,0.82,0.61
190,0.6,0.8,0.77,0.69,0.63,0.83,0.82,0.62
191,0.6,0.8,0.77,0.7,0.63,0.89,0.85,0.63
192,0.56,0.8,0.74,0.71,0.63,0.77,0.85,0.64
193,0.56,0.71,0.74,0.72,0.63,0.83,0.85,0.64
194,0.6,0.71,0.74,0.73,0.63,0.77,0.82,0.66
195,0.6,0.8,0.77,0.74,0.63,0.89,0.82,0.67
196,0.65,0.8,0.77,0.75,0.63,0.83,0.85,0.68
197,0.65,0.86,0.77,0.75,0.63,0.83,0.85,0.69
198,0.65,0.86,0.79,0.76,0.69,0.89,0.89,0.7
199,0.69,0.86,0.77,0.77,0.69,0.89,0.89,0.71
200,0.65,0.8,0.82,0.78,0.69,0.89,0.85,0.72
201,0.69,0.86,0.82,0.78,0.69,0.89,0.89,0.73
202,0.69,0.86,0.82,0.79,0.69,0.89,0.89,0.74
203,0.65,0.86,0.79,0.8,0.69,0.83,0.85,0.74
204,0.69,0.86,0.82,0.81,0.69,0.89,0.85,0.75
205,0.69,0.86,0.82,0.81,0.69,0.89,0.89,0.76
206,0.69,0.8,0.82,0.82,0.69,0.89,0.85,0.76
207,0.69,0.8,0.82,0.82,0.69,0.89,0.89,0.77
208,0.69,0.86,0.84,0.83,0.69,0.89,0.89,0.78
209,0.69,0.86,0.82,0.84,0.69,0.89,0.89,0.79
210,0.69,0.86,0.84,0.84,0.69,0.89,0.89,0.79
211,0.65,0.86,0.84,0.85,0.69,0.89,0.89,0.8
212,0.69,0.86,0.82,0.85,0.63,0.89,0.89,0.8
213,0.65,0.8,0.82,0.85,0.63,0.83,0.89,0.81
214,0.65,0.8,0.84,0.85,0.69,0.83,0.89,0.81
215,0.65,0.8,0.82,0.86,0.69,0.89,0.89,0.81
216,0.65,0.86,0.82,0.86,0.69,0.89,0.85,0.82
217,0.6,0.8,0.82,0.86,0.69,0.89,0.89,0.83
218,0.65,0.86,0.82,0.87,0.69,0.89,0.89,0.83
219,0.65,0.86,0.82,0.87,0.69,0.89,0.89,0.84
220,0.65,0.8,0.82,0.87,0.69,0.83,0.89,0.84
221,0.65,0.8,0.82,0.87,0.63,0.89,0.85,0.85
222,0.65,0.8,0.82,0.88,0.69,0.89,0.89,0.85
223,0.65,0.8,0.79,0.88,0.69,0.89,0.89,0.85
224,0.65,0.86,0.79,0.89,0.69,0.89,0.89,0.86
225,0.65,0.94,0.82,0.89,0.69,0.83,0.89,0.86
226,0.6,0.94,0.82,0.89,0.69,0.89,0.93,0.87
227,0.65,0.86,0.82,0.9,0.75,0.89,0.89,0.87
228,0.65,0.86,0.79,0.9,0.63,0.89,0.89,0.87
229,0.6,0.8,0.77,0.9,0.69,0.89,0.89,0.87
230,0.6,0.8,0.77,0.9,0.69,0.83,0.85,0.88
231,0.6,0.8,0.77,0.9,0.63,0.89,0.85,0.88
232,0.6,0.8,0.77,0.91,0.63,0.83,0.85,0.88
233,0.6,0.71,0.77,0.9,0.58,0.77,0.85,0.88
234,0.6,0.65,0.74,0.9,0.63,0.77,0.82,0.88
235,0.6,0.57,0.74,0.9,0.63,0.77,0.85,0.89
236,0.6,0.65,0.74,0.91,0.63,0.83,0.85,0.89
237,0.6,0.65,0.77,0.91,0.63,0.83,0.85,0.89
238,0.65,0.71,0.77,0.91,0.63,0.83,0.85,0.89
239,0.6,0.8,0.77,0.92,0.63,0.89,0.89,0.9
240,0.6,0.8,0.79,0.91,0.63,0.83,0.89,0.9
241,0.65,0.71,0.79,0.91,0.63,0.83,0.89,0.9
242,0.65,0.8,0.79,0.92,0.63,0.83,0.89,0.9
243,0.65,0.65,0.82,0.92,0.63,0.89,0.89,0.91
244,0.65,0.86,0.82,0.92,0.69,0.89,0.89,0.91
245,0.65,0.86,0.79,0.92,0.69,0.89,0.89,0.91
246,0.65,0.86,0.82,0.93,0.69,0.89,0.89,0.91
247,0.65,0.86,0.82,0.93,0.69,0.89,0.89,0.92
248,0.6,0.8,0.82,0.93,0.69,0.83,0.89,0.92
249,0.65,0.86,0.79,0.93,0.63,0.89,0.89,0.92
250,0.65,0.8,0.82,0.93,0.69,0.94,0.89,0.92
251,0.65,0.86,0.79,0.93,0.69,0.89,0.89,0.92
252,0.6,0.86,0.79,0.93,0.69,0.94,0.89,0.92
253,0.6,0.86,0.82,0.93,0.69,0.89,0.89,0.92
254,0.6,0.8,0.79,0.93,0.63,0.89,0.85,0.92
255,0.56,0.71,0.79,0.94,0.63,0.89,0.85,0.93
256,0.6,0.71,0.79,0.94,0.63,0.89,0.85,0.93
257,0.6,0.71,0.79,0.94,0.69,0.89,0.85,0.93
258,0.6,0.8,0.79,0.94,0.69,0.83,0.89,0.93
259,0.65,0.86,0.79,0.94,0.69,0.89,0.89,0.93
260,0.65,0.86,0.82,0.94,0.63,0.89,0.85,0.93
261,0.65,0.86,0.82,0.94,0.69,0.89,0.89,0.93
262,0.65,0.8,0.82,0.94,0.69,0.94,0.89,0.94
263,0.69,0.94,0.82,0.94,0.69,0.89,0.89,0.94
264,0.69,0.86,0.82,0.94,0.69,0.89,0.93,0.94
265,0.73,0.86,0.82,0.94,0.75,0.89,0.93,0.94
266,0.69,0.86,0.82,0.95,0.75,0.89,0.93,0.94
267,0.69,0.86,0.84,0.95,0.69,0.89,0.93,0.94
268,0.65,0.8,0.84,0.95,0.69,0.83,0.93,0.94
269,0.69,0.86,0.84,0.95,0.75,0.89,0.93,0.94
270,0.69,0.8,0.84,0.95,0.75,0.89,0.93,0.95
271,0.73,1.0,0.86,0.95,0.75,0.94,0.96,0.95
272,0.78,0.94,0.86,0.95,0.75,0.94,0.96,0.95
273,0.73,1.0,0.89,0.95,0.82,0.94,0.96,0.95
274,0.73,0.94,0.89,0.95,0.75,0.89,0.96,0.95
275,0.73,1.0,0.91,0.95,0.82,1.0,0.96,0.95
276,0.73,1.0,0.89,0.96,0.75,1.0,0.96,0.95
277,0.73,0.94,0.89,0.95,0.82,0.94,0.96,0.95
278,0.73,0.94,0.89,0.95,0.75,1.0,0.96,0.95
279,0.73,1.0,0.86,0.95,0.75,1.0,0.96,0.95
280,0.73,0.94,0.89,0.95,0.82,1.0,0.96,0.96
281,0.69,0.94,0.86,0.95,0.75,0.94,0.93,0.95
282,0.69,0.94,0.86,0.95,0.75,0.94,0.93,0.95
283,0.69,0.86,0.86,0.95,0.75,0.94,0.96,0.95
284,0.69,0.86,0.84,0.95,0.75,0.89,0.93,0.95
285,0.65,0.86,0.84,0.95,0.75,0.89,0.93,0.96
286,0.65,0.86,0.84,0.96,0.75,0.94,0.93,0.96
287,0.65,0.86,0.84,0.96,0.69,0.89,0.89,0.96
288,0.6,0.86,0.84,0.96,0.75,0.94,0.93,0.96
289,0.65,0.94,0.82,0.96,0.69,0.94,0.93,0.96
290,0.65,1.0,0.82,0.96,0.69,0.94,0.93,0.96
291,0.65,0.94,0.82,0.96,0.69,0.94,0.93,0.96
292,0.6,0.94,0.79,0.96,0.69,0.89,0.93,0.96
293,0.65,0.86,0.82,0.96,0.63,0.89,0.89,0.96
294,0.6,0.8,0.79,0.96,0.69,0.89,0.85,0.96
295,0.56,0.8,0.77,0.96,0.69,0.89,0.89,0.96
296,0.6,0.8,0.77,0.96,0.69,0.89,0.89,0.96
297,0.56,0.8,0.77,0.96,0.63,0.89,0.89,0.96
298,0.56,0.71,0.74,0.95,0.63,0.89,0.85,0.96
299,0.56,0.71,0.74,0.95,0.63,0.77,0.85,0.96
300,0.56,0.71,0.74,0.96,0.63,0.83,0.85,0.96
301,0.56,0.71,0.74,0.96,0.63,0.83,0.85,0.96
302,0.56,0.71,0.72,0.96,0.58,0.83,0.85,0.96
303,0.56,0.71,0.74,0.95,0.58,0.83,0.85,0.96
304,0.56,0.71,0.72,0.95,0.58,0.77,0.85,0.96
305,0.56,0.71,0.74,0.95,0.58,0.83,0.85,0.96
306,0.56,0.71,0.72,0.96,0.58,0.83,0.85,0.96
307,0.51,0.65,0.72,0.96,0.63,0.83,0.85,0.96
308,0.56,0.71,0.74,0.95,0.58,0.83,0.89,0.96
309,0.56,0.71,0.74,0.95,0.63,0.83,0.85,0.96
310,0.6,0.65,0.77,0.96,0.63,0.77,0.85,0.96
311,0.56,0.71,0.77,0.96,0.63,0.77,0.85,0.96
312,0.6,0.71,0.77,0.96,0.58,0.83,0.85,0.96
313,0.6,0.71,0.77,0.96,0.63,0.83,0.85,0.96
314,0.6,0.71,0.77,0.96,0.63,0.83,0.89,0.96
315,0.6,0.71,0.77,0.96,0.63,0.83,0.89,0.96
316,0.6,0.65,0.77,0.96,0.63,0.83,0.85,0.96
317,0.6,0.71,0.74,0.96,0.63,0.83,0.85,0.97
318,0.6,0.65,0.77,0.95,0.63,0.77,0.85,0.96
319,0.6,0.65,0.77,0.96,0.63,0.77,0.85,0.97
320,0.65,0.71,0.77,0.96,0.63,0.83,0.85,0.96
321,0.65,0.71,0.79,0.96,0.69,0.83,0.85,0.97
322,0.65,0.8,0.79,0.96,0.69,0.89,0.89,0.96
323,0.65,0.8,0.79,0.96,0.63,0.89,0.89,0.97
324,0.65,0.86,0.82,0.96,0.69,0.89,0.93,0.97
325,0.65,0.8,0.82,0.96,0.69,0.89,0.85,0.97
326,0.65,0.86,0.84,0.96,0.63,0.89,0.93,0.97
327,0.65,0.8,0.82,0.96,0.69,0.89,0.93,0.97
328,0.65,0.8,0.84,0.96,0.69,0.89,0.89,0.97
329,0.65,0.86,0.82,0.96,0.69,0.89,0.89,0.97
330,0.65,0.8,0.82,0.97,0.69,0.89,0.89,0.97
331,0.65,0.8,0.82,0.96,0.69,0.89,0.89,0.97
332,0.6,0.8,0.82,0.97,0.63,0.89,0.89,0.97
333,0.6,0.8,0.79,0.96,0.63,0.83,0.89,0.97
334,0.6,0.86,0.82,0.97,0.63,0.83,0.85,0.97
335,0.56,0.71,0.79,0.97,0.63,0.83,0.89,0.97
336,0.6,0.71,0.77,0.97,0.63,0.83,0.89,0.97
337,0.6,0.8,0.79,0.97,0.69,0.89,0.89,0.97
338,0.65,0.8,0.82,0.96,0.69,0.83,0.89,0.97
339,0.65,0.8,0.82,0.97,0.69,0.89,0.93,0.97
340,0.6,0.8,0.82,0.97,0.63,0.89,0.89,0.97
341,0.65,0.8,0.82,0.97,0.69,0.89,0.89,0.97
342,0.6,0.71,0.82,0.97,0.69,0.89,0.89,0.97
343,0.65,0.71,0.79,0.97,0.69,0.83,0.89,0.97
344,0.65,0.8,0.79,0.97,0.69,0.89,0.89,0.97
345,0.6,0.71,0.82,0.97,0.69,0.83,0.89,0.97
346,0.65,0.71,0.79,0.97,0.63,0.83,0.89,0.97
347,0.65,0.71,0.77,0.97,0.63,0.83,0.85,0.97
348,0.6,0.71,0.79,0.97,0.69,0.83,0.89,0.97
349,0.65,0.8,0.82,0.97,0.69,0.83,0.89,0.97
350,0.65,0.71,0.82,0.97,0.69,0.94,0.93,0.97
351,0.65,0.8,0.82,0.97,0.69,0.89,0.93,0.97
352,0.65,0.86,0.82,0.97,0.69,0.89,0.89,0.97
353,0.65,0.8,0.82,0.97,0.69,0.89,0.93,0.97
354,0.6,0.71,0.82,0.97,0.63,0.89,0.89,0.97
355,0.6,0.71,0.79,0.97,0.63,0.89,0.93,0.97
356,0.65,0.8,0.79,0.97,0.69,0.83,0.89,0.97
357,0.6,0.71,0.77,0.97,0.69,0.89,0.89,0.97
358,0.6,0.65,0.79,0.97,0.63,0.77,0.85,0.97
359,0.6,0.71,0.79,0.97,0.63,0.83,0.85,0.97
360,0.6,0.71,0.79,0.97,0.63,0.77,0.89,0.97
361,0.6,0.71,0.79,0.97,0.69,0.83,0.85,0.97
362,0.65,0.71,0.79,0.97,0.63,0.83,0.89,0.97
363,0.65,0.71,0.82,0.97,0.63,0.77,0.89,0.97
364,0.65,0.8,0.82,0.97,0.63,0.77,0.89,0.97
365,0.65,0.8,0.82,0.97,0.69,0.83,0.93,0.97
366,0.69,0.8,0.82,0.97,0.69,0.89,0.89,0.97
367,0.65,0.8,0.84,0.97,0.69,0.89,0.93,0.97
368,0.65,0.8,0.82,0.98,0.69,0.89,0.93,0.98
369,0.65,0.8,0.82,0.97,0.69,0.89,0.93,0.97
370,0.65,0.8,0.84,0.97,0.69,0.89,0.93,0.97
371,0.69,0.86,0.82,0.97,0.69,0.89,0.93,0.97
372,0.69,0.86,0.84,0.97,0.69,0.89,0.93,0.97
373,0.69,0.86,0.86,0.98,0.69,0.89,0.96,0.98
374,0.69,0.86,0.86,0.98,0.69,0.94,0.93,0.98
375,0.69,0.86,0.86,0.98,0.75,0.89,0.93,0.97
376,0.69,0.86,0.86,0.98,0.75,0.94,0.93,0.97
377,0.69,0.8,0.86,0.98,0.75,0.89,0.93,0.98
378,0.69,0.86,0.84,0.98,0.69,1.0,0.93,0.98
379,0.69,0.86,0.86,0.98,0.75,0.89,0.93,0.98
380,0.65,0.86,0.84,0.98,0.75,0.89,0.89,0.98
381,0.65,0.8,0.84,0.98,0.75,0.89,0.93,0.98
382,0.65,0.71,0.82,0.97,0.63,0.89,0.89,0.97
383,0.6,0.71,0.82,0.98,0.69,0.83,0.89,0.98
384,0.65,0.71,0.82,0.97,0.63,0.83,0.89,0.97
385,0.65,0.8,0.82,0.98,0.69,0.89,0.89,0.97
386,0.65,0.8,0.79,0.98,0.69,0.83,0.89,0.97
387,0.65,0.8,0.82,0.98,0.63,0.83,0.93,0.98
388,0.65,0.8,0.84,0.98,0.69,0.89,0.93,0.97
389,0.65,0.8,0.84,0.98,0.69,0.89,0.93,0.97
390,0.65,0.8,0.82,0.98,0.69,0.89,0.93,0.97
391,0.65,0.8,0.82,0.98,0.63,0.83,0.89,0.98
392,0.65,0.71,0.79,0.98,0.63,0.89,0.89,0.97
393,0.6,0.65,0.79,0.98,0.69,0.83,0.89,0.97
394,0.6,0.71,0.77,0.97,0.63,0.83,0.85,0.97
395,0.6,0.65,0.79,0.97,0.63,0.83,0.85,0.97
396,0.65,0.71,0.77,0.97,0.63,0.83,0.89,0.97
397,0.65,0.65,0.79,0.97,0.63,0.83,0.89,0.97
398,0.6,0.65,0.79,0.97,0.63,0.83,0.89,0.98
399,0.65,0.65,0.77,0.97,0.63,0.83,0.89,0.97
400,0.65,0.65,0.82,0.98,0.63,0.83,0.85,0.97
401,0.65,0.65,0.82,0.97,0.63,0.89,0.89,0.97
402,0.6,0.71,0.82,0.97,0.63,0.83,0.89,0.97
403,0.65,0.65,0.82,0.98,0.69,0.83,0.89,0.97
404,0.65,0.65,0.82,0.98,0.69,0.77,0.93,0.97
405,0.65,0.71,0.82,0.98,0.69,0.77,0.93,0.97
406,0.65,0.71,0.84,0.97,0.69,0.83,0.93,0.97
407,0.65,0.57,0.82,0.97,0.69,0.77,0.93,0.97
408,0.65,0.71,0.82,0.97,0.69,0.89,0.89,0.97
409,0.65,0.65,0.82,0.98,0.69,0.83,0.89,0.97
410,0.69,0.71,0.82,0.97,0.75,0.83,0.93,0.97
411,0.65,0.71,0.82,0.97,0.75,0.83,0.93,0.98
412,0.65,0.8,0.84,0.97,0.75,0.83,0.93,0.97
413,0.65,0.71,0.84,0.97,0.69,0.83,0.93,0.98
414,0.65,0.71,0.84,0.97,0.69,0.89,0.96,0.98
415,0.65,0.8,0.84,0.97,0.75,0.89,0.93,0.98
416,0.65,0.8,0.84,0.98,0.69,0.89,0.93,0.98
417,0.65,0.8,0.84,0.98,0.69,0.89,0.93,0.98
418,0.65,0.86,0.84,0.98,0.69,0.89,0.93,0.98
419,0.65,0.8,0.84,0.98,0.75,0.89,0.93,0.98
420,0.65,0.86,0.86,0.98,0.69,0.94,0.93,0.98
421,0.65,0.86,0.84,0.98,0.75,0.89,0.93,0.98
422,0.6,0.86,0.84,0.98,0.69,0.89,0.93,0.98
423,0.6,0.8,0.82,0.98,0.75,0.94,0.93,0.98
424,0.6,0.86,0.82,0.98,0.69,0.94,0.89,0.98
425,0.6,0.86,0.82,0.99,0.69,0.94,0.89,0.98
426,0.56,0.86,0.82,0.98,0.63,0.89,0.89,0.98
427,0.56,0.8,0.82,0.98,0.63,0.89,0.89,0.98
428,0.6,0.8,0.79,0.98,0.63,0.89,0.89,0.98
429,0.56,0.86,0.79,0.98,0.69,0.89,0.93,0.98
430,0.56,0.8,0.82,0.98,0.69,0.94,0.89,0.98
431,0.6,0.8,0.77,0.98,0.63,0.89,0.85,0.98
432,0.56,0.8,0.79,0.98,0.63,0.89,0.89,0.98
433,0.6,0.8,0.79,0.98,0.63,0.89,0.89,0.98
434,0.56,0.71,0.77,0.98,0.63,0.89,0.89,0.98
435,0.56,0.71,0.77,0.98,0.63,0.89,0.85,0.98
436,0.56,0.71,0.77,0.98,0.69,0.89,0.89,0.98
437,0.6,0.8,0.79,0.98,0.63,0.94,0.89,0.98
438,0.6,0.8,0.77,0.98,0.69,0.94,0.89,0.98
439,0.6,0.8,0.79,0.98,0.69,0.89,0.89,0.98
440,0.65,0.8,0.79,0.98,0.63,0.89,0.89,0.98
441,0.65,0.8,0.79,0.98,0.63,0.89,0.89,0.98
442,0.65,0.86,0.82,0.98,0.63,0.89,0.89,0.98
443,0.65,0.8,0.77,0.98,0.63,0.89,0.89,0.98
444,0.65,0.71,0.82,0.98,0.63,0.89,0.89,0.98
445,0.69,0.8,0.82,0.98,0.69,0.89,0.89,0.98
446,0.65,0.8,0.82,0.99,0.69,0.94,0.89,0.98
447,0.65,0.8,0.82,0.98,0.69,0.94,0.89,0.98
448,0.65,0.86,0.82,0.99,0.69,0.94,0.89,0.98
449,0.65,0.86,0.82,0.99,0.69,0.89,0.93,0.98
450,0.65,0.86,0.82,0.99,0.69,0.94,0.89,0.98
451,0.6,0.8,0.82,0.99,0.69,0.89,0.89,0.98
452,0.6,0.71,0.79,0.98,0.63,0.89,0.89,0.98
453,0.65,0.71,0.79,0.98,0.63,0.83,0.85,0.98
454,0.6,0.71,0.77,0.98,0.63,0.83,0.89,0.98
455,0.6,0.65,0.77,0.99,0.63,0.83,0.85,0.98
456,0.6,0.65,0.77,0.98,0.63,0.83,0.85,0.98
457,0.6,0.57,0.74,0.98,0.58,0.83,0.85,0.98
458,0.6,0.57,0.77,0.98,0.63,0.83,0.85,0.98
459,0.6,0.57,0.74,0.98,0.63,0.83,0.85,0.98
460,0.6,0.57,0.74,0.98,0.58,0.83,0.85,0.98
461,0.6,0.65,0.77,0.98,0.63,0.77,0.85,0.98
462,0.6,0.65,0.77,0.98,0.58,0.83,0.85,0.98
463,0.6,0.65,0.77,0.98,0.63,0.83,0.89,0.98
464,0.6,0.65,0.77,0.98,0.63,0.83,0.85,0.98
465,0.65,0.71,0.79,0.98,0.69,0.83,0.89,0.98
466,0.69,0.71,0.82,0.98,0.69,0.83,0.93,0.98
467,0.69,0.71,0.84,0.99,0.69,0.89,0.93,0.98
468,0.65,0.71,0.82,0.98,0.69,0.83,0.93,0.98
469,0.65,0.71,0.82,0.98,0.69,0.94,0.93,0.98
470,0.65,0.71,0.82,0.98,0.69,0.89,0.93,0.98
471,0.65,0.65,0.82,0.98,0.69,0.83,0.89,0.98
472,0.65,0.57,0.82,0.98,0.63,0.83,0.89,0.98
473,0.65,0.65,0.82,0.98,0.69,0.83,0.93,0.98
474,0.65,0.71,0.82,0.98,0.69,0.83,0.93,0.98
475,0.69,0.71,0.82,0.98,0.69,0.83,0.89,0.98
476,0.69,0.71,0.84,0.98,0.69,0.89,0.93,0.98
477,0.69,0.71,0.84,0.98,0.75,0.83,0.93,0.98
478,0.65,0.65,0.84,0.98,0.69,0.83,0.93,0.98
479,0.69,0.71,0.82,0.99,0.63,0.83,0.89,0.98
480,0.65,0.57,0.82,0.98,0.63,0.83,0.85,0.98
481,0.65,0.57,0.79,0.98,0.69,0.77,0.89,0.98
482,0.65,0.57,0.82,0.98,0.63,0.77,0.89,0.98
483,0.65,0.65,0.77,0.98,0.63,0.83,0.85,0.98
484,0.65,0.65,0.79,0.98,0.63,0.83,0.89,0.98
485,0.65,0.57,0.82,0.98,0.63,0.83,0.89,0.98
486,0.65,0.57,0.79,0.98,0.63,0.77,0.89,0.98
487,0.69,0.57,0.79,0.98,0.63,0.83,0.89,0.98
488,0.69,0.65,0.82,0.98,0.69,0.72,0.89,0.98
489,0.69,0.65,0.84,0.98,0.69,0.83,0.93,0.98
490,0.65,0.65,0.82,0.98,0.69,0.83,0.93,0.98
491,0.65,0.65,0.82,0.98,0.69,0.83,0.93,0.98
492,0.65,0.65,0.82,0.98,0.69,0.83,0.89,0.98
493,0.6,0.65,0.82,0.98,0.69,0.89,0.93,0.98
494,0.65,0.65,0.82,0.98,0.69,0.83,0.93,0.98
495,0.6,0.65,0.82,0.98,0.69,0.77,0.89,0.98
496,0.65,0.65,0.79,0.98,0.63,0.89,0.89,0.98
497,0.65,0.65,0.82,0.98,0.69,0.89,0.93,0.98
498,0.65,0.65,0.79,0.99,0.63,0.83,0.89,0.98
499,0.65,0.65,0.82,0.98,0.69,0.83,0.93,0.98
500,0.65,0.65,0.82,0.98,0.63,0.83,0.93,0.98
501,0.65,0.65,0.82,0.98,0.69,0.89,0.93,0.98
502,0.65,0.57,0.82,0.98,0.63,0.83,0.89,0.98
503,0.65,0.71,0.79,0.98,0.69,0.89,0.89,0.98
504,0.6,0.57,0.82,0.98,0.69,0.77,0.89,0.98
505,0.65,0.65,0.79,0.98,0.63,0.83,0.93,0.98
506,0.65,0.57,0.79,0.98,0.63,0.89,0.85,0.98
507,0.65,0.57,0.79,0.98,0.63,0.83,0.89,0.98
508,0.6,0.57,0.77,0.98,0.63,0.77,0.89,0.98
509,0.6,0.57,0.77,0.98,0.63,0.77,0.85,0.98
510,0.6,0.57,0.72,0.98,0.63,0.77,0.85,0.98
511,0.6,0.51,0.77,0.98,0.63,0.77,0.89,0.98
512,0.6,0.43,0.77,0.98,0.63,0.77,0.89,0.98
513,0.6,0.57,0.77,0.98,0.63,0.77,0.93,0.98
514,0.65,0.51,0.79,0.98,0.63,0.77,0.89,0.98
515,0.6,0.65,0.77,0.98,0.63,0.77,0.93,0.98
516,0.56,0.57,0.74,0.98,0.63,0.83,0.89,0.98
517,0.56,0.51,0.74,0.98,0.63,0.72,0.85,0.98
518,0.56,0.57,0.77,0.98,0.63,0.83,0.89,0.98
519,0.56,0.57,0.74,0.98,0.63,0.77,0.85,0.98
520,0.56,0.57,0.77,0.98,0.63,0.77,0.89,0.98
521,0.56,0.57,0.74,0.98,0.63,0.77,0.85,0.98
522,0.56,0.57,0.77,0.98,0.63,0.77,0.89,0.98
523,0.6,0.65,0.77,0.98,0.63,0.83,0.89,0.98
524,0.56,0.65,0.79,0.98,0.63,0.83,0.89,0.98
525,0.6,0.65,0.79,0.98,0.63,0.89,0.89,0.98
526,0.6,0.65,0.77,0.98,0.69,0.89,0.89,0.98
527,0.6,0.71,0.77,0.99,0.63,0.89,0.93,0.98
528,0.6,0.71,0.77,0.98,0.69,0.89,0.89,0.98
529,0.6,0.65,0.79,0.99,0.69,0.89,0.93,0.98
530,0.6,0.65,0.79,0.99,0.69,0.83,0.93,0.98
531,0.6,0.71,0.77,0.98,0.63,0.89,0.89,0.98
532,0.6,0.71,0.82,0.98,0.69,0.89,0.89,0.98
533,0.6,0.71,0.82,0.99,0.69,0.89,0.93,0.99
534,0.6,0.8,0.82,0.99,0.69,0.94,0.93,0.98
535,0.65,0.8,0.82,0.99,0.75,0.94,0.89,0.98
536,0.65,0.86,0.84,0.99,0.69,0.94,0.93,0.98
537,0.65,0.8,0.84,1.0,0.69,1.0,0.89,0.98
538,0.65,0.86,0.86,0.99,0.69,1.0,0.93,0.99
539,0.65,0.86,0.86,0.99,0.75,1.0,0.93,0.99
540,0.65,0.94,0.84,0.99,0.75,0.94,0.93,0.99
541,0.65,0.86,0.84,0.99,0.75,1.0,0.93,0.99
542,0.65,0.8,0.84,0.99,0.75,1.0,0.93,0.99
543,0.65,0.8,0.84,0.99,0.75,0.94,0.93,0.99
544,0.65,0.86,0.86,0.99,0.75,1.0,0.93,0.99
545,0.65,0.86,0.86,1.0,0.69,0.94,0.93,0.99
546,0.65,0.86,0.86,1.0,0.75,0.94,0.93,0.99
547,0.69,0.86,0.84,1.0,0.75,1.0,0.93,0.99
548,0.65,0.86,0.86,0.99,0.75,1.0,0.93,0.99
549,0.65,0.8,0.86,1.0,0.69,1.0,0.93,0.99
550,0.65,0.8,0.84,1.0,0.75,0.94,0.93,0.99
551,0.69,0.8,0.86,0.99,0.69,0.94,0.93,0.99
552,0.65,0.71,0.84,0.99,0.75,0.94,0.89,0.99
553,0.65,0.8,0.82,0.99,0.69,0.94,0.89,0.99
554,0.65,0.8,0.82,1.0,0.63,0.94,0.89,0.99
555,0.65,0.65,0.82,0.99,0.69,0.89,0.89,0.99
556,0.65,0.65,0.79,0.99,0.69,0.89,0.89,0.99
557,0.65,0.71,0.82,0.99,0.63,0.89,0.89,0.99
558,0.69,0.71,0.82,0.99,0.63,0.94,0.89,0.99
559,0.65,0.65,0.82,0.99,0.69,0.89,0.93,0.99
560,0.65,0.71,0.82,0.99,0.69,0.89,0.89,0.99
561,0.65,0.71,0.82,0.99,0.69,0.89,0.89,0.99
562,0.69,0.71,0.84,0.99,0.69,0.89,0.89,0.99
563,0.65,0.71,0.82,0.99,0.63,0.94,0.93,0.99
564,0.65,0.71,0.82,0.99,0.69,0.89,0.93,0.98
565,0.65,0.71,0.82,0.99,0.75,0.94,0.93,0.99
566,0.65,0.71,0.84,0.99,0.69,0.89,0.93,0.99
567,0.65,0.71,0.84,0.99,0.69,0.89,0.93,0.99
568,0.69,0.71,0.82,0.99,0.69,0.94,0.93,0.99
569,0.65,0.65,0.84,0.99,0.75,0.89,0.96,0.99
570,0.65,0.65,0.82,0.99,0.69,0.89,0.89,0.99
571,0.65,0.65,0.82,0.99,0.69,0.89,0.93,0.98
572,0.65,0.65,0.82,0.99,0.69,0.89,0.93,0.99
573,0.65,0.57,0.82,0.99,0.63,0.89,0.93,0.99
574,0.65,0.57,0.82,0.99,0.69,0.89,0.89,0.99
575,0.65,0.65,0.82,0.99,0.69,0.89,0.89,0.99
576,0.65,0.65,0.82,0.99,0.69,0.89,0.89,0.99
577,0.65,0.65,0.84,0.99,0.69,0.89,0.93,0.99
578,0.65,0.71,0.84,0.99,0.69,0.89,0.93,0.99
579,0.65,0.65,0.84,0.99,0.69,0.89,0.93,0.98
580,0.65,0.71,0.84,0.99,0.69,0.89,0.93,0.98
581,0.65,0.57,0.82,0.99,0.69,0.89,0.93,0.99
582,0.6,0.65,0.82,0.99,0.69,0.89,0.93,0.99
583,0.6,0.65,0.82,0.99,0.75,0.89,0.93,0.99
584,0.6,0.65,0.82,0.99,0.63,0.89,0.93,0.99
