0,0.96,0.98,0.98,0.97,0.99,1.0,0.98,0.93
1,0.97,0.98,0.98,0.97,0.98,1.0,0.99,0.94
2,0.97,0.98,0.98,0.96,0.99,1.0,0.99,0.93
3,0.97,0.98,0.98,0.96,0.99,1.0,0.99,0.93
4,0.97,0.98,0.98,0.97,0.99,1.0,0.99,0.93
5,0.97,0.98,0.98,0.97,0.99,0.99,0.99,0.94
6,0.97,0.98,0.98,0.97,0.99,1.0,0.99,0.94
7,0.97,0.98,0.98,0.97,0.99,0.99,0.99,0.93
8,0.98,0.98,0.98,0.97,0.99,0.99,0.99,0.93
9,0.97,0.98,0.98,0.97,0.99,0.99,0.99,0.94
10,0.98,0.98,0.98,0.97,0.99,0.99,0.99,0.94
11,0.98,0.98,0.98,0.97,0.99,0.99,0.99,0.93
12,0.98,0.98,0.98,0.97,0.99,0.99,0.99,0.93
13,0.97,0.98,0.98,0.96,0.99,0.99,0.99,0.92
14,0.97,0.97,0.98,0.96,0.99,0.99,0.99,0.93
15,0.97,0.98,0.98,0.96,0.99,0.99,0.99,0.92
16,0.97,0.98,0.98,0.97,0.99,0.99,0.99,0.92
17,0.97,0.98,0.98,0.96,0.99,0.99,0.99,0.92
18,0.97,0.98,0.98,0.96,0.99,0.99,1.0,0.93
19,0.97,0.98,0.98,0.96,0.99,1.0,1.0,0.92
20,0.97,0.98,0.98,0.96,0.98,0.99,0.99,0.93
21,0.97,0.98,0.98,0.96,0.98,0.99,0.99,0.92
22,0.97,0.98,0.98,0.96,0.99,0.99,0.99,0.91
23,0.97,0.97,0.98,0.95,0.98,0.99,0.99,0.92
24,0.97,0.98,0.98,0.95,0.98,0.99,0.99,0.92
25,0.97,0.98,0.98,0.95,0.98,0.99,0.99,0.91
26,0.97,0.98,0.98,0.96,0.99,0.99,0.99,0.92
27,0.97,0.97,0.98,0.96,0.98,0.98,0.99,0.91
28,0.97,0.98,0.98,0.96,0.98,0.99,0.99,0.91
29,0.97,0.98,0.98,0.95,0.98,0.99,0.99,0.92
30,0.97,0.98,0.98,0.96,0.98,0.99,0.99,0.91
31,0.97,0.98,0.98,0.96,0.98,0.99,0.99,0.91
32,0.96,0.98,0.98,0.97,0.98,0.99,0.99,0.93
33,0.96,0.98,0.98,0.97,0.99,0.99,0.99,0.93
34,0.97,0.99,0.98,0.97,0.99,1.0,0.99,0.92
35,0.96,0.99,0.98,0.96,0.99,1.0,0.99,0.92
36,0.97,0.98,0.98,0.98,0.98,1.0,0.99,0.92
37,0.97,0.99,0.98,0.98,0.98,0.99,0.99,0.92
38,0.97,0.99,0.98,0.97,0.99,1.0,0.98,0.92
39,0.97,0.98,0.98,0.99,0.99,0.99,0.99,0.92
40,0.97,0.99,0.98,0.99,0.99,1.0,0.99,0.93
41,0.97,0.99,0.98,0.98,0.99,1.0,0.99,0.92
42,0.97,0.99,0.98,0.98,0.99,1.0,0.99,0.93
43,0.97,0.99,0.98,0.98,0.99,1.0,0.99,0.93
44,0.97,0.99,0.98,0.99,0.99,1.0,1.0,0.92
45,0.97,0.99,0.98,0.97,0.99,0.99,0.99,0.93
46,0.97,0.99,0.98,0.99,0.98,1.0,0.99,0.92
47,0.97,1.0,0.98,0.99,0.99,0.99,1.0,0.94
48,0.97,0.99,0.98,0.99,0.99,1.0,1.0,0.93
49,0.97,1.0,0.98,0.99,0.99,1.0,1.0,0.94
50,0.97,0.99,0.98,0.99,0.99,1.0,1.0,0.93
51,0.97,0.99,0.98,1.0,0.99,1.0,1.0,0.92
52,0.97,0.99,0.98,0.99,0.99,0.99,0.99,0.93
53,0.98,0.99,0.99,0.99,0.99,1.0,0.99,0.93
54,0.99,0.99,1.0,0.97,1.0,1.0,0.99,0.92
55,1.0,0.99,1.0,0.99,1.0,1.0,1.0,0.93
56,1.0,0.99,1.0,0.97,1.0,1.0,0.98,0.92
57,0.99,0.98,1.0,0.97,1.0,0.99,0.97,0.93
58,0.84,0.86,0.82,0.96,0.86,0.92,0.65,0.91
59,0.77,0.81,0.74,0.96,0.79,0.87,0.55,0.92
60,0.46,0.55,0.41,0.9,0.46,0.63,0.23,0.87
61,0.38,0.48,0.33,0.89,0.38,0.55,0.17,0.86
62,0.25,0.34,0.21,0.84,0.23,0.38,0.1,0.81
63,0.19,0.28,0.17,0.79,0.18,0.31,0.07,0.79
64,0.14,0.22,0.13,0.74,0.13,0.24,0.06,0.76
65,0.11,0.19,0.11,0.7,0.11,0.19,0.05,0.73
66,0.1,0.17,0.1,0.69,0.1,0.18,0.04,0.71
67,0.08,0.13,0.08,0.62,0.07,0.13,0.03,0.67
68,0.07,0.12,0.08,0.59,0.07,0.12,0.03,0.65
69,0.06,0.11,0.07,0.56,0.06,0.1,0.03,0.64
70,0.05,0.09,0.06,0.53,0.05,0.09,0.02,0.6
71,0.05,0.09,0.06,0.52,0.05,0.08,0.02,0.59
72,0.04,0.07,0.05,0.45,0.04,0.06,0.02,0.56
73,0.03,0.06,0.04,0.43,0.04,0.06,0.02,0.55
74,0.03,0.06,0.04,0.42,0.03,0.05,0.01,0.51
75,0.03,0.04,0.04,0.38,0.03,0.04,0.01,0.49
76,0.02,0.04,0.03,0.37,0.03,0.04,0.01,0.48
77,0.02,0.04,0.03,0.33,0.03,0.04,0.01,0.47
78,0.02,0.03,0.03,0.31,0.03,0.04,0.01,0.43
79,0.02,0.04,0.03,0.31,0.03,0.03,0.01,0.43
80,0.03,0.04,0.03,0.26,0.03,0.03,0.01,0.4
81,0.03,0.04,0.03,0.25,0.03,0.03,0.01,0.38
82,0.03,0.04,0.03,0.24,0.03,0.03,0.01,0.36
83,0.03,0.03,0.03,0.24,0.02,0.03,0.01,0.37
84,0.03,0.03,0.03,0.23,0.02,0.03,0.01,0.35
85,0.03,0.03,0.03,0.21,0.02,0.03,0.01,0.35
86,0.02,0.03,0.02,0.21,0.02,0.03,0.01,0.33
87,0.02,0.03,0.02,0.19,0.02,0.02,0.01,0.29
88,0.02,0.03,0.02,0.19,0.02,0.03,0.01,0.29
89,0.02,0.03,0.02,0.18,0.02,0.02,0.01,0.28
90,0.02,0.03,0.02,0.16,0.02,0.02,0.01,0.27
91,0.02,0.03,0.02,0.15,0.02,0.02,0.01,0.26
92,0.01,0.02,0.02,0.14,0.02,0.02,0.01,0.24
93,0.01,0.02,0.02,0.13,0.01,0.02,0.01,0.23
94,0.01,0.03,0.02,0.13,0.01,0.02,0.01,0.23
95,0.01,0.02,0.02,0.13,0.01,0.02,0.01,0.22
96,0.01,0.02,0.02,0.13,0.01,0.02,0.01,0.21
97,0.01,0.03,0.02,0.12,0.01,0.02,0.01,0.2
98,0.01,0.03,0.02,0.13,0.01,0.01,0.01,0.19
99,0.01,0.03,0.02,0.12,0.01,0.02,0.01,0.19
100,0.01,0.02,0.01,0.11,0.01,0.02,0.01,0.17
101,0.01,0.03,0.02,0.13,0.01,0.02,0.01,0.17
102,0.01,0.03,0.02,0.11,0.01,0.01,0.01,0.17
103,0.01,0.03,0.02,0.1,0.01,0.01,0.0,0.16
104,0.01,0.02,0.01,0.1,0.01,0.01,0.01,0.16
105,0.01,0.02,0.02,0.1,0.01,0.01,0.01,0.15
106,0.01,0.02,0.01,0.09,0.01,0.01,0.0,0.14
107,0.01,0.02,0.01,0.09,0.01,0.01,0.0,0.15
108,0.01,0.02,0.01,0.09,0.01,0.01,0.0,0.14
109,0.01,0.02,0.01,0.09,0.01,0.01,0.0,0.13
110,0.01,0.02,0.01,0.08,0.01,0.01,0.0,0.13
111,0.01,0.02,0.01,0.09,0.01,0.01,0.0,0.13
112,0.01,0.02,0.01,0.08,0.01,0.01,0.0,0.12
113,0.01,0.02,0.01,0.09,0.01,0.01,0.0,0.12
114,0.01,0.02,0.0,0.09,0.01,0.01,0.0,0.1
115,0.0,0.02,0.01,0.09,0.01,0.01,0.0,0.12
116,0.01,0.02,0.01,0.08,0.01,0.01,0.0,0.12
117,0.0,0.02,0.01,0.09,0.01,0.01,0.0,0.09
118,0.01,0.02,0.01,0.08,0.01,0.01,0.0,0.09
119,0.01,0.02,0.01,0.08,0.01,0.01,0.0,0.09
120,0.01,0.01,0.01,0.08,0.01,0.01,0.0,0.08
121,0.01,0.02,0.01,0.07,0.01,0.01,0.0,0.08
122,0.01,0.02,0.01,0.05,0.01,0.01,0.0,0.08
123,0.01,0.02,0.01,0.07,0.01,0.01,0.0,0.07
124,0.01,0.02,0.01,0.07,0.01,0.01,0.0,0.08
125,0.01,0.02,0.01,0.05,0.01,0.01,0.0,0.07
126,0.01,0.01,0.01,0.04,0.01,0.0,0.0,0.07
127,0.01,0.01,0.01,0.05,0.01,0.01,0.0,0.07
128,0.01,0.01,0.01,0.04,0.01,0.0,0.0,0.06
129,0.01,0.01,0.01,0.04,0.01,0.0,0.0,0.05
130,0.01,0.01,0.01,0.05,0.01,0.0,0.0,0.05
131,0.01,0.01,0.01,0.03,0.01,0.0,0.0,0.05
132,0.01,0.01,0.01,0.03,0.0,0.01,0.0,0.05
133,0.01,0.01,0.01,0.04,0.0,0.0,0.0,0.05
134,0.01,0.01,0.0,0.03,0.0,0.0,0.0,0.05
135,0.0,0.01,0.0,0.03,0.0,0.0,0.0,0.03
136,0.0,0.01,0.0,0.03,0.0,0.0,0.0,0.05
137,0.0,0.0,0.0,0.03,0.0,0.0,0.0,0.03
138,0.0,0.01,0.0,0.02,0.0,0.0,0.0,0.03
139,0.0,0.01,0.0,0.03,0.0,0.0,0.0,0.03
140,0.0,0.01,0.0,0.03,0.0,0.0,0.0,0.02
141,0.0,0.0,0.0,0.02,0.0,0.0,0.0,0.02
142,0.0,0.01,0.0,0.02,0.0,0.0,0.0,0.03
143,0.0,0.01,0.0,0.01,0.0,0.0,0.0,0.02
144,0.0,0.01,0.0,0.01,0.0,0.0,0.0,0.01
145,0.0,0.0,0.0,0.01,0.0,0.0,0.0,0.01
146,0.0,0.0,0.0,0.01,0.0,0.0,0.0,0.01
147,0.0,0.0,0.0,0.01,0.0,0.0,0.0,0.01
148,0.0,0.0,0.0,0.01,0.0,0.0,0.0,0.02
149,0.0,0.0,0.0,0.0,0.0,0.0,0.0,0.01
150,0.0,0.01,0.0,0.01,0.0,0.0,0.0,0.01
151,0.0,0.01,0.0,0.01,0.0,0.0,0.0,0.01
152,0.0,0.01,0.0,0.01,0.0,0.0,0.0,0.01
153,0.0,0.01,0.0,0.01,0.0,0.0,0.0,0.0
154,0.0,0.0,0.0,0.01,0.0,0.0,0.0,0.01
155,0.0,0.01,0.0,0.02,0.0,0.0,0.0,0.0
156,0.0,0.01,0.0,0.01,0.0,0.0,0.01,0.0
157,0.02,0.03,0.02,0.0,0.01,0.01,0.02,0.01
158,0.05,0.04,0.05,0.01,0.03,0.02,0.05,0.0
159,0.06,0.06,0.07,0.02,0.04,0.03,0.06,0.0
160,0.11,0.11,0.11,0.02,0.08,0.05,0.1,0.01
161,0.14,0.14,0.14,0.03,0.1,0.07,0.12,0.02
162,0.19,0.19,0.19,0.03,0.14,0.1,0.16,0.03
163,0.24,0.24,0.23,0.05,0.17,0.12,0.2,0.03
164,0.26,0.27,0.26,0.07,0.19,0.14,0.22,0.05
165,0.3,0.3,0.29,0.09,0.22,0.16,0.24,0.05
166,0.36,0.37,0.35,0.11,0.26,0.2,0.28,0.07
167,0.4,0.41,0.39,0.13,0.3,0.24,0.32,0.08
168,0.41,0.42,0.4,0.14,0.31,0.25,0.33,0.09
169,0.45,0.47,0.44,0.18,0.35,0.28,0.36,0.1
170,0.48,0.5,0.47,0.2,0.37,0.31,0.38,0.14
171,0.53,0.55,0.52,0.23,0.41,0.36,0.42,0.14
172,0.55,0.58,0.53,0.25,0.43,0.37,0.44,0.16
173,0.6,0.62,0.58,0.29,0.48,0.42,0.48,0.2
174,0.61,0.63,0.58,0.29,0.48,0.43,0.49,0.2
175,0.64,0.67,0.63,0.33,0.52,0.47,0.52,0.23
176,0.68,0.7,0.66,0.36,0.55,0.51,0.55,0.26
177,0.69,0.72,0.67,0.38,0.57,0.52,0.56,0.26
178,0.71,0.75,0.69,0.41,0.59,0.56,0.59,0.3
179,0.73,0.76,0.71,0.43,0.61,0.57,0.61,0.3
180,0.74,0.78,0.73,0.45,0.63,0.61,0.63,0.31
181,0.76,0.79,0.74,0.46,0.65,0.62,0.64,0.33
182,0.77,0.81,0.76,0.48,0.67,0.64,0.66,0.35
183,0.77,0.81,0.76,0.51,0.67,0.64,0.66,0.35
184,0.78,0.82,0.77,0.52,0.69,0.66,0.67,0.37
185,0.8,0.83,0.79,0.55,0.71,0.68,0.69,0.4
186,0.81,0.85,0.8,0.56,0.72,0.7,0.71,0.42
187,0.82,0.85,0.81,0.58,0.73,0.71,0.72,0.42
188,0.83,0.86,0.82,0.59,0.75,0.73,0.73,0.45
189,0.84,0.86,0.83,0.62,0.76,0.74,0.74,0.45
190,0.85,0.87,0.83,0.6,0.76,0.74,0.75,0.45
191,0.85,0.88,0.84,0.62,0.77,0.76,0.75,0.47
192,0.86,0.88,0.85,0.63,0.78,0.77,0.77,0.48
193,0.86,0.89,0.85,0.65,0.79,0.78,0.77,0.51
194,0.87,0.89,0.86,0.65,0.79,0.79,0.78,0.49
195,0.87,0.89,0.87,0.67,0.8,0.8,0.79,0.51
196,0.88,0.89,0.87,0.68,0.81,0.81,0.8,0.52
197,0.88,0.89,0.87,0.68,0.82,0.81,0.8,0.53
198,0.88,0.9,0.87,0.69,0.82,0.81,0.81,0.55
199,0.88,0.9,0.88,0.7,0.82,0.82,0.81,0.55
200,0.88,0.9,0.88,0.71,0.83,0.83,0.82,0.57
201,0.89,0.91,0.89,0.73,0.84,0.83,0.82,0.58
202,0.89,0.92,0.89,0.74,0.84,0.84,0.83,0.6
203,0.89,0.91,0.89,0.74,0.84,0.85,0.83,0.6
204,0.89,0.93,0.89,0.75,0.84,0.85,0.83,0.59
205,0.89,0.91,0.89,0.75,0.85,0.85,0.83,0.62
206,0.89,0.92,0.89,0.75,0.85,0.85,0.83,0.63
207,0.89,0.91,0.89,0.76,0.85,0.85,0.84,0.62
208,0.89,0.92,0.89,0.76,0.86,0.86,0.84,0.64
209,0.89,0.92,0.9,0.76,0.86,0.86,0.84,0.64
210,0.9,0.92,0.9,0.77,0.86,0.86,0.85,0.65
211,0.9,0.92,0.9,0.78,0.87,0.87,0.85,0.65
212,0.9,0.93,0.9,0.79,0.87,0.87,0.85,0.66
213,0.91,0.93,0.91,0.79,0.87,0.87,0.86,0.66
214,0.91,0.93,0.91,0.8,0.87,0.87,0.86,0.67
215,0.91,0.93,0.91,0.8,0.87,0.87,0.86,0.67
216,0.91,0.93,0.91,0.8,0.88,0.88,0.86,0.67
217,0.91,0.93,0.91,0.81,0.88,0.88,0.86,0.69
218,0.91,0.93,0.91,0.8,0.88,0.88,0.86,0.69
219,0.91,0.93,0.91,0.8,0.88,0.88,0.86,0.7
220,0.9,0.93,0.9,0.8,0.88,0.88,0.87,0.69
221,0.9,0.92,0.9,0.8,0.88,0.89,0.86,0.69
222,0.9,0.93,0.9,0.82,0.88,0.89,0.87,0.7
223,0.9,0.93,0.91,0.81,0.89,0.89,0.87,0.7
224,0.91,0.93,0.91,0.82,0.89,0.89,0.87,0.72
225,0.9,0.93,0.91,0.82,0.89,0.89,0.88,0.72
226,0.91,0.93,0.91,0.84,0.89,0.89,0.88,0.72
227,0.92,0.94,0.92,0.85,0.9,0.9,0.88,0.73
228,0.92,0.93,0.92,0.84,0.89,0.9,0.88,0.76
229,0.92,0.94,0.92,0.85,0.89,0.9,0.88,0.73
230,0.92,0.93,0.92,0.85,0.9,0.89,0.88,0.73
231,0.92,0.94,0.92,0.86,0.9,0.9,0.88,0.76
232,0.92,0.94,0.92,0.84,0.9,0.9,0.88,0.77
233,0.92,0.93,0.92,0.86,0.9,0.9,0.88,0.76
234,0.92,0.94,0.92,0.86,0.9,0.9,0.89,0.77
235,0.93,0.94,0.93,0.86,0.9,0.9,0.89,0.77
236,0.92,0.94,0.93,0.88,0.9,0.91,0.89,0.78
237,0.93,0.94,0.93,0.87,0.91,0.91,0.89,0.78
238,0.93,0.94,0.94,0.87,0.91,0.91,0.9,0.78
239,0.93,0.94,0.93,0.88,0.91,0.91,0.9,0.8
240,0.93,0.94,0.94,0.87,0.92,0.91,0.9,0.8
241,0.93,0.95,0.94,0.88,0.92,0.92,0.9,0.8
242,0.93,0.94,0.94,0.88,0.91,0.92,0.9,0.8
243,0.93,0.94,0.94,0.87,0.91,0.92,0.9,0.8
244,0.93,0.95,0.94,0.88,0.91,0.91,0.9,0.8
245,0.92,0.94,0.93,0.88,0.91,0.91,0.9,0.8
246,0.92,0.94,0.93,0.89,0.91,0.92,0.9,0.8
247,0.93,0.94,0.93,0.87,0.92,0.92,0.9,0.79
248,0.92,0.94,0.93,0.88,0.91,0.92,0.9,0.8
249,0.93,0.94,0.93,0.88,0.91,0.92,0.9,0.79
250,0.93,0.94,0.93,0.89,0.91,0.92,0.9,0.81
251,0.93,0.94,0.93,0.88,0.91,0.92,0.91,0.81
252,0.93,0.95,0.94,0.89,0.92,0.92,0.91,0.81
253,0.93,0.95,0.94,0.9,0.92,0.92,0.91,0.81
254,0.93,0.95,0.93,0.89,0.92,0.92,0.91,0.81
255,0.92,0.95,0.93,0.89,0.92,0.92,0.91,0.81
256,0.92,0.94,0.93,0.89,0.91,0.92,0.91,0.84
257,0.92,0.95,0.93,0.9,0.92,0.92,0.91,0.81
258,0.92,0.95,0.93,0.88,0.92,0.92,0.91,0.83
259,0.93,0.94,0.93,0.88,0.92,0.92,0.91,0.81
260,0.92,0.94,0.93,0.88,0.92,0.92,0.91,0.83
261,0.93,0.95,0.93,0.89,0.92,0.92,0.91,0.83
262,0.93,0.95,0.93,0.88,0.92,0.92,0.91,0.83
263,0.93,0.95,0.93,0.88,0.92,0.92,0.91,0.83
264,0.93,0.94,0.93,0.88,0.92,0.93,0.91,0.81
265,0.93,0.94,0.93,0.89,0.92,0.93,0.91,0.84
266,0.93,0.94,0.94,0.9,0.92,0.93,0.91,0.83
267,0.93,0.94,0.94,0.9,0.92,0.92,0.91,0.84
268,0.93,0.94,0.94,0.89,0.92,0.92,0.92,0.84
269,0.94,0.95,0.94,0.9,0.92,0.93,0.92,0.84
270,0.94,0.95,0.94,0.89,0.93,0.93,0.92,0.84
271,0.94,0.95,0.94,0.9,0.93,0.93,0.92,0.84
272,0.94,0.95,0.94,0.89,0.93,0.93,0.92,0.85
273,0.94,0.95,0.94,0.9,0.93,0.93,0.92,0.84
274,0.94,0.95,0.95,0.9,0.93,0.93,0.92,0.85
275,0.94,0.95,0.95,0.9,0.93,0.94,0.93,0.85
276,0.94,0.95,0.95,0.91,0.93,0.93,0.93,0.85
277,0.94,0.96,0.94,0.9,0.93,0.93,0.93,0.85
278,0.93,0.95,0.94,0.9,0.93,0.94,0.92,0.86
279,0.93,0.95,0.94,0.91,0.93,0.93,0.92,0.85
280,0.93,0.95,0.94,0.9,0.93,0.94,0.93,0.86
281,0.93,0.95,0.94,0.9,0.93,0.93,0.92,0.85
282,0.93,0.95,0.94,0.9,0.93,0.94,0.92,0.85
283,0.93,0.95,0.94,0.9,0.93,0.94,0.92,0.85
284,0.93,0.95,0.94,0.91,0.93,0.94,0.92,0.85
285,0.93,0.95,0.94,0.91,0.93,0.93,0.92,0.85
286,0.93,0.95,0.94,0.91,0.93,0.94,0.93,0.85
287,0.93,0.95,0.94,0.91,0.93,0.94,0.92,0.85
288,0.93,0.95,0.94,0.9,0.93,0.94,0.93,0.84
289,0.93,0.95,0.94,0.9,0.93,0.94,0.92,0.85
290,0.93,0.95,0.94,0.92,0.93,0.94,0.93,0.85
291,0.93,0.95,0.94,0.91,0.93,0.94,0.93,0.85
292,0.93,0.95,0.94,0.91,0.93,0.94,0.93,0.85
293,0.94,0.95,0.94,0.91,0.93,0.94,0.93,0.85
294,0.94,0.95,0.94,0.9,0.93,0.94,0.93,0.85
295,0.94,0.95,0.94,0.91,0.94,0.94,0.94,0.86
296,0.94,0.95,0.94,0.91,0.94,0.94,0.94,0.85
297,0.94,0.95,0.94,0.91,0.94,0.94,0.93,0.85
298,0.94,0.95,0.95,0.9,0.94,0.94,0.94,0.85
299,0.94,0.95,0.95,0.9,0.94,0.94,0.93,0.86
300,0.94,0.94,0.95,0.91,0.95,0.94,0.93,0.86
301,0.94,0.94,0.95,0.9,0.94,0.94,0.93,0.86
302,0.94,0.94,0.95,0.91,0.95,0.94,0.93,0.85
303,0.94,0.94,0.94,0.9,0.94,0.94,0.93,0.86
304,0.94,0.94,0.94,0.9,0.94,0.94,0.93,0.85
305,0.94,0.94,0.94,0.9,0.94,0.94,0.93,0.85
306,0.93,0.94,0.94,0.89,0.93,0.93,0.93,0.86
307,0.93,0.94,0.94,0.9,0.93,0.93,0.93,0.85
308,0.93,0.94,0.94,0.9,0.93,0.94,0.93,0.85
309,0.93,0.94,0.94,0.88,0.93,0.93,0.93,0.86
310,0.93,0.94,0.94,0.89,0.94,0.94,0.93,0.85
311,0.93,0.94,0.94,0.89,0.94,0.94,0.93,0.85
312,0.93,0.94,0.94,0.9,0.93,0.94,0.93,0.85
313,0.93,0.94,0.94,0.9,0.93,0.94,0.93,0.85
314,0.94,0.94,0.94,0.89,0.94,0.93,0.94,0.85
315,0.94,0.95,0.94,0.9,0.94,0.94,0.94,0.85
316,0.94,0.94,0.94,0.89,0.94,0.94,0.93,0.86
317,0.94,0.95,0.95,0.91,0.95,0.95,0.94,0.85
318,0.94,0.95,0.95,0.9,0.95,0.95,0.94,0.87
319,0.94,0.94,0.94,0.9,0.94,0.95,0.94,0.87
320,0.94,0.94,0.94,0.89,0.95,0.94,0.94,0.86
321,0.94,0.94,0.95,0.89,0.95,0.94,0.94,0.86
322,0.94,0.94,0.95,0.9,0.95,0.95,0.94,0.87
323,0.94,0.94,0.95,0.89,0.95,0.94,0.94,0.86
324,0.94,0.94,0.95,0.89,0.95,0.94,0.94,0.87
325,0.94,0.94,0.95,0.9,0.95,0.94,0.94,0.87
326,0.94,0.95,0.95,0.89,0.95,0.95,0.94,0.87
327,0.95,0.94,0.95,0.9,0.95,0.94,0.94,0.86
328,0.94,0.95,0.95,0.91,0.95,0.95,0.94,0.87
329,0.94,0.95,0.96,0.91,0.96,0.95,0.95,0.88
330,0.94,0.95,0.96,0.92,0.96,0.96,0.94,0.88
331,0.94,0.95,0.96,0.9,0.95,0.95,0.94,0.87
332,0.94,0.95,0.96,0.91,0.96,0.95,0.94,0.88
333,0.94,0.96,0.96,0.92,0.95,0.96,0.94,0.88
334,0.94,0.96,0.96,0.92,0.96,0.96,0.94,0.88
335,0.94,0.95,0.96,0.91,0.96,0.96,0.94,0.88
336,0.94,0.95,0.95,0.93,0.95,0.96,0.94,0.9
337,0.94,0.96,0.95,0.92,0.95,0.96,0.94,0.88
338,0.94,0.95,0.95,0.91,0.95,0.95,0.94,0.88
339,0.93,0.95,0.95,0.91,0.95,0.95,0.94,0.88
340,0.93,0.95,0.94,0.92,0.95,0.96,0.94,0.88
341,0.93,0.94,0.94,0.92,0.95,0.96,0.94,0.88
342,0.93,0.95,0.94,0.92,0.95,0.96,0.94,0.88
343,0.93,0.95,0.94,0.92,0.95,0.96,0.94,0.9
344,0.93,0.95,0.94,0.93,0.94,0.95,0.94,0.9
345,0.93,0.95,0.94,0.92,0.95,0.96,0.94,0.88
346,0.93,0.95,0.94,0.93,0.94,0.95,0.94,0.88
347,0.93,0.95,0.94,0.92,0.95,0.96,0.94,0.9
348,0.93,0.95,0.94,0.92,0.95,0.96,0.94,0.9
349,0.94,0.95,0.95,0.92,0.95,0.96,0.94,0.88
350,0.94,0.96,0.95,0.95,0.95,0.96,0.94,0.91
351,0.94,0.95,0.95,0.93,0.95,0.96,0.95,0.9
352,0.94,0.95,0.95,0.92,0.95,0.96,0.94,0.91
353,0.94,0.95,0.95,0.92,0.95,0.96,0.94,0.91
354,0.94,0.95,0.95,0.92,0.95,0.96,0.94,0.9
355,0.95,0.95,0.95,0.92,0.95,0.96,0.94,0.9
356,0.95,0.95,0.95,0.92,0.95,0.96,0.94,0.9
357,0.95,0.95,0.95,0.92,0.95,0.96,0.95,0.91
358,0.95,0.95,0.95,0.92,0.96,0.96,0.95,0.9
359,0.94,0.95,0.95,0.92,0.96,0.96,0.95,0.9
360,0.95,0.96,0.96,0.92,0.96,0.96,0.95,0.91
361,0.95,0.95,0.96,0.92,0.96,0.96,0.95,0.9
362,0.95,0.96,0.96,0.92,0.96,0.96,0.95,0.9
363,0.95,0.95,0.96,0.92,0.96,0.96,0.95,0.91
364,0.95,0.96,0.96,0.93,0.96,0.96,0.96,0.9
365,0.95,0.96,0.96,0.92,0.96,0.96,0.96,0.91
366,0.94,0.95,0.96,0.93,0.96,0.96,0.95,0.9
367,0.95,0.95,0.96,0.93,0.96,0.96,0.95,0.9
368,0.95,0.95,0.96,0.93,0.96,0.96,0.95,0.91
369,0.95,0.95,0.96,0.93,0.95,0.96,0.95,0.9
370,0.94,0.96,0.96,0.93,0.96,0.96,0.96,0.9
371,0.94,0.95,0.96,0.95,0.96,0.96,0.95,0.91
372,0.95,0.96,0.96,0.93,0.96,0.96,0.95,0.92
373,0.95,0.95,0.96,0.92,0.96,0.96,0.95,0.9
374,0.95,0.95,0.96,0.93,0.96,0.96,0.95,0.91
375,0.95,0.95,0.96,0.93,0.96,0.96,0.95,0.92
376,0.95,0.96,0.96,0.93,0.96,0.96,0.95,0.91
377,0.95,0.96,0.96,0.95,0.96,0.97,0.95,0.92
378,0.95,0.96,0.96,0.93,0.96,0.96,0.96,0.92
379,0.95,0.96,0.96,0.93,0.96,0.96,0.96,0.92
380,0.95,0.95,0.96,0.93,0.96,0.97,0.95,0.92
381,0.95,0.97,0.96,0.93,0.96,0.97,0.96,0.92
382,0.95,0.96,0.96,0.95,0.96,0.97,0.96,0.91
383,0.95,0.96,0.96,0.96,0.96,0.97,0.96,0.91
384,0.96,0.96,0.97,0.96,0.97,0.97,0.96,0.92
385,0.96,0.96,0.97,0.96,0.97,0.97,0.96,0.92
386,0.96,0.97,0.96,0.96,0.97,0.97,0.96,0.93
387,0.96,0.96,0.97,0.95,0.97,0.97,0.96,0.92
388,0.96,0.96,0.97,0.96,0.97,0.97,0.96,0.92
389,0.97,0.96,0.97,0.95,0.97,0.97,0.97,0.92
390,0.97,0.97,0.98,0.97,0.97,0.97,0.97,0.93
391,0.97,0.97,0.98,0.96,0.97,0.97,0.97,0.93
392,0.97,0.97,0.98,0.97,0.98,0.98,0.97,0.93
393,0.97,0.97,0.98,0.96,0.98,0.97,0.97,0.93
394,0.96,0.97,0.98,0.96,0.98,0.97,0.97,0.94
395,0.96,0.97,0.98,0.96,0.97,0.97,0.97,0.93
396,0.96,0.97,0.98,0.96,0.98,0.97,0.97,0.93
397,0.96,0.97,0.97,0.96,0.97,0.98,0.97,0.93
398,0.96,0.97,0.97,0.96,0.97,0.97,0.97,0.93
399,0.96,0.97,0.97,0.96,0.97,0.98,0.97,0.94
400,0.96,0.97,0.97,0.96,0.97,0.97,0.97,0.94
401,0.96,0.97,0.97,0.96,0.97,0.98,0.97,0.93
402,0.96,0.97,0.97,0.97,0.97,0.97,0.97,0.93
403,0.95,0.97,0.96,0.97,0.97,0.97,0.97,0.94
404,0.95,0.97,0.97,0.97,0.97,0.98,0.97,0.94
405,0.95,0.97,0.97,0.97,0.97,0.97,0.97,0.94
406,0.96,0.97,0.96,0.97,0.97,0.97,0.96,0.93
407,0.95,0.97,0.96,0.98,0.97,0.98,0.97,0.93
408,0.95,0.97,0.96,0.97,0.97,0.97,0.97,0.93
409,0.95,0.97,0.96,0.97,0.97,0.97,0.96,0.93
410,0.96,0.97,0.97,0.97,0.97,0.98,0.97,0.94
411,0.96,0.97,0.97,0.97,0.97,0.99,0.97,0.95
412,0.96,0.97,0.97,0.97,0.97,0.98,0.97,0.94
413,0.96,0.97,0.97,0.97,0.97,0.98,0.97,0.95
414,0.96,0.97,0.97,0.98,0.98,0.98,0.97,0.93
415,0.95,0.97,0.97,0.97,0.97,0.98,0.97,0.94
416,0.96,0.97,0.97,0.97,0.97,0.97,0.97,0.94
417,0.96,0.97,0.97,0.97,0.98,0.98,0.97,0.94
418,0.96,0.98,0.97,0.97,0.97,0.98,0.98,0.94
419,0.96,0.98,0.97,0.98,0.97,0.98,0.97,0.94
420,0.96,0.97,0.97,0.98,0.98,0.98,0.97,0.95
421,0.96,0.98,0.97,0.97,0.97,0.98,0.97,0.94
422,0.95,0.97,0.97,0.98,0.97,0.98,0.97,0.95
423,0.95,0.97,0.96,0.98,0.97,0.98,0.97,0.94
424,0.95,0.97,0.96,0.98,0.97,0.98,0.97,0.94
425,0.95,0.97,0.96,0.97,0.97,0.98,0.97,0.94
426,0.95,0.97,0.96,0.98,0.97,0.98,0.97,0.94
427,0.96,0.97,0.97,0.97,0.97,0.98,0.97,0.94
428,0.96,0.97,0.97,0.98,0.98,0.98,0.97,0.95
429,0.96,0.97,0.96,0.97,0.97,0.98,0.97,0.94
430,0.96,0.97,0.96,0.97,0.97,0.98,0.97,0.94
431,0.95,0.97,0.96,0.97,0.97,0.98,0.97,0.93
432,0.95,0.97,0.96,0.97,0.97,0.98,0.97,0.94
433,0.95,0.97,0.96,0.96,0.97,0.98,0.97,0.94
434,0.95,0.97,0.96,0.97,0.97,0.98,0.96,0.93
435,0.95,0.97,0.96,0.96,0.97,0.97,0.97,0.94
436,0.95,0.96,0.96,0.97,0.97,0.97,0.97,0.95
437,0.95,0.96,0.96,0.95,0.97,0.98,0.97,0.93
438,0.95,0.96,0.96,0.96,0.97,0.97,0.96,0.93
439,0.95,0.96,0.96,0.96,0.97,0.97,0.97,0.94
440,0.95,0.96,0.96,0.95,0.97,0.97,0.96,0.93
441,0.95,0.96,0.96,0.95,0.97,0.97,0.96,0.92
442,0.95,0.95,0.95,0.93,0.96,0.97,0.96,0.94
443,0.95,0.95,0.95,0.95,0.96,0.97,0.96,0.93
444,0.95,0.96,0.96,0.93,0.97,0.97,0.96,0.93
445,0.95,0.95,0.95,0.93,0.96,0.96,0.96,0.93
446,0.95,0.95,0.96,0.95,0.96,0.97,0.96,0.92
447,0.95,0.95,0.96,0.93,0.97,0.96,0.96,0.92
448,0.95,0.95,0.96,0.95,0.97,0.97,0.96,0.92
449,0.95,0.95,0.96,0.95,0.97,0.97,0.96,0.92
450,0.95,0.96,0.96,0.93,0.96,0.97,0.96,0.93
451,0.95,0.96,0.96,0.95,0.96,0.97,0.97,0.93
452,0.95,0.96,0.96,0.93,0.97,0.97,0.97,0.93
453,0.95,0.96,0.96,0.93,0.97,0.97,0.97,0.92
454,0.95,0.95,0.96,0.93,0.97,0.97,0.97,0.93
455,0.95,0.95,0.96,0.92,0.97,0.97,0.97,0.92
456,0.95,0.96,0.96,0.93,0.97,0.97,0.97,0.92
457,0.95,0.96,0.96,0.93,0.97,0.97,0.97,0.94
458,0.95,0.95,0.96,0.93,0.97,0.97,0.96,0.92
459,0.96,0.95,0.96,0.92,0.97,0.97,0.97,0.92
460,0.96,0.95,0.96,0.92,0.97,0.97,0.97,0.93
461,0.96,0.95,0.96,0.92,0.97,0.97,0.97,0.92
462,0.96,0.95,0.96,0.93,0.97,0.97,0.97,0.92
463,0.96,0.95,0.97,0.92,0.97,0.97,0.97,0.92
464,0.96,0.96,0.97,0.93,0.97,0.97,0.97,0.93
465,0.96,0.95,0.97,0.93,0.97,0.97,0.97,0.93
466,0.96,0.95,0.97,0.92,0.97,0.97,0.97,0.92
467,0.96,0.95,0.97,0.92,0.98,0.97,0.97,0.93
468,0.97,0.96,0.97,0.93,0.98,0.97,0.98,0.92
469,0.97,0.96,0.98,0.93,0.98,0.97,0.98,0.93
470,0.97,0.96,0.98,0.93,0.98,0.97,0.98,0.94
471,0.97,0.96,0.97,0.92,0.98,0.98,0.98,0.93
472,0.97,0.96,0.98,0.95,0.98,0.97,0.98,0.94
473,0.97,0.96,0.97,0.92,0.98,0.97,0.97,0.93
474,0.97,0.96,0.98,0.93,0.98,0.97,0.98,0.93
475,0.97,0.96,0.98,0.93,0.98,0.97,0.98,0.93
476,0.97,0.96,0.98,0.93,0.98,0.97,0.98,0.95
477,0.97,0.96,0.98,0.92,0.98,0.98,0.98,0.94
478,0.97,0.96,0.98,0.93,0.98,0.98,0.98,0.93
479,0.96,0.96,0.98,0.95,0.98,0.98,0.98,0.93
480,0.96,0.96,0.97,0.93,0.98,0.97,0.98,0.93
481,0.96,0.96,0.97,0.93,0.98,0.98,0.98,0.94
482,0.97,0.97,0.98,0.93,0.98,0.98,0.98,0.94
483,0.96,0.97,0.98,0.93,0.98,0.98,0.98,0.95
484,0.97,0.96,0.97,0.95,0.98,0.98,0.98,0.94
485,0.96,0.96,0.97,0.93,0.98,0.98,0.98,0.94
486,0.96,0.96,0.97,0.95,0.98,0.98,0.98,0.94
487,0.96,0.96,0.97,0.95,0.98,0.98,0.98,0.94
488,0.97,0.96,0.97,0.95,0.98,0.98,0.98,0.94
489,0.97,0.96,0.98,0.93,0.98,0.98,0.98,0.94
490,0.97,0.96,0.98,0.93,0.98,0.98,0.98,0.94
491,0.97,0.96,0.98,0.95,0.98,0.97,0.98,0.93
492,0.97,0.96,0.98,0.93,0.98,0.97,0.98,0.94
493,0.97,0.96,0.98,0.93,0.98,0.97,0.98,0.94
494,0.97,0.96,0.98,0.92,0.98,0.98,0.98,0.94
495,0.97,0.96,0.98,0.93,0.98,0.98,0.98,0.93
496,0.97,0.96,0.98,0.93,0.98,0.98,0.98,0.94
497,0.97,0.96,0.98,0.93,0.98,0.98,0.98,0.94
498,0.97,0.96,0.98,0.93,0.98,0.98,0.98,0.94
499,0.97,0.96,0.98,0.95,0.98,0.98,0.98,0.94
500,0.97,0.96,0.98,0.93,0.98,0.98,0.98,0.95
501,0.97,0.96,0.98,0.95,0.98,0.98,0.98,0.94
502,0.97,0.96,0.98,0.95,0.98,0.98,0.98,0.94
503,0.97,0.96,0.98,0.93,0.98,0.98,0.98,0.94
504,0.97,0.96,0.98,0.95,0.98,0.98,0.98,0.94
505,0.96,0.96,0.98,0.95,0.98,0.98,0.98,0.94
506,0.96,0.96,0.97,0.93,0.98,0.97,0.98,0.94
507,0.96,0.96,0.98,0.93,0.98,0.98,0.98,0.94
508,0.96,0.96,0.97,0.95,0.98,0.98,0.98,0.95
509,0.96,0.96,0.97,0.93,0.98,0.97,0.98,0.94
510,0.96,0.96,0.97,0.93,0.98,0.98,0.98,0.94
511,0.96,0.96,0.96,0.93,0.97,0.98,0.98,0.94
512,0.95,0.95,0.97,0.95,0.97,0.97,0.97,0.93
513,0.95,0.95,0.96,0.95,0.97,0.98,0.97,0.93
514,0.95,0.96,0.96,0.93,0.97,0.97,0.98,0.93
515,0.95,0.96,0.96,0.92,0.97,0.98,0.97,0.93
516,0.95,0.95,0.96,0.95,0.97,0.97,0.97,0.93
517,0.95,0.95,0.96,0.93,0.97,0.98,0.97,0.94
518,0.95,0.96,0.96,0.93,0.97,0.98,0.97,0.94
519,0.95,0.96,0.96,0.92,0.97,0.98,0.97,0.93
520,0.95,0.96,0.96,0.95,0.98,0.97,0.97,0.94
521,0.96,0.95,0.96,0.93,0.98,0.97,0.97,0.94
522,0.96,0.96,0.97,0.93,0.98,0.98,0.98,0.93
523,0.96,0.96,0.97,0.93,0.98,0.98,0.98,0.95
524,0.96,0.96,0.97,0.92,0.98,0.98,0.98,0.94
525,0.96,0.96,0.97,0.92,0.98,0.98,0.98,0.93
526,0.96,0.96,0.97,0.92,0.98,0.98,0.98,0.93
527,0.96,0.96,0.97,0.92,0.98,0.98,0.98,0.95
528,0.96,0.96,0.97,0.93,0.98,0.98,0.98,0.94
529,0.96,0.96,0.97,0.93,0.98,0.98,0.98,0.93
530,0.96,0.96,0.97,0.93,0.98,0.98,0.98,0.94
531,0.96,0.96,0.97,0.93,0.98,0.98,0.98,0.94
532,0.95,0.96,0.97,0.93,0.98,0.98,0.98,0.94
533,0.96,0.96,0.97,0.93,0.98,0.98,0.98,0.94
534,0.96,0.96,0.97,0.93,0.98,0.98,0.98,0.95
535,0.96,0.96,0.97,0.93,0.98,0.98,0.98,0.94
536,0.96,0.96,0.97,0.93,0.98,0.98,0.98,0.94
537,0.96,0.96,0.97,0.95,0.98,0.98,0.98,0.94
538,0.97,0.96,0.97,0.93,0.98,0.98,0.98,0.95
539,0.96,0.96,0.97,0.95,0.98,0.97,0.98,0.94
540,0.97,0.96,0.97,0.92,0.98,0.98,0.98,0.94
541,0.97,0.96,0.97,0.95,0.98,0.98,0.98,0.94
542,0.97,0.96,0.98,0.93,0.98,0.98,0.98,0.94
543,0.97,0.97,0.98,0.93,0.98,0.98,0.98,0.93
544,0.97,0.97,0.98,0.95,0.98,0.98,0.98,0.94
545,0.97,0.96,0.98,0.95,0.98,0.98,0.98,0.94
546,0.96,0.96,0.98,0.93,0.98,0.98,0.98,0.95
547,0.96,0.96,0.98,0.93,0.98,0.98,0.98,0.95
548,0.96,0.96,0.98,0.93,0.98,0.98,0.99,0.94
549,0.96,0.96,0.97,0.93,0.98,0.99,0.98,0.94
550,0.96,0.97,0.97,0.93,0.98,0.98,0.99,0.94
551,0.96,0.97,0.97,0.93,0.98,0.98,0.98,0.94
552,0.96,0.97,0.97,0.95,0.98,0.98,0.98,0.95
553,0.96,0.97,0.98,0.95,0.98,0.99,0.99,0.97
554,0.96,0.97,0.98,0.95,0.98,0.99,0.98,0.97
555,0.96,0.97,0.98,0.95,0.98,0.99,0.98,0.97
556,0.97,0.98,0.98,0.95,0.98,0.99,0.99,0.97
557,0.97,0.98,0.98,0.97,0.99,0.99,0.99,0.97
558,0.96,0.98,0.98,0.97,0.99,0.99,0.99,0.97
559,0.97,0.97,0.98,0.95,0.99,0.99,0.98,0.97
560,0.97,0.97,0.98,0.96,0.98,0.99,0.99,0.98
561,0.96,0.97,0.98,0.95,0.98,0.98,0.98,0.95
562,0.96,0.96,0.97,0.95,0.98,0.99,0.98,0.95
563,0.96,0.96,0.97,0.93,0.98,0.98,0.98,0.95
564,0.96,0.96,0.97,0.93,0.98,0.99,0.98,0.95
565,0.96,0.96,0.97,0.95,0.98,0.98,0.98,0.95
566,0.96,0.96,0.97,0.93,0.98,0.98,0.98,0.95
567,0.96,0.97,0.97,0.93,0.98,0.98,0.98,0.95
568,0.96,0.96,0.97,0.95,0.98,0.98,0.98,0.95
569,0.96,0.96,0.97,0.93,0.98,0.98,0.98,0.97
570,0.96,0.97,0.97,0.95,0.98,0.99,0.98,0.95
571,0.96,0.97,0.97,0.95,0.97,0.99,0.98,0.95
572,0.96,0.97,0.98,0.93,0.98,0.99,0.98,0.97
573,0.97,0.96,0.98,0.93,0.98,0.99,0.98,0.95
574,0.96,0.96,0.98,0.93,0.98,0.98,0.99,0.95
575,0.97,0.97,0.97,0.93,0.98,0.98,0.98,0.97
576,0.96,0.96,0.98,0.93,0.98,0.99,0.98,0.95
577,0.97,0.97,0.98,0.93,0.99,0.99,0.98,0.95
578,0.97,0.97,0.98,0.95,0.98,0.99,0.99,0.95
579,0.96,0.97,0.98,0.93,0.98,0.98,0.99,0.95
580,0.97,0.97,0.98,0.95,0.98,0.99,0.99,0.97
581,0.97,0.97,0.98,0.95,0.99,0.99,0.99,0.97
582,0.96,0.97,0.98,0.95,0.99,0.99,0.99,0.97
583,0.96,0.97,0.98,0.95,0.98,0.99,0.99,0.97
584,0.96,0.97,0.98,0.96,0.98,0.99,0.99,0.97
585,0.97,0.97,0.98,0.96,0.98,0.99,0.99,0.97
586,0.97,0.97,0.98,0.95,0.99,0.99,0.99,0.98
587,0.97,0.97,0.98,0.97,0.99,0.99,0.99,0.97
588,0.97,0.98,0.98,0.95,0.99,0.99,0.99,0.98
589,0.97,0.98,0.98,0.96,0.99,0.99,0.99,0.98
590,0.97,0.98,0.98,0.96,0.99,0.99,0.99,0.98
591,0.97,0.98,0.98,0.96,0.99,0.99,0.99,0.98
592,0.97,0.98,0.98,0.97,0.99,0.99,0.99,1.0
593,0.97,0.97,0.98,0.96,0.99,1.0,0.99,0.98
594,0.97,0.98,0.98,0.96,0.99,0.99,0.99,0.98
595,0.97,0.97,0.98,0.95,0.99,0.99,0.99,0.98
596,0.97,0.97,0.98,0.95,0.99,0.99,0.99,1.0
597,0.97,0.98,0.98,0.97,0.98,0.99,0.99,0.98
