0,0.91,0.89,0.96,0.98,0.95,0.91,0.97,0.98
1,0.93,0.89,0.98,0.98,0.95,0.89,0.98,0.98
2,0.91,0.89,0.95,0.98,0.97,0.89,0.97,0.98
3,0.93,0.89,0.95,0.98,0.95,0.91,0.97,0.98
4,0.93,0.89,0.96,0.98,0.97,0.91,0.98,0.98
5,0.91,0.89,0.96,0.98,0.95,0.91,0.97,0.98
6,0.91,0.89,0.95,0.98,0.95,0.91,0.97,0.98
7,0.88,0.85,0.94,0.98,0.95,0.89,0.97,0.98
8,0.86,0.89,0.95,0.98,0.95,0.89,0.97,0.98
9,0.88,0.85,0.95,0.98,0.95,0.89,0.97,0.98
10,0.91,0.89,0.95,0.98,0.95,0.91,0.97,0.98
11,0.91,0.85,0.95,0.98,0.95,0.89,0.97,0.99
12,0.91,0.85,0.96,0.98,0.97,0.89,0.97,0.98
13,0.93,0.91,0.96,0.99,0.95,0.89,0.98,0.98
14,0.95,0.91,0.98,0.99,0.97,0.91,0.98,0.99
15,0.98,0.91,0.99,0.98,0.97,0.93,1.0,0.98
16,0.98,0.94,1.0,0.99,1.0,0.93,1.0,0.99
17,0.98,0.94,0.99,0.99,1.0,0.93,0.98,0.99
18,1.0,0.94,1.0,0.99,0.97,0.93,1.0,0.99
19,0.98,0.91,1.0,0.99,1.0,0.93,1.0,0.99
20,0.98,0.91,1.0,0.98,0.97,0.91,0.98,0.99
21,0.98,0.91,0.99,0.98,0.97,0.93,0.98,0.99
22,0.93,0.89,0.98,0.98,0.97,0.93,0.98,0.98
23,0.95,0.89,0.98,0.99,0.95,0.89,0.98,0.99
24,0.93,0.89,0.98,0.99,0.97,0.91,0.98,0.98
25,0.93,0.89,0.96,0.99,0.95,0.91,0.97,0.99
26,0.93,0.91,0.96,0.98,0.97,0.91,0.98,0.99
27,0.91,0.85,0.96,0.98,0.95,0.91,0.97,0.98
28,0.93,0.85,0.96,0.98,0.95,0.89,0.97,0.98
29,0.93,0.85,0.96,0.98,0.95,0.89,0.97,0.98
30,0.93,0.85,0.95,0.98,0.95,0.91,0.97,0.98
31,0.91,0.73,0.94,0.98,0.92,0.89,0.97,0.98
32,0.88,0.8,0.94,0.98,0.92,0.87,0.94,0.98
33,0.91,0.8,0.94,0.98,0.92,0.89,0.95,0.98
34,0.88,0.8,0.93,0.98,0.92,0.85,0.94,0.98
35,0.88,0.8,0.92,0.98,0.89,0.85,0.94,0.98
36,0.88,0.76,0.92,0.98,0.95,0.87,0.94,0.98
37,0.86,0.76,0.92,0.98,0.89,0.85,0.94,0.98
38,0.86,0.8,0.92,0.98,0.89,0.87,0.94,0.98
39,0.86,0.76,0.9,0.98,0.89,0.85,0.94,0.98
40,0.86,0.76,0.92,0.98,0.92,0.85,0.94,0.98
41,0.88,0.82,0.92,0.98,0.89,0.87,0.94,0.98
42,0.88,0.76,0.93,0.98,0.92,0.87,0.94,0.98
43,0.91,0.8,0.94,0.98,0.92,0.87,0.95,0.98
44,0.91,0.8,0.93,0.98,0.89,0.85,0.95,0.98
45,0.88,0.76,0.93,0.98,0.92,0.87,0.94,0.98
46,0.88,0.76,0.93,0.98,0.92,0.87,0.94,0.98
47,0.88,0.76,0.9,0.98,0.92,0.87,0.94,0.98
48,0.86,0.76,0.92,0.98,0.89,0.85,0.94,0.98
49,0.88,0.76,0.92,0.98,0.89,0.85,0.94,0.98
50,0.86,0.8,0.92,0.98,0.89,0.85,0.94,0.98
51,0.83,0.76,0.9,0.98,0.87,0.87,0.94,0.98
52,0.81,0.76,0.89,0.98,0.89,0.87,0.92,0.98
53,0.77,0.73,0.87,0.98,0.89,0.85,0.91,0.98
54,0.77,0.71,0.88,0.98,0.87,0.85,0.89,0.98
55,0.77,0.76,0.88,0.98,0.87,0.87,0.88,0.98
56,0.77,0.73,0.88,0.98,0.87,0.85,0.88,0.98
57,0.79,0.76,0.88,0.98,0.87,0.85,0.89,0.98
58,0.81,0.73,0.89,0.98,0.89,0.87,0.88,0.98
59,0.81,0.76,0.88,0.97,0.89,0.85,0.86,0.97
60,0.74,0.62,0.74,0.94,0.77,0.74,0.7,0.94
61,0.67,0.53,0.66,0.92,0.72,0.68,0.61,0.92
62,0.56,0.44,0.51,0.86,0.62,0.55,0.48,0.87
63,0.49,0.35,0.42,0.82,0.52,0.47,0.41,0.84
64,0.4,0.29,0.33,0.74,0.43,0.35,0.31,0.78
65,0.34,0.24,0.27,0.66,0.33,0.27,0.26,0.72
66,0.29,0.18,0.24,0.62,0.31,0.25,0.24,0.69
67,0.25,0.2,0.22,0.58,0.29,0.23,0.22,0.66
68,0.23,0.15,0.19,0.53,0.22,0.17,0.18,0.61
69,0.21,0.15,0.18,0.47,0.22,0.15,0.17,0.57
70,0.19,0.15,0.15,0.42,0.2,0.15,0.16,0.53
71,0.17,0.15,0.13,0.38,0.2,0.13,0.13,0.49
72,0.15,0.15,0.11,0.33,0.17,0.11,0.11,0.44
73,0.1,0.18,0.1,0.29,0.13,0.11,0.1,0.41
74,0.1,0.15,0.1,0.28,0.13,0.11,0.1,0.4
75,0.06,0.09,0.06,0.23,0.11,0.08,0.06,0.35
76,0.04,0.09,0.06,0.22,0.11,0.1,0.06,0.33
77,0.04,0.06,0.05,0.2,0.09,0.08,0.05,0.31
78,0.02,0.06,0.05,0.19,0.06,0.06,0.05,0.29
79,0.02,0.06,0.03,0.15,0.06,0.06,0.04,0.26
80,0.02,0.06,0.03,0.15,0.06,0.08,0.04,0.26
81,0.0,0.03,0.01,0.13,0.04,0.04,0.01,0.23
82,0.0,0.06,0.01,0.12,0.02,0.04,0.01,0.21
83,0.0,0.0,0.0,0.11,0.02,0.02,0.0,0.19
84,0.02,0.03,0.01,0.1,0.0,0.04,0.01,0.19
85,0.0,0.03,0.0,0.09,0.02,0.04,0.0,0.17
86,0.0,0.0,0.0,0.09,0.02,0.0,0.0,0.16
87,0.0,0.03,0.0,0.08,0.02,0.02,0.0,0.15
88,0.0,0.03,0.0,0.07,0.0,0.04,0.0,0.14
89,0.0,0.03,0.01,0.07,0.02,0.04,0.0,0.14
90,0.02,0.03,0.01,0.06,0.02,0.04,0.0,0.12
91,0.02,0.03,0.0,0.06,0.02,0.04,0.0,0.12
92,0.02,0.03,0.01,0.05,0.0,0.02,0.0,0.11
93,0.02,0.03,0.0,0.05,0.0,0.02,0.0,0.11
94,0.02,0.03,0.0,0.05,0.02,0.04,0.0,0.1
95,0.02,0.0,0.02,0.04,0.02,0.04,0.0,0.09
96,0.02,0.03,0.01,0.04,0.02,0.04,0.0,0.08
97,0.0,0.06,0.01,0.04,0.04,0.04,0.0,0.08
98,0.02,0.06,0.02,0.04,0.04,0.04,0.01,0.07
99,0.02,0.09,0.01,0.03,0.02,0.04,0.02,0.07
100,0.02,0.06,0.01,0.03,0.02,0.06,0.01,0.07
101,0.0,0.09,0.01,0.03,0.02,0.06,0.0,0.06
102,0.0,0.09,0.01,0.03,0.04,0.04,0.0,0.06
103,0.0,0.06,0.01,0.03,0.02,0.04,0.0,0.06
104,0.0,0.06,0.0,0.03,0.02,0.04,0.0,0.06
105,0.0,0.03,0.0,0.03,0.0,0.04,0.0,0.05
106,0.02,0.09,0.0,0.03,0.0,0.04,0.0,0.05
107,0.02,0.06,0.01,0.03,0.02,0.02,0.0,0.05
108,0.02,0.06,0.0,0.03,0.0,0.04,0.0,0.05
109,0.02,0.03,0.0,0.03,0.0,0.04,0.0,0.05
110,0.02,0.03,0.01,0.03,0.02,0.04,0.0,0.05
111,0.04,0.06,0.01,0.03,0.02,0.02,0.01,0.04
112,0.02,0.06,0.01,0.03,0.02,0.04,0.0,0.04
113,0.02,0.06,0.01,0.03,0.02,0.04,0.01,0.04
114,0.02,0.09,0.02,0.03,0.02,0.04,0.01,0.04
115,0.02,0.09,0.01,0.03,0.04,0.04,0.02,0.04
116,0.02,0.12,0.03,0.03,0.04,0.04,0.01,0.04
117,0.04,0.12,0.03,0.03,0.02,0.06,0.01,0.04
118,0.02,0.12,0.02,0.03,0.02,0.04,0.02,0.04
119,0.02,0.12,0.02,0.03,0.04,0.08,0.01,0.04
120,0.02,0.12,0.02,0.03,0.02,0.06,0.01,0.04
121,0.02,0.12,0.02,0.03,0.04,0.06,0.01,0.04
122,0.02,0.12,0.02,0.03,0.02,0.06,0.01,0.04
123,0.02,0.15,0.02,0.03,0.02,0.06,0.01,0.04
124,0.04,0.12,0.01,0.04,0.02,0.06,0.0,0.04
125,0.04,0.12,0.02,0.03,0.02,0.04,0.01,0.04
126,0.04,0.12,0.02,0.03,0.04,0.06,0.01,0.04
127,0.04,0.12,0.02,0.03,0.02,0.04,0.0,0.03
128,0.06,0.12,0.03,0.03,0.02,0.06,0.02,0.04
129,0.04,0.12,0.03,0.03,0.02,0.06,0.01,0.03
130,0.06,0.15,0.04,0.03,0.02,0.06,0.01,0.03
131,0.04,0.12,0.02,0.03,0.02,0.06,0.0,0.03
132,0.04,0.09,0.02,0.02,0.02,0.06,0.0,0.03
133,0.04,0.09,0.01,0.02,0.02,0.04,0.0,0.03
134,0.04,0.12,0.01,0.02,0.02,0.04,0.0,0.02
135,0.04,0.09,0.02,0.02,0.02,0.04,0.0,0.02
136,0.06,0.09,0.02,0.02,0.0,0.04,0.0,0.02
137,0.06,0.12,0.02,0.02,0.02,0.06,0.0,0.02
138,0.06,0.12,0.02,0.02,0.02,0.06,0.0,0.02
139,0.06,0.09,0.02,0.01,0.04,0.06,0.0,0.02
140,0.06,0.12,0.02,0.01,0.02,0.04,0.01,0.01
141,0.06,0.12,0.02,0.01,0.02,0.06,0.0,0.01
142,0.06,0.15,0.03,0.01,0.02,0.04,0.01,0.01
143,0.08,0.15,0.03,0.01,0.02,0.08,0.0,0.01
144,0.08,0.18,0.04,0.01,0.02,0.08,0.01,0.01
145,0.08,0.2,0.05,0.01,0.04,0.06,0.01,0.01
146,0.08,0.18,0.05,0.0,0.04,0.06,0.01,0.01
147,0.08,0.18,0.04,0.0,0.04,0.06,0.01,0.0
148,0.08,0.18,0.04,0.0,0.02,0.06,0.0,0.0
149,0.06,0.18,0.04,0.0,0.02,0.06,0.01,0.0
150,0.06,0.15,0.04,0.0,0.04,0.1,0.0,0.0
151,0.08,0.18,0.05,0.0,0.04,0.1,0.01,0.0
152,0.08,0.24,0.04,0.0,0.04,0.1,0.01,0.0
153,0.08,0.2,0.04,0.0,0.04,0.08,0.01,0.0
154,0.06,0.24,0.04,0.0,0.02,0.08,0.0,0.0
155,0.06,0.18,0.04,0.0,0.04,0.1,0.0,0.0
156,0.04,0.18,0.02,0.0,0.04,0.1,0.0,0.0
157,0.02,0.2,0.02,0.0,0.02,0.1,0.01,0.0
158,0.02,0.18,0.04,0.01,0.02,0.1,0.02,0.0
159,0.04,0.24,0.07,0.01,0.06,0.11,0.07,0.01
160,0.08,0.26,0.1,0.02,0.11,0.15,0.12,0.01
161,0.15,0.38,0.19,0.03,0.15,0.23,0.18,0.02
162,0.15,0.38,0.19,0.04,0.15,0.21,0.19,0.02
163,0.23,0.47,0.28,0.06,0.22,0.31,0.27,0.04
164,0.29,0.49,0.32,0.08,0.29,0.37,0.32,0.05
165,0.32,0.53,0.36,0.09,0.31,0.41,0.34,0.06
166,0.34,0.56,0.39,0.1,0.33,0.43,0.37,0.07
167,0.4,0.62,0.44,0.12,0.38,0.47,0.4,0.08
168,0.43,0.62,0.47,0.14,0.4,0.51,0.44,0.09
169,0.47,0.64,0.51,0.17,0.45,0.53,0.48,0.11
170,0.49,0.67,0.54,0.2,0.47,0.57,0.52,0.13
171,0.51,0.67,0.56,0.21,0.5,0.59,0.53,0.14
172,0.54,0.67,0.58,0.25,0.52,0.61,0.56,0.16
173,0.56,0.71,0.6,0.27,0.54,0.63,0.59,0.18
174,0.58,0.67,0.63,0.3,0.57,0.68,0.6,0.2
175,0.58,0.71,0.64,0.3,0.57,0.65,0.6,0.2
176,0.63,0.73,0.67,0.33,0.62,0.7,0.64,0.22
177,0.63,0.73,0.68,0.35,0.62,0.72,0.66,0.24
178,0.65,0.73,0.69,0.37,0.62,0.72,0.67,0.25
179,0.67,0.76,0.71,0.4,0.67,0.76,0.7,0.27
180,0.69,0.8,0.74,0.42,0.67,0.76,0.71,0.29
181,0.72,0.8,0.75,0.45,0.69,0.78,0.73,0.31
182,0.74,0.85,0.79,0.47,0.72,0.8,0.76,0.33
183,0.77,0.85,0.81,0.5,0.74,0.8,0.77,0.35
184,0.79,0.85,0.83,0.52,0.77,0.85,0.79,0.37
185,0.79,0.85,0.83,0.54,0.77,0.85,0.8,0.38
186,0.79,0.85,0.83,0.55,0.77,0.85,0.8,0.38
187,0.81,0.89,0.85,0.58,0.79,0.85,0.82,0.41
188,0.81,0.89,0.85,0.58,0.79,0.87,0.82,0.42
189,0.81,0.85,0.85,0.61,0.79,0.85,0.83,0.44
190,0.83,0.82,0.86,0.63,0.79,0.87,0.83,0.45
191,0.83,0.85,0.86,0.63,0.82,0.87,0.85,0.46
192,0.86,0.89,0.87,0.66,0.84,0.87,0.85,0.48
193,0.83,0.89,0.87,0.67,0.84,0.89,0.85,0.49
194,0.81,0.89,0.87,0.69,0.82,0.89,0.85,0.51
195,0.81,0.85,0.88,0.7,0.84,0.87,0.85,0.52
196,0.81,0.82,0.87,0.71,0.82,0.89,0.86,0.53
197,0.81,0.82,0.86,0.72,0.82,0.85,0.85,0.55
198,0.81,0.82,0.87,0.73,0.84,0.87,0.85,0.56
199,0.83,0.82,0.86,0.74,0.82,0.87,0.86,0.56
200,0.83,0.82,0.87,0.75,0.84,0.87,0.86,0.58
201,0.83,0.82,0.88,0.76,0.84,0.87,0.88,0.59
202,0.86,0.82,0.88,0.77,0.87,0.89,0.88,0.6
203,0.83,0.85,0.88,0.78,0.84,0.89,0.88,0.61
204,0.83,0.8,0.88,0.79,0.84,0.85,0.88,0.63
205,0.83,0.8,0.88,0.8,0.84,0.87,0.88,0.63
206,0.83,0.82,0.87,0.81,0.84,0.87,0.88,0.64
207,0.83,0.85,0.88,0.82,0.84,0.87,0.88,0.65
208,0.83,0.82,0.88,0.82,0.87,0.87,0.89,0.66
209,0.83,0.8,0.89,0.83,0.87,0.87,0.89,0.67
210,0.86,0.85,0.88,0.83,0.87,0.89,0.89,0.68
211,0.88,0.85,0.89,0.84,0.87,0.89,0.89,0.68
212,0.88,0.89,0.9,0.85,0.87,0.91,0.92,0.7
213,0.88,0.89,0.92,0.85,0.87,0.91,0.92,0.7
214,0.88,0.91,0.93,0.86,0.89,0.89,0.92,0.71
215,0.88,0.91,0.92,0.86,0.89,0.91,0.91,0.72
216,0.86,0.89,0.92,0.86,0.87,0.89,0.91,0.72
217,0.86,0.85,0.9,0.87,0.87,0.91,0.91,0.73
218,0.86,0.89,0.92,0.88,0.87,0.89,0.92,0.74
219,0.86,0.85,0.92,0.88,0.87,0.91,0.91,0.75
220,0.88,0.89,0.92,0.88,0.89,0.89,0.92,0.75
221,0.88,0.82,0.9,0.89,0.87,0.89,0.91,0.76
222,0.86,0.8,0.9,0.89,0.87,0.87,0.91,0.77
223,0.86,0.82,0.89,0.89,0.87,0.89,0.92,0.77
224,0.86,0.82,0.9,0.9,0.89,0.89,0.92,0.77
225,0.83,0.82,0.9,0.9,0.87,0.89,0.92,0.78
226,0.88,0.85,0.9,0.9,0.89,0.91,0.92,0.78
227,0.86,0.89,0.92,0.91,0.89,0.89,0.92,0.79
228,0.86,0.85,0.92,0.91,0.89,0.89,0.94,0.79
229,0.88,0.85,0.92,0.91,0.89,0.89,0.92,0.8
230,0.86,0.85,0.92,0.92,0.92,0.89,0.94,0.81
231,0.86,0.82,0.92,0.92,0.87,0.87,0.92,0.81
232,0.86,0.76,0.9,0.92,0.89,0.85,0.91,0.81
233,0.83,0.8,0.89,0.92,0.87,0.85,0.89,0.82
234,0.83,0.73,0.89,0.92,0.87,0.83,0.89,0.82
235,0.86,0.82,0.9,0.92,0.87,0.87,0.91,0.83
236,0.88,0.82,0.9,0.92,0.87,0.85,0.91,0.83
237,0.88,0.82,0.92,0.93,0.89,0.89,0.92,0.83
238,0.88,0.8,0.92,0.93,0.92,0.87,0.92,0.84
239,0.88,0.8,0.9,0.93,0.89,0.89,0.92,0.84
240,0.88,0.8,0.9,0.93,0.89,0.87,0.92,0.85
241,0.88,0.82,0.92,0.93,0.87,0.87,0.92,0.85
242,0.88,0.85,0.92,0.93,0.89,0.87,0.92,0.85
243,0.91,0.85,0.93,0.94,0.89,0.87,0.94,0.86
244,0.91,0.82,0.93,0.94,0.92,0.89,0.94,0.86
245,0.91,0.85,0.93,0.94,0.89,0.85,0.94,0.86
246,0.91,0.82,0.93,0.94,0.92,0.89,0.94,0.86
247,0.91,0.76,0.92,0.94,0.92,0.87,0.92,0.87
248,0.88,0.76,0.92,0.94,0.89,0.85,0.92,0.87
249,0.88,0.76,0.92,0.94,0.92,0.85,0.94,0.87
250,0.88,0.8,0.92,0.94,0.89,0.85,0.94,0.87
251,0.88,0.76,0.93,0.94,0.92,0.87,0.94,0.88
252,0.86,0.73,0.9,0.94,0.89,0.8,0.94,0.88
253,0.88,0.73,0.92,0.94,0.89,0.85,0.95,0.89
254,0.86,0.76,0.92,0.95,0.89,0.85,0.94,0.89
255,0.88,0.76,0.93,0.95,0.92,0.83,0.94,0.89
256,0.88,0.76,0.92,0.95,0.92,0.87,0.94,0.89
257,0.88,0.82,0.93,0.95,0.92,0.87,0.94,0.89
258,0.88,0.8,0.93,0.95,0.92,0.87,0.94,0.89
259,0.88,0.8,0.93,0.95,0.89,0.85,0.94,0.89
260,0.88,0.76,0.93,0.95,0.89,0.85,0.92,0.9
261,0.88,0.8,0.93,0.95,0.89,0.85,0.94,0.9
262,0.91,0.82,0.94,0.95,0.92,0.89,0.94,0.91
263,0.91,0.82,0.95,0.96,0.95,0.89,0.95,0.91
264,0.93,0.82,0.95,0.96,0.95,0.89,0.95,0.91
265,0.93,0.85,0.96,0.96,0.95,0.89,0.97,0.91
266,0.93,0.85,0.96,0.96,0.95,0.91,0.97,0.91
267,0.93,0.85,0.96,0.96,0.95,0.89,0.97,0.91
268,0.91,0.85,0.95,0.96,0.95,0.87,0.95,0.92
269,0.88,0.8,0.95,0.96,0.95,0.89,0.97,0.92
270,0.88,0.82,0.94,0.96,0.95,0.89,0.97,0.92
271,0.91,0.89,0.94,0.96,0.95,0.89,0.95,0.92
272,0.91,0.82,0.95,0.96,0.95,0.87,0.95,0.92
273,0.88,0.85,0.95,0.96,0.95,0.91,0.95,0.92
274,0.88,0.82,0.95,0.96,0.95,0.91,0.95,0.93
275,0.91,0.85,0.95,0.97,0.95,0.93,0.97,0.93
276,0.88,0.85,0.94,0.96,0.95,0.91,0.95,0.93
277,0.91,0.89,0.95,0.97,0.92,0.89,0.95,0.93
278,0.91,0.82,0.94,0.96,0.92,0.91,0.95,0.93
279,0.91,0.82,0.94,0.97,0.95,0.89,0.95,0.93
280,0.93,0.85,0.94,0.96,0.92,0.87,0.94,0.93
281,0.93,0.85,0.94,0.97,0.92,0.91,0.97,0.93
282,0.93,0.85,0.95,0.97,0.92,0.89,0.95,0.94
283,0.91,0.82,0.95,0.97,0.92,0.89,0.95,0.94
284,0.91,0.82,0.94,0.97,0.92,0.89,0.95,0.94
285,0.91,0.82,0.94,0.97,0.95,0.89,0.95,0.94
286,0.91,0.8,0.94,0.97,0.92,0.85,0.94,0.94
287,0.91,0.82,0.94,0.97,0.92,0.89,0.97,0.94
288,0.91,0.8,0.95,0.97,0.95,0.89,0.95,0.94
289,0.88,0.82,0.94,0.97,0.92,0.89,0.95,0.94
290,0.88,0.85,0.93,0.97,0.95,0.89,0.95,0.94
291,0.86,0.82,0.92,0.97,0.92,0.89,0.95,0.95
292,0.83,0.8,0.93,0.97,0.92,0.89,0.94,0.95
293,0.83,0.8,0.92,0.97,0.92,0.89,0.94,0.95
294,0.83,0.8,0.92,0.97,0.89,0.87,0.95,0.95
295,0.83,0.8,0.9,0.97,0.89,0.87,0.94,0.95
296,0.83,0.8,0.9,0.97,0.87,0.89,0.94,0.95
297,0.83,0.8,0.9,0.97,0.89,0.87,0.94,0.95
298,0.83,0.76,0.9,0.97,0.89,0.87,0.94,0.95
299,0.83,0.82,0.9,0.97,0.89,0.89,0.92,0.96
300,0.83,0.85,0.9,0.97,0.89,0.87,0.94,0.96
301,0.83,0.8,0.9,0.97,0.89,0.89,0.92,0.95
302,0.81,0.8,0.9,0.97,0.87,0.89,0.92,0.95
303,0.81,0.8,0.9,0.97,0.87,0.87,0.92,0.95
304,0.79,0.73,0.88,0.97,0.87,0.85,0.91,0.95
305,0.79,0.73,0.86,0.97,0.87,0.85,0.89,0.95
306,0.79,0.73,0.87,0.97,0.87,0.85,0.91,0.96
307,0.79,0.73,0.88,0.97,0.84,0.83,0.89,0.96
308,0.81,0.73,0.88,0.97,0.87,0.87,0.91,0.96
309,0.81,0.73,0.88,0.97,0.87,0.85,0.91,0.96
310,0.81,0.76,0.89,0.97,0.87,0.85,0.91,0.96
311,0.81,0.76,0.89,0.97,0.87,0.85,0.92,0.96
312,0.83,0.8,0.89,0.97,0.87,0.87,0.92,0.96
313,0.83,0.73,0.89,0.97,0.87,0.85,0.92,0.96
314,0.83,0.76,0.89,0.97,0.87,0.87,0.92,0.96
315,0.83,0.76,0.9,0.97,0.89,0.87,0.92,0.96
316,0.81,0.73,0.89,0.97,0.89,0.85,0.91,0.96
317,0.81,0.76,0.89,0.97,0.87,0.85,0.92,0.96
318,0.83,0.76,0.9,0.97,0.87,0.87,0.92,0.96
319,0.86,0.76,0.9,0.97,0.89,0.85,0.92,0.96
320,0.86,0.76,0.92,0.98,0.89,0.89,0.94,0.96
321,0.86,0.82,0.93,0.98,0.89,0.87,0.94,0.97
322,0.86,0.82,0.93,0.98,0.89,0.89,0.94,0.97
323,0.86,0.8,0.93,0.98,0.89,0.89,0.94,0.97
324,0.88,0.8,0.93,0.98,0.89,0.87,0.94,0.97
325,0.88,0.8,0.93,0.98,0.89,0.91,0.95,0.97
326,0.88,0.82,0.93,0.98,0.92,0.89,0.95,0.97
327,0.91,0.82,0.94,0.98,0.92,0.91,0.95,0.97
328,0.91,0.85,0.95,0.98,0.92,0.93,0.97,0.97
329,0.91,0.85,0.95,0.98,0.92,0.91,0.97,0.97
330,0.91,0.82,0.94,0.98,0.92,0.91,0.95,0.97
331,0.88,0.8,0.94,0.98,0.92,0.91,0.95,0.97
332,0.88,0.8,0.93,0.98,0.92,0.89,0.95,0.97
333,0.88,0.8,0.93,0.98,0.89,0.89,0.95,0.97
334,0.88,0.76,0.93,0.98,0.92,0.89,0.94,0.97
335,0.88,0.82,0.94,0.98,0.92,0.89,0.95,0.97
336,0.91,0.8,0.94,0.98,0.92,0.89,0.95,0.97
337,0.88,0.8,0.94,0.98,0.92,0.87,0.95,0.97
338,0.88,0.76,0.94,0.98,0.92,0.89,0.95,0.97
339,0.88,0.76,0.93,0.98,0.92,0.89,0.95,0.97
340,0.91,0.76,0.93,0.98,0.92,0.89,0.95,0.97
341,0.88,0.76,0.94,0.98,0.92,0.87,0.95,0.97
342,0.91,0.76,0.93,0.98,0.89,0.89,0.94,0.97
343,0.88,0.76,0.94,0.98,0.92,0.87,0.95,0.97
344,0.86,0.76,0.93,0.98,0.89,0.87,0.95,0.97
345,0.86,0.73,0.92,0.98,0.89,0.87,0.94,0.97
346,0.83,0.73,0.92,0.98,0.89,0.85,0.94,0.97
347,0.86,0.76,0.93,0.98,0.89,0.85,0.95,0.97
348,0.86,0.8,0.93,0.98,0.92,0.87,0.95,0.98
349,0.86,0.76,0.92,0.98,0.87,0.85,0.94,0.97
350,0.83,0.76,0.92,0.98,0.89,0.87,0.94,0.97
351,0.86,0.76,0.92,0.98,0.92,0.87,0.94,0.98
352,0.88,0.76,0.93,0.98,0.89,0.87,0.94,0.98
353,0.86,0.76,0.92,0.98,0.92,0.87,0.95,0.98
354,0.86,0.76,0.92,0.98,0.89,0.87,0.94,0.98
355,0.86,0.76,0.92,0.98,0.89,0.85,0.94,0.98
356,0.86,0.73,0.9,0.98,0.89,0.87,0.94,0.98
357,0.86,0.73,0.9,0.98,0.89,0.85,0.94,0.98
358,0.83,0.71,0.92,0.98,0.89,0.87,0.94,0.97
359,0.83,0.76,0.9,0.98,0.89,0.89,0.94,0.98
360,0.83,0.73,0.9,0.98,0.89,0.87,0.95,0.98
361,0.83,0.8,0.9,0.98,0.89,0.89,0.94,0.98
362,0.81,0.76,0.9,0.98,0.89,0.89,0.95,0.98
363,0.81,0.76,0.9,0.98,0.89,0.89,0.94,0.98
364,0.81,0.8,0.9,0.98,0.89,0.87,0.94,0.98
365,0.79,0.76,0.89,0.98,0.89,0.89,0.94,0.98
366,0.77,0.76,0.88,0.98,0.87,0.87,0.92,0.98
367,0.77,0.76,0.88,0.98,0.87,0.87,0.92,0.98
368,0.74,0.76,0.88,0.98,0.87,0.89,0.92,0.98
369,0.77,0.8,0.88,0.98,0.87,0.87,0.92,0.98
370,0.77,0.76,0.88,0.98,0.87,0.87,0.91,0.98
371,0.79,0.76,0.88,0.98,0.87,0.89,0.91,0.98
372,0.79,0.76,0.88,0.98,0.87,0.87,0.91,0.98
373,0.79,0.76,0.88,0.98,0.87,0.89,0.94,0.98
374,0.77,0.76,0.88,0.98,0.87,0.89,0.92,0.98
375,0.79,0.76,0.89,0.98,0.89,0.89,0.92,0.98
376,0.79,0.8,0.89,0.98,0.89,0.89,0.94,0.99
377,0.79,0.8,0.89,0.98,0.89,0.89,0.92,0.98
378,0.81,0.8,0.9,0.98,0.89,0.91,0.94,0.99
379,0.79,0.76,0.88,0.98,0.87,0.89,0.92,0.98
380,0.79,0.76,0.88,0.98,0.87,0.89,0.92,0.98
381,0.81,0.8,0.89,0.98,0.89,0.89,0.92,0.98
382,0.83,0.8,0.9,0.98,0.89,0.89,0.94,0.99
383,0.83,0.82,0.92,0.98,0.89,0.91,0.94,0.99
384,0.86,0.85,0.92,0.98,0.92,0.89,0.94,0.99
385,0.86,0.85,0.94,0.98,0.92,0.91,0.97,0.99
386,0.91,0.89,0.94,0.99,0.92,0.93,0.97,0.99
387,0.91,0.89,0.95,0.99,0.95,0.93,0.97,0.99
388,0.91,0.89,0.94,0.99,0.95,0.96,0.97,0.99
389,0.88,0.85,0.94,0.99,0.92,0.91,0.97,0.99
390,0.86,0.82,0.93,0.99,0.89,0.91,0.95,0.99
391,0.86,0.8,0.93,0.99,0.92,0.91,0.94,0.99
392,0.86,0.8,0.93,0.98,0.92,0.89,0.95,0.99
393,0.83,0.82,0.92,0.98,0.92,0.91,0.95,0.99
394,0.88,0.82,0.92,0.98,0.92,0.89,0.94,0.99
395,0.86,0.8,0.93,0.98,0.92,0.89,0.95,0.99
396,0.86,0.8,0.93,0.98,0.92,0.91,0.95,0.99
397,0.88,0.85,0.93,0.99,0.92,0.91,0.95,0.99
398,0.86,0.82,0.93,0.99,0.92,0.91,0.95,0.99
399,0.86,0.8,0.92,0.99,0.92,0.89,0.97,0.99
400,0.86,0.82,0.93,0.99,0.92,0.89,0.97,0.99
401,0.86,0.82,0.93,0.99,0.92,0.91,0.97,0.99
402,0.86,0.82,0.93,0.99,0.92,0.91,0.97,0.99
403,0.88,0.85,0.94,0.99,0.95,0.93,0.97,0.99
404,0.88,0.89,0.92,0.99,0.92,0.91,0.95,0.99
405,0.91,0.82,0.94,0.99,0.95,0.93,0.97,0.99
406,0.91,0.89,0.95,0.99,0.92,0.93,0.97,0.99
407,0.91,0.82,0.95,0.99,0.95,0.91,0.97,0.99
408,0.91,0.82,0.94,0.99,0.95,0.91,0.95,0.99
409,0.91,0.82,0.95,0.99,0.92,0.91,0.97,0.99
410,0.91,0.85,0.95,0.99,0.95,0.91,0.97,0.99
411,0.91,0.82,0.94,0.99,0.95,0.93,0.98,0.99
412,0.91,0.82,0.95,0.99,0.92,0.93,0.97,0.99
413,0.91,0.85,0.95,0.99,0.95,0.93,0.97,0.99
414,0.91,0.91,0.95,0.99,0.95,0.93,0.97,0.99
415,0.91,0.89,0.96,0.99,0.95,0.93,0.97,1.0
416,0.91,0.89,0.95,0.99,0.95,0.96,0.97,0.99
417,0.91,0.89,0.95,0.99,0.95,0.93,0.97,1.0
418,0.88,0.89,0.95,0.99,0.95,0.93,0.98,1.0
419,0.91,0.89,0.95,0.99,0.92,0.93,0.97,0.99
420,0.91,0.89,0.95,0.99,0.95,0.91,0.97,1.0
421,0.88,0.89,0.95,0.99,0.95,0.91,0.97,0.99
422,0.91,0.85,0.95,0.99,0.95,0.93,0.97,0.99
423,0.91,0.89,0.95,0.99,0.95,0.93,0.97,1.0
424,0.91,0.89,0.95,0.99,0.95,0.93,0.97,0.99
425,0.91,0.91,0.95,0.99,0.97,0.93,0.98,1.0
426,0.93,0.89,0.96,0.99,0.95,0.96,0.97,1.0
427,0.91,0.89,0.96,0.99,0.95,0.96,0.98,1.0
428,0.93,0.91,0.95,1.0,0.95,0.96,0.98,1.0
429,0.91,0.94,0.98,0.99,0.95,0.98,0.98,1.0
430,0.91,0.91,0.96,0.99,0.95,0.96,0.98,1.0
431,0.91,0.89,0.95,0.99,0.95,0.96,0.97,1.0
432,0.88,0.89,0.95,0.99,0.95,0.93,0.97,1.0
433,0.88,0.85,0.94,0.99,0.92,0.93,0.95,1.0
434,0.86,0.85,0.93,0.99,0.92,0.91,0.95,1.0
435,0.86,0.89,0.93,0.99,0.92,0.91,0.97,1.0
436,0.88,0.89,0.93,0.99,0.92,0.93,0.95,1.0
437,0.88,0.82,0.93,0.99,0.92,0.91,0.95,0.99
438,0.88,0.89,0.94,0.99,0.92,0.93,0.95,1.0
439,0.88,0.89,0.94,1.0,0.92,0.93,0.97,0.99
440,0.88,0.89,0.93,0.99,0.92,0.93,0.97,1.0
441,0.88,0.85,0.94,0.99,0.92,0.93,0.95,1.0
442,0.86,0.85,0.93,0.99,0.92,0.93,0.95,1.0
443,0.88,0.82,0.94,0.99,0.92,0.93,0.95,1.0
444,0.86,0.85,0.93,0.99,0.92,0.91,0.95,0.99
445,0.86,0.85,0.93,0.99,0.92,0.91,0.95,0.99
446,0.88,0.82,0.92,0.99,0.92,0.93,0.95,1.0
447,0.88,0.85,0.93,0.99,0.89,0.93,0.95,1.0
448,0.88,0.89,0.94,0.99,0.92,0.93,0.97,0.99
449,0.91,0.89,0.94,0.99,0.92,0.93,0.97,0.99
450,0.93,0.91,0.95,0.99,0.92,0.96,0.97,1.0
451,0.93,0.94,0.96,1.0,0.95,0.96,0.97,1.0
452,0.93,0.94,0.98,1.0,0.97,0.96,0.97,1.0
453,0.93,0.98,0.98,1.0,0.97,0.96,0.97,1.0
454,0.95,0.94,0.98,1.0,0.95,0.96,0.98,1.0
455,0.93,0.98,0.98,1.0,0.95,0.96,0.98,1.0
456,0.93,0.94,0.98,1.0,0.97,0.96,1.0,1.0
457,0.93,0.98,0.99,1.0,0.97,1.0,0.98,1.0
458,0.95,0.98,0.99,1.0,0.97,0.98,0.98,1.0
459,0.98,0.98,0.99,1.0,0.97,0.98,0.98,1.0
460,0.93,0.94,0.96,1.0,0.95,0.98,0.98,1.0
461,0.93,0.91,0.98,1.0,0.95,0.98,1.0,1.0
462,0.93,0.94,0.98,1.0,0.97,0.98,0.98,1.0
463,0.98,1.0,0.99,1.0,0.95,0.96,0.98,1.0
464,0.98,0.94,0.98,1.0,0.97,0.96,0.98,1.0
465,0.93,0.94,0.98,1.0,0.95,0.98,1.0,1.0
466,0.93,0.94,0.98,1.0,0.95,0.96,0.98,1.0
467,0.93,0.91,0.98,1.0,0.95,0.96,0.98,1.0
468,0.93,0.91,0.98,1.0,0.95,0.96,0.98,1.0
469,0.91,0.89,0.95,1.0,0.95,0.96,0.97,1.0
470,0.93,0.94,0.96,1.0,0.95,0.98,0.98,1.0
471,0.91,0.94,0.96,1.0,0.95,0.96,0.98,1.0
472,0.93,0.91,0.96,1.0,0.95,0.98,0.98,1.0
473,0.91,0.94,0.96,1.0,0.95,0.93,0.98,1.0
474,0.93,0.91,0.96,1.0,0.95,0.93,0.97,1.0
475,0.91,0.89,0.95,1.0,0.95,0.93,0.97,1.0
476,0.91,0.89,0.95,0.99,0.97,0.93,0.97,1.0
477,0.93,0.89,0.95,1.0,0.95,0.96,0.97,1.0
478,0.91,0.85,0.95,0.99,0.92,0.93,0.95,1.0
479,0.91,0.85,0.95,0.99,0.92,0.93,0.97,1.0
480,0.93,0.89,0.95,0.99,0.95,0.91,0.97,0.99
481,0.93,0.89,0.95,1.0,0.95,0.91,0.97,0.99
482,0.93,0.89,0.96,1.0,0.95,0.96,0.97,1.0
483,0.93,0.89,0.96,0.99,0.95,0.93,0.97,0.99
484,0.93,0.89,0.96,0.99,0.95,0.91,0.97,1.0
485,0.93,0.89,0.95,0.99,0.92,0.91,0.97,0.99
486,0.93,0.85,0.96,0.99,0.95,0.93,0.97,0.99
487,0.93,0.85,0.95,0.99,0.95,0.93,0.97,0.99
488,0.93,0.89,0.95,0.99,0.92,0.89,0.97,0.99
489,0.91,0.89,0.96,0.99,0.92,0.91,0.97,0.99
490,0.91,0.85,0.95,0.99,0.95,0.91,0.97,0.99
491,0.91,0.82,0.95,0.99,0.92,0.91,0.97,0.99
492,0.91,0.85,0.94,0.99,0.92,0.91,0.97,0.99
493,0.88,0.82,0.93,0.99,0.92,0.89,0.95,0.99
494,0.86,0.82,0.93,0.99,0.89,0.89,0.95,0.99
495,0.86,0.8,0.93,0.99,0.89,0.89,0.95,0.99
496,0.86,0.82,0.93,0.99,0.92,0.93,0.95,0.99
497,0.88,0.85,0.93,0.99,0.92,0.89,0.95,0.99
498,0.88,0.82,0.93,0.99,0.92,0.89,0.95,0.99
499,0.88,0.85,0.93,0.99,0.92,0.91,0.95,0.99
500,0.88,0.82,0.94,0.99,0.92,0.91,0.95,0.99
501,0.88,0.82,0.92,0.99,0.92,0.89,0.95,0.99
502,0.88,0.76,0.93,0.98,0.89,0.89,0.94,0.99
503,0.86,0.8,0.92,0.99,0.89,0.89,0.95,0.99
504,0.88,0.82,0.93,0.99,0.92,0.89,0.94,0.99
505,0.86,0.82,0.93,0.99,0.92,0.91,0.95,0.99
506,0.86,0.82,0.93,0.99,0.92,0.91,0.97,0.99
507,0.86,0.82,0.93,0.99,0.92,0.91,0.95,0.99
508,0.86,0.82,0.93,0.99,0.92,0.89,0.95,0.99
509,0.86,0.89,0.93,0.99,0.92,0.91,0.97,0.99
510,0.86,0.85,0.93,0.99,0.95,0.91,0.97,0.99
511,0.83,0.89,0.93,0.99,0.92,0.93,0.97,0.99
512,0.83,0.94,0.95,0.99,0.92,0.96,0.97,1.0
513,0.83,0.91,0.94,0.99,0.92,0.93,0.97,0.99
514,0.83,0.98,0.95,1.0,0.92,0.98,0.97,1.0
515,0.83,0.98,0.94,1.0,0.92,0.96,0.97,1.0
516,0.81,0.91,0.93,1.0,0.92,0.93,0.95,1.0
517,0.81,0.94,0.92,1.0,0.92,0.93,0.95,1.0
518,0.81,0.89,0.92,1.0,0.89,0.93,0.95,1.0
519,0.81,0.85,0.9,0.99,0.89,0.93,0.94,0.99
520,0.81,0.89,0.9,0.99,0.89,0.91,0.94,1.0
521,0.83,0.89,0.9,1.0,0.89,0.93,0.95,1.0
522,0.86,0.85,0.93,1.0,0.89,0.93,0.94,0.99
523,0.86,0.89,0.9,0.99,0.92,0.93,0.94,0.99
524,0.86,0.82,0.92,1.0,0.89,0.93,0.94,1.0
525,0.88,0.82,0.93,0.99,0.89,0.91,0.95,0.99
526,0.88,0.82,0.92,0.99,0.92,0.91,0.95,0.99
527,0.91,0.85,0.94,0.99,0.92,0.91,0.97,1.0
528,0.91,0.85,0.94,0.99,0.92,0.93,0.97,1.0
529,0.93,0.89,0.95,0.99,0.95,0.93,0.97,1.0
530,0.93,0.85,0.95,0.99,0.92,0.93,0.97,1.0
531,0.88,0.89,0.95,0.99,0.95,0.93,0.97,0.99
532,0.91,0.82,0.94,0.99,0.92,0.91,0.95,1.0
533,0.88,0.82,0.94,0.99,0.92,0.91,0.95,0.99
534,0.91,0.82,0.93,0.99,0.92,0.91,0.95,0.99
535,0.91,0.8,0.93,0.99,0.92,0.89,0.95,0.99
536,0.88,0.76,0.93,0.99,0.92,0.89,0.95,0.99
537,0.88,0.82,0.93,0.99,0.92,0.91,0.97,0.99
538,0.88,0.8,0.93,0.99,0.95,0.89,0.95,0.99
539,0.88,0.82,0.93,0.99,0.92,0.91,0.95,0.99
540,0.88,0.82,0.94,0.99,0.92,0.91,0.97,0.99
541,0.88,0.8,0.93,0.99,0.92,0.93,0.95,0.99
542,0.88,0.8,0.93,0.99,0.92,0.91,0.95,0.99
543,0.88,0.82,0.93,0.99,0.92,0.89,0.97,1.0
544,0.88,0.82,0.93,0.99,0.92,0.93,0.95,0.99
545,0.86,0.8,0.93,0.99,0.92,0.89,0.95,0.99
546,0.88,0.82,0.93,0.99,0.92,0.89,0.92,0.99
547,0.88,0.82,0.93,0.99,0.95,0.93,0.95,0.99
548,0.88,0.89,0.93,0.99,0.92,0.91,0.97,0.99
549,0.88,0.82,0.93,0.99,0.92,0.91,0.95,1.0
550,0.86,0.82,0.93,0.99,0.92,0.91,0.97,0.99
551,0.86,0.82,0.93,0.99,0.95,0.93,0.95,0.99
552,0.86,0.85,0.93,0.99,0.92,0.93,0.95,1.0
553,0.86,0.85,0.93,0.99,0.92,0.89,0.97,0.99
554,0.86,0.85,0.93,0.99,0.92,0.91,0.95,0.99
555,0.86,0.82,0.93,0.99,0.92,0.91,0.95,1.0
556,0.86,0.82,0.9,0.99,0.89,0.89,0.95,0.99
557,0.83,0.82,0.9,0.99,0.89,0.91,0.95,0.99
558,0.86,0.85,0.93,0.99,0.95,0.93,0.95,0.99
559,0.83,0.89,0.93,0.99,0.92,0.91,0.97,0.99
560,0.86,0.89,0.93,0.99,0.92,0.93,0.95,0.99
561,0.83,0.89,0.93,0.99,0.89,0.93,0.95,0.99
562,0.83,0.82,0.92,0.99,0.89,0.91,0.94,0.99
563,0.83,0.82,0.9,0.99,0.89,0.91,0.94,0.99
564,0.81,0.82,0.9,0.99,0.89,0.91,0.94,0.99
565,0.83,0.85,0.92,0.99,0.89,0.91,0.94,0.99
566,0.83,0.89,0.9,0.99,0.89,0.91,0.94,1.0
567,0.83,0.85,0.92,0.99,0.89,0.93,0.94,0.99
568,0.88,0.89,0.93,0.99,0.92,0.93,0.94,0.99
569,0.88,0.91,0.93,0.99,0.92,0.93,0.94,0.99
570,0.88,0.91,0.94,0.99,0.92,0.93,0.95,0.99
571,0.91,0.91,0.95,0.99,0.92,0.93,0.97,1.0
572,0.88,0.89,0.94,0.99,0.92,0.93,0.97,0.99
573,0.88,0.89,0.95,1.0,0.92,0.93,0.95,0.99
574,0.91,0.89,0.94,1.0,0.92,0.93,0.97,1.0
575,0.91,0.89,0.94,0.99,0.92,0.91,0.95,1.0
576,0.88,0.85,0.93,0.99,0.95,0.93,0.95,0.99
577,0.88,0.89,0.93,0.99,0.92,0.93,0.95,0.99
578,0.88,0.89,0.94,0.99,0.92,0.93,0.95,1.0
579,0.88,0.85,0.94,0.99,0.92,0.91,0.97,1.0
580,0.91,0.89,0.95,0.99,0.92,0.93,0.97,0.99
581,0.88,0.89,0.94,0.99,0.92,0.89,0.94,0.99
582,0.88,0.82,0.93,0.99,0.92,0.89,0.95,0.99
583,0.91,0.82,0.94,0.99,0.92,0.91,0.95,0.99
584,0.91,0.82,0.94,0.99,0.95,0.91,0.95,1.0
585,0.91,0.82,0.93,0.99,0.95,0.89,0.97,0.99
586,0.88,0.82,0.94,0.99,0.92,0.93,0.95,0.99
587,0.88,0.82,0.94,0.99,0.95,0.91,0.97,1.0
588,0.88,0.82,0.94,0.99,0.92,0.91,0.97,0.99
589,0.91,0.85,0.94,0.99,0.95,0.91,0.97,0.99
590,0.91,0.89,0.94,0.99,0.95,0.93,0.97,0.99
591,0.93,0.89,0.95,0.99,0.95,0.93,0.97,1.0
592,0.91,0.89,0.96,0.99,0.95,0.93,0.97,1.0
593,0.91,0.89,0.95,0.99,0.95,0.93,0.97,0.99
594,0.91,0.85,0.95,0.99,0.95,0.93,0.97,0.99
595,0.91,0.82,0.94,0.99,0.95,0.93,0.97,1.0
596,0.88,0.82,0.94,0.99,0.95,0.91,0.97,0.99
597,0.88,0.82,0.93,0.99,0.92,0.91,0.95,0.99
598,0.86,0.82,0.93,0.99,0.92,0.91,0.95,0.99
599,0.86,0.8,0.93,0.99,0.92,0.91,0.94,0.99
