0,0.98,0.98,0.98,0.95,0.99,0.99,0.99,0.99
1,0.98,0.98,0.98,0.97,0.99,0.99,0.99,1.0
2,0.98,0.98,0.98,0.96,0.99,0.99,0.99,1.0
3,0.98,0.98,0.98,0.96,0.99,0.99,0.99,1.0
4,0.98,0.98,0.98,0.98,0.99,0.99,0.99,1.0
5,0.98,0.99,0.99,0.96,0.99,0.99,0.99,1.0
6,0.98,0.99,0.99,0.96,0.99,0.99,0.99,1.0
7,0.98,0.99,0.99,0.97,0.99,1.0,0.99,0.99
8,0.99,0.99,0.99,0.97,0.99,1.0,0.99,1.0
9,0.99,0.98,0.99,0.97,0.99,0.99,0.99,1.0
10,0.99,0.99,0.99,0.97,0.99,0.99,0.99,1.0
11,0.99,0.98,0.99,0.97,0.99,0.99,0.99,1.0
12,0.99,0.99,0.99,0.96,0.99,0.99,0.99,1.0
13,0.99,0.99,0.99,0.97,0.99,0.99,0.99,0.99
14,0.99,0.98,0.99,0.97,0.99,0.99,0.99,1.0
15,0.98,0.98,0.99,0.98,0.99,0.99,0.99,1.0
16,0.99,0.99,0.99,0.96,0.99,0.99,0.99,1.0
17,0.99,0.99,0.99,0.97,0.99,0.99,0.99,1.0
18,0.99,0.99,0.99,0.99,1.0,0.99,1.0,1.0
19,0.99,0.99,0.99,0.98,1.0,1.0,1.0,1.0
20,0.99,0.99,0.99,0.99,1.0,1.0,1.0,1.0
21,0.99,0.99,0.99,0.98,1.0,1.0,1.0,1.0
22,0.99,0.99,0.99,0.98,1.0,1.0,1.0,1.0
23,0.99,1.0,0.99,0.98,1.0,1.0,1.0,1.0
24,0.99,0.99,0.99,0.98,1.0,1.0,1.0,1.0
25,0.99,0.99,0.99,0.99,1.0,1.0,1.0,1.0
26,0.99,0.99,0.99,0.98,0.99,1.0,1.0,1.0
27,0.99,0.99,0.99,0.98,0.99,0.99,0.99,1.0
28,0.98,0.99,0.99,0.99,0.99,1.0,0.99,1.0
29,0.98,0.99,0.99,0.98,0.99,1.0,0.99,1.0
30,0.98,0.99,0.99,0.99,0.99,1.0,0.99,1.0
31,0.98,0.99,0.99,0.99,0.99,1.0,0.99,1.0
32,0.98,0.99,0.99,0.98,0.99,1.0,0.99,1.0
33,0.98,0.99,0.99,0.98,0.99,1.0,0.99,1.0
34,0.98,0.99,0.99,0.99,0.99,1.0,0.99,1.0
35,0.98,0.99,0.99,0.99,0.99,1.0,0.99,1.0
36,0.98,0.99,0.99,0.98,0.99,1.0,0.99,1.0
37,0.98,0.99,0.99,0.98,0.99,0.99,0.99,1.0
38,0.98,0.99,0.99,0.98,0.99,1.0,0.99,1.0
39,0.98,0.99,0.99,0.99,0.99,1.0,0.99,1.0
40,0.98,0.99,0.99,0.99,0.99,0.99,0.99,1.0
41,0.99,0.99,0.99,0.99,0.99,1.0,1.0,0.99
42,0.99,0.99,0.99,0.99,0.99,1.0,1.0,1.0
43,0.99,0.99,0.99,0.99,0.99,1.0,0.99,1.0
44,0.99,1.0,0.99,0.99,0.99,1.0,1.0,1.0
45,0.99,0.99,0.99,0.99,0.99,1.0,1.0,1.0
46,0.99,0.99,0.99,0.99,0.99,1.0,0.99,1.0
47,0.99,0.99,0.99,0.99,1.0,1.0,0.99,1.0
48,0.99,0.99,0.99,0.99,1.0,1.0,0.99,1.0
49,0.99,0.99,0.99,0.99,1.0,1.0,0.99,1.0
50,0.99,0.98,0.99,0.99,1.0,0.99,0.97,0.99
51,0.93,0.95,0.93,0.98,0.94,0.97,0.83,0.99
52,0.85,0.9,0.83,0.98,0.85,0.92,0.66,0.98
53,0.64,0.75,0.61,0.95,0.6,0.76,0.38,0.98
54,0.47,0.62,0.45,0.91,0.4,0.59,0.24,0.94
55,0.43,0.57,0.41,0.91,0.36,0.54,0.21,0.94
56,0.35,0.5,0.35,0.88,0.28,0.45,0.17,0.92
57,0.27,0.41,0.27,0.84,0.2,0.35,0.13,0.91
58,0.2,0.32,0.21,0.77,0.14,0.26,0.1,0.84
59,0.18,0.3,0.19,0.74,0.13,0.23,0.09,0.83
60,0.14,0.24,0.16,0.67,0.1,0.19,0.07,0.8
61,0.12,0.22,0.14,0.64,0.09,0.17,0.06,0.77
62,0.12,0.2,0.13,0.62,0.08,0.15,0.06,0.75
63,0.09,0.16,0.1,0.54,0.06,0.12,0.05,0.69
64,0.08,0.14,0.09,0.51,0.06,0.11,0.04,0.66
65,0.08,0.14,0.09,0.49,0.05,0.1,0.04,0.65
66,0.07,0.12,0.08,0.47,0.05,0.09,0.03,0.64
67,0.05,0.1,0.06,0.4,0.04,0.07,0.03,0.59
68,0.05,0.09,0.06,0.38,0.04,0.07,0.03,0.58
69,0.04,0.08,0.05,0.35,0.03,0.06,0.02,0.54
70,0.04,0.07,0.05,0.34,0.03,0.06,0.02,0.51
71,0.03,0.06,0.04,0.29,0.03,0.05,0.02,0.49
72,0.03,0.06,0.04,0.28,0.02,0.04,0.02,0.47
73,0.03,0.05,0.03,0.24,0.02,0.04,0.02,0.44
74,0.03,0.04,0.03,0.22,0.02,0.04,0.01,0.42
75,0.02,0.04,0.03,0.2,0.02,0.03,0.01,0.4
76,0.02,0.04,0.03,0.19,0.02,0.03,0.01,0.38
77,0.02,0.03,0.02,0.18,0.02,0.03,0.01,0.37
78,0.02,0.03,0.02,0.15,0.01,0.02,0.01,0.35
79,0.02,0.03,0.02,0.15,0.01,0.02,0.01,0.34
80,0.01,0.02,0.02,0.13,0.01,0.02,0.01,0.32
81,0.01,0.02,0.02,0.12,0.01,0.02,0.01,0.29
82,0.01,0.02,0.02,0.11,0.01,0.02,0.01,0.29
83,0.01,0.02,0.01,0.11,0.01,0.02,0.01,0.27
84,0.01,0.02,0.01,0.11,0.01,0.02,0.01,0.26
85,0.01,0.01,0.01,0.09,0.01,0.01,0.01,0.25
86,0.01,0.02,0.01,0.09,0.01,0.02,0.01,0.25
87,0.01,0.01,0.01,0.06,0.01,0.01,0.0,0.21
88,0.01,0.01,0.01,0.05,0.01,0.01,0.0,0.21
89,0.01,0.01,0.01,0.06,0.01,0.01,0.0,0.21
90,0.01,0.01,0.01,0.05,0.01,0.01,0.0,0.21
91,0.01,0.01,0.01,0.05,0.01,0.01,0.0,0.19
92,0.01,0.01,0.01,0.05,0.01,0.01,0.0,0.19
93,0.0,0.01,0.01,0.04,0.01,0.01,0.0,0.18
94,0.0,0.01,0.0,0.04,0.0,0.01,0.0,0.16
95,0.0,0.01,0.01,0.04,0.0,0.01,0.0,0.16
96,0.0,0.01,0.0,0.03,0.0,0.01,0.0,0.15
97,0.0,0.01,0.01,0.03,0.0,0.01,0.0,0.14
98,0.0,0.01,0.01,0.03,0.0,0.01,0.0,0.13
99,0.0,0.01,0.01,0.03,0.0,0.01,0.0,0.13
100,0.0,0.01,0.01,0.03,0.0,0.01,0.0,0.13
101,0.0,0.01,0.01,0.03,0.0,0.01,0.0,0.12
102,0.0,0.01,0.01,0.04,0.0,0.01,0.0,0.12
103,0.0,0.0,0.0,0.02,0.0,0.01,0.0,0.11
104,0.0,0.0,0.0,0.02,0.0,0.01,0.0,0.1
105,0.0,0.0,0.0,0.02,0.0,0.0,0.0,0.09
106,0.0,0.0,0.0,0.01,0.0,0.0,0.0,0.09
107,0.0,0.0,0.0,0.01,0.0,0.01,0.0,0.09
108,0.0,0.0,0.0,0.01,0.0,0.01,0.0,0.09
109,0.0,0.0,0.0,0.01,0.0,0.0,0.0,0.09
110,0.0,0.0,0.0,0.01,0.0,0.0,0.0,0.08
111,0.0,0.0,0.0,0.01,0.0,0.0,0.0,0.07
112,0.0,0.01,0.0,0.01,0.0,0.0,0.0,0.08
113,0.0,0.01,0.0,0.03,0.0,0.01,0.0,0.07
114,0.0,0.01,0.0,0.02,0.0,0.0,0.0,0.07
115,0.0,0.01,0.0,0.02,0.0,0.0,0.0,0.07
116,0.0,0.0,0.0,0.01,0.0,0.0,0.0,0.07
117,0.0,0.0,0.0,0.01,0.0,0.0,0.0,0.06
118,0.0,0.0,0.0,0.01,0.0,0.0,0.0,0.07
119,0.0,0.0,0.0,0.02,0.0,0.0,0.0,0.06
120,0.0,0.0,0.0,0.01,0.0,0.0,0.0,0.06
121,0.0,0.0,0.0,0.02,0.0,0.0,0.0,0.06
122,0.0,0.0,0.0,0.01,0.0,0.0,0.0,0.06
123,0.0,0.0,0.0,0.01,0.0,0.0,0.0,0.05
124,0.0,0.0,0.0,0.01,0.0,0.0,0.0,0.05
125,0.0,0.0,0.0,0.01,0.0,0.0,0.0,0.05
126,0.0,0.0,0.0,0.0,0.0,0.0,0.0,0.04
127,0.0,0.0,0.0,0.01,0.0,0.0,0.0,0.05
128,0.0,0.0,0.0,0.01,0.0,0.0,0.0,0.04
129,0.0,0.0,0.0,0.01,0.0,0.0,0.0,0.03
130,0.0,0.0,0.0,0.01,0.0,0.0,0.0,0.04
131,0.0,0.0,0.0,0.01,0.0,0.0,0.0,0.03
132,0.0,0.0,0.0,0.01,0.0,0.0,0.0,0.02
133,0.0,0.0,0.0,0.0,0.0,0.0,0.0,0.02
134,0.0,0.0,0.0,0.01,0.0,0.0,0.0,0.02
135,0.0,0.0,0.0,0.0,0.0,0.0,0.0,0.02
136,0.0,0.0,0.0,0.01,0.0,0.0,0.0,0.02
137,0.0,0.0,0.0,0.01,0.0,0.0,0.0,0.02
138,0.0,0.0,0.0,0.01,0.0,0.0,0.0,0.02
139,0.0,0.0,0.0,0.01,0.0,0.0,0.0,0.02
140,0.0,0.0,0.0,0.01,0.0,0.0,0.0,0.02
141,0.0,0.0,0.0,0.0,0.0,0.0,0.0,0.02
142,0.0,0.0,0.0,0.01,0.0,0.0,0.0,0.02
143,0.0,0.0,0.0,0.01,0.0,0.0,0.0,0.01
144,0.0,0.0,0.0,0.01,0.0,0.0,0.0,0.01
145,0.0,0.0,0.0,0.0,0.0,0.0,0.0,0.01
146,0.0,0.0,0.0,0.01,0.0,0.0,0.0,0.01
147,0.0,0.0,0.0,0.0,0.0,0.0,0.0,0.02
148,0.0,0.0,0.0,0.01,0.0,0.0,0.0,0.01
149,0.0,0.0,0.0,0.0,0.0,0.0,0.0,0.01
150,0.0,0.0,0.0,0.0,0.0,0.0,0.01,0.02
151,0.01,0.01,0.01,0.0,0.01,0.0,0.02,0.0
152,0.05,0.05,0.05,0.0,0.03,0.02,0.05,0.0
153,0.06,0.06,0.06,0.0,0.04,0.02,0.06,0.02
154,0.12,0.11,0.12,0.01,0.08,0.05,0.1,0.01
155,0.14,0.13,0.13,0.02,0.09,0.06,0.12,0.02
156,0.19,0.19,0.19,0.05,0.13,0.09,0.16,0.04
157,0.21,0.21,0.2,0.05,0.14,0.1,0.17,0.05
158,0.26,0.26,0.25,0.09,0.18,0.13,0.2,0.06
159,0.31,0.32,0.3,0.13,0.22,0.16,0.24,0.08
160,0.33,0.35,0.33,0.14,0.24,0.18,0.26,0.09
161,0.39,0.41,0.38,0.18,0.28,0.22,0.3,0.12
162,0.39,0.41,0.38,0.18,0.28,0.23,0.31,0.12
163,0.43,0.45,0.42,0.2,0.31,0.25,0.33,0.13
164,0.49,0.52,0.48,0.26,0.36,0.3,0.38,0.17
165,0.5,0.53,0.49,0.27,0.38,0.32,0.39,0.18
166,0.53,0.57,0.52,0.3,0.4,0.34,0.42,0.2
167,0.57,0.61,0.55,0.32,0.43,0.37,0.45,0.21
168,0.59,0.63,0.57,0.35,0.45,0.4,0.47,0.24
169,0.63,0.67,0.61,0.38,0.49,0.44,0.5,0.26
170,0.66,0.7,0.64,0.41,0.51,0.46,0.52,0.28
171,0.67,0.72,0.65,0.43,0.53,0.48,0.54,0.29
172,0.71,0.75,0.69,0.47,0.56,0.52,0.57,0.32
173,0.72,0.76,0.7,0.49,0.58,0.54,0.59,0.33
174,0.73,0.77,0.71,0.5,0.59,0.55,0.6,0.34
175,0.75,0.79,0.73,0.51,0.61,0.57,0.62,0.35
176,0.76,0.81,0.75,0.54,0.63,0.59,0.63,0.37
177,0.79,0.83,0.77,0.59,0.66,0.63,0.67,0.39
178,0.8,0.84,0.78,0.6,0.67,0.64,0.68,0.4
179,0.81,0.84,0.79,0.59,0.68,0.65,0.68,0.41
180,0.82,0.85,0.8,0.61,0.7,0.67,0.7,0.43
181,0.83,0.87,0.81,0.63,0.71,0.69,0.72,0.45
182,0.84,0.88,0.83,0.65,0.73,0.71,0.73,0.47
183,0.85,0.88,0.83,0.66,0.74,0.72,0.74,0.48
184,0.86,0.9,0.85,0.69,0.76,0.74,0.76,0.5
185,0.86,0.89,0.85,0.69,0.76,0.75,0.76,0.5
186,0.87,0.9,0.85,0.7,0.77,0.76,0.77,0.5
187,0.87,0.91,0.86,0.72,0.78,0.77,0.77,0.51
188,0.88,0.91,0.87,0.72,0.79,0.78,0.78,0.53
189,0.88,0.92,0.87,0.74,0.8,0.79,0.79,0.55
190,0.89,0.92,0.88,0.76,0.81,0.8,0.8,0.55
191,0.89,0.93,0.88,0.76,0.81,0.8,0.8,0.56
192,0.89,0.93,0.89,0.77,0.82,0.82,0.81,0.58
193,0.9,0.93,0.89,0.77,0.82,0.82,0.81,0.6
194,0.9,0.93,0.89,0.78,0.83,0.83,0.82,0.6
195,0.9,0.94,0.9,0.79,0.83,0.83,0.83,0.6
196,0.91,0.93,0.9,0.79,0.84,0.84,0.83,0.62
197,0.91,0.94,0.9,0.81,0.85,0.84,0.84,0.62
198,0.91,0.94,0.91,0.81,0.85,0.85,0.84,0.63
199,0.91,0.94,0.91,0.81,0.85,0.86,0.84,0.64
200,0.92,0.94,0.91,0.82,0.86,0.86,0.85,0.64
201,0.92,0.94,0.91,0.82,0.86,0.86,0.85,0.64
202,0.92,0.95,0.92,0.84,0.86,0.86,0.85,0.65
203,0.93,0.95,0.92,0.84,0.87,0.87,0.86,0.65
204,0.93,0.95,0.92,0.85,0.87,0.87,0.86,0.67
205,0.93,0.95,0.93,0.86,0.88,0.88,0.87,0.68
206,0.93,0.95,0.93,0.85,0.88,0.88,0.87,0.69
207,0.93,0.96,0.93,0.86,0.88,0.89,0.87,0.71
208,0.93,0.96,0.93,0.86,0.88,0.89,0.88,0.7
209,0.93,0.96,0.93,0.87,0.88,0.89,0.88,0.71
210,0.93,0.96,0.94,0.88,0.89,0.89,0.88,0.71
211,0.93,0.96,0.94,0.88,0.89,0.89,0.88,0.72
212,0.93,0.96,0.94,0.88,0.89,0.9,0.88,0.72
213,0.94,0.96,0.94,0.88,0.9,0.9,0.88,0.73
214,0.94,0.96,0.94,0.89,0.9,0.9,0.89,0.74
215,0.94,0.97,0.94,0.9,0.9,0.9,0.89,0.75
216,0.94,0.97,0.95,0.9,0.9,0.91,0.89,0.76
217,0.94,0.97,0.94,0.91,0.9,0.91,0.89,0.76
218,0.94,0.97,0.94,0.91,0.9,0.91,0.89,0.77
219,0.94,0.97,0.95,0.91,0.91,0.91,0.9,0.77
220,0.94,0.97,0.95,0.91,0.91,0.91,0.9,0.77
221,0.95,0.97,0.95,0.91,0.91,0.92,0.9,0.77
222,0.95,0.97,0.95,0.91,0.91,0.92,0.9,0.78
223,0.95,0.97,0.95,0.91,0.91,0.92,0.9,0.79
224,0.95,0.97,0.95,0.91,0.91,0.92,0.9,0.78
225,0.95,0.97,0.95,0.91,0.91,0.92,0.9,0.79
226,0.95,0.97,0.95,0.94,0.91,0.92,0.91,0.79
227,0.95,0.97,0.95,0.94,0.91,0.92,0.91,0.79
228,0.95,0.97,0.95,0.93,0.91,0.92,0.91,0.8
229,0.95,0.97,0.95,0.93,0.92,0.92,0.91,0.81
230,0.95,0.97,0.95,0.93,0.92,0.93,0.91,0.79
231,0.95,0.97,0.95,0.94,0.92,0.92,0.91,0.79
232,0.95,0.97,0.95,0.94,0.92,0.93,0.91,0.8
233,0.95,0.97,0.95,0.94,0.92,0.93,0.91,0.8
234,0.95,0.97,0.95,0.94,0.92,0.93,0.91,0.8
235,0.95,0.96,0.95,0.93,0.92,0.93,0.91,0.8
236,0.95,0.97,0.95,0.94,0.91,0.93,0.91,0.81
237,0.96,0.97,0.95,0.94,0.92,0.93,0.92,0.8
238,0.96,0.97,0.96,0.94,0.92,0.93,0.92,0.83
239,0.96,0.97,0.96,0.95,0.93,0.93,0.92,0.81
240,0.96,0.97,0.96,0.95,0.93,0.93,0.92,0.83
241,0.96,0.98,0.96,0.95,0.93,0.93,0.92,0.84
242,0.97,0.98,0.96,0.95,0.93,0.93,0.93,0.84
243,0.96,0.98,0.96,0.96,0.93,0.94,0.93,0.83
244,0.97,0.98,0.97,0.95,0.93,0.93,0.93,0.83
245,0.97,0.97,0.96,0.95,0.93,0.93,0.93,0.84
246,0.97,0.97,0.96,0.95,0.93,0.94,0.93,0.84
247,0.97,0.97,0.96,0.95,0.93,0.93,0.93,0.83
248,0.97,0.97,0.96,0.95,0.93,0.94,0.93,0.84
249,0.97,0.97,0.97,0.95,0.94,0.94,0.93,0.83
250,0.97,0.97,0.97,0.95,0.94,0.94,0.94,0.84
251,0.97,0.97,0.97,0.95,0.94,0.94,0.93,0.84
252,0.97,0.98,0.97,0.95,0.94,0.94,0.94,0.84
253,0.97,0.98,0.98,0.95,0.94,0.94,0.94,0.85
254,0.97,0.98,0.98,0.95,0.94,0.94,0.94,0.85
255,0.97,0.98,0.97,0.95,0.94,0.94,0.94,0.84
256,0.97,0.97,0.97,0.96,0.94,0.94,0.94,0.85
257,0.97,0.97,0.97,0.96,0.94,0.94,0.94,0.84
258,0.97,0.97,0.97,0.95,0.94,0.94,0.94,0.85
259,0.96,0.98,0.97,0.95,0.94,0.94,0.94,0.84
260,0.97,0.98,0.97,0.96,0.94,0.94,0.94,0.85
261,0.96,0.97,0.96,0.95,0.94,0.94,0.94,0.85
262,0.96,0.97,0.96,0.95,0.94,0.94,0.93,0.85
263,0.96,0.97,0.96,0.95,0.94,0.94,0.93,0.85
264,0.96,0.96,0.96,0.94,0.94,0.94,0.93,0.85
265,0.96,0.97,0.96,0.95,0.94,0.94,0.93,0.84
266,0.96,0.97,0.96,0.94,0.94,0.94,0.93,0.85
267,0.96,0.97,0.96,0.95,0.94,0.94,0.93,0.85
268,0.96,0.97,0.96,0.95,0.94,0.94,0.94,0.86
269,0.96,0.97,0.96,0.95,0.94,0.94,0.94,0.85
270,0.96,0.97,0.96,0.94,0.94,0.94,0.93,0.85
271,0.96,0.97,0.96,0.95,0.94,0.94,0.94,0.86
272,0.96,0.97,0.96,0.95,0.94,0.94,0.94,0.86
273,0.96,0.97,0.96,0.95,0.94,0.94,0.94,0.87
274,0.96,0.97,0.96,0.94,0.94,0.94,0.94,0.85
275,0.96,0.97,0.96,0.94,0.94,0.94,0.94,0.86
276,0.96,0.97,0.96,0.95,0.94,0.94,0.94,0.85
277,0.96,0.97,0.96,0.95,0.94,0.95,0.94,0.86
278,0.97,0.97,0.96,0.95,0.94,0.95,0.94,0.87
279,0.96,0.97,0.96,0.94,0.95,0.94,0.94,0.87
280,0.96,0.97,0.96,0.95,0.95,0.95,0.94,0.86
281,0.97,0.97,0.96,0.95,0.95,0.95,0.94,0.87
282,0.97,0.98,0.97,0.95,0.95,0.95,0.95,0.87
283,0.97,0.98,0.97,0.96,0.95,0.95,0.95,0.87
284,0.97,0.98,0.97,0.95,0.95,0.95,0.95,0.87
285,0.97,0.97,0.97,0.95,0.95,0.95,0.95,0.87
286,0.97,0.98,0.97,0.95,0.95,0.95,0.95,0.89
287,0.97,0.98,0.98,0.95,0.95,0.95,0.95,0.88
288,0.97,0.98,0.98,0.95,0.95,0.96,0.95,0.89
289,0.97,0.98,0.98,0.96,0.95,0.96,0.95,0.88
290,0.97,0.98,0.97,0.95,0.96,0.96,0.95,0.89
291,0.97,0.98,0.98,0.96,0.96,0.96,0.95,0.88
292,0.97,0.98,0.97,0.95,0.95,0.96,0.95,0.88
293,0.97,0.98,0.97,0.96,0.95,0.96,0.95,0.89
294,0.97,0.98,0.98,0.96,0.96,0.96,0.95,0.88
295,0.97,0.98,0.98,0.96,0.95,0.96,0.95,0.88
296,0.97,0.98,0.98,0.97,0.96,0.96,0.95,0.89
297,0.97,0.98,0.97,0.96,0.95,0.96,0.95,0.9
298,0.97,0.98,0.97,0.96,0.95,0.96,0.95,0.89
299,0.97,0.98,0.97,0.96,0.95,0.96,0.95,0.9
300,0.97,0.98,0.97,0.96,0.95,0.96,0.95,0.88
301,0.97,0.98,0.97,0.96,0.96,0.96,0.95,0.89
302,0.97,0.98,0.97,0.96,0.95,0.96,0.95,0.89
303,0.97,0.98,0.97,0.97,0.95,0.96,0.95,0.89
304,0.96,0.98,0.97,0.96,0.95,0.96,0.95,0.9
305,0.97,0.98,0.97,0.96,0.95,0.96,0.95,0.9
306,0.96,0.98,0.97,0.97,0.96,0.96,0.95,0.91
307,0.97,0.99,0.97,0.97,0.95,0.96,0.95,0.9
308,0.96,0.98,0.97,0.97,0.95,0.96,0.95,0.9
309,0.96,0.98,0.97,0.98,0.95,0.96,0.95,0.92
310,0.97,0.98,0.97,0.97,0.95,0.96,0.95,0.91
311,0.97,0.98,0.97,0.97,0.96,0.97,0.96,0.91
312,0.97,0.98,0.97,0.97,0.96,0.97,0.96,0.91
313,0.97,0.98,0.97,0.97,0.96,0.96,0.96,0.91
314,0.97,0.98,0.97,0.98,0.96,0.97,0.96,0.92
315,0.97,0.98,0.97,0.98,0.95,0.96,0.96,0.91
316,0.97,0.98,0.97,0.97,0.96,0.96,0.96,0.92
317,0.97,0.97,0.97,0.97,0.95,0.96,0.95,0.9
318,0.97,0.98,0.97,0.97,0.96,0.96,0.95,0.91
319,0.97,0.98,0.97,0.97,0.95,0.96,0.96,0.91
320,0.97,0.98,0.97,0.96,0.96,0.96,0.96,0.91
321,0.97,0.98,0.97,0.97,0.95,0.96,0.96,0.91
322,0.97,0.98,0.97,0.97,0.95,0.96,0.96,0.92
323,0.97,0.98,0.97,0.98,0.95,0.97,0.96,0.91
324,0.97,0.98,0.97,0.96,0.96,0.97,0.96,0.91
325,0.97,0.97,0.97,0.96,0.95,0.96,0.96,0.91
326,0.97,0.98,0.97,0.97,0.96,0.97,0.96,0.92
327,0.97,0.97,0.97,0.96,0.96,0.97,0.96,0.91
328,0.97,0.97,0.97,0.96,0.95,0.96,0.96,0.91
329,0.97,0.98,0.97,0.96,0.96,0.97,0.96,0.91
330,0.97,0.98,0.97,0.96,0.96,0.97,0.96,0.91
331,0.97,0.97,0.97,0.96,0.96,0.96,0.96,0.92
332,0.97,0.97,0.97,0.96,0.96,0.96,0.96,0.91
333,0.97,0.98,0.97,0.95,0.96,0.96,0.96,0.91
334,0.97,0.98,0.97,0.96,0.96,0.96,0.96,0.92
335,0.97,0.97,0.97,0.97,0.96,0.96,0.96,0.91
336,0.97,0.97,0.97,0.96,0.96,0.96,0.96,0.91
337,0.97,0.97,0.97,0.95,0.96,0.96,0.96,0.92
338,0.97,0.97,0.97,0.96,0.97,0.97,0.96,0.92
339,0.98,0.99,0.98,0.97,0.97,0.97,0.97,0.92
340,0.98,0.98,0.98,0.97,0.97,0.97,0.97,0.92
341,0.98,0.98,0.98,0.96,0.97,0.97,0.97,0.92
342,0.97,0.98,0.98,0.97,0.97,0.97,0.97,0.93
343,0.97,0.98,0.98,0.97,0.97,0.97,0.97,0.92
344,0.97,0.97,0.98,0.96,0.96,0.97,0.97,0.92
345,0.97,0.97,0.97,0.95,0.96,0.97,0.96,0.91
346,0.97,0.97,0.97,0.96,0.97,0.97,0.96,0.92
347,0.97,0.97,0.97,0.95,0.97,0.96,0.96,0.92
348,0.97,0.97,0.98,0.96,0.97,0.97,0.96,0.91
349,0.97,0.97,0.98,0.96,0.97,0.97,0.97,0.92
350,0.97,0.97,0.97,0.95,0.97,0.97,0.97,0.92
351,0.97,0.97,0.98,0.96,0.97,0.97,0.97,0.92
352,0.98,0.98,0.98,0.96,0.97,0.97,0.97,0.93
353,0.97,0.97,0.98,0.97,0.97,0.97,0.97,0.92
354,0.98,0.98,0.98,0.97,0.97,0.97,0.97,0.92
355,0.98,0.98,0.98,0.96,0.97,0.97,0.97,0.92
356,0.98,0.98,0.98,0.96,0.97,0.97,0.97,0.92
357,0.98,0.98,0.98,0.97,0.97,0.97,0.97,0.92
358,0.98,0.98,0.98,0.96,0.97,0.97,0.97,0.92
359,0.98,0.98,0.98,0.96,0.97,0.97,0.97,0.92
360,0.98,0.98,0.98,0.97,0.97,0.97,0.97,0.92
361,0.98,0.98,0.98,0.97,0.97,0.97,0.97,0.92
362,0.98,0.98,0.98,0.96,0.97,0.98,0.97,0.93
363,0.98,0.98,0.99,0.99,0.97,0.97,0.97,0.92
364,0.98,0.98,0.99,0.97,0.97,0.98,0.97,0.92
365,0.98,0.98,0.98,0.97,0.97,0.97,0.97,0.92
366,0.98,0.98,0.98,0.97,0.97,0.97,0.97,0.93
367,0.98,0.98,0.98,0.98,0.97,0.97,0.97,0.92
368,0.98,0.98,0.98,0.96,0.97,0.97,0.97,0.93
369,0.97,0.98,0.98,0.98,0.97,0.97,0.97,0.93
370,0.97,0.98,0.98,0.96,0.97,0.97,0.97,0.93
371,0.97,0.98,0.98,0.98,0.97,0.97,0.97,0.93
372,0.97,0.98,0.98,0.96,0.97,0.97,0.97,0.93
373,0.98,0.98,0.98,0.97,0.97,0.98,0.97,0.93
374,0.98,0.98,0.98,0.97,0.97,0.98,0.97,0.93
375,0.98,0.98,0.98,0.98,0.97,0.98,0.98,0.93
376,0.98,0.98,0.98,0.99,0.97,0.98,0.98,0.93
377,0.98,0.98,0.98,0.97,0.97,0.98,0.98,0.93
378,0.98,0.98,0.98,0.98,0.97,0.98,0.98,0.94
379,0.98,0.98,0.98,0.99,0.98,0.98,0.98,0.93
380,0.98,0.99,0.99,0.98,0.97,0.98,0.98,0.94
381,0.98,0.99,0.99,0.98,0.97,0.98,0.98,0.93
382,0.98,0.99,0.99,0.98,0.97,0.98,0.98,0.93
383,0.98,0.99,0.99,0.99,0.98,0.98,0.98,0.94
384,0.98,0.99,0.99,0.99,0.98,0.98,0.98,0.95
385,0.98,0.99,0.99,0.98,0.98,0.98,0.98,0.94
386,0.98,0.99,0.98,0.99,0.98,0.98,0.98,0.94
387,0.98,0.99,0.99,0.98,0.98,0.98,0.98,0.94
388,0.98,0.99,0.99,0.99,0.98,0.98,0.98,0.95
389,0.98,0.99,0.99,0.99,0.97,0.98,0.98,0.94
390,0.98,0.99,0.99,0.99,0.98,0.98,0.98,0.94
391,0.98,0.99,0.98,0.99,0.97,0.98,0.98,0.93
392,0.98,0.99,0.98,0.99,0.98,0.98,0.98,0.95
393,0.98,0.99,0.98,0.99,0.97,0.98,0.98,0.94
394,0.98,0.99,0.98,0.98,0.97,0.98,0.98,0.94
395,0.98,0.99,0.98,0.99,0.97,0.98,0.98,0.94
396,0.98,0.99,0.98,0.99,0.97,0.98,0.98,0.95
397,0.98,0.99,0.98,0.98,0.98,0.98,0.98,0.94
398,0.98,0.99,0.98,0.99,0.97,0.99,0.98,0.94
399,0.98,0.99,0.98,0.99,0.98,0.98,0.98,0.95
400,0.98,0.99,0.98,0.99,0.98,0.99,0.98,0.95
401,0.98,0.99,0.99,0.99,0.98,0.98,0.98,0.94
402,0.99,0.99,0.99,0.99,0.98,0.98,0.98,0.94
403,0.99,0.99,0.99,0.99,0.98,0.98,0.98,0.95
404,0.99,0.99,0.99,0.99,0.98,0.99,0.98,0.95
405,0.99,0.99,0.99,0.99,0.99,0.99,0.99,0.95
406,0.99,0.99,0.99,0.99,0.99,0.99,0.99,0.94
407,0.99,0.99,0.99,0.99,0.99,0.99,0.99,0.95
408,0.99,1.0,1.0,1.0,0.99,0.99,0.99,0.97
409,0.99,0.99,1.0,0.99,0.99,0.99,0.99,0.96
410,1.0,0.99,1.0,0.99,0.99,0.99,0.99,0.95
411,1.0,0.99,1.0,0.99,0.99,0.99,0.99,0.97
412,0.99,1.0,1.0,0.99,0.99,0.99,0.99,0.96
413,0.99,1.0,1.0,0.99,0.99,0.99,0.99,0.95
414,0.99,0.99,1.0,0.99,0.99,0.99,0.99,0.97
415,0.99,0.99,0.99,0.99,0.99,0.99,0.99,0.96
416,0.99,0.99,1.0,0.99,0.99,0.99,0.99,0.96
417,0.99,0.99,0.99,0.99,0.99,0.99,0.99,0.95
418,0.99,1.0,0.99,0.99,0.99,0.99,0.99,0.95
419,0.99,0.99,0.99,0.99,0.99,0.99,0.99,0.96
420,0.99,0.99,0.99,0.99,0.99,0.99,0.99,0.95
421,0.98,1.0,0.99,0.99,0.99,0.99,0.99,0.96
422,0.98,0.99,0.99,0.99,0.99,0.99,0.99,0.98
423,0.98,1.0,0.99,1.0,0.98,0.99,0.99,0.97
424,0.98,0.99,0.99,0.99,0.98,0.99,0.99,0.98
425,0.98,0.99,0.99,0.99,0.98,0.99,0.98,0.96
426,0.98,0.99,0.99,0.99,0.98,0.99,0.99,0.97
427,0.98,0.99,0.99,0.99,0.98,0.99,0.98,0.95
428,0.98,0.99,0.98,0.99,0.98,0.99,0.98,0.96
429,0.98,0.99,0.99,0.99,0.98,0.99,0.98,0.95
430,0.98,0.99,0.99,0.99,0.98,0.99,0.98,0.97
431,0.98,0.99,0.99,0.99,0.98,0.99,0.98,0.96
432,0.99,0.99,0.99,0.99,0.98,0.99,0.99,0.97
433,0.98,1.0,0.99,0.99,0.98,0.99,0.98,0.96
434,0.99,1.0,0.99,1.0,0.98,0.99,0.99,0.96
435,0.99,0.99,0.99,0.99,0.98,0.99,0.99,0.96
436,0.99,0.99,0.99,0.99,0.98,0.99,0.99,0.96
437,0.98,0.99,0.99,0.99,0.98,0.99,0.99,0.97
438,0.98,0.99,0.99,0.98,0.98,0.99,0.98,0.96
439,0.98,0.99,0.99,0.99,0.98,0.99,0.98,0.96
440,0.98,0.99,0.99,0.99,0.98,0.99,0.98,0.96
441,0.98,0.99,0.99,0.98,0.98,0.99,0.98,0.95
442,0.98,0.99,0.98,0.99,0.98,0.99,0.98,0.95
443,0.98,0.99,0.99,0.99,0.98,0.99,0.98,0.95
444,0.98,0.99,0.98,0.99,0.98,0.99,0.98,0.96
445,0.98,0.98,0.98,0.98,0.98,0.99,0.98,0.95
446,0.98,0.99,0.98,0.98,0.98,0.99,0.98,0.95
447,0.98,0.98,0.99,0.97,0.98,0.99,0.98,0.94
448,0.99,0.99,0.99,0.97,0.98,0.99,0.99,0.95
449,0.99,0.99,0.99,0.98,0.99,0.99,0.99,0.95
450,0.98,0.99,0.99,0.97,0.98,0.99,0.99,0.94
451,0.99,0.99,0.99,0.98,0.99,0.99,0.99,0.95
452,0.98,0.99,0.99,0.98,0.98,0.99,0.99,0.94
453,0.98,0.98,0.98,0.97,0.98,0.99,0.99,0.95
454,0.98,0.98,0.98,0.97,0.98,0.99,0.98,0.95
455,0.98,0.98,0.98,0.97,0.98,0.99,0.98,0.95
456,0.98,0.98,0.98,0.96,0.98,0.99,0.98,0.94
457,0.98,0.98,0.98,0.95,0.98,0.98,0.98,0.93
458,0.98,0.98,0.98,0.95,0.98,0.98,0.98,0.94
459,0.98,0.98,0.98,0.96,0.98,0.98,0.98,0.94
460,0.98,0.98,0.98,0.96,0.98,0.98,0.98,0.94
461,0.98,0.98,0.98,0.96,0.98,0.98,0.99,0.95
462,0.99,0.98,0.99,0.97,0.98,0.98,0.98,0.94
463,0.99,0.98,0.99,0.96,0.98,0.98,0.98,0.93
464,0.99,0.98,0.99,0.96,0.98,0.99,0.99,0.93
465,0.99,0.98,0.99,0.96,0.98,0.99,0.99,0.94
466,0.99,0.98,0.99,0.97,0.99,0.98,0.99,0.95
467,0.99,0.98,0.99,0.96,0.98,0.99,0.99,0.95
468,0.99,0.98,0.99,0.95,0.98,0.98,0.99,0.93
469,0.98,0.98,0.99,0.96,0.98,0.99,0.99,0.93
470,0.98,0.98,0.99,0.95,0.98,0.99,0.99,0.95
471,0.98,0.98,0.98,0.96,0.98,0.99,0.99,0.93
472,0.98,0.98,0.98,0.96,0.98,0.99,0.99,0.93
473,0.98,0.98,0.98,0.96,0.98,0.98,0.98,0.94
474,0.98,0.98,0.98,0.95,0.98,0.98,0.99,0.93
475,0.98,0.98,0.98,0.95,0.98,0.99,0.99,0.93
476,0.98,0.98,0.98,0.95,0.98,0.99,0.99,0.95
477,0.98,0.98,0.98,0.95,0.98,0.99,0.99,0.94
478,0.98,0.98,0.98,0.95,0.98,0.99,0.98,0.93
479,0.97,0.98,0.98,0.95,0.98,0.98,0.98,0.93
480,0.98,0.98,0.98,0.95,0.98,0.98,0.98,0.93
481,0.98,0.98,0.98,0.96,0.98,0.99,0.99,0.94
482,0.98,0.98,0.98,0.97,0.98,0.98,0.98,0.93
483,0.98,0.98,0.98,0.95,0.98,0.99,0.99,0.93
484,0.98,0.98,0.98,0.95,0.98,0.99,0.98,0.93
485,0.98,0.98,0.98,0.96,0.98,0.99,0.99,0.93
486,0.98,0.98,0.98,0.96,0.97,0.99,0.98,0.93
487,0.98,0.98,0.98,0.95,0.98,0.99,0.98,0.93
488,0.98,0.98,0.98,0.95,0.98,0.99,0.98,0.93
489,0.98,0.98,0.98,0.96,0.98,0.98,0.98,0.93
490,0.98,0.98,0.98,0.96,0.98,0.98,0.98,0.93
491,0.98,0.98,0.98,0.95,0.98,0.98,0.98,0.93
492,0.98,0.98,0.98,0.95,0.98,0.98,0.98,0.93
493,0.97,0.98,0.98,0.95,0.98,0.98,0.98,0.93
494,0.97,0.98,0.98,0.95,0.98,0.98,0.98,0.94
495,0.97,0.98,0.98,0.95,0.98,0.98,0.98,0.93
496,0.97,0.98,0.98,0.95,0.97,0.98,0.98,0.93
497,0.97,0.98,0.98,0.95,0.97,0.98,0.98,0.92
498,0.97,0.98,0.98,0.95,0.97,0.98,0.98,0.93
499,0.97,0.98,0.97,0.95,0.97,0.98,0.98,0.93
500,0.97,0.97,0.97,0.95,0.98,0.98,0.98,0.93
501,0.97,0.98,0.98,0.95,0.97,0.98,0.98,0.93
502,0.97,0.98,0.97,0.95,0.98,0.98,0.98,0.94
503,0.97,0.98,0.98,0.95,0.98,0.98,0.99,0.93
504,0.98,0.98,0.98,0.95,0.98,0.99,0.98,0.93
505,0.98,0.98,0.98,0.95,0.98,0.98,0.98,0.93
506,0.98,0.98,0.98,0.96,0.98,0.99,0.99,0.93
507,0.98,0.98,0.98,0.96,0.98,0.99,0.99,0.93
508,0.98,0.98,0.98,0.95,0.98,0.99,0.99,0.93
509,0.98,0.98,0.98,0.95,0.98,0.98,0.99,0.93
510,0.98,0.98,0.99,0.95,0.98,0.99,0.99,0.94
511,0.98,0.99,0.99,0.97,0.98,0.99,0.99,0.93
512,0.98,0.98,0.99,0.95,0.99,0.99,0.99,0.94
513,0.98,0.98,0.99,0.96,0.99,0.99,0.99,0.94
514,0.99,0.98,0.98,0.95,0.99,0.99,0.98,0.94
515,0.98,0.99,0.99,0.95,0.99,0.99,0.99,0.93
516,0.98,0.98,0.99,0.96,0.98,0.99,0.99,0.93
517,0.99,0.98,0.99,0.95,0.98,0.99,0.99,0.93
518,0.99,0.99,0.99,0.96,0.99,0.99,0.99,0.93
519,0.99,0.99,0.99,0.96,0.99,0.99,0.99,0.94
520,0.99,0.98,0.99,0.96,0.99,0.99,0.99,0.94
521,0.99,0.99,0.99,0.95,0.99,0.99,0.99,0.94
522,0.99,0.98,0.99,0.97,0.99,0.99,0.99,0.95
523,0.99,0.98,0.99,0.96,0.99,0.99,0.99,0.94
524,0.98,0.98,0.99,0.96,0.99,0.99,0.99,0.94
525,0.98,0.98,0.99,0.95,0.99,0.99,0.99,0.94
526,0.99,0.99,0.99,0.96,0.99,0.99,0.99,0.95
527,0.99,0.99,0.99,0.97,0.99,0.99,0.99,0.94
528,0.98,0.99,0.99,0.97,0.99,0.99,0.99,0.95
529,0.98,0.99,0.99,0.97,0.99,0.99,0.99,0.96
530,0.98,0.99,0.99,0.96,0.99,0.99,0.99,0.94
531,0.98,0.99,0.99,0.98,0.99,0.99,0.99,0.95
532,0.98,0.99,0.98,0.98,0.98,0.99,0.99,0.96
533,0.98,0.99,0.98,0.97,0.98,0.99,0.99,0.95
534,0.98,0.99,0.99,0.98,0.98,0.99,0.98,0.95
535,0.98,0.98,0.98,0.97,0.98,0.99,0.99,0.94
536,0.98,0.98,0.99,0.98,0.99,0.99,0.99,0.95
537,0.98,0.98,0.98,0.98,0.99,0.99,0.99,0.95
538,0.98,0.99,0.98,0.97,0.99,0.99,0.98,0.96
539,0.98,0.99,0.98,0.96,0.99,0.99,0.99,0.95
540,0.98,0.99,0.99,0.98,0.99,0.99,0.99,0.94
541,0.99,0.98,0.99,0.97,0.99,0.99,0.99,0.95
542,0.99,0.99,0.98,0.98,0.99,0.99,0.99,0.95
543,0.98,0.99,0.99,0.97,0.99,0.99,0.99,0.95
544,0.99,0.99,0.99,0.97,0.99,0.99,0.99,0.95
545,0.99,0.99,0.99,0.97,0.99,0.99,0.99,0.95
546,0.99,0.99,0.99,0.97,0.99,0.99,0.99,0.95
547,0.99,0.99,0.99,0.97,0.99,0.99,0.99,0.96
548,0.99,0.99,0.99,0.97,0.99,0.99,0.99,0.96
549,0.99,0.99,0.99,0.97,0.99,0.99,0.99,0.95
550,0.99,0.99,0.99,0.97,0.99,0.99,0.99,0.95
551,0.99,0.99,0.99,0.98,0.99,0.99,0.99,0.95
552,0.98,0.99,0.99,0.97,0.99,1.0,0.99,0.96
553,0.99,0.99,0.99,0.98,0.99,1.0,0.99,0.97
554,0.99,0.99,0.99,0.98,0.99,0.99,1.0,0.95
555,0.99,0.99,0.99,0.98,0.99,1.0,0.99,0.96
556,0.99,0.99,0.99,0.98,0.99,1.0,0.99,0.95
557,0.98,0.99,0.99,0.98,0.99,1.0,0.99,0.95
558,0.99,0.99,0.99,0.98,0.99,0.99,0.99,0.96
559,0.98,0.99,0.99,0.98,0.99,0.99,0.99,0.94
560,0.98,0.99,0.99,0.98,0.99,0.99,0.99,0.95
561,0.98,0.99,0.99,0.98,0.99,0.99,0.99,0.95
562,0.98,0.99,0.99,0.99,0.99,1.0,0.99,0.95
563,0.98,0.99,0.99,0.99,0.99,1.0,0.99,0.95
564,0.99,0.99,0.99,0.97,0.99,1.0,0.99,0.96
565,0.98,0.99,0.99,0.99,0.99,1.0,0.99,0.96
566,0.98,0.99,0.99,0.99,0.99,1.0,0.99,0.96
567,0.98,0.99,0.99,0.99,0.99,1.0,0.99,0.96
568,0.98,0.99,0.99,0.99,0.99,1.0,0.99,0.96
569,0.98,0.99,0.99,0.99,0.99,1.0,0.99,0.96
570,0.98,1.0,0.99,0.99,0.99,1.0,0.99,0.96
571,0.98,0.99,0.98,0.99,0.99,1.0,0.99,0.97
572,0.98,0.99,0.98,0.98,0.98,0.99,0.99,0.96
573,0.98,0.99,0.98,0.99,0.98,0.99,0.99,0.96
574,0.98,0.99,0.98,0.98,0.98,1.0,0.99,0.97
575,0.98,0.99,0.98,0.98,0.98,0.99,0.99,0.96
576,0.98,0.99,0.98,0.99,0.98,0.99,0.99,0.97
577,0.98,0.99,0.98,0.99,0.98,1.0,0.99,0.96
578,0.98,0.99,0.98,0.98,0.98,1.0,0.99,0.96
579,0.98,0.99,0.98,0.99,0.98,1.0,0.99,0.97
580,0.98,0.99,0.98,0.98,0.98,1.0,0.99,0.96
581,0.98,0.99,0.98,0.99,0.98,0.99,0.99,0.95
582,0.98,0.99,0.98,0.98,0.98,1.0,0.99,0.97
583,0.98,0.99,0.98,0.99,0.98,0.99,0.98,0.96
584,0.98,0.99,0.98,0.99,0.98,0.99,0.99,0.96
585,0.98,0.99,0.98,0.99,0.98,1.0,0.99,0.98
586,0.98,0.99,0.98,0.98,0.98,0.99,0.98,0.95
587,0.98,0.99,0.98,0.99,0.98,0.99,0.98,0.97
588,0.98,0.99,0.98,0.99,0.98,1.0,0.99,0.96
589,0.98,0.99,0.98,0.99,0.98,1.0,0.99,0.96
590,0.98,0.99,0.98,0.99,0.99,1.0,0.99,0.97
591,0.98,0.99,0.99,0.99,0.99,1.0,0.99,0.97
592,0.98,0.99,0.99,0.99,0.99,1.0,0.99,0.96
593,0.98,0.99,0.98,0.99,0.99,1.0,0.99,0.96
594,0.98,0.99,0.98,0.99,0.99,1.0,0.99,0.97
595,0.98,0.99,0.98,0.99,0.99,1.0,0.99,0.96
596,0.98,0.99,0.98,0.99,0.98,1.0,0.99,0.96
597,0.97,0.98,0.98,0.99,0.98,1.0,0.99,0.96
598,0.97,0.99,0.98,0.99,0.98,0.99,0.99,0.96
