0,0.93,0.8,0.97,1.0,0.93,0.97,0.98,0.99
1,0.93,0.8,0.97,1.0,0.96,0.94,1.0,0.99
2,0.93,0.8,0.97,1.0,0.96,0.94,0.98,0.99
3,0.93,0.8,0.95,1.0,0.93,0.9,0.98,1.0
4,0.93,0.75,0.97,1.0,0.96,0.94,0.98,0.99
5,0.9,0.75,0.95,1.0,0.93,0.97,0.98,0.99
6,0.9,0.75,0.93,1.0,0.93,0.94,0.98,0.99
7,0.9,0.75,0.95,1.0,0.93,0.94,0.98,0.99
8,0.87,0.75,0.95,1.0,0.93,0.9,0.95,0.99
9,0.9,0.75,0.93,1.0,0.93,0.94,0.98,0.99
10,0.9,0.72,0.95,1.0,0.93,0.94,0.93,0.99
11,0.84,0.72,0.93,1.0,0.93,0.9,0.95,0.99
12,0.84,0.72,0.91,1.0,0.89,0.9,0.93,0.99
13,0.84,0.68,0.9,1.0,0.89,0.87,0.93,0.99
14,0.8,0.68,0.9,1.0,0.89,0.84,0.93,0.99
15,0.77,0.68,0.88,0.99,0.86,0.9,0.87,0.99
16,0.77,0.68,0.88,1.0,0.86,0.9,0.91,0.99
17,0.8,0.72,0.9,1.0,0.86,0.9,0.91,0.99
18,0.8,0.75,0.9,1.0,0.89,0.94,0.93,1.0
19,0.84,0.8,0.9,1.0,0.86,0.94,0.93,0.99
20,0.84,0.8,0.91,1.0,0.89,0.97,0.93,0.99
21,0.87,0.8,0.91,1.0,0.89,0.94,0.93,0.99
22,0.87,0.8,0.91,1.0,0.89,0.94,0.95,0.99
23,0.87,0.83,0.91,1.0,0.89,0.97,0.93,0.99
24,0.87,0.83,0.91,1.0,0.86,0.9,0.93,0.99
25,0.87,0.8,0.91,1.0,0.89,0.97,0.93,0.99
26,0.9,0.8,0.91,1.0,0.89,0.97,0.93,1.0
27,0.87,0.75,0.91,1.0,0.89,0.94,0.93,0.99
28,0.87,0.75,0.9,1.0,0.89,0.9,0.93,0.99
29,0.9,0.72,0.91,1.0,0.89,0.9,0.93,0.99
30,0.87,0.72,0.9,1.0,0.89,0.9,0.93,0.99
31,0.87,0.75,0.93,1.0,0.89,0.94,0.93,0.99
32,0.9,0.75,0.93,1.0,0.93,0.94,0.93,0.99
33,0.87,0.75,0.93,1.0,0.89,0.9,0.93,0.99
34,0.87,0.72,0.91,1.0,0.89,0.87,0.93,0.99
35,0.84,0.72,0.9,1.0,0.89,0.94,0.93,0.99
36,0.84,0.72,0.9,1.0,0.89,0.9,0.93,0.99
37,0.84,0.72,0.9,1.0,0.93,0.9,0.91,0.99
38,0.84,0.72,0.88,1.0,0.89,0.9,0.93,0.99
39,0.84,0.68,0.88,0.99,0.86,0.9,0.93,0.99
40,0.84,0.68,0.88,0.99,0.86,0.9,0.91,0.99
41,0.84,0.68,0.9,0.99,0.89,0.87,0.93,0.99
42,0.87,0.72,0.9,0.99,0.89,0.9,0.93,0.99
43,0.87,0.68,0.9,0.99,0.86,0.9,0.91,0.99
44,0.84,0.63,0.88,0.99,0.86,0.9,0.93,0.99
45,0.84,0.68,0.88,0.98,0.89,0.87,0.91,0.99
46,0.84,0.63,0.88,0.99,0.86,0.9,0.93,0.99
47,0.84,0.63,0.88,0.99,0.86,0.87,0.93,0.99
48,0.87,0.72,0.9,0.99,0.89,0.9,0.95,0.99
49,0.87,0.72,0.91,0.99,0.89,0.94,0.95,0.99
50,0.87,0.75,0.93,1.0,0.93,0.94,0.95,0.99
51,0.87,0.75,0.93,0.99,0.93,0.94,0.95,0.99
52,0.87,0.83,0.95,1.0,0.93,0.94,0.95,0.99
53,0.84,0.83,0.93,1.0,0.89,0.97,0.98,0.99
54,0.84,0.8,0.93,1.0,0.93,0.97,0.93,0.99
55,0.87,0.8,0.95,1.0,0.96,0.97,0.93,0.99
56,0.93,0.8,0.98,1.0,0.96,1.0,0.93,1.0
57,0.93,0.83,0.98,1.0,0.96,1.0,0.93,1.0
58,0.97,0.88,1.0,1.0,1.0,1.0,0.93,0.99
59,0.93,0.8,0.95,0.99,1.0,0.94,0.85,0.98
60,0.84,0.72,0.84,0.97,0.89,0.87,0.76,0.96
61,0.8,0.72,0.77,0.95,0.82,0.78,0.67,0.95
62,0.71,0.63,0.64,0.9,0.75,0.68,0.55,0.91
63,0.55,0.48,0.45,0.81,0.55,0.53,0.39,0.84
64,0.55,0.43,0.42,0.8,0.55,0.5,0.36,0.82
65,0.43,0.4,0.34,0.7,0.45,0.44,0.29,0.75
66,0.43,0.4,0.32,0.69,0.41,0.41,0.27,0.75
67,0.3,0.31,0.24,0.58,0.32,0.32,0.21,0.67
68,0.27,0.28,0.21,0.56,0.28,0.29,0.19,0.65
69,0.24,0.28,0.17,0.49,0.25,0.29,0.17,0.6
70,0.18,0.31,0.16,0.44,0.22,0.29,0.13,0.56
71,0.21,0.28,0.16,0.4,0.22,0.26,0.13,0.53
72,0.18,0.28,0.13,0.37,0.19,0.23,0.13,0.49
73,0.21,0.28,0.11,0.35,0.16,0.23,0.11,0.48
74,0.15,0.28,0.13,0.32,0.16,0.23,0.11,0.45
75,0.15,0.23,0.11,0.3,0.19,0.2,0.11,0.43
76,0.15,0.28,0.13,0.25,0.16,0.26,0.11,0.39
77,0.18,0.31,0.13,0.24,0.16,0.23,0.09,0.37
78,0.15,0.31,0.13,0.23,0.19,0.23,0.11,0.35
79,0.18,0.31,0.13,0.2,0.12,0.2,0.07,0.33
80,0.15,0.28,0.1,0.18,0.16,0.2,0.07,0.31
81,0.12,0.28,0.08,0.16,0.12,0.17,0.06,0.29
82,0.12,0.23,0.07,0.15,0.09,0.17,0.06,0.27
83,0.12,0.23,0.07,0.15,0.12,0.17,0.06,0.27
84,0.12,0.28,0.07,0.13,0.09,0.2,0.06,0.25
85,0.12,0.28,0.05,0.12,0.09,0.17,0.06,0.24
86,0.15,0.2,0.08,0.11,0.09,0.23,0.07,0.22
87,0.15,0.23,0.08,0.11,0.12,0.2,0.06,0.21
88,0.21,0.31,0.1,0.1,0.12,0.2,0.07,0.2
89,0.21,0.28,0.1,0.1,0.12,0.2,0.07,0.19
90,0.21,0.28,0.11,0.09,0.16,0.2,0.09,0.18
91,0.21,0.28,0.11,0.08,0.16,0.17,0.11,0.17
92,0.21,0.28,0.13,0.08,0.16,0.2,0.09,0.17
93,0.21,0.28,0.13,0.08,0.16,0.2,0.07,0.16
94,0.21,0.28,0.11,0.07,0.16,0.2,0.09,0.15
95,0.21,0.31,0.11,0.07,0.16,0.17,0.09,0.15
96,0.21,0.28,0.1,0.07,0.12,0.2,0.07,0.14
97,0.12,0.23,0.08,0.06,0.12,0.17,0.04,0.13
98,0.15,0.15,0.07,0.05,0.09,0.17,0.06,0.12
99,0.15,0.28,0.08,0.05,0.09,0.17,0.06,0.12
100,0.15,0.2,0.08,0.05,0.12,0.17,0.07,0.12
101,0.15,0.23,0.08,0.05,0.12,0.17,0.06,0.11
102,0.12,0.2,0.08,0.05,0.12,0.17,0.06,0.1
103,0.15,0.23,0.07,0.05,0.12,0.17,0.07,0.1
104,0.15,0.2,0.07,0.04,0.09,0.14,0.06,0.09
105,0.15,0.28,0.07,0.04,0.09,0.12,0.04,0.09
106,0.15,0.23,0.07,0.04,0.06,0.14,0.04,0.08
107,0.15,0.2,0.07,0.04,0.09,0.12,0.06,0.08
108,0.15,0.2,0.07,0.04,0.09,0.14,0.04,0.08
109,0.15,0.2,0.07,0.03,0.09,0.12,0.04,0.07
110,0.15,0.2,0.07,0.03,0.09,0.14,0.04,0.07
111,0.15,0.23,0.07,0.03,0.09,0.14,0.04,0.07
112,0.12,0.2,0.07,0.03,0.06,0.12,0.04,0.06
113,0.15,0.2,0.05,0.02,0.09,0.12,0.04,0.06
114,0.15,0.2,0.05,0.03,0.09,0.12,0.04,0.06
115,0.12,0.2,0.07,0.02,0.09,0.12,0.06,0.05
116,0.12,0.2,0.07,0.02,0.09,0.14,0.04,0.05
117,0.15,0.2,0.05,0.02,0.09,0.14,0.04,0.05
118,0.12,0.2,0.07,0.02,0.09,0.12,0.04,0.04
119,0.15,0.28,0.07,0.02,0.06,0.12,0.04,0.04
120,0.15,0.2,0.07,0.02,0.09,0.12,0.06,0.04
121,0.18,0.23,0.07,0.01,0.09,0.14,0.06,0.04
122,0.18,0.23,0.07,0.02,0.12,0.12,0.06,0.04
123,0.18,0.23,0.1,0.02,0.09,0.14,0.06,0.04
124,0.21,0.23,0.1,0.01,0.12,0.14,0.07,0.03
125,0.21,0.35,0.1,0.02,0.16,0.17,0.07,0.03
126,0.21,0.31,0.11,0.01,0.16,0.14,0.09,0.03
127,0.24,0.31,0.13,0.01,0.16,0.2,0.07,0.03
128,0.21,0.31,0.13,0.01,0.12,0.17,0.07,0.03
129,0.21,0.31,0.11,0.01,0.09,0.2,0.07,0.03
130,0.21,0.28,0.11,0.01,0.16,0.17,0.07,0.02
131,0.24,0.23,0.13,0.01,0.16,0.17,0.07,0.02
132,0.24,0.28,0.13,0.01,0.16,0.17,0.07,0.02
133,0.21,0.28,0.11,0.01,0.12,0.17,0.07,0.02
134,0.21,0.23,0.11,0.01,0.12,0.14,0.06,0.02
135,0.18,0.23,0.1,0.0,0.06,0.12,0.06,0.02
136,0.18,0.2,0.08,0.0,0.09,0.09,0.04,0.01
137,0.15,0.2,0.07,0.0,0.06,0.12,0.04,0.01
138,0.12,0.15,0.07,0.0,0.06,0.09,0.06,0.01
139,0.12,0.12,0.05,0.0,0.06,0.06,0.02,0.01
140,0.09,0.03,0.02,0.0,0.03,0.0,0.0,0.01
141,0.0,0.03,0.02,0.0,0.03,0.06,0.0,0.01
142,0.06,0.08,0.02,0.0,0.03,0.03,0.0,0.01
143,0.12,0.08,0.02,0.0,0.0,0.06,0.02,0.01
144,0.12,0.08,0.03,0.0,0.03,0.06,0.04,0.01
145,0.12,0.12,0.05,0.0,0.06,0.06,0.02,0.01
146,0.12,0.12,0.03,0.0,0.06,0.06,0.02,0.01
147,0.12,0.12,0.02,0.0,0.03,0.06,0.0,0.0
148,0.09,0.12,0.03,0.0,0.03,0.06,0.0,0.0
149,0.09,0.08,0.02,0.0,0.06,0.06,0.02,0.0
150,0.06,0.03,0.0,0.0,0.03,0.03,0.02,0.0
151,0.06,0.0,0.0,0.0,0.03,0.03,0.0,0.0
152,0.03,0.03,0.0,0.0,0.03,0.06,0.0,0.0
153,0.03,0.08,0.0,0.0,0.03,0.03,0.02,0.0
154,0.03,0.08,0.0,0.0,0.03,0.03,0.0,0.0
155,0.06,0.08,0.02,0.0,0.06,0.06,0.0,0.0
156,0.06,0.12,0.03,0.0,0.06,0.06,0.02,0.01
157,0.09,0.15,0.03,0.0,0.06,0.09,0.04,0.0
158,0.09,0.15,0.07,0.0,0.09,0.12,0.06,0.0
159,0.12,0.2,0.1,0.01,0.12,0.12,0.11,0.01
160,0.12,0.2,0.11,0.02,0.09,0.12,0.11,0.01
161,0.18,0.23,0.16,0.03,0.16,0.17,0.15,0.02
162,0.24,0.31,0.24,0.05,0.19,0.26,0.25,0.03
163,0.27,0.31,0.27,0.06,0.22,0.29,0.25,0.04
164,0.3,0.35,0.3,0.07,0.25,0.29,0.27,0.05
165,0.33,0.4,0.35,0.1,0.28,0.35,0.33,0.07
166,0.36,0.48,0.39,0.12,0.32,0.41,0.36,0.08
167,0.39,0.48,0.42,0.14,0.32,0.44,0.39,0.09
168,0.43,0.48,0.45,0.18,0.41,0.47,0.45,0.12
169,0.46,0.51,0.51,0.2,0.38,0.47,0.47,0.13
170,0.49,0.55,0.51,0.23,0.41,0.53,0.49,0.15
171,0.52,0.55,0.54,0.26,0.48,0.56,0.53,0.17
172,0.52,0.6,0.57,0.27,0.48,0.59,0.53,0.18
173,0.55,0.68,0.59,0.3,0.51,0.65,0.57,0.2
174,0.55,0.68,0.62,0.33,0.55,0.62,0.59,0.23
175,0.58,0.68,0.65,0.37,0.58,0.68,0.61,0.25
176,0.62,0.75,0.65,0.38,0.58,0.75,0.63,0.26
177,0.62,0.68,0.67,0.4,0.61,0.68,0.63,0.27
178,0.68,0.72,0.69,0.44,0.61,0.75,0.67,0.31
179,0.64,0.72,0.69,0.46,0.61,0.75,0.67,0.32
180,0.64,0.75,0.72,0.48,0.65,0.75,0.72,0.34
181,0.68,0.8,0.76,0.51,0.68,0.78,0.72,0.36
182,0.71,0.8,0.76,0.53,0.68,0.81,0.72,0.38
183,0.74,0.75,0.77,0.55,0.68,0.78,0.74,0.39
184,0.74,0.75,0.77,0.57,0.75,0.84,0.76,0.42
185,0.74,0.75,0.77,0.59,0.72,0.81,0.78,0.43
186,0.77,0.75,0.81,0.61,0.75,0.84,0.78,0.44
187,0.77,0.75,0.79,0.62,0.75,0.81,0.78,0.46
188,0.77,0.75,0.83,0.63,0.75,0.81,0.8,0.47
189,0.8,0.8,0.83,0.67,0.79,0.87,0.8,0.49
190,0.77,0.83,0.84,0.68,0.79,0.84,0.82,0.51
191,0.8,0.88,0.84,0.68,0.82,0.87,0.82,0.51
192,0.84,0.88,0.86,0.7,0.82,0.9,0.85,0.54
193,0.84,0.88,0.86,0.72,0.82,0.9,0.85,0.55
194,0.8,0.88,0.86,0.73,0.82,0.9,0.85,0.56
195,0.84,0.92,0.86,0.75,0.86,0.9,0.87,0.58
196,0.84,0.92,0.9,0.76,0.86,0.94,0.87,0.59
197,0.87,0.95,0.9,0.77,0.82,0.97,0.87,0.6
198,0.84,1.0,0.9,0.78,0.89,0.94,0.89,0.62
199,0.84,0.95,0.9,0.79,0.86,0.94,0.89,0.62
200,0.84,0.95,0.9,0.8,0.86,0.97,0.89,0.63
201,0.9,1.0,0.91,0.81,0.89,0.97,0.89,0.65
202,0.87,0.95,0.91,0.81,0.86,0.94,0.89,0.65
203,0.87,0.92,0.9,0.83,0.86,0.9,0.89,0.67
204,0.87,0.92,0.9,0.83,0.86,0.94,0.87,0.67
205,0.87,0.88,0.88,0.83,0.82,0.9,0.87,0.68
206,0.84,0.83,0.86,0.84,0.82,0.87,0.87,0.69
207,0.87,0.88,0.86,0.85,0.82,0.9,0.87,0.7
208,0.87,0.88,0.88,0.86,0.82,0.94,0.89,0.71
209,0.87,0.88,0.9,0.86,0.86,0.9,0.89,0.72
210,0.9,0.88,0.9,0.86,0.86,0.94,0.91,0.73
211,0.9,0.92,0.91,0.87,0.86,0.94,0.89,0.73
212,0.93,0.95,0.91,0.88,0.89,0.97,0.91,0.74
213,0.9,0.92,0.93,0.88,0.89,0.9,0.91,0.75
214,0.9,0.88,0.93,0.89,0.89,0.94,0.89,0.76
215,0.9,0.92,0.91,0.9,0.89,0.94,0.91,0.76
216,0.9,0.83,0.91,0.9,0.89,0.94,0.91,0.77
217,0.87,0.83,0.9,0.9,0.89,0.9,0.89,0.77
218,0.87,0.83,0.9,0.9,0.86,0.94,0.91,0.78
219,0.9,0.88,0.91,0.9,0.86,0.9,0.91,0.78
220,0.9,0.92,0.93,0.91,0.89,0.94,0.91,0.79
221,0.9,0.92,0.91,0.92,0.89,0.97,0.89,0.8
222,0.9,0.95,0.91,0.91,0.89,0.94,0.91,0.8
223,0.93,0.95,0.93,0.92,0.89,0.97,0.93,0.81
224,0.93,0.95,0.93,0.92,0.89,0.94,0.93,0.82
225,0.97,0.92,0.93,0.92,0.86,0.94,0.91,0.82
226,0.93,0.92,0.93,0.93,0.86,0.97,0.93,0.82
227,0.93,0.92,0.91,0.93,0.89,0.94,0.93,0.83
228,0.9,0.88,0.91,0.93,0.89,0.97,0.91,0.83
229,0.93,0.92,0.91,0.93,0.89,0.94,0.93,0.84
230,0.9,0.88,0.91,0.94,0.89,0.94,0.91,0.84
231,0.9,0.88,0.91,0.94,0.89,0.94,0.91,0.84
232,0.9,0.83,0.91,0.94,0.86,0.9,0.91,0.85
233,0.9,0.8,0.91,0.94,0.86,0.9,0.91,0.85
234,0.9,0.83,0.9,0.94,0.86,0.9,0.91,0.86
235,0.87,0.83,0.9,0.94,0.86,0.9,0.93,0.87
236,0.9,0.83,0.9,0.95,0.89,0.9,0.91,0.86
237,0.9,0.83,0.9,0.94,0.89,0.9,0.91,0.87
238,0.87,0.83,0.91,0.95,0.89,0.9,0.91,0.87
239,0.87,0.8,0.88,0.94,0.86,0.87,0.91,0.87
240,0.87,0.83,0.88,0.95,0.86,0.9,0.89,0.88
241,0.84,0.8,0.9,0.95,0.86,0.87,0.91,0.88
242,0.84,0.72,0.88,0.94,0.82,0.9,0.89,0.88
243,0.8,0.8,0.86,0.94,0.86,0.84,0.89,0.88
244,0.87,0.75,0.88,0.95,0.86,0.84,0.89,0.89
245,0.87,0.8,0.86,0.95,0.86,0.84,0.89,0.89
246,0.84,0.8,0.88,0.95,0.86,0.87,0.89,0.89
247,0.84,0.75,0.86,0.95,0.86,0.84,0.89,0.89
248,0.84,0.8,0.86,0.95,0.82,0.87,0.89,0.89
249,0.87,0.75,0.86,0.95,0.86,0.9,0.89,0.9
250,0.87,0.75,0.88,0.95,0.86,0.87,0.89,0.9
251,0.9,0.75,0.88,0.95,0.86,0.9,0.89,0.9
252,0.9,0.8,0.9,0.95,0.86,0.9,0.89,0.9
253,0.87,0.8,0.88,0.95,0.86,0.87,0.89,0.9
254,0.87,0.75,0.86,0.95,0.86,0.87,0.89,0.91
255,0.84,0.68,0.86,0.95,0.82,0.84,0.89,0.91
256,0.84,0.68,0.84,0.95,0.82,0.81,0.87,0.91
257,0.84,0.68,0.86,0.95,0.82,0.81,0.89,0.91
258,0.87,0.72,0.86,0.95,0.86,0.84,0.89,0.92
259,0.84,0.68,0.86,0.95,0.82,0.84,0.89,0.92
260,0.87,0.8,0.9,0.95,0.86,0.87,0.89,0.92
261,0.87,0.8,0.9,0.95,0.86,0.87,0.91,0.92
262,0.84,0.75,0.86,0.95,0.82,0.84,0.89,0.92
263,0.84,0.72,0.86,0.95,0.82,0.84,0.89,0.92
264,0.84,0.75,0.88,0.96,0.82,0.87,0.89,0.93
265,0.87,0.75,0.88,0.95,0.82,0.84,0.89,0.93
266,0.87,0.75,0.9,0.96,0.82,0.84,0.89,0.92
267,0.84,0.8,0.88,0.96,0.82,0.87,0.89,0.93
268,0.87,0.75,0.86,0.96,0.82,0.9,0.89,0.93
269,0.84,0.8,0.88,0.96,0.86,0.87,0.89,0.93
270,0.87,0.8,0.88,0.96,0.86,0.84,0.89,0.93
271,0.84,0.75,0.86,0.96,0.86,0.84,0.89,0.93
272,0.87,0.75,0.86,0.96,0.86,0.87,0.89,0.94
273,0.87,0.8,0.86,0.97,0.86,0.87,0.91,0.93
274,0.87,0.8,0.88,0.96,0.86,0.87,0.91,0.94
275,0.87,0.75,0.9,0.97,0.86,0.87,0.89,0.94
276,0.84,0.75,0.88,0.96,0.86,0.84,0.89,0.94
277,0.87,0.75,0.88,0.96,0.86,0.87,0.89,0.94
278,0.87,0.8,0.88,0.97,0.86,0.87,0.91,0.95
279,0.9,0.75,0.91,0.97,0.86,0.87,0.91,0.94
280,0.93,0.83,0.91,0.97,0.89,0.87,0.93,0.95
281,0.93,0.83,0.93,0.97,0.89,0.9,0.93,0.94
282,0.9,0.83,0.93,0.97,0.89,0.9,0.91,0.95
283,0.93,0.88,0.93,0.97,0.89,0.9,0.93,0.95
284,0.93,0.88,0.93,0.98,0.89,0.9,0.93,0.95
285,0.9,0.88,0.95,0.97,0.89,0.94,0.93,0.96
286,0.87,0.83,0.93,0.98,0.89,0.9,0.93,0.96
287,0.87,0.83,0.91,0.98,0.89,0.9,0.93,0.96
288,0.84,0.8,0.91,0.97,0.86,0.84,0.93,0.96
289,0.84,0.88,0.91,0.97,0.86,0.9,0.91,0.96
290,0.84,0.83,0.9,0.97,0.86,0.9,0.91,0.95
291,0.84,0.8,0.91,0.97,0.86,0.9,0.89,0.96
292,0.84,0.83,0.9,0.97,0.86,0.9,0.89,0.96
293,0.87,0.83,0.9,0.97,0.86,0.9,0.93,0.96
294,0.87,0.88,0.91,0.98,0.86,0.9,0.91,0.96
295,0.84,0.88,0.9,0.98,0.89,0.9,0.91,0.96
296,0.84,0.8,0.9,0.97,0.86,0.9,0.91,0.96
297,0.84,0.8,0.88,0.97,0.89,0.9,0.91,0.96
298,0.84,0.83,0.9,0.97,0.89,0.94,0.91,0.96
299,0.87,0.83,0.9,0.98,0.86,0.94,0.91,0.96
300,0.87,0.88,0.91,0.98,0.89,0.94,0.91,0.96
301,0.87,0.83,0.9,0.98,0.89,0.94,0.91,0.96
302,0.87,0.88,0.91,0.98,0.89,0.94,0.93,0.97
303,0.87,0.88,0.91,0.98,0.89,0.94,0.93,0.97
304,0.87,0.92,0.91,0.98,0.89,0.94,0.93,0.96
305,0.84,0.88,0.91,0.98,0.86,0.94,0.91,0.97
306,0.84,0.88,0.91,0.98,0.89,0.94,0.91,0.97
307,0.87,0.92,0.91,0.98,0.89,0.97,0.93,0.97
308,0.87,0.92,0.91,0.98,0.86,0.97,0.91,0.97
309,0.87,0.92,0.91,0.98,0.86,0.97,0.93,0.97
310,0.87,0.92,0.91,0.98,0.89,0.97,0.93,0.97
311,0.87,0.95,0.91,0.99,0.89,0.97,0.93,0.97
312,0.87,0.92,0.91,0.98,0.89,0.94,0.93,0.97
313,0.87,0.95,0.93,0.99,0.86,0.97,0.95,0.97
314,0.87,0.88,0.91,0.99,0.86,0.94,0.93,0.97
315,0.87,0.92,0.91,0.98,0.89,0.97,0.93,0.97
316,0.87,0.95,0.91,0.99,0.89,0.97,0.93,0.98
317,0.87,0.92,0.93,0.98,0.89,0.94,0.93,0.98
318,0.93,0.95,0.93,0.99,0.93,1.0,0.93,0.98
319,0.93,1.0,0.93,0.99,0.89,1.0,0.95,0.98
320,0.93,0.95,0.95,0.99,0.93,1.0,0.93,0.98
321,0.93,0.95,0.95,0.99,0.89,1.0,0.95,0.98
322,0.97,0.92,0.95,0.99,0.89,0.97,0.95,0.98
323,0.97,0.95,0.95,0.99,0.93,0.97,0.98,0.98
324,0.97,0.92,0.95,0.99,0.93,1.0,0.95,0.98
325,0.97,0.92,0.95,0.99,0.93,0.97,0.95,0.98
326,0.97,0.88,0.95,0.99,0.89,0.97,0.95,0.98
327,0.97,0.88,0.95,0.98,0.93,0.97,0.95,0.98
328,0.97,0.88,0.95,0.98,0.93,0.94,0.95,0.98
329,0.93,0.83,0.95,0.98,0.89,0.94,0.95,0.98
330,0.93,0.83,0.95,0.98,0.89,0.94,0.95,0.98
331,0.93,0.83,0.93,0.98,0.89,0.9,0.95,0.98
332,0.93,0.83,0.91,0.98,0.93,0.9,0.95,0.98
333,0.9,0.8,0.91,0.98,0.89,0.9,0.95,0.98
334,0.93,0.8,0.93,0.98,0.89,0.9,0.93,0.98
335,0.93,0.8,0.91,0.98,0.89,0.9,0.93,0.98
336,0.9,0.8,0.93,0.98,0.89,0.94,0.93,0.98
337,0.9,0.8,0.91,0.98,0.89,0.9,0.93,0.98
338,0.9,0.75,0.91,0.98,0.89,0.87,0.95,0.98
339,0.9,0.75,0.93,0.98,0.93,0.94,0.93,0.98
340,0.9,0.8,0.91,0.98,0.89,0.9,0.95,0.98
341,0.9,0.83,0.93,0.98,0.89,0.94,0.95,0.98
342,0.9,0.88,0.95,0.99,0.93,0.97,0.98,0.98
343,0.93,0.92,0.95,0.98,0.93,0.94,0.98,0.98
344,0.93,0.92,0.95,0.99,0.93,0.97,0.95,0.99
345,0.9,0.88,0.95,0.99,0.89,0.97,0.95,0.98
346,0.87,0.83,0.91,0.98,0.89,0.94,0.93,0.98
347,0.87,0.83,0.93,0.98,0.89,0.9,0.93,0.98
348,0.84,0.8,0.9,0.98,0.86,0.9,0.89,0.98
349,0.84,0.8,0.88,0.98,0.86,0.9,0.89,0.98
350,0.8,0.8,0.88,0.98,0.86,0.9,0.91,0.98
351,0.8,0.83,0.88,0.98,0.82,0.87,0.89,0.98
352,0.84,0.83,0.9,0.99,0.82,0.94,0.93,0.98
353,0.84,0.83,0.88,0.98,0.86,0.94,0.91,0.98
354,0.84,0.8,0.9,0.98,0.86,0.9,0.91,0.98
355,0.84,0.8,0.88,0.98,0.86,0.9,0.91,0.98
356,0.87,0.8,0.9,0.98,0.86,0.94,0.91,0.98
357,0.87,0.8,0.88,0.98,0.86,0.9,0.93,0.99
358,0.84,0.75,0.9,0.98,0.86,0.9,0.91,0.98
359,0.84,0.8,0.86,0.98,0.86,0.87,0.89,0.98
360,0.84,0.72,0.86,0.98,0.86,0.87,0.91,0.98
361,0.8,0.68,0.84,0.98,0.86,0.87,0.89,0.98
362,0.84,0.68,0.86,0.97,0.82,0.84,0.89,0.98
363,0.87,0.72,0.88,0.98,0.82,0.87,0.91,0.98
364,0.87,0.8,0.9,0.98,0.86,0.9,0.91,0.98
365,0.9,0.8,0.9,0.98,0.89,0.94,0.93,0.98
366,0.93,0.8,0.9,0.98,0.89,0.9,0.93,0.98
367,0.93,0.75,0.91,0.98,0.86,0.9,0.93,0.98
368,0.93,0.75,0.91,0.98,0.89,0.9,0.93,0.98
369,0.93,0.75,0.91,0.98,0.89,0.9,0.93,0.98
370,0.93,0.72,0.91,0.97,0.89,0.84,0.91,0.98
371,0.93,0.72,0.93,0.97,0.89,0.87,0.93,0.98
372,0.93,0.72,0.91,0.98,0.89,0.84,0.93,0.98
373,0.93,0.75,0.93,0.98,0.89,0.9,0.95,0.98
374,0.97,0.8,0.93,0.98,0.89,0.87,0.95,0.98
375,0.93,0.75,0.95,0.98,0.93,0.9,0.95,0.98
376,0.93,0.8,0.93,0.97,0.89,0.9,0.95,0.98
377,0.93,0.8,0.95,0.98,0.89,0.9,0.95,0.98
378,0.97,0.83,0.95,0.97,0.93,0.94,0.95,0.98
379,1.0,0.83,0.97,0.98,0.96,0.94,0.98,0.98
380,1.0,0.88,0.98,0.98,0.96,0.97,0.98,0.99
381,1.0,0.83,0.98,0.98,0.93,0.9,0.98,0.98
382,0.97,0.83,0.98,0.98,0.96,0.9,1.0,0.98
383,0.97,0.83,0.95,0.98,0.96,0.94,0.98,0.98
384,0.93,0.8,0.95,0.98,0.89,0.94,0.95,0.98
385,0.93,0.8,0.95,0.98,0.93,0.9,0.98,0.99
386,0.9,0.75,0.95,0.98,0.93,0.9,0.95,0.98
387,0.9,0.8,0.95,0.98,0.89,0.9,0.95,0.98
388,0.9,0.8,0.95,0.98,0.89,0.9,0.98,0.98
389,0.9,0.83,0.93,0.98,0.93,0.9,0.95,0.98
390,0.9,0.83,0.93,0.98,0.93,0.9,0.98,0.98
391,0.9,0.83,0.93,0.98,0.93,0.94,0.95,0.99
392,0.9,0.88,0.95,0.98,0.93,0.94,0.95,0.98
393,0.87,0.83,0.93,0.98,0.93,0.9,0.95,0.99
394,0.87,0.8,0.93,0.98,0.89,0.94,0.95,0.98
395,0.84,0.8,0.91,0.98,0.89,0.9,0.95,0.98
396,0.84,0.83,0.9,0.98,0.89,0.9,0.93,0.98
397,0.77,0.75,0.86,0.98,0.86,0.87,0.91,0.98
398,0.77,0.72,0.84,0.98,0.86,0.84,0.91,0.98
399,0.74,0.72,0.86,0.98,0.82,0.84,0.89,0.98
400,0.77,0.72,0.86,0.98,0.86,0.9,0.89,0.98
401,0.74,0.75,0.86,0.98,0.82,0.87,0.91,0.98
402,0.74,0.72,0.84,0.98,0.82,0.9,0.89,0.98
403,0.74,0.72,0.84,0.98,0.86,0.9,0.89,0.98
404,0.74,0.75,0.83,0.98,0.82,0.9,0.89,0.98
405,0.74,0.75,0.84,0.98,0.86,0.87,0.89,0.98
406,0.77,0.75,0.84,0.98,0.82,0.87,0.89,0.98
407,0.77,0.75,0.86,0.98,0.82,0.9,0.89,0.99
408,0.77,0.8,0.86,0.98,0.82,0.9,0.89,0.99
409,0.77,0.8,0.86,0.98,0.82,0.87,0.89,0.98
410,0.77,0.8,0.83,0.98,0.79,0.87,0.89,0.98
411,0.77,0.75,0.84,0.98,0.82,0.87,0.89,0.98
412,0.77,0.75,0.83,0.98,0.79,0.9,0.89,0.98
413,0.77,0.72,0.83,0.98,0.79,0.87,0.89,0.98
414,0.77,0.75,0.83,0.98,0.82,0.87,0.87,0.98
415,0.77,0.68,0.83,0.98,0.79,0.87,0.89,0.98
416,0.77,0.72,0.84,0.98,0.79,0.87,0.89,0.98
417,0.8,0.75,0.84,0.98,0.82,0.87,0.89,0.99
418,0.8,0.75,0.86,0.98,0.86,0.9,0.91,0.98
419,0.84,0.83,0.86,0.98,0.86,0.9,0.91,0.98
420,0.84,0.8,0.86,0.98,0.86,0.9,0.91,0.98
421,0.84,0.8,0.88,0.98,0.86,0.9,0.91,0.98
422,0.87,0.8,0.9,0.98,0.86,0.9,0.89,0.98
423,0.87,0.83,0.91,0.98,0.89,0.87,0.93,0.99
424,0.87,0.83,0.91,0.98,0.89,0.9,0.93,0.98
425,0.9,0.83,0.91,0.99,0.89,0.94,0.93,0.98
426,0.9,0.83,0.91,0.98,0.86,0.9,0.93,0.98
427,0.9,0.83,0.91,0.98,0.86,0.9,0.93,0.98
428,0.9,0.83,0.91,0.98,0.89,0.94,0.93,0.99
429,0.9,0.88,0.91,0.99,0.89,0.87,0.93,0.99
430,0.9,0.8,0.9,0.98,0.89,0.9,0.93,0.98
431,0.87,0.75,0.9,0.98,0.86,0.9,0.93,0.98
432,0.87,0.75,0.9,0.98,0.86,0.9,0.93,0.99
433,0.87,0.72,0.88,0.98,0.86,0.84,0.93,0.98
434,0.84,0.63,0.86,0.98,0.86,0.84,0.91,0.98
435,0.84,0.63,0.86,0.98,0.86,0.87,0.89,0.98
436,0.84,0.68,0.86,0.98,0.86,0.87,0.91,0.98
437,0.87,0.72,0.86,0.98,0.89,0.84,0.93,0.98
438,0.87,0.72,0.88,0.98,0.86,0.84,0.93,0.98
439,0.84,0.72,0.88,0.98,0.89,0.87,0.93,0.98
440,0.87,0.72,0.9,0.98,0.89,0.84,0.93,0.98
441,0.9,0.8,0.91,0.98,0.89,0.9,0.93,0.98
442,0.9,0.8,0.93,0.98,0.89,0.94,0.95,0.98
443,0.93,0.88,0.95,0.98,0.93,0.94,0.95,0.98
444,0.97,0.88,0.97,0.98,0.93,0.9,0.98,0.98
445,0.97,0.88,0.97,0.99,0.93,0.97,0.98,0.99
446,0.93,0.88,0.97,0.98,0.96,0.97,0.98,0.99
447,0.93,0.88,0.97,0.99,0.93,0.94,0.98,0.99
448,0.93,0.88,0.97,0.99,0.93,0.97,0.95,0.99
449,0.9,0.83,0.93,0.98,0.93,0.94,0.93,0.99
450,0.87,0.8,0.93,0.98,0.93,0.94,0.93,0.99
451,0.87,0.8,0.93,0.98,0.89,0.9,0.95,0.99
452,0.87,0.8,0.91,0.99,0.89,0.9,0.91,0.98
453,0.84,0.8,0.91,0.98,0.89,0.9,0.93,0.98
454,0.87,0.83,0.91,0.98,0.89,0.9,0.93,0.98
455,0.87,0.83,0.91,0.99,0.89,0.94,0.93,0.99
456,0.87,0.83,0.91,0.99,0.89,0.9,0.93,0.99
457,0.9,0.83,0.91,0.98,0.86,0.94,0.93,0.99
458,0.9,0.83,0.91,0.98,0.89,0.87,0.93,0.98
459,0.9,0.83,0.93,0.98,0.89,0.94,0.93,0.99
460,0.87,0.88,0.91,0.99,0.89,0.9,0.93,0.99
461,0.87,0.83,0.91,0.98,0.89,0.9,0.95,0.99
462,0.87,0.83,0.9,0.99,0.89,0.94,0.93,0.99
463,0.87,0.83,0.9,0.98,0.86,0.9,0.93,0.99
464,0.87,0.8,0.91,0.98,0.89,0.94,0.93,0.98
465,0.87,0.8,0.91,0.98,0.89,0.94,0.93,0.99
466,0.9,0.83,0.91,0.98,0.89,0.94,0.93,0.99
467,0.87,0.8,0.91,0.98,0.89,0.9,0.93,0.99
468,0.87,0.75,0.88,0.98,0.89,0.87,0.93,0.99
469,0.87,0.75,0.9,0.98,0.86,0.87,0.91,0.98
470,0.87,0.75,0.88,0.98,0.86,0.87,0.93,0.99
471,0.87,0.75,0.9,0.98,0.89,0.9,0.93,0.99
472,0.87,0.75,0.9,0.98,0.86,0.87,0.93,0.98
473,0.9,0.83,0.91,0.98,0.89,0.94,0.93,0.99
474,0.9,0.83,0.91,0.98,0.89,0.9,0.95,0.99
475,0.9,0.83,0.91,0.99,0.93,0.9,0.95,0.99
476,0.9,0.8,0.91,0.98,0.89,0.94,0.95,0.98
477,0.9,0.8,0.93,0.98,0.86,0.9,0.98,0.99
478,0.9,0.75,0.93,0.98,0.93,0.9,0.95,0.98
479,0.9,0.72,0.91,0.98,0.89,0.87,0.95,0.98
480,0.9,0.8,0.91,0.98,0.89,0.87,0.98,0.98
481,0.9,0.75,0.93,0.98,0.93,0.9,0.95,0.99
482,0.9,0.83,0.93,0.98,0.93,0.9,0.95,0.99
483,0.87,0.72,0.91,0.98,0.89,0.9,0.95,0.99
484,0.87,0.75,0.9,0.98,0.89,0.84,0.95,0.98
485,0.87,0.72,0.9,0.98,0.89,0.9,0.93,0.99
486,0.87,0.72,0.9,0.98,0.89,0.84,0.95,0.99
487,0.84,0.75,0.9,0.98,0.89,0.87,0.95,0.98
488,0.84,0.75,0.9,0.98,0.89,0.94,0.95,0.98
489,0.84,0.8,0.9,0.98,0.89,0.9,0.93,0.99
490,0.84,0.8,0.9,0.98,0.89,0.94,0.95,0.99
491,0.84,0.8,0.91,0.98,0.89,0.94,0.93,0.98
492,0.87,0.83,0.91,0.99,0.89,0.94,0.95,0.99
493,0.87,0.8,0.91,0.98,0.89,0.94,0.93,0.98
494,0.84,0.8,0.9,0.98,0.86,0.94,0.93,0.98
495,0.87,0.75,0.91,0.98,0.89,0.94,0.95,0.99
496,0.9,0.75,0.9,0.98,0.89,0.87,0.93,0.98
497,0.9,0.75,0.91,0.98,0.89,0.87,0.93,0.99
498,0.93,0.8,0.93,0.98,0.93,0.9,0.95,0.99
499,0.93,0.8,0.95,0.98,0.93,0.94,0.98,0.99
500,0.9,0.8,0.93,0.98,0.89,0.94,0.95,0.99
501,0.9,0.8,0.93,0.98,0.89,0.9,0.95,0.99
502,0.93,0.75,0.93,0.98,0.89,0.9,0.95,0.99
503,0.93,0.8,0.93,0.98,0.93,0.9,0.95,0.99
504,0.9,0.75,0.91,0.98,0.89,0.87,0.95,0.98
505,0.9,0.75,0.93,0.98,0.93,0.9,0.95,0.99
506,0.9,0.68,0.91,0.98,0.89,0.87,0.95,0.98
507,0.87,0.72,0.88,0.98,0.89,0.87,0.93,0.98
508,0.9,0.68,0.91,0.98,0.93,0.87,0.95,0.98
509,0.9,0.75,0.91,0.98,0.93,0.87,0.98,0.99
510,0.9,0.72,0.91,0.98,0.93,0.87,0.95,0.98
511,0.9,0.72,0.91,0.98,0.89,0.9,0.95,0.99
512,0.93,0.72,0.93,0.98,0.89,0.87,0.95,0.99
513,0.93,0.75,0.93,0.98,0.89,0.9,0.95,0.99
514,0.93,0.8,0.95,0.98,0.93,0.9,0.98,0.99
515,0.87,0.72,0.91,0.98,0.89,0.87,0.93,0.99
516,0.87,0.72,0.91,0.98,0.86,0.87,0.93,0.98
517,0.84,0.63,0.9,0.98,0.89,0.84,0.95,0.99
518,0.84,0.63,0.88,0.98,0.86,0.84,0.93,0.99
519,0.84,0.63,0.88,0.97,0.86,0.84,0.93,0.98
520,0.84,0.63,0.9,0.97,0.86,0.84,0.93,0.98
521,0.84,0.68,0.9,0.97,0.86,0.87,0.93,0.99
522,0.8,0.68,0.88,0.98,0.89,0.87,0.93,0.98
523,0.8,0.63,0.86,0.97,0.86,0.87,0.93,0.99
524,0.77,0.6,0.84,0.98,0.86,0.81,0.91,0.98
525,0.8,0.6,0.84,0.97,0.86,0.84,0.91,0.98
526,0.8,0.68,0.86,0.97,0.86,0.84,0.91,0.98
527,0.8,0.68,0.86,0.97,0.86,0.84,0.91,0.98
528,0.8,0.63,0.86,0.97,0.86,0.84,0.93,0.98
529,0.8,0.63,0.86,0.97,0.86,0.84,0.91,0.99
530,0.8,0.63,0.86,0.97,0.86,0.84,0.91,0.99
531,0.84,0.68,0.86,0.98,0.86,0.81,0.93,0.98
532,0.8,0.68,0.88,0.97,0.86,0.87,0.91,0.98
533,0.8,0.6,0.86,0.97,0.86,0.84,0.89,0.98
534,0.77,0.55,0.86,0.97,0.86,0.81,0.91,0.98
535,0.77,0.6,0.86,0.97,0.86,0.84,0.91,0.98
536,0.77,0.55,0.84,0.97,0.82,0.81,0.89,0.98
537,0.77,0.55,0.84,0.97,0.86,0.84,0.89,0.99
538,0.77,0.63,0.84,0.97,0.86,0.84,0.89,0.99
539,0.77,0.63,0.86,0.98,0.82,0.84,0.89,0.99
540,0.77,0.63,0.84,0.98,0.82,0.84,0.89,0.98
541,0.71,0.6,0.83,0.97,0.82,0.84,0.89,0.98
542,0.71,0.63,0.83,0.98,0.82,0.84,0.89,0.98
543,0.71,0.6,0.83,0.97,0.82,0.84,0.87,0.99
544,0.68,0.6,0.81,0.97,0.82,0.84,0.89,0.99
545,0.68,0.6,0.81,0.97,0.79,0.81,0.87,0.99
546,0.71,0.6,0.83,0.97,0.82,0.84,0.87,0.98
547,0.71,0.6,0.83,0.97,0.79,0.84,0.89,0.98
548,0.77,0.68,0.84,0.97,0.82,0.87,0.91,0.98
549,0.77,0.68,0.84,0.98,0.82,0.87,0.89,0.99
550,0.77,0.68,0.84,0.97,0.82,0.87,0.89,0.99
551,0.77,0.63,0.84,0.97,0.82,0.87,0.89,0.99
552,0.74,0.55,0.83,0.98,0.82,0.84,0.89,0.99
553,0.74,0.63,0.83,0.97,0.79,0.84,0.87,0.99
554,0.74,0.6,0.81,0.98,0.82,0.84,0.87,0.98
555,0.74,0.6,0.83,0.97,0.82,0.81,0.89,0.99
556,0.71,0.55,0.79,0.97,0.79,0.84,0.87,0.99
557,0.68,0.51,0.77,0.97,0.82,0.84,0.87,0.99
558,0.68,0.48,0.77,0.97,0.79,0.81,0.85,0.98
559,0.64,0.48,0.76,0.97,0.75,0.78,0.85,0.98
560,0.64,0.51,0.76,0.97,0.79,0.81,0.85,0.99
561,0.68,0.51,0.76,0.97,0.79,0.81,0.85,0.98
562,0.68,0.55,0.79,0.97,0.79,0.81,0.87,0.99
563,0.71,0.55,0.79,0.97,0.75,0.84,0.89,0.99
564,0.71,0.6,0.81,0.97,0.82,0.84,0.87,0.99
565,0.71,0.63,0.81,0.97,0.79,0.84,0.89,0.99
566,0.68,0.6,0.79,0.98,0.79,0.87,0.87,0.99
567,0.68,0.6,0.81,0.97,0.79,0.84,0.87,0.99
568,0.71,0.6,0.79,0.97,0.79,0.84,0.87,0.99
569,0.71,0.63,0.81,0.97,0.79,0.84,0.85,0.99
570,0.71,0.6,0.81,0.97,0.79,0.84,0.87,0.99
571,0.74,0.6,0.79,0.98,0.79,0.84,0.85,0.99
572,0.74,0.63,0.81,0.97,0.79,0.87,0.87,0.99
573,0.77,0.6,0.83,0.97,0.79,0.84,0.89,0.99
574,0.8,0.6,0.84,0.97,0.82,0.84,0.89,0.99
575,0.8,0.63,0.84,0.97,0.82,0.9,0.89,0.99
576,0.8,0.63,0.84,0.97,0.82,0.84,0.89,0.99
577,0.84,0.6,0.86,0.97,0.82,0.87,0.89,0.99
578,0.8,0.63,0.86,0.97,0.82,0.87,0.89,0.99
579,0.84,0.6,0.86,0.98,0.82,0.81,0.91,0.99
580,0.84,0.6,0.86,0.97,0.86,0.84,0.89,0.99
581,0.84,0.63,0.88,0.97,0.86,0.87,0.91,0.99
582,0.84,0.68,0.88,0.98,0.86,0.87,0.93,0.99
583,0.84,0.68,0.88,0.98,0.89,0.84,0.93,0.99
584,0.84,0.63,0.88,0.98,0.86,0.87,0.93,0.99
585,0.8,0.63,0.88,0.98,0.86,0.9,0.91,0.99
586,0.8,0.68,0.88,0.98,0.86,0.87,0.93,0.99
587,0.84,0.72,0.9,0.98,0.89,0.87,0.91,0.99
588,0.84,0.63,0.9,0.98,0.89,0.87,0.93,0.99
589,0.8,0.68,0.9,0.98,0.86,0.87,0.93,0.99
590,0.84,0.72,0.91,0.98,0.89,0.94,0.95,0.99
591,0.84,0.72,0.93,0.98,0.89,0.9,0.93,0.99
592,0.87,0.75,0.91,0.98,0.89,0.94,0.93,0.99
593,0.84,0.75,0.91,0.98,0.89,0.94,0.93,0.99
594,0.84,0.75,0.93,0.98,0.89,0.94,0.95,0.99
595,0.87,0.72,0.91,0.98,0.89,0.94,0.93,0.99
596,0.87,0.75,0.91,0.98,0.89,0.9,0.93,0.99
597,0.87,0.75,0.91,0.98,0.89,0.9,0.93,0.99
598,0.87,0.72,0.93,0.98,0.89,0.9,0.95,0.99
599,0.84,0.68,0.91,0.99,0.89,0.9,0.93,1.0
