0,0.92,0.44,0.95,0.97,0.96,0.5,0.97,0.98
1,0.91,0.32,0.95,0.97,0.96,0.5,0.97,0.98
2,0.92,0.44,0.96,0.97,0.96,0.37,0.97,0.98
3,0.91,0.44,0.95,0.97,0.96,0.5,0.97,0.98
4,0.92,0.32,0.95,0.97,0.94,0.5,0.97,0.98
5,0.91,0.44,0.95,0.97,0.96,0.5,0.97,0.98
6,0.91,0.32,0.94,0.97,0.96,0.5,0.97,0.98
7,0.91,0.44,0.95,0.97,0.94,0.37,0.96,0.98
8,0.91,0.44,0.95,0.97,0.96,0.5,0.97,0.98
9,0.91,0.44,0.95,0.97,0.96,0.5,0.97,0.98
10,0.91,0.44,0.96,0.97,0.96,0.62,0.97,0.98
11,0.91,0.56,0.95,0.98,0.96,0.62,0.97,0.98
12,0.92,0.44,0.96,0.98,0.96,0.62,0.96,0.98
13,0.91,0.56,0.95,0.98,0.96,0.62,0.99,0.98
14,0.91,0.32,0.95,0.98,0.96,0.5,0.97,0.98
15,0.92,0.44,0.96,0.98,0.96,0.5,0.97,0.98
16,0.91,0.44,0.95,0.98,0.96,0.62,0.97,0.98
17,0.92,0.44,0.95,0.98,0.96,0.62,0.97,0.98
18,0.92,0.56,0.96,0.98,0.96,0.62,0.97,0.98
19,0.92,0.56,0.96,0.98,0.96,0.5,0.97,0.99
20,0.92,0.56,0.96,0.98,0.96,0.5,0.99,0.99
21,0.91,0.56,0.96,0.98,0.96,0.62,0.99,0.99
22,0.94,0.56,0.96,0.98,0.98,0.5,1.0,0.99
23,0.94,0.68,0.96,0.98,0.98,0.62,0.99,0.99
24,0.92,0.56,0.96,0.98,0.98,0.62,0.99,0.99
25,0.92,0.68,0.97,0.98,0.96,0.62,0.99,0.99
26,0.94,0.68,0.97,0.98,0.98,0.62,0.99,0.99
27,0.94,0.56,0.97,0.98,0.98,0.62,0.99,0.99
28,0.92,0.79,0.98,0.98,0.98,0.75,1.0,0.99
29,0.94,0.68,0.98,0.98,0.98,0.75,0.99,0.99
30,0.94,0.68,0.98,0.98,0.96,0.87,0.99,0.99
31,0.94,0.68,0.97,0.98,0.98,0.75,0.97,0.99
32,0.94,0.68,0.98,0.99,0.98,0.75,0.99,0.99
33,0.94,0.68,0.98,0.98,0.98,0.62,0.99,0.99
34,0.94,0.68,0.97,0.98,0.98,0.62,0.99,0.99
35,0.96,0.68,0.97,0.98,0.96,0.37,0.99,0.99
36,0.94,0.68,0.97,0.98,0.98,0.5,0.99,0.99
37,0.94,0.56,0.97,0.98,0.98,0.5,0.99,0.99
38,0.98,0.68,0.99,0.99,0.96,0.62,0.99,0.99
39,0.96,0.56,0.98,0.99,0.98,0.62,1.0,0.99
40,1.0,0.56,1.0,0.99,1.0,0.62,0.99,0.99
41,0.44,0.68,0.32,0.34,0.36,0.5,0.25,0.37
42,0.11,0.56,0.1,0.01,0.11,0.5,0.07,0.02
43,0.11,0.44,0.1,0.01,0.11,0.5,0.08,0.02
44,0.11,0.44,0.1,0.01,0.11,0.5,0.08,0.02
45,0.11,0.56,0.1,0.01,0.11,0.5,0.07,0.02
46,0.11,0.56,0.09,0.01,0.09,0.5,0.07,0.02
47,0.11,0.44,0.08,0.01,0.09,0.5,0.06,0.02
48,0.09,0.44,0.08,0.01,0.09,0.37,0.06,0.02
49,0.08,0.32,0.07,0.01,0.08,0.25,0.05,0.02
50,0.08,0.21,0.07,0.01,0.06,0.25,0.05,0.02
51,0.08,0.32,0.07,0.01,0.06,0.25,0.05,0.01
52,0.08,0.32,0.07,0.01,0.06,0.25,0.05,0.01
53,0.08,0.32,0.07,0.01,0.08,0.25,0.05,0.01
54,0.08,0.32,0.07,0.01,0.08,0.37,0.05,0.01
55,0.09,0.44,0.07,0.01,0.06,0.37,0.06,0.01
56,0.08,0.44,0.07,0.01,0.08,0.25,0.04,0.01
57,0.08,0.44,0.07,0.01,0.08,0.37,0.05,0.01
58,0.06,0.32,0.06,0.01,0.06,0.37,0.05,0.01
59,0.06,0.32,0.06,0.01,0.06,0.37,0.04,0.01
60,0.06,0.21,0.05,0.01,0.06,0.25,0.04,0.01
61,0.06,0.21,0.06,0.01,0.06,0.25,0.04,0.01
62,0.06,0.32,0.06,0.01,0.06,0.25,0.04,0.01
63,0.08,0.32,0.06,0.01,0.06,0.37,0.05,0.01
64,0.08,0.44,0.06,0.01,0.06,0.37,0.04,0.01
65,0.06,0.32,0.05,0.01,0.06,0.25,0.03,0.01
66,0.05,0.12,0.03,0.0,0.04,0.37,0.02,0.01
67,0.03,0.21,0.02,0.01,0.03,0.13,0.02,0.01
68,0.03,0.21,0.02,0.0,0.03,0.25,0.02,0.01
69,0.03,0.12,0.02,0.0,0.03,0.13,0.02,0.01
70,0.03,0.12,0.02,0.0,0.03,0.13,0.02,0.0
71,0.03,0.12,0.03,0.0,0.03,0.13,0.02,0.01
72,0.05,0.12,0.03,0.0,0.03,0.13,0.02,0.0
73,0.05,0.21,0.03,0.0,0.03,0.13,0.02,0.0
74,0.05,0.21,0.03,0.0,0.03,0.37,0.02,0.0
75,0.05,0.21,0.03,0.0,0.03,0.25,0.03,0.0
76,0.03,0.21,0.03,0.0,0.03,0.13,0.02,0.0
77,0.03,0.21,0.02,0.0,0.03,0.25,0.02,0.0
78,0.03,0.21,0.02,0.0,0.03,0.13,0.02,0.0
79,0.03,0.21,0.03,0.0,0.03,0.13,0.02,0.0
80,0.03,0.12,0.02,0.0,0.03,0.13,0.01,0.0
81,0.02,0.12,0.02,0.0,0.01,0.25,0.01,0.0
82,0.03,0.12,0.02,0.0,0.01,0.0,0.01,0.0
83,0.03,0.0,0.02,0.0,0.03,0.0,0.01,0.0
84,0.03,0.0,0.02,0.0,0.01,0.0,0.01,0.0
85,0.03,0.0,0.01,0.0,0.01,0.0,0.01,0.0
86,0.03,0.12,0.02,0.0,0.01,0.0,0.01,0.0
87,0.03,0.21,0.02,0.0,0.03,0.13,0.02,0.0
88,0.03,0.12,0.02,0.0,0.03,0.13,0.01,0.0
89,0.02,0.0,0.01,0.0,0.01,0.0,0.01,0.0
90,0.02,0.0,0.02,0.0,0.01,0.0,0.02,0.0
91,0.02,0.0,0.02,0.0,0.01,0.0,0.01,0.0
92,0.02,0.12,0.01,0.0,0.01,0.13,0.01,0.0
93,0.02,0.0,0.02,0.0,0.01,0.0,0.0,0.0
94,0.02,0.12,0.02,0.0,0.01,0.0,0.01,0.0
95,0.03,0.12,0.02,0.0,0.01,0.13,0.01,0.0
96,0.03,0.21,0.02,0.0,0.01,0.25,0.01,0.0
97,0.02,0.12,0.02,0.0,0.0,0.25,0.02,0.0
98,0.0,0.0,0.01,0.0,0.01,0.13,0.01,0.0
99,0.02,0.12,0.0,0.0,0.01,0.25,0.0,0.0
100,0.02,0.0,0.02,0.0,0.01,0.13,0.0,0.0
101,0.02,0.12,0.02,0.0,0.03,0.13,0.04,0.0
102,0.05,0.12,0.04,0.0,0.04,0.0,0.07,0.0
103,0.08,0.12,0.09,0.01,0.11,0.0,0.13,0.01
104,0.13,0.12,0.14,0.01,0.17,0.13,0.18,0.02
105,0.13,0.12,0.16,0.02,0.18,0.13,0.21,0.02
106,0.17,0.12,0.21,0.02,0.22,0.13,0.25,0.02
107,0.24,0.0,0.28,0.04,0.3,0.13,0.31,0.04
108,0.29,0.12,0.34,0.05,0.35,0.0,0.36,0.05
109,0.35,0.12,0.37,0.06,0.38,0.13,0.41,0.06
110,0.39,0.12,0.42,0.07,0.41,0.13,0.44,0.07
111,0.44,0.21,0.45,0.08,0.47,0.13,0.48,0.08
112,0.47,0.12,0.5,0.09,0.5,0.25,0.51,0.09
113,0.53,0.21,0.53,0.11,0.52,0.25,0.56,0.11
114,0.53,0.21,0.55,0.12,0.55,0.25,0.57,0.11
115,0.58,0.12,0.6,0.14,0.59,0.13,0.59,0.13
116,0.61,0.12,0.61,0.15,0.61,0.13,0.63,0.14
117,0.63,0.12,0.64,0.17,0.63,0.25,0.66,0.16
118,0.65,0.12,0.66,0.19,0.65,0.13,0.67,0.17
119,0.67,0.21,0.67,0.19,0.66,0.25,0.68,0.18
120,0.68,0.21,0.69,0.21,0.68,0.25,0.71,0.2
121,0.68,0.21,0.7,0.23,0.7,0.37,0.72,0.21
122,0.68,0.21,0.72,0.24,0.72,0.37,0.73,0.22
123,0.7,0.21,0.73,0.25,0.72,0.37,0.74,0.23
124,0.72,0.32,0.74,0.27,0.76,0.5,0.76,0.25
125,0.72,0.44,0.76,0.28,0.76,0.37,0.77,0.26
126,0.76,0.44,0.76,0.31,0.78,0.62,0.78,0.28
127,0.76,0.44,0.78,0.31,0.78,0.62,0.78,0.28
128,0.76,0.56,0.78,0.33,0.78,0.5,0.8,0.3
129,0.77,0.44,0.8,0.35,0.78,0.62,0.81,0.31
130,0.77,0.56,0.8,0.35,0.8,0.62,0.82,0.32
131,0.77,0.44,0.81,0.37,0.82,0.62,0.82,0.34
132,0.79,0.56,0.81,0.39,0.82,0.62,0.84,0.35
133,0.79,0.56,0.82,0.4,0.82,0.62,0.84,0.36
134,0.79,0.56,0.82,0.42,0.82,0.62,0.85,0.37
135,0.79,0.44,0.82,0.42,0.82,0.62,0.84,0.38
136,0.79,0.56,0.83,0.43,0.82,0.5,0.85,0.39
137,0.81,0.56,0.84,0.45,0.84,0.62,0.85,0.4
138,0.83,0.68,0.84,0.47,0.84,0.62,0.86,0.42
139,0.81,0.68,0.85,0.48,0.86,0.62,0.85,0.43
140,0.83,0.56,0.84,0.49,0.86,0.75,0.88,0.44
141,0.85,0.68,0.85,0.5,0.86,0.62,0.86,0.45
142,0.83,0.56,0.86,0.51,0.86,0.62,0.86,0.45
143,0.83,0.68,0.85,0.52,0.86,0.5,0.88,0.46
144,0.85,0.56,0.85,0.53,0.88,0.87,0.88,0.47
145,0.83,0.56,0.86,0.54,0.86,0.62,0.88,0.48
146,0.85,0.56,0.86,0.55,0.88,0.75,0.88,0.5
147,0.85,0.56,0.87,0.56,0.86,0.62,0.89,0.51
148,0.85,0.44,0.87,0.57,0.88,0.62,0.89,0.51
149,0.85,0.44,0.86,0.58,0.88,0.62,0.88,0.52
150,0.85,0.44,0.87,0.59,0.88,0.62,0.89,0.53
151,0.85,0.44,0.89,0.59,0.88,0.62,0.9,0.54
152,0.87,0.56,0.89,0.6,0.88,0.62,0.89,0.55
153,0.87,0.56,0.89,0.61,0.88,0.62,0.9,0.55
154,0.89,0.56,0.89,0.61,0.9,0.62,0.9,0.56
155,0.89,0.44,0.89,0.62,0.88,0.62,0.9,0.57
156,0.89,0.44,0.89,0.63,0.9,0.5,0.92,0.57
157,0.87,0.32,0.91,0.63,0.9,0.5,0.9,0.58
158,0.89,0.32,0.89,0.64,0.9,0.5,0.92,0.59
159,0.89,0.32,0.89,0.65,0.9,0.5,0.9,0.59
160,0.89,0.32,0.89,0.65,0.9,0.62,0.93,0.6
161,0.89,0.44,0.89,0.66,0.9,0.5,0.92,0.61
162,0.87,0.44,0.91,0.66,0.9,0.62,0.93,0.61
163,0.91,0.56,0.92,0.67,0.9,0.5,0.93,0.62
164,0.89,0.44,0.92,0.68,0.92,0.62,0.93,0.63
165,0.89,0.56,0.91,0.68,0.9,0.62,0.93,0.63
166,0.87,0.44,0.89,0.69,0.9,0.62,0.93,0.64
167,0.87,0.21,0.89,0.69,0.9,0.5,0.92,0.64
168,0.87,0.32,0.89,0.7,0.9,0.5,0.92,0.65
169,0.87,0.44,0.89,0.71,0.9,0.5,0.93,0.66
170,0.87,0.44,0.91,0.71,0.9,0.5,0.9,0.66
171,0.87,0.44,0.91,0.71,0.9,0.5,0.92,0.66
172,0.87,0.32,0.89,0.72,0.92,0.5,0.93,0.67
173,0.85,0.44,0.89,0.72,0.9,0.62,0.92,0.68
174,0.85,0.44,0.89,0.73,0.9,0.5,0.92,0.68
175,0.87,0.32,0.89,0.73,0.92,0.5,0.93,0.69
176,0.87,0.44,0.89,0.73,0.9,0.5,0.92,0.69
177,0.87,0.56,0.91,0.74,0.9,0.62,0.92,0.7
178,0.87,0.44,0.91,0.74,0.92,0.62,0.92,0.7
179,0.87,0.44,0.91,0.74,0.9,0.5,0.93,0.7
180,0.85,0.56,0.91,0.74,0.92,0.62,0.93,0.71
181,0.87,0.44,0.91,0.75,0.92,0.62,0.92,0.71
182,0.87,0.56,0.91,0.75,0.92,0.62,0.94,0.71
183,0.87,0.56,0.92,0.76,0.92,0.62,0.93,0.72
184,0.89,0.56,0.91,0.76,0.92,0.62,0.94,0.72
185,0.89,0.56,0.92,0.76,0.92,0.62,0.93,0.73
186,0.87,0.56,0.92,0.76,0.92,0.62,0.93,0.73
187,0.87,0.44,0.91,0.77,0.92,0.62,0.93,0.73
188,0.87,0.32,0.91,0.77,0.92,0.5,0.93,0.73
189,0.87,0.32,0.89,0.77,0.9,0.5,0.93,0.74
190,0.85,0.32,0.89,0.78,0.9,0.5,0.93,0.74
191,0.87,0.21,0.89,0.78,0.9,0.5,0.92,0.74
192,0.87,0.32,0.89,0.78,0.9,0.25,0.92,0.75
193,0.87,0.32,0.89,0.78,0.9,0.37,0.92,0.75
194,0.87,0.32,0.89,0.78,0.9,0.37,0.92,0.75
195,0.85,0.32,0.89,0.79,0.9,0.37,0.93,0.76
196,0.87,0.32,0.89,0.79,0.9,0.5,0.93,0.76
197,0.87,0.32,0.89,0.79,0.9,0.5,0.93,0.76
198,0.87,0.21,0.89,0.79,0.9,0.37,0.93,0.76
199,0.87,0.21,0.89,0.79,0.9,0.5,0.93,0.77
200,0.87,0.21,0.89,0.8,0.92,0.5,0.93,0.77
201,0.85,0.21,0.89,0.8,0.9,0.37,0.93,0.77
202,0.85,0.21,0.89,0.8,0.9,0.25,0.92,0.78
203,0.85,0.21,0.89,0.8,0.9,0.37,0.92,0.78
204,0.85,0.12,0.89,0.81,0.9,0.37,0.92,0.78
205,0.85,0.21,0.89,0.81,0.9,0.37,0.93,0.78
206,0.85,0.21,0.89,0.81,0.9,0.37,0.93,0.78
207,0.85,0.21,0.89,0.81,0.9,0.5,0.92,0.79
208,0.85,0.21,0.89,0.81,0.9,0.37,0.93,0.79
209,0.85,0.32,0.89,0.82,0.9,0.5,0.93,0.79
210,0.85,0.32,0.89,0.82,0.9,0.5,0.94,0.79
211,0.87,0.44,0.89,0.82,0.92,0.5,0.93,0.8
212,0.87,0.44,0.91,0.82,0.9,0.5,0.93,0.8
213,0.85,0.44,0.91,0.83,0.92,0.5,0.93,0.8
214,0.87,0.44,0.91,0.83,0.9,0.62,0.93,0.81
215,0.87,0.44,0.91,0.83,0.92,0.62,0.93,0.8
216,0.85,0.32,0.89,0.83,0.9,0.5,0.92,0.81
217,0.85,0.32,0.89,0.83,0.9,0.5,0.93,0.81
218,0.85,0.44,0.89,0.83,0.9,0.37,0.93,0.81
219,0.85,0.21,0.89,0.83,0.9,0.37,0.92,0.81
220,0.85,0.32,0.89,0.83,0.92,0.5,0.93,0.81
221,0.87,0.32,0.89,0.83,0.9,0.5,0.93,0.82
222,0.85,0.32,0.89,0.84,0.92,0.37,0.93,0.82
223,0.87,0.44,0.91,0.84,0.9,0.5,0.93,0.82
224,0.87,0.44,0.92,0.84,0.92,0.62,0.94,0.82
225,0.87,0.56,0.92,0.84,0.92,0.5,0.94,0.82
226,0.87,0.44,0.91,0.84,0.92,0.5,0.93,0.83
227,0.87,0.44,0.92,0.85,0.92,0.5,0.94,0.83
228,0.87,0.44,0.92,0.85,0.92,0.62,0.92,0.83
229,0.87,0.44,0.92,0.85,0.92,0.62,0.96,0.83
230,0.87,0.44,0.91,0.85,0.92,0.62,0.93,0.83
231,0.87,0.44,0.92,0.85,0.94,0.62,0.94,0.84
232,0.87,0.44,0.92,0.85,0.9,0.5,0.94,0.84
233,0.87,0.44,0.92,0.85,0.94,0.62,0.93,0.84
234,0.87,0.44,0.92,0.85,0.92,0.62,0.94,0.84
235,0.87,0.56,0.92,0.86,0.92,0.62,0.94,0.84
236,0.85,0.56,0.92,0.86,0.92,0.62,0.94,0.84
237,0.87,0.56,0.91,0.86,0.92,0.75,0.94,0.85
238,0.83,0.44,0.91,0.86,0.92,0.5,0.93,0.85
239,0.85,0.56,0.91,0.86,0.92,0.5,0.93,0.85
240,0.85,0.44,0.91,0.86,0.92,0.62,0.93,0.85
241,0.85,0.56,0.91,0.86,0.9,0.62,0.94,0.85
242,0.87,0.44,0.92,0.86,0.9,0.62,0.94,0.85
243,0.87,0.44,0.91,0.87,0.92,0.62,0.94,0.85
244,0.87,0.56,0.92,0.87,0.92,0.62,0.94,0.86
245,0.87,0.56,0.92,0.87,0.92,0.62,0.94,0.86
246,0.87,0.56,0.92,0.87,0.94,0.62,0.94,0.86
247,0.89,0.56,0.91,0.87,0.92,0.62,0.94,0.86
248,0.91,0.56,0.92,0.87,0.94,0.5,0.96,0.86
249,0.89,0.68,0.93,0.87,0.94,0.75,0.94,0.86
250,0.91,0.56,0.93,0.87,0.94,0.62,0.96,0.86
251,0.91,0.68,0.93,0.87,0.92,0.62,0.94,0.86
252,0.89,0.44,0.93,0.87,0.92,0.62,0.94,0.87
253,0.89,0.56,0.93,0.87,0.94,0.62,0.96,0.87
254,0.89,0.56,0.93,0.88,0.94,0.62,0.94,0.87
255,0.91,0.56,0.93,0.88,0.94,0.5,0.96,0.87
256,0.91,0.44,0.93,0.88,0.94,0.37,0.94,0.87
257,0.91,0.56,0.93,0.88,0.92,0.5,0.94,0.87
258,0.91,0.56,0.93,0.88,0.94,0.5,0.96,0.87
259,0.91,0.44,0.93,0.88,0.92,0.62,0.94,0.87
260,0.91,0.56,0.93,0.88,0.94,0.62,0.96,0.87
261,0.91,0.68,0.93,0.88,0.94,0.62,0.96,0.88
262,0.91,0.56,0.93,0.88,0.94,0.75,0.97,0.88
263,0.91,0.56,0.94,0.89,0.94,0.62,0.97,0.88
264,0.91,0.68,0.94,0.89,0.94,0.75,0.97,0.88
265,0.92,0.56,0.94,0.89,0.94,0.75,0.96,0.88
266,0.91,0.68,0.94,0.89,0.96,0.75,0.96,0.88
267,0.91,0.68,0.94,0.89,0.96,0.62,0.97,0.88
268,0.91,0.56,0.94,0.89,0.94,0.62,0.96,0.88
269,0.91,0.56,0.94,0.89,0.94,0.62,0.96,0.88
270,0.91,0.68,0.95,0.89,0.94,0.62,0.96,0.88
271,0.91,0.68,0.94,0.89,0.94,0.75,0.97,0.88
272,0.91,0.68,0.94,0.89,0.94,0.75,0.96,0.88
273,0.91,0.68,0.94,0.9,0.96,0.75,0.96,0.89
274,0.89,0.68,0.94,0.89,0.94,0.75,0.96,0.89
275,0.89,0.79,0.94,0.9,0.94,0.87,0.96,0.89
276,0.89,0.79,0.94,0.9,0.94,0.75,0.97,0.89
277,0.89,0.79,0.93,0.9,0.96,0.75,0.97,0.89
278,0.89,0.79,0.93,0.9,0.94,0.75,0.96,0.89
279,0.89,0.79,0.93,0.9,0.94,0.87,0.97,0.89
280,0.89,0.79,0.93,0.9,0.94,0.75,0.96,0.9
281,0.89,0.68,0.93,0.9,0.94,0.75,0.96,0.9
282,0.87,0.68,0.93,0.9,0.92,0.75,0.96,0.9
283,0.89,0.68,0.93,0.9,0.92,0.62,0.94,0.9
284,0.89,0.79,0.94,0.91,0.94,0.75,0.94,0.9
285,0.89,0.79,0.93,0.91,0.94,0.87,0.96,0.9
286,0.89,0.79,0.93,0.91,0.94,0.87,0.96,0.9
287,0.91,0.88,0.93,0.91,0.94,0.87,0.96,0.9
288,0.89,0.79,0.93,0.91,0.94,0.87,0.96,0.9
289,0.91,0.79,0.93,0.91,0.94,0.87,0.97,0.9
290,0.91,0.79,0.94,0.91,0.94,0.87,0.97,0.9
291,0.92,0.79,0.94,0.91,0.92,0.75,0.97,0.91
292,0.91,0.79,0.94,0.91,0.94,0.75,0.96,0.91
293,0.91,0.79,0.93,0.91,0.96,0.87,0.96,0.91
294,0.91,0.79,0.94,0.91,0.94,0.87,0.96,0.91
295,0.91,0.79,0.94,0.91,0.94,0.87,0.96,0.91
296,0.91,0.79,0.95,0.91,0.94,0.75,0.97,0.91
297,0.91,1.0,0.95,0.92,0.96,0.87,0.97,0.91
298,0.91,0.88,0.94,0.92,0.96,0.87,0.97,0.91
299,0.91,0.79,0.94,0.92,0.96,0.87,0.97,0.91
300,0.91,0.79,0.95,0.92,0.94,0.75,0.97,0.91
301,0.91,0.79,0.95,0.92,0.94,0.75,0.97,0.91
302,0.91,0.88,0.94,0.92,0.96,0.87,0.97,0.91
303,0.91,0.79,0.95,0.92,0.94,0.87,0.97,0.91
304,0.92,0.88,0.95,0.92,0.94,0.87,0.96,0.91
305,0.91,0.79,0.94,0.92,0.96,1.0,0.97,0.92
306,0.91,0.79,0.95,0.92,0.96,0.75,0.96,0.92
307,0.91,0.79,0.93,0.92,0.94,0.87,0.96,0.92
308,0.91,0.79,0.93,0.92,0.94,0.87,0.96,0.92
309,0.91,0.79,0.93,0.92,0.94,0.75,0.96,0.92
310,0.91,0.68,0.93,0.92,0.94,0.75,0.96,0.92
311,0.89,0.68,0.93,0.92,0.94,0.75,0.97,0.92
312,0.89,0.56,0.92,0.92,0.92,0.62,0.96,0.92
313,0.89,0.56,0.92,0.92,0.94,0.62,0.96,0.92
314,0.89,0.79,0.93,0.92,0.94,0.75,0.96,0.92
315,0.91,0.68,0.93,0.92,0.94,0.87,0.97,0.92
316,0.91,0.79,0.94,0.92,0.94,0.75,0.96,0.92
317,0.91,0.79,0.94,0.92,0.94,0.87,0.96,0.92
318,0.91,0.79,0.94,0.93,0.94,0.87,0.96,0.92
319,0.91,0.88,0.94,0.92,0.94,1.0,0.97,0.92
320,0.91,0.79,0.94,0.93,0.96,0.87,0.96,0.92
321,0.91,0.79,0.93,0.93,0.94,0.87,0.96,0.93
322,0.91,0.79,0.94,0.93,0.94,0.87,0.96,0.92
323,0.91,0.79,0.94,0.93,0.94,0.87,0.96,0.93
324,0.91,0.68,0.94,0.93,0.94,0.87,0.96,0.93
325,0.91,0.79,0.93,0.93,0.94,0.87,0.96,0.93
326,0.91,0.79,0.94,0.93,0.94,0.75,0.96,0.93
327,0.91,0.79,0.94,0.93,0.94,0.75,0.97,0.93
328,0.91,0.79,0.94,0.93,0.96,0.87,0.96,0.93
329,0.92,0.79,0.95,0.93,0.94,0.75,0.99,0.93
330,0.92,0.88,0.95,0.93,0.96,0.87,0.99,0.93
331,0.91,0.88,0.95,0.93,0.96,0.87,0.99,0.93
332,0.92,0.88,0.95,0.93,0.96,0.87,0.99,0.93
333,0.92,0.88,0.96,0.93,0.96,0.87,0.99,0.93
334,0.92,0.88,0.96,0.93,0.96,0.87,0.97,0.93
335,0.92,0.79,0.95,0.93,0.96,0.87,0.97,0.93
336,0.92,0.68,0.94,0.93,0.96,0.87,0.96,0.93
337,0.91,0.68,0.94,0.93,0.94,0.87,0.97,0.93
338,0.89,0.56,0.94,0.94,0.94,0.75,0.96,0.93
339,0.89,0.68,0.93,0.93,0.94,0.62,0.96,0.94
340,0.89,0.68,0.94,0.93,0.94,0.62,0.96,0.94
341,0.89,0.56,0.93,0.93,0.94,0.62,0.97,0.94
342,0.89,0.68,0.92,0.94,0.94,0.62,0.97,0.94
343,0.89,0.68,0.93,0.94,0.94,0.87,0.96,0.94
344,0.91,0.68,0.93,0.94,0.94,0.75,0.96,0.94
345,0.89,0.68,0.94,0.94,0.94,0.75,0.96,0.94
346,0.89,0.68,0.93,0.94,0.94,0.62,0.96,0.94
347,0.89,0.68,0.93,0.94,0.94,0.62,0.96,0.94
348,0.89,0.68,0.92,0.94,0.94,0.75,0.96,0.94
349,0.89,0.68,0.93,0.94,0.94,0.62,0.96,0.94
350,0.89,0.68,0.93,0.94,0.94,0.62,0.96,0.94
351,0.91,0.68,0.94,0.94,0.94,0.62,0.96,0.94
352,0.91,0.68,0.94,0.94,0.94,0.75,0.96,0.94
353,0.91,0.68,0.94,0.94,0.94,0.62,0.96,0.94
354,0.91,0.68,0.94,0.94,0.94,0.75,0.97,0.94
355,0.91,0.68,0.93,0.94,0.94,0.62,0.96,0.95
356,0.89,0.68,0.94,0.94,0.96,0.62,0.94,0.94
357,0.91,0.68,0.94,0.94,0.94,0.75,0.96,0.94
358,0.91,0.68,0.95,0.94,0.96,0.75,0.96,0.95
359,0.91,0.68,0.95,0.94,0.94,0.75,0.96,0.95
360,0.91,0.68,0.93,0.94,0.94,0.87,0.96,0.95
361,0.89,0.68,0.93,0.94,0.94,0.75,0.97,0.95
362,0.89,0.68,0.93,0.94,0.94,0.75,0.97,0.95
363,0.91,0.68,0.93,0.94,0.96,0.62,0.96,0.95
364,0.91,0.79,0.94,0.95,0.96,0.87,0.96,0.95
365,0.92,0.79,0.94,0.95,0.96,0.87,0.96,0.95
366,0.91,0.79,0.94,0.95,0.96,0.75,0.97,0.95
367,0.92,0.79,0.95,0.95,0.96,0.87,0.97,0.95
368,0.91,0.79,0.94,0.95,0.96,0.87,0.97,0.95
369,0.91,0.79,0.95,0.95,0.94,0.87,0.96,0.95
370,0.89,0.68,0.94,0.95,0.96,0.75,0.97,0.95
371,0.89,0.68,0.94,0.95,0.94,0.75,0.97,0.95
372,0.91,0.68,0.93,0.95,0.94,0.75,0.96,0.95
373,0.87,0.56,0.93,0.95,0.94,0.62,0.96,0.95
374,0.87,0.44,0.91,0.95,0.92,0.62,0.94,0.95
375,0.87,0.56,0.91,0.95,0.92,0.62,0.96,0.95
376,0.87,0.32,0.92,0.95,0.92,0.62,0.94,0.95
377,0.87,0.44,0.91,0.95,0.92,0.62,0.94,0.95
378,0.87,0.44,0.91,0.95,0.94,0.62,0.94,0.95
379,0.87,0.56,0.91,0.95,0.92,0.5,0.94,0.95
380,0.85,0.44,0.91,0.95,0.9,0.62,0.94,0.95
381,0.85,0.44,0.89,0.95,0.92,0.62,0.94,0.95
382,0.85,0.44,0.89,0.95,0.9,0.5,0.93,0.95
383,0.85,0.44,0.89,0.95,0.9,0.62,0.94,0.95
384,0.85,0.32,0.89,0.95,0.9,0.5,0.93,0.95
385,0.85,0.21,0.89,0.95,0.9,0.37,0.93,0.95
386,0.87,0.32,0.89,0.95,0.92,0.5,0.94,0.95
387,0.89,0.56,0.91,0.95,0.92,0.5,0.94,0.95
388,0.87,0.56,0.91,0.95,0.92,0.5,0.94,0.96
389,0.89,0.44,0.92,0.95,0.92,0.62,0.94,0.96
390,0.89,0.56,0.92,0.95,0.94,0.62,0.96,0.96
391,0.89,0.56,0.92,0.95,0.92,0.75,0.96,0.96
392,0.89,0.44,0.92,0.95,0.92,0.62,0.96,0.96
393,0.89,0.44,0.93,0.96,0.92,0.5,0.96,0.96
394,0.89,0.32,0.92,0.96,0.94,0.37,0.96,0.96
395,0.87,0.32,0.91,0.95,0.92,0.5,0.94,0.96
396,0.87,0.21,0.91,0.95,0.92,0.37,0.93,0.96
397,0.87,0.32,0.91,0.95,0.92,0.37,0.94,0.96
398,0.89,0.32,0.91,0.95,0.92,0.37,0.94,0.96
399,0.89,0.32,0.92,0.96,0.92,0.5,0.96,0.96
400,0.89,0.32,0.92,0.95,0.92,0.5,0.96,0.96
401,0.89,0.44,0.91,0.95,0.92,0.5,0.94,0.96
402,0.89,0.32,0.92,0.96,0.92,0.62,0.96,0.96
403,0.87,0.32,0.92,0.96,0.92,0.5,0.96,0.96
404,0.89,0.32,0.91,0.96,0.92,0.5,0.94,0.96
405,0.87,0.32,0.92,0.96,0.92,0.5,0.96,0.96
406,0.87,0.32,0.92,0.96,0.92,0.5,0.94,0.96
407,0.89,0.44,0.93,0.96,0.94,0.5,0.94,0.96
408,0.89,0.32,0.93,0.96,0.92,0.62,0.96,0.96
409,0.89,0.44,0.92,0.96,0.92,0.62,0.94,0.96
410,0.87,0.32,0.92,0.96,0.92,0.5,0.94,0.96
411,0.87,0.32,0.89,0.96,0.92,0.5,0.94,0.96
412,0.87,0.21,0.89,0.96,0.92,0.37,0.94,0.96
413,0.85,0.12,0.91,0.96,0.92,0.37,0.93,0.96
414,0.85,0.21,0.91,0.96,0.92,0.37,0.94,0.96
415,0.85,0.21,0.89,0.96,0.9,0.5,0.93,0.96
416,0.85,0.12,0.89,0.96,0.9,0.25,0.93,0.96
417,0.85,0.12,0.89,0.96,0.9,0.37,0.94,0.96
418,0.85,0.21,0.89,0.96,0.92,0.25,0.93,0.97
419,0.85,0.21,0.89,0.96,0.9,0.37,0.93,0.96
420,0.85,0.12,0.89,0.96,0.9,0.5,0.93,0.96
421,0.85,0.0,0.89,0.96,0.9,0.25,0.93,0.96
422,0.83,0.0,0.89,0.96,0.9,0.25,0.93,0.96
423,0.85,0.12,0.89,0.96,0.9,0.25,0.94,0.96
424,0.83,0.12,0.89,0.96,0.9,0.25,0.92,0.97
425,0.85,0.21,0.89,0.96,0.9,0.25,0.94,0.97
426,0.87,0.12,0.89,0.96,0.9,0.37,0.93,0.97
427,0.87,0.21,0.91,0.96,0.9,0.37,0.93,0.97
428,0.87,0.12,0.91,0.96,0.9,0.25,0.96,0.97
429,0.87,0.32,0.91,0.96,0.92,0.37,0.94,0.97
430,0.87,0.32,0.91,0.97,0.92,0.37,0.94,0.97
431,0.87,0.21,0.92,0.97,0.94,0.37,0.96,0.97
432,0.87,0.21,0.92,0.97,0.92,0.37,0.96,0.97
433,0.87,0.32,0.92,0.97,0.92,0.5,0.94,0.97
434,0.87,0.21,0.92,0.97,0.94,0.5,0.96,0.97
435,0.87,0.32,0.92,0.97,0.94,0.5,0.96,0.97
436,0.87,0.44,0.93,0.97,0.94,0.5,0.96,0.97
437,0.87,0.32,0.92,0.97,0.94,0.5,0.96,0.97
438,0.87,0.32,0.92,0.97,0.92,0.5,0.96,0.97
439,0.85,0.32,0.92,0.97,0.92,0.62,0.96,0.97
440,0.85,0.32,0.91,0.97,0.92,0.5,0.94,0.97
441,0.85,0.32,0.91,0.97,0.92,0.5,0.94,0.97
442,0.87,0.21,0.91,0.97,0.92,0.5,0.94,0.97
443,0.85,0.44,0.91,0.97,0.92,0.37,0.94,0.98
444,0.87,0.44,0.92,0.97,0.92,0.5,0.96,0.98
445,0.87,0.32,0.92,0.97,0.92,0.62,0.96,0.98
446,0.87,0.44,0.92,0.98,0.94,0.62,0.96,0.98
447,0.87,0.44,0.92,0.98,0.94,0.62,0.96,0.98
448,0.87,0.56,0.92,0.97,0.94,0.62,0.94,0.98
449,0.87,0.44,0.92,0.97,0.92,0.62,0.94,0.98
450,0.85,0.44,0.92,0.97,0.94,0.62,0.94,0.98
451,0.87,0.56,0.92,0.98,0.92,0.5,0.96,0.98
452,0.87,0.44,0.92,0.98,0.92,0.62,0.93,0.98
453,0.87,0.44,0.92,0.98,0.92,0.62,0.96,0.98
454,0.87,0.32,0.89,0.98,0.92,0.62,0.94,0.98
455,0.85,0.44,0.91,0.98,0.92,0.5,0.94,0.98
456,0.87,0.44,0.92,0.98,0.92,0.5,0.96,0.98
457,0.87,0.44,0.92,0.98,0.92,0.62,0.96,0.98
458,0.87,0.56,0.91,0.98,0.92,0.75,0.94,0.98
459,0.87,0.44,0.92,0.98,0.92,0.62,0.94,0.98
460,0.87,0.44,0.92,0.98,0.92,0.62,0.94,0.98
461,0.85,0.44,0.92,0.98,0.9,0.62,0.94,0.98
462,0.87,0.44,0.91,0.98,0.92,0.62,0.94,0.98
463,0.89,0.56,0.92,0.98,0.92,0.62,0.94,0.98
464,0.87,0.44,0.93,0.98,0.92,0.75,0.94,0.98
465,0.89,0.44,0.92,0.98,0.92,0.62,0.94,0.98
466,0.89,0.44,0.93,0.98,0.92,0.62,0.96,0.98
467,0.89,0.56,0.93,0.98,0.94,0.62,0.96,0.98
468,0.89,0.56,0.93,0.98,0.94,0.62,0.96,0.98
469,0.91,0.56,0.93,0.98,0.94,0.62,0.97,0.98
470,0.91,0.56,0.94,0.98,0.94,0.75,0.97,0.99
471,0.89,0.68,0.94,0.98,0.94,0.75,0.96,0.99
472,0.91,0.68,0.94,0.98,0.94,0.75,0.97,0.99
473,0.91,0.56,0.94,0.98,0.94,0.62,0.97,0.99
474,0.91,0.68,0.94,0.98,0.94,0.87,0.97,0.99
475,0.91,0.68,0.94,0.99,0.94,0.75,0.97,0.99
476,0.91,0.56,0.94,0.99,0.94,0.75,0.96,0.99
477,0.91,0.56,0.94,0.99,0.94,0.75,0.97,0.99
478,0.91,0.68,0.94,0.99,0.94,0.75,0.97,0.99
479,0.89,0.68,0.94,0.99,0.96,0.87,0.96,0.99
480,0.89,0.68,0.94,0.99,0.94,0.87,0.97,0.99
481,0.89,0.56,0.94,0.99,0.94,0.75,0.97,0.99
482,0.89,0.56,0.93,0.99,0.94,0.62,0.96,0.99
483,0.89,0.56,0.93,0.99,0.94,0.62,0.96,0.99
484,0.89,0.56,0.92,0.99,0.94,0.62,0.96,0.99
485,0.89,0.56,0.93,0.99,0.94,0.62,0.96,0.99
486,0.89,0.56,0.93,0.99,0.92,0.5,0.96,0.99
487,0.91,0.56,0.93,0.99,0.94,0.75,0.96,0.99
488,0.91,0.68,0.94,0.99,0.94,0.75,0.97,0.99
489,0.91,0.56,0.94,0.99,0.94,0.75,0.97,0.99
490,0.92,0.56,0.94,0.99,0.94,0.75,0.97,0.99
491,0.91,0.68,0.96,0.99,0.96,0.75,0.99,0.99
492,0.92,0.68,0.95,0.99,0.96,0.87,0.97,0.99
493,0.92,0.68,0.95,0.99,0.96,0.87,0.97,0.99
494,0.92,0.68,0.96,0.99,0.96,0.75,0.99,0.99
495,0.92,0.56,0.95,0.99,0.96,0.87,0.99,0.99
496,0.92,0.68,0.96,0.99,0.96,0.87,0.97,0.99
497,0.91,0.68,0.96,0.99,0.96,0.87,0.97,0.99
498,0.91,0.68,0.95,0.99,0.96,0.75,0.97,0.99
499,0.92,0.68,0.95,0.99,0.96,0.75,0.97,0.99
500,0.91,0.68,0.96,0.99,0.96,0.75,0.99,0.99
501,0.92,0.68,0.95,0.99,0.96,0.87,0.97,0.99
502,0.91,0.68,0.94,0.99,0.96,0.75,0.99,0.99
503,0.92,0.68,0.95,0.99,0.96,0.75,0.97,0.99
504,0.91,0.56,0.95,0.99,0.94,0.75,0.97,0.99
505,0.89,0.56,0.95,0.99,0.96,0.75,0.97,0.99
506,0.89,0.56,0.95,0.99,0.94,0.75,0.97,0.99
507,0.89,0.56,0.94,0.99,0.94,0.75,0.97,0.99
508,0.89,0.56,0.94,0.99,0.94,0.75,0.96,0.99
509,0.91,0.68,0.94,1.0,0.94,0.75,0.96,1.0
510,0.91,0.56,0.93,0.99,0.94,0.75,0.96,0.99
511,0.91,0.68,0.93,0.99,0.94,0.62,0.97,1.0
512,0.89,0.56,0.93,0.99,0.94,0.62,0.96,0.99
513,0.89,0.56,0.94,0.99,0.96,0.75,0.96,1.0
514,0.89,0.56,0.93,0.99,0.92,0.75,0.96,1.0
515,0.89,0.44,0.93,0.99,0.92,0.62,0.96,1.0
516,0.87,0.32,0.92,0.99,0.94,0.62,0.96,0.99
517,0.89,0.44,0.92,0.99,0.92,0.62,0.96,1.0
518,0.87,0.44,0.93,1.0,0.94,0.62,0.96,1.0
519,0.87,0.44,0.92,0.99,0.92,0.62,0.96,1.0
520,0.87,0.44,0.91,0.99,0.92,0.62,0.96,0.99
521,0.85,0.32,0.92,0.99,0.94,0.5,0.96,1.0
522,0.89,0.32,0.92,0.99,0.92,0.62,0.96,1.0
523,0.89,0.44,0.93,0.99,0.94,0.62,0.96,1.0
524,0.89,0.56,0.93,1.0,0.94,0.62,0.96,1.0
525,0.89,0.44,0.93,1.0,0.94,0.62,0.96,1.0
526,0.89,0.44,0.93,1.0,0.94,0.62,0.96,1.0
527,0.87,0.44,0.92,1.0,0.94,0.62,0.96,1.0
528,0.89,0.44,0.92,1.0,0.94,0.62,0.96,1.0
529,0.87,0.32,0.92,1.0,0.94,0.5,0.96,1.0
530,0.87,0.32,0.92,1.0,0.94,0.62,0.96,1.0
531,0.85,0.44,0.92,1.0,0.92,0.62,0.96,1.0
532,0.85,0.32,0.89,0.99,0.92,0.62,0.96,1.0
533,0.85,0.44,0.91,1.0,0.92,0.62,0.96,1.0
534,0.85,0.44,0.89,1.0,0.92,0.5,0.94,1.0
535,0.85,0.44,0.91,1.0,0.9,0.5,0.94,1.0
536,0.83,0.32,0.89,1.0,0.9,0.5,0.93,1.0
537,0.83,0.21,0.89,1.0,0.9,0.5,0.94,1.0
538,0.85,0.32,0.89,1.0,0.9,0.62,0.93,1.0
539,0.83,0.32,0.89,1.0,0.9,0.62,0.94,1.0
540,0.83,0.44,0.89,1.0,0.9,0.62,0.93,1.0
541,0.83,0.32,0.89,1.0,0.92,0.62,0.94,1.0
542,0.83,0.21,0.89,1.0,0.9,0.5,0.94,1.0
