0,0.96,0.98,0.98,1.0,0.98,0.99,0.98,1.0
1,0.96,0.97,0.98,0.99,0.98,0.99,0.97,1.0
2,0.96,0.97,0.98,0.99,0.99,0.99,0.97,1.0
3,0.96,0.97,0.98,1.0,0.98,0.99,0.97,1.0
4,0.96,0.98,0.98,1.0,0.98,0.99,0.98,1.0
5,0.97,0.98,0.98,0.99,0.98,0.99,0.98,1.0
6,0.97,0.98,0.98,1.0,0.99,0.99,0.98,1.0
7,0.97,0.99,0.98,1.0,0.99,0.99,0.98,1.0
8,0.97,0.99,0.99,1.0,0.99,0.99,0.98,1.0
9,0.97,1.0,0.98,1.0,0.99,0.99,0.98,1.0
10,0.97,0.99,0.98,1.0,0.99,1.0,0.98,1.0
11,0.97,0.99,0.98,1.0,0.99,1.0,0.98,1.0
12,0.97,0.99,0.99,1.0,0.99,1.0,0.98,1.0
13,0.97,0.99,0.98,1.0,0.99,0.99,0.98,1.0
14,0.97,0.99,0.98,1.0,0.99,0.99,0.98,1.0
15,0.97,0.99,0.98,1.0,0.99,0.99,0.98,1.0
16,0.97,0.99,0.98,1.0,0.99,0.99,0.98,1.0
17,0.97,0.99,0.98,1.0,0.99,0.99,0.98,1.0
18,0.97,0.99,0.99,1.0,0.99,0.99,0.98,1.0
19,0.96,1.0,0.98,1.0,0.99,0.99,0.98,1.0
20,0.97,0.98,0.98,1.0,0.99,0.99,0.98,1.0
21,0.97,0.99,0.98,1.0,0.99,0.99,0.98,1.0
22,0.97,0.98,0.98,1.0,0.98,0.99,0.98,1.0
23,0.97,0.99,0.98,1.0,0.99,0.99,0.99,1.0
24,0.97,0.99,0.99,1.0,0.99,0.99,0.98,1.0
25,0.97,1.0,0.98,1.0,0.99,0.99,0.98,1.0
26,0.97,0.99,0.98,1.0,0.99,0.99,0.98,1.0
27,0.97,0.99,0.99,1.0,0.99,0.99,0.98,1.0
28,0.98,0.99,0.99,1.0,0.99,0.99,0.98,1.0
29,0.98,1.0,0.99,1.0,1.0,0.99,0.99,1.0
30,0.98,1.0,1.0,1.0,1.0,1.0,0.99,1.0
31,0.99,1.0,1.0,1.0,1.0,0.99,0.99,1.0
32,0.99,1.0,1.0,1.0,1.0,0.99,0.99,1.0
33,0.99,1.0,1.0,1.0,1.0,0.99,0.99,1.0
34,0.98,1.0,1.0,1.0,1.0,1.0,0.99,1.0
35,0.98,1.0,1.0,1.0,0.99,0.99,0.99,1.0
36,0.98,1.0,0.99,1.0,1.0,0.99,1.0,1.0
37,0.97,0.99,1.0,1.0,0.99,0.99,0.99,1.0
38,0.97,0.99,0.99,1.0,0.99,0.99,0.99,1.0
39,0.97,1.0,0.99,1.0,0.99,0.99,0.98,1.0
40,0.97,0.99,0.99,1.0,0.99,0.99,0.99,1.0
41,0.97,0.99,0.99,1.0,1.0,0.99,0.99,1.0
42,0.97,0.99,0.99,1.0,0.99,0.99,0.99,1.0
43,0.97,0.99,0.99,1.0,0.99,0.99,0.98,1.0
44,0.97,0.99,0.99,1.0,1.0,0.99,0.99,1.0
45,0.97,0.99,0.99,1.0,0.99,0.99,0.99,1.0
46,0.97,0.99,0.99,1.0,0.99,0.99,0.98,1.0
47,0.97,0.99,0.99,1.0,0.99,0.99,0.98,1.0
48,0.96,0.99,0.98,1.0,0.99,0.99,0.99,1.0
49,0.97,0.99,0.98,1.0,0.99,1.0,0.98,1.0
50,0.96,0.98,0.98,1.0,0.99,0.99,0.98,1.0
51,0.96,0.99,0.98,1.0,0.99,0.99,0.97,0.99
52,0.96,0.98,0.98,0.99,0.99,0.99,0.97,0.99
53,0.99,0.98,0.99,1.0,0.99,0.99,0.98,1.0
54,0.99,0.98,1.0,0.99,0.99,0.99,0.97,0.99
55,1.0,0.99,0.99,0.99,1.0,0.99,0.95,0.99
56,1.0,0.99,0.99,0.99,1.0,0.99,0.94,0.99
57,0.89,0.93,0.81,0.96,0.88,0.94,0.66,0.96
58,0.67,0.8,0.57,0.88,0.62,0.79,0.41,0.88
59,0.49,0.64,0.42,0.74,0.43,0.63,0.29,0.78
60,0.42,0.57,0.37,0.66,0.37,0.55,0.25,0.71
61,0.35,0.5,0.31,0.56,0.31,0.47,0.21,0.63
62,0.3,0.44,0.27,0.48,0.27,0.42,0.18,0.57
63,0.28,0.42,0.25,0.44,0.25,0.38,0.17,0.53
64,0.24,0.36,0.23,0.37,0.22,0.33,0.15,0.47
65,0.2,0.31,0.19,0.29,0.19,0.28,0.13,0.4
66,0.18,0.28,0.18,0.26,0.18,0.26,0.12,0.37
67,0.15,0.24,0.15,0.2,0.15,0.22,0.1,0.31
68,0.13,0.22,0.14,0.17,0.13,0.2,0.09,0.28
69,0.12,0.2,0.13,0.16,0.12,0.19,0.08,0.26
70,0.1,0.17,0.12,0.13,0.11,0.17,0.07,0.23
71,0.09,0.16,0.1,0.11,0.1,0.15,0.06,0.2
72,0.08,0.15,0.1,0.1,0.09,0.14,0.06,0.19
73,0.07,0.12,0.08,0.08,0.08,0.12,0.05,0.16
74,0.07,0.11,0.08,0.08,0.07,0.12,0.05,0.15
75,0.06,0.11,0.08,0.06,0.07,0.1,0.04,0.13
76,0.05,0.09,0.07,0.05,0.06,0.09,0.04,0.11
77,0.05,0.09,0.06,0.05,0.05,0.09,0.04,0.1
78,0.05,0.07,0.06,0.04,0.05,0.08,0.03,0.1
79,0.04,0.07,0.05,0.04,0.05,0.07,0.03,0.09
80,0.04,0.06,0.05,0.03,0.04,0.07,0.03,0.08
81,0.03,0.05,0.04,0.03,0.04,0.06,0.02,0.07
82,0.03,0.05,0.04,0.03,0.04,0.06,0.02,0.06
83,0.03,0.05,0.04,0.02,0.04,0.05,0.02,0.06
84,0.03,0.05,0.04,0.02,0.04,0.05,0.02,0.05
85,0.03,0.05,0.03,0.02,0.03,0.05,0.02,0.05
86,0.03,0.04,0.03,0.02,0.03,0.05,0.02,0.04
87,0.03,0.03,0.03,0.02,0.03,0.04,0.02,0.04
88,0.03,0.03,0.03,0.01,0.03,0.04,0.02,0.04
89,0.03,0.03,0.03,0.01,0.03,0.04,0.02,0.03
90,0.02,0.03,0.03,0.01,0.03,0.03,0.01,0.03
91,0.02,0.03,0.03,0.01,0.03,0.03,0.01,0.03
92,0.02,0.03,0.02,0.01,0.02,0.03,0.01,0.03
93,0.02,0.03,0.02,0.01,0.02,0.03,0.01,0.02
94,0.02,0.03,0.02,0.01,0.02,0.03,0.01,0.02
95,0.02,0.03,0.02,0.01,0.02,0.03,0.01,0.02
96,0.02,0.03,0.02,0.01,0.02,0.03,0.01,0.02
97,0.02,0.03,0.02,0.01,0.02,0.03,0.01,0.02
98,0.02,0.03,0.02,0.01,0.02,0.03,0.01,0.02
99,0.02,0.03,0.02,0.01,0.02,0.03,0.01,0.02
100,0.02,0.03,0.02,0.01,0.02,0.02,0.01,0.01
101,0.02,0.04,0.02,0.01,0.02,0.03,0.01,0.01
102,0.02,0.03,0.02,0.01,0.02,0.02,0.01,0.01
103,0.02,0.02,0.02,0.01,0.02,0.02,0.01,0.01
104,0.02,0.03,0.02,0.01,0.01,0.03,0.01,0.01
105,0.02,0.03,0.02,0.01,0.02,0.02,0.01,0.01
106,0.02,0.03,0.02,0.01,0.02,0.02,0.01,0.01
107,0.02,0.03,0.02,0.01,0.02,0.02,0.01,0.01
108,0.01,0.03,0.02,0.0,0.02,0.02,0.01,0.01
109,0.02,0.03,0.02,0.01,0.01,0.02,0.01,0.01
110,0.02,0.03,0.02,0.0,0.02,0.02,0.01,0.01
111,0.02,0.03,0.02,0.0,0.02,0.02,0.01,0.01
112,0.02,0.03,0.02,0.01,0.02,0.02,0.01,0.01
113,0.02,0.03,0.02,0.0,0.01,0.02,0.01,0.01
114,0.01,0.03,0.02,0.0,0.01,0.02,0.01,0.01
115,0.01,0.02,0.02,0.0,0.01,0.02,0.01,0.01
116,0.01,0.01,0.02,0.0,0.01,0.01,0.01,0.01
117,0.01,0.01,0.02,0.0,0.01,0.02,0.01,0.01
118,0.01,0.01,0.02,0.0,0.01,0.02,0.01,0.01
119,0.01,0.01,0.01,0.0,0.01,0.02,0.01,0.01
120,0.01,0.01,0.01,0.0,0.01,0.02,0.01,0.01
121,0.01,0.01,0.01,0.0,0.01,0.02,0.01,0.01
122,0.01,0.01,0.01,0.0,0.01,0.02,0.01,0.0
123,0.01,0.02,0.01,0.0,0.01,0.02,0.0,0.0
124,0.01,0.01,0.01,0.0,0.01,0.02,0.0,0.0
125,0.01,0.01,0.01,0.0,0.01,0.02,0.0,0.0
126,0.01,0.01,0.01,0.0,0.01,0.02,0.0,0.0
127,0.01,0.01,0.01,0.0,0.01,0.01,0.0,0.0
128,0.01,0.01,0.01,0.0,0.01,0.01,0.0,0.0
129,0.01,0.01,0.01,0.0,0.01,0.01,0.0,0.0
130,0.01,0.01,0.01,0.0,0.01,0.01,0.0,0.0
131,0.01,0.01,0.01,0.0,0.01,0.01,0.0,0.0
132,0.01,0.01,0.01,0.0,0.01,0.01,0.0,0.0
133,0.0,0.01,0.01,0.0,0.01,0.01,0.0,0.0
134,0.0,0.01,0.01,0.0,0.01,0.01,0.0,0.0
135,0.0,0.01,0.01,0.0,0.01,0.01,0.0,0.0
136,0.0,0.01,0.01,0.0,0.0,0.01,0.0,0.0
137,0.0,0.01,0.0,0.0,0.01,0.01,0.0,0.0
138,0.0,0.01,0.01,0.0,0.01,0.01,0.0,0.0
139,0.01,0.01,0.01,0.0,0.0,0.01,0.0,0.0
140,0.01,0.01,0.01,0.0,0.01,0.01,0.0,0.0
141,0.01,0.01,0.0,0.0,0.0,0.01,0.0,0.0
142,0.0,0.01,0.01,0.0,0.01,0.01,0.0,0.0
143,0.0,0.01,0.0,0.0,0.01,0.01,0.0,0.0
144,0.0,0.01,0.0,0.0,0.01,0.0,0.0,0.0
145,0.01,0.01,0.0,0.0,0.0,0.01,0.0,0.0
146,0.0,0.01,0.0,0.0,0.01,0.01,0.0,0.0
147,0.0,0.01,0.0,0.0,0.01,0.0,0.0,0.0
148,0.0,0.0,0.0,0.0,0.0,0.0,0.0,0.0
149,0.0,0.01,0.0,0.0,0.0,0.01,0.0,0.0
150,0.0,0.0,0.0,0.0,0.0,0.0,0.0,0.0
151,0.0,0.0,0.0,0.0,0.0,0.0,0.0,0.0
152,0.0,0.01,0.0,0.0,0.01,0.0,0.0,0.0
153,0.0,0.0,0.0,0.0,0.01,0.01,0.0,0.0
154,0.0,0.0,0.0,0.0,0.0,0.0,0.0,0.0
155,0.0,0.0,0.01,0.0,0.01,0.0,0.01,0.0
156,0.01,0.0,0.01,0.0,0.01,0.0,0.03,0.0
157,0.03,0.01,0.03,0.0,0.04,0.01,0.05,0.0
158,0.06,0.03,0.06,0.01,0.06,0.03,0.08,0.01
159,0.12,0.09,0.11,0.02,0.12,0.06,0.14,0.01
160,0.14,0.11,0.14,0.02,0.15,0.08,0.17,0.02
161,0.18,0.15,0.18,0.03,0.18,0.1,0.2,0.02
162,0.24,0.21,0.24,0.04,0.24,0.16,0.26,0.04
163,0.3,0.26,0.28,0.06,0.29,0.2,0.3,0.05
164,0.31,0.28,0.3,0.06,0.31,0.21,0.32,0.06
165,0.36,0.33,0.34,0.08,0.34,0.25,0.35,0.07
166,0.4,0.38,0.39,0.1,0.38,0.3,0.4,0.08
167,0.46,0.43,0.43,0.12,0.44,0.35,0.45,0.1
168,0.47,0.46,0.45,0.13,0.45,0.37,0.46,0.11
169,0.49,0.48,0.47,0.14,0.47,0.39,0.48,0.12
170,0.55,0.54,0.53,0.17,0.52,0.45,0.53,0.14
171,0.57,0.56,0.55,0.18,0.54,0.47,0.55,0.16
172,0.59,0.59,0.56,0.19,0.56,0.49,0.56,0.17
173,0.63,0.62,0.6,0.22,0.6,0.54,0.6,0.19
174,0.66,0.66,0.63,0.24,0.62,0.57,0.62,0.21
175,0.66,0.66,0.64,0.25,0.63,0.58,0.64,0.21
176,0.69,0.69,0.67,0.28,0.66,0.61,0.66,0.24
177,0.72,0.72,0.69,0.3,0.69,0.64,0.68,0.26
178,0.72,0.74,0.7,0.31,0.69,0.64,0.69,0.27
179,0.74,0.75,0.71,0.33,0.71,0.66,0.71,0.28
180,0.76,0.78,0.74,0.35,0.73,0.69,0.73,0.3
181,0.79,0.8,0.77,0.38,0.76,0.72,0.75,0.33
182,0.8,0.82,0.78,0.4,0.77,0.74,0.76,0.34
183,0.81,0.82,0.79,0.41,0.78,0.75,0.77,0.35
184,0.82,0.84,0.8,0.43,0.78,0.76,0.78,0.37
185,0.82,0.84,0.81,0.44,0.8,0.77,0.79,0.38
186,0.84,0.84,0.82,0.46,0.81,0.78,0.8,0.4
187,0.85,0.86,0.83,0.49,0.81,0.79,0.81,0.42
188,0.85,0.86,0.84,0.5,0.83,0.8,0.82,0.42
189,0.86,0.87,0.85,0.52,0.83,0.81,0.83,0.45
190,0.86,0.88,0.85,0.54,0.84,0.83,0.84,0.47
191,0.86,0.88,0.86,0.55,0.85,0.83,0.85,0.48
192,0.87,0.89,0.87,0.57,0.86,0.84,0.85,0.49
193,0.87,0.89,0.87,0.58,0.86,0.84,0.85,0.5
194,0.88,0.89,0.87,0.6,0.87,0.85,0.86,0.52
195,0.88,0.89,0.87,0.6,0.87,0.86,0.86,0.52
196,0.89,0.91,0.89,0.63,0.87,0.86,0.87,0.55
197,0.89,0.91,0.89,0.64,0.88,0.87,0.88,0.56
198,0.89,0.91,0.89,0.65,0.89,0.87,0.87,0.57
199,0.9,0.91,0.9,0.66,0.89,0.87,0.88,0.58
200,0.91,0.93,0.9,0.68,0.89,0.89,0.88,0.6
201,0.91,0.93,0.91,0.69,0.9,0.89,0.89,0.61
202,0.91,0.93,0.91,0.69,0.9,0.88,0.89,0.61
203,0.91,0.93,0.91,0.7,0.9,0.89,0.89,0.62
204,0.91,0.92,0.91,0.72,0.9,0.89,0.89,0.64
205,0.92,0.93,0.92,0.72,0.91,0.89,0.9,0.65
206,0.92,0.91,0.92,0.74,0.9,0.89,0.9,0.65
207,0.92,0.93,0.92,0.74,0.91,0.9,0.89,0.66
208,0.92,0.92,0.92,0.75,0.9,0.89,0.9,0.67
209,0.92,0.93,0.92,0.76,0.91,0.89,0.9,0.68
210,0.92,0.93,0.92,0.77,0.91,0.9,0.91,0.69
211,0.93,0.93,0.93,0.77,0.92,0.91,0.92,0.7
212,0.92,0.93,0.93,0.78,0.92,0.91,0.92,0.7
213,0.92,0.93,0.93,0.79,0.92,0.91,0.92,0.71
214,0.92,0.93,0.93,0.79,0.92,0.9,0.92,0.72
215,0.92,0.93,0.93,0.8,0.91,0.91,0.92,0.73
216,0.92,0.93,0.93,0.8,0.92,0.91,0.92,0.73
217,0.92,0.92,0.93,0.81,0.92,0.91,0.92,0.74
218,0.92,0.93,0.93,0.81,0.92,0.91,0.92,0.75
219,0.92,0.93,0.93,0.82,0.93,0.91,0.92,0.75
220,0.93,0.93,0.93,0.83,0.93,0.92,0.92,0.76
221,0.92,0.93,0.94,0.83,0.94,0.91,0.93,0.77
222,0.93,0.94,0.94,0.84,0.94,0.92,0.93,0.77
223,0.93,0.93,0.94,0.84,0.94,0.92,0.93,0.78
224,0.93,0.94,0.94,0.84,0.94,0.92,0.93,0.78
225,0.94,0.95,0.94,0.84,0.94,0.93,0.93,0.79
226,0.94,0.94,0.94,0.85,0.94,0.92,0.93,0.79
227,0.94,0.94,0.94,0.85,0.94,0.92,0.93,0.8
228,0.94,0.93,0.94,0.85,0.94,0.92,0.93,0.8
229,0.94,0.93,0.94,0.86,0.94,0.92,0.93,0.81
230,0.94,0.94,0.95,0.86,0.94,0.92,0.93,0.81
231,0.94,0.94,0.94,0.87,0.94,0.92,0.93,0.81
232,0.94,0.95,0.95,0.87,0.94,0.93,0.93,0.82
233,0.94,0.94,0.95,0.87,0.94,0.93,0.93,0.82
234,0.94,0.95,0.95,0.88,0.94,0.93,0.94,0.83
235,0.94,0.95,0.95,0.88,0.94,0.93,0.94,0.83
236,0.94,0.94,0.95,0.88,0.94,0.93,0.94,0.83
237,0.94,0.93,0.94,0.88,0.94,0.93,0.94,0.84
238,0.93,0.94,0.95,0.88,0.94,0.93,0.94,0.84
239,0.94,0.93,0.94,0.89,0.94,0.92,0.94,0.85
240,0.94,0.93,0.94,0.89,0.94,0.92,0.94,0.85
241,0.94,0.93,0.94,0.89,0.94,0.92,0.94,0.85
242,0.94,0.94,0.94,0.89,0.94,0.93,0.94,0.85
243,0.94,0.93,0.94,0.89,0.94,0.93,0.93,0.85
244,0.94,0.93,0.94,0.89,0.94,0.92,0.94,0.86
245,0.94,0.93,0.94,0.9,0.94,0.92,0.94,0.86
246,0.94,0.94,0.95,0.9,0.94,0.93,0.94,0.86
247,0.94,0.94,0.94,0.9,0.94,0.93,0.94,0.86
248,0.94,0.94,0.95,0.9,0.94,0.93,0.94,0.87
249,0.94,0.94,0.95,0.91,0.95,0.93,0.94,0.87
250,0.94,0.95,0.95,0.91,0.95,0.93,0.95,0.87
251,0.94,0.95,0.95,0.91,0.96,0.93,0.94,0.88
252,0.94,0.95,0.95,0.91,0.95,0.93,0.95,0.88
253,0.94,0.94,0.95,0.91,0.95,0.93,0.94,0.88
254,0.94,0.94,0.95,0.91,0.95,0.93,0.94,0.88
255,0.94,0.95,0.96,0.91,0.95,0.94,0.95,0.88
256,0.95,0.95,0.96,0.92,0.96,0.93,0.94,0.89
257,0.95,0.95,0.96,0.92,0.95,0.94,0.95,0.89
258,0.95,0.95,0.96,0.92,0.96,0.94,0.95,0.89
259,0.95,0.95,0.96,0.92,0.96,0.94,0.95,0.89
260,0.95,0.96,0.96,0.92,0.96,0.94,0.95,0.89
261,0.96,0.96,0.96,0.92,0.96,0.94,0.95,0.9
262,0.95,0.95,0.96,0.92,0.96,0.94,0.94,0.9
263,0.96,0.94,0.96,0.92,0.96,0.93,0.95,0.9
264,0.95,0.95,0.96,0.92,0.96,0.94,0.95,0.9
265,0.96,0.95,0.96,0.93,0.96,0.95,0.95,0.9
266,0.96,0.95,0.96,0.93,0.96,0.93,0.95,0.9
267,0.96,0.95,0.96,0.93,0.96,0.93,0.95,0.9
268,0.95,0.94,0.96,0.93,0.96,0.93,0.95,0.91
269,0.95,0.94,0.96,0.93,0.96,0.94,0.95,0.91
270,0.95,0.93,0.96,0.93,0.96,0.93,0.95,0.91
271,0.95,0.94,0.96,0.93,0.96,0.94,0.95,0.91
272,0.95,0.94,0.96,0.93,0.96,0.94,0.95,0.91
273,0.95,0.94,0.96,0.93,0.96,0.93,0.95,0.91
274,0.95,0.94,0.96,0.93,0.96,0.93,0.95,0.91
275,0.96,0.93,0.96,0.93,0.96,0.93,0.95,0.91
276,0.96,0.94,0.96,0.93,0.96,0.93,0.95,0.91
277,0.96,0.95,0.96,0.93,0.96,0.94,0.96,0.92
278,0.94,0.94,0.96,0.93,0.96,0.93,0.96,0.92
279,0.96,0.94,0.96,0.93,0.96,0.93,0.96,0.92
280,0.95,0.94,0.96,0.94,0.96,0.93,0.95,0.92
281,0.94,0.93,0.96,0.94,0.96,0.93,0.95,0.92
282,0.94,0.94,0.96,0.94,0.96,0.93,0.95,0.92
283,0.94,0.93,0.96,0.94,0.96,0.93,0.95,0.92
284,0.94,0.93,0.96,0.94,0.95,0.93,0.95,0.92
285,0.94,0.93,0.95,0.94,0.96,0.93,0.95,0.92
286,0.94,0.93,0.95,0.94,0.96,0.93,0.95,0.92
287,0.95,0.93,0.96,0.94,0.96,0.93,0.95,0.93
288,0.94,0.93,0.95,0.94,0.95,0.93,0.95,0.92
289,0.95,0.93,0.96,0.94,0.96,0.93,0.95,0.93
290,0.95,0.94,0.96,0.94,0.96,0.94,0.95,0.93
291,0.95,0.95,0.96,0.94,0.96,0.93,0.96,0.93
292,0.94,0.95,0.96,0.94,0.96,0.94,0.96,0.93
293,0.95,0.95,0.96,0.94,0.96,0.94,0.96,0.93
294,0.95,0.96,0.96,0.94,0.96,0.95,0.96,0.93
295,0.95,0.96,0.96,0.95,0.96,0.95,0.96,0.93
296,0.96,0.96,0.96,0.94,0.97,0.95,0.96,0.94
297,0.96,0.94,0.96,0.95,0.96,0.94,0.96,0.93
298,0.95,0.95,0.96,0.95,0.96,0.94,0.96,0.94
299,0.96,0.95,0.96,0.95,0.96,0.94,0.95,0.94
300,0.96,0.95,0.96,0.95,0.96,0.94,0.96,0.94
301,0.96,0.94,0.96,0.95,0.96,0.94,0.96,0.94
302,0.96,0.94,0.96,0.95,0.96,0.94,0.96,0.94
303,0.96,0.94,0.96,0.95,0.96,0.94,0.95,0.94
304,0.96,0.94,0.96,0.95,0.96,0.94,0.96,0.94
305,0.96,0.94,0.96,0.95,0.96,0.95,0.96,0.94
306,0.96,0.94,0.96,0.95,0.96,0.94,0.96,0.94
307,0.96,0.94,0.96,0.95,0.96,0.94,0.96,0.94
308,0.96,0.94,0.96,0.95,0.96,0.94,0.95,0.94
309,0.96,0.94,0.97,0.95,0.96,0.95,0.96,0.94
310,0.96,0.95,0.97,0.95,0.97,0.94,0.96,0.94
311,0.96,0.95,0.97,0.95,0.97,0.94,0.96,0.94
312,0.95,0.95,0.96,0.95,0.96,0.95,0.96,0.94
313,0.95,0.95,0.96,0.95,0.96,0.94,0.96,0.94
314,0.95,0.95,0.96,0.95,0.96,0.94,0.95,0.95
315,0.95,0.94,0.96,0.95,0.96,0.94,0.96,0.95
316,0.96,0.95,0.96,0.96,0.97,0.94,0.96,0.95
317,0.96,0.94,0.96,0.96,0.96,0.94,0.96,0.95
318,0.96,0.95,0.97,0.95,0.97,0.95,0.96,0.95
319,0.96,0.95,0.97,0.95,0.97,0.95,0.96,0.95
320,0.96,0.95,0.97,0.95,0.97,0.95,0.96,0.95
321,0.96,0.95,0.97,0.96,0.97,0.94,0.96,0.95
322,0.96,0.94,0.97,0.95,0.97,0.94,0.96,0.95
323,0.96,0.94,0.96,0.95,0.97,0.94,0.96,0.95
324,0.96,0.94,0.97,0.96,0.97,0.95,0.96,0.95
325,0.96,0.94,0.97,0.96,0.97,0.94,0.96,0.95
326,0.95,0.95,0.97,0.96,0.97,0.95,0.96,0.96
327,0.96,0.95,0.97,0.96,0.97,0.95,0.96,0.95
328,0.96,0.95,0.97,0.96,0.97,0.95,0.96,0.95
329,0.96,0.94,0.97,0.96,0.96,0.94,0.96,0.96
330,0.95,0.94,0.97,0.96,0.96,0.95,0.96,0.95
331,0.95,0.94,0.96,0.96,0.96,0.94,0.95,0.96
332,0.95,0.93,0.96,0.96,0.96,0.95,0.96,0.96
333,0.95,0.93,0.96,0.96,0.96,0.94,0.96,0.96
334,0.95,0.94,0.96,0.96,0.96,0.94,0.96,0.96
335,0.96,0.94,0.96,0.96,0.96,0.95,0.96,0.96
336,0.95,0.93,0.96,0.96,0.96,0.94,0.96,0.95
337,0.95,0.93,0.96,0.96,0.96,0.94,0.96,0.96
338,0.95,0.93,0.96,0.96,0.96,0.94,0.96,0.96
339,0.95,0.93,0.96,0.96,0.96,0.94,0.96,0.96
340,0.95,0.93,0.96,0.96,0.96,0.93,0.96,0.96
341,0.95,0.93,0.96,0.96,0.96,0.93,0.96,0.96
342,0.94,0.93,0.96,0.96,0.96,0.94,0.96,0.96
343,0.95,0.92,0.96,0.96,0.96,0.93,0.95,0.96
344,0.95,0.92,0.96,0.96,0.96,0.93,0.96,0.96
345,0.95,0.92,0.96,0.96,0.96,0.93,0.95,0.96
346,0.95,0.92,0.96,0.96,0.95,0.93,0.95,0.96
347,0.95,0.92,0.96,0.96,0.96,0.93,0.96,0.96
348,0.95,0.92,0.96,0.96,0.96,0.93,0.96,0.96
349,0.96,0.92,0.96,0.96,0.96,0.93,0.95,0.96
350,0.96,0.92,0.96,0.96,0.96,0.93,0.96,0.96
351,0.96,0.91,0.96,0.96,0.96,0.93,0.96,0.96
352,0.96,0.92,0.96,0.96,0.96,0.93,0.96,0.96
353,0.96,0.93,0.96,0.96,0.96,0.93,0.96,0.96
354,0.96,0.93,0.97,0.96,0.97,0.94,0.96,0.96
355,0.96,0.93,0.97,0.96,0.97,0.94,0.97,0.96
356,0.96,0.93,0.97,0.96,0.97,0.94,0.97,0.96
357,0.96,0.93,0.97,0.96,0.97,0.94,0.97,0.96
358,0.96,0.94,0.97,0.96,0.98,0.95,0.97,0.96
359,0.96,0.94,0.97,0.96,0.97,0.95,0.97,0.96
360,0.96,0.94,0.97,0.96,0.97,0.95,0.97,0.96
361,0.96,0.93,0.97,0.96,0.97,0.95,0.97,0.96
362,0.96,0.93,0.97,0.96,0.97,0.95,0.97,0.97
363,0.96,0.93,0.98,0.96,0.97,0.95,0.97,0.96
364,0.96,0.94,0.97,0.96,0.97,0.95,0.97,0.96
365,0.96,0.94,0.97,0.96,0.97,0.95,0.96,0.96
366,0.96,0.94,0.97,0.96,0.97,0.95,0.97,0.96
367,0.95,0.93,0.97,0.96,0.97,0.95,0.96,0.96
368,0.95,0.94,0.97,0.97,0.97,0.95,0.97,0.97
369,0.96,0.95,0.97,0.97,0.97,0.95,0.97,0.96
370,0.96,0.94,0.97,0.97,0.97,0.95,0.97,0.97
371,0.96,0.94,0.97,0.97,0.97,0.96,0.97,0.97
372,0.96,0.95,0.98,0.97,0.97,0.95,0.97,0.97
373,0.96,0.95,0.98,0.97,0.97,0.95,0.97,0.97
374,0.96,0.96,0.98,0.97,0.98,0.96,0.97,0.97
375,0.96,0.96,0.98,0.97,0.97,0.96,0.97,0.97
376,0.97,0.96,0.98,0.97,0.98,0.95,0.97,0.97
377,0.97,0.95,0.98,0.97,0.98,0.95,0.97,0.97
378,0.97,0.96,0.98,0.97,0.98,0.96,0.97,0.97
379,0.97,0.95,0.98,0.97,0.98,0.96,0.97,0.97
380,0.97,0.96,0.98,0.97,0.98,0.96,0.97,0.97
381,0.97,0.96,0.98,0.97,0.98,0.96,0.97,0.97
382,0.97,0.96,0.98,0.97,0.99,0.97,0.98,0.97
383,0.97,0.96,0.98,0.97,0.99,0.96,0.97,0.97
384,0.97,0.96,0.98,0.97,0.99,0.96,0.97,0.97
385,0.96,0.96,0.98,0.97,0.99,0.97,0.98,0.97
386,0.96,0.96,0.98,0.97,0.99,0.96,0.97,0.97
387,0.96,0.97,0.98,0.97,0.99,0.97,0.97,0.97
388,0.96,0.97,0.98,0.97,0.99,0.97,0.97,0.97
389,0.96,0.97,0.98,0.97,0.99,0.97,0.97,0.97
390,0.96,0.97,0.98,0.97,0.98,0.96,0.97,0.97
391,0.96,0.96,0.98,0.97,0.98,0.96,0.97,0.97
392,0.96,0.96,0.98,0.97,0.98,0.97,0.97,0.97
393,0.96,0.96,0.97,0.97,0.98,0.96,0.97,0.97
394,0.96,0.95,0.97,0.97,0.98,0.96,0.97,0.98
395,0.95,0.95,0.97,0.97,0.97,0.96,0.97,0.97
396,0.96,0.95,0.97,0.97,0.98,0.96,0.97,0.97
397,0.95,0.95,0.97,0.97,0.97,0.96,0.97,0.97
398,0.96,0.95,0.97,0.97,0.97,0.96,0.97,0.98
399,0.96,0.96,0.97,0.97,0.98,0.97,0.97,0.97
400,0.96,0.97,0.97,0.97,0.99,0.96,0.97,0.98
401,0.96,0.97,0.97,0.97,0.98,0.97,0.97,0.98
402,0.96,0.95,0.97,0.97,0.97,0.96,0.97,0.98
403,0.96,0.96,0.97,0.97,0.97,0.97,0.97,0.98
404,0.95,0.96,0.97,0.97,0.97,0.96,0.97,0.98
405,0.96,0.95,0.97,0.97,0.96,0.95,0.97,0.98
406,0.96,0.94,0.97,0.97,0.97,0.95,0.97,0.98
407,0.96,0.94,0.97,0.97,0.97,0.95,0.97,0.98
408,0.96,0.95,0.97,0.97,0.97,0.95,0.97,0.98
409,0.96,0.94,0.97,0.97,0.97,0.95,0.96,0.98
410,0.96,0.93,0.97,0.97,0.97,0.96,0.96,0.98
411,0.96,0.93,0.97,0.97,0.96,0.95,0.96,0.98
412,0.96,0.93,0.96,0.97,0.97,0.95,0.97,0.98
413,0.96,0.94,0.97,0.97,0.96,0.96,0.97,0.98
414,0.96,0.94,0.97,0.97,0.96,0.96,0.97,0.98
415,0.96,0.95,0.97,0.97,0.97,0.96,0.97,0.98
416,0.95,0.95,0.97,0.97,0.97,0.96,0.97,0.98
417,0.96,0.95,0.97,0.98,0.97,0.96,0.97,0.98
418,0.96,0.94,0.97,0.97,0.98,0.96,0.97,0.98
419,0.96,0.95,0.98,0.97,0.98,0.96,0.97,0.98
420,0.96,0.94,0.98,0.97,0.98,0.97,0.97,0.98
421,0.97,0.96,0.98,0.97,0.98,0.97,0.97,0.98
422,0.96,0.95,0.98,0.97,0.98,0.96,0.97,0.98
423,0.96,0.95,0.98,0.97,0.97,0.96,0.98,0.98
424,0.97,0.96,0.98,0.98,0.98,0.97,0.97,0.98
425,0.96,0.95,0.98,0.97,0.99,0.96,0.97,0.98
426,0.97,0.95,0.98,0.97,0.98,0.97,0.97,0.98
427,0.97,0.96,0.98,0.98,0.98,0.97,0.98,0.98
428,0.97,0.96,0.98,0.97,0.99,0.97,0.98,0.98
429,0.97,0.96,0.98,0.98,0.99,0.97,0.98,0.98
430,0.97,0.95,0.98,0.98,0.99,0.97,0.97,0.98
431,0.97,0.95,0.98,0.98,0.99,0.97,0.98,0.98
432,0.97,0.96,0.98,0.98,0.99,0.96,0.98,0.98
433,0.97,0.96,0.98,0.98,0.99,0.97,0.98,0.98
434,0.97,0.95,0.98,0.98,0.99,0.97,0.98,0.98
435,0.97,0.95,0.98,0.97,0.99,0.97,0.98,0.98
436,0.97,0.96,0.98,0.98,0.99,0.96,0.98,0.98
437,0.98,0.96,0.98,0.98,0.99,0.97,0.98,0.98
438,0.97,0.96,0.99,0.98,0.99,0.97,0.98,0.98
439,0.98,0.96,0.99,0.98,0.99,0.97,0.98,0.98
440,0.98,0.97,0.99,0.98,0.99,0.97,0.99,0.98
441,0.99,0.97,1.0,0.98,0.99,0.97,0.99,0.98
442,0.98,0.97,0.99,0.98,0.99,0.97,0.98,0.98
443,0.98,0.96,0.99,0.98,0.99,0.97,0.98,0.98
444,0.98,0.96,0.99,0.98,0.99,0.98,0.98,0.98
445,0.97,0.96,0.99,0.98,0.99,0.97,0.98,0.98
446,0.97,0.95,0.99,0.98,0.99,0.97,0.98,0.98
447,0.97,0.95,0.98,0.98,0.99,0.96,0.98,0.98
448,0.97,0.95,0.98,0.98,0.99,0.97,0.98,0.98
449,0.97,0.95,0.98,0.98,0.99,0.97,0.97,0.98
450,0.96,0.95,0.98,0.98,0.99,0.96,0.98,0.98
451,0.96,0.95,0.98,0.98,0.98,0.96,0.98,0.98
452,0.96,0.95,0.98,0.98,0.98,0.97,0.98,0.98
453,0.96,0.95,0.98,0.98,0.98,0.97,0.98,0.98
454,0.96,0.95,0.98,0.98,0.98,0.97,0.98,0.98
455,0.96,0.95,0.98,0.98,0.98,0.97,0.97,0.98
456,0.96,0.95,0.98,0.98,0.99,0.97,0.98,0.98
457,0.97,0.95,0.98,0.98,0.99,0.97,0.98,0.98
458,0.96,0.96,0.98,0.98,0.99,0.97,0.98,0.98
459,0.97,0.96,0.98,0.98,0.99,0.97,0.98,0.98
460,0.96,0.95,0.98,0.98,0.99,0.97,0.97,0.98
461,0.97,0.95,0.98,0.98,0.99,0.97,0.98,0.98
462,0.97,0.96,0.98,0.98,0.99,0.97,0.98,0.98
463,0.96,0.96,0.98,0.98,0.99,0.97,0.98,0.98
464,0.97,0.96,0.98,0.98,0.99,0.97,0.98,0.98
465,0.97,0.97,0.98,0.98,0.99,0.97,0.98,0.98
466,0.97,0.96,0.98,0.98,0.99,0.97,0.97,0.98
467,0.97,0.97,0.98,0.98,0.99,0.97,0.98,0.98
468,0.97,0.96,0.98,0.98,0.99,0.97,0.98,0.98
469,0.97,0.96,0.98,0.98,0.99,0.97,0.98,0.98
470,0.96,0.96,0.98,0.98,0.99,0.97,0.98,0.98
471,0.96,0.96,0.98,0.98,0.99,0.97,0.98,0.98
472,0.96,0.97,0.98,0.98,0.98,0.97,0.98,0.98
473,0.96,0.97,0.98,0.98,0.99,0.97,0.98,0.99
474,0.96,0.96,0.98,0.98,0.99,0.98,0.98,0.98
475,0.96,0.97,0.98,0.98,0.99,0.97,0.98,0.98
476,0.96,0.96,0.98,0.98,0.98,0.97,0.98,0.99
477,0.97,0.96,0.98,0.98,0.99,0.97,0.97,0.98
478,0.97,0.97,0.98,0.98,0.99,0.99,0.97,0.99
479,0.97,0.97,0.98,0.98,0.99,0.97,0.98,0.98
480,0.97,0.96,0.98,0.98,0.99,0.97,0.98,0.98
481,0.97,0.97,0.99,0.98,0.99,0.97,0.98,0.99
482,0.97,0.97,0.99,0.98,0.99,0.98,0.98,0.98
483,0.97,0.97,0.99,0.98,0.99,0.97,0.98,0.99
484,0.97,0.97,0.99,0.98,0.99,0.98,0.98,0.98
485,0.97,0.97,0.99,0.98,0.99,0.99,0.98,0.98
486,0.98,0.97,0.99,0.98,0.99,0.98,0.98,0.99
487,0.98,0.97,0.99,0.98,0.99,0.99,0.98,0.99
488,0.97,0.97,0.99,0.98,0.99,0.98,0.98,0.99
489,0.97,0.98,0.99,0.98,0.99,0.99,0.98,0.99
490,0.97,0.97,0.99,0.98,0.99,0.98,0.98,0.99
491,0.97,0.98,0.99,0.99,0.99,0.99,0.98,0.99
492,0.97,0.98,0.99,0.98,0.99,0.99,0.98,0.99
493,0.97,0.98,0.99,0.98,0.99,0.98,0.98,0.99
494,0.97,0.97,0.99,0.98,0.99,0.99,0.98,0.99
495,0.97,0.97,0.99,0.98,0.99,0.99,0.98,0.99
496,0.97,0.97,0.98,0.98,0.99,0.98,0.98,0.99
497,0.97,0.96,0.98,0.98,0.99,0.97,0.98,0.99
498,0.96,0.95,0.98,0.98,0.99,0.98,0.97,0.98
499,0.96,0.96,0.98,0.98,0.98,0.97,0.98,0.98
500,0.97,0.96,0.98,0.98,0.99,0.97,0.97,0.98
501,0.97,0.96,0.98,0.98,0.99,0.97,0.97,0.98
502,0.96,0.97,0.98,0.98,0.97,0.98,0.98,0.98
503,0.97,0.97,0.98,0.98,0.99,0.98,0.98,0.99
504,0.97,0.97,0.98,0.98,0.99,0.98,0.98,0.98
505,0.97,0.97,0.98,0.98,0.99,0.99,0.98,0.98
506,0.97,0.97,0.98,0.98,0.99,0.98,0.98,0.99
507,0.97,0.98,0.98,0.98,0.99,0.98,0.98,0.99
508,0.96,0.98,0.98,0.99,0.99,0.99,0.98,0.99
509,0.96,0.97,0.98,0.98,0.99,0.99,0.98,0.99
510,0.96,0.97,0.98,0.98,0.98,0.97,0.98,0.99
511,0.96,0.97,0.98,0.98,0.99,0.98,0.98,0.98
512,0.97,0.98,0.98,0.98,0.99,0.98,0.98,0.99
513,0.97,0.98,0.99,0.98,0.99,0.99,0.98,0.99
514,0.97,0.97,0.98,0.99,0.99,0.99,0.98,0.99
515,0.97,0.98,0.98,0.98,0.99,0.98,0.98,0.99
516,0.97,0.97,0.98,0.98,0.99,0.98,0.98,0.99
517,0.97,0.97,0.98,0.98,0.99,0.99,0.98,0.99
518,0.98,0.98,0.98,0.99,0.99,0.99,0.98,0.99
519,0.97,0.97,0.99,0.98,0.99,0.99,0.98,0.99
520,0.97,0.97,0.98,0.98,0.99,0.99,0.98,0.99
521,0.97,0.98,0.99,0.98,0.99,0.99,0.98,0.99
522,0.97,0.97,0.98,0.99,0.99,0.99,0.98,0.99
523,0.97,0.97,0.98,0.98,0.99,0.99,0.98,0.99
524,0.96,0.97,0.98,0.98,0.99,0.98,0.98,0.98
525,0.96,0.97,0.98,0.98,0.98,0.97,0.98,0.98
526,0.96,0.96,0.98,0.98,0.98,0.97,0.97,0.98
527,0.96,0.97,0.98,0.98,0.99,0.98,0.97,0.98
528,0.96,0.97,0.98,0.98,0.98,0.97,0.97,0.98
529,0.96,0.97,0.98,0.98,0.99,0.97,0.98,0.98
530,0.96,0.96,0.98,0.98,0.98,0.97,0.97,0.98
531,0.96,0.96,0.98,0.98,0.98,0.97,0.97,0.98
532,0.97,0.96,0.98,0.98,0.98,0.97,0.98,0.98
533,0.97,0.96,0.98,0.98,0.99,0.97,0.98,0.99
534,0.97,0.96,0.98,0.98,0.98,0.97,0.98,0.99
535,0.97,0.97,0.98,0.98,0.98,0.97,0.98,0.98
536,0.97,0.96,0.98,0.98,0.99,0.97,0.98,0.98
537,0.97,0.97,0.99,0.98,0.99,0.98,0.98,0.99
538,0.98,0.97,0.98,0.98,0.99,0.98,0.98,0.98
539,0.97,0.97,0.99,0.98,0.99,0.99,0.98,0.99
540,0.98,0.97,0.99,0.98,0.99,0.98,0.98,0.99
541,0.98,0.97,0.99,0.98,0.99,0.98,0.98,0.98
542,0.97,0.97,0.99,0.98,0.99,0.98,0.99,0.98
543,0.97,0.97,0.98,0.99,0.99,0.98,0.98,0.98
544,0.97,0.97,0.98,0.98,0.99,0.98,0.98,0.98
545,0.96,0.97,0.98,0.98,0.99,0.97,0.98,0.98
546,0.97,0.97,0.98,0.98,0.99,0.98,0.98,0.98
547,0.97,0.97,0.98,0.98,0.99,0.97,0.98,0.98
548,0.96,0.97,0.98,0.98,0.99,0.98,0.98,0.98
549,0.96,0.97,0.98,0.99,0.99,0.98,0.98,0.98
550,0.96,0.97,0.98,0.98,0.99,0.98,0.98,0.99
551,0.96,0.97,0.98,0.98,0.99,0.97,0.98,0.98
552,0.96,0.97,0.98,0.98,0.98,0.97,0.98,0.98
553,0.96,0.97,0.98,0.98,0.99,0.97,0.98,0.98
554,0.96,0.97,0.98,0.98,0.98,0.97,0.98,0.98
555,0.96,0.97,0.98,0.98,0.98,0.97,0.98,0.99
556,0.96,0.97,0.98,0.98,0.99,0.98,0.98,0.98
557,0.96,0.97,0.98,0.98,0.99,0.98,0.98,0.98
558,0.96,0.97,0.98,0.98,0.99,0.98,0.98,0.98
559,0.97,0.97,0.98,0.98,0.99,0.98,0.98,0.98
560,0.96,0.97,0.98,0.98,0.99,0.98,0.98,0.98
561,0.96,0.97,0.98,0.98,0.98,0.97,0.97,0.99
562,0.96,0.96,0.98,0.98,0.98,0.97,0.98,0.98
563,0.96,0.96,0.97,0.98,0.97,0.97,0.97,0.98
564,0.96,0.96,0.98,0.98,0.98,0.97,0.97,0.98
565,0.96,0.96,0.97,0.98,0.98,0.97,0.97,0.98
566,0.96,0.97,0.98,0.98,0.98,0.97,0.98,0.98
567,0.96,0.97,0.98,0.98,0.98,0.97,0.97,0.98
568,0.96,0.96,0.97,0.98,0.98,0.97,0.98,0.98
569,0.96,0.96,0.97,0.98,0.97,0.97,0.97,0.98
570,0.95,0.95,0.97,0.98,0.97,0.97,0.97,0.98
571,0.95,0.95,0.97,0.98,0.97,0.97,0.97,0.98
572,0.95,0.95,0.97,0.98,0.97,0.97,0.98,0.98
573,0.94,0.95,0.96,0.98,0.97,0.97,0.97,0.98
574,0.96,0.95,0.97,0.98,0.97,0.97,0.97,0.98
575,0.95,0.96,0.97,0.98,0.97,0.97,0.97,0.98
576,0.95,0.95,0.97,0.98,0.98,0.97,0.97,0.98
577,0.96,0.97,0.97,0.98,0.97,0.97,0.97,0.98
578,0.96,0.96,0.98,0.98,0.97,0.97,0.97,0.98
579,0.96,0.97,0.97,0.98,0.98,0.97,0.97,0.98
580,0.96,0.96,0.97,0.98,0.97,0.97,0.97,0.98
581,0.96,0.96,0.98,0.98,0.99,0.97,0.98,0.98
582,0.96,0.97,0.98,0.98,0.99,0.97,0.98,0.98
583,0.97,0.97,0.98,0.98,0.99,0.97,0.98,0.98
584,0.97,0.97,0.98,0.98,0.99,0.98,0.98,0.98
585,0.97,0.97,0.98,0.98,0.99,0.98,0.98,0.99
586,0.97,0.96,0.98,0.98,0.98,0.97,0.98,0.98
587,0.97,0.95,0.98,0.98,0.98,0.97,0.98,0.98
588,0.97,0.97,0.98,0.98,0.99,0.97,0.98,0.98
589,0.97,0.97,0.98,0.98,0.99,0.97,0.98,0.98
590,0.97,0.97,0.98,0.98,0.99,0.97,0.99,0.98
591,0.97,0.97,0.99,0.98,0.99,0.97,0.98,0.98
592,0.97,0.97,0.99,0.98,0.99,0.99,0.98,0.98
593,0.97,0.98,0.99,0.98,0.99,0.98,0.99,0.99
594,0.97,0.97,0.99,0.99,0.99,0.99,0.98,0.99
595,0.97,0.97,0.99,0.98,0.99,0.97,0.99,0.98
596,0.97,0.97,0.99,0.98,0.99,0.98,0.99,0.98
597,0.97,0.97,0.99,0.98,0.99,0.98,0.99,0.99
598,0.97,0.97,0.99,0.98,0.99,0.98,0.99,0.98
599,0.97,0.99,0.99,0.98,0.99,0.98,0.98,0.98
