0,0.96,0.98,0.97,0.99,0.98,0.99,0.98,0.88
1,0.96,0.97,0.96,0.98,0.97,0.98,0.97,0.88
2,0.96,0.96,0.96,0.98,0.97,0.98,0.97,0.88
3,0.97,0.97,0.97,0.98,0.98,0.98,0.97,0.88
4,0.97,0.98,0.97,0.99,0.98,0.98,0.97,0.88
5,0.97,0.97,0.97,0.98,0.98,0.98,0.97,0.88
6,0.97,0.96,0.96,0.98,0.97,0.98,0.97,0.88
7,0.97,0.97,0.97,0.98,0.98,0.98,0.98,0.88
8,0.97,0.97,0.97,0.99,0.98,0.98,0.98,0.88
9,0.97,0.97,0.97,0.98,0.98,0.98,0.98,0.88
10,0.97,0.97,0.97,0.98,0.98,0.98,0.98,0.88
11,0.98,0.98,0.98,0.98,0.98,0.98,0.98,0.88
12,0.98,0.98,0.98,0.99,0.99,0.99,0.98,0.88
13,0.98,0.98,0.98,1.0,0.99,0.99,0.98,0.88
14,0.97,0.98,0.97,0.98,0.98,0.98,0.98,0.88
15,0.97,0.97,0.97,0.98,0.98,0.98,0.98,0.88
16,0.97,0.97,0.97,0.98,0.98,0.99,0.98,0.88
17,0.96,0.95,0.96,0.98,0.97,0.97,0.97,0.88
18,0.96,0.96,0.96,0.97,0.98,0.98,0.97,0.88
19,0.97,0.97,0.97,0.98,0.98,0.98,0.98,0.88
20,0.98,0.98,0.98,0.98,0.98,0.98,0.98,0.88
21,0.98,0.99,0.98,0.98,0.99,0.99,0.99,0.88
22,0.98,0.98,0.98,0.98,0.99,0.98,0.98,0.88
23,0.97,0.96,0.97,0.98,0.98,0.98,0.98,0.88
24,0.97,0.97,0.97,0.98,0.98,0.98,0.98,0.88
25,0.98,0.97,0.98,0.98,0.98,0.98,0.98,0.88
26,0.97,0.97,0.98,0.98,0.98,0.98,0.98,0.88
27,0.97,0.96,0.97,0.98,0.98,0.98,0.98,0.88
28,0.97,0.96,0.97,0.98,0.98,0.98,0.98,0.88
29,0.97,0.96,0.97,0.97,0.98,0.98,0.98,0.88
30,0.97,0.97,0.97,0.98,0.98,0.98,0.98,0.88
31,0.97,0.97,0.97,0.97,0.98,0.98,0.98,0.88
32,0.98,0.97,0.98,0.98,0.99,0.98,0.98,0.88
33,0.98,0.97,0.98,0.98,0.99,0.98,0.98,0.88
34,0.99,0.99,0.99,0.98,0.99,0.98,0.99,0.9
35,0.99,0.99,1.0,0.99,0.99,0.99,0.99,0.89
36,1.0,1.0,1.0,0.98,1.0,1.0,1.0,0.9
37,1.0,1.0,1.0,0.99,1.0,1.0,1.0,0.9
38,1.0,1.0,1.0,0.98,1.0,0.99,1.0,0.9
39,1.0,0.99,1.0,0.98,1.0,1.0,0.99,0.9
40,0.98,0.97,0.99,0.98,1.0,0.98,0.99,0.89
41,0.97,0.95,0.97,0.97,0.98,0.98,0.98,0.88
42,0.97,0.94,0.97,0.96,0.98,0.97,0.97,0.88
43,0.95,0.92,0.95,0.94,0.97,0.96,0.96,0.87
44,0.95,0.92,0.95,0.93,0.97,0.95,0.96,0.85
45,0.95,0.92,0.94,0.94,0.97,0.95,0.96,0.85
46,0.95,0.92,0.95,0.93,0.97,0.96,0.96,0.86
47,0.96,0.94,0.95,0.94,0.97,0.96,0.97,0.86
48,0.95,0.94,0.95,0.93,0.97,0.96,0.96,0.87
49,0.95,0.93,0.95,0.93,0.97,0.96,0.96,0.86
50,0.95,0.93,0.94,0.93,0.97,0.96,0.96,0.86
51,0.94,0.93,0.94,0.92,0.96,0.96,0.96,0.86
52,0.94,0.93,0.94,0.93,0.96,0.96,0.96,0.86
53,0.94,0.92,0.95,0.92,0.96,0.96,0.95,0.85
54,0.94,0.92,0.95,0.92,0.97,0.95,0.95,0.85
55,0.95,0.91,0.95,0.91,0.97,0.95,0.95,0.85
56,0.95,0.91,0.95,0.91,0.97,0.95,0.95,0.85
57,0.95,0.91,0.94,0.9,0.96,0.95,0.93,0.85
58,0.92,0.88,0.91,0.9,0.94,0.93,0.87,0.85
59,0.74,0.74,0.7,0.89,0.75,0.83,0.52,0.84
60,0.54,0.6,0.49,0.87,0.53,0.67,0.3,0.83
61,0.47,0.54,0.42,0.86,0.45,0.6,0.24,0.83
62,0.36,0.46,0.33,0.85,0.32,0.48,0.17,0.81
63,0.26,0.38,0.25,0.83,0.22,0.37,0.12,0.81
64,0.21,0.32,0.21,0.8,0.17,0.3,0.1,0.8
65,0.16,0.27,0.17,0.77,0.13,0.24,0.08,0.78
66,0.14,0.26,0.16,0.77,0.12,0.21,0.07,0.77
67,0.13,0.23,0.14,0.75,0.1,0.19,0.06,0.76
68,0.1,0.2,0.12,0.72,0.08,0.15,0.05,0.74
69,0.09,0.18,0.11,0.72,0.07,0.14,0.05,0.74
70,0.08,0.17,0.1,0.7,0.07,0.13,0.04,0.74
71,0.07,0.15,0.09,0.67,0.06,0.11,0.03,0.71
72,0.06,0.13,0.07,0.63,0.05,0.09,0.03,0.69
73,0.06,0.13,0.07,0.63,0.05,0.09,0.03,0.69
74,0.05,0.12,0.07,0.61,0.04,0.08,0.03,0.67
75,0.05,0.1,0.06,0.59,0.04,0.07,0.03,0.65
76,0.05,0.11,0.06,0.59,0.04,0.07,0.03,0.63
77,0.04,0.1,0.06,0.55,0.03,0.06,0.02,0.62
78,0.04,0.09,0.05,0.54,0.03,0.05,0.02,0.6
79,0.04,0.08,0.04,0.51,0.03,0.05,0.02,0.58
80,0.03,0.07,0.04,0.5,0.02,0.04,0.02,0.57
81,0.03,0.07,0.04,0.5,0.02,0.04,0.02,0.57
82,0.03,0.07,0.04,0.49,0.02,0.04,0.01,0.54
83,0.03,0.07,0.04,0.47,0.02,0.04,0.02,0.54
84,0.03,0.07,0.03,0.46,0.02,0.03,0.01,0.52
85,0.03,0.07,0.04,0.44,0.02,0.03,0.01,0.51
86,0.03,0.06,0.03,0.42,0.02,0.03,0.01,0.51
87,0.02,0.05,0.03,0.41,0.01,0.03,0.01,0.49
88,0.02,0.04,0.03,0.39,0.01,0.03,0.01,0.47
89,0.01,0.03,0.02,0.37,0.01,0.02,0.01,0.44
90,0.01,0.03,0.02,0.37,0.01,0.02,0.01,0.44
91,0.01,0.03,0.01,0.35,0.01,0.02,0.01,0.42
92,0.01,0.02,0.01,0.33,0.01,0.02,0.01,0.41
93,0.01,0.03,0.01,0.31,0.01,0.02,0.01,0.39
94,0.01,0.02,0.01,0.31,0.01,0.02,0.01,0.39
95,0.01,0.03,0.01,0.3,0.01,0.02,0.01,0.37
96,0.01,0.03,0.01,0.28,0.01,0.02,0.01,0.36
97,0.01,0.03,0.01,0.28,0.01,0.02,0.01,0.36
98,0.01,0.03,0.01,0.27,0.01,0.02,0.01,0.35
99,0.01,0.03,0.01,0.27,0.01,0.01,0.0,0.34
100,0.01,0.03,0.01,0.26,0.01,0.02,0.0,0.33
101,0.01,0.02,0.01,0.25,0.01,0.01,0.0,0.32
102,0.01,0.02,0.01,0.24,0.01,0.01,0.0,0.31
103,0.01,0.02,0.01,0.23,0.01,0.01,0.0,0.3
104,0.01,0.02,0.01,0.22,0.01,0.01,0.0,0.28
105,0.01,0.02,0.01,0.22,0.01,0.01,0.01,0.29
106,0.01,0.03,0.02,0.21,0.01,0.01,0.01,0.28
107,0.02,0.03,0.02,0.22,0.01,0.02,0.01,0.28
108,0.01,0.04,0.02,0.22,0.01,0.01,0.01,0.27
109,0.01,0.03,0.01,0.2,0.01,0.01,0.0,0.26
110,0.01,0.02,0.01,0.19,0.01,0.01,0.0,0.25
111,0.01,0.02,0.01,0.2,0.01,0.01,0.0,0.25
112,0.0,0.02,0.01,0.19,0.0,0.01,0.0,0.24
113,0.0,0.02,0.01,0.17,0.0,0.01,0.0,0.24
114,0.0,0.01,0.01,0.17,0.0,0.01,0.0,0.22
115,0.0,0.01,0.01,0.16,0.0,0.01,0.0,0.22
116,0.0,0.02,0.01,0.16,0.0,0.01,0.0,0.22
117,0.0,0.01,0.01,0.15,0.0,0.01,0.0,0.19
118,0.01,0.01,0.01,0.15,0.0,0.01,0.0,0.19
119,0.01,0.02,0.01,0.14,0.0,0.01,0.0,0.19
120,0.01,0.02,0.01,0.14,0.0,0.01,0.0,0.19
121,0.01,0.02,0.01,0.13,0.0,0.01,0.0,0.18
122,0.01,0.01,0.01,0.12,0.0,0.01,0.0,0.17
123,0.0,0.01,0.0,0.11,0.0,0.01,0.0,0.16
124,0.0,0.01,0.01,0.11,0.0,0.0,0.0,0.15
125,0.0,0.01,0.01,0.1,0.0,0.01,0.0,0.14
126,0.01,0.01,0.01,0.1,0.0,0.01,0.0,0.13
127,0.01,0.01,0.01,0.09,0.0,0.0,0.0,0.13
128,0.01,0.02,0.01,0.09,0.0,0.01,0.0,0.13
129,0.01,0.01,0.01,0.08,0.0,0.01,0.0,0.12
130,0.01,0.01,0.01,0.08,0.0,0.01,0.0,0.13
131,0.01,0.01,0.01,0.08,0.0,0.0,0.0,0.1
132,0.0,0.01,0.01,0.07,0.0,0.0,0.0,0.1
133,0.0,0.01,0.01,0.06,0.0,0.0,0.0,0.1
134,0.0,0.01,0.0,0.05,0.0,0.0,0.0,0.09
135,0.01,0.01,0.01,0.05,0.0,0.01,0.0,0.08
136,0.01,0.01,0.01,0.05,0.0,0.01,0.0,0.08
137,0.0,0.01,0.01,0.04,0.0,0.0,0.0,0.08
138,0.0,0.01,0.01,0.04,0.0,0.0,0.0,0.06
139,0.0,0.0,0.0,0.03,0.0,0.0,0.0,0.06
140,0.0,0.0,0.0,0.02,0.0,0.0,0.0,0.05
141,0.0,0.0,0.0,0.01,0.0,0.0,0.0,0.05
142,0.0,0.01,0.0,0.01,0.0,0.0,0.0,0.03
143,0.01,0.01,0.0,0.0,0.0,0.0,0.0,0.03
144,0.01,0.01,0.01,0.0,0.0,0.0,0.0,0.03
145,0.01,0.01,0.01,0.0,0.0,0.0,0.0,0.02
146,0.01,0.01,0.01,0.01,0.0,0.0,0.0,0.03
147,0.01,0.01,0.01,0.0,0.0,0.0,0.0,0.02
148,0.01,0.02,0.02,0.01,0.0,0.01,0.0,0.02
149,0.01,0.02,0.02,0.02,0.0,0.01,0.0,0.02
150,0.02,0.02,0.02,0.02,0.0,0.01,0.01,0.02
151,0.02,0.02,0.02,0.02,0.01,0.01,0.01,0.02
152,0.02,0.03,0.02,0.02,0.01,0.01,0.01,0.02
153,0.02,0.03,0.02,0.02,0.01,0.01,0.01,0.02
154,0.01,0.02,0.02,0.02,0.0,0.0,0.0,0.02
155,0.02,0.03,0.02,0.02,0.0,0.01,0.01,0.01
156,0.02,0.03,0.02,0.02,0.01,0.01,0.01,0.01
157,0.03,0.04,0.04,0.01,0.02,0.01,0.03,0.0
158,0.04,0.06,0.05,0.02,0.02,0.02,0.04,0.01
159,0.06,0.08,0.07,0.02,0.04,0.02,0.06,0.0
160,0.09,0.11,0.1,0.02,0.06,0.04,0.09,0.01
161,0.15,0.17,0.16,0.03,0.11,0.07,0.13,0.01
162,0.21,0.22,0.22,0.05,0.15,0.1,0.18,0.02
163,0.22,0.23,0.23,0.05,0.16,0.11,0.19,0.02
164,0.28,0.29,0.28,0.06,0.21,0.15,0.23,0.04
165,0.32,0.32,0.32,0.07,0.23,0.17,0.26,0.05
166,0.36,0.37,0.35,0.1,0.27,0.2,0.29,0.06
167,0.38,0.39,0.37,0.11,0.29,0.22,0.31,0.06
168,0.42,0.43,0.41,0.13,0.32,0.25,0.34,0.08
169,0.48,0.49,0.47,0.16,0.37,0.3,0.38,0.1
170,0.52,0.54,0.51,0.2,0.4,0.34,0.42,0.13
171,0.54,0.56,0.53,0.22,0.42,0.36,0.43,0.13
172,0.59,0.61,0.58,0.26,0.47,0.4,0.47,0.16
173,0.61,0.63,0.59,0.28,0.48,0.42,0.49,0.17
174,0.63,0.65,0.62,0.31,0.51,0.45,0.51,0.19
175,0.66,0.68,0.64,0.33,0.54,0.48,0.54,0.2
176,0.66,0.68,0.65,0.35,0.55,0.49,0.55,0.21
177,0.68,0.7,0.67,0.36,0.57,0.51,0.57,0.22
178,0.72,0.74,0.71,0.41,0.61,0.56,0.61,0.26
179,0.73,0.75,0.72,0.41,0.62,0.57,0.62,0.26
180,0.76,0.77,0.75,0.45,0.65,0.6,0.64,0.29
181,0.77,0.79,0.75,0.46,0.66,0.61,0.65,0.3
182,0.79,0.81,0.78,0.5,0.68,0.64,0.68,0.32
183,0.82,0.84,0.8,0.53,0.7,0.67,0.7,0.35
184,0.82,0.84,0.81,0.53,0.71,0.68,0.71,0.35
185,0.83,0.84,0.82,0.57,0.73,0.7,0.72,0.37
186,0.83,0.84,0.82,0.57,0.74,0.71,0.73,0.38
187,0.83,0.84,0.82,0.58,0.75,0.71,0.74,0.39
188,0.84,0.84,0.83,0.59,0.75,0.73,0.75,0.41
189,0.84,0.85,0.84,0.61,0.77,0.74,0.76,0.42
190,0.85,0.85,0.84,0.63,0.77,0.75,0.77,0.43
191,0.87,0.88,0.86,0.65,0.8,0.78,0.79,0.46
192,0.87,0.88,0.86,0.66,0.8,0.78,0.79,0.46
193,0.89,0.91,0.88,0.68,0.82,0.8,0.81,0.48
194,0.89,0.9,0.88,0.69,0.82,0.81,0.81,0.49
195,0.89,0.9,0.89,0.72,0.83,0.81,0.81,0.51
196,0.89,0.89,0.89,0.72,0.83,0.81,0.82,0.51
197,0.89,0.9,0.89,0.72,0.84,0.82,0.82,0.51
198,0.91,0.91,0.9,0.74,0.85,0.83,0.84,0.54
199,0.91,0.91,0.9,0.74,0.84,0.84,0.84,0.54
200,0.9,0.89,0.9,0.74,0.85,0.83,0.84,0.54
201,0.9,0.88,0.89,0.74,0.85,0.84,0.84,0.54
202,0.9,0.89,0.89,0.74,0.85,0.84,0.84,0.54
203,0.91,0.91,0.9,0.76,0.86,0.85,0.85,0.56
204,0.91,0.91,0.91,0.76,0.86,0.86,0.85,0.57
205,0.91,0.91,0.91,0.77,0.87,0.86,0.86,0.59
206,0.91,0.92,0.91,0.8,0.87,0.86,0.86,0.59
207,0.91,0.91,0.91,0.79,0.87,0.86,0.86,0.6
208,0.91,0.9,0.9,0.79,0.87,0.86,0.86,0.6
209,0.9,0.9,0.9,0.79,0.87,0.86,0.86,0.6
210,0.9,0.89,0.9,0.79,0.87,0.86,0.86,0.61
211,0.9,0.89,0.9,0.79,0.87,0.86,0.86,0.61
212,0.91,0.9,0.91,0.8,0.88,0.87,0.87,0.63
213,0.92,0.92,0.91,0.81,0.89,0.88,0.88,0.63
214,0.92,0.92,0.92,0.82,0.89,0.89,0.88,0.65
215,0.91,0.91,0.91,0.82,0.89,0.88,0.87,0.65
216,0.91,0.9,0.9,0.81,0.88,0.87,0.87,0.64
217,0.9,0.89,0.9,0.82,0.88,0.87,0.87,0.65
218,0.9,0.9,0.9,0.81,0.88,0.88,0.87,0.65
219,0.91,0.92,0.91,0.83,0.89,0.89,0.88,0.68
220,0.92,0.92,0.92,0.83,0.89,0.89,0.88,0.67
221,0.91,0.91,0.91,0.84,0.89,0.89,0.88,0.68
222,0.91,0.9,0.91,0.83,0.89,0.89,0.88,0.68
223,0.91,0.9,0.91,0.83,0.89,0.89,0.88,0.67
224,0.91,0.9,0.9,0.84,0.89,0.88,0.88,0.68
225,0.9,0.89,0.9,0.84,0.89,0.88,0.88,0.69
226,0.9,0.89,0.9,0.83,0.89,0.88,0.88,0.69
227,0.91,0.9,0.9,0.84,0.89,0.89,0.88,0.69
228,0.91,0.9,0.91,0.85,0.89,0.89,0.88,0.7
229,0.91,0.89,0.9,0.84,0.89,0.89,0.88,0.69
230,0.9,0.89,0.9,0.84,0.89,0.89,0.88,0.69
231,0.91,0.91,0.91,0.85,0.9,0.89,0.89,0.7
232,0.92,0.92,0.92,0.85,0.9,0.9,0.89,0.72
233,0.91,0.9,0.91,0.85,0.89,0.89,0.89,0.71
234,0.91,0.9,0.91,0.85,0.9,0.89,0.89,0.72
235,0.91,0.9,0.91,0.86,0.9,0.89,0.89,0.71
236,0.91,0.9,0.91,0.85,0.9,0.89,0.89,0.71
237,0.91,0.89,0.91,0.85,0.9,0.89,0.89,0.72
238,0.91,0.88,0.9,0.84,0.89,0.89,0.89,0.72
239,0.92,0.89,0.91,0.84,0.9,0.9,0.89,0.72
240,0.92,0.91,0.92,0.85,0.91,0.9,0.9,0.72
241,0.92,0.91,0.92,0.85,0.91,0.9,0.9,0.74
242,0.92,0.9,0.92,0.85,0.9,0.9,0.89,0.73
243,0.92,0.9,0.91,0.86,0.91,0.9,0.9,0.73
244,0.91,0.9,0.91,0.85,0.91,0.9,0.89,0.74
245,0.91,0.89,0.91,0.85,0.9,0.9,0.89,0.74
246,0.91,0.9,0.91,0.85,0.91,0.9,0.9,0.74
247,0.91,0.89,0.91,0.85,0.91,0.9,0.89,0.74
248,0.91,0.89,0.91,0.85,0.9,0.9,0.89,0.74
249,0.92,0.9,0.92,0.85,0.91,0.9,0.9,0.74
250,0.91,0.89,0.91,0.86,0.9,0.9,0.9,0.74
251,0.91,0.89,0.91,0.85,0.9,0.9,0.89,0.74
252,0.91,0.89,0.91,0.86,0.9,0.9,0.89,0.74
253,0.93,0.91,0.93,0.86,0.91,0.91,0.9,0.76
254,0.93,0.92,0.93,0.88,0.91,0.91,0.91,0.75
255,0.94,0.93,0.94,0.89,0.92,0.92,0.92,0.77
256,0.94,0.93,0.94,0.89,0.93,0.92,0.92,0.77
257,0.94,0.95,0.95,0.89,0.93,0.93,0.92,0.78
258,0.94,0.94,0.95,0.89,0.93,0.93,0.92,0.78
259,0.94,0.94,0.95,0.9,0.93,0.93,0.92,0.79
260,0.94,0.95,0.95,0.91,0.93,0.93,0.92,0.79
261,0.94,0.95,0.95,0.91,0.93,0.93,0.92,0.8
262,0.95,0.95,0.95,0.92,0.93,0.93,0.93,0.8
263,0.95,0.95,0.95,0.92,0.93,0.94,0.93,0.81
264,0.94,0.94,0.95,0.92,0.93,0.93,0.92,0.81
265,0.94,0.94,0.95,0.92,0.93,0.93,0.92,0.81
266,0.93,0.93,0.94,0.92,0.93,0.93,0.92,0.8
267,0.93,0.93,0.94,0.91,0.93,0.93,0.92,0.81
268,0.93,0.93,0.93,0.91,0.93,0.93,0.92,0.8
269,0.94,0.93,0.94,0.92,0.93,0.93,0.92,0.81
270,0.94,0.93,0.94,0.91,0.93,0.93,0.92,0.81
271,0.93,0.93,0.94,0.91,0.93,0.93,0.92,0.81
272,0.93,0.92,0.94,0.92,0.92,0.93,0.92,0.81
273,0.93,0.93,0.93,0.91,0.93,0.92,0.92,0.81
274,0.93,0.93,0.94,0.91,0.93,0.93,0.92,0.81
275,0.93,0.92,0.93,0.91,0.93,0.93,0.92,0.81
276,0.93,0.93,0.93,0.91,0.93,0.93,0.92,0.81
277,0.94,0.93,0.94,0.92,0.93,0.93,0.92,0.82
278,0.94,0.94,0.94,0.92,0.93,0.93,0.92,0.81
279,0.94,0.94,0.95,0.92,0.93,0.94,0.93,0.82
280,0.94,0.95,0.95,0.92,0.93,0.94,0.93,0.82
281,0.95,0.95,0.95,0.93,0.94,0.94,0.93,0.83
282,0.94,0.93,0.94,0.92,0.93,0.93,0.92,0.81
283,0.94,0.92,0.94,0.93,0.93,0.93,0.93,0.83
284,0.94,0.93,0.94,0.92,0.93,0.94,0.93,0.83
285,0.94,0.93,0.95,0.92,0.93,0.94,0.93,0.83
286,0.95,0.93,0.94,0.93,0.94,0.94,0.93,0.83
287,0.95,0.93,0.95,0.92,0.94,0.94,0.93,0.83
288,0.95,0.94,0.95,0.92,0.94,0.94,0.93,0.84
289,0.95,0.94,0.95,0.93,0.94,0.94,0.93,0.83
290,0.95,0.94,0.95,0.93,0.94,0.94,0.94,0.83
291,0.95,0.94,0.95,0.93,0.94,0.94,0.94,0.83
292,0.95,0.95,0.96,0.93,0.94,0.95,0.94,0.85
293,0.95,0.95,0.95,0.94,0.94,0.95,0.94,0.84
294,0.95,0.95,0.96,0.94,0.94,0.95,0.94,0.84
295,0.95,0.95,0.96,0.94,0.94,0.95,0.94,0.85
296,0.96,0.95,0.96,0.94,0.95,0.95,0.94,0.85
297,0.97,0.96,0.97,0.95,0.95,0.95,0.95,0.86
298,0.97,0.96,0.97,0.95,0.95,0.96,0.95,0.85
299,0.96,0.95,0.96,0.96,0.95,0.95,0.95,0.86
300,0.96,0.95,0.96,0.95,0.95,0.95,0.94,0.85
301,0.94,0.93,0.95,0.95,0.94,0.94,0.94,0.85
302,0.94,0.93,0.94,0.93,0.94,0.94,0.93,0.84
303,0.94,0.93,0.94,0.93,0.94,0.94,0.93,0.85
304,0.96,0.94,0.95,0.94,0.95,0.95,0.95,0.85
305,0.96,0.94,0.95,0.94,0.95,0.94,0.95,0.85
306,0.97,0.96,0.97,0.95,0.96,0.96,0.95,0.87
307,0.97,0.96,0.97,0.95,0.96,0.96,0.96,0.88
308,0.97,0.97,0.98,0.96,0.96,0.96,0.96,0.88
309,0.97,0.96,0.97,0.96,0.96,0.96,0.96,0.87
310,0.96,0.96,0.97,0.96,0.96,0.96,0.96,0.88
311,0.96,0.96,0.97,0.96,0.96,0.96,0.96,0.88
312,0.96,0.97,0.97,0.97,0.96,0.96,0.96,0.88
313,0.96,0.97,0.97,0.97,0.96,0.96,0.96,0.88
314,0.96,0.97,0.97,0.98,0.96,0.97,0.96,0.88
315,0.94,0.95,0.95,0.96,0.95,0.95,0.94,0.88
316,0.93,0.94,0.94,0.95,0.94,0.95,0.94,0.87
317,0.94,0.94,0.94,0.95,0.94,0.95,0.94,0.87
318,0.94,0.94,0.94,0.95,0.94,0.95,0.94,0.87
319,0.94,0.95,0.95,0.95,0.95,0.96,0.94,0.88
320,0.95,0.95,0.95,0.97,0.95,0.96,0.95,0.88
321,0.95,0.95,0.95,0.96,0.95,0.96,0.95,0.88
322,0.95,0.95,0.95,0.97,0.95,0.96,0.94,0.88
323,0.94,0.94,0.94,0.95,0.94,0.95,0.94,0.88
324,0.94,0.93,0.94,0.94,0.94,0.95,0.94,0.88
325,0.94,0.93,0.94,0.95,0.94,0.95,0.93,0.87
326,0.94,0.93,0.94,0.94,0.94,0.95,0.93,0.88
327,0.94,0.94,0.94,0.95,0.94,0.95,0.94,0.88
328,0.95,0.95,0.95,0.95,0.95,0.96,0.95,0.88
329,0.95,0.95,0.95,0.95,0.95,0.95,0.95,0.88
330,0.96,0.95,0.96,0.95,0.95,0.96,0.95,0.88
331,0.95,0.95,0.95,0.95,0.95,0.96,0.95,0.88
332,0.96,0.95,0.96,0.95,0.95,0.96,0.95,0.88
333,0.96,0.95,0.96,0.96,0.96,0.96,0.95,0.89
334,0.96,0.95,0.96,0.95,0.95,0.96,0.95,0.88
335,0.95,0.94,0.95,0.95,0.95,0.96,0.95,0.88
336,0.95,0.93,0.95,0.94,0.95,0.95,0.95,0.88
337,0.95,0.93,0.95,0.95,0.95,0.96,0.95,0.88
338,0.95,0.95,0.95,0.94,0.95,0.96,0.95,0.88
339,0.96,0.95,0.96,0.95,0.96,0.96,0.95,0.88
340,0.96,0.95,0.96,0.96,0.96,0.96,0.96,0.89
341,0.96,0.95,0.96,0.96,0.96,0.96,0.96,0.89
342,0.96,0.95,0.96,0.97,0.96,0.96,0.95,0.9
343,0.96,0.95,0.96,0.96,0.96,0.96,0.96,0.9
344,0.96,0.95,0.97,0.97,0.96,0.97,0.96,0.89
345,0.96,0.95,0.97,0.97,0.96,0.97,0.96,0.9
346,0.96,0.96,0.97,0.96,0.96,0.97,0.96,0.9
347,0.96,0.95,0.96,0.96,0.96,0.96,0.96,0.9
348,0.96,0.95,0.97,0.96,0.96,0.96,0.96,0.9
349,0.97,0.95,0.97,0.96,0.96,0.96,0.96,0.9
350,0.96,0.94,0.96,0.95,0.96,0.96,0.95,0.89
351,0.96,0.94,0.96,0.95,0.96,0.96,0.96,0.89
352,0.96,0.94,0.96,0.95,0.96,0.96,0.96,0.9
353,0.97,0.95,0.97,0.95,0.97,0.97,0.96,0.9
354,0.97,0.95,0.97,0.95,0.97,0.96,0.96,0.9
355,0.97,0.95,0.97,0.96,0.96,0.97,0.96,0.9
356,0.96,0.95,0.97,0.96,0.97,0.97,0.96,0.9
357,0.96,0.95,0.97,0.97,0.97,0.97,0.96,0.9
358,0.95,0.94,0.96,0.95,0.96,0.96,0.95,0.9
359,0.95,0.94,0.96,0.95,0.96,0.96,0.96,0.9
360,0.96,0.95,0.96,0.95,0.96,0.97,0.96,0.9
361,0.96,0.95,0.97,0.96,0.96,0.97,0.96,0.9
362,0.95,0.95,0.96,0.97,0.96,0.97,0.96,0.9
363,0.95,0.95,0.96,0.96,0.96,0.96,0.96,0.9
364,0.96,0.95,0.96,0.97,0.96,0.98,0.96,0.91
365,0.96,0.95,0.96,0.96,0.96,0.98,0.96,0.91
366,0.96,0.97,0.97,0.98,0.97,0.98,0.96,0.92
367,0.96,0.97,0.97,0.98,0.97,0.98,0.97,0.92
368,0.96,0.98,0.98,0.98,0.97,0.98,0.97,0.92
369,0.96,0.97,0.97,0.98,0.97,0.98,0.97,0.92
370,0.96,0.97,0.97,0.98,0.97,0.98,0.96,0.92
371,0.96,0.96,0.97,0.98,0.96,0.98,0.96,0.92
372,0.96,0.96,0.96,0.98,0.96,0.98,0.96,0.92
373,0.95,0.95,0.96,0.98,0.96,0.97,0.96,0.92
374,0.94,0.95,0.95,0.97,0.96,0.97,0.95,0.91
375,0.95,0.95,0.95,0.97,0.96,0.97,0.96,0.92
376,0.95,0.95,0.96,0.98,0.96,0.98,0.96,0.92
377,0.96,0.96,0.96,0.98,0.96,0.98,0.96,0.92
378,0.95,0.95,0.96,0.98,0.96,0.97,0.96,0.92
379,0.95,0.95,0.96,0.98,0.96,0.98,0.96,0.92
380,0.95,0.94,0.95,0.97,0.96,0.97,0.96,0.92
381,0.95,0.94,0.95,0.96,0.96,0.97,0.95,0.92
382,0.95,0.95,0.95,0.97,0.96,0.97,0.96,0.91
383,0.96,0.95,0.96,0.96,0.96,0.97,0.96,0.92
384,0.96,0.94,0.96,0.96,0.96,0.97,0.95,0.91
385,0.95,0.94,0.95,0.95,0.96,0.96,0.96,0.91
386,0.95,0.93,0.95,0.95,0.96,0.96,0.95,0.91
387,0.94,0.93,0.95,0.94,0.96,0.96,0.95,0.9
388,0.95,0.94,0.95,0.95,0.96,0.96,0.96,0.91
389,0.95,0.95,0.96,0.95,0.96,0.97,0.96,0.91
390,0.95,0.95,0.96,0.95,0.96,0.98,0.96,0.92
391,0.95,0.95,0.96,0.95,0.97,0.98,0.96,0.92
392,0.95,0.94,0.95,0.95,0.96,0.97,0.96,0.92
393,0.95,0.95,0.95,0.95,0.96,0.97,0.96,0.92
394,0.95,0.95,0.96,0.95,0.96,0.97,0.96,0.92
395,0.95,0.94,0.95,0.95,0.96,0.97,0.96,0.91
396,0.95,0.95,0.96,0.95,0.96,0.97,0.96,0.92
397,0.96,0.95,0.96,0.97,0.96,0.98,0.96,0.92
398,0.95,0.94,0.95,0.95,0.96,0.97,0.96,0.92
399,0.94,0.94,0.95,0.95,0.96,0.97,0.95,0.91
400,0.93,0.92,0.93,0.93,0.95,0.95,0.95,0.9
401,0.94,0.91,0.93,0.93,0.94,0.96,0.95,0.9
402,0.94,0.91,0.93,0.93,0.95,0.96,0.95,0.9
403,0.94,0.91,0.94,0.93,0.95,0.95,0.95,0.9
404,0.94,0.93,0.94,0.93,0.95,0.96,0.95,0.9
405,0.94,0.92,0.94,0.93,0.95,0.96,0.95,0.9
406,0.94,0.93,0.94,0.93,0.95,0.96,0.95,0.9
407,0.94,0.93,0.95,0.93,0.95,0.96,0.95,0.9
408,0.94,0.93,0.95,0.94,0.95,0.96,0.95,0.9
409,0.94,0.92,0.94,0.93,0.95,0.95,0.95,0.9
410,0.93,0.91,0.94,0.93,0.95,0.95,0.95,0.91
411,0.94,0.91,0.94,0.92,0.95,0.95,0.95,0.9
412,0.94,0.92,0.94,0.92,0.95,0.96,0.95,0.9
413,0.94,0.92,0.94,0.92,0.95,0.96,0.95,0.9
414,0.94,0.93,0.94,0.93,0.96,0.96,0.95,0.91
415,0.94,0.92,0.94,0.92,0.95,0.96,0.95,0.9
416,0.93,0.91,0.93,0.92,0.95,0.96,0.95,0.9
417,0.93,0.91,0.93,0.92,0.95,0.95,0.95,0.9
418,0.94,0.91,0.94,0.92,0.95,0.95,0.95,0.9
419,0.95,0.93,0.95,0.93,0.96,0.96,0.96,0.92
420,0.95,0.94,0.96,0.93,0.96,0.96,0.96,0.92
421,0.95,0.94,0.95,0.93,0.96,0.97,0.96,0.92
422,0.95,0.93,0.95,0.92,0.96,0.96,0.96,0.91
423,0.95,0.94,0.95,0.93,0.96,0.97,0.96,0.92
424,0.96,0.95,0.96,0.94,0.97,0.97,0.96,0.92
425,0.96,0.95,0.96,0.95,0.97,0.98,0.97,0.92
426,0.96,0.95,0.96,0.95,0.97,0.97,0.96,0.92
427,0.95,0.94,0.95,0.94,0.96,0.96,0.96,0.92
428,0.94,0.91,0.94,0.92,0.95,0.96,0.95,0.9
429,0.93,0.91,0.93,0.92,0.95,0.95,0.95,0.91
430,0.93,0.91,0.93,0.92,0.95,0.96,0.95,0.9
431,0.94,0.91,0.93,0.92,0.95,0.96,0.95,0.91
432,0.94,0.91,0.93,0.92,0.95,0.95,0.95,0.9
433,0.94,0.91,0.93,0.92,0.95,0.95,0.95,0.9
434,0.94,0.93,0.94,0.93,0.95,0.96,0.96,0.91
435,0.94,0.93,0.95,0.92,0.96,0.96,0.96,0.91
436,0.95,0.94,0.95,0.93,0.96,0.97,0.96,0.92
437,0.95,0.94,0.95,0.93,0.96,0.97,0.96,0.92
438,0.96,0.95,0.96,0.93,0.97,0.97,0.96,0.92
439,0.97,0.96,0.97,0.95,0.98,0.98,0.97,0.94
440,0.96,0.95,0.97,0.96,0.97,0.98,0.97,0.94
441,0.96,0.96,0.97,0.95,0.98,0.98,0.97,0.94
442,0.96,0.95,0.97,0.95,0.97,0.98,0.97,0.94
443,0.94,0.93,0.95,0.94,0.96,0.97,0.96,0.94
444,0.94,0.93,0.95,0.94,0.96,0.97,0.96,0.92
445,0.93,0.92,0.94,0.93,0.96,0.96,0.95,0.92
446,0.93,0.93,0.94,0.94,0.96,0.96,0.96,0.92
447,0.94,0.95,0.95,0.95,0.97,0.98,0.97,0.94
448,0.95,0.95,0.95,0.95,0.97,0.97,0.96,0.94
449,0.95,0.96,0.96,0.95,0.96,0.98,0.96,0.94
450,0.95,0.96,0.96,0.97,0.97,0.98,0.96,0.94
451,0.95,0.95,0.96,0.96,0.97,0.98,0.96,0.94
452,0.94,0.95,0.95,0.95,0.96,0.98,0.96,0.93
453,0.93,0.92,0.93,0.93,0.95,0.96,0.95,0.92
454,0.92,0.91,0.92,0.93,0.94,0.96,0.94,0.91
455,0.91,0.89,0.91,0.92,0.94,0.95,0.94,0.91
456,0.9,0.88,0.9,0.9,0.93,0.95,0.93,0.9
457,0.9,0.88,0.9,0.89,0.93,0.94,0.93,0.9
458,0.91,0.88,0.9,0.9,0.93,0.94,0.93,0.9
459,0.91,0.88,0.9,0.89,0.93,0.94,0.93,0.9
460,0.91,0.88,0.9,0.9,0.93,0.94,0.93,0.9
461,0.91,0.89,0.91,0.89,0.94,0.95,0.94,0.9
462,0.91,0.89,0.91,0.9,0.93,0.94,0.94,0.9
463,0.91,0.88,0.91,0.89,0.93,0.94,0.94,0.9
464,0.91,0.89,0.91,0.89,0.93,0.95,0.94,0.9
465,0.91,0.89,0.91,0.89,0.93,0.95,0.94,0.9
466,0.92,0.89,0.91,0.89,0.94,0.95,0.94,0.9
467,0.91,0.89,0.91,0.89,0.94,0.95,0.94,0.9
468,0.91,0.89,0.91,0.89,0.94,0.95,0.94,0.9
469,0.92,0.9,0.92,0.89,0.94,0.95,0.94,0.91
470,0.92,0.89,0.92,0.89,0.94,0.95,0.94,0.9
471,0.92,0.89,0.92,0.89,0.94,0.95,0.95,0.91
472,0.92,0.9,0.92,0.89,0.94,0.95,0.94,0.91
473,0.92,0.88,0.91,0.89,0.94,0.94,0.94,0.9
474,0.91,0.88,0.91,0.89,0.94,0.94,0.93,0.9
475,0.92,0.89,0.92,0.89,0.94,0.95,0.95,0.9
476,0.92,0.9,0.92,0.89,0.94,0.95,0.95,0.9
477,0.92,0.89,0.93,0.9,0.94,0.95,0.95,0.9
478,0.92,0.89,0.93,0.89,0.95,0.95,0.95,0.91
479,0.93,0.89,0.93,0.89,0.95,0.95,0.95,0.9
480,0.92,0.89,0.93,0.89,0.95,0.95,0.95,0.9
481,0.93,0.89,0.93,0.89,0.95,0.95,0.95,0.9
482,0.93,0.89,0.93,0.89,0.95,0.95,0.95,0.91
483,0.93,0.9,0.93,0.91,0.95,0.95,0.95,0.91
484,0.93,0.9,0.94,0.9,0.95,0.95,0.95,0.91
485,0.94,0.92,0.94,0.92,0.96,0.96,0.96,0.92
486,0.94,0.92,0.94,0.92,0.96,0.96,0.96,0.92
487,0.94,0.92,0.94,0.92,0.96,0.96,0.96,0.92
488,0.93,0.92,0.94,0.93,0.96,0.96,0.96,0.92
489,0.93,0.92,0.94,0.92,0.96,0.96,0.96,0.92
490,0.92,0.91,0.93,0.92,0.95,0.96,0.95,0.92
491,0.92,0.91,0.93,0.92,0.95,0.96,0.95,0.92
492,0.91,0.91,0.93,0.92,0.95,0.96,0.95,0.92
493,0.91,0.91,0.92,0.92,0.95,0.96,0.95,0.92
494,0.93,0.93,0.94,0.92,0.96,0.96,0.96,0.93
495,0.93,0.93,0.94,0.93,0.96,0.97,0.96,0.93
496,0.93,0.92,0.94,0.93,0.96,0.96,0.96,0.93
497,0.93,0.92,0.94,0.92,0.96,0.96,0.95,0.92
498,0.92,0.91,0.93,0.92,0.95,0.96,0.95,0.92
499,0.93,0.91,0.93,0.92,0.95,0.96,0.95,0.92
500,0.92,0.91,0.93,0.92,0.95,0.96,0.95,0.92
501,0.92,0.91,0.93,0.92,0.95,0.96,0.95,0.92
502,0.92,0.9,0.92,0.92,0.94,0.95,0.95,0.91
503,0.93,0.9,0.93,0.92,0.95,0.96,0.95,0.92
504,0.93,0.9,0.93,0.92,0.95,0.96,0.95,0.92
505,0.93,0.9,0.93,0.92,0.95,0.95,0.95,0.92
506,0.93,0.91,0.94,0.92,0.95,0.96,0.95,0.92
507,0.94,0.91,0.94,0.92,0.96,0.95,0.96,0.92
508,0.94,0.92,0.94,0.93,0.96,0.96,0.96,0.92
509,0.94,0.92,0.94,0.93,0.96,0.96,0.96,0.93
510,0.94,0.92,0.94,0.93,0.96,0.96,0.96,0.93
511,0.94,0.92,0.94,0.93,0.95,0.96,0.96,0.93
512,0.93,0.91,0.93,0.92,0.96,0.96,0.96,0.93
513,0.93,0.91,0.93,0.92,0.95,0.96,0.96,0.92
514,0.94,0.91,0.94,0.92,0.95,0.96,0.96,0.94
515,0.94,0.92,0.94,0.93,0.96,0.96,0.96,0.93
516,0.94,0.92,0.94,0.92,0.96,0.96,0.96,0.93
517,0.94,0.91,0.94,0.93,0.95,0.96,0.96,0.94
518,0.93,0.91,0.93,0.92,0.95,0.96,0.95,0.93
519,0.93,0.9,0.93,0.92,0.95,0.96,0.95,0.93
520,0.93,0.9,0.93,0.92,0.95,0.95,0.95,0.92
521,0.93,0.91,0.94,0.93,0.95,0.95,0.95,0.93
522,0.94,0.91,0.94,0.92,0.96,0.95,0.96,0.94
523,0.94,0.91,0.94,0.92,0.96,0.96,0.96,0.93
524,0.94,0.91,0.94,0.93,0.96,0.96,0.96,0.94
525,0.93,0.92,0.94,0.93,0.96,0.96,0.95,0.94
526,0.94,0.93,0.95,0.93,0.97,0.98,0.97,0.94
527,0.94,0.94,0.95,0.94,0.97,0.97,0.96,0.94
528,0.94,0.93,0.95,0.94,0.97,0.97,0.96,0.95
529,0.94,0.93,0.95,0.94,0.97,0.98,0.96,0.95
530,0.94,0.94,0.95,0.95,0.97,0.97,0.96,0.95
531,0.94,0.93,0.95,0.95,0.96,0.97,0.96,0.95
532,0.94,0.92,0.94,0.95,0.96,0.97,0.96,0.94
533,0.93,0.92,0.94,0.94,0.96,0.96,0.96,0.94
534,0.94,0.93,0.94,0.94,0.96,0.97,0.96,0.95
535,0.94,0.93,0.94,0.94,0.96,0.97,0.96,0.95
536,0.94,0.93,0.94,0.94,0.96,0.96,0.96,0.95
537,0.93,0.92,0.94,0.94,0.96,0.96,0.95,0.94
538,0.93,0.91,0.94,0.93,0.96,0.96,0.96,0.94
539,0.93,0.91,0.93,0.93,0.95,0.96,0.95,0.94
540,0.93,0.91,0.93,0.93,0.95,0.96,0.95,0.94
541,0.92,0.9,0.93,0.92,0.95,0.96,0.95,0.94
542,0.92,0.9,0.92,0.93,0.95,0.95,0.95,0.94
543,0.92,0.89,0.92,0.92,0.95,0.95,0.95,0.94
544,0.91,0.89,0.92,0.92,0.95,0.95,0.95,0.94
545,0.92,0.89,0.92,0.92,0.94,0.95,0.95,0.94
546,0.92,0.91,0.93,0.92,0.95,0.96,0.95,0.94
547,0.93,0.92,0.94,0.93,0.96,0.96,0.96,0.94
548,0.94,0.93,0.95,0.93,0.96,0.97,0.96,0.95
549,0.94,0.93,0.94,0.94,0.97,0.96,0.97,0.95
550,0.94,0.94,0.95,0.95,0.96,0.97,0.96,0.95
551,0.96,0.95,0.96,0.96,0.97,0.98,0.98,0.97
552,0.96,0.96,0.96,0.96,0.98,0.98,0.98,0.97
553,0.96,0.96,0.97,0.97,0.98,0.99,0.98,0.97
554,0.96,0.95,0.96,0.97,0.98,0.98,0.98,0.97
555,0.95,0.95,0.96,0.96,0.97,0.98,0.97,0.97
556,0.94,0.94,0.96,0.96,0.97,0.98,0.97,0.97
557,0.94,0.93,0.95,0.95,0.97,0.97,0.97,0.97
558,0.94,0.93,0.95,0.95,0.97,0.97,0.96,0.97
559,0.94,0.93,0.95,0.96,0.97,0.97,0.96,0.97
560,0.94,0.93,0.95,0.95,0.97,0.97,0.96,0.97
561,0.94,0.93,0.95,0.95,0.96,0.97,0.96,0.97
562,0.94,0.93,0.94,0.95,0.96,0.97,0.96,0.95
563,0.94,0.93,0.95,0.95,0.96,0.97,0.96,0.97
564,0.94,0.94,0.95,0.95,0.97,0.97,0.96,0.95
565,0.94,0.93,0.95,0.95,0.96,0.98,0.97,0.97
566,0.94,0.93,0.95,0.95,0.97,0.97,0.96,0.97
567,0.95,0.94,0.95,0.95,0.97,0.97,0.97,0.97
568,0.97,0.96,0.97,0.97,0.98,0.98,0.98,0.97
569,0.98,0.97,0.98,0.98,0.99,0.99,0.98,0.99
570,0.98,0.98,0.99,0.99,0.99,1.0,0.99,1.0
571,0.97,0.97,0.98,0.99,0.99,1.0,0.98,0.98
572,0.96,0.94,0.96,0.97,0.98,0.98,0.97,0.97
573,0.96,0.95,0.96,0.98,0.97,0.98,0.97,0.97
574,0.96,0.95,0.97,0.98,0.98,0.98,0.97,0.97
575,0.97,0.95,0.97,0.98,0.98,0.98,0.98,0.98
576,0.96,0.95,0.96,0.98,0.97,0.98,0.98,0.97
577,0.96,0.95,0.97,0.98,0.98,0.99,0.98,0.97
578,0.96,0.95,0.96,0.97,0.97,0.98,0.98,0.98
579,0.95,0.93,0.95,0.97,0.97,0.98,0.97,0.97
580,0.94,0.92,0.95,0.96,0.96,0.96,0.96,0.97
581,0.94,0.92,0.94,0.95,0.96,0.96,0.96,0.97
582,0.95,0.93,0.95,0.96,0.97,0.97,0.97,0.97
583,0.94,0.94,0.95,0.96,0.97,0.97,0.96,0.97
584,0.94,0.93,0.94,0.95,0.97,0.97,0.96,0.97
585,0.94,0.93,0.94,0.95,0.96,0.97,0.96,0.97
586,0.94,0.93,0.94,0.95,0.96,0.97,0.96,0.97
587,0.94,0.94,0.95,0.95,0.96,0.97,0.97,0.97
588,0.95,0.95,0.95,0.98,0.97,0.98,0.97,0.97
589,0.95,0.95,0.95,0.96,0.97,0.98,0.97,0.97
590,0.94,0.94,0.95,0.97,0.97,0.98,0.97,0.97
591,0.94,0.94,0.95,0.97,0.97,0.98,0.97,0.97
592,0.94,0.94,0.95,0.97,0.97,0.98,0.96,0.97
593,0.94,0.94,0.95,0.98,0.97,0.98,0.96,0.97
594,0.94,0.95,0.95,0.97,0.97,0.98,0.97,0.98
595,0.94,0.95,0.95,0.97,0.97,0.98,0.97,0.98
596,0.94,0.94,0.94,0.98,0.97,0.98,0.96,0.97
597,0.94,0.95,0.95,0.98,0.97,0.98,0.97,0.98
598,0.94,0.95,0.95,0.98,0.97,0.98,0.97,0.98
599,0.94,0.95,0.95,0.98,0.97,0.98,0.97,0.99
