0,0.64,0.53,0.78,0.98,0.77,0.37,0.92,0.97
1,0.64,0.53,0.78,0.98,0.79,0.37,0.92,0.97
2,0.67,0.53,0.8,0.98,0.79,0.37,0.92,0.97
3,0.67,0.53,0.78,0.98,0.82,0.37,0.92,0.97
4,0.67,0.53,0.8,0.98,0.79,0.37,0.92,0.97
5,0.67,0.6,0.8,0.98,0.79,0.37,0.92,0.97
6,0.69,0.6,0.8,0.98,0.79,0.37,0.92,0.97
7,0.67,0.6,0.8,0.98,0.79,0.37,0.92,0.97
8,0.69,0.53,0.8,0.98,0.79,0.25,0.92,0.97
9,0.67,0.6,0.8,0.98,0.79,0.49,0.92,0.97
10,0.69,0.6,0.81,0.98,0.82,0.37,0.94,0.97
11,0.72,0.66,0.81,0.98,0.82,0.49,0.94,0.97
12,0.72,0.66,0.81,0.98,0.82,0.49,0.92,0.97
13,0.69,0.72,0.81,0.98,0.82,0.49,0.92,0.97
14,0.72,0.6,0.81,0.98,0.79,0.49,0.94,0.97
15,0.69,0.66,0.83,0.98,0.82,0.49,0.94,0.97
16,0.72,0.66,0.84,0.99,0.82,0.62,0.96,0.97
17,0.72,0.72,0.83,0.99,0.82,0.62,0.96,0.97
18,0.72,0.79,0.84,0.99,0.82,0.62,0.96,0.97
19,0.72,0.79,0.84,0.99,0.82,0.49,0.96,0.97
20,0.72,0.79,0.83,0.99,0.85,0.62,0.96,0.97
21,0.72,0.72,0.83,0.99,0.85,0.62,0.96,0.97
22,0.72,0.79,0.83,0.99,0.85,0.49,0.96,0.97
23,0.72,0.66,0.84,0.99,0.82,0.62,0.96,0.97
24,0.72,0.72,0.84,0.99,0.82,0.62,0.96,0.97
25,0.74,0.72,0.84,0.99,0.85,0.49,0.96,0.97
26,0.74,0.72,0.84,0.99,0.88,0.62,0.96,0.98
27,0.74,0.79,0.84,0.99,0.85,0.49,0.98,0.97
28,0.74,0.79,0.86,0.99,0.88,0.62,0.98,0.98
29,0.74,0.87,0.84,0.99,0.85,0.75,0.98,0.98
30,0.77,0.87,0.86,0.99,0.88,0.75,0.96,0.98
31,0.74,0.87,0.86,1.0,0.85,0.75,0.96,0.98
32,0.74,0.87,0.86,0.99,0.85,0.62,0.98,0.98
33,0.77,0.87,0.86,0.99,0.88,0.75,0.98,0.98
34,0.77,0.87,0.87,0.99,0.88,0.87,0.98,0.98
35,0.79,0.87,0.89,1.0,0.88,0.87,0.98,0.98
36,0.79,0.94,0.89,1.0,0.88,0.87,0.98,0.98
37,0.79,1.0,0.91,1.0,0.88,0.87,1.0,0.98
38,0.79,0.94,0.89,1.0,0.88,0.87,0.98,0.98
39,0.79,0.87,0.89,1.0,0.88,0.87,1.0,0.98
40,0.79,0.94,0.89,1.0,0.88,0.87,1.0,0.98
41,0.79,0.94,0.91,1.0,0.88,0.75,1.0,0.98
42,0.79,0.94,0.89,1.0,0.91,0.87,0.98,0.98
43,0.79,0.94,0.89,1.0,0.91,0.87,0.98,0.98
44,0.79,0.94,0.89,1.0,0.88,1.0,1.0,0.98
45,0.79,0.94,0.89,1.0,0.91,0.87,1.0,0.98
46,0.79,0.94,0.91,1.0,0.88,1.0,1.0,0.98
47,0.85,0.87,0.92,1.0,0.91,0.87,1.0,0.98
48,0.9,0.87,0.95,1.0,0.91,0.87,0.98,0.98
49,0.95,0.87,0.98,1.0,0.94,0.87,1.0,0.98
50,0.98,0.87,1.0,1.0,1.0,0.75,0.98,0.98
51,1.0,0.87,1.0,1.0,1.0,0.87,1.0,0.98
52,1.0,0.79,1.0,0.99,0.97,0.75,0.96,0.97
53,0.82,0.87,0.7,0.9,0.77,0.75,0.55,0.86
54,0.72,0.87,0.52,0.8,0.6,0.62,0.37,0.77
55,0.4,0.79,0.19,0.52,0.28,0.75,0.11,0.53
56,0.33,0.79,0.14,0.45,0.2,0.62,0.08,0.48
57,0.16,0.79,0.02,0.27,0.1,0.75,0.02,0.33
58,0.09,0.72,0.0,0.19,0.05,0.75,0.02,0.27
59,0.05,0.72,0.0,0.14,0.02,0.75,0.0,0.21
60,0.05,0.79,0.0,0.13,0.02,0.75,0.02,0.2
61,0.02,0.79,0.0,0.09,0.0,0.62,0.02,0.17
62,0.02,0.87,0.0,0.07,0.0,0.62,0.02,0.14
63,0.02,0.79,0.0,0.05,0.0,0.62,0.02,0.11
64,0.02,0.79,0.01,0.02,0.0,0.62,0.02,0.08
65,0.02,0.79,0.01,0.02,0.02,0.62,0.03,0.07
66,0.0,0.87,0.01,0.01,0.02,0.62,0.02,0.06
67,0.02,0.72,0.01,0.01,0.02,0.49,0.03,0.05
68,0.0,0.72,0.02,0.01,0.0,0.62,0.03,0.04
69,0.02,0.72,0.02,0.0,0.0,0.62,0.03,0.03
70,0.05,0.79,0.01,0.0,0.0,0.62,0.03,0.03
71,0.05,0.72,0.04,0.0,0.02,0.62,0.05,0.02
72,0.05,0.72,0.04,0.0,0.02,0.75,0.05,0.02
73,0.05,0.79,0.04,0.0,0.02,0.75,0.05,0.02
74,0.05,0.79,0.04,0.0,0.02,0.62,0.07,0.02
75,0.05,0.87,0.05,0.0,0.05,0.62,0.07,0.02
76,0.05,0.72,0.04,0.0,0.05,0.75,0.07,0.02
77,0.07,0.87,0.05,0.0,0.05,0.62,0.07,0.02
78,0.05,0.79,0.04,0.01,0.05,0.62,0.07,0.02
79,0.07,0.79,0.04,0.0,0.05,0.62,0.07,0.01
80,0.07,0.79,0.04,0.01,0.02,0.75,0.07,0.01
81,0.07,0.79,0.05,0.01,0.05,0.75,0.07,0.01
82,0.07,0.87,0.05,0.01,0.07,0.62,0.08,0.01
83,0.09,0.87,0.07,0.01,0.05,0.62,0.07,0.01
84,0.07,0.87,0.05,0.01,0.05,0.62,0.07,0.01
85,0.07,0.87,0.05,0.01,0.05,0.62,0.08,0.01
86,0.09,0.87,0.07,0.01,0.07,0.62,0.08,0.01
87,0.09,0.87,0.07,0.01,0.07,0.62,0.08,0.01
88,0.09,0.87,0.08,0.01,0.07,0.87,0.08,0.01
89,0.09,0.87,0.08,0.01,0.07,0.75,0.08,0.01
90,0.12,0.87,0.08,0.01,0.07,0.75,0.08,0.01
91,0.12,0.87,0.08,0.01,0.07,0.87,0.08,0.01
92,0.12,0.94,0.08,0.01,0.07,0.75,0.08,0.01
93,0.12,0.87,0.08,0.01,0.07,0.75,0.08,0.01
94,0.12,0.87,0.07,0.01,0.07,0.75,0.08,0.01
95,0.12,0.87,0.08,0.01,0.07,0.75,0.08,0.01
96,0.12,0.79,0.08,0.01,0.05,0.62,0.08,0.01
97,0.12,0.87,0.07,0.01,0.05,0.62,0.08,0.01
98,0.12,0.87,0.08,0.01,0.07,0.75,0.08,0.01
99,0.12,0.87,0.08,0.01,0.07,0.62,0.1,0.01
100,0.12,0.87,0.08,0.01,0.12,0.75,0.08,0.01
101,0.12,0.87,0.08,0.01,0.07,0.75,0.08,0.01
102,0.12,0.87,0.08,0.01,0.1,0.87,0.08,0.01
103,0.12,0.87,0.08,0.01,0.07,0.75,0.08,0.01
104,0.07,0.87,0.08,0.01,0.1,1.0,0.08,0.01
105,0.12,0.94,0.08,0.01,0.07,0.87,0.08,0.01
106,0.09,0.87,0.07,0.01,0.07,0.62,0.1,0.01
107,0.09,0.79,0.07,0.01,0.05,0.75,0.08,0.01
108,0.09,0.79,0.05,0.01,0.05,0.75,0.07,0.01
109,0.09,0.79,0.05,0.01,0.05,0.62,0.07,0.01
110,0.09,0.79,0.05,0.01,0.05,0.62,0.07,0.01
111,0.09,0.79,0.05,0.01,0.05,0.62,0.07,0.01
112,0.12,0.87,0.05,0.01,0.05,0.75,0.07,0.01
113,0.09,0.87,0.05,0.01,0.05,0.87,0.07,0.01
114,0.09,0.79,0.05,0.01,0.05,0.49,0.07,0.01
115,0.09,0.79,0.05,0.01,0.05,0.62,0.07,0.01
116,0.07,0.72,0.04,0.01,0.0,0.49,0.05,0.0
117,0.07,0.66,0.02,0.01,0.02,0.49,0.05,0.0
118,0.05,0.72,0.01,0.01,0.02,0.49,0.05,0.0
119,0.05,0.66,0.02,0.01,0.02,0.37,0.05,0.0
120,0.05,0.6,0.02,0.01,0.02,0.37,0.03,0.0
121,0.05,0.6,0.02,0.01,0.0,0.37,0.05,0.0
122,0.05,0.6,0.02,0.01,0.02,0.37,0.03,0.0
123,0.05,0.6,0.01,0.01,0.02,0.37,0.05,0.0
124,0.05,0.6,0.01,0.01,0.02,0.37,0.05,0.0
125,0.05,0.6,0.02,0.01,0.0,0.37,0.03,0.0
126,0.05,0.53,0.02,0.01,0.0,0.25,0.03,0.0
127,0.05,0.53,0.02,0.01,0.0,0.49,0.05,0.0
128,0.05,0.6,0.02,0.01,0.02,0.37,0.05,0.0
129,0.05,0.66,0.02,0.01,0.02,0.49,0.05,0.0
130,0.05,0.66,0.02,0.01,0.05,0.49,0.05,0.0
131,0.02,0.66,0.02,0.01,0.02,0.37,0.07,0.0
132,0.02,0.66,0.02,0.01,0.02,0.37,0.05,0.0
133,0.02,0.66,0.02,0.01,0.02,0.49,0.05,0.0
134,0.02,0.66,0.02,0.01,0.02,0.49,0.03,0.0
135,0.02,0.66,0.01,0.01,0.02,0.37,0.05,0.0
136,0.0,0.6,0.01,0.01,0.02,0.49,0.05,0.0
137,0.02,0.6,0.01,0.01,0.02,0.49,0.03,0.0
138,0.02,0.79,0.01,0.01,0.0,0.37,0.05,0.0
139,0.02,0.6,0.0,0.01,0.0,0.37,0.05,0.0
140,0.02,0.6,0.01,0.01,0.02,0.49,0.03,0.0
141,0.02,0.6,0.0,0.01,0.0,0.37,0.03,0.0
142,0.02,0.53,0.01,0.01,0.0,0.37,0.03,0.0
143,0.02,0.6,0.01,0.01,0.0,0.49,0.05,0.0
144,0.02,0.66,0.01,0.01,0.0,0.49,0.05,0.0
145,0.02,0.66,0.01,0.01,0.0,0.49,0.05,0.0
146,0.02,0.66,0.01,0.01,0.0,0.49,0.03,0.0
147,0.02,0.6,0.01,0.01,0.0,0.37,0.03,0.0
148,0.05,0.6,0.01,0.01,0.0,0.37,0.03,0.0
149,0.05,0.53,0.01,0.01,0.0,0.37,0.03,0.0
150,0.05,0.6,0.01,0.01,0.0,0.37,0.03,0.0
151,0.05,0.6,0.02,0.01,0.02,0.49,0.03,0.0
152,0.07,0.53,0.02,0.01,0.0,0.37,0.05,0.0
153,0.07,0.6,0.05,0.01,0.05,0.37,0.1,0.0
154,0.09,0.53,0.08,0.01,0.05,0.25,0.13,0.0
155,0.12,0.6,0.11,0.01,0.12,0.37,0.16,0.01
156,0.14,0.53,0.14,0.02,0.12,0.37,0.21,0.01
157,0.14,0.53,0.15,0.02,0.12,0.37,0.21,0.01
158,0.18,0.6,0.19,0.02,0.17,0.37,0.27,0.02
159,0.21,0.53,0.25,0.04,0.25,0.25,0.32,0.03
160,0.21,0.47,0.26,0.04,0.25,0.25,0.32,0.03
161,0.23,0.53,0.31,0.05,0.28,0.25,0.37,0.04
162,0.28,0.53,0.35,0.06,0.33,0.37,0.41,0.05
163,0.3,0.53,0.38,0.07,0.35,0.25,0.44,0.06
164,0.35,0.53,0.41,0.09,0.41,0.25,0.5,0.08
165,0.37,0.53,0.42,0.1,0.41,0.37,0.5,0.08
166,0.4,0.47,0.45,0.11,0.43,0.25,0.53,0.09
167,0.45,0.53,0.5,0.12,0.46,0.37,0.51,0.1
168,0.47,0.53,0.54,0.14,0.52,0.37,0.57,0.11
169,0.47,0.53,0.54,0.15,0.52,0.37,0.61,0.12
170,0.5,0.47,0.55,0.16,0.54,0.25,0.63,0.13
171,0.52,0.53,0.57,0.19,0.57,0.25,0.64,0.15
172,0.52,0.53,0.6,0.21,0.57,0.25,0.66,0.17
173,0.54,0.47,0.6,0.21,0.6,0.37,0.68,0.17
174,0.52,0.47,0.61,0.23,0.6,0.25,0.66,0.18
175,0.54,0.47,0.63,0.24,0.6,0.25,0.68,0.2
176,0.52,0.4,0.63,0.26,0.6,0.25,0.68,0.21
177,0.54,0.47,0.61,0.27,0.63,0.13,0.7,0.22
178,0.52,0.4,0.61,0.29,0.63,0.25,0.7,0.24
179,0.52,0.4,0.63,0.31,0.6,0.13,0.72,0.24
180,0.54,0.32,0.63,0.32,0.63,0.0,0.72,0.26
181,0.54,0.4,0.64,0.34,0.63,0.13,0.74,0.27
182,0.54,0.32,0.64,0.36,0.63,0.0,0.74,0.28
183,0.57,0.19,0.64,0.37,0.65,0.25,0.76,0.3
184,0.54,0.32,0.66,0.38,0.65,0.13,0.76,0.31
185,0.57,0.4,0.67,0.4,0.65,0.25,0.78,0.32
186,0.57,0.47,0.67,0.41,0.68,0.25,0.78,0.33
187,0.57,0.47,0.67,0.42,0.68,0.25,0.78,0.34
188,0.59,0.4,0.69,0.43,0.68,0.25,0.8,0.35
189,0.59,0.47,0.7,0.45,0.71,0.13,0.8,0.36
190,0.62,0.47,0.7,0.46,0.71,0.25,0.82,0.38
191,0.62,0.4,0.72,0.47,0.71,0.37,0.8,0.38
192,0.62,0.4,0.7,0.47,0.71,0.25,0.82,0.39
193,0.62,0.4,0.73,0.5,0.74,0.25,0.84,0.4
194,0.64,0.4,0.73,0.5,0.74,0.25,0.84,0.41
195,0.64,0.47,0.73,0.51,0.74,0.37,0.84,0.42
196,0.64,0.47,0.73,0.52,0.74,0.25,0.86,0.43
197,0.64,0.4,0.73,0.53,0.77,0.25,0.84,0.44
198,0.62,0.47,0.73,0.54,0.74,0.37,0.84,0.45
199,0.67,0.4,0.75,0.55,0.74,0.37,0.86,0.46
200,0.67,0.47,0.77,0.56,0.77,0.25,0.84,0.46
201,0.67,0.47,0.77,0.57,0.74,0.25,0.86,0.47
202,0.67,0.4,0.75,0.58,0.74,0.25,0.84,0.48
203,0.67,0.4,0.75,0.58,0.77,0.25,0.84,0.49
204,0.64,0.47,0.75,0.6,0.77,0.25,0.84,0.5
205,0.64,0.4,0.75,0.61,0.74,0.25,0.86,0.51
206,0.64,0.47,0.75,0.62,0.77,0.25,0.86,0.51
207,0.64,0.4,0.75,0.62,0.77,0.13,0.86,0.52
208,0.64,0.47,0.75,0.62,0.74,0.25,0.86,0.52
209,0.64,0.47,0.75,0.63,0.77,0.25,0.86,0.53
210,0.64,0.47,0.75,0.64,0.77,0.25,0.88,0.54
211,0.64,0.47,0.77,0.64,0.77,0.37,0.88,0.55
212,0.67,0.47,0.77,0.65,0.77,0.37,0.88,0.56
213,0.67,0.47,0.78,0.66,0.79,0.37,0.9,0.57
214,0.67,0.47,0.78,0.66,0.77,0.37,0.88,0.57
215,0.67,0.53,0.8,0.67,0.79,0.37,0.9,0.58
216,0.69,0.53,0.8,0.68,0.79,0.49,0.92,0.58
217,0.69,0.53,0.78,0.68,0.79,0.49,0.92,0.59
218,0.69,0.47,0.8,0.68,0.79,0.37,0.9,0.59
219,0.69,0.47,0.8,0.69,0.79,0.37,0.9,0.6
220,0.69,0.47,0.78,0.69,0.79,0.37,0.9,0.61
221,0.72,0.47,0.8,0.7,0.79,0.49,0.92,0.61
222,0.69,0.53,0.8,0.7,0.79,0.37,0.92,0.62
223,0.72,0.47,0.8,0.71,0.82,0.37,0.9,0.62
224,0.72,0.47,0.8,0.71,0.82,0.49,0.92,0.62
225,0.74,0.47,0.81,0.72,0.82,0.37,0.92,0.63
226,0.74,0.47,0.81,0.72,0.82,0.49,0.94,0.64
227,0.74,0.6,0.81,0.72,0.82,0.37,0.92,0.64
228,0.74,0.53,0.81,0.73,0.82,0.37,0.92,0.64
229,0.72,0.4,0.81,0.73,0.82,0.37,0.92,0.65
230,0.72,0.32,0.81,0.73,0.82,0.25,0.92,0.65
231,0.72,0.47,0.8,0.74,0.82,0.37,0.92,0.66
232,0.72,0.47,0.81,0.74,0.82,0.37,0.92,0.66
233,0.69,0.47,0.81,0.75,0.79,0.25,0.92,0.67
234,0.69,0.47,0.8,0.75,0.79,0.37,0.94,0.67
235,0.67,0.4,0.8,0.75,0.82,0.37,0.92,0.68
236,0.67,0.4,0.78,0.76,0.82,0.37,0.92,0.68
237,0.67,0.32,0.78,0.76,0.79,0.37,0.92,0.68
238,0.67,0.47,0.78,0.76,0.79,0.37,0.9,0.68
239,0.67,0.4,0.78,0.76,0.79,0.37,0.9,0.69
240,0.67,0.4,0.77,0.77,0.79,0.25,0.9,0.69
241,0.64,0.4,0.77,0.77,0.79,0.25,0.88,0.69
242,0.64,0.32,0.77,0.77,0.79,0.25,0.9,0.7
243,0.64,0.32,0.75,0.77,0.79,0.37,0.9,0.7
244,0.64,0.26,0.77,0.78,0.77,0.25,0.9,0.7
245,0.64,0.4,0.77,0.78,0.79,0.25,0.9,0.71
246,0.67,0.47,0.78,0.78,0.79,0.37,0.9,0.71
247,0.67,0.4,0.78,0.78,0.77,0.37,0.9,0.71
248,0.67,0.32,0.78,0.79,0.79,0.25,0.9,0.72
249,0.67,0.32,0.77,0.79,0.79,0.25,0.88,0.72
250,0.67,0.32,0.77,0.79,0.79,0.25,0.9,0.72
251,0.64,0.26,0.75,0.79,0.77,0.13,0.88,0.73
252,0.64,0.26,0.73,0.79,0.77,0.25,0.88,0.73
253,0.64,0.26,0.75,0.79,0.77,0.13,0.88,0.73
254,0.64,0.19,0.75,0.79,0.74,0.13,0.88,0.74
255,0.62,0.26,0.73,0.8,0.74,0.13,0.88,0.74
256,0.64,0.19,0.73,0.79,0.74,0.0,0.88,0.74
257,0.64,0.19,0.73,0.8,0.77,0.0,0.88,0.74
258,0.64,0.26,0.75,0.8,0.77,0.13,0.88,0.74
259,0.64,0.26,0.75,0.8,0.77,0.25,0.88,0.75
260,0.64,0.4,0.77,0.81,0.79,0.37,0.9,0.75
261,0.64,0.32,0.78,0.81,0.79,0.25,0.92,0.75
262,0.67,0.4,0.77,0.81,0.77,0.37,0.9,0.76
263,0.67,0.4,0.78,0.81,0.82,0.49,0.92,0.76
264,0.67,0.4,0.78,0.81,0.79,0.37,0.92,0.76
265,0.67,0.47,0.78,0.82,0.79,0.25,0.92,0.76
266,0.67,0.4,0.78,0.82,0.82,0.37,0.92,0.77
267,0.67,0.47,0.78,0.82,0.79,0.37,0.92,0.76
268,0.67,0.32,0.78,0.82,0.79,0.37,0.92,0.77
269,0.67,0.4,0.78,0.82,0.82,0.25,0.92,0.77
270,0.67,0.32,0.77,0.82,0.79,0.25,0.9,0.77
271,0.64,0.47,0.77,0.82,0.79,0.25,0.9,0.78
272,0.64,0.32,0.77,0.83,0.79,0.25,0.9,0.78
273,0.64,0.26,0.77,0.83,0.79,0.25,0.9,0.78
274,0.64,0.4,0.77,0.83,0.79,0.25,0.9,0.78
275,0.64,0.4,0.77,0.83,0.79,0.37,0.9,0.78
276,0.64,0.47,0.78,0.83,0.77,0.37,0.88,0.78
277,0.64,0.32,0.77,0.83,0.79,0.37,0.92,0.79
278,0.62,0.32,0.75,0.83,0.77,0.37,0.88,0.79
279,0.62,0.4,0.75,0.83,0.77,0.25,0.88,0.79
280,0.62,0.32,0.75,0.84,0.77,0.37,0.88,0.79
281,0.62,0.4,0.75,0.84,0.77,0.25,0.9,0.79
282,0.62,0.4,0.77,0.84,0.77,0.25,0.88,0.8
283,0.62,0.4,0.75,0.84,0.77,0.25,0.9,0.8
284,0.62,0.32,0.75,0.84,0.77,0.37,0.88,0.8
285,0.62,0.32,0.73,0.84,0.77,0.25,0.88,0.8
286,0.59,0.32,0.73,0.85,0.77,0.37,0.88,0.8
287,0.62,0.32,0.75,0.85,0.77,0.25,0.88,0.81
288,0.62,0.4,0.75,0.85,0.77,0.25,0.9,0.81
289,0.62,0.32,0.75,0.85,0.74,0.37,0.88,0.81
290,0.64,0.32,0.75,0.85,0.77,0.25,0.9,0.81
291,0.62,0.26,0.73,0.85,0.74,0.25,0.88,0.81
292,0.62,0.26,0.73,0.85,0.74,0.13,0.86,0.81
293,0.62,0.26,0.72,0.85,0.77,0.13,0.88,0.81
294,0.62,0.26,0.73,0.85,0.77,0.25,0.88,0.82
295,0.62,0.26,0.72,0.85,0.74,0.25,0.88,0.82
296,0.59,0.19,0.73,0.85,0.77,0.13,0.86,0.82
297,0.59,0.19,0.72,0.85,0.74,0.13,0.86,0.82
298,0.62,0.19,0.72,0.85,0.74,0.13,0.88,0.82
299,0.62,0.26,0.72,0.86,0.74,0.13,0.88,0.82
300,0.64,0.32,0.73,0.86,0.74,0.25,0.88,0.82
301,0.64,0.26,0.75,0.86,0.77,0.25,0.88,0.82
302,0.64,0.32,0.75,0.86,0.77,0.25,0.92,0.82
303,0.64,0.32,0.75,0.86,0.77,0.25,0.9,0.82
304,0.62,0.26,0.73,0.86,0.77,0.13,0.9,0.83
305,0.59,0.19,0.73,0.86,0.77,0.25,0.88,0.83
306,0.59,0.32,0.73,0.87,0.77,0.37,0.9,0.83
307,0.59,0.26,0.73,0.87,0.77,0.37,0.9,0.83
308,0.62,0.26,0.73,0.87,0.77,0.25,0.88,0.83
309,0.59,0.32,0.73,0.87,0.77,0.25,0.88,0.83
310,0.59,0.32,0.73,0.87,0.77,0.25,0.88,0.84
311,0.57,0.19,0.72,0.87,0.74,0.25,0.86,0.84
312,0.57,0.26,0.7,0.87,0.74,0.25,0.86,0.84
313,0.57,0.26,0.7,0.87,0.71,0.13,0.86,0.84
314,0.57,0.26,0.7,0.87,0.74,0.25,0.84,0.84
315,0.54,0.13,0.69,0.87,0.71,0.0,0.86,0.84
316,0.54,0.13,0.69,0.87,0.71,0.13,0.84,0.84
317,0.54,0.19,0.69,0.87,0.71,0.13,0.84,0.84
318,0.54,0.19,0.69,0.87,0.71,0.0,0.86,0.84
319,0.57,0.13,0.7,0.87,0.71,0.13,0.86,0.84
320,0.59,0.13,0.7,0.88,0.71,0.25,0.86,0.84
321,0.57,0.19,0.7,0.88,0.74,0.0,0.86,0.85
322,0.59,0.19,0.7,0.88,0.71,0.13,0.86,0.85
323,0.59,0.26,0.7,0.88,0.74,0.13,0.88,0.85
324,0.59,0.19,0.72,0.88,0.74,0.13,0.86,0.85
325,0.59,0.19,0.72,0.88,0.74,0.13,0.88,0.85
326,0.57,0.13,0.72,0.88,0.74,0.13,0.86,0.85
327,0.59,0.13,0.72,0.88,0.74,0.25,0.88,0.85
328,0.62,0.19,0.72,0.88,0.74,0.25,0.88,0.86
329,0.59,0.13,0.72,0.88,0.74,0.25,0.9,0.85
330,0.59,0.13,0.72,0.88,0.74,0.13,0.88,0.86
331,0.59,0.19,0.73,0.88,0.74,0.25,0.88,0.86
332,0.62,0.19,0.73,0.89,0.74,0.13,0.9,0.86
333,0.62,0.26,0.73,0.89,0.74,0.13,0.88,0.86
334,0.62,0.19,0.73,0.89,0.77,0.25,0.88,0.86
335,0.62,0.13,0.75,0.89,0.74,0.13,0.9,0.86
336,0.62,0.13,0.75,0.89,0.77,0.25,0.88,0.86
337,0.64,0.13,0.73,0.89,0.77,0.13,0.88,0.86
338,0.62,0.19,0.73,0.89,0.79,0.0,0.88,0.87
339,0.62,0.19,0.73,0.89,0.77,0.13,0.9,0.87
340,0.62,0.13,0.73,0.89,0.77,0.13,0.88,0.86
341,0.62,0.13,0.73,0.89,0.77,0.13,0.9,0.87
342,0.62,0.19,0.73,0.89,0.77,0.13,0.9,0.87
343,0.62,0.13,0.73,0.89,0.74,0.13,0.88,0.87
344,0.62,0.19,0.73,0.89,0.77,0.13,0.9,0.87
345,0.62,0.06,0.72,0.89,0.74,0.13,0.9,0.87
346,0.62,0.13,0.73,0.89,0.74,0.0,0.88,0.87
347,0.62,0.06,0.73,0.89,0.74,0.13,0.88,0.87
348,0.62,0.06,0.73,0.89,0.74,0.0,0.86,0.87
349,0.59,0.06,0.73,0.89,0.77,0.0,0.9,0.87
350,0.62,0.06,0.73,0.89,0.74,0.0,0.86,0.88
351,0.62,0.06,0.73,0.89,0.74,0.13,0.88,0.88
352,0.62,0.06,0.72,0.89,0.77,0.0,0.88,0.88
353,0.59,0.0,0.72,0.89,0.74,0.0,0.88,0.88
354,0.59,0.06,0.73,0.9,0.74,0.0,0.88,0.88
355,0.62,0.06,0.72,0.9,0.77,0.0,0.9,0.88
356,0.59,0.0,0.73,0.9,0.74,0.0,0.88,0.88
357,0.59,0.06,0.72,0.9,0.74,0.0,0.88,0.88
358,0.59,0.06,0.72,0.9,0.74,0.0,0.88,0.88
359,0.57,0.06,0.7,0.9,0.74,0.0,0.88,0.88
360,0.57,0.06,0.72,0.9,0.74,0.0,0.88,0.88
361,0.57,0.0,0.72,0.9,0.74,0.0,0.9,0.88
362,0.59,0.19,0.73,0.9,0.77,0.0,0.88,0.88
363,0.59,0.06,0.73,0.9,0.77,0.13,0.88,0.88
364,0.62,0.06,0.73,0.9,0.77,0.0,0.9,0.89
365,0.59,0.06,0.73,0.9,0.77,0.0,0.9,0.88
366,0.59,0.06,0.73,0.9,0.74,0.13,0.88,0.89
367,0.57,0.06,0.72,0.9,0.77,0.0,0.88,0.89
368,0.57,0.06,0.72,0.9,0.74,0.0,0.86,0.89
369,0.57,0.06,0.7,0.91,0.74,0.0,0.88,0.89
370,0.57,0.06,0.73,0.91,0.74,0.13,0.88,0.89
371,0.59,0.06,0.72,0.91,0.77,0.0,0.88,0.89
372,0.59,0.06,0.73,0.91,0.77,0.13,0.88,0.89
373,0.59,0.06,0.73,0.91,0.74,0.25,0.9,0.89
374,0.59,0.13,0.75,0.91,0.74,0.13,0.88,0.89
375,0.59,0.06,0.73,0.91,0.74,0.13,0.88,0.89
376,0.59,0.06,0.72,0.91,0.77,0.13,0.88,0.89
377,0.57,0.06,0.72,0.91,0.74,0.0,0.86,0.9
378,0.57,0.06,0.72,0.91,0.74,0.13,0.88,0.9
379,0.57,0.06,0.72,0.91,0.74,0.0,0.88,0.9
380,0.57,0.13,0.7,0.91,0.74,0.13,0.88,0.9
381,0.57,0.06,0.7,0.91,0.74,0.0,0.88,0.9
382,0.57,0.13,0.72,0.91,0.71,0.13,0.88,0.9
383,0.57,0.13,0.72,0.92,0.74,0.13,0.88,0.9
384,0.57,0.06,0.72,0.91,0.74,0.0,0.86,0.9
385,0.59,0.13,0.73,0.92,0.74,0.25,0.9,0.91
386,0.62,0.13,0.73,0.92,0.77,0.25,0.9,0.91
387,0.62,0.13,0.73,0.92,0.77,0.25,0.88,0.91
388,0.62,0.19,0.73,0.92,0.77,0.25,0.9,0.91
389,0.62,0.19,0.75,0.92,0.77,0.37,0.9,0.91
390,0.62,0.19,0.75,0.92,0.77,0.25,0.9,0.91
391,0.62,0.13,0.75,0.92,0.77,0.25,0.88,0.91
392,0.62,0.13,0.73,0.92,0.79,0.25,0.9,0.91
393,0.59,0.13,0.72,0.92,0.77,0.49,0.88,0.91
394,0.59,0.06,0.72,0.92,0.77,0.25,0.88,0.91
395,0.59,0.06,0.73,0.92,0.74,0.13,0.88,0.91
396,0.62,0.06,0.75,0.92,0.77,0.25,0.88,0.91
397,0.62,0.13,0.73,0.93,0.77,0.37,0.9,0.91
398,0.59,0.19,0.75,0.92,0.77,0.25,0.92,0.91
399,0.62,0.19,0.75,0.93,0.77,0.37,0.9,0.91
400,0.62,0.19,0.75,0.93,0.77,0.37,0.9,0.91
401,0.62,0.19,0.75,0.93,0.79,0.37,0.9,0.92
402,0.62,0.13,0.75,0.93,0.77,0.37,0.9,0.92
403,0.62,0.06,0.75,0.93,0.77,0.25,0.9,0.92
404,0.62,0.13,0.75,0.93,0.77,0.25,0.9,0.92
405,0.62,0.06,0.75,0.93,0.77,0.25,0.9,0.92
406,0.62,0.19,0.75,0.93,0.77,0.25,0.9,0.92
407,0.62,0.26,0.77,0.93,0.77,0.37,0.9,0.92
408,0.62,0.19,0.75,0.93,0.79,0.25,0.92,0.92
409,0.62,0.26,0.75,0.93,0.79,0.37,0.9,0.92
410,0.62,0.26,0.75,0.93,0.77,0.37,0.92,0.92
411,0.62,0.26,0.75,0.93,0.77,0.37,0.92,0.92
412,0.62,0.26,0.77,0.93,0.79,0.49,0.9,0.93
413,0.62,0.32,0.77,0.93,0.77,0.49,0.92,0.93
414,0.62,0.32,0.78,0.93,0.77,0.37,0.92,0.93
415,0.62,0.26,0.77,0.93,0.79,0.49,0.9,0.93
416,0.62,0.26,0.77,0.93,0.77,0.49,0.92,0.93
417,0.62,0.26,0.78,0.93,0.79,0.37,0.92,0.93
418,0.64,0.26,0.78,0.94,0.79,0.37,0.92,0.93
419,0.67,0.32,0.8,0.94,0.79,0.49,0.92,0.93
420,0.67,0.32,0.78,0.94,0.82,0.62,0.92,0.93
421,0.67,0.32,0.8,0.94,0.82,0.49,0.92,0.93
422,0.67,0.32,0.8,0.94,0.82,0.49,0.92,0.93
423,0.69,0.32,0.8,0.94,0.82,0.62,0.92,0.93
424,0.67,0.4,0.81,0.94,0.82,0.62,0.92,0.93
425,0.69,0.32,0.81,0.94,0.82,0.49,0.94,0.94
426,0.72,0.4,0.83,0.94,0.82,0.62,0.94,0.94
427,0.69,0.32,0.83,0.94,0.82,0.62,0.9,0.94
428,0.69,0.4,0.83,0.94,0.82,0.62,0.94,0.94
429,0.72,0.4,0.83,0.95,0.82,0.49,0.96,0.94
430,0.72,0.4,0.84,0.94,0.82,0.62,0.96,0.94
431,0.72,0.4,0.83,0.94,0.85,0.62,0.94,0.94
432,0.74,0.47,0.84,0.95,0.82,0.75,0.96,0.94
433,0.72,0.53,0.86,0.95,0.85,0.62,0.96,0.94
434,0.74,0.47,0.84,0.95,0.82,0.75,0.96,0.94
435,0.74,0.47,0.84,0.95,0.82,0.62,0.96,0.94
436,0.72,0.47,0.84,0.95,0.82,0.62,0.96,0.94
437,0.69,0.32,0.83,0.95,0.82,0.49,0.94,0.94
438,0.69,0.32,0.81,0.95,0.82,0.62,0.94,0.94
439,0.72,0.32,0.81,0.95,0.82,0.62,0.94,0.94
440,0.72,0.4,0.83,0.95,0.82,0.62,0.96,0.94
441,0.72,0.47,0.83,0.95,0.82,0.62,0.94,0.94
442,0.72,0.4,0.81,0.95,0.82,0.75,0.96,0.94
443,0.72,0.47,0.83,0.95,0.82,0.75,0.96,0.95
444,0.72,0.53,0.84,0.95,0.85,0.62,0.96,0.95
445,0.74,0.6,0.84,0.95,0.85,0.75,0.98,0.95
446,0.74,0.53,0.84,0.96,0.88,0.87,0.98,0.95
447,0.74,0.53,0.86,0.95,0.88,0.87,0.98,0.95
448,0.74,0.53,0.84,0.95,0.85,0.75,0.98,0.95
449,0.74,0.6,0.86,0.96,0.88,0.87,0.98,0.95
450,0.74,0.53,0.86,0.96,0.85,0.75,0.98,0.95
451,0.74,0.53,0.84,0.96,0.88,0.75,0.98,0.95
452,0.74,0.47,0.84,0.96,0.85,0.75,0.96,0.95
453,0.72,0.53,0.84,0.96,0.85,0.75,0.96,0.95
454,0.72,0.4,0.84,0.96,0.82,0.75,0.96,0.95
455,0.72,0.4,0.83,0.96,0.85,0.49,0.96,0.95
456,0.69,0.4,0.81,0.96,0.82,0.62,0.94,0.95
457,0.69,0.47,0.81,0.96,0.82,0.62,0.94,0.95
458,0.69,0.4,0.81,0.96,0.82,0.75,0.94,0.95
459,0.69,0.4,0.81,0.96,0.82,0.62,0.96,0.95
460,0.69,0.4,0.81,0.96,0.82,0.75,0.96,0.96
461,0.72,0.47,0.81,0.96,0.85,0.75,0.96,0.96
462,0.69,0.53,0.83,0.96,0.82,0.87,0.96,0.95
463,0.72,0.53,0.84,0.96,0.85,0.87,0.98,0.95
464,0.72,0.53,0.84,0.96,0.85,0.87,0.98,0.96
465,0.74,0.6,0.83,0.96,0.85,0.75,0.98,0.96
466,0.74,0.53,0.84,0.96,0.85,0.75,0.98,0.96
467,0.74,0.47,0.84,0.96,0.85,0.87,0.98,0.96
468,0.72,0.47,0.84,0.96,0.85,0.75,0.96,0.96
469,0.72,0.53,0.84,0.96,0.85,0.75,0.96,0.96
470,0.74,0.47,0.83,0.97,0.85,0.75,0.96,0.96
471,0.72,0.4,0.83,0.96,0.85,0.75,0.94,0.96
472,0.69,0.4,0.81,0.96,0.82,0.49,0.94,0.96
473,0.69,0.32,0.81,0.96,0.82,0.62,0.94,0.96
474,0.69,0.32,0.81,0.96,0.82,0.62,0.94,0.96
475,0.67,0.32,0.81,0.96,0.82,0.49,0.94,0.96
476,0.67,0.26,0.8,0.96,0.79,0.49,0.92,0.96
477,0.67,0.26,0.8,0.96,0.79,0.62,0.96,0.96
478,0.67,0.32,0.8,0.96,0.79,0.49,0.92,0.96
479,0.64,0.32,0.77,0.96,0.79,0.37,0.92,0.96
480,0.64,0.26,0.78,0.96,0.79,0.49,0.92,0.96
481,0.64,0.26,0.77,0.96,0.79,0.49,0.92,0.96
482,0.62,0.26,0.75,0.96,0.79,0.37,0.92,0.96
483,0.59,0.26,0.75,0.96,0.79,0.37,0.92,0.96
484,0.62,0.26,0.75,0.96,0.77,0.49,0.9,0.96
485,0.62,0.32,0.75,0.96,0.77,0.37,0.92,0.96
486,0.59,0.32,0.75,0.96,0.77,0.62,0.9,0.96
487,0.62,0.32,0.73,0.96,0.77,0.49,0.92,0.96
488,0.62,0.26,0.75,0.96,0.77,0.49,0.9,0.96
489,0.62,0.26,0.75,0.96,0.77,0.37,0.92,0.96
490,0.62,0.26,0.75,0.96,0.77,0.37,0.9,0.96
491,0.62,0.26,0.75,0.97,0.77,0.37,0.9,0.96
492,0.62,0.26,0.75,0.96,0.77,0.49,0.9,0.96
493,0.62,0.26,0.75,0.96,0.77,0.49,0.9,0.96
494,0.62,0.32,0.75,0.96,0.77,0.49,0.9,0.96
495,0.62,0.32,0.75,0.97,0.77,0.49,0.9,0.96
496,0.62,0.26,0.75,0.97,0.77,0.37,0.92,0.96
497,0.62,0.19,0.75,0.97,0.77,0.49,0.92,0.96
498,0.64,0.26,0.75,0.97,0.79,0.49,0.9,0.96
499,0.62,0.26,0.75,0.97,0.77,0.37,0.9,0.96
500,0.62,0.26,0.75,0.97,0.77,0.25,0.92,0.96
501,0.62,0.26,0.75,0.97,0.77,0.49,0.92,0.97
502,0.62,0.26,0.75,0.97,0.77,0.37,0.9,0.97
503,0.62,0.26,0.75,0.97,0.77,0.49,0.9,0.97
504,0.62,0.32,0.75,0.97,0.77,0.49,0.92,0.97
505,0.64,0.4,0.77,0.97,0.79,0.49,0.92,0.97
506,0.64,0.4,0.77,0.97,0.82,0.49,0.92,0.97
507,0.67,0.4,0.78,0.97,0.79,0.62,0.92,0.97
508,0.67,0.4,0.8,0.97,0.82,0.62,0.94,0.97
509,0.67,0.4,0.8,0.97,0.79,0.49,0.94,0.97
510,0.67,0.4,0.8,0.97,0.82,0.49,0.94,0.97
511,0.67,0.4,0.8,0.97,0.82,0.75,0.92,0.97
512,0.67,0.4,0.8,0.97,0.82,0.62,0.92,0.97
513,0.67,0.32,0.8,0.97,0.82,0.49,0.92,0.97
514,0.67,0.32,0.8,0.97,0.79,0.62,0.92,0.97
515,0.67,0.32,0.78,0.97,0.82,0.62,0.94,0.97
516,0.64,0.26,0.8,0.97,0.82,0.62,0.92,0.97
517,0.64,0.26,0.78,0.97,0.79,0.49,0.92,0.97
518,0.64,0.26,0.78,0.97,0.79,0.49,0.92,0.97
519,0.64,0.26,0.77,0.97,0.77,0.37,0.92,0.97
520,0.62,0.19,0.75,0.97,0.79,0.37,0.9,0.97
521,0.62,0.19,0.73,0.97,0.77,0.37,0.9,0.97
522,0.62,0.19,0.75,0.97,0.79,0.37,0.9,0.97
523,0.62,0.19,0.75,0.97,0.77,0.37,0.9,0.97
524,0.62,0.19,0.73,0.97,0.77,0.25,0.9,0.97
525,0.62,0.26,0.75,0.97,0.77,0.25,0.9,0.97
526,0.62,0.19,0.75,0.97,0.77,0.49,0.88,0.97
527,0.62,0.19,0.75,0.97,0.77,0.37,0.9,0.97
528,0.62,0.26,0.75,0.97,0.77,0.37,0.9,0.97
529,0.62,0.13,0.73,0.97,0.77,0.37,0.9,0.97
530,0.62,0.26,0.75,0.97,0.74,0.37,0.92,0.97
531,0.62,0.26,0.75,0.98,0.77,0.37,0.9,0.97
532,0.59,0.26,0.73,0.97,0.77,0.37,0.92,0.97
533,0.59,0.26,0.75,0.97,0.77,0.37,0.9,0.97
534,0.59,0.19,0.73,0.98,0.77,0.37,0.9,0.98
535,0.59,0.19,0.73,0.98,0.77,0.37,0.88,0.97
536,0.59,0.13,0.75,0.97,0.77,0.37,0.9,0.97
537,0.59,0.19,0.73,0.98,0.77,0.37,0.88,0.98
538,0.59,0.19,0.72,0.98,0.77,0.37,0.88,0.98
539,0.57,0.13,0.72,0.97,0.74,0.25,0.88,0.98
540,0.57,0.13,0.72,0.97,0.74,0.25,0.88,0.98
541,0.57,0.13,0.72,0.97,0.77,0.25,0.9,0.98
542,0.57,0.06,0.72,0.97,0.74,0.37,0.88,0.98
543,0.57,0.13,0.72,0.98,0.77,0.25,0.88,0.98
544,0.57,0.19,0.72,0.97,0.77,0.37,0.88,0.98
545,0.54,0.13,0.72,0.98,0.74,0.13,0.88,0.98
546,0.57,0.19,0.72,0.98,0.77,0.37,0.88,0.98
547,0.59,0.13,0.73,0.98,0.74,0.37,0.88,0.98
548,0.59,0.19,0.72,0.98,0.74,0.37,0.88,0.98
549,0.62,0.19,0.73,0.98,0.74,0.37,0.88,0.98
550,0.62,0.06,0.73,0.98,0.74,0.25,0.9,0.98
551,0.59,0.19,0.73,0.98,0.77,0.37,0.9,0.98
552,0.59,0.19,0.73,0.98,0.77,0.37,0.9,0.98
553,0.59,0.13,0.72,0.98,0.77,0.37,0.9,0.98
554,0.59,0.06,0.73,0.98,0.77,0.37,0.88,0.98
555,0.57,0.13,0.73,0.98,0.74,0.13,0.88,0.98
556,0.57,0.06,0.72,0.98,0.74,0.25,0.88,0.98
557,0.59,0.13,0.73,0.98,0.74,0.13,0.88,0.98
558,0.59,0.13,0.73,0.98,0.77,0.25,0.88,0.98
559,0.59,0.13,0.73,0.98,0.77,0.37,0.88,0.98
560,0.59,0.06,0.73,0.98,0.77,0.13,0.88,0.98
561,0.59,0.06,0.73,0.98,0.74,0.25,0.88,0.98
562,0.62,0.13,0.72,0.98,0.74,0.37,0.88,0.98
563,0.59,0.13,0.73,0.98,0.74,0.25,0.9,0.98
564,0.59,0.06,0.73,0.98,0.74,0.13,0.88,0.98
565,0.59,0.06,0.72,0.98,0.74,0.25,0.88,0.98
566,0.59,0.19,0.73,0.98,0.74,0.25,0.88,0.99
567,0.59,0.19,0.72,0.98,0.77,0.25,0.88,0.98
568,0.59,0.13,0.73,0.98,0.74,0.37,0.88,0.99
569,0.62,0.13,0.75,0.98,0.77,0.37,0.88,0.99
570,0.62,0.13,0.73,0.98,0.77,0.49,0.9,0.99
571,0.62,0.19,0.73,0.98,0.74,0.25,0.88,0.99
572,0.62,0.06,0.73,0.98,0.74,0.37,0.88,0.99
573,0.62,0.06,0.75,0.98,0.77,0.25,0.9,0.99
574,0.62,0.13,0.73,0.98,0.74,0.25,0.88,0.99
575,0.62,0.06,0.73,0.98,0.77,0.25,0.9,0.99
576,0.62,0.13,0.75,0.99,0.77,0.37,0.9,0.99
577,0.62,0.13,0.75,0.99,0.77,0.37,0.9,0.99
578,0.62,0.13,0.75,0.99,0.77,0.37,0.9,0.99
579,0.62,0.19,0.75,0.99,0.77,0.25,0.9,0.99
580,0.62,0.19,0.75,0.99,0.77,0.37,0.88,0.99
581,0.62,0.13,0.75,0.99,0.77,0.37,0.92,0.99
582,0.62,0.19,0.77,0.99,0.79,0.37,0.92,0.99
583,0.62,0.26,0.78,0.99,0.82,0.49,0.92,0.99
584,0.62,0.26,0.78,0.99,0.82,0.49,0.92,0.99
585,0.62,0.26,0.78,0.99,0.79,0.49,0.92,1.0
586,0.62,0.26,0.77,0.99,0.79,0.49,0.92,0.99
587,0.62,0.19,0.78,0.99,0.82,0.49,0.92,0.99
588,0.62,0.26,0.78,0.99,0.79,0.37,0.92,0.99
589,0.62,0.19,0.77,0.99,0.79,0.37,0.9,0.99
590,0.62,0.19,0.77,0.99,0.79,0.37,0.92,1.0
591,0.59,0.13,0.77,0.99,0.77,0.49,0.9,0.99
592,0.59,0.19,0.75,0.99,0.79,0.37,0.9,0.99
593,0.59,0.26,0.77,0.99,0.79,0.25,0.9,0.99
594,0.62,0.26,0.77,0.99,0.79,0.49,0.9,1.0
595,0.62,0.32,0.78,0.99,0.79,0.49,0.9,1.0
596,0.62,0.26,0.78,0.99,0.79,0.62,0.92,1.0
597,0.62,0.26,0.78,1.0,0.79,0.62,0.92,1.0
598,0.62,0.32,0.78,1.0,0.79,0.62,0.92,1.0
599,0.64,0.32,0.78,1.0,0.79,0.62,0.92,1.0
