0,0.97,0.8,0.98,0.99,0.98,0.83,0.99,0.99
1,0.97,0.8,0.98,0.99,0.98,0.83,0.99,0.99
2,0.96,0.8,0.97,0.99,0.97,0.75,0.99,0.99
3,0.97,0.71,0.98,0.99,0.98,0.75,0.98,0.99
4,0.97,0.71,0.98,0.99,0.97,0.83,0.99,0.99
5,0.98,0.8,0.98,0.99,0.98,0.92,0.99,0.99
6,0.98,0.8,0.98,0.99,0.97,0.83,0.99,0.99
7,0.98,0.8,0.98,0.99,0.98,0.92,0.99,0.99
8,0.98,0.9,0.99,0.99,0.98,0.92,0.99,0.99
9,0.98,0.9,0.99,0.99,0.98,0.92,0.99,0.99
10,0.98,0.9,0.99,0.99,0.98,0.92,0.99,0.99
11,0.98,0.9,0.99,0.99,0.98,1.0,0.99,0.99
12,0.98,0.9,0.98,0.99,0.98,0.92,0.99,0.99
13,0.97,0.71,0.98,0.99,0.98,0.92,0.99,0.99
14,0.97,0.8,0.98,0.99,0.98,0.83,0.99,0.99
15,0.97,0.8,0.98,0.99,0.98,0.92,0.99,0.99
16,0.97,0.8,0.99,0.99,0.98,0.92,0.99,0.99
17,0.98,0.9,0.99,0.99,0.98,0.92,0.99,0.99
18,0.98,0.9,0.99,0.99,0.98,0.92,0.99,0.99
19,0.97,0.8,0.99,0.99,0.98,0.92,0.99,0.99
20,0.97,0.8,0.99,1.0,0.98,0.92,0.99,0.99
21,0.97,0.71,0.98,0.99,0.98,0.92,0.99,0.99
22,0.97,0.71,0.98,0.99,0.98,0.92,0.99,0.99
23,0.97,0.71,0.98,1.0,0.98,0.83,0.99,0.99
24,0.97,0.71,0.98,0.99,0.98,0.83,0.99,0.99
25,0.97,0.8,0.98,1.0,0.98,0.83,0.99,0.99
26,0.97,0.8,0.98,0.99,0.98,0.92,0.99,0.99
27,0.97,0.71,0.98,0.99,0.98,0.83,0.99,0.99
28,0.96,0.71,0.98,0.99,0.98,0.83,0.99,0.99
29,0.97,0.71,0.98,1.0,0.97,0.83,0.98,0.99
30,0.97,0.71,0.98,0.99,0.98,0.83,0.98,1.0
31,0.97,0.71,0.98,0.99,0.97,0.75,0.99,0.99
32,0.96,0.71,0.97,0.99,0.97,0.83,0.99,1.0
33,0.97,0.8,0.98,1.0,0.98,0.83,0.99,1.0
34,0.97,0.8,0.98,0.99,0.97,0.83,0.99,1.0
35,0.97,0.9,0.98,1.0,0.98,1.0,0.99,1.0
36,0.98,0.9,0.99,1.0,0.98,0.92,0.99,1.0
37,0.97,0.8,0.98,1.0,0.98,0.92,0.99,1.0
38,0.98,0.9,0.98,1.0,0.98,0.92,0.99,1.0
39,0.98,0.9,0.98,1.0,0.98,1.0,0.99,1.0
40,0.98,0.8,0.99,1.0,0.98,0.92,0.99,1.0
41,0.98,0.8,0.99,1.0,0.99,0.92,0.99,1.0
42,0.97,0.9,0.99,1.0,0.98,0.92,0.99,1.0
43,0.98,0.71,0.98,1.0,0.98,0.83,0.99,1.0
44,0.96,0.71,0.98,1.0,0.97,0.83,0.99,1.0
45,0.97,0.71,0.98,1.0,0.98,0.83,0.99,1.0
46,0.97,0.71,0.98,1.0,0.98,0.83,0.99,1.0
47,0.96,0.71,0.98,1.0,0.98,0.83,0.99,1.0
48,0.97,0.71,0.98,1.0,0.98,0.83,0.99,1.0
49,0.97,0.71,0.98,1.0,0.98,0.83,0.99,1.0
50,0.96,0.71,0.98,1.0,0.98,0.83,0.99,1.0
51,0.95,0.71,0.97,1.0,0.98,0.92,0.98,1.0
52,0.96,0.71,0.98,1.0,0.97,0.83,0.97,1.0
53,0.98,0.71,0.98,1.0,0.98,0.83,0.97,1.0
54,0.99,0.71,0.99,1.0,0.98,0.92,0.98,1.0
55,1.0,0.71,0.99,0.99,0.98,0.83,0.97,0.99
56,0.97,0.71,0.93,0.94,0.95,0.83,0.87,0.93
57,0.82,0.71,0.73,0.66,0.75,0.83,0.6,0.64
58,0.72,0.71,0.61,0.45,0.63,0.92,0.48,0.45
59,0.65,0.71,0.54,0.34,0.56,0.83,0.42,0.35
60,0.58,0.8,0.49,0.26,0.5,0.83,0.37,0.27
61,0.52,0.71,0.44,0.2,0.44,0.83,0.32,0.21
62,0.4,0.71,0.35,0.12,0.34,0.92,0.25,0.13
63,0.36,0.71,0.32,0.1,0.31,0.83,0.23,0.11
64,0.31,0.71,0.29,0.08,0.27,0.92,0.2,0.09
65,0.28,0.71,0.26,0.07,0.25,0.83,0.18,0.07
66,0.25,0.71,0.24,0.06,0.22,0.83,0.16,0.06
67,0.22,0.8,0.22,0.05,0.21,0.83,0.15,0.06
68,0.2,0.71,0.2,0.04,0.18,0.83,0.13,0.05
69,0.16,0.8,0.17,0.03,0.15,0.92,0.11,0.04
70,0.15,0.71,0.16,0.03,0.14,0.83,0.1,0.03
71,0.15,0.71,0.15,0.03,0.14,0.83,0.1,0.03
72,0.12,0.71,0.14,0.02,0.12,0.75,0.08,0.03
73,0.11,0.71,0.12,0.02,0.1,0.75,0.07,0.02
74,0.1,0.71,0.11,0.02,0.1,0.75,0.07,0.02
75,0.1,0.71,0.11,0.02,0.09,0.66,0.07,0.02
76,0.09,0.71,0.1,0.01,0.09,0.66,0.06,0.02
77,0.07,0.63,0.09,0.01,0.08,0.66,0.06,0.02
78,0.07,0.63,0.09,0.01,0.07,0.58,0.05,0.02
79,0.06,0.71,0.07,0.01,0.07,0.58,0.04,0.01
80,0.06,0.71,0.07,0.01,0.07,0.58,0.04,0.01
81,0.05,0.71,0.07,0.01,0.06,0.58,0.04,0.01
82,0.05,0.71,0.06,0.01,0.05,0.58,0.04,0.01
83,0.05,0.71,0.06,0.01,0.05,0.58,0.04,0.01
84,0.04,0.71,0.06,0.01,0.05,0.58,0.03,0.01
85,0.04,0.71,0.06,0.01,0.05,0.58,0.03,0.01
86,0.04,0.71,0.05,0.01,0.05,0.58,0.03,0.01
87,0.04,0.63,0.05,0.01,0.04,0.58,0.03,0.01
88,0.03,0.63,0.05,0.01,0.04,0.41,0.03,0.01
89,0.03,0.54,0.04,0.01,0.04,0.41,0.03,0.01
90,0.03,0.54,0.04,0.0,0.03,0.41,0.02,0.01
91,0.03,0.54,0.04,0.0,0.03,0.41,0.03,0.01
92,0.03,0.54,0.04,0.0,0.03,0.41,0.02,0.01
93,0.03,0.54,0.04,0.0,0.03,0.41,0.02,0.01
94,0.03,0.54,0.04,0.0,0.03,0.41,0.02,0.01
95,0.03,0.54,0.04,0.0,0.03,0.41,0.02,0.01
96,0.03,0.63,0.04,0.0,0.03,0.5,0.02,0.01
97,0.03,0.71,0.04,0.0,0.03,0.5,0.02,0.01
98,0.03,0.71,0.04,0.0,0.03,0.41,0.02,0.01
99,0.03,0.63,0.04,0.0,0.03,0.41,0.02,0.01
100,0.03,0.54,0.04,0.0,0.03,0.41,0.02,0.01
101,0.02,0.54,0.03,0.0,0.03,0.33,0.02,0.01
102,0.03,0.44,0.03,0.0,0.03,0.33,0.02,0.01
103,0.02,0.54,0.03,0.0,0.03,0.33,0.02,0.01
104,0.02,0.54,0.02,0.0,0.02,0.41,0.02,0.01
105,0.02,0.44,0.03,0.0,0.02,0.41,0.02,0.01
106,0.01,0.44,0.02,0.0,0.02,0.41,0.02,0.0
107,0.02,0.54,0.02,0.0,0.02,0.33,0.01,0.01
108,0.02,0.54,0.02,0.0,0.02,0.41,0.01,0.0
109,0.02,0.54,0.02,0.0,0.02,0.41,0.01,0.0
110,0.02,0.63,0.03,0.0,0.02,0.33,0.01,0.0
111,0.02,0.54,0.02,0.0,0.02,0.5,0.01,0.0
112,0.02,0.54,0.02,0.0,0.02,0.33,0.01,0.0
113,0.02,0.63,0.02,0.0,0.02,0.41,0.01,0.0
114,0.02,0.63,0.02,0.0,0.02,0.41,0.01,0.0
115,0.01,0.54,0.02,0.0,0.02,0.33,0.01,0.0
116,0.01,0.54,0.02,0.0,0.02,0.33,0.01,0.0
117,0.01,0.44,0.02,0.0,0.02,0.41,0.01,0.0
118,0.02,0.54,0.02,0.0,0.01,0.41,0.01,0.0
119,0.01,0.54,0.02,0.0,0.01,0.41,0.01,0.0
120,0.01,0.54,0.02,0.0,0.02,0.41,0.01,0.0
121,0.01,0.54,0.02,0.0,0.01,0.33,0.01,0.0
122,0.01,0.54,0.01,0.0,0.01,0.33,0.01,0.0
123,0.01,0.54,0.01,0.0,0.01,0.41,0.01,0.0
124,0.01,0.54,0.01,0.0,0.01,0.41,0.01,0.0
125,0.01,0.44,0.02,0.0,0.01,0.41,0.01,0.0
126,0.01,0.54,0.01,0.0,0.01,0.41,0.01,0.0
127,0.01,0.54,0.01,0.0,0.01,0.33,0.01,0.0
128,0.01,0.54,0.01,0.0,0.01,0.33,0.01,0.0
129,0.01,0.54,0.01,0.0,0.01,0.33,0.01,0.0
130,0.01,0.54,0.01,0.0,0.01,0.5,0.01,0.0
131,0.01,0.54,0.01,0.0,0.01,0.41,0.01,0.0
132,0.01,0.63,0.01,0.0,0.01,0.41,0.0,0.0
133,0.01,0.54,0.01,0.0,0.01,0.33,0.0,0.0
134,0.01,0.54,0.01,0.0,0.01,0.33,0.0,0.0
135,0.01,0.44,0.01,0.0,0.01,0.33,0.0,0.0
136,0.01,0.44,0.01,0.0,0.01,0.33,0.0,0.0
137,0.01,0.37,0.01,0.0,0.01,0.24,0.0,0.0
138,0.01,0.37,0.01,0.0,0.0,0.33,0.0,0.0
139,0.01,0.37,0.01,0.0,0.0,0.24,0.0,0.0
140,0.01,0.27,0.01,0.0,0.0,0.16,0.0,0.0
141,0.01,0.27,0.01,0.0,0.0,0.08,0.0,0.0
142,0.01,0.27,0.0,0.0,0.0,0.16,0.0,0.0
143,0.01,0.17,0.0,0.0,0.0,0.0,0.0,0.0
144,0.0,0.27,0.0,0.0,0.0,0.08,0.0,0.0
145,0.0,0.17,0.0,0.0,0.0,0.08,0.0,0.0
146,0.0,0.1,0.0,0.0,0.0,0.08,0.0,0.0
147,0.0,0.17,0.01,0.0,0.0,0.08,0.0,0.0
148,0.01,0.17,0.0,0.0,0.0,0.0,0.0,0.0
149,0.01,0.17,0.0,0.0,0.0,0.08,0.0,0.0
150,0.01,0.17,0.0,0.0,0.0,0.08,0.0,0.0
151,0.01,0.17,0.0,0.0,0.0,0.08,0.0,0.0
152,0.01,0.17,0.01,0.0,0.0,0.16,0.0,0.0
153,0.01,0.17,0.01,0.0,0.01,0.08,0.0,0.0
154,0.01,0.17,0.01,0.0,0.01,0.08,0.01,0.0
155,0.02,0.27,0.02,0.0,0.02,0.08,0.03,0.0
156,0.04,0.17,0.05,0.0,0.05,0.16,0.07,0.0
157,0.06,0.17,0.07,0.0,0.08,0.08,0.1,0.0
158,0.11,0.17,0.11,0.01,0.13,0.08,0.15,0.01
159,0.17,0.1,0.18,0.01,0.19,0.08,0.21,0.01
160,0.22,0.0,0.23,0.02,0.25,0.0,0.27,0.02
161,0.27,0.1,0.27,0.02,0.28,0.0,0.3,0.02
162,0.3,0.0,0.3,0.02,0.31,0.08,0.33,0.02
163,0.36,0.1,0.35,0.03,0.36,0.0,0.38,0.03
164,0.37,0.1,0.37,0.03,0.38,0.08,0.4,0.03
165,0.44,0.17,0.43,0.04,0.44,0.0,0.45,0.04
166,0.46,0.17,0.45,0.05,0.45,0.16,0.47,0.04
167,0.51,0.17,0.49,0.06,0.5,0.16,0.51,0.05
168,0.55,0.27,0.53,0.06,0.53,0.16,0.54,0.06
169,0.58,0.17,0.56,0.07,0.55,0.24,0.57,0.07
170,0.6,0.27,0.58,0.08,0.58,0.24,0.59,0.07
171,0.62,0.27,0.6,0.08,0.6,0.24,0.61,0.08
172,0.67,0.27,0.65,0.1,0.65,0.24,0.65,0.09
173,0.69,0.27,0.66,0.11,0.66,0.41,0.67,0.1
174,0.71,0.27,0.68,0.12,0.69,0.33,0.68,0.11
175,0.72,0.37,0.7,0.12,0.69,0.33,0.7,0.11
176,0.75,0.37,0.73,0.14,0.73,0.41,0.73,0.13
177,0.77,0.37,0.75,0.15,0.75,0.41,0.75,0.14
178,0.77,0.37,0.75,0.16,0.75,0.5,0.75,0.14
179,0.8,0.54,0.78,0.17,0.77,0.58,0.77,0.15
180,0.82,0.44,0.8,0.19,0.79,0.58,0.79,0.17
181,0.82,0.44,0.81,0.19,0.8,0.5,0.79,0.17
182,0.83,0.44,0.82,0.2,0.81,0.5,0.81,0.18
183,0.84,0.54,0.83,0.22,0.81,0.58,0.82,0.19
184,0.85,0.44,0.84,0.23,0.83,0.58,0.83,0.2
185,0.86,0.54,0.85,0.24,0.84,0.58,0.84,0.21
186,0.87,0.44,0.86,0.25,0.85,0.58,0.84,0.22
187,0.88,0.54,0.87,0.26,0.86,0.66,0.85,0.23
188,0.9,0.63,0.88,0.29,0.87,0.66,0.87,0.26
189,0.9,0.63,0.88,0.29,0.88,0.66,0.87,0.26
190,0.9,0.54,0.9,0.31,0.89,0.75,0.89,0.28
191,0.91,0.63,0.9,0.32,0.89,0.75,0.88,0.28
192,0.91,0.63,0.9,0.33,0.9,0.66,0.89,0.29
193,0.92,0.54,0.91,0.34,0.9,0.75,0.89,0.3
194,0.93,0.63,0.91,0.35,0.9,0.75,0.89,0.31
195,0.93,0.44,0.91,0.37,0.9,0.66,0.9,0.33
196,0.93,0.54,0.92,0.38,0.9,0.66,0.9,0.34
197,0.93,0.54,0.92,0.38,0.91,0.66,0.9,0.34
198,0.93,0.54,0.93,0.4,0.92,0.75,0.91,0.36
199,0.94,0.54,0.93,0.41,0.92,0.66,0.92,0.36
200,0.94,0.63,0.94,0.42,0.92,0.83,0.92,0.38
201,0.95,0.54,0.94,0.43,0.94,0.75,0.92,0.38
202,0.95,0.63,0.94,0.44,0.94,0.75,0.93,0.4
203,0.95,0.54,0.94,0.45,0.94,0.75,0.94,0.41
204,0.96,0.63,0.95,0.46,0.94,0.75,0.94,0.41
205,0.96,0.54,0.95,0.47,0.95,0.75,0.94,0.42
206,0.96,0.54,0.95,0.48,0.95,0.83,0.95,0.43
207,0.96,0.63,0.96,0.49,0.96,0.75,0.95,0.44
208,0.97,0.71,0.96,0.5,0.95,0.75,0.95,0.45
209,0.97,0.63,0.96,0.51,0.96,0.83,0.95,0.46
210,0.97,0.71,0.96,0.52,0.96,0.83,0.95,0.47
211,0.97,0.63,0.97,0.52,0.96,0.83,0.95,0.47
212,0.97,0.63,0.96,0.54,0.96,0.75,0.95,0.48
213,0.97,0.63,0.97,0.54,0.96,0.75,0.95,0.49
214,0.97,0.63,0.97,0.54,0.96,0.83,0.95,0.49
215,0.98,0.71,0.97,0.56,0.96,0.83,0.95,0.51
216,0.97,0.71,0.97,0.56,0.96,0.92,0.95,0.51
217,0.98,0.71,0.97,0.57,0.96,0.92,0.96,0.52
218,0.98,0.71,0.98,0.58,0.97,0.92,0.96,0.53
219,0.98,0.63,0.97,0.59,0.96,0.83,0.97,0.54
220,0.97,0.63,0.97,0.59,0.96,0.83,0.95,0.54
221,0.97,0.63,0.98,0.59,0.96,0.83,0.96,0.54
222,0.98,0.63,0.98,0.6,0.97,0.92,0.97,0.55
223,0.98,0.71,0.98,0.61,0.96,0.83,0.97,0.56
224,0.98,0.63,0.98,0.61,0.97,0.92,0.97,0.56
225,0.98,0.71,0.98,0.62,0.97,0.83,0.97,0.57
226,0.98,0.71,0.98,0.63,0.97,0.92,0.97,0.58
227,0.99,0.63,0.98,0.63,0.97,0.83,0.97,0.58
228,0.98,0.71,0.99,0.64,0.98,0.83,0.97,0.59
229,0.98,0.71,0.99,0.64,0.97,0.83,0.98,0.59
230,0.99,0.8,0.99,0.64,0.97,0.83,0.98,0.6
231,0.98,0.8,0.99,0.65,0.97,0.92,0.98,0.6
232,0.98,0.8,0.99,0.65,0.98,0.92,0.98,0.61
233,0.98,0.71,0.98,0.66,0.97,0.83,0.97,0.61
234,0.98,0.63,0.98,0.67,0.97,0.83,0.97,0.62
235,0.98,0.54,0.98,0.67,0.97,0.83,0.97,0.63
236,0.98,0.63,0.98,0.67,0.97,0.75,0.97,0.63
237,0.97,0.63,0.98,0.67,0.97,0.75,0.97,0.63
238,0.98,0.63,0.98,0.68,0.96,0.83,0.97,0.64
239,0.98,0.63,0.98,0.68,0.97,0.75,0.97,0.64
240,0.98,0.63,0.98,0.69,0.96,0.83,0.97,0.64
241,0.98,0.71,0.98,0.69,0.97,0.92,0.97,0.65
242,0.98,0.71,0.98,0.7,0.97,0.83,0.97,0.66
243,0.98,0.71,0.98,0.7,0.97,0.92,0.97,0.66
244,0.98,0.71,0.98,0.7,0.97,0.92,0.98,0.66
245,0.98,0.8,0.99,0.7,0.98,0.92,0.97,0.67
246,0.98,0.71,0.99,0.71,0.98,0.92,0.98,0.67
247,0.98,0.63,0.98,0.71,0.97,0.92,0.97,0.67
248,0.98,0.63,0.98,0.71,0.98,0.75,0.97,0.68
249,0.98,0.71,0.98,0.72,0.98,0.83,0.97,0.68
250,0.98,0.71,0.98,0.72,0.98,0.92,0.98,0.68
251,0.98,0.63,0.99,0.72,0.97,0.83,0.97,0.69
252,0.98,0.63,0.98,0.72,0.97,0.83,0.97,0.69
253,0.97,0.71,0.98,0.73,0.97,0.75,0.97,0.69
254,0.98,0.71,0.98,0.73,0.97,0.83,0.97,0.69
255,0.98,0.54,0.98,0.73,0.97,0.83,0.97,0.7
256,0.97,0.63,0.98,0.74,0.97,0.75,0.98,0.7
257,0.97,0.63,0.98,0.74,0.97,0.92,0.97,0.71
258,0.97,0.71,0.98,0.74,0.98,0.83,0.98,0.71
259,0.97,0.71,0.98,0.74,0.97,0.83,0.98,0.71
260,0.97,0.71,0.98,0.75,0.97,0.83,0.97,0.71
261,0.97,0.63,0.98,0.75,0.97,0.83,0.97,0.72
262,0.97,0.71,0.98,0.75,0.97,0.83,0.97,0.72
263,0.97,0.71,0.98,0.75,0.97,0.92,0.97,0.72
264,0.98,0.71,0.98,0.75,0.97,0.83,0.98,0.73
265,0.98,0.8,0.99,0.76,0.98,0.92,0.98,0.73
266,0.98,0.8,0.99,0.76,0.98,1.0,0.98,0.73
267,0.98,0.9,0.99,0.76,0.98,0.92,0.98,0.73
268,0.98,0.9,0.99,0.77,0.98,0.92,0.99,0.74
269,0.98,0.8,0.99,0.77,0.98,0.92,0.99,0.74
270,0.98,0.8,0.99,0.77,0.99,1.0,0.99,0.74
271,0.99,0.8,1.0,0.77,0.99,0.92,0.99,0.74
272,0.99,0.8,1.0,0.78,0.99,1.0,0.99,0.75
273,0.99,0.9,1.0,0.78,0.99,1.0,0.99,0.75
274,0.99,0.9,1.0,0.78,0.99,0.92,0.99,0.75
275,0.99,0.8,0.99,0.78,0.99,0.92,0.99,0.75
276,0.99,0.71,1.0,0.78,0.98,0.83,0.99,0.76
277,0.99,0.8,0.99,0.78,0.98,0.92,0.99,0.76
278,1.0,0.71,0.99,0.78,0.99,0.83,0.99,0.76
279,0.99,0.71,0.99,0.79,0.99,0.92,0.99,0.76
280,0.99,0.71,1.0,0.79,0.99,0.83,0.99,0.76
281,0.99,0.8,1.0,0.79,0.98,0.92,0.99,0.77
282,0.99,0.8,0.99,0.79,0.98,0.83,0.99,0.77
283,0.98,0.71,0.99,0.79,0.98,0.83,0.99,0.77
284,0.99,0.71,1.0,0.79,0.99,0.92,0.99,0.77
285,0.99,0.71,1.0,0.8,0.98,0.83,0.99,0.77
286,1.0,0.71,1.0,0.8,0.99,0.83,0.99,0.77
287,0.99,0.71,1.0,0.8,0.98,0.83,0.99,0.78
288,0.99,0.71,1.0,0.8,0.99,0.92,0.99,0.78
289,0.99,0.8,1.0,0.8,0.99,0.92,0.99,0.78
290,0.99,0.8,1.0,0.8,0.99,0.92,0.99,0.78
291,0.99,0.8,1.0,0.81,0.99,0.83,0.99,0.78
292,0.99,0.8,1.0,0.81,0.99,0.92,0.99,0.79
293,0.99,0.8,1.0,0.81,0.99,0.92,0.99,0.79
294,0.99,0.9,1.0,0.81,0.99,1.0,0.99,0.79
295,0.99,1.0,1.0,0.81,0.99,0.92,0.99,0.79
296,0.98,0.8,1.0,0.81,0.99,0.92,0.99,0.79
297,0.98,0.71,1.0,0.81,0.99,0.83,0.99,0.79
298,0.98,0.8,0.99,0.81,0.98,0.92,0.99,0.8
299,0.98,0.71,1.0,0.81,0.98,0.83,0.99,0.8
300,0.98,0.71,0.99,0.82,0.98,0.83,0.99,0.8
301,0.98,0.71,0.99,0.82,0.99,0.92,0.99,0.8
302,0.98,0.8,1.0,0.82,0.98,0.92,0.99,0.8
303,0.98,0.71,0.99,0.82,0.99,0.83,0.99,0.81
304,0.98,0.63,0.99,0.82,0.98,0.83,0.99,0.81
305,0.98,0.71,0.99,0.82,0.99,0.83,0.99,0.81
306,0.99,0.71,1.0,0.82,0.98,0.83,0.99,0.81
307,0.99,0.9,1.0,0.83,0.98,0.83,0.99,0.81
308,0.99,0.8,1.0,0.83,0.99,0.92,0.99,0.81
309,1.0,0.9,1.0,0.83,1.0,0.92,0.99,0.81
310,1.0,0.9,1.0,0.83,1.0,0.92,0.99,0.82
311,0.99,0.8,1.0,0.83,0.99,0.83,1.0,0.82
312,0.99,0.8,0.99,0.83,0.98,0.83,0.99,0.82
313,0.99,0.8,1.0,0.83,0.99,0.92,0.99,0.82
314,0.98,0.71,0.99,0.83,0.99,0.83,0.99,0.82
315,0.99,0.8,0.99,0.83,0.99,0.83,0.99,0.82
316,0.99,0.71,1.0,0.83,0.99,0.83,0.99,0.82
317,0.98,0.71,1.0,0.84,0.99,0.83,0.99,0.82
318,0.98,0.71,0.99,0.84,0.98,0.75,0.99,0.83
319,0.98,0.8,0.99,0.84,0.99,0.83,0.99,0.83
320,0.99,0.71,1.0,0.84,0.99,0.75,0.99,0.83
321,0.98,0.71,0.99,0.84,0.98,0.83,0.99,0.83
322,0.98,0.71,0.99,0.84,1.0,0.83,0.99,0.83
323,0.98,0.9,1.0,0.84,0.99,0.92,1.0,0.83
324,0.99,0.9,1.0,0.84,0.99,0.92,1.0,0.83
325,0.99,1.0,1.0,0.84,0.99,0.92,0.99,0.83
326,0.99,0.9,1.0,0.84,0.99,0.92,0.99,0.83
327,0.98,0.8,1.0,0.85,1.0,0.92,0.99,0.84
328,0.99,0.8,1.0,0.85,0.99,1.0,0.99,0.84
329,0.99,0.9,1.0,0.85,0.99,1.0,1.0,0.84
330,0.99,1.0,1.0,0.85,0.99,0.92,1.0,0.84
331,0.98,0.9,1.0,0.85,1.0,0.92,1.0,0.84
332,0.98,0.9,1.0,0.85,0.99,1.0,0.99,0.84
333,0.99,0.9,1.0,0.85,0.99,0.92,1.0,0.84
334,0.99,0.9,1.0,0.85,0.99,0.92,0.99,0.84
335,0.98,0.8,0.99,0.85,0.99,0.83,0.99,0.85
336,0.98,0.8,0.99,0.85,0.99,0.83,0.99,0.85
337,0.98,0.8,0.99,0.86,0.98,0.92,0.99,0.85
338,0.98,0.63,0.99,0.85,0.98,0.75,0.99,0.85
339,0.98,0.63,0.99,0.86,0.98,0.75,0.99,0.85
340,0.98,0.71,0.99,0.86,0.98,0.75,0.99,0.85
341,0.98,0.71,0.99,0.86,0.99,0.83,0.99,0.85
342,0.98,0.71,0.99,0.86,0.98,0.75,0.99,0.85
343,0.98,0.71,0.99,0.86,0.98,0.83,0.99,0.85
344,0.98,0.8,0.99,0.86,0.98,0.83,0.99,0.85
345,0.98,0.71,0.99,0.86,0.98,0.83,0.99,0.85
346,0.98,0.71,0.99,0.86,0.99,0.83,0.99,0.86
347,0.98,0.71,0.99,0.86,0.98,0.83,0.99,0.85
348,0.98,0.63,0.99,0.86,0.98,0.75,0.99,0.86
349,0.98,0.63,0.99,0.86,0.98,0.66,0.99,0.86
350,0.98,0.63,0.99,0.86,0.99,0.75,0.99,0.86
351,0.98,0.71,0.99,0.86,0.98,0.75,0.99,0.86
352,0.98,0.63,0.99,0.87,0.98,0.75,0.99,0.86
353,0.98,0.71,0.99,0.87,0.99,0.75,0.99,0.86
354,0.98,0.71,0.99,0.87,0.99,0.75,0.99,0.86
355,0.98,0.63,0.99,0.87,0.98,0.75,0.99,0.86
356,0.98,0.71,0.99,0.87,0.98,0.75,0.99,0.86
357,0.98,0.71,0.99,0.87,0.99,0.75,1.0,0.86
358,0.98,0.71,0.99,0.87,0.99,0.75,0.99,0.87
359,0.98,0.71,1.0,0.87,0.99,0.83,0.99,0.87
360,0.98,0.71,1.0,0.87,0.99,0.92,0.99,0.87
361,0.99,0.8,1.0,0.87,0.99,0.92,0.99,0.87
362,0.99,0.8,1.0,0.87,0.99,0.83,0.99,0.87
363,0.99,0.8,1.0,0.87,1.0,0.92,1.0,0.87
364,0.98,0.9,1.0,0.87,0.99,0.92,0.99,0.87
365,0.98,0.8,1.0,0.88,1.0,0.92,0.99,0.87
366,0.98,0.9,1.0,0.88,0.99,0.92,1.0,0.87
367,0.98,0.8,1.0,0.88,0.99,0.83,0.99,0.87
368,0.98,0.9,1.0,0.88,0.99,0.92,0.99,0.87
369,0.98,0.9,1.0,0.88,1.0,0.83,1.0,0.87
370,0.98,0.8,0.99,0.88,0.98,0.83,0.99,0.88
371,0.98,0.71,1.0,0.88,0.99,0.83,0.99,0.88
372,0.98,0.71,1.0,0.88,0.98,0.83,0.99,0.88
373,0.98,0.8,1.0,0.88,0.99,0.92,0.99,0.88
374,0.98,0.8,1.0,0.88,0.99,0.92,0.99,0.88
375,0.98,1.0,1.0,0.88,0.99,0.83,0.99,0.88
376,0.99,0.8,1.0,0.88,0.99,0.83,1.0,0.88
377,0.99,0.8,1.0,0.88,0.99,0.92,0.99,0.88
378,0.99,0.8,1.0,0.88,0.98,0.83,0.99,0.88
379,0.98,0.8,0.99,0.89,0.99,0.83,0.99,0.88
380,0.98,0.71,0.99,0.88,0.99,0.92,0.99,0.88
381,0.98,0.8,1.0,0.89,0.98,0.83,0.99,0.89
382,0.98,0.8,0.99,0.88,0.98,0.83,0.99,0.89
383,0.98,0.71,0.99,0.89,0.98,0.83,0.99,0.89
384,0.98,0.63,0.98,0.89,0.98,0.75,0.99,0.89
385,0.98,0.63,0.99,0.89,0.98,0.75,0.99,0.89
386,0.98,0.63,0.98,0.89,0.98,0.66,0.98,0.89
387,0.98,0.54,0.99,0.89,0.98,0.75,0.99,0.89
388,0.98,0.54,0.99,0.89,0.98,0.75,0.99,0.89
389,0.98,0.63,0.99,0.89,0.98,0.75,0.99,0.89
390,0.98,0.71,0.99,0.89,0.98,0.75,0.99,0.89
391,0.99,0.71,0.99,0.89,0.98,0.75,0.99,0.89
392,0.99,0.63,0.99,0.89,0.99,0.75,0.99,0.89
393,0.99,0.71,1.0,0.89,0.99,0.75,0.99,0.89
394,0.98,0.71,1.0,0.89,0.98,0.75,0.99,0.89
395,1.0,0.8,1.0,0.89,1.0,0.83,1.0,0.89
396,1.0,0.71,1.0,0.9,0.99,0.83,0.99,0.89
397,0.99,0.71,1.0,0.89,1.0,0.75,0.99,0.89
398,0.99,0.71,1.0,0.89,1.0,0.83,1.0,0.9
399,1.0,0.63,1.0,0.9,0.99,0.83,0.99,0.9
400,0.99,0.71,1.0,0.9,0.99,0.75,0.99,0.9
401,0.99,0.71,1.0,0.9,1.0,0.75,1.0,0.9
402,0.98,0.71,1.0,0.9,0.99,0.83,0.99,0.9
403,0.98,0.71,1.0,0.9,1.0,0.75,0.99,0.9
404,0.98,0.71,0.99,0.9,0.99,0.75,0.99,0.9
405,0.97,0.54,0.99,0.9,0.99,0.75,0.99,0.9
406,0.98,0.71,0.99,0.9,0.99,0.75,0.99,0.9
407,0.97,0.71,0.99,0.9,0.98,0.75,0.99,0.9
408,0.98,0.71,0.99,0.9,0.99,0.75,0.99,0.9
409,0.98,0.71,0.99,0.9,0.99,0.75,0.99,0.9
410,0.98,0.71,0.99,0.9,0.99,0.75,0.99,0.9
411,0.97,0.71,0.99,0.9,0.98,0.75,0.99,0.9
412,0.98,0.71,0.99,0.9,0.99,0.75,0.99,0.9
413,0.97,0.71,0.99,0.9,0.98,0.75,0.99,0.9
414,0.97,0.71,0.98,0.9,0.98,0.75,0.99,0.9
415,0.97,0.63,0.98,0.9,0.98,0.75,0.99,0.91
416,0.97,0.71,0.99,0.91,0.98,0.75,0.99,0.91
417,0.97,0.71,0.98,0.9,0.98,0.75,0.99,0.91
418,0.96,0.71,0.99,0.9,0.97,0.75,0.99,0.91
419,0.98,0.71,0.98,0.91,0.98,0.83,0.99,0.91
420,0.97,0.71,0.98,0.9,0.98,0.75,0.99,0.91
421,0.97,0.8,0.98,0.91,0.98,0.83,0.99,0.91
422,0.97,0.71,0.99,0.91,0.98,0.83,0.99,0.91
423,0.98,0.71,0.99,0.91,0.98,0.83,0.99,0.91
424,0.98,0.8,0.99,0.91,0.98,0.75,0.99,0.91
425,0.98,0.71,0.99,0.91,0.99,0.83,0.99,0.91
426,0.98,0.8,0.99,0.91,0.98,0.75,0.99,0.91
427,0.98,0.71,0.99,0.91,0.99,0.75,0.99,0.91
428,0.98,0.71,0.99,0.91,0.98,0.75,0.99,0.91
429,0.98,0.71,0.99,0.91,0.99,0.83,0.99,0.91
430,0.98,0.8,0.99,0.91,0.98,0.83,0.99,0.91
431,0.98,0.71,0.99,0.91,0.98,0.75,0.99,0.91
432,0.98,0.71,0.99,0.91,0.98,0.83,0.99,0.91
433,0.98,0.71,0.99,0.91,0.98,0.83,0.99,0.91
434,0.98,0.8,0.99,0.91,0.98,0.83,0.99,0.92
435,0.98,0.8,0.99,0.91,0.98,0.75,0.99,0.91
436,0.98,0.8,0.99,0.91,0.98,0.83,0.99,0.92
437,0.98,0.71,0.99,0.91,0.99,0.75,0.99,0.92
438,0.98,0.8,0.99,0.91,0.98,0.75,0.99,0.92
439,0.98,0.71,0.99,0.92,0.98,0.75,0.99,0.92
440,0.98,0.71,0.99,0.92,0.98,0.75,0.99,0.92
441,0.98,0.71,0.99,0.92,0.98,0.75,0.99,0.92
442,0.98,0.8,0.99,0.92,0.98,0.75,0.99,0.92
443,0.98,0.71,1.0,0.92,0.99,0.83,0.99,0.92
444,0.98,0.8,0.99,0.92,0.99,0.75,0.99,0.92
445,0.98,0.71,0.99,0.92,0.99,0.75,0.99,0.92
446,0.98,0.71,1.0,0.92,0.99,0.92,0.99,0.92
447,0.98,0.71,1.0,0.92,0.98,0.75,0.99,0.92
448,0.98,0.71,0.99,0.92,0.99,0.83,0.99,0.92
449,0.98,0.71,0.99,0.92,0.99,0.83,0.99,0.92
450,0.98,0.71,0.99,0.92,0.99,0.75,1.0,0.92
451,0.98,0.8,0.99,0.92,0.99,0.75,0.99,0.92
452,0.98,0.8,0.99,0.92,1.0,0.75,1.0,0.92
453,0.98,0.8,1.0,0.92,0.99,0.83,0.99,0.92
454,0.98,0.71,0.99,0.92,0.99,0.83,0.99,0.92
455,0.97,0.71,0.99,0.92,0.99,0.75,0.99,0.93
456,0.98,0.71,0.99,0.92,0.98,0.83,0.99,0.92
457,0.98,0.63,0.99,0.92,0.98,0.75,0.99,0.92
458,0.98,0.71,0.99,0.92,0.98,0.83,0.99,0.93
459,0.98,0.71,0.99,0.92,0.99,0.75,0.99,0.93
460,0.97,0.71,0.99,0.92,0.98,0.83,0.99,0.93
461,0.98,0.71,0.99,0.92,0.98,0.83,0.99,0.93
462,0.98,0.71,0.99,0.92,0.98,0.83,0.99,0.93
463,0.97,0.71,0.99,0.92,0.98,0.75,0.99,0.93
464,0.97,0.71,0.99,0.93,0.98,0.83,0.99,0.93
465,0.97,0.71,0.99,0.93,0.98,0.75,0.99,0.93
466,0.98,0.71,0.99,0.93,0.98,0.83,0.99,0.93
467,0.98,0.71,0.99,0.93,0.98,0.83,0.99,0.93
468,0.98,0.71,0.98,0.93,0.98,0.75,0.99,0.93
469,0.98,0.71,0.98,0.93,0.98,0.75,0.99,0.93
470,0.97,0.71,0.98,0.93,0.98,0.75,0.99,0.93
471,0.98,0.71,0.98,0.93,0.98,0.75,0.99,0.93
472,0.97,0.71,0.98,0.93,0.98,0.75,0.99,0.93
473,0.98,0.63,0.98,0.93,0.98,0.83,0.99,0.93
474,0.97,0.63,0.98,0.93,0.97,0.75,0.99,0.93
475,0.97,0.71,0.98,0.93,0.98,0.75,0.99,0.93
476,0.97,0.63,0.98,0.93,0.98,0.75,0.99,0.93
477,0.97,0.63,0.98,0.93,0.97,0.75,0.99,0.93
478,0.97,0.71,0.98,0.93,0.97,0.75,0.98,0.93
479,0.97,0.71,0.98,0.93,0.98,0.75,0.99,0.94
480,0.97,0.63,0.98,0.93,0.97,0.58,0.99,0.94
481,0.97,0.63,0.98,0.93,0.97,0.66,0.99,0.93
482,0.97,0.63,0.98,0.93,0.98,0.75,0.99,0.93
483,0.98,0.71,0.98,0.93,0.98,0.75,0.99,0.93
484,0.97,0.63,0.98,0.93,0.98,0.75,0.99,0.94
485,0.98,0.71,0.98,0.93,0.97,0.75,0.99,0.94
486,0.97,0.63,0.98,0.93,0.98,0.75,0.99,0.94
487,0.98,0.71,0.99,0.93,0.97,0.75,0.99,0.94
488,0.97,0.71,0.99,0.93,0.98,0.75,0.99,0.94
489,0.97,0.71,0.99,0.93,0.98,0.75,0.99,0.94
490,0.97,0.71,0.98,0.93,0.98,0.75,0.99,0.94
491,0.97,0.71,0.98,0.93,0.98,0.75,0.99,0.94
492,0.97,0.63,0.98,0.93,0.98,0.75,0.99,0.94
493,0.97,0.71,0.98,0.93,0.98,0.75,0.99,0.94
494,0.97,0.71,0.98,0.93,0.97,0.66,0.99,0.94
495,0.96,0.63,0.97,0.93,0.98,0.75,0.99,0.94
496,0.97,0.71,0.98,0.94,0.98,0.75,0.99,0.94
497,0.98,0.63,0.98,0.93,0.98,0.75,0.99,0.94
498,0.97,0.63,0.98,0.94,0.98,0.75,0.99,0.94
499,0.97,0.63,0.98,0.94,0.98,0.75,0.99,0.94
500,0.97,0.63,0.98,0.94,0.98,0.66,0.99,0.94
501,0.98,0.71,0.98,0.94,0.99,0.75,0.99,0.94
502,0.98,0.63,0.99,0.94,0.98,0.75,0.99,0.94
503,0.98,0.71,0.99,0.94,0.98,0.75,0.99,0.94
504,0.98,0.71,0.99,0.94,0.98,0.75,0.99,0.94
505,0.98,0.71,0.99,0.94,0.98,0.75,0.99,0.94
506,0.98,0.71,0.99,0.94,0.98,0.83,0.99,0.94
507,0.98,0.71,0.99,0.94,0.98,0.75,0.99,0.94
508,0.98,0.63,0.99,0.94,0.98,0.75,0.99,0.94
509,0.98,0.63,0.99,0.94,0.98,0.66,0.99,0.94
510,0.98,0.71,0.99,0.94,0.99,0.75,0.99,0.95
511,0.98,0.63,0.99,0.94,0.98,0.75,1.0,0.95
512,0.98,0.63,0.99,0.94,0.98,0.75,0.99,0.95
513,0.98,0.71,0.99,0.94,0.99,0.75,0.99,0.95
514,0.98,0.71,0.99,0.94,0.99,0.75,0.99,0.95
515,0.98,0.71,0.99,0.94,0.99,0.83,0.99,0.95
516,0.98,0.71,0.99,0.94,0.98,0.75,0.99,0.95
517,0.98,0.71,0.99,0.94,0.98,0.75,0.99,0.95
518,0.98,0.71,0.99,0.94,0.99,0.75,0.99,0.95
519,0.97,0.63,0.99,0.94,0.99,0.66,0.99,0.95
520,0.98,0.54,0.98,0.94,0.98,0.66,0.99,0.95
521,0.97,0.54,0.98,0.94,0.98,0.66,0.99,0.95
522,0.97,0.44,0.98,0.94,0.98,0.58,0.99,0.95
523,0.97,0.54,0.98,0.94,0.98,0.66,0.99,0.95
524,0.97,0.54,0.98,0.94,0.98,0.66,0.99,0.95
525,0.97,0.44,0.98,0.94,0.97,0.66,0.99,0.95
526,0.97,0.54,0.98,0.94,0.98,0.58,0.99,0.95
527,0.97,0.44,0.98,0.94,0.97,0.58,0.99,0.95
528,0.97,0.54,0.98,0.94,0.98,0.58,0.98,0.95
529,0.97,0.44,0.98,0.94,0.98,0.58,0.99,0.95
530,0.96,0.54,0.97,0.94,0.97,0.66,0.99,0.95
531,0.96,0.54,0.98,0.94,0.98,0.66,0.99,0.95
532,0.97,0.63,0.98,0.94,0.98,0.75,0.99,0.95
533,0.97,0.63,0.98,0.94,0.98,0.75,0.99,0.95
534,0.96,0.54,0.98,0.94,0.98,0.75,0.99,0.95
535,0.96,0.63,0.98,0.94,0.98,0.75,0.99,0.95
536,0.97,0.63,0.98,0.94,0.98,0.75,0.99,0.95
537,0.97,0.71,0.99,0.94,0.98,0.75,0.99,0.95
538,0.97,0.71,0.99,0.95,0.98,0.75,0.99,0.95
539,0.97,0.71,0.99,0.95,0.98,0.75,0.99,0.95
540,0.97,0.71,0.98,0.95,0.98,0.75,0.99,0.96
541,0.97,0.63,0.98,0.95,0.97,0.75,0.99,0.95
542,0.97,0.63,0.98,0.95,0.98,0.75,0.99,0.96
543,0.97,0.54,0.98,0.95,0.97,0.75,0.99,0.95
544,0.97,0.54,0.98,0.95,0.98,0.66,0.99,0.96
545,0.96,0.54,0.98,0.95,0.97,0.75,0.99,0.96
546,0.96,0.54,0.98,0.95,0.97,0.66,0.99,0.96
547,0.96,0.54,0.98,0.95,0.98,0.66,0.99,0.96
548,0.97,0.63,0.98,0.95,0.97,0.75,0.98,0.96
549,0.96,0.63,0.98,0.95,0.98,0.75,0.99,0.96
550,0.97,0.63,0.98,0.95,0.98,0.75,0.99,0.96
551,0.97,0.71,0.98,0.95,0.98,0.75,0.99,0.96
552,0.97,0.71,0.98,0.95,0.98,0.75,0.99,0.96
553,0.97,0.63,0.98,0.95,0.98,0.75,0.99,0.96
554,0.98,0.71,0.98,0.95,0.98,0.75,0.99,0.96
555,0.97,0.63,0.98,0.95,0.98,0.75,0.99,0.96
556,0.97,0.63,0.98,0.95,0.98,0.83,0.99,0.96
557,0.97,0.71,0.98,0.95,0.98,0.75,0.99,0.96
558,0.97,0.71,0.99,0.95,0.98,0.75,0.99,0.96
559,0.97,0.71,0.98,0.95,0.98,0.83,0.99,0.96
560,0.97,0.8,0.98,0.95,0.97,0.83,0.99,0.96
561,0.96,0.71,0.98,0.96,0.98,0.75,0.99,0.96
562,0.96,0.71,0.98,0.95,0.97,0.75,0.99,0.96
563,0.96,0.63,0.98,0.96,0.97,0.75,0.99,0.96
564,0.96,0.54,0.97,0.96,0.97,0.66,0.98,0.96
565,0.95,0.54,0.97,0.95,0.97,0.66,0.98,0.96
566,0.95,0.54,0.97,0.95,0.96,0.75,0.98,0.96
567,0.95,0.54,0.97,0.96,0.96,0.66,0.98,0.96
568,0.95,0.63,0.97,0.96,0.97,0.75,0.99,0.96
569,0.96,0.63,0.97,0.96,0.97,0.75,0.99,0.96
570,0.95,0.71,0.97,0.96,0.97,0.75,0.99,0.96
571,0.96,0.71,0.97,0.96,0.98,0.75,0.99,0.96
572,0.96,0.63,0.98,0.96,0.97,0.75,0.99,0.96
573,0.97,0.8,0.98,0.96,0.97,0.75,0.99,0.96
574,0.97,0.8,0.98,0.96,0.98,0.83,0.99,0.96
575,0.97,0.8,0.98,0.96,0.98,0.83,0.99,0.96
576,0.97,0.8,0.98,0.96,0.98,0.83,0.99,0.96
577,0.97,0.71,0.98,0.96,0.98,0.83,0.99,0.97
578,0.97,0.71,0.99,0.96,0.98,0.83,0.99,0.97
579,0.98,0.8,0.99,0.96,0.98,0.83,0.99,0.97
580,0.98,0.71,0.98,0.96,0.98,0.83,0.99,0.97
581,0.98,0.71,0.98,0.96,0.98,0.66,0.99,0.97
582,0.98,0.63,0.99,0.96,0.98,0.75,0.99,0.97
583,0.98,0.71,0.99,0.96,0.98,0.83,0.99,0.97
584,0.98,0.8,0.99,0.96,0.98,0.83,0.99,0.97
585,0.98,0.71,0.99,0.96,0.99,0.83,0.99,0.97
586,0.98,0.8,0.99,0.96,0.98,0.75,0.99,0.97
587,0.98,0.8,0.99,0.96,0.98,0.92,0.99,0.97
588,0.98,0.71,0.99,0.96,0.99,0.83,1.0,0.97
589,0.98,0.9,0.99,0.96,0.99,0.92,0.99,0.97
590,0.98,0.9,1.0,0.96,0.99,0.92,1.0,0.97
591,0.98,0.9,1.0,0.96,0.99,0.92,1.0,0.97
592,0.98,0.8,1.0,0.96,0.99,0.83,1.0,0.97
593,0.98,0.8,0.99,0.96,0.98,0.83,0.99,0.97
594,0.98,0.8,0.99,0.96,0.98,0.83,0.99,0.97
595,0.97,0.71,0.98,0.97,0.98,0.75,0.99,0.97
596,0.98,0.71,0.98,0.96,0.98,0.75,0.99,0.97
597,0.97,0.71,0.99,0.96,0.98,0.83,0.99,0.97
