0,0.97,0.41,0.98,0.95,0.98,0.5,0.99,0.96
1,0.97,0.41,0.98,0.96,0.98,0.5,0.99,0.96
2,0.97,0.5,0.98,0.96,0.98,0.41,0.99,0.96
3,0.95,0.41,0.98,0.96,1.0,0.41,0.99,0.96
4,0.95,0.5,0.98,0.96,1.0,0.41,0.99,0.96
5,0.97,0.5,0.98,0.96,0.98,0.5,0.99,0.96
6,0.98,0.5,0.99,0.96,1.0,0.5,1.0,0.96
7,0.98,0.5,0.99,0.96,1.0,0.5,0.99,0.96
8,0.97,0.5,0.98,0.96,1.0,0.5,0.99,0.96
9,0.97,0.41,0.98,0.96,1.0,0.41,0.99,0.96
10,0.97,0.41,0.97,0.96,0.98,0.41,0.98,0.96
11,0.95,0.33,0.98,0.96,0.98,0.41,0.98,0.96
12,0.97,0.41,0.97,0.96,0.98,0.41,0.98,0.96
13,0.97,0.33,0.97,0.96,0.98,0.41,0.99,0.96
14,0.97,0.41,0.97,0.96,0.98,0.33,0.98,0.96
15,0.95,0.33,0.96,0.96,0.97,0.33,0.98,0.96
16,0.95,0.33,0.96,0.96,0.97,0.41,0.98,0.96
17,0.95,0.33,0.97,0.96,0.97,0.33,0.98,0.96
18,0.95,0.33,0.96,0.96,0.97,0.41,0.98,0.96
19,0.97,0.33,0.97,0.96,0.97,0.33,0.98,0.96
20,0.97,0.33,0.96,0.96,0.97,0.41,0.99,0.96
21,0.95,0.33,0.97,0.96,0.97,0.25,0.98,0.96
22,0.95,0.33,0.97,0.96,0.97,0.33,0.96,0.96
23,0.95,0.33,0.96,0.96,0.97,0.33,0.98,0.96
24,0.93,0.26,0.97,0.96,0.98,0.41,0.98,0.96
25,0.95,0.33,0.96,0.96,0.97,0.25,0.98,0.96
26,0.93,0.26,0.96,0.96,0.97,0.33,0.98,0.96
27,0.93,0.26,0.96,0.96,0.97,0.33,0.98,0.96
28,0.93,0.26,0.96,0.96,0.95,0.33,0.98,0.96
29,0.93,0.17,0.95,0.96,0.95,0.33,0.96,0.96
30,0.93,0.17,0.95,0.96,0.97,0.33,0.96,0.96
31,0.92,0.17,0.96,0.96,0.95,0.25,0.96,0.96
32,0.93,0.33,0.95,0.96,0.97,0.33,0.96,0.97
33,0.92,0.26,0.95,0.96,0.95,0.33,0.96,0.97
34,0.93,0.26,0.95,0.96,0.95,0.33,0.96,0.97
35,0.93,0.26,0.96,0.96,0.97,0.33,0.98,0.97
36,0.93,0.33,0.96,0.96,0.97,0.41,0.98,0.97
37,0.93,0.33,0.96,0.96,0.97,0.33,0.98,0.97
38,0.93,0.33,0.96,0.96,0.97,0.33,0.98,0.97
39,0.93,0.33,0.96,0.97,0.97,0.5,0.98,0.97
40,0.93,0.33,0.96,0.97,0.97,0.33,0.98,0.97
41,0.93,0.33,0.96,0.97,0.95,0.41,0.96,0.97
42,0.93,0.33,0.97,0.97,0.98,0.41,0.96,0.97
43,0.93,0.33,0.96,0.97,0.97,0.5,0.98,0.97
44,0.93,0.33,0.96,0.97,0.97,0.41,0.99,0.97
45,0.93,0.41,0.96,0.97,0.97,0.41,0.98,0.97
46,0.93,0.26,0.96,0.97,0.98,0.33,0.98,0.97
47,0.93,0.33,0.96,0.97,0.97,0.41,0.98,0.97
48,0.95,0.41,0.96,0.97,0.97,0.41,0.98,0.97
49,0.93,0.33,0.96,0.97,0.97,0.41,0.98,0.97
50,0.93,0.33,0.97,0.97,0.97,0.41,0.96,0.97
51,0.97,0.33,0.97,0.97,0.98,0.41,0.98,0.97
52,0.98,0.33,0.98,0.97,0.98,0.5,0.98,0.97
53,1.0,0.33,0.99,0.97,0.98,0.41,0.98,0.97
54,1.0,0.33,1.0,0.97,1.0,0.41,0.99,0.97
55,1.0,0.41,0.98,0.95,1.0,0.41,0.93,0.95
56,0.98,0.33,0.93,0.93,0.95,0.5,0.85,0.91
57,0.78,0.33,0.67,0.7,0.72,0.41,0.56,0.69
58,0.67,0.33,0.54,0.55,0.59,0.41,0.44,0.55
59,0.59,0.33,0.46,0.45,0.5,0.41,0.38,0.45
60,0.46,0.26,0.36,0.3,0.41,0.33,0.31,0.33
61,0.39,0.33,0.3,0.22,0.35,0.5,0.27,0.25
62,0.36,0.33,0.28,0.19,0.32,0.41,0.24,0.22
63,0.32,0.33,0.25,0.15,0.3,0.41,0.22,0.18
64,0.28,0.33,0.22,0.11,0.24,0.41,0.19,0.14
65,0.25,0.33,0.21,0.1,0.23,0.41,0.18,0.12
66,0.21,0.33,0.19,0.07,0.21,0.5,0.15,0.09
67,0.21,0.41,0.18,0.07,0.21,0.5,0.15,0.09
68,0.18,0.33,0.16,0.06,0.17,0.41,0.14,0.07
69,0.17,0.33,0.15,0.05,0.16,0.5,0.12,0.06
70,0.16,0.33,0.14,0.04,0.14,0.41,0.12,0.06
71,0.13,0.26,0.12,0.03,0.13,0.41,0.1,0.05
72,0.12,0.26,0.11,0.03,0.12,0.41,0.09,0.04
73,0.12,0.26,0.11,0.03,0.11,0.33,0.09,0.04
74,0.12,0.33,0.1,0.02,0.09,0.33,0.09,0.03
75,0.1,0.33,0.09,0.02,0.09,0.41,0.08,0.03
76,0.09,0.33,0.09,0.02,0.09,0.33,0.08,0.03
77,0.09,0.33,0.07,0.02,0.08,0.41,0.07,0.02
78,0.09,0.26,0.08,0.02,0.11,0.33,0.06,0.02
79,0.08,0.26,0.07,0.01,0.07,0.33,0.06,0.02
80,0.08,0.26,0.07,0.01,0.07,0.33,0.06,0.02
81,0.06,0.17,0.07,0.01,0.06,0.33,0.06,0.02
82,0.06,0.26,0.06,0.01,0.07,0.33,0.06,0.02
83,0.06,0.33,0.05,0.01,0.06,0.33,0.06,0.01
84,0.06,0.26,0.05,0.01,0.06,0.25,0.05,0.01
85,0.05,0.33,0.05,0.01,0.06,0.25,0.05,0.01
86,0.05,0.33,0.05,0.01,0.06,0.33,0.04,0.01
87,0.05,0.33,0.05,0.01,0.05,0.33,0.04,0.01
88,0.06,0.33,0.05,0.01,0.05,0.25,0.04,0.01
89,0.05,0.33,0.05,0.01,0.05,0.33,0.04,0.01
90,0.05,0.33,0.05,0.0,0.05,0.25,0.04,0.01
91,0.06,0.26,0.04,0.01,0.05,0.25,0.04,0.01
92,0.05,0.26,0.03,0.0,0.05,0.33,0.04,0.01
93,0.05,0.26,0.03,0.0,0.05,0.25,0.04,0.01
94,0.04,0.26,0.03,0.0,0.03,0.25,0.04,0.01
95,0.05,0.26,0.03,0.0,0.03,0.25,0.04,0.01
96,0.05,0.26,0.04,0.0,0.05,0.33,0.04,0.01
97,0.05,0.33,0.04,0.0,0.03,0.25,0.04,0.01
98,0.05,0.33,0.03,0.0,0.03,0.25,0.04,0.0
99,0.05,0.26,0.03,0.0,0.02,0.25,0.04,0.0
100,0.05,0.26,0.03,0.0,0.03,0.25,0.03,0.0
101,0.05,0.33,0.03,0.0,0.03,0.33,0.04,0.0
102,0.05,0.26,0.03,0.0,0.03,0.33,0.04,0.0
103,0.05,0.33,0.03,0.0,0.03,0.33,0.04,0.0
104,0.05,0.41,0.03,0.0,0.05,0.33,0.03,0.0
105,0.05,0.33,0.03,0.0,0.03,0.33,0.03,0.0
106,0.05,0.33,0.04,0.0,0.03,0.33,0.03,0.0
107,0.05,0.33,0.03,0.0,0.03,0.33,0.03,0.0
108,0.05,0.26,0.03,0.0,0.02,0.25,0.03,0.0
109,0.05,0.33,0.03,0.0,0.03,0.33,0.03,0.0
110,0.05,0.41,0.03,0.0,0.03,0.33,0.03,0.0
111,0.05,0.41,0.03,0.0,0.03,0.33,0.03,0.0
112,0.04,0.26,0.03,0.0,0.02,0.25,0.01,0.0
113,0.04,0.33,0.03,0.0,0.02,0.25,0.02,0.0
114,0.04,0.26,0.02,0.0,0.02,0.33,0.03,0.0
115,0.04,0.26,0.02,0.0,0.02,0.25,0.02,0.0
116,0.04,0.26,0.02,0.0,0.02,0.25,0.01,0.0
117,0.04,0.26,0.02,0.0,0.02,0.25,0.01,0.0
118,0.04,0.33,0.02,0.0,0.02,0.25,0.02,0.0
119,0.03,0.26,0.02,0.0,0.02,0.25,0.02,0.0
120,0.03,0.26,0.02,0.0,0.02,0.33,0.02,0.0
121,0.03,0.33,0.02,0.0,0.02,0.25,0.02,0.0
122,0.03,0.26,0.01,0.0,0.01,0.25,0.01,0.0
123,0.03,0.26,0.01,0.0,0.01,0.25,0.01,0.0
124,0.03,0.26,0.01,0.0,0.01,0.17,0.01,0.0
125,0.03,0.17,0.01,0.0,0.01,0.17,0.01,0.0
126,0.01,0.17,0.01,0.0,0.01,0.25,0.01,0.0
127,0.03,0.26,0.01,0.0,0.01,0.17,0.01,0.0
128,0.03,0.17,0.01,0.0,0.01,0.17,0.01,0.0
129,0.01,0.09,0.0,0.0,0.01,0.08,0.01,0.0
130,0.03,0.0,0.0,0.0,0.0,0.17,0.01,0.0
131,0.01,0.09,0.0,0.0,0.0,0.08,0.0,0.0
132,0.01,0.0,0.0,0.0,0.0,0.0,0.01,0.0
133,0.01,0.09,0.01,0.0,0.0,0.17,0.01,0.0
134,0.03,0.17,0.01,0.0,0.01,0.08,0.01,0.0
135,0.01,0.09,0.0,0.0,0.0,0.08,0.01,0.0
136,0.01,0.09,0.0,0.0,0.0,0.0,0.01,0.0
137,0.01,0.09,0.0,0.0,0.0,0.08,0.01,0.0
138,0.01,0.17,0.01,0.0,0.01,0.08,0.01,0.0
139,0.03,0.09,0.01,0.0,0.01,0.17,0.01,0.0
140,0.01,0.17,0.0,0.0,0.0,0.0,0.01,0.0
141,0.0,0.09,0.0,0.0,0.0,0.08,0.01,0.0
142,0.0,0.09,0.0,0.0,0.0,0.17,0.01,0.0
143,0.01,0.17,0.0,0.0,0.01,0.08,0.01,0.0
144,0.01,0.17,0.0,0.0,0.0,0.08,0.01,0.0
145,0.01,0.09,0.0,0.0,0.0,0.08,0.01,0.0
146,0.01,0.09,0.0,0.0,0.0,0.08,0.01,0.0
147,0.01,0.17,0.0,0.0,0.0,0.17,0.01,0.0
148,0.03,0.17,0.0,0.0,0.0,0.17,0.0,0.0
149,0.03,0.33,0.01,0.0,0.01,0.17,0.01,0.0
150,0.03,0.17,0.01,0.0,0.01,0.17,0.01,0.0
151,0.01,0.26,0.01,0.0,0.01,0.17,0.01,0.0
152,0.01,0.26,0.01,0.0,0.01,0.17,0.01,0.0
153,0.03,0.26,0.01,0.0,0.01,0.25,0.01,0.0
154,0.01,0.26,0.01,0.0,0.0,0.17,0.01,0.0
155,0.01,0.26,0.01,0.0,0.01,0.17,0.04,0.0
156,0.03,0.26,0.03,0.0,0.05,0.25,0.06,0.0
157,0.04,0.26,0.05,0.0,0.06,0.25,0.09,0.0
158,0.08,0.26,0.08,0.01,0.09,0.17,0.13,0.0
159,0.12,0.17,0.13,0.01,0.14,0.17,0.19,0.01
160,0.17,0.26,0.2,0.02,0.21,0.25,0.25,0.02
161,0.24,0.33,0.25,0.03,0.27,0.25,0.31,0.03
162,0.25,0.26,0.27,0.03,0.28,0.25,0.31,0.03
163,0.32,0.33,0.34,0.04,0.34,0.17,0.37,0.04
164,0.35,0.33,0.36,0.04,0.36,0.25,0.4,0.04
165,0.39,0.26,0.39,0.05,0.41,0.25,0.43,0.05
166,0.45,0.33,0.46,0.07,0.46,0.25,0.49,0.07
167,0.48,0.26,0.48,0.07,0.49,0.25,0.51,0.07
168,0.5,0.26,0.52,0.09,0.52,0.33,0.54,0.08
169,0.53,0.26,0.54,0.1,0.53,0.25,0.57,0.09
170,0.56,0.17,0.57,0.11,0.58,0.33,0.59,0.11
171,0.56,0.17,0.58,0.12,0.59,0.25,0.59,0.11
172,0.59,0.09,0.6,0.13,0.59,0.25,0.61,0.12
173,0.61,0.09,0.62,0.14,0.62,0.17,0.64,0.13
174,0.64,0.17,0.64,0.15,0.64,0.25,0.65,0.14
175,0.67,0.17,0.68,0.17,0.69,0.25,0.68,0.16
176,0.67,0.17,0.69,0.18,0.69,0.25,0.69,0.17
177,0.68,0.17,0.7,0.19,0.7,0.25,0.71,0.18
178,0.71,0.17,0.72,0.21,0.72,0.33,0.73,0.19
179,0.73,0.17,0.73,0.22,0.73,0.33,0.74,0.2
180,0.74,0.26,0.75,0.24,0.76,0.33,0.76,0.22
181,0.76,0.17,0.77,0.26,0.76,0.33,0.78,0.23
182,0.76,0.17,0.78,0.27,0.78,0.33,0.78,0.24
183,0.78,0.17,0.78,0.27,0.78,0.33,0.79,0.25
184,0.78,0.26,0.79,0.29,0.8,0.33,0.8,0.26
185,0.79,0.09,0.8,0.32,0.8,0.33,0.8,0.28
186,0.79,0.0,0.8,0.32,0.8,0.25,0.8,0.29
187,0.82,0.09,0.82,0.34,0.81,0.33,0.82,0.3
188,0.82,0.26,0.83,0.35,0.83,0.33,0.84,0.32
189,0.82,0.26,0.84,0.37,0.85,0.41,0.84,0.33
190,0.84,0.26,0.84,0.38,0.83,0.41,0.84,0.34
191,0.85,0.26,0.85,0.39,0.85,0.41,0.85,0.35
192,0.85,0.33,0.86,0.41,0.86,0.41,0.86,0.37
193,0.84,0.26,0.86,0.42,0.86,0.41,0.86,0.37
194,0.85,0.33,0.87,0.43,0.88,0.41,0.87,0.38
195,0.85,0.33,0.88,0.45,0.88,0.41,0.87,0.4
196,0.87,0.26,0.88,0.46,0.88,0.41,0.89,0.41
197,0.87,0.26,0.89,0.46,0.9,0.25,0.89,0.41
198,0.87,0.33,0.89,0.48,0.88,0.41,0.89,0.43
199,0.85,0.33,0.89,0.49,0.9,0.41,0.89,0.44
200,0.87,0.26,0.89,0.5,0.9,0.41,0.89,0.44
201,0.87,0.26,0.89,0.51,0.9,0.41,0.89,0.45
202,0.89,0.33,0.89,0.52,0.91,0.5,0.9,0.46
203,0.89,0.26,0.9,0.53,0.91,0.5,0.9,0.47
204,0.89,0.33,0.89,0.53,0.9,0.41,0.9,0.48
205,0.9,0.26,0.9,0.55,0.91,0.41,0.91,0.5
206,0.9,0.26,0.91,0.56,0.91,0.41,0.91,0.5
207,0.89,0.33,0.91,0.57,0.91,0.41,0.91,0.51
208,0.9,0.26,0.91,0.57,0.91,0.41,0.91,0.52
209,0.9,0.26,0.9,0.58,0.93,0.33,0.91,0.52
210,0.89,0.26,0.91,0.59,0.91,0.33,0.91,0.53
211,0.89,0.17,0.9,0.6,0.9,0.41,0.91,0.54
212,0.89,0.17,0.91,0.6,0.9,0.33,0.91,0.54
213,0.89,0.17,0.9,0.61,0.91,0.33,0.91,0.56
214,0.87,0.09,0.9,0.61,0.91,0.33,0.91,0.56
215,0.89,0.09,0.9,0.62,0.91,0.33,0.91,0.57
216,0.85,0.0,0.89,0.63,0.9,0.33,0.91,0.57
217,0.85,0.0,0.9,0.64,0.9,0.33,0.91,0.58
218,0.87,0.09,0.89,0.64,0.91,0.25,0.91,0.58
219,0.87,0.09,0.89,0.65,0.91,0.25,0.91,0.6
220,0.87,0.09,0.9,0.66,0.9,0.25,0.9,0.6
221,0.87,0.09,0.89,0.66,0.9,0.33,0.91,0.6
222,0.85,0.09,0.89,0.66,0.91,0.33,0.91,0.61
223,0.87,0.17,0.9,0.67,0.9,0.33,0.92,0.62
224,0.85,0.17,0.9,0.68,0.91,0.33,0.91,0.63
225,0.85,0.09,0.9,0.68,0.91,0.33,0.91,0.63
226,0.85,0.0,0.89,0.68,0.9,0.25,0.91,0.63
227,0.85,0.09,0.89,0.69,0.9,0.33,0.91,0.64
228,0.85,0.17,0.9,0.7,0.91,0.33,0.91,0.65
229,0.87,0.09,0.89,0.7,0.91,0.33,0.92,0.65
230,0.87,0.09,0.9,0.7,0.91,0.33,0.92,0.65
231,0.87,0.09,0.89,0.71,0.91,0.33,0.91,0.66
232,0.87,0.09,0.9,0.71,0.9,0.33,0.91,0.66
233,0.85,0.17,0.89,0.72,0.9,0.33,0.92,0.67
234,0.87,0.17,0.89,0.72,0.9,0.33,0.9,0.67
235,0.87,0.0,0.9,0.72,0.91,0.33,0.91,0.68
236,0.87,0.09,0.9,0.73,0.91,0.33,0.92,0.68
237,0.87,0.09,0.9,0.73,0.91,0.33,0.91,0.69
238,0.87,0.09,0.89,0.73,0.9,0.33,0.92,0.69
239,0.85,0.0,0.89,0.73,0.9,0.25,0.91,0.69
240,0.85,0.0,0.89,0.74,0.9,0.25,0.92,0.7
241,0.85,0.0,0.89,0.74,0.9,0.25,0.91,0.7
242,0.85,0.0,0.89,0.74,0.9,0.33,0.92,0.7
243,0.85,0.0,0.89,0.75,0.91,0.33,0.92,0.71
244,0.85,0.09,0.9,0.75,0.91,0.33,0.92,0.71
245,0.85,0.26,0.9,0.76,0.91,0.41,0.92,0.72
246,0.87,0.17,0.9,0.76,0.91,0.41,0.93,0.72
247,0.87,0.26,0.91,0.76,0.91,0.41,0.93,0.72
248,0.87,0.26,0.91,0.77,0.91,0.41,0.93,0.73
249,0.87,0.33,0.91,0.77,0.93,0.33,0.93,0.73
250,0.87,0.26,0.91,0.77,0.91,0.5,0.94,0.74
251,0.89,0.33,0.91,0.78,0.93,0.41,0.93,0.74
252,0.89,0.26,0.91,0.78,0.93,0.41,0.93,0.74
253,0.89,0.17,0.92,0.78,0.93,0.5,0.93,0.74
254,0.89,0.33,0.92,0.78,0.91,0.5,0.93,0.74
255,0.89,0.33,0.92,0.79,0.91,0.5,0.93,0.75
256,0.89,0.33,0.92,0.79,0.93,0.5,0.93,0.75
257,0.87,0.33,0.92,0.79,0.93,0.41,0.94,0.75
258,0.89,0.33,0.91,0.79,0.91,0.5,0.94,0.76
259,0.87,0.26,0.91,0.8,0.91,0.5,0.93,0.76
260,0.87,0.26,0.9,0.8,0.91,0.5,0.93,0.76
261,0.87,0.26,0.92,0.8,0.93,0.41,0.94,0.77
262,0.89,0.33,0.91,0.8,0.91,0.5,0.93,0.77
263,0.89,0.33,0.91,0.8,0.91,0.41,0.94,0.77
264,0.89,0.26,0.91,0.8,0.91,0.41,0.93,0.77
265,0.89,0.33,0.91,0.81,0.93,0.5,0.94,0.77
266,0.9,0.33,0.93,0.81,0.93,0.5,0.94,0.78
267,0.89,0.33,0.93,0.81,0.93,0.5,0.94,0.78
268,0.9,0.33,0.93,0.81,0.93,0.5,0.94,0.78
269,0.9,0.33,0.93,0.81,0.93,0.5,0.93,0.78
270,0.89,0.33,0.92,0.82,0.93,0.58,0.93,0.79
271,0.89,0.33,0.92,0.82,0.93,0.41,0.94,0.79
272,0.9,0.33,0.93,0.82,0.93,0.5,0.94,0.79
273,0.9,0.41,0.93,0.82,0.93,0.5,0.94,0.79
274,0.9,0.33,0.93,0.82,0.93,0.41,0.94,0.8
275,0.9,0.33,0.93,0.82,0.93,0.66,0.94,0.8
276,0.9,0.33,0.93,0.83,0.93,0.5,0.94,0.8
277,0.9,0.33,0.93,0.83,0.93,0.5,0.94,0.8
278,0.9,0.33,0.93,0.83,0.93,0.5,0.94,0.8
279,0.9,0.33,0.93,0.83,0.93,0.5,0.94,0.8
280,0.9,0.33,0.94,0.84,0.93,0.58,0.95,0.81
281,0.9,0.5,0.94,0.84,0.93,0.58,0.94,0.81
282,0.9,0.33,0.94,0.84,0.95,0.58,0.95,0.81
283,0.9,0.41,0.94,0.84,0.95,0.58,0.94,0.81
284,0.9,0.41,0.94,0.84,0.93,0.5,0.95,0.81
285,0.9,0.41,0.94,0.84,0.95,0.58,0.94,0.81
286,0.9,0.41,0.94,0.84,0.95,0.58,0.95,0.82
287,0.9,0.41,0.94,0.84,0.95,0.5,0.95,0.82
288,0.92,0.41,0.94,0.84,0.95,0.66,0.95,0.82
289,0.92,0.5,0.95,0.85,0.95,0.66,0.95,0.82
290,0.9,0.41,0.95,0.85,0.95,0.66,0.96,0.82
291,0.89,0.5,0.95,0.85,0.95,0.58,0.96,0.83
292,0.89,0.5,0.95,0.85,0.95,0.66,0.96,0.83
293,0.92,0.59,0.94,0.85,0.95,0.58,0.95,0.83
294,0.9,0.41,0.94,0.86,0.95,0.58,0.95,0.83
295,0.9,0.5,0.93,0.86,0.95,0.66,0.95,0.83
296,0.9,0.5,0.94,0.86,0.97,0.58,0.95,0.83
297,0.9,0.41,0.94,0.86,0.95,0.58,0.95,0.83
298,0.9,0.41,0.93,0.86,0.93,0.58,0.95,0.83
299,0.89,0.33,0.92,0.86,0.93,0.5,0.94,0.84
300,0.89,0.33,0.93,0.86,0.93,0.5,0.94,0.84
301,0.89,0.33,0.93,0.86,0.91,0.5,0.94,0.84
302,0.89,0.33,0.93,0.86,0.93,0.5,0.94,0.84
303,0.89,0.33,0.92,0.86,0.93,0.5,0.94,0.84
304,0.87,0.41,0.92,0.86,0.93,0.5,0.93,0.84
305,0.89,0.41,0.93,0.87,0.93,0.66,0.95,0.85
306,0.89,0.41,0.93,0.87,0.93,0.66,0.94,0.85
307,0.89,0.5,0.93,0.87,0.93,0.66,0.95,0.85
308,0.89,0.5,0.93,0.87,0.93,0.58,0.95,0.85
309,0.89,0.59,0.93,0.87,0.93,0.58,0.95,0.85
310,0.89,0.5,0.93,0.87,0.93,0.66,0.95,0.85
311,0.89,0.41,0.93,0.87,0.95,0.58,0.94,0.85
312,0.87,0.5,0.92,0.87,0.93,0.58,0.95,0.85
313,0.89,0.5,0.92,0.87,0.93,0.66,0.94,0.85
314,0.89,0.5,0.92,0.87,0.95,0.58,0.94,0.86
315,0.89,0.5,0.93,0.88,0.93,0.58,0.95,0.86
316,0.89,0.5,0.93,0.88,0.93,0.66,0.95,0.86
317,0.89,0.5,0.93,0.88,0.93,0.66,0.95,0.86
318,0.89,0.41,0.93,0.88,0.93,0.58,0.94,0.86
319,0.87,0.41,0.92,0.88,0.93,0.58,0.95,0.86
320,0.89,0.5,0.93,0.88,0.93,0.58,0.94,0.86
321,0.9,0.41,0.92,0.88,0.93,0.66,0.94,0.86
322,0.89,0.41,0.93,0.88,0.95,0.66,0.94,0.86
323,0.89,0.41,0.93,0.88,0.93,0.66,0.95,0.87
324,0.9,0.5,0.94,0.88,0.93,0.66,0.95,0.87
325,0.9,0.5,0.94,0.89,0.93,0.66,0.95,0.87
326,0.9,0.5,0.93,0.89,0.93,0.58,0.95,0.87
327,0.89,0.5,0.94,0.89,0.93,0.58,0.94,0.87
328,0.9,0.5,0.93,0.89,0.95,0.58,0.95,0.87
329,0.9,0.41,0.93,0.89,0.95,0.58,0.95,0.87
330,0.9,0.5,0.94,0.89,0.95,0.58,0.95,0.87
331,0.9,0.5,0.94,0.89,0.95,0.58,0.95,0.87
332,0.9,0.5,0.94,0.89,0.95,0.66,0.95,0.88
333,0.9,0.5,0.94,0.89,0.95,0.66,0.95,0.88
334,0.9,0.5,0.94,0.89,0.93,0.58,0.95,0.88
335,0.9,0.41,0.93,0.89,0.93,0.66,0.95,0.88
336,0.9,0.5,0.93,0.9,0.95,0.58,0.94,0.88
337,0.9,0.5,0.93,0.89,0.93,0.58,0.94,0.88
338,0.9,0.5,0.93,0.9,0.93,0.66,0.94,0.88
339,0.89,0.41,0.92,0.9,0.93,0.66,0.95,0.88
340,0.9,0.5,0.93,0.9,0.93,0.58,0.95,0.88
341,0.9,0.5,0.92,0.9,0.93,0.66,0.95,0.88
342,0.89,0.5,0.93,0.9,0.95,0.66,0.94,0.89
343,0.9,0.5,0.94,0.9,0.95,0.66,0.95,0.89
344,0.9,0.41,0.93,0.9,0.95,0.66,0.95,0.89
345,0.89,0.59,0.94,0.9,0.93,0.5,0.95,0.89
346,0.89,0.5,0.93,0.9,0.93,0.66,0.95,0.89
347,0.89,0.5,0.94,0.9,0.95,0.66,0.95,0.89
348,0.89,0.59,0.93,0.9,0.93,0.66,0.95,0.89
349,0.89,0.5,0.93,0.9,0.93,0.66,0.95,0.89
350,0.87,0.5,0.93,0.91,0.93,0.66,0.94,0.89
351,0.89,0.5,0.93,0.91,0.95,0.66,0.95,0.89
352,0.89,0.5,0.93,0.91,0.93,0.58,0.95,0.89
353,0.9,0.5,0.92,0.91,0.93,0.66,0.95,0.89
354,0.89,0.41,0.92,0.91,0.93,0.66,0.94,0.89
355,0.89,0.41,0.92,0.91,0.93,0.66,0.95,0.89
356,0.87,0.41,0.92,0.91,0.93,0.66,0.94,0.9
357,0.87,0.5,0.91,0.91,0.91,0.66,0.94,0.9
358,0.89,0.5,0.92,0.91,0.93,0.66,0.94,0.9
359,0.87,0.5,0.92,0.91,0.93,0.58,0.95,0.9
360,0.87,0.41,0.92,0.91,0.93,0.66,0.95,0.9
361,0.89,0.5,0.92,0.91,0.93,0.58,0.94,0.9
362,0.87,0.5,0.93,0.91,0.93,0.75,0.95,0.9
363,0.9,0.59,0.93,0.92,0.95,0.75,0.95,0.9
364,0.89,0.59,0.93,0.92,0.93,0.75,0.94,0.9
365,0.89,0.5,0.92,0.91,0.93,0.66,0.94,0.91
366,0.87,0.5,0.92,0.92,0.93,0.66,0.94,0.9
367,0.87,0.41,0.92,0.92,0.93,0.66,0.94,0.9
368,0.89,0.41,0.92,0.92,0.93,0.5,0.94,0.91
369,0.89,0.5,0.91,0.92,0.93,0.66,0.93,0.91
370,0.89,0.41,0.93,0.92,0.93,0.58,0.94,0.91
371,0.89,0.5,0.93,0.92,0.93,0.66,0.94,0.91
372,0.89,0.5,0.94,0.92,0.93,0.66,0.95,0.91
373,0.89,0.5,0.93,0.92,0.93,0.66,0.95,0.91
374,0.89,0.5,0.93,0.92,0.93,0.75,0.96,0.91
375,0.9,0.59,0.94,0.92,0.95,0.66,0.95,0.91
376,0.9,0.5,0.93,0.93,0.95,0.75,0.95,0.91
377,0.89,0.59,0.94,0.93,0.95,0.75,0.95,0.91
378,0.9,0.59,0.94,0.92,0.95,0.75,0.96,0.91
379,0.9,0.5,0.94,0.93,0.93,0.66,0.95,0.91
380,0.89,0.5,0.94,0.93,0.95,0.66,0.96,0.91
381,0.89,0.5,0.92,0.93,0.95,0.66,0.95,0.92
382,0.87,0.5,0.92,0.93,0.93,0.66,0.95,0.92
383,0.89,0.5,0.92,0.93,0.95,0.66,0.95,0.92
384,0.89,0.5,0.93,0.93,0.93,0.75,0.95,0.92
385,0.89,0.59,0.94,0.93,0.93,0.75,0.95,0.92
386,0.89,0.59,0.92,0.93,0.93,0.66,0.95,0.92
387,0.89,0.5,0.93,0.93,0.93,0.66,0.94,0.92
388,0.89,0.59,0.93,0.93,0.93,0.66,0.95,0.92
389,0.87,0.59,0.92,0.93,0.93,0.66,0.95,0.92
390,0.87,0.5,0.93,0.93,0.93,0.66,0.94,0.92
391,0.87,0.5,0.91,0.93,0.93,0.66,0.95,0.92
392,0.89,0.5,0.92,0.93,0.93,0.66,0.94,0.92
393,0.89,0.5,0.92,0.93,0.93,0.66,0.94,0.92
394,0.87,0.59,0.92,0.93,0.93,0.83,0.95,0.92
395,0.89,0.67,0.93,0.93,0.93,0.66,0.95,0.93
396,0.89,0.59,0.93,0.93,0.93,0.66,0.94,0.92
397,0.89,0.59,0.93,0.93,0.95,0.75,0.95,0.93
398,0.89,0.41,0.93,0.93,0.93,0.75,0.95,0.93
399,0.89,0.59,0.93,0.93,0.95,0.75,0.95,0.93
400,0.9,0.59,0.93,0.93,0.93,0.66,0.94,0.93
401,0.89,0.59,0.93,0.94,0.93,0.75,0.95,0.93
402,0.89,0.59,0.93,0.94,0.95,0.66,0.95,0.93
403,0.9,0.67,0.93,0.94,0.95,0.75,0.95,0.93
404,0.89,0.67,0.94,0.94,0.95,0.83,0.95,0.93
405,0.89,0.67,0.94,0.94,0.95,0.75,0.96,0.93
406,0.89,0.76,0.94,0.94,0.95,0.66,0.96,0.93
407,0.89,0.67,0.94,0.94,0.95,0.75,0.98,0.93
408,0.89,0.59,0.93,0.94,0.93,0.75,0.95,0.93
409,0.89,0.59,0.92,0.94,0.93,0.75,0.95,0.93
410,0.89,0.59,0.93,0.94,0.93,0.75,0.95,0.93
411,0.9,0.67,0.93,0.94,0.95,0.75,0.95,0.93
412,0.9,0.67,0.94,0.94,0.93,0.83,0.96,0.94
413,0.9,0.67,0.94,0.94,0.95,0.83,0.96,0.94
414,0.9,0.67,0.94,0.94,0.95,0.83,0.96,0.94
415,0.9,0.67,0.95,0.94,0.95,0.75,0.96,0.94
416,0.9,0.67,0.94,0.95,0.95,0.83,0.96,0.94
417,0.9,0.67,0.95,0.95,0.95,0.75,0.95,0.94
418,0.9,0.67,0.94,0.95,0.95,0.83,0.96,0.94
419,0.9,0.76,0.94,0.95,0.95,0.83,0.96,0.94
420,0.9,0.76,0.95,0.95,0.95,0.83,0.96,0.94
421,0.9,0.67,0.94,0.95,0.95,0.83,0.96,0.94
422,0.9,0.76,0.95,0.95,0.95,0.83,0.96,0.94
423,0.9,0.76,0.94,0.95,0.95,0.83,0.98,0.94
424,0.9,0.76,0.95,0.95,0.95,0.83,0.96,0.94
425,0.9,0.76,0.95,0.95,0.95,0.83,0.96,0.94
426,0.9,0.76,0.95,0.95,0.95,0.83,0.96,0.94
427,0.9,0.76,0.94,0.95,0.97,0.83,0.98,0.94
428,0.9,0.76,0.95,0.95,0.95,0.83,0.98,0.94
429,0.9,0.76,0.95,0.95,0.95,0.91,0.96,0.94
430,0.92,0.83,0.95,0.95,0.95,0.83,0.96,0.94
431,0.92,0.76,0.94,0.96,0.95,0.83,0.96,0.94
432,0.9,0.67,0.95,0.95,0.95,0.83,0.96,0.95
433,0.9,0.76,0.95,0.96,0.97,0.83,0.96,0.94
434,0.9,0.83,0.95,0.95,0.95,0.83,0.96,0.95
435,0.9,0.83,0.95,0.96,0.95,0.83,0.98,0.95
436,0.92,0.76,0.95,0.96,0.95,0.83,0.96,0.95
437,0.9,0.76,0.95,0.96,0.95,0.91,0.96,0.95
438,0.9,0.76,0.95,0.96,0.95,0.83,0.96,0.95
439,0.9,0.76,0.94,0.96,0.95,0.83,0.96,0.95
440,0.9,0.76,0.95,0.96,0.95,0.83,0.96,0.95
441,0.93,0.83,0.95,0.96,0.97,0.91,0.96,0.95
442,0.92,0.83,0.95,0.96,0.95,0.91,0.96,0.95
443,0.92,0.83,0.95,0.96,0.97,0.83,0.98,0.95
444,0.92,0.83,0.95,0.96,0.95,0.91,0.98,0.95
445,0.92,0.83,0.96,0.96,0.97,0.91,0.98,0.95
446,0.92,0.91,0.96,0.96,0.97,0.91,0.98,0.95
447,0.93,1.0,0.96,0.96,0.97,1.0,0.98,0.95
448,0.92,0.91,0.96,0.96,0.97,1.0,0.98,0.95
449,0.92,0.83,0.96,0.96,0.97,0.91,0.98,0.95
450,0.93,0.91,0.96,0.97,0.97,1.0,0.98,0.95
451,0.93,0.91,0.96,0.97,0.97,0.91,0.98,0.95
452,0.95,1.0,0.96,0.97,0.97,1.0,0.99,0.96
453,0.93,1.0,0.97,0.97,0.97,1.0,0.99,0.96
454,0.93,1.0,0.97,0.97,0.97,1.0,0.99,0.96
455,0.95,1.0,0.97,0.97,0.98,1.0,0.99,0.96
456,0.93,0.91,0.96,0.97,0.97,0.91,0.98,0.96
457,0.93,0.91,0.96,0.97,0.97,0.91,0.98,0.96
458,0.92,0.83,0.96,0.97,0.97,0.91,0.98,0.96
459,0.92,0.83,0.96,0.97,0.97,0.91,0.98,0.96
460,0.93,0.91,0.96,0.97,0.97,0.91,0.98,0.96
461,0.93,0.76,0.96,0.97,0.97,0.83,0.96,0.96
462,0.92,0.83,0.95,0.97,0.97,0.83,0.96,0.96
463,0.92,0.76,0.95,0.97,0.95,0.83,0.98,0.96
464,0.92,0.83,0.96,0.97,0.97,0.83,0.96,0.96
465,0.92,0.76,0.96,0.97,0.97,0.83,0.98,0.96
466,0.92,0.76,0.95,0.97,0.95,0.83,0.96,0.96
467,0.92,0.76,0.96,0.97,0.95,0.83,0.98,0.96
468,0.92,0.76,0.96,0.97,0.97,0.83,0.98,0.96
469,0.92,0.76,0.96,0.97,0.97,0.83,0.98,0.96
470,0.92,0.83,0.95,0.97,0.97,0.91,0.96,0.96
471,0.92,0.83,0.95,0.97,0.97,0.83,0.98,0.96
472,0.93,0.83,0.96,0.97,0.97,0.91,0.98,0.96
473,0.92,0.83,0.96,0.97,0.97,0.91,0.98,0.96
474,0.92,0.83,0.95,0.97,0.98,0.83,0.98,0.96
475,0.92,0.76,0.95,0.97,0.97,0.83,0.96,0.96
476,0.9,0.67,0.94,0.97,0.97,0.83,0.96,0.96
477,0.92,0.76,0.93,0.97,0.95,0.83,0.96,0.96
478,0.9,0.67,0.95,0.97,0.95,0.75,0.96,0.96
479,0.9,0.76,0.94,0.97,0.95,0.83,0.96,0.96
480,0.9,0.76,0.95,0.97,0.95,0.83,0.96,0.96
481,0.9,0.76,0.94,0.97,0.95,0.83,0.96,0.96
482,0.89,0.76,0.94,0.97,0.95,0.83,0.96,0.96
483,0.89,0.67,0.93,0.97,0.95,0.75,0.95,0.96
484,0.87,0.59,0.93,0.97,0.93,0.75,0.96,0.96
485,0.87,0.67,0.92,0.97,0.93,0.75,0.96,0.96
486,0.89,0.67,0.92,0.97,0.93,0.75,0.96,0.96
487,0.89,0.59,0.92,0.97,0.93,0.75,0.95,0.97
488,0.89,0.59,0.92,0.97,0.93,0.75,0.95,0.97
489,0.87,0.59,0.93,0.97,0.93,0.66,0.95,0.97
490,0.89,0.59,0.93,0.97,0.93,0.66,0.95,0.97
491,0.87,0.59,0.92,0.97,0.95,0.75,0.95,0.97
492,0.89,0.5,0.91,0.97,0.95,0.66,0.95,0.97
493,0.87,0.5,0.91,0.97,0.93,0.66,0.95,0.97
494,0.89,0.5,0.92,0.97,0.95,0.66,0.95,0.97
495,0.89,0.5,0.93,0.97,0.93,0.66,0.95,0.97
496,0.89,0.5,0.92,0.97,0.93,0.66,0.95,0.97
497,0.87,0.41,0.91,0.97,0.93,0.66,0.95,0.97
498,0.89,0.41,0.92,0.97,0.93,0.66,0.94,0.97
499,0.89,0.41,0.92,0.97,0.93,0.66,0.95,0.97
500,0.89,0.41,0.92,0.97,0.93,0.66,0.95,0.97
501,0.89,0.5,0.93,0.97,0.93,0.58,0.95,0.97
502,0.89,0.5,0.92,0.97,0.93,0.66,0.95,0.97
503,0.89,0.5,0.92,0.97,0.95,0.66,0.95,0.97
504,0.89,0.5,0.93,0.98,0.93,0.58,0.95,0.97
505,0.89,0.41,0.93,0.97,0.95,0.75,0.95,0.97
506,0.9,0.59,0.94,0.98,0.93,0.66,0.95,0.97
507,0.9,0.5,0.94,0.98,0.93,0.75,0.96,0.97
508,0.9,0.59,0.94,0.98,0.93,0.66,0.96,0.97
509,0.9,0.5,0.94,0.98,0.93,0.75,0.95,0.97
510,0.89,0.5,0.93,0.98,0.93,0.75,0.96,0.97
511,0.89,0.5,0.94,0.98,0.95,0.66,0.95,0.97
512,0.89,0.5,0.93,0.98,0.95,0.75,0.95,0.97
513,0.89,0.5,0.94,0.98,0.93,0.75,0.95,0.97
514,0.89,0.59,0.94,0.98,0.95,0.83,0.96,0.97
515,0.89,0.59,0.94,0.98,0.93,0.75,0.96,0.98
516,0.89,0.59,0.93,0.98,0.95,0.75,0.96,0.98
517,0.87,0.5,0.92,0.98,0.93,0.75,0.95,0.97
518,0.87,0.5,0.92,0.98,0.93,0.66,0.95,0.98
519,0.85,0.41,0.91,0.98,0.93,0.58,0.94,0.97
520,0.85,0.41,0.9,0.98,0.93,0.58,0.94,0.98
521,0.85,0.41,0.91,0.98,0.91,0.58,0.94,0.97
522,0.85,0.5,0.91,0.98,0.91,0.66,0.94,0.98
523,0.85,0.41,0.91,0.98,0.91,0.66,0.94,0.98
524,0.85,0.41,0.9,0.98,0.91,0.66,0.94,0.98
525,0.85,0.41,0.91,0.98,0.93,0.66,0.95,0.98
526,0.85,0.41,0.91,0.98,0.93,0.66,0.95,0.98
527,0.85,0.5,0.91,0.98,0.91,0.66,0.94,0.98
528,0.85,0.5,0.91,0.98,0.93,0.66,0.95,0.98
529,0.85,0.59,0.91,0.98,0.91,0.75,0.95,0.98
530,0.85,0.5,0.91,0.98,0.91,0.66,0.95,0.98
531,0.85,0.59,0.92,0.98,0.93,0.75,0.95,0.98
532,0.87,0.59,0.92,0.98,0.93,0.75,0.95,0.98
533,0.87,0.59,0.92,0.98,0.93,0.75,0.95,0.98
534,0.87,0.67,0.92,0.99,0.93,0.83,0.95,0.98
535,0.87,0.59,0.93,0.99,0.95,0.83,0.96,0.98
536,0.89,0.59,0.93,0.99,0.93,0.83,0.95,0.98
537,0.87,0.59,0.93,0.99,0.95,0.83,0.95,0.98
538,0.89,0.5,0.93,0.99,0.93,0.83,0.95,0.98
539,0.87,0.5,0.93,0.99,0.93,0.75,0.95,0.98
540,0.87,0.5,0.92,0.99,0.93,0.75,0.95,0.98
541,0.87,0.5,0.92,0.99,0.93,0.66,0.95,0.98
542,0.87,0.5,0.92,0.99,0.93,0.66,0.95,0.98
543,0.89,0.5,0.92,0.99,0.93,0.75,0.95,0.98
544,0.89,0.5,0.92,0.99,0.93,0.66,0.95,0.98
545,0.89,0.33,0.93,0.99,0.93,0.75,0.96,0.98
546,0.89,0.5,0.93,0.99,0.93,0.75,0.95,0.98
547,0.87,0.5,0.93,0.99,0.95,0.75,0.96,0.99
548,0.89,0.5,0.94,0.99,0.95,0.75,0.95,0.98
549,0.89,0.59,0.94,0.99,0.93,0.75,0.96,0.99
550,0.89,0.5,0.93,0.99,0.95,0.75,0.96,0.99
551,0.89,0.59,0.93,0.99,0.93,0.75,0.95,0.99
552,0.89,0.59,0.93,0.99,0.95,0.83,0.95,0.99
553,0.89,0.59,0.93,0.99,0.95,0.66,0.96,0.99
554,0.87,0.59,0.93,0.99,0.95,0.75,0.95,0.99
555,0.89,0.5,0.93,0.99,0.93,0.75,0.95,0.99
556,0.85,0.5,0.93,0.99,0.93,0.75,0.95,0.99
557,0.85,0.5,0.92,0.99,0.93,0.66,0.95,0.99
558,0.85,0.5,0.91,0.99,0.93,0.75,0.95,0.99
559,0.85,0.5,0.91,0.99,0.93,0.75,0.94,0.99
560,0.85,0.41,0.91,0.99,0.93,0.66,0.94,0.99
561,0.85,0.41,0.91,0.99,0.93,0.66,0.94,0.99
562,0.85,0.33,0.91,0.99,0.93,0.66,0.95,0.99
563,0.85,0.41,0.91,0.99,0.91,0.75,0.94,0.99
564,0.85,0.5,0.91,0.99,0.91,0.66,0.94,0.99
565,0.85,0.5,0.91,0.99,0.93,0.66,0.94,0.99
566,0.87,0.5,0.91,0.99,0.93,0.66,0.95,0.99
567,0.85,0.41,0.91,0.99,0.91,0.66,0.94,0.99
568,0.84,0.5,0.9,0.99,0.91,0.66,0.94,0.99
569,0.85,0.41,0.9,0.99,0.91,0.75,0.94,0.99
570,0.85,0.41,0.9,0.99,0.91,0.66,0.95,0.99
571,0.85,0.41,0.91,0.99,0.93,0.75,0.94,0.99
572,0.85,0.5,0.9,0.99,0.93,0.66,0.95,0.99
573,0.85,0.5,0.91,0.99,0.93,0.75,0.95,0.99
574,0.87,0.5,0.91,1.0,0.93,0.75,0.95,0.99
575,0.87,0.5,0.92,1.0,0.93,0.83,0.95,0.99
576,0.87,0.5,0.92,1.0,0.93,0.83,0.95,0.99
577,0.87,0.59,0.92,1.0,0.95,0.75,0.95,0.99
578,0.87,0.5,0.91,0.99,0.93,0.75,0.95,1.0
579,0.85,0.41,0.92,1.0,0.93,0.75,0.95,1.0
580,0.85,0.5,0.91,1.0,0.93,0.66,0.95,0.99
581,0.84,0.41,0.92,1.0,0.93,0.66,0.95,1.0
582,0.85,0.5,0.91,1.0,0.93,0.75,0.95,1.0
583,0.85,0.41,0.91,1.0,0.93,0.75,0.95,1.0
584,0.85,0.5,0.91,1.0,0.91,0.75,0.95,1.0
585,0.85,0.5,0.91,1.0,0.91,0.75,0.95,1.0
586,0.85,0.41,0.91,1.0,0.91,0.75,0.94,1.0
587,0.85,0.5,0.91,1.0,0.93,0.58,0.95,1.0
588,0.85,0.41,0.91,1.0,0.93,0.75,0.95,1.0
589,0.87,0.5,0.92,1.0,0.93,0.75,0.95,1.0
590,0.87,0.59,0.92,1.0,0.93,0.75,0.95,1.0
591,0.87,0.5,0.92,1.0,0.93,0.75,0.95,1.0
592,0.87,0.5,0.92,1.0,0.93,0.75,0.95,1.0
593,0.87,0.5,0.92,1.0,0.93,0.75,0.95,1.0
594,0.87,0.41,0.92,1.0,0.93,0.66,0.95,1.0
595,0.85,0.33,0.92,1.0,0.93,0.75,0.95,1.0
596,0.85,0.33,0.92,1.0,0.93,0.75,0.94,1.0
597,0.87,0.33,0.91,1.0,0.93,0.66,0.94,1.0
598,0.85,0.26,0.91,1.0,0.93,0.66,0.94,1.0
