0,0.96,0.53,0.98,0.99,0.97,0.69,0.98,0.99
1,0.97,0.53,0.98,0.99,0.97,0.8,0.98,0.99
2,0.97,0.45,0.98,0.99,0.97,0.8,0.98,0.99
3,0.97,0.53,0.98,0.99,0.98,0.69,0.98,0.99
4,0.97,0.63,0.98,0.99,0.98,0.8,0.99,0.99
5,0.98,0.73,0.98,0.99,0.98,0.69,0.99,0.99
6,0.98,0.53,0.99,0.99,0.99,0.59,0.99,0.99
7,0.99,0.73,0.98,0.99,0.99,0.8,0.99,0.99
8,0.98,0.73,0.99,0.99,0.98,0.8,0.99,0.99
9,0.98,0.73,0.99,0.99,0.99,0.8,0.99,0.99
10,0.98,0.73,0.99,0.99,0.99,0.8,1.0,0.99
11,0.98,0.73,0.99,0.99,0.99,0.8,0.99,0.99
12,0.98,0.73,0.99,0.99,0.99,0.8,0.99,0.99
13,0.97,0.73,0.99,0.99,0.99,0.8,0.98,0.99
14,0.98,0.73,0.99,0.99,0.99,0.8,0.99,0.99
15,0.98,0.73,0.99,0.99,0.99,0.8,0.99,0.99
16,0.98,0.73,0.99,0.99,0.99,0.69,0.99,0.99
17,0.98,0.73,0.99,0.99,0.99,0.8,1.0,0.99
18,0.97,0.8,0.99,0.99,0.99,0.8,0.99,0.99
19,0.97,0.73,0.99,0.99,0.99,0.69,0.99,0.99
20,0.97,0.63,0.98,0.99,0.98,0.8,0.99,0.99
21,0.97,0.63,0.98,0.99,0.98,0.8,0.99,1.0
22,0.97,0.73,0.98,0.99,0.99,0.8,0.99,0.99
23,0.97,0.63,0.98,1.0,0.98,0.8,0.98,0.99
24,0.97,0.63,0.98,1.0,0.98,0.8,0.98,0.99
25,0.96,0.63,0.98,0.99,0.98,0.8,0.98,0.99
26,0.97,0.63,0.98,0.99,0.97,0.69,0.98,0.99
27,0.96,0.63,0.97,1.0,0.98,0.69,0.98,0.99
28,0.96,0.63,0.97,1.0,0.98,0.8,0.98,0.99
29,0.96,0.63,0.97,0.99,0.98,0.8,0.98,0.99
30,0.95,0.53,0.97,0.99,0.96,0.69,0.98,0.99
31,0.95,0.53,0.96,1.0,0.97,0.59,0.99,0.99
32,0.95,0.53,0.97,0.99,0.96,0.69,0.98,0.99
33,0.96,0.63,0.97,0.99,0.96,0.69,0.98,0.99
34,0.96,0.53,0.96,0.99,0.97,0.69,0.98,0.99
35,0.96,0.63,0.97,1.0,0.97,0.8,0.98,0.99
36,0.95,0.53,0.97,1.0,0.98,0.59,0.98,1.0
37,0.95,0.63,0.97,1.0,0.98,0.69,0.98,1.0
38,0.96,0.63,0.97,1.0,0.97,0.69,0.98,1.0
39,0.95,0.63,0.96,0.99,0.97,0.59,0.98,1.0
40,0.95,0.53,0.97,0.99,0.97,0.69,0.98,1.0
41,0.95,0.53,0.97,1.0,0.98,0.69,0.98,0.99
42,0.94,0.45,0.97,1.0,0.97,0.69,0.98,1.0
43,0.95,0.53,0.96,0.99,0.97,0.59,0.98,1.0
44,0.96,0.53,0.97,1.0,0.97,0.59,0.98,1.0
45,0.95,0.53,0.96,1.0,0.97,0.69,0.98,1.0
46,0.95,0.53,0.97,1.0,0.97,0.8,0.98,1.0
47,0.95,0.63,0.97,1.0,0.97,0.8,0.99,1.0
48,0.96,0.63,0.98,1.0,0.98,0.8,0.98,1.0
49,0.96,0.73,0.97,1.0,0.97,0.69,0.98,1.0
50,0.95,0.73,0.98,1.0,0.97,0.69,0.98,1.0
51,0.95,0.63,0.97,1.0,0.98,0.8,0.98,1.0
52,0.97,0.63,0.98,1.0,0.98,0.8,0.98,1.0
53,0.97,0.63,0.99,1.0,0.99,0.8,0.98,1.0
54,1.0,0.63,0.99,1.0,0.98,0.8,0.98,1.0
55,1.0,0.53,0.99,0.99,0.99,0.69,0.97,0.99
56,1.0,0.53,0.97,0.98,0.97,0.69,0.94,0.96
57,0.91,0.53,0.84,0.84,0.85,0.69,0.72,0.82
58,0.84,0.53,0.74,0.71,0.77,0.69,0.6,0.7
59,0.69,0.53,0.57,0.46,0.59,0.8,0.45,0.46
60,0.59,0.63,0.48,0.32,0.5,0.69,0.37,0.33
61,0.52,0.53,0.43,0.25,0.44,0.8,0.34,0.27
62,0.46,0.63,0.39,0.2,0.4,0.69,0.3,0.22
63,0.38,0.45,0.33,0.13,0.33,0.69,0.25,0.15
64,0.35,0.45,0.3,0.12,0.31,0.69,0.23,0.13
65,0.29,0.45,0.26,0.09,0.27,0.69,0.2,0.11
66,0.25,0.45,0.23,0.07,0.22,0.69,0.17,0.08
67,0.23,0.45,0.21,0.06,0.21,0.59,0.15,0.07
68,0.21,0.53,0.2,0.05,0.2,0.69,0.14,0.06
69,0.18,0.45,0.18,0.04,0.17,0.69,0.12,0.05
70,0.16,0.45,0.16,0.04,0.15,0.59,0.11,0.04
71,0.15,0.45,0.15,0.03,0.15,0.59,0.1,0.04
72,0.13,0.45,0.13,0.03,0.12,0.59,0.09,0.04
73,0.12,0.45,0.13,0.03,0.12,0.5,0.08,0.03
74,0.11,0.45,0.12,0.02,0.11,0.5,0.08,0.03
75,0.1,0.35,0.1,0.02,0.09,0.39,0.06,0.02
76,0.08,0.25,0.09,0.02,0.09,0.29,0.06,0.02
77,0.08,0.25,0.09,0.02,0.09,0.39,0.06,0.02
78,0.07,0.35,0.08,0.01,0.07,0.29,0.05,0.02
79,0.07,0.35,0.07,0.01,0.06,0.29,0.04,0.02
80,0.06,0.35,0.06,0.01,0.06,0.39,0.04,0.02
81,0.06,0.25,0.06,0.01,0.06,0.39,0.04,0.02
82,0.06,0.45,0.06,0.01,0.06,0.29,0.04,0.02
83,0.05,0.35,0.06,0.01,0.05,0.39,0.04,0.01
84,0.05,0.35,0.05,0.01,0.05,0.29,0.03,0.01
85,0.05,0.25,0.05,0.01,0.04,0.29,0.03,0.01
86,0.04,0.35,0.05,0.01,0.04,0.29,0.03,0.01
87,0.04,0.25,0.04,0.01,0.04,0.29,0.02,0.01
88,0.04,0.18,0.04,0.01,0.03,0.2,0.02,0.01
89,0.03,0.25,0.03,0.0,0.03,0.29,0.02,0.01
90,0.03,0.25,0.03,0.01,0.03,0.29,0.02,0.01
91,0.03,0.25,0.03,0.0,0.03,0.29,0.02,0.01
92,0.03,0.35,0.03,0.0,0.02,0.2,0.02,0.01
93,0.03,0.25,0.03,0.0,0.02,0.2,0.02,0.01
94,0.02,0.35,0.03,0.0,0.02,0.39,0.02,0.01
95,0.02,0.35,0.02,0.0,0.03,0.29,0.01,0.01
96,0.03,0.25,0.02,0.0,0.02,0.29,0.01,0.01
97,0.02,0.35,0.02,0.0,0.02,0.2,0.01,0.01
98,0.02,0.35,0.02,0.0,0.02,0.2,0.01,0.01
99,0.02,0.35,0.02,0.0,0.02,0.2,0.01,0.01
100,0.02,0.25,0.02,0.0,0.02,0.29,0.01,0.0
101,0.01,0.25,0.02,0.0,0.02,0.29,0.01,0.0
102,0.02,0.25,0.02,0.0,0.02,0.29,0.01,0.01
103,0.01,0.35,0.02,0.0,0.02,0.29,0.01,0.0
104,0.02,0.45,0.02,0.0,0.02,0.29,0.01,0.0
105,0.02,0.35,0.02,0.0,0.02,0.29,0.01,0.0
106,0.02,0.35,0.02,0.0,0.02,0.29,0.01,0.0
107,0.02,0.25,0.02,0.0,0.02,0.2,0.0,0.0
108,0.01,0.25,0.02,0.0,0.01,0.2,0.0,0.0
109,0.01,0.25,0.01,0.0,0.01,0.2,0.0,0.0
110,0.01,0.18,0.01,0.0,0.01,0.1,0.0,0.0
111,0.01,0.08,0.0,0.0,0.01,0.1,0.0,0.0
112,0.01,0.0,0.01,0.0,0.01,0.0,0.0,0.0
113,0.01,0.08,0.0,0.0,0.01,0.0,0.0,0.0
114,0.01,0.18,0.0,0.0,0.0,0.1,0.0,0.0
115,0.01,0.08,0.0,0.0,0.01,0.1,0.0,0.0
116,0.01,0.08,0.0,0.0,0.01,0.1,0.0,0.0
117,0.01,0.18,0.0,0.0,0.01,0.2,0.0,0.0
118,0.01,0.18,0.0,0.0,0.0,0.2,0.0,0.0
119,0.01,0.25,0.0,0.0,0.01,0.2,0.0,0.0
120,0.01,0.25,0.01,0.0,0.01,0.2,0.0,0.0
121,0.01,0.35,0.0,0.0,0.01,0.2,0.0,0.0
122,0.01,0.25,0.01,0.0,0.01,0.29,0.0,0.0
123,0.01,0.25,0.01,0.0,0.01,0.2,0.0,0.0
124,0.01,0.18,0.0,0.0,0.01,0.2,0.0,0.0
125,0.01,0.25,0.0,0.0,0.01,0.1,0.0,0.0
126,0.01,0.08,0.0,0.0,0.01,0.1,0.0,0.0
127,0.01,0.18,0.0,0.0,0.0,0.2,0.0,0.0
128,0.01,0.18,0.0,0.0,0.01,0.1,0.0,0.0
129,0.01,0.18,0.0,0.0,0.0,0.1,0.0,0.0
130,0.01,0.25,0.0,0.0,0.0,0.2,0.0,0.0
131,0.01,0.18,0.0,0.0,0.01,0.2,0.0,0.0
132,0.01,0.25,0.0,0.0,0.0,0.29,0.0,0.0
133,0.01,0.25,0.0,0.0,0.01,0.2,0.0,0.0
134,0.0,0.25,0.0,0.0,0.01,0.2,0.0,0.0
135,0.01,0.18,0.0,0.0,0.0,0.2,0.0,0.0
136,0.0,0.18,0.0,0.0,0.01,0.1,0.0,0.0
137,0.01,0.25,0.0,0.0,0.01,0.29,0.0,0.0
138,0.01,0.25,0.0,0.0,0.01,0.2,0.0,0.0
139,0.01,0.25,0.0,0.0,0.01,0.29,0.0,0.0
140,0.01,0.25,0.0,0.0,0.01,0.29,0.0,0.0
141,0.01,0.35,0.0,0.0,0.0,0.29,0.0,0.0
142,0.01,0.18,0.0,0.0,0.01,0.2,0.0,0.0
143,0.01,0.18,0.0,0.0,0.01,0.2,0.0,0.0
144,0.01,0.18,0.0,0.0,0.0,0.1,0.0,0.0
145,0.01,0.18,0.0,0.0,0.0,0.2,0.0,0.0
146,0.01,0.25,0.0,0.0,0.01,0.1,0.0,0.0
147,0.02,0.18,0.01,0.0,0.01,0.2,0.0,0.0
148,0.01,0.18,0.01,0.0,0.01,0.1,0.01,0.0
149,0.02,0.08,0.01,0.0,0.01,0.2,0.0,0.0
150,0.02,0.18,0.0,0.0,0.01,0.1,0.0,0.0
151,0.02,0.25,0.01,0.0,0.01,0.2,0.0,0.0
152,0.02,0.25,0.01,0.0,0.01,0.2,0.01,0.0
153,0.03,0.25,0.01,0.0,0.01,0.2,0.0,0.0
154,0.02,0.18,0.01,0.0,0.01,0.2,0.01,0.0
155,0.02,0.08,0.02,0.0,0.02,0.1,0.02,0.0
156,0.03,0.08,0.02,0.0,0.02,0.2,0.03,0.0
157,0.06,0.08,0.06,0.0,0.07,0.2,0.09,0.0
158,0.1,0.08,0.11,0.01,0.12,0.0,0.15,0.01
159,0.1,0.0,0.11,0.01,0.12,0.0,0.15,0.01
160,0.16,0.08,0.17,0.01,0.19,0.1,0.22,0.02
161,0.2,0.08,0.21,0.02,0.22,0.1,0.25,0.02
162,0.27,0.08,0.28,0.03,0.29,0.1,0.31,0.02
163,0.29,0.08,0.29,0.03,0.3,0.0,0.33,0.03
164,0.36,0.08,0.36,0.04,0.37,0.1,0.39,0.04
165,0.41,0.08,0.41,0.05,0.41,0.2,0.43,0.05
166,0.43,0.08,0.42,0.05,0.43,0.1,0.44,0.05
167,0.48,0.08,0.47,0.06,0.48,0.2,0.5,0.06
168,0.52,0.08,0.51,0.07,0.51,0.1,0.53,0.07
169,0.53,0.18,0.51,0.07,0.52,0.0,0.53,0.07
170,0.59,0.18,0.58,0.09,0.57,0.2,0.59,0.08
171,0.6,0.25,0.58,0.1,0.59,0.2,0.6,0.09
172,0.63,0.08,0.62,0.11,0.61,0.2,0.63,0.1
173,0.66,0.18,0.64,0.12,0.65,0.29,0.65,0.11
174,0.67,0.08,0.65,0.12,0.66,0.29,0.65,0.11
175,0.7,0.18,0.68,0.14,0.68,0.29,0.68,0.13
176,0.7,0.18,0.7,0.15,0.7,0.29,0.7,0.14
177,0.74,0.35,0.73,0.17,0.73,0.39,0.73,0.15
178,0.74,0.25,0.73,0.17,0.73,0.39,0.73,0.15
179,0.77,0.25,0.76,0.19,0.76,0.39,0.75,0.17
180,0.78,0.25,0.77,0.19,0.76,0.5,0.76,0.17
181,0.8,0.25,0.79,0.22,0.78,0.39,0.78,0.19
182,0.81,0.25,0.8,0.23,0.79,0.5,0.8,0.2
183,0.82,0.25,0.81,0.24,0.79,0.5,0.8,0.21
184,0.82,0.18,0.81,0.25,0.81,0.5,0.81,0.22
185,0.84,0.18,0.83,0.27,0.82,0.5,0.82,0.24
186,0.84,0.08,0.83,0.27,0.82,0.5,0.82,0.24
187,0.85,0.18,0.85,0.29,0.83,0.39,0.84,0.26
188,0.86,0.18,0.85,0.3,0.84,0.39,0.84,0.27
189,0.86,0.25,0.85,0.31,0.84,0.39,0.85,0.28
190,0.88,0.25,0.87,0.33,0.86,0.5,0.87,0.29
191,0.89,0.25,0.87,0.34,0.86,0.5,0.87,0.3
192,0.89,0.35,0.89,0.36,0.87,0.59,0.88,0.32
193,0.89,0.35,0.89,0.37,0.87,0.59,0.88,0.33
194,0.9,0.25,0.9,0.38,0.88,0.59,0.88,0.34
195,0.89,0.35,0.9,0.39,0.89,0.5,0.89,0.35
196,0.91,0.35,0.9,0.41,0.89,0.5,0.89,0.36
197,0.91,0.25,0.9,0.41,0.88,0.5,0.89,0.37
198,0.9,0.18,0.91,0.43,0.89,0.39,0.9,0.38
199,0.91,0.18,0.91,0.44,0.89,0.5,0.9,0.39
200,0.91,0.18,0.91,0.45,0.89,0.59,0.9,0.4
201,0.91,0.25,0.91,0.46,0.9,0.59,0.91,0.41
202,0.91,0.18,0.91,0.47,0.9,0.39,0.91,0.42
203,0.92,0.18,0.91,0.48,0.9,0.5,0.91,0.43
204,0.91,0.25,0.91,0.49,0.9,0.59,0.92,0.44
205,0.92,0.25,0.92,0.5,0.91,0.59,0.92,0.44
206,0.92,0.25,0.93,0.51,0.91,0.5,0.92,0.45
207,0.92,0.25,0.93,0.52,0.91,0.59,0.92,0.46
208,0.92,0.25,0.92,0.53,0.92,0.59,0.92,0.47
209,0.92,0.35,0.93,0.54,0.92,0.69,0.92,0.48
210,0.91,0.25,0.93,0.55,0.92,0.59,0.92,0.49
211,0.92,0.35,0.93,0.55,0.92,0.5,0.92,0.5
212,0.91,0.35,0.93,0.57,0.91,0.59,0.93,0.51
213,0.92,0.18,0.93,0.57,0.92,0.5,0.92,0.52
214,0.92,0.25,0.93,0.58,0.91,0.59,0.92,0.52
215,0.92,0.08,0.93,0.59,0.91,0.5,0.92,0.53
216,0.91,0.18,0.92,0.6,0.91,0.5,0.93,0.54
217,0.92,0.18,0.93,0.6,0.91,0.39,0.93,0.55
218,0.92,0.18,0.93,0.61,0.91,0.5,0.94,0.55
219,0.92,0.18,0.93,0.62,0.92,0.5,0.94,0.56
220,0.92,0.18,0.93,0.62,0.92,0.5,0.94,0.56
221,0.92,0.25,0.93,0.62,0.92,0.59,0.94,0.57
222,0.92,0.18,0.93,0.63,0.92,0.39,0.93,0.57
223,0.92,0.18,0.93,0.64,0.94,0.5,0.94,0.58
224,0.93,0.18,0.94,0.65,0.94,0.5,0.95,0.59
225,0.93,0.25,0.94,0.65,0.94,0.5,0.95,0.6
226,0.94,0.25,0.94,0.66,0.94,0.5,0.95,0.6
227,0.95,0.25,0.94,0.66,0.94,0.59,0.95,0.6
228,0.93,0.35,0.95,0.67,0.94,0.5,0.95,0.61
229,0.95,0.35,0.95,0.67,0.96,0.59,0.95,0.62
230,0.95,0.35,0.95,0.68,0.95,0.59,0.95,0.62
231,0.95,0.35,0.95,0.68,0.95,0.59,0.95,0.63
232,0.95,0.35,0.95,0.69,0.94,0.59,0.95,0.63
233,0.95,0.25,0.95,0.69,0.94,0.59,0.95,0.64
234,0.94,0.25,0.95,0.69,0.96,0.59,0.95,0.64
235,0.93,0.25,0.95,0.7,0.95,0.59,0.95,0.64
236,0.95,0.25,0.95,0.7,0.95,0.5,0.95,0.65
237,0.95,0.25,0.95,0.71,0.95,0.5,0.95,0.66
238,0.95,0.35,0.95,0.71,0.96,0.5,0.95,0.66
239,0.95,0.25,0.95,0.71,0.95,0.5,0.96,0.67
240,0.95,0.25,0.95,0.71,0.95,0.5,0.95,0.67
241,0.95,0.25,0.95,0.72,0.95,0.5,0.95,0.67
242,0.94,0.25,0.95,0.72,0.95,0.5,0.95,0.68
243,0.94,0.18,0.95,0.73,0.95,0.5,0.95,0.68
244,0.94,0.25,0.95,0.73,0.95,0.5,0.95,0.69
245,0.95,0.18,0.96,0.74,0.95,0.39,0.95,0.69
246,0.95,0.25,0.95,0.74,0.95,0.59,0.95,0.69
247,0.94,0.25,0.95,0.74,0.95,0.59,0.95,0.7
248,0.93,0.25,0.95,0.74,0.95,0.5,0.95,0.7
249,0.94,0.18,0.95,0.74,0.95,0.5,0.95,0.7
250,0.94,0.18,0.95,0.75,0.95,0.5,0.95,0.71
251,0.93,0.08,0.95,0.75,0.95,0.39,0.95,0.71
252,0.92,0.08,0.95,0.75,0.95,0.5,0.95,0.71
253,0.94,0.18,0.95,0.76,0.95,0.59,0.95,0.72
254,0.94,0.25,0.95,0.76,0.95,0.5,0.96,0.72
255,0.94,0.08,0.95,0.76,0.95,0.5,0.95,0.72
256,0.94,0.25,0.95,0.77,0.96,0.59,0.95,0.73
257,0.94,0.25,0.95,0.77,0.95,0.59,0.96,0.73
258,0.95,0.35,0.95,0.77,0.96,0.5,0.97,0.73
259,0.94,0.35,0.96,0.77,0.96,0.69,0.96,0.73
260,0.95,0.25,0.96,0.78,0.95,0.59,0.96,0.74
261,0.95,0.35,0.96,0.78,0.96,0.59,0.97,0.74
262,0.94,0.35,0.96,0.78,0.96,0.59,0.96,0.74
263,0.95,0.35,0.96,0.78,0.96,0.69,0.97,0.74
264,0.95,0.35,0.96,0.79,0.96,0.59,0.96,0.75
265,0.96,0.35,0.96,0.79,0.96,0.59,0.97,0.75
266,0.95,0.35,0.96,0.79,0.97,0.59,0.97,0.75
267,0.96,0.45,0.96,0.79,0.97,0.59,0.97,0.76
268,0.96,0.35,0.96,0.79,0.96,0.59,0.97,0.76
269,0.96,0.25,0.96,0.79,0.96,0.69,0.97,0.76
270,0.96,0.35,0.96,0.79,0.96,0.59,0.97,0.76
271,0.96,0.35,0.96,0.8,0.96,0.59,0.96,0.76
272,0.96,0.35,0.96,0.8,0.96,0.59,0.96,0.77
273,0.95,0.08,0.96,0.8,0.96,0.59,0.97,0.77
274,0.94,0.18,0.95,0.8,0.96,0.39,0.96,0.77
275,0.94,0.08,0.95,0.8,0.95,0.39,0.95,0.77
276,0.94,0.08,0.95,0.81,0.95,0.39,0.96,0.78
277,0.94,0.08,0.95,0.81,0.95,0.39,0.96,0.78
278,0.94,0.08,0.95,0.81,0.96,0.5,0.96,0.78
279,0.94,0.08,0.95,0.81,0.95,0.39,0.96,0.78
280,0.94,0.08,0.95,0.81,0.96,0.39,0.95,0.78
281,0.94,0.08,0.95,0.81,0.95,0.39,0.96,0.79
282,0.93,0.08,0.95,0.82,0.95,0.39,0.96,0.79
283,0.93,0.0,0.95,0.82,0.95,0.39,0.95,0.79
284,0.93,0.08,0.95,0.82,0.95,0.39,0.95,0.79
285,0.93,0.08,0.95,0.82,0.95,0.39,0.95,0.79
286,0.94,0.08,0.95,0.82,0.95,0.29,0.96,0.79
287,0.93,0.0,0.95,0.82,0.95,0.39,0.95,0.8
288,0.93,0.08,0.94,0.82,0.95,0.29,0.95,0.8
289,0.93,0.08,0.95,0.82,0.95,0.39,0.96,0.8
290,0.93,0.08,0.95,0.82,0.95,0.5,0.96,0.8
291,0.93,0.08,0.95,0.83,0.95,0.39,0.96,0.8
292,0.94,0.18,0.95,0.83,0.95,0.5,0.95,0.81
293,0.94,0.18,0.95,0.83,0.96,0.5,0.96,0.81
294,0.94,0.18,0.95,0.83,0.96,0.39,0.96,0.81
295,0.93,0.08,0.95,0.83,0.96,0.5,0.96,0.81
296,0.94,0.08,0.95,0.83,0.95,0.5,0.96,0.81
297,0.94,0.25,0.95,0.83,0.94,0.5,0.96,0.81
298,0.94,0.25,0.95,0.84,0.95,0.39,0.96,0.82
299,0.94,0.25,0.95,0.84,0.95,0.5,0.96,0.82
300,0.94,0.18,0.95,0.84,0.96,0.5,0.96,0.82
301,0.94,0.25,0.95,0.84,0.96,0.5,0.96,0.82
302,0.94,0.25,0.96,0.84,0.95,0.5,0.96,0.82
303,0.94,0.25,0.95,0.84,0.96,0.59,0.96,0.82
304,0.94,0.35,0.96,0.84,0.96,0.69,0.97,0.83
305,0.94,0.25,0.96,0.85,0.96,0.59,0.97,0.83
306,0.94,0.25,0.96,0.84,0.96,0.59,0.97,0.83
307,0.94,0.25,0.96,0.85,0.96,0.5,0.96,0.83
308,0.94,0.25,0.96,0.85,0.96,0.59,0.96,0.83
309,0.95,0.35,0.96,0.85,0.97,0.59,0.97,0.83
310,0.96,0.35,0.96,0.85,0.96,0.59,0.97,0.83
311,0.95,0.45,0.96,0.85,0.96,0.59,0.97,0.83
312,0.96,0.35,0.98,0.86,0.97,0.59,0.97,0.84
313,0.96,0.25,0.96,0.86,0.96,0.59,0.97,0.84
314,0.95,0.35,0.96,0.86,0.96,0.59,0.97,0.84
315,0.96,0.35,0.96,0.86,0.97,0.59,0.98,0.84
316,0.96,0.35,0.96,0.86,0.96,0.59,0.98,0.84
317,0.95,0.35,0.96,0.86,0.96,0.59,0.97,0.84
318,0.95,0.25,0.96,0.86,0.96,0.5,0.97,0.85
319,0.95,0.25,0.96,0.86,0.96,0.59,0.96,0.85
320,0.95,0.25,0.96,0.86,0.97,0.5,0.97,0.85
321,0.95,0.25,0.96,0.86,0.97,0.59,0.97,0.85
322,0.95,0.25,0.96,0.87,0.97,0.5,0.97,0.85
323,0.95,0.25,0.96,0.87,0.96,0.5,0.97,0.85
324,0.95,0.25,0.96,0.87,0.96,0.5,0.96,0.85
325,0.95,0.25,0.96,0.87,0.95,0.39,0.97,0.85
326,0.95,0.25,0.96,0.87,0.96,0.59,0.97,0.85
327,0.95,0.35,0.96,0.87,0.96,0.5,0.97,0.85
328,0.95,0.25,0.96,0.87,0.96,0.5,0.97,0.86
329,0.94,0.25,0.96,0.87,0.96,0.5,0.97,0.86
330,0.96,0.45,0.96,0.87,0.96,0.59,0.97,0.86
331,0.95,0.45,0.96,0.87,0.97,0.59,0.98,0.86
332,0.96,0.35,0.97,0.87,0.97,0.59,0.98,0.86
333,0.95,0.45,0.96,0.87,0.97,0.59,0.98,0.86
334,0.96,0.35,0.97,0.87,0.96,0.59,0.97,0.86
335,0.96,0.45,0.96,0.88,0.97,0.59,0.98,0.86
336,0.96,0.45,0.97,0.88,0.97,0.59,0.98,0.87
337,0.96,0.45,0.97,0.88,0.97,0.59,0.97,0.87
338,0.96,0.35,0.97,0.88,0.97,0.59,0.97,0.87
339,0.96,0.35,0.98,0.88,0.97,0.69,0.98,0.87
340,0.97,0.45,0.97,0.88,0.97,0.59,0.98,0.87
341,0.97,0.35,0.97,0.88,0.97,0.59,0.98,0.87
342,0.96,0.35,0.97,0.88,0.97,0.59,0.97,0.87
343,0.96,0.35,0.96,0.88,0.97,0.5,0.98,0.87
344,0.96,0.25,0.96,0.88,0.97,0.59,0.98,0.87
345,0.95,0.25,0.97,0.88,0.96,0.59,0.97,0.87
346,0.96,0.35,0.96,0.88,0.96,0.59,0.98,0.87
347,0.97,0.35,0.96,0.89,0.96,0.5,0.98,0.88
348,0.96,0.35,0.97,0.89,0.97,0.59,0.98,0.88
349,0.96,0.35,0.97,0.89,0.97,0.59,0.98,0.88
350,0.96,0.25,0.96,0.89,0.96,0.59,0.98,0.88
351,0.95,0.25,0.96,0.89,0.96,0.5,0.97,0.88
352,0.95,0.25,0.96,0.89,0.96,0.39,0.96,0.88
353,0.95,0.18,0.95,0.89,0.96,0.5,0.97,0.88
354,0.95,0.18,0.96,0.89,0.96,0.39,0.97,0.88
355,0.95,0.18,0.95,0.89,0.96,0.5,0.97,0.88
356,0.95,0.18,0.95,0.89,0.96,0.39,0.97,0.88
357,0.96,0.18,0.96,0.89,0.96,0.5,0.97,0.88
358,0.96,0.25,0.96,0.89,0.96,0.39,0.97,0.88
359,0.96,0.25,0.96,0.89,0.96,0.39,0.98,0.88
360,0.96,0.25,0.96,0.89,0.96,0.39,0.98,0.88
361,0.95,0.18,0.96,0.89,0.96,0.59,0.98,0.89
362,0.96,0.25,0.96,0.89,0.97,0.5,0.97,0.89
363,0.97,0.35,0.97,0.89,0.97,0.5,0.98,0.89
364,0.96,0.25,0.96,0.89,0.97,0.5,0.98,0.89
365,0.97,0.25,0.97,0.9,0.97,0.39,0.98,0.89
366,0.96,0.18,0.96,0.9,0.96,0.39,0.98,0.89
367,0.96,0.25,0.96,0.9,0.96,0.5,0.97,0.89
368,0.97,0.25,0.97,0.9,0.97,0.5,0.98,0.89
369,0.97,0.25,0.96,0.9,0.97,0.5,0.98,0.89
370,0.96,0.25,0.97,0.9,0.97,0.5,0.98,0.89
371,0.97,0.25,0.98,0.9,0.97,0.5,0.98,0.89
372,0.97,0.35,0.97,0.9,0.97,0.5,0.98,0.89
373,0.97,0.35,0.98,0.9,0.98,0.59,0.98,0.9
374,0.97,0.35,0.97,0.9,0.98,0.5,0.98,0.9
375,0.97,0.35,0.97,0.9,0.97,0.5,0.98,0.9
376,0.96,0.25,0.98,0.9,0.97,0.59,0.98,0.9
377,0.96,0.25,0.98,0.9,0.98,0.5,0.98,0.9
378,0.96,0.25,0.97,0.9,0.97,0.59,0.98,0.9
379,0.96,0.35,0.98,0.91,0.97,0.5,0.98,0.9
380,0.96,0.25,0.96,0.91,0.97,0.5,0.98,0.9
381,0.96,0.35,0.97,0.91,0.97,0.59,0.98,0.9
382,0.96,0.25,0.97,0.91,0.97,0.59,0.98,0.9
383,0.96,0.35,0.97,0.91,0.97,0.59,0.98,0.9
384,0.96,0.35,0.97,0.91,0.97,0.59,0.98,0.9
385,0.96,0.35,0.97,0.91,0.97,0.59,0.98,0.9
386,0.95,0.35,0.98,0.91,0.98,0.59,0.98,0.91
387,0.96,0.35,0.98,0.91,0.97,0.59,0.98,0.91
388,0.96,0.35,0.97,0.91,0.97,0.59,0.98,0.91
389,0.96,0.45,0.97,0.91,0.97,0.69,0.98,0.91
390,0.96,0.45,0.98,0.91,0.97,0.69,0.98,0.91
391,0.96,0.45,0.98,0.91,0.98,0.59,0.98,0.91
392,0.96,0.45,0.98,0.91,0.97,0.59,0.98,0.91
393,0.96,0.45,0.98,0.91,0.97,0.59,0.98,0.91
394,0.96,0.53,0.98,0.92,0.97,0.59,0.98,0.91
395,0.96,0.53,0.98,0.92,0.98,0.59,0.98,0.91
396,0.96,0.53,0.98,0.92,0.98,0.59,0.98,0.91
397,0.96,0.45,0.97,0.92,0.97,0.59,0.98,0.91
398,0.96,0.45,0.98,0.92,0.97,0.59,0.98,0.91
399,0.96,0.45,0.96,0.92,0.97,0.69,0.98,0.91
400,0.95,0.45,0.97,0.92,0.97,0.5,0.98,0.91
401,0.95,0.45,0.96,0.92,0.97,0.59,0.98,0.91
402,0.95,0.35,0.96,0.92,0.96,0.5,0.97,0.91
403,0.95,0.35,0.96,0.92,0.96,0.5,0.97,0.91
404,0.95,0.35,0.96,0.92,0.96,0.39,0.98,0.91
405,0.95,0.35,0.96,0.92,0.96,0.5,0.97,0.91
406,0.95,0.35,0.96,0.92,0.96,0.59,0.98,0.91
407,0.95,0.25,0.96,0.92,0.96,0.39,0.97,0.92
408,0.95,0.25,0.96,0.92,0.96,0.5,0.97,0.92
409,0.95,0.35,0.96,0.92,0.96,0.5,0.97,0.92
410,0.94,0.35,0.96,0.92,0.96,0.5,0.97,0.92
411,0.94,0.25,0.96,0.92,0.96,0.5,0.97,0.92
412,0.94,0.25,0.95,0.92,0.96,0.39,0.97,0.92
413,0.93,0.25,0.95,0.92,0.96,0.39,0.97,0.92
414,0.94,0.18,0.95,0.92,0.96,0.39,0.96,0.92
415,0.94,0.18,0.95,0.92,0.96,0.29,0.96,0.92
416,0.94,0.18,0.95,0.92,0.96,0.39,0.96,0.92
417,0.94,0.08,0.95,0.92,0.96,0.39,0.97,0.92
418,0.94,0.25,0.95,0.92,0.96,0.29,0.96,0.92
419,0.94,0.18,0.95,0.92,0.95,0.39,0.96,0.92
420,0.94,0.18,0.95,0.92,0.95,0.39,0.96,0.92
421,0.94,0.18,0.95,0.92,0.96,0.39,0.96,0.92
422,0.95,0.18,0.95,0.93,0.96,0.39,0.97,0.92
423,0.95,0.25,0.96,0.93,0.96,0.5,0.97,0.92
424,0.95,0.35,0.96,0.93,0.96,0.5,0.97,0.92
425,0.95,0.25,0.96,0.93,0.96,0.39,0.98,0.92
426,0.95,0.35,0.96,0.93,0.96,0.5,0.98,0.92
427,0.96,0.35,0.96,0.93,0.96,0.59,0.97,0.92
428,0.95,0.35,0.96,0.93,0.96,0.59,0.97,0.92
429,0.95,0.45,0.97,0.93,0.97,0.59,0.98,0.93
430,0.95,0.45,0.96,0.93,0.97,0.59,0.98,0.93
431,0.95,0.45,0.97,0.93,0.97,0.59,0.98,0.93
432,0.96,0.45,0.96,0.93,0.96,0.59,0.98,0.93
433,0.95,0.35,0.97,0.93,0.96,0.69,0.98,0.93
434,0.95,0.53,0.96,0.93,0.97,0.59,0.97,0.93
435,0.95,0.45,0.96,0.93,0.96,0.59,0.98,0.93
436,0.95,0.35,0.96,0.93,0.96,0.59,0.97,0.93
437,0.95,0.45,0.96,0.94,0.96,0.59,0.97,0.93
438,0.95,0.45,0.96,0.94,0.96,0.59,0.98,0.93
439,0.95,0.53,0.96,0.94,0.96,0.59,0.98,0.93
440,0.95,0.53,0.97,0.94,0.97,0.59,0.98,0.93
441,0.95,0.45,0.96,0.94,0.97,0.69,0.98,0.93
442,0.95,0.45,0.96,0.94,0.97,0.69,0.98,0.93
443,0.95,0.73,0.97,0.94,0.96,0.59,0.98,0.93
444,0.96,0.53,0.97,0.94,0.96,0.59,0.98,0.93
445,0.96,0.53,0.97,0.94,0.97,0.69,0.98,0.94
446,0.96,0.45,0.96,0.94,0.97,0.59,0.98,0.94
447,0.96,0.45,0.96,0.94,0.97,0.59,0.98,0.94
448,0.96,0.45,0.97,0.94,0.97,0.59,0.98,0.94
449,0.97,0.53,0.98,0.94,0.97,0.59,0.98,0.94
450,0.97,0.53,0.98,0.94,0.97,0.59,0.98,0.94
451,0.96,0.53,0.98,0.94,0.98,0.69,0.98,0.94
452,0.96,0.53,0.97,0.94,0.97,0.69,0.98,0.94
453,0.96,0.45,0.97,0.94,0.97,0.59,0.98,0.94
454,0.96,0.45,0.97,0.94,0.97,0.59,0.98,0.94
455,0.96,0.45,0.96,0.94,0.97,0.59,0.98,0.94
456,0.96,0.45,0.97,0.94,0.97,0.59,0.98,0.94
457,0.96,0.45,0.97,0.95,0.97,0.59,0.98,0.94
458,0.96,0.53,0.97,0.94,0.97,0.69,0.98,0.94
459,0.96,0.53,0.97,0.95,0.98,0.5,0.98,0.94
460,0.96,0.53,0.98,0.95,0.98,0.69,0.98,0.94
461,0.96,0.45,0.97,0.95,0.97,0.59,0.98,0.94
462,0.97,0.73,0.97,0.95,0.98,0.69,0.98,0.94
463,0.96,0.53,0.98,0.95,0.98,0.59,0.98,0.94
464,0.96,0.53,0.97,0.95,0.97,0.69,0.98,0.94
465,0.97,0.63,0.98,0.95,0.98,0.8,0.98,0.94
466,0.96,0.53,0.98,0.95,0.97,0.69,0.98,0.94
467,0.96,0.53,0.98,0.95,0.98,0.69,0.98,0.94
468,0.96,0.53,0.97,0.95,0.97,0.8,0.98,0.94
469,0.96,0.63,0.98,0.95,0.97,0.69,0.98,0.94
470,0.96,0.63,0.98,0.95,0.97,0.8,0.98,0.94
471,0.96,0.63,0.98,0.95,0.97,0.8,0.98,0.95
472,0.96,0.63,0.98,0.95,0.97,0.8,0.98,0.95
473,0.97,0.63,0.98,0.95,0.97,0.69,0.98,0.95
474,0.97,0.63,0.98,0.95,0.98,0.8,0.98,0.95
475,0.97,0.63,0.98,0.95,0.98,0.69,0.98,0.95
476,0.97,0.63,0.98,0.95,0.98,0.8,0.98,0.95
477,0.97,0.63,0.98,0.95,0.98,0.69,0.98,0.95
478,0.98,0.73,0.99,0.95,0.98,0.8,0.99,0.95
479,0.99,0.63,0.99,0.96,0.99,0.89,0.99,0.95
480,0.99,0.8,0.99,0.95,0.99,0.8,1.0,0.95
481,0.98,0.8,1.0,0.96,0.99,0.8,1.0,0.95
482,0.98,0.73,0.99,0.96,0.99,0.89,0.99,0.95
483,0.98,0.73,0.99,0.96,0.99,0.89,0.99,0.95
484,0.98,0.63,0.99,0.96,0.99,0.8,0.98,0.95
485,0.98,0.63,0.99,0.96,0.98,0.69,0.99,0.95
486,0.97,0.53,0.98,0.95,0.98,0.69,0.98,0.95
487,0.97,0.63,0.98,0.95,0.98,0.69,0.98,0.95
488,0.98,0.63,0.98,0.96,0.97,0.69,0.98,0.95
489,0.98,0.63,0.98,0.96,0.98,0.69,0.99,0.95
490,0.98,0.63,0.98,0.96,0.98,0.69,0.99,0.95
491,0.98,0.63,0.99,0.96,0.99,0.8,0.98,0.95
492,0.98,0.63,0.98,0.96,0.99,0.69,0.99,0.95
493,0.98,0.63,0.99,0.96,0.99,0.59,0.98,0.95
494,0.97,0.63,0.99,0.96,0.99,0.69,0.99,0.95
495,0.99,0.63,0.99,0.96,0.98,0.69,0.98,0.95
496,0.98,0.73,0.99,0.96,0.99,0.8,0.99,0.96
497,0.99,0.73,0.99,0.96,0.99,0.8,0.99,0.95
498,0.98,0.63,0.99,0.96,0.99,0.69,0.99,0.95
499,0.97,0.63,0.99,0.96,0.99,0.8,0.99,0.95
500,0.98,0.63,0.99,0.96,0.99,0.8,0.99,0.95
501,0.98,0.73,0.99,0.96,0.99,0.8,0.99,0.96
502,0.98,0.8,0.99,0.96,0.99,0.8,1.0,0.96
503,0.97,0.73,0.99,0.96,0.99,0.8,0.99,0.95
504,0.98,0.8,0.98,0.96,0.98,0.89,0.99,0.96
505,0.97,0.73,0.99,0.96,0.98,0.8,0.99,0.96
506,0.97,0.73,0.99,0.96,0.99,0.8,0.99,0.96
507,0.97,0.8,0.99,0.96,0.99,0.69,0.99,0.96
508,0.97,0.73,0.99,0.96,0.98,0.89,0.99,0.96
509,0.97,0.73,0.99,0.96,0.99,0.8,0.99,0.96
510,0.97,0.73,0.99,0.96,0.99,0.8,0.99,0.96
511,0.98,0.8,0.99,0.96,0.98,0.89,0.99,0.96
512,0.99,0.73,0.99,0.96,0.99,0.8,0.99,0.96
513,0.98,0.8,0.99,0.96,0.99,0.8,0.99,0.96
514,0.99,0.8,0.99,0.96,0.99,0.8,0.99,0.96
515,0.98,0.8,0.99,0.97,0.99,0.8,0.99,0.96
516,0.98,0.8,0.99,0.97,0.99,0.8,1.0,0.96
517,0.98,0.8,0.99,0.97,0.99,0.89,0.99,0.96
518,0.97,0.8,0.99,0.97,0.99,0.89,0.99,0.96
519,0.98,0.8,0.99,0.97,0.99,0.8,0.99,0.96
520,0.99,0.8,0.99,0.97,0.99,0.8,0.98,0.96
521,0.99,0.8,0.99,0.97,0.99,0.8,0.99,0.96
522,0.99,0.8,0.99,0.97,0.99,0.89,0.99,0.96
523,0.99,0.8,1.0,0.97,0.99,0.8,0.99,0.96
524,0.99,0.8,0.99,0.97,0.99,0.89,0.99,0.96
525,0.99,0.8,0.99,0.97,0.99,0.8,0.99,0.96
526,0.98,0.73,0.99,0.97,0.99,0.8,1.0,0.96
527,0.98,0.73,0.99,0.97,0.98,0.8,0.99,0.96
528,0.97,0.73,0.99,0.97,0.98,0.8,0.98,0.96
529,0.97,0.63,0.99,0.97,0.98,0.59,0.99,0.96
530,0.98,0.73,0.98,0.97,0.98,0.8,0.99,0.96
531,0.98,0.73,0.99,0.97,0.98,0.8,0.99,0.96
532,0.98,0.73,0.98,0.97,0.97,0.69,0.99,0.96
533,0.99,0.8,0.99,0.97,0.98,0.8,0.99,0.96
534,0.99,0.9,0.99,0.97,0.99,0.89,1.0,0.97
535,0.99,0.9,0.99,0.97,0.99,0.89,0.99,0.96
536,0.99,0.9,0.99,0.97,0.99,0.89,1.0,0.97
537,0.99,0.8,0.99,0.97,0.99,1.0,1.0,0.97
538,1.0,0.9,1.0,0.97,0.99,0.89,1.0,0.97
539,1.0,0.9,0.99,0.97,0.99,0.89,1.0,0.97
540,0.99,0.9,1.0,0.97,0.99,0.89,1.0,0.97
541,0.99,0.9,1.0,0.97,0.99,1.0,1.0,0.97
542,0.99,0.9,0.99,0.97,0.99,0.89,1.0,0.97
543,0.99,0.8,0.99,0.97,0.99,0.89,1.0,0.97
544,0.98,0.9,0.99,0.97,0.99,0.89,1.0,0.97
545,0.99,0.9,1.0,0.97,0.99,1.0,1.0,0.97
546,0.99,0.9,0.99,0.97,0.99,0.89,1.0,0.97
547,0.99,0.8,0.99,0.97,0.99,0.89,1.0,0.97
548,0.99,0.8,1.0,0.97,0.99,0.8,1.0,0.97
549,0.99,0.8,0.99,0.97,0.99,0.89,1.0,0.97
550,0.99,0.8,0.99,0.97,0.99,0.8,1.0,0.97
551,0.99,0.8,0.99,0.97,0.99,1.0,1.0,0.97
552,0.99,1.0,0.99,0.97,1.0,0.8,1.0,0.97
553,1.0,0.8,1.0,0.97,1.0,0.8,1.0,0.97
554,0.98,0.8,1.0,0.97,0.99,0.89,1.0,0.97
555,0.99,0.8,1.0,0.97,0.99,1.0,1.0,0.97
556,0.99,0.73,0.99,0.97,0.99,0.89,1.0,0.97
557,0.97,0.8,0.99,0.97,0.99,0.8,1.0,0.97
558,0.97,0.73,0.98,0.97,0.98,0.8,0.99,0.97
559,0.97,0.63,0.98,0.97,0.98,0.69,0.99,0.97
560,0.97,0.63,0.98,0.97,0.98,0.8,0.98,0.97
561,0.97,0.63,0.98,0.97,0.98,0.8,0.98,0.97
562,0.96,0.63,0.98,0.97,0.98,0.69,0.98,0.97
563,0.96,0.53,0.98,0.97,0.97,0.69,0.98,0.97
564,0.97,0.63,0.98,0.97,0.97,0.69,0.98,0.97
565,0.97,0.53,0.97,0.97,0.97,0.8,0.98,0.97
566,0.97,0.53,0.97,0.97,0.97,0.59,0.98,0.97
567,0.96,0.45,0.97,0.97,0.97,0.59,0.98,0.97
568,0.96,0.45,0.97,0.97,0.96,0.59,0.98,0.97
569,0.95,0.45,0.96,0.97,0.97,0.5,0.98,0.97
570,0.96,0.45,0.97,0.97,0.96,0.59,0.98,0.97
571,0.97,0.45,0.96,0.97,0.97,0.59,0.98,0.97
572,0.97,0.45,0.97,0.97,0.97,0.59,0.98,0.97
573,0.97,0.45,0.97,0.97,0.97,0.5,0.98,0.97
574,0.96,0.45,0.96,0.97,0.97,0.59,0.98,0.97
575,0.96,0.45,0.97,0.97,0.97,0.5,0.98,0.97
576,0.96,0.45,0.97,0.97,0.97,0.59,0.98,0.97
577,0.96,0.45,0.96,0.97,0.97,0.5,0.98,0.97
578,0.95,0.35,0.96,0.97,0.96,0.5,0.98,0.97
579,0.96,0.35,0.96,0.97,0.97,0.5,0.98,0.97
580,0.94,0.25,0.96,0.97,0.96,0.5,0.98,0.97
581,0.95,0.25,0.95,0.97,0.96,0.39,0.98,0.97
582,0.95,0.25,0.95,0.97,0.96,0.39,0.98,0.97
583,0.94,0.25,0.95,0.97,0.96,0.39,0.97,0.97
584,0.95,0.25,0.96,0.97,0.96,0.5,0.97,0.97
585,0.94,0.25,0.96,0.97,0.96,0.5,0.97,0.97
586,0.93,0.25,0.95,0.97,0.96,0.39,0.97,0.97
587,0.93,0.25,0.95,0.97,0.96,0.39,0.97,0.97
588,0.94,0.25,0.95,0.97,0.96,0.5,0.97,0.97
589,0.93,0.25,0.95,0.97,0.95,0.5,0.97,0.97
590,0.94,0.25,0.95,0.97,0.96,0.39,0.98,0.97
591,0.95,0.25,0.96,0.97,0.96,0.39,0.98,0.97
592,0.95,0.35,0.96,0.97,0.96,0.5,0.98,0.97
593,0.95,0.35,0.96,0.98,0.96,0.5,0.98,0.97
594,0.95,0.35,0.96,0.97,0.96,0.5,0.98,0.97
595,0.94,0.35,0.96,0.97,0.96,0.5,0.98,0.97
596,0.94,0.35,0.96,0.97,0.97,0.59,0.98,0.97
597,0.95,0.45,0.96,0.98,0.97,0.59,0.98,0.97
598,0.94,0.35,0.96,0.98,0.96,0.5,0.98,0.97
599,0.95,0.35,0.96,0.98,0.96,0.59,0.98,0.97
