0,0.94,0.9,0.95,0.99,0.98,0.97,0.98,0.99
1,0.93,0.89,0.95,0.99,0.98,0.94,0.97,0.99
2,0.92,0.88,0.94,0.99,0.97,0.96,0.97,0.99
3,0.92,0.89,0.94,0.98,0.97,0.96,0.96,0.99
4,0.93,0.89,0.94,0.98,0.98,0.96,0.97,0.99
5,0.93,0.89,0.95,0.99,0.97,0.96,0.97,0.99
6,0.93,0.89,0.94,0.98,0.97,0.94,0.96,0.99
7,0.94,0.92,0.95,0.99,0.98,0.96,0.97,1.0
8,0.95,0.93,0.96,0.99,0.98,0.96,0.98,1.0
9,0.96,0.95,0.97,0.99,0.98,0.97,0.98,1.0
10,0.98,1.0,0.99,0.99,0.99,0.99,0.99,1.0
11,0.98,1.0,1.0,1.0,1.0,1.0,0.99,1.0
12,0.98,0.99,1.0,1.0,0.99,1.0,0.99,1.0
13,0.98,1.0,1.0,1.0,0.99,1.0,1.0,1.0
14,0.98,0.96,0.98,0.99,0.99,0.98,0.99,1.0
15,0.97,0.95,0.98,0.99,0.98,0.98,0.99,1.0
16,0.98,0.96,0.98,0.99,0.98,0.98,0.99,1.0
17,0.98,0.96,0.99,0.99,0.99,0.98,0.99,1.0
18,0.98,0.97,0.99,1.0,0.99,0.99,0.99,1.0
19,0.97,0.95,0.98,0.99,0.98,0.98,0.98,1.0
20,0.97,0.93,0.98,0.99,0.98,0.97,0.99,1.0
21,0.97,0.94,0.98,0.99,0.98,0.97,0.99,1.0
22,0.98,0.96,0.99,1.0,0.98,0.98,0.99,1.0
23,0.98,0.97,0.99,0.99,0.99,0.98,0.99,1.0
24,0.98,0.95,0.99,1.0,0.99,0.98,0.99,1.0
25,0.98,0.95,0.99,0.99,0.99,0.99,0.99,1.0
26,0.98,0.94,0.98,0.99,0.99,0.98,0.99,1.0
27,0.98,0.95,0.98,0.99,0.99,0.98,0.99,1.0
28,0.98,0.94,0.99,0.99,0.99,0.98,0.99,1.0
29,0.98,0.94,0.98,0.99,0.99,0.97,0.99,1.0
30,0.97,0.93,0.98,0.99,0.99,0.97,0.98,1.0
31,0.97,0.93,0.97,0.99,0.99,0.97,0.99,1.0
32,0.96,0.91,0.97,0.99,0.98,0.97,0.98,1.0
33,0.96,0.91,0.97,0.99,0.98,0.97,0.98,1.0
34,0.96,0.91,0.97,0.99,0.98,0.97,0.98,0.99
35,0.96,0.92,0.97,0.99,0.98,0.97,0.98,0.99
36,0.96,0.91,0.97,0.99,0.98,0.97,0.98,1.0
37,0.97,0.93,0.98,0.99,0.98,0.97,0.98,0.99
38,0.98,0.96,0.99,0.99,0.99,0.98,0.99,1.0
39,0.97,0.95,0.98,0.99,0.99,0.98,0.99,1.0
40,0.98,0.95,0.98,0.99,1.0,0.98,0.99,1.0
41,0.97,0.96,0.98,1.0,0.99,0.98,0.99,1.0
42,0.97,0.96,0.98,0.99,0.99,0.98,0.99,1.0
43,0.96,0.95,0.98,0.99,0.98,0.98,0.99,1.0
44,0.97,0.95,0.98,0.99,0.99,0.98,0.99,1.0
45,0.97,0.95,0.98,0.99,0.99,0.98,0.99,1.0
46,0.98,0.96,0.99,1.0,0.99,0.99,0.99,1.0
47,0.97,0.97,0.98,1.0,0.99,0.99,0.99,1.0
48,0.97,0.96,0.98,1.0,0.99,0.97,0.99,1.0
49,0.98,0.98,0.99,1.0,0.99,0.99,0.99,1.0
50,0.98,0.96,0.99,1.0,0.99,0.99,0.99,1.0
51,0.98,0.97,0.99,1.0,0.99,0.98,0.99,1.0
52,0.98,0.97,0.99,1.0,1.0,0.99,0.98,1.0
53,0.98,0.96,0.99,0.99,1.0,0.99,0.98,1.0
54,0.98,0.94,0.99,0.99,1.0,0.98,0.98,1.0
55,1.0,0.93,0.99,0.99,1.0,0.97,0.98,1.0
56,0.95,0.91,0.93,0.98,0.96,0.96,0.82,0.98
57,0.84,0.84,0.75,0.95,0.83,0.9,0.58,0.95
58,0.75,0.79,0.64,0.92,0.73,0.84,0.47,0.93
59,0.6,0.71,0.5,0.86,0.55,0.72,0.34,0.89
60,0.42,0.56,0.36,0.73,0.35,0.56,0.24,0.79
61,0.37,0.52,0.31,0.66,0.29,0.49,0.21,0.74
62,0.32,0.47,0.27,0.59,0.26,0.44,0.19,0.69
63,0.27,0.43,0.24,0.51,0.23,0.38,0.16,0.63
64,0.23,0.36,0.21,0.41,0.19,0.31,0.14,0.55
65,0.21,0.35,0.19,0.36,0.17,0.29,0.12,0.51
66,0.16,0.27,0.16,0.29,0.14,0.24,0.1,0.44
67,0.16,0.28,0.16,0.28,0.14,0.23,0.1,0.43
68,0.14,0.26,0.14,0.25,0.12,0.21,0.09,0.39
69,0.13,0.24,0.13,0.21,0.11,0.19,0.08,0.35
70,0.12,0.23,0.12,0.18,0.1,0.16,0.07,0.32
71,0.11,0.21,0.11,0.15,0.09,0.15,0.07,0.29
72,0.09,0.2,0.1,0.13,0.08,0.14,0.06,0.26
73,0.09,0.18,0.09,0.12,0.08,0.12,0.05,0.24
74,0.07,0.16,0.08,0.1,0.07,0.12,0.04,0.21
75,0.07,0.16,0.07,0.09,0.07,0.11,0.04,0.2
76,0.07,0.16,0.07,0.08,0.06,0.1,0.04,0.18
77,0.06,0.14,0.06,0.07,0.05,0.09,0.04,0.16
78,0.05,0.11,0.05,0.06,0.04,0.08,0.03,0.15
79,0.05,0.12,0.05,0.06,0.04,0.07,0.03,0.14
80,0.04,0.1,0.04,0.05,0.04,0.07,0.02,0.12
81,0.03,0.07,0.04,0.04,0.03,0.06,0.02,0.11
82,0.04,0.09,0.04,0.04,0.03,0.05,0.02,0.11
83,0.03,0.08,0.04,0.04,0.03,0.06,0.02,0.1
84,0.03,0.08,0.04,0.03,0.03,0.06,0.02,0.09
85,0.03,0.08,0.03,0.03,0.03,0.05,0.02,0.08
86,0.03,0.08,0.03,0.03,0.03,0.05,0.02,0.08
87,0.04,0.09,0.03,0.03,0.03,0.04,0.02,0.07
88,0.03,0.08,0.03,0.02,0.03,0.04,0.02,0.07
89,0.03,0.08,0.03,0.02,0.02,0.03,0.02,0.06
90,0.03,0.07,0.03,0.02,0.02,0.03,0.02,0.06
91,0.02,0.06,0.02,0.02,0.02,0.03,0.01,0.05
92,0.02,0.06,0.02,0.02,0.02,0.03,0.01,0.05
93,0.02,0.05,0.02,0.02,0.02,0.03,0.01,0.04
94,0.02,0.06,0.02,0.01,0.02,0.03,0.01,0.04
95,0.02,0.05,0.02,0.01,0.02,0.02,0.01,0.04
96,0.02,0.06,0.02,0.01,0.02,0.03,0.01,0.04
97,0.02,0.06,0.02,0.01,0.02,0.04,0.02,0.04
98,0.02,0.07,0.02,0.01,0.02,0.03,0.01,0.03
99,0.02,0.07,0.02,0.01,0.02,0.03,0.01,0.03
100,0.02,0.07,0.02,0.01,0.02,0.03,0.01,0.03
101,0.02,0.07,0.02,0.01,0.02,0.03,0.01,0.03
102,0.02,0.06,0.02,0.01,0.02,0.03,0.01,0.03
103,0.02,0.06,0.02,0.01,0.02,0.03,0.01,0.02
104,0.02,0.06,0.02,0.01,0.02,0.03,0.01,0.02
105,0.02,0.06,0.02,0.01,0.02,0.03,0.02,0.02
106,0.02,0.07,0.02,0.01,0.02,0.03,0.01,0.02
107,0.02,0.06,0.02,0.01,0.02,0.03,0.01,0.02
108,0.02,0.07,0.02,0.01,0.02,0.02,0.01,0.02
109,0.02,0.06,0.02,0.01,0.02,0.02,0.01,0.02
110,0.02,0.06,0.02,0.01,0.02,0.02,0.01,0.02
111,0.02,0.05,0.02,0.01,0.01,0.02,0.01,0.02
112,0.02,0.05,0.02,0.01,0.01,0.02,0.01,0.02
113,0.01,0.04,0.01,0.01,0.01,0.02,0.01,0.01
114,0.01,0.05,0.01,0.01,0.01,0.02,0.0,0.01
115,0.01,0.04,0.01,0.01,0.01,0.02,0.0,0.01
116,0.01,0.04,0.01,0.01,0.01,0.02,0.0,0.01
117,0.01,0.04,0.01,0.01,0.01,0.02,0.0,0.01
118,0.01,0.03,0.01,0.01,0.01,0.01,0.0,0.01
119,0.01,0.03,0.01,0.01,0.01,0.02,0.0,0.01
120,0.01,0.03,0.01,0.01,0.01,0.02,0.0,0.01
121,0.01,0.03,0.01,0.0,0.01,0.01,0.0,0.01
122,0.01,0.03,0.01,0.01,0.01,0.01,0.0,0.01
123,0.01,0.03,0.01,0.0,0.01,0.02,0.0,0.01
124,0.01,0.04,0.01,0.01,0.01,0.02,0.0,0.01
125,0.01,0.02,0.01,0.0,0.01,0.02,0.0,0.01
126,0.01,0.03,0.01,0.0,0.01,0.01,0.0,0.01
127,0.01,0.02,0.01,0.0,0.01,0.01,0.0,0.01
128,0.0,0.02,0.01,0.0,0.01,0.01,0.0,0.01
129,0.0,0.02,0.01,0.0,0.01,0.01,0.0,0.01
130,0.0,0.02,0.01,0.0,0.01,0.01,0.0,0.01
131,0.01,0.02,0.01,0.0,0.01,0.01,0.0,0.0
132,0.01,0.02,0.0,0.0,0.01,0.01,0.0,0.01
133,0.0,0.01,0.0,0.0,0.01,0.0,0.0,0.0
134,0.0,0.0,0.0,0.0,0.01,0.0,0.0,0.0
135,0.0,0.0,0.0,0.0,0.01,0.0,0.0,0.0
136,0.0,0.02,0.0,0.0,0.0,0.0,0.0,0.01
137,0.0,0.02,0.0,0.0,0.0,0.01,0.0,0.0
138,0.0,0.03,0.01,0.0,0.01,0.0,0.0,0.0
139,0.0,0.03,0.0,0.0,0.01,0.01,0.0,0.0
140,0.0,0.04,0.01,0.0,0.0,0.01,0.0,0.0
141,0.0,0.03,0.01,0.0,0.0,0.01,0.0,0.0
142,0.0,0.02,0.01,0.0,0.0,0.01,0.0,0.01
143,0.0,0.02,0.0,0.0,0.01,0.01,0.0,0.0
144,0.0,0.02,0.0,0.0,0.0,0.0,0.0,0.0
145,0.0,0.02,0.0,0.0,0.0,0.01,0.0,0.0
146,0.0,0.02,0.0,0.0,0.0,0.01,0.0,0.0
147,0.0,0.02,0.0,0.0,0.0,0.01,0.0,0.0
148,0.0,0.02,0.01,0.0,0.0,0.01,0.0,0.0
149,0.0,0.03,0.01,0.0,0.0,0.01,0.0,0.0
150,0.0,0.03,0.0,0.0,0.0,0.01,0.0,0.0
151,0.0,0.02,0.0,0.0,0.0,0.0,0.0,0.0
152,0.0,0.02,0.01,0.0,0.01,0.01,0.0,0.0
153,0.0,0.02,0.01,0.0,0.0,0.0,0.0,0.0
154,0.0,0.02,0.01,0.0,0.0,0.0,0.0,0.0
155,0.0,0.01,0.0,0.0,0.0,0.01,0.01,0.0
156,0.01,0.03,0.02,0.0,0.01,0.0,0.03,0.0
157,0.05,0.04,0.06,0.01,0.05,0.02,0.08,0.01
158,0.08,0.07,0.09,0.01,0.08,0.04,0.12,0.01
159,0.1,0.08,0.1,0.02,0.11,0.05,0.14,0.01
160,0.13,0.11,0.14,0.02,0.14,0.08,0.17,0.02
161,0.17,0.13,0.18,0.03,0.17,0.09,0.21,0.03
162,0.24,0.2,0.24,0.05,0.23,0.15,0.27,0.04
163,0.28,0.25,0.28,0.06,0.28,0.19,0.31,0.05
164,0.33,0.28,0.33,0.08,0.32,0.23,0.36,0.06
165,0.37,0.32,0.37,0.1,0.36,0.27,0.4,0.08
166,0.4,0.35,0.39,0.1,0.38,0.29,0.41,0.08
167,0.42,0.37,0.41,0.11,0.4,0.32,0.43,0.09
168,0.47,0.42,0.47,0.14,0.45,0.38,0.49,0.12
169,0.51,0.45,0.5,0.16,0.48,0.41,0.52,0.13
170,0.54,0.5,0.53,0.18,0.51,0.44,0.55,0.15
171,0.56,0.5,0.55,0.2,0.53,0.46,0.56,0.16
172,0.59,0.54,0.58,0.22,0.57,0.5,0.59,0.18
173,0.61,0.55,0.6,0.23,0.58,0.51,0.61,0.19
174,0.63,0.58,0.62,0.26,0.61,0.55,0.63,0.21
175,0.65,0.61,0.64,0.27,0.62,0.57,0.65,0.22
176,0.67,0.62,0.66,0.29,0.64,0.59,0.66,0.23
177,0.68,0.63,0.67,0.31,0.66,0.6,0.68,0.25
178,0.69,0.64,0.69,0.34,0.67,0.63,0.7,0.27
179,0.7,0.65,0.7,0.35,0.69,0.64,0.71,0.28
180,0.71,0.66,0.71,0.37,0.71,0.65,0.72,0.3
181,0.73,0.66,0.73,0.4,0.72,0.67,0.74,0.32
182,0.74,0.66,0.74,0.42,0.73,0.69,0.75,0.34
183,0.75,0.68,0.75,0.44,0.74,0.71,0.76,0.35
184,0.77,0.69,0.77,0.46,0.76,0.72,0.78,0.37
185,0.77,0.71,0.77,0.47,0.77,0.74,0.78,0.38
186,0.79,0.73,0.79,0.5,0.78,0.75,0.8,0.4
187,0.8,0.73,0.8,0.52,0.79,0.76,0.8,0.42
188,0.81,0.74,0.81,0.53,0.8,0.77,0.81,0.43
189,0.82,0.75,0.82,0.55,0.81,0.78,0.82,0.45
190,0.83,0.76,0.83,0.57,0.82,0.78,0.84,0.46
191,0.84,0.77,0.83,0.57,0.82,0.8,0.84,0.47
192,0.84,0.78,0.84,0.59,0.83,0.8,0.85,0.48
193,0.85,0.8,0.85,0.62,0.85,0.81,0.86,0.5
194,0.86,0.8,0.85,0.62,0.85,0.82,0.86,0.51
195,0.85,0.79,0.85,0.64,0.85,0.83,0.86,0.53
196,0.85,0.79,0.86,0.65,0.86,0.83,0.87,0.53
197,0.86,0.8,0.87,0.67,0.86,0.85,0.87,0.55
198,0.86,0.8,0.87,0.67,0.86,0.85,0.87,0.55
199,0.87,0.81,0.88,0.69,0.87,0.86,0.88,0.58
200,0.87,0.82,0.88,0.7,0.88,0.86,0.89,0.59
201,0.88,0.82,0.89,0.71,0.88,0.86,0.89,0.59
202,0.87,0.83,0.89,0.72,0.89,0.87,0.89,0.6
203,0.88,0.85,0.9,0.73,0.89,0.87,0.9,0.62
204,0.88,0.84,0.89,0.74,0.89,0.87,0.9,0.63
205,0.89,0.83,0.9,0.75,0.9,0.88,0.9,0.63
206,0.88,0.84,0.9,0.76,0.9,0.88,0.9,0.64
207,0.89,0.84,0.9,0.77,0.9,0.89,0.9,0.65
208,0.89,0.85,0.9,0.78,0.9,0.88,0.9,0.67
209,0.89,0.84,0.9,0.78,0.9,0.88,0.9,0.67
210,0.89,0.82,0.9,0.79,0.9,0.88,0.9,0.68
211,0.89,0.85,0.9,0.8,0.9,0.89,0.9,0.69
212,0.89,0.84,0.91,0.8,0.9,0.9,0.91,0.69
213,0.89,0.84,0.91,0.81,0.91,0.89,0.91,0.7
214,0.89,0.84,0.91,0.82,0.91,0.89,0.91,0.71
215,0.9,0.84,0.91,0.82,0.91,0.9,0.91,0.72
216,0.89,0.84,0.91,0.83,0.91,0.9,0.91,0.72
217,0.91,0.86,0.92,0.84,0.92,0.9,0.92,0.73
218,0.92,0.87,0.92,0.84,0.92,0.9,0.92,0.74
219,0.9,0.85,0.91,0.85,0.93,0.9,0.92,0.75
220,0.9,0.85,0.91,0.85,0.92,0.9,0.92,0.75
221,0.91,0.86,0.92,0.85,0.93,0.91,0.93,0.76
222,0.92,0.88,0.93,0.86,0.93,0.9,0.93,0.76
223,0.92,0.88,0.93,0.86,0.93,0.91,0.93,0.76
224,0.93,0.9,0.94,0.87,0.93,0.92,0.93,0.78
225,0.93,0.89,0.94,0.87,0.93,0.92,0.94,0.78
226,0.93,0.88,0.94,0.87,0.93,0.92,0.94,0.79
227,0.92,0.88,0.93,0.88,0.93,0.91,0.94,0.79
228,0.92,0.86,0.93,0.88,0.93,0.91,0.94,0.79
229,0.91,0.86,0.93,0.88,0.93,0.91,0.93,0.8
230,0.92,0.86,0.93,0.89,0.93,0.91,0.93,0.8
231,0.92,0.87,0.93,0.89,0.93,0.91,0.93,0.81
232,0.92,0.86,0.93,0.89,0.93,0.91,0.94,0.81
233,0.93,0.87,0.93,0.89,0.93,0.91,0.93,0.81
234,0.92,0.86,0.93,0.9,0.93,0.9,0.94,0.82
235,0.92,0.86,0.93,0.9,0.93,0.92,0.94,0.82
236,0.93,0.88,0.94,0.9,0.94,0.93,0.94,0.83
237,0.94,0.89,0.94,0.9,0.94,0.93,0.94,0.83
238,0.95,0.92,0.96,0.91,0.95,0.94,0.95,0.84
239,0.95,0.92,0.96,0.91,0.96,0.94,0.95,0.84
240,0.95,0.91,0.95,0.91,0.95,0.94,0.95,0.84
241,0.94,0.9,0.95,0.91,0.95,0.93,0.95,0.84
242,0.95,0.91,0.96,0.92,0.95,0.94,0.95,0.85
243,0.95,0.92,0.96,0.92,0.96,0.94,0.96,0.85
244,0.95,0.92,0.96,0.92,0.96,0.94,0.96,0.85
245,0.95,0.92,0.96,0.92,0.96,0.94,0.96,0.86
246,0.95,0.91,0.96,0.92,0.96,0.94,0.95,0.86
247,0.95,0.91,0.95,0.93,0.96,0.94,0.96,0.87
248,0.95,0.9,0.95,0.93,0.95,0.94,0.95,0.87
249,0.94,0.9,0.95,0.93,0.95,0.94,0.94,0.87
250,0.94,0.9,0.95,0.93,0.95,0.93,0.95,0.87
251,0.93,0.89,0.94,0.93,0.94,0.93,0.95,0.87
252,0.92,0.87,0.93,0.93,0.94,0.91,0.94,0.87
253,0.92,0.87,0.93,0.93,0.94,0.91,0.94,0.88
254,0.92,0.86,0.93,0.93,0.93,0.93,0.94,0.88
255,0.91,0.85,0.92,0.93,0.93,0.91,0.94,0.88
256,0.91,0.86,0.92,0.93,0.93,0.91,0.93,0.88
257,0.91,0.86,0.92,0.93,0.94,0.92,0.94,0.88
258,0.91,0.85,0.92,0.93,0.93,0.91,0.94,0.89
259,0.91,0.86,0.92,0.93,0.93,0.91,0.94,0.89
260,0.91,0.85,0.92,0.93,0.94,0.92,0.94,0.89
261,0.91,0.85,0.92,0.93,0.93,0.9,0.94,0.89
262,0.92,0.86,0.92,0.94,0.93,0.91,0.94,0.89
263,0.92,0.88,0.93,0.94,0.94,0.93,0.95,0.9
264,0.93,0.9,0.94,0.94,0.94,0.94,0.95,0.9
265,0.92,0.89,0.94,0.94,0.94,0.94,0.94,0.9
266,0.93,0.89,0.94,0.94,0.95,0.93,0.95,0.9
267,0.92,0.91,0.94,0.95,0.95,0.93,0.96,0.9
268,0.92,0.89,0.94,0.95,0.94,0.94,0.94,0.91
269,0.91,0.88,0.93,0.94,0.94,0.92,0.94,0.91
270,0.9,0.86,0.92,0.94,0.93,0.92,0.93,0.91
271,0.9,0.86,0.92,0.94,0.93,0.92,0.94,0.91
272,0.9,0.85,0.91,0.94,0.93,0.92,0.93,0.91
273,0.9,0.85,0.92,0.94,0.93,0.92,0.93,0.91
274,0.9,0.84,0.92,0.95,0.93,0.91,0.93,0.91
275,0.9,0.85,0.92,0.94,0.93,0.91,0.94,0.91
276,0.9,0.85,0.92,0.95,0.93,0.92,0.93,0.91
277,0.9,0.85,0.92,0.94,0.93,0.91,0.93,0.91
278,0.9,0.86,0.92,0.94,0.93,0.92,0.94,0.91
279,0.91,0.86,0.93,0.95,0.94,0.91,0.94,0.92
280,0.92,0.87,0.93,0.95,0.93,0.93,0.94,0.92
281,0.92,0.86,0.92,0.95,0.94,0.92,0.94,0.92
282,0.91,0.86,0.92,0.95,0.93,0.92,0.94,0.92
283,0.91,0.85,0.92,0.95,0.93,0.91,0.94,0.92
284,0.91,0.85,0.92,0.95,0.93,0.91,0.93,0.92
285,0.92,0.86,0.92,0.95,0.94,0.92,0.94,0.93
286,0.92,0.87,0.93,0.95,0.95,0.93,0.94,0.93
287,0.93,0.88,0.94,0.95,0.95,0.93,0.95,0.93
288,0.94,0.9,0.95,0.96,0.96,0.95,0.96,0.93
289,0.94,0.9,0.95,0.96,0.96,0.94,0.96,0.93
290,0.95,0.92,0.96,0.96,0.96,0.95,0.96,0.94
291,0.95,0.93,0.95,0.96,0.96,0.95,0.96,0.94
292,0.94,0.92,0.95,0.96,0.96,0.95,0.96,0.94
293,0.94,0.91,0.95,0.96,0.96,0.95,0.96,0.94
294,0.94,0.91,0.95,0.96,0.95,0.94,0.95,0.94
295,0.94,0.9,0.95,0.96,0.96,0.94,0.96,0.94
296,0.93,0.89,0.95,0.96,0.95,0.94,0.95,0.94
297,0.92,0.89,0.94,0.96,0.96,0.94,0.95,0.94
298,0.93,0.9,0.94,0.96,0.95,0.94,0.95,0.94
299,0.94,0.9,0.95,0.96,0.96,0.95,0.96,0.94
300,0.93,0.9,0.95,0.96,0.95,0.94,0.95,0.94
301,0.93,0.89,0.95,0.96,0.95,0.94,0.95,0.95
302,0.92,0.88,0.93,0.96,0.94,0.93,0.94,0.94
303,0.92,0.87,0.93,0.96,0.94,0.93,0.94,0.94
304,0.92,0.87,0.93,0.96,0.93,0.93,0.95,0.95
305,0.92,0.87,0.93,0.96,0.94,0.93,0.94,0.95
306,0.92,0.86,0.93,0.96,0.95,0.93,0.94,0.95
307,0.92,0.86,0.93,0.96,0.94,0.91,0.94,0.95
308,0.92,0.86,0.93,0.96,0.94,0.92,0.94,0.95
309,0.92,0.86,0.93,0.96,0.94,0.92,0.94,0.95
310,0.92,0.86,0.93,0.96,0.94,0.92,0.94,0.95
311,0.92,0.85,0.93,0.96,0.94,0.92,0.94,0.95
312,0.92,0.85,0.93,0.96,0.94,0.91,0.94,0.95
313,0.92,0.85,0.93,0.96,0.94,0.92,0.94,0.95
314,0.92,0.85,0.93,0.96,0.94,0.92,0.94,0.95
315,0.92,0.86,0.93,0.96,0.94,0.92,0.94,0.95
316,0.92,0.84,0.93,0.96,0.94,0.91,0.94,0.95
317,0.92,0.85,0.92,0.96,0.94,0.9,0.94,0.95
318,0.92,0.84,0.93,0.96,0.94,0.91,0.94,0.95
319,0.92,0.84,0.92,0.96,0.95,0.92,0.95,0.95
320,0.92,0.85,0.93,0.96,0.95,0.91,0.94,0.95
321,0.92,0.84,0.93,0.96,0.95,0.92,0.95,0.95
322,0.92,0.84,0.93,0.96,0.95,0.92,0.94,0.95
323,0.92,0.85,0.93,0.96,0.94,0.92,0.94,0.95
324,0.91,0.84,0.93,0.96,0.94,0.92,0.95,0.95
325,0.91,0.84,0.92,0.96,0.94,0.91,0.94,0.95
326,0.9,0.83,0.92,0.96,0.94,0.91,0.94,0.95
327,0.9,0.84,0.92,0.96,0.94,0.91,0.94,0.95
328,0.9,0.84,0.92,0.96,0.93,0.91,0.94,0.95
329,0.9,0.84,0.92,0.96,0.94,0.92,0.94,0.95
330,0.89,0.83,0.92,0.96,0.94,0.91,0.94,0.95
331,0.89,0.83,0.92,0.96,0.94,0.9,0.94,0.95
332,0.89,0.83,0.92,0.96,0.93,0.92,0.94,0.95
333,0.9,0.83,0.92,0.96,0.94,0.92,0.93,0.95
334,0.91,0.84,0.92,0.96,0.94,0.91,0.94,0.96
335,0.91,0.85,0.92,0.96,0.94,0.93,0.94,0.96
336,0.91,0.85,0.92,0.96,0.94,0.92,0.94,0.96
337,0.91,0.86,0.93,0.96,0.94,0.92,0.94,0.96
338,0.91,0.85,0.93,0.96,0.94,0.93,0.94,0.96
339,0.92,0.87,0.93,0.97,0.94,0.93,0.95,0.96
340,0.92,0.87,0.93,0.97,0.96,0.94,0.95,0.96
341,0.92,0.89,0.94,0.97,0.96,0.94,0.95,0.96
342,0.93,0.91,0.95,0.97,0.96,0.94,0.96,0.96
343,0.94,0.92,0.95,0.97,0.96,0.95,0.96,0.97
344,0.95,0.92,0.96,0.97,0.96,0.96,0.96,0.97
345,0.95,0.92,0.96,0.97,0.96,0.95,0.96,0.97
346,0.95,0.91,0.96,0.97,0.97,0.96,0.96,0.97
347,0.95,0.93,0.97,0.98,0.97,0.97,0.97,0.97
348,0.95,0.93,0.97,0.98,0.97,0.96,0.97,0.97
349,0.95,0.91,0.95,0.97,0.96,0.95,0.96,0.97
350,0.95,0.91,0.95,0.97,0.97,0.94,0.96,0.97
351,0.96,0.93,0.96,0.98,0.98,0.96,0.98,0.97
352,0.96,0.93,0.97,0.98,0.98,0.97,0.98,0.97
353,0.97,0.94,0.97,0.98,0.98,0.97,0.98,0.97
354,0.97,0.95,0.98,0.98,0.98,0.97,0.98,0.97
355,0.97,0.94,0.98,0.98,0.98,0.97,0.98,0.97
356,0.97,0.95,0.98,0.98,0.98,0.97,0.98,0.97
357,0.95,0.92,0.96,0.98,0.98,0.96,0.98,0.97
358,0.95,0.91,0.96,0.98,0.97,0.96,0.97,0.97
359,0.93,0.89,0.95,0.98,0.97,0.96,0.96,0.97
360,0.93,0.89,0.95,0.98,0.96,0.94,0.96,0.97
361,0.92,0.89,0.94,0.98,0.97,0.95,0.96,0.97
362,0.92,0.9,0.94,0.98,0.96,0.95,0.96,0.97
363,0.93,0.89,0.94,0.97,0.95,0.95,0.96,0.97
364,0.91,0.87,0.93,0.97,0.95,0.94,0.95,0.97
365,0.91,0.87,0.93,0.97,0.95,0.94,0.96,0.97
366,0.91,0.87,0.93,0.97,0.96,0.94,0.96,0.97
367,0.91,0.88,0.93,0.98,0.95,0.95,0.96,0.97
368,0.92,0.89,0.93,0.98,0.96,0.96,0.96,0.97
369,0.92,0.89,0.93,0.97,0.96,0.96,0.96,0.98
370,0.91,0.89,0.93,0.97,0.96,0.95,0.96,0.98
371,0.91,0.89,0.93,0.97,0.96,0.95,0.96,0.98
372,0.91,0.89,0.93,0.98,0.95,0.95,0.96,0.98
373,0.91,0.89,0.93,0.98,0.96,0.96,0.95,0.98
374,0.91,0.89,0.93,0.98,0.96,0.96,0.95,0.98
375,0.91,0.9,0.93,0.98,0.95,0.96,0.96,0.98
376,0.91,0.89,0.93,0.98,0.96,0.95,0.96,0.98
377,0.91,0.89,0.93,0.98,0.95,0.95,0.95,0.98
378,0.9,0.89,0.93,0.98,0.94,0.95,0.96,0.98
379,0.91,0.87,0.93,0.98,0.94,0.95,0.95,0.98
380,0.9,0.89,0.93,0.98,0.95,0.95,0.95,0.98
381,0.9,0.88,0.92,0.98,0.94,0.94,0.94,0.98
382,0.91,0.89,0.92,0.98,0.94,0.95,0.95,0.98
383,0.91,0.88,0.92,0.98,0.95,0.94,0.94,0.98
384,0.91,0.88,0.93,0.98,0.95,0.96,0.95,0.98
385,0.91,0.89,0.93,0.98,0.95,0.96,0.95,0.98
386,0.91,0.87,0.92,0.98,0.94,0.95,0.94,0.98
387,0.91,0.87,0.92,0.98,0.95,0.94,0.94,0.98
388,0.91,0.87,0.92,0.98,0.94,0.94,0.94,0.98
389,0.93,0.9,0.94,0.98,0.95,0.95,0.96,0.98
390,0.92,0.91,0.93,0.98,0.95,0.96,0.96,0.98
391,0.94,0.92,0.94,0.98,0.96,0.96,0.96,0.98
392,0.94,0.93,0.95,0.98,0.97,0.96,0.96,0.98
393,0.95,0.92,0.95,0.98,0.96,0.97,0.96,0.98
394,0.96,0.95,0.96,0.98,0.98,0.97,0.97,0.98
395,0.95,0.93,0.96,0.98,0.97,0.97,0.97,0.99
396,0.95,0.93,0.96,0.98,0.97,0.97,0.98,0.99
397,0.95,0.93,0.96,0.98,0.98,0.97,0.98,0.99
398,0.95,0.92,0.96,0.98,0.97,0.97,0.97,0.98
399,0.95,0.91,0.96,0.98,0.97,0.97,0.97,0.99
400,0.94,0.89,0.95,0.98,0.97,0.95,0.96,0.98
401,0.94,0.9,0.95,0.98,0.96,0.95,0.97,0.99
402,0.94,0.9,0.95,0.98,0.97,0.94,0.96,0.99
403,0.93,0.88,0.94,0.98,0.96,0.95,0.96,0.98
404,0.93,0.88,0.94,0.98,0.96,0.95,0.96,0.99
405,0.92,0.88,0.93,0.98,0.96,0.94,0.96,0.98
406,0.92,0.86,0.93,0.98,0.96,0.94,0.96,0.98
407,0.92,0.85,0.93,0.97,0.95,0.94,0.95,0.98
408,0.92,0.86,0.93,0.97,0.96,0.94,0.96,0.98
409,0.93,0.86,0.94,0.97,0.96,0.94,0.96,0.98
410,0.93,0.88,0.94,0.98,0.96,0.94,0.97,0.99
411,0.94,0.89,0.95,0.98,0.97,0.95,0.98,0.99
412,0.95,0.91,0.95,0.98,0.98,0.96,0.97,0.98
413,0.95,0.9,0.95,0.98,0.97,0.96,0.98,0.99
414,0.95,0.9,0.95,0.98,0.97,0.95,0.97,0.99
415,0.94,0.9,0.95,0.98,0.97,0.95,0.96,0.98
416,0.94,0.89,0.95,0.98,0.97,0.95,0.98,0.99
417,0.95,0.89,0.96,0.98,0.97,0.96,0.97,0.98
418,0.95,0.92,0.96,0.98,0.98,0.96,0.97,0.99
419,0.95,0.93,0.96,0.98,0.97,0.96,0.97,0.99
420,0.95,0.93,0.96,0.98,0.98,0.96,0.97,0.99
421,0.95,0.92,0.97,0.98,0.98,0.96,0.98,0.99
422,0.94,0.91,0.95,0.98,0.97,0.95,0.97,0.99
423,0.93,0.9,0.95,0.98,0.97,0.96,0.98,0.99
424,0.93,0.89,0.95,0.98,0.97,0.95,0.96,0.98
425,0.93,0.89,0.95,0.98,0.97,0.95,0.96,0.99
426,0.94,0.91,0.95,0.98,0.97,0.96,0.97,0.99
427,0.93,0.9,0.95,0.98,0.97,0.96,0.97,0.99
428,0.92,0.87,0.94,0.98,0.96,0.95,0.96,0.99
429,0.92,0.87,0.94,0.98,0.96,0.95,0.96,0.99
430,0.91,0.86,0.93,0.98,0.96,0.94,0.96,0.99
431,0.92,0.87,0.93,0.98,0.96,0.93,0.96,0.98
432,0.91,0.86,0.92,0.98,0.96,0.94,0.95,0.98
433,0.92,0.88,0.93,0.98,0.95,0.94,0.95,0.98
434,0.92,0.87,0.93,0.98,0.96,0.94,0.96,0.99
435,0.92,0.86,0.93,0.97,0.96,0.93,0.95,0.98
436,0.92,0.87,0.93,0.98,0.96,0.94,0.95,0.99
437,0.93,0.88,0.94,0.98,0.96,0.93,0.96,0.99
438,0.92,0.88,0.94,0.98,0.95,0.94,0.96,0.99
439,0.92,0.88,0.93,0.98,0.95,0.94,0.96,0.99
440,0.92,0.88,0.94,0.98,0.96,0.94,0.96,0.99
441,0.92,0.88,0.93,0.98,0.96,0.95,0.96,0.99
442,0.92,0.89,0.93,0.98,0.96,0.95,0.96,0.99
443,0.92,0.87,0.93,0.98,0.94,0.95,0.96,0.99
444,0.92,0.87,0.93,0.98,0.96,0.94,0.96,0.99
445,0.92,0.88,0.93,0.98,0.97,0.94,0.96,0.98
446,0.92,0.87,0.93,0.98,0.96,0.94,0.95,0.99
447,0.92,0.86,0.93,0.98,0.96,0.93,0.95,0.99
448,0.92,0.86,0.93,0.97,0.95,0.93,0.96,0.99
449,0.92,0.85,0.93,0.97,0.95,0.93,0.95,0.99
450,0.92,0.86,0.94,0.98,0.96,0.94,0.96,0.99
451,0.92,0.86,0.93,0.98,0.96,0.93,0.96,0.99
452,0.93,0.85,0.93,0.97,0.96,0.94,0.96,0.99
453,0.93,0.87,0.94,0.98,0.96,0.94,0.96,0.99
454,0.94,0.88,0.94,0.98,0.97,0.94,0.96,0.99
455,0.94,0.88,0.94,0.98,0.97,0.94,0.97,0.99
456,0.93,0.87,0.94,0.98,0.97,0.94,0.97,0.99
457,0.92,0.86,0.93,0.98,0.96,0.93,0.96,0.98
458,0.92,0.85,0.93,0.98,0.96,0.93,0.96,0.99
459,0.9,0.84,0.93,0.97,0.95,0.93,0.95,0.99
460,0.91,0.84,0.92,0.97,0.95,0.92,0.95,0.98
461,0.9,0.82,0.92,0.97,0.95,0.92,0.95,0.99
462,0.9,0.83,0.92,0.97,0.95,0.92,0.95,0.99
463,0.9,0.84,0.92,0.97,0.95,0.92,0.95,0.99
464,0.9,0.83,0.92,0.97,0.95,0.92,0.95,0.99
465,0.91,0.85,0.92,0.97,0.96,0.93,0.96,0.99
466,0.91,0.85,0.93,0.97,0.96,0.93,0.96,0.99
467,0.91,0.85,0.93,0.97,0.96,0.94,0.96,0.99
468,0.92,0.85,0.93,0.98,0.96,0.94,0.96,0.99
469,0.92,0.85,0.93,0.97,0.96,0.94,0.96,0.99
470,0.92,0.87,0.93,0.97,0.96,0.94,0.96,0.99
471,0.92,0.85,0.93,0.97,0.96,0.93,0.96,0.99
472,0.92,0.86,0.93,0.97,0.96,0.94,0.96,0.99
473,0.91,0.84,0.92,0.97,0.95,0.93,0.96,0.99
474,0.9,0.83,0.92,0.97,0.95,0.93,0.95,0.99
475,0.9,0.83,0.92,0.97,0.95,0.92,0.95,0.99
476,0.9,0.84,0.92,0.97,0.95,0.93,0.95,0.99
477,0.91,0.85,0.92,0.97,0.95,0.92,0.95,0.99
478,0.91,0.85,0.93,0.97,0.96,0.94,0.96,0.99
479,0.92,0.89,0.93,0.98,0.96,0.94,0.96,0.99
480,0.91,0.88,0.94,0.98,0.96,0.94,0.96,0.99
481,0.92,0.87,0.93,0.98,0.96,0.94,0.96,0.99
482,0.9,0.85,0.92,0.98,0.94,0.93,0.95,0.99
483,0.89,0.84,0.92,0.98,0.94,0.92,0.95,0.99
484,0.89,0.84,0.92,0.97,0.93,0.92,0.94,0.99
485,0.89,0.84,0.91,0.98,0.94,0.92,0.94,0.99
486,0.89,0.83,0.91,0.97,0.94,0.92,0.94,0.99
487,0.89,0.83,0.91,0.97,0.94,0.92,0.94,0.99
488,0.89,0.83,0.91,0.97,0.93,0.92,0.94,0.99
489,0.89,0.82,0.91,0.97,0.94,0.91,0.94,0.99
490,0.89,0.81,0.91,0.97,0.93,0.92,0.94,0.99
491,0.89,0.81,0.91,0.97,0.93,0.91,0.94,0.99
492,0.89,0.83,0.91,0.98,0.93,0.92,0.94,0.99
493,0.89,0.83,0.91,0.97,0.94,0.91,0.94,0.99
494,0.89,0.81,0.91,0.97,0.93,0.91,0.94,0.99
495,0.88,0.82,0.91,0.97,0.93,0.91,0.94,0.99
496,0.89,0.81,0.9,0.97,0.93,0.91,0.94,0.99
497,0.88,0.81,0.9,0.97,0.93,0.91,0.94,0.98
498,0.88,0.8,0.9,0.97,0.93,0.9,0.93,0.99
499,0.88,0.8,0.9,0.97,0.93,0.91,0.93,0.99
500,0.88,0.8,0.9,0.97,0.93,0.91,0.94,0.98
501,0.88,0.8,0.9,0.97,0.93,0.9,0.93,0.98
502,0.89,0.81,0.9,0.97,0.93,0.9,0.93,0.98
503,0.89,0.82,0.91,0.97,0.93,0.9,0.94,0.99
504,0.89,0.82,0.91,0.97,0.93,0.92,0.94,0.99
505,0.9,0.82,0.91,0.97,0.94,0.92,0.94,0.99
506,0.9,0.83,0.91,0.97,0.95,0.92,0.95,0.99
507,0.91,0.84,0.92,0.97,0.95,0.93,0.94,0.99
508,0.92,0.85,0.93,0.98,0.96,0.94,0.96,0.99
509,0.92,0.85,0.93,0.97,0.96,0.94,0.95,0.99
510,0.92,0.86,0.93,0.97,0.96,0.94,0.96,0.99
511,0.92,0.85,0.93,0.98,0.95,0.94,0.96,0.99
512,0.92,0.85,0.93,0.98,0.96,0.93,0.96,0.99
513,0.92,0.85,0.93,0.98,0.96,0.93,0.96,0.99
514,0.92,0.85,0.93,0.98,0.96,0.93,0.96,0.99
515,0.92,0.85,0.93,0.97,0.96,0.93,0.96,0.99
516,0.92,0.84,0.93,0.98,0.96,0.93,0.96,0.99
517,0.92,0.85,0.94,0.98,0.96,0.93,0.96,0.99
518,0.92,0.85,0.94,0.98,0.96,0.94,0.96,0.99
519,0.92,0.86,0.94,0.98,0.96,0.94,0.96,0.99
520,0.92,0.88,0.94,0.98,0.96,0.94,0.96,0.99
521,0.93,0.87,0.94,0.98,0.96,0.94,0.96,0.99
522,0.93,0.88,0.94,0.98,0.96,0.94,0.96,0.99
523,0.92,0.87,0.94,0.98,0.96,0.94,0.97,0.99
524,0.92,0.87,0.94,0.98,0.96,0.94,0.96,0.99
525,0.92,0.86,0.94,0.98,0.96,0.94,0.96,0.99
526,0.92,0.87,0.94,0.98,0.96,0.94,0.96,0.99
527,0.92,0.85,0.93,0.98,0.96,0.94,0.96,0.99
528,0.92,0.86,0.93,0.98,0.96,0.93,0.96,0.99
529,0.91,0.85,0.92,0.98,0.95,0.94,0.96,0.99
530,0.91,0.85,0.92,0.98,0.96,0.93,0.96,0.99
531,0.91,0.86,0.93,0.98,0.96,0.95,0.96,0.99
532,0.92,0.86,0.93,0.98,0.96,0.94,0.96,0.99
533,0.93,0.89,0.94,0.98,0.97,0.94,0.96,1.0
534,0.94,0.91,0.95,0.98,0.97,0.96,0.97,0.99
535,0.93,0.9,0.95,0.98,0.96,0.96,0.96,0.99
536,0.93,0.88,0.94,0.98,0.96,0.95,0.96,1.0
537,0.92,0.89,0.94,0.98,0.96,0.94,0.96,0.99
538,0.91,0.87,0.93,0.98,0.96,0.94,0.96,0.99
539,0.92,0.88,0.94,0.98,0.96,0.93,0.96,0.99
540,0.92,0.89,0.94,0.99,0.96,0.94,0.96,0.99
541,0.93,0.89,0.94,0.98,0.97,0.95,0.97,0.99
542,0.93,0.9,0.95,0.98,0.97,0.95,0.97,0.99
543,0.93,0.89,0.94,0.98,0.96,0.95,0.96,0.99
544,0.92,0.88,0.94,0.98,0.96,0.95,0.96,0.99
545,0.92,0.87,0.93,0.98,0.96,0.95,0.96,0.99
546,0.91,0.87,0.93,0.98,0.95,0.93,0.95,0.99
547,0.91,0.86,0.93,0.98,0.95,0.93,0.95,0.99
548,0.91,0.86,0.93,0.98,0.96,0.94,0.96,0.99
549,0.91,0.85,0.92,0.98,0.95,0.93,0.95,0.99
550,0.9,0.85,0.92,0.98,0.95,0.93,0.95,0.99
551,0.9,0.83,0.92,0.98,0.94,0.92,0.95,0.99
552,0.9,0.83,0.91,0.98,0.94,0.91,0.95,0.99
553,0.9,0.84,0.92,0.98,0.94,0.92,0.95,0.99
554,0.9,0.84,0.92,0.98,0.94,0.92,0.95,0.99
555,0.91,0.83,0.92,0.98,0.95,0.92,0.96,0.99
556,0.9,0.84,0.92,0.98,0.95,0.92,0.95,0.99
557,0.9,0.85,0.92,0.98,0.96,0.93,0.96,0.99
558,0.91,0.85,0.92,0.98,0.95,0.93,0.95,0.99
559,0.91,0.85,0.92,0.98,0.95,0.93,0.96,0.99
560,0.91,0.85,0.92,0.98,0.95,0.92,0.96,0.99
561,0.91,0.86,0.92,0.98,0.95,0.93,0.96,0.99
562,0.91,0.84,0.92,0.98,0.96,0.93,0.96,0.99
563,0.92,0.86,0.92,0.98,0.95,0.93,0.96,0.99
564,0.92,0.85,0.92,0.98,0.95,0.93,0.95,0.99
565,0.92,0.85,0.93,0.98,0.96,0.93,0.96,0.99
566,0.92,0.86,0.93,0.98,0.96,0.94,0.96,0.99
567,0.92,0.87,0.94,0.98,0.96,0.94,0.96,0.99
568,0.93,0.89,0.94,0.98,0.96,0.94,0.97,0.99
569,0.93,0.88,0.94,0.98,0.97,0.94,0.97,0.99
570,0.94,0.89,0.95,0.98,0.97,0.95,0.97,0.99
571,0.93,0.9,0.95,0.98,0.97,0.96,0.98,0.99
572,0.95,0.91,0.96,0.98,0.98,0.96,0.98,0.99
573,0.94,0.9,0.95,0.98,0.97,0.96,0.97,1.0
574,0.94,0.9,0.95,0.98,0.97,0.96,0.98,1.0
575,0.93,0.88,0.94,0.98,0.96,0.95,0.96,0.99
576,0.92,0.89,0.94,0.98,0.97,0.95,0.96,0.99
577,0.93,0.88,0.95,0.98,0.97,0.95,0.97,0.99
578,0.93,0.91,0.95,0.98,0.97,0.95,0.97,0.99
579,0.93,0.89,0.95,0.98,0.97,0.94,0.97,0.99
580,0.93,0.89,0.95,0.98,0.97,0.95,0.97,0.99
581,0.94,0.89,0.95,0.98,0.97,0.95,0.97,0.99
582,0.94,0.9,0.95,0.98,0.97,0.95,0.97,0.99
583,0.94,0.89,0.95,0.99,0.97,0.96,0.97,0.99
584,0.94,0.9,0.95,0.99,0.97,0.96,0.97,0.99
585,0.94,0.91,0.95,0.99,0.97,0.95,0.97,0.99
586,0.94,0.9,0.95,0.99,0.97,0.96,0.97,1.0
587,0.94,0.9,0.95,0.99,0.97,0.96,0.97,1.0
588,0.94,0.9,0.96,0.99,0.98,0.95,0.97,1.0
589,0.94,0.9,0.96,0.99,0.98,0.96,0.98,1.0
590,0.95,0.91,0.96,0.99,0.98,0.97,0.98,1.0
591,0.95,0.92,0.97,0.99,0.98,0.97,0.98,1.0
592,0.95,0.93,0.97,0.99,0.98,0.96,0.98,1.0
593,0.95,0.91,0.96,0.99,0.98,0.95,0.98,1.0
594,0.94,0.9,0.96,0.99,0.98,0.95,0.98,1.0
595,0.94,0.88,0.95,0.99,0.97,0.94,0.97,1.0
596,0.92,0.87,0.94,0.99,0.97,0.94,0.97,0.99
597,0.92,0.85,0.93,0.98,0.96,0.93,0.96,0.99
598,0.92,0.84,0.93,0.98,0.95,0.92,0.95,0.99
599,0.92,0.84,0.93,0.98,0.96,0.93,0.96,0.99
