0,0.96,0.97,0.96,0.98,0.97,0.97,0.99,0.98
1,0.96,0.97,0.96,0.98,0.98,0.97,0.99,0.98
2,0.97,0.97,0.96,0.98,0.98,0.97,0.99,0.98
3,0.97,0.97,0.96,0.98,0.98,0.98,0.99,0.98
4,0.97,0.97,0.96,0.98,0.98,0.98,0.99,0.98
5,0.98,0.96,0.96,0.98,0.97,0.96,0.99,0.98
6,0.98,0.96,0.96,0.98,0.98,0.96,0.99,0.98
7,0.98,0.96,0.96,0.98,0.98,0.97,0.99,0.98
8,0.98,0.96,0.97,0.98,0.98,0.97,1.0,0.98
9,0.99,0.97,0.97,0.98,0.98,0.97,1.0,0.98
10,0.99,0.97,0.97,0.98,0.98,0.98,1.0,0.98
11,0.99,0.97,0.97,0.99,0.98,0.97,1.0,0.98
12,0.98,0.98,0.97,0.99,0.98,0.98,1.0,0.98
13,0.98,0.98,0.97,0.99,0.98,0.98,1.0,0.98
14,0.98,0.98,0.97,0.98,0.98,0.98,1.0,0.99
15,0.98,0.98,0.97,0.98,0.98,0.99,1.0,0.98
16,0.96,0.98,0.97,0.99,0.98,0.97,1.0,0.99
17,0.96,0.97,0.96,0.99,0.98,0.98,1.0,0.99
18,0.96,0.97,0.96,0.98,0.98,0.98,1.0,0.99
19,0.96,0.96,0.96,0.98,0.98,0.96,1.0,0.98
20,0.95,0.96,0.96,0.98,0.97,0.97,1.0,0.98
21,0.96,0.96,0.96,0.98,0.98,0.97,1.0,0.98
22,0.96,0.97,0.96,0.98,0.98,0.97,1.0,0.98
23,0.96,0.97,0.96,0.98,0.98,0.96,0.99,0.99
24,0.95,0.97,0.96,0.98,0.98,0.98,0.99,0.98
25,0.96,0.97,0.96,0.98,0.98,0.98,0.99,0.98
26,0.96,0.97,0.96,0.98,0.98,0.98,1.0,0.99
27,0.95,0.97,0.96,0.98,0.98,0.96,0.99,0.98
28,0.95,0.97,0.96,0.98,0.98,0.97,0.99,0.98
29,0.96,0.98,0.96,0.99,0.97,0.97,0.99,0.99
30,0.96,0.97,0.96,0.98,0.98,0.96,0.99,0.99
31,0.96,0.97,0.96,0.98,0.98,0.96,0.99,0.98
32,0.95,0.97,0.96,0.98,0.97,0.98,0.99,0.99
33,0.95,0.97,0.96,0.98,0.98,0.97,0.99,0.99
34,0.95,0.97,0.96,0.98,0.97,0.98,0.99,0.99
35,0.96,0.97,0.96,0.98,0.98,0.98,0.99,0.99
36,0.96,0.97,0.96,0.98,0.98,0.97,0.99,0.99
37,0.96,0.97,0.96,0.99,0.97,0.97,0.99,0.99
38,0.96,0.97,0.96,0.99,0.98,0.98,0.99,0.99
39,0.96,0.97,0.96,0.98,0.98,0.97,0.99,0.99
40,0.96,0.97,0.96,0.98,0.98,0.97,1.0,0.99
41,0.96,0.97,0.96,0.98,0.98,0.98,1.0,0.99
42,0.96,0.97,0.96,0.98,0.98,0.97,0.99,0.98
43,0.96,0.97,0.96,0.98,0.98,0.98,0.99,0.99
44,0.97,0.97,0.97,0.99,0.98,0.97,1.0,0.99
45,0.96,0.97,0.97,0.98,0.98,0.97,1.0,0.99
46,0.96,0.97,0.97,0.98,0.98,0.98,1.0,0.99
47,0.96,0.99,0.97,0.98,0.98,0.98,1.0,0.99
48,0.97,0.98,0.97,0.98,0.98,0.98,1.0,0.99
49,0.97,0.99,0.97,0.99,0.98,0.99,1.0,0.99
50,0.96,1.0,0.97,0.98,0.98,0.99,1.0,0.99
51,0.96,1.0,0.97,0.99,0.98,0.98,1.0,0.99
52,0.96,1.0,0.96,0.99,0.98,0.99,1.0,0.99
53,0.96,1.0,0.97,0.99,0.98,0.99,0.99,0.99
54,0.96,0.99,0.98,0.99,0.98,1.0,0.99,0.99
55,0.99,0.99,1.0,0.99,0.99,0.99,0.99,0.99
56,0.99,0.99,1.0,0.99,1.0,1.0,0.99,0.99
57,1.0,0.98,0.99,0.99,1.0,0.98,0.96,0.99
58,0.79,0.84,0.68,0.94,0.81,0.85,0.46,0.94
59,0.71,0.78,0.59,0.92,0.72,0.79,0.38,0.92
60,0.44,0.59,0.36,0.82,0.4,0.57,0.21,0.82
61,0.35,0.5,0.28,0.75,0.28,0.47,0.17,0.76
62,0.3,0.44,0.24,0.7,0.22,0.41,0.15,0.71
63,0.23,0.36,0.19,0.61,0.16,0.33,0.13,0.63
64,0.21,0.35,0.18,0.58,0.15,0.31,0.12,0.61
65,0.15,0.26,0.13,0.45,0.11,0.23,0.1,0.5
66,0.13,0.23,0.12,0.41,0.09,0.2,0.09,0.46
67,0.1,0.2,0.1,0.35,0.08,0.18,0.08,0.41
68,0.1,0.18,0.09,0.34,0.08,0.17,0.07,0.39
69,0.08,0.15,0.07,0.28,0.06,0.14,0.06,0.33
70,0.06,0.14,0.07,0.25,0.05,0.13,0.06,0.3
71,0.06,0.12,0.06,0.23,0.05,0.12,0.05,0.29
72,0.05,0.1,0.05,0.18,0.04,0.11,0.05,0.24
73,0.04,0.09,0.05,0.16,0.04,0.1,0.04,0.21
74,0.04,0.09,0.04,0.15,0.04,0.09,0.04,0.2
75,0.03,0.08,0.03,0.13,0.03,0.09,0.04,0.18
76,0.02,0.08,0.03,0.11,0.03,0.08,0.03,0.16
77,0.02,0.07,0.03,0.1,0.03,0.07,0.03,0.15
78,0.02,0.07,0.02,0.09,0.02,0.07,0.03,0.14
79,0.01,0.05,0.02,0.08,0.02,0.06,0.02,0.12
80,0.01,0.06,0.02,0.08,0.02,0.06,0.02,0.11
81,0.01,0.05,0.02,0.07,0.02,0.05,0.02,0.1
82,0.01,0.04,0.02,0.07,0.02,0.06,0.02,0.09
83,0.01,0.04,0.02,0.05,0.02,0.05,0.02,0.08
84,0.01,0.04,0.02,0.04,0.02,0.05,0.02,0.07
85,0.01,0.04,0.01,0.04,0.01,0.05,0.02,0.07
86,0.01,0.04,0.01,0.03,0.01,0.05,0.02,0.06
87,0.0,0.04,0.01,0.03,0.01,0.04,0.01,0.06
88,0.0,0.04,0.01,0.03,0.01,0.04,0.01,0.05
89,0.01,0.04,0.01,0.03,0.01,0.04,0.01,0.05
90,0.01,0.04,0.01,0.03,0.01,0.04,0.01,0.05
91,0.01,0.04,0.01,0.03,0.01,0.03,0.01,0.04
92,0.01,0.04,0.01,0.02,0.01,0.04,0.01,0.04
93,0.01,0.03,0.01,0.02,0.01,0.03,0.01,0.03
94,0.01,0.03,0.01,0.02,0.01,0.03,0.01,0.03
95,0.01,0.03,0.01,0.02,0.01,0.03,0.01,0.03
96,0.01,0.03,0.01,0.01,0.01,0.03,0.01,0.03
97,0.01,0.03,0.01,0.02,0.01,0.03,0.01,0.03
98,0.01,0.03,0.01,0.01,0.01,0.02,0.01,0.02
99,0.01,0.03,0.01,0.01,0.01,0.03,0.01,0.02
100,0.02,0.03,0.01,0.02,0.01,0.03,0.01,0.02
101,0.01,0.02,0.02,0.01,0.01,0.03,0.01,0.02
102,0.01,0.03,0.01,0.01,0.01,0.02,0.01,0.01
103,0.01,0.02,0.01,0.01,0.01,0.02,0.01,0.01
104,0.01,0.02,0.01,0.01,0.01,0.02,0.01,0.01
105,0.01,0.02,0.01,0.01,0.01,0.03,0.01,0.01
106,0.01,0.02,0.01,0.01,0.01,0.02,0.0,0.01
107,0.01,0.02,0.01,0.01,0.01,0.03,0.01,0.01
108,0.01,0.04,0.01,0.01,0.01,0.02,0.0,0.01
109,0.01,0.02,0.01,0.01,0.01,0.02,0.0,0.01
110,0.01,0.02,0.01,0.01,0.01,0.02,0.0,0.01
111,0.01,0.02,0.01,0.0,0.0,0.03,0.0,0.01
112,0.01,0.02,0.01,0.01,0.01,0.02,0.0,0.01
113,0.01,0.02,0.01,0.01,0.0,0.02,0.0,0.01
114,0.01,0.02,0.01,0.0,0.0,0.02,0.0,0.01
115,0.01,0.01,0.01,0.0,0.0,0.02,0.0,0.0
116,0.01,0.02,0.01,0.0,0.0,0.02,0.0,0.01
117,0.01,0.01,0.01,0.0,0.0,0.02,0.0,0.0
118,0.01,0.01,0.01,0.0,0.0,0.02,0.0,0.0
119,0.01,0.01,0.01,0.0,0.0,0.01,0.0,0.0
120,0.01,0.01,0.01,0.0,0.0,0.01,0.0,0.0
121,0.01,0.01,0.0,0.0,0.0,0.01,0.0,0.0
122,0.01,0.01,0.0,0.0,0.0,0.01,0.0,0.0
123,0.01,0.01,0.0,0.0,0.0,0.01,0.0,0.0
124,0.01,0.01,0.0,0.0,0.0,0.01,0.0,0.0
125,0.01,0.01,0.0,0.0,0.0,0.01,0.0,0.0
126,0.0,0.01,0.0,0.0,0.0,0.01,0.0,0.0
127,0.0,0.01,0.0,0.0,0.0,0.01,0.0,0.0
128,0.0,0.01,0.0,0.0,0.0,0.01,0.0,0.0
129,0.0,0.01,0.0,0.0,0.0,0.01,0.0,0.0
130,0.0,0.01,0.0,0.0,0.0,0.01,0.0,0.0
131,0.0,0.01,0.0,0.0,0.0,0.01,0.0,0.0
132,0.0,0.01,0.0,0.0,0.0,0.01,0.0,0.0
133,0.0,0.01,0.0,0.0,0.0,0.01,0.0,0.0
134,0.0,0.01,0.0,0.0,0.0,0.01,0.0,0.0
135,0.0,0.01,0.0,0.0,0.0,0.01,0.0,0.0
136,0.0,0.01,0.0,0.0,0.0,0.01,0.0,0.0
137,0.0,0.01,0.0,0.0,0.0,0.01,0.0,0.0
138,0.0,0.01,0.0,0.0,0.0,0.01,0.0,0.0
139,0.0,0.01,0.0,0.0,0.0,0.01,0.0,0.0
140,0.0,0.01,0.0,0.01,0.0,0.01,0.0,0.0
141,0.0,0.01,0.0,0.0,0.0,0.01,0.0,0.0
142,0.0,0.01,0.0,0.0,0.0,0.01,0.0,0.0
143,0.0,0.01,0.0,0.01,0.0,0.01,0.0,0.0
144,0.0,0.01,0.0,0.01,0.0,0.01,0.0,0.0
145,0.0,0.01,0.0,0.01,0.0,0.0,0.0,0.0
146,0.0,0.0,0.0,0.01,0.0,0.01,0.0,0.0
147,0.01,0.01,0.0,0.01,0.0,0.0,0.0,0.01
148,0.01,0.01,0.0,0.01,0.0,0.01,0.0,0.01
149,0.01,0.0,0.0,0.01,0.0,0.0,0.0,0.0
150,0.01,0.01,0.01,0.01,0.0,0.01,0.0,0.01
151,0.01,0.0,0.01,0.01,0.01,0.0,0.0,0.01
152,0.01,0.0,0.01,0.01,0.0,0.0,0.0,0.01
153,0.01,0.01,0.0,0.01,0.0,0.01,0.0,0.01
154,0.01,0.0,0.01,0.01,0.01,0.01,0.0,0.01
155,0.02,0.0,0.01,0.01,0.01,0.01,0.01,0.01
156,0.03,0.01,0.02,0.01,0.02,0.01,0.03,0.01
157,0.04,0.01,0.03,0.01,0.02,0.02,0.04,0.01
158,0.06,0.04,0.06,0.02,0.04,0.03,0.07,0.01
159,0.12,0.09,0.12,0.03,0.09,0.07,0.13,0.03
160,0.15,0.12,0.15,0.04,0.12,0.1,0.16,0.03
161,0.18,0.14,0.19,0.05,0.14,0.12,0.18,0.03
162,0.23,0.19,0.23,0.08,0.19,0.17,0.22,0.05
163,0.25,0.21,0.25,0.08,0.2,0.18,0.24,0.05
164,0.33,0.28,0.32,0.12,0.26,0.25,0.3,0.07
165,0.33,0.28,0.33,0.12,0.26,0.25,0.3,0.07
166,0.4,0.36,0.39,0.16,0.31,0.32,0.35,0.09
167,0.44,0.41,0.43,0.19,0.36,0.36,0.39,0.11
168,0.48,0.45,0.47,0.22,0.39,0.39,0.42,0.13
169,0.49,0.46,0.48,0.23,0.4,0.41,0.43,0.13
170,0.54,0.52,0.53,0.27,0.44,0.46,0.48,0.15
171,0.57,0.55,0.55,0.29,0.46,0.49,0.5,0.17
172,0.59,0.56,0.57,0.31,0.48,0.52,0.52,0.17
173,0.63,0.6,0.61,0.34,0.52,0.56,0.55,0.2
174,0.64,0.63,0.62,0.36,0.53,0.57,0.57,0.21
175,0.66,0.65,0.65,0.39,0.56,0.61,0.6,0.23
176,0.68,0.67,0.67,0.42,0.58,0.63,0.62,0.25
177,0.7,0.7,0.68,0.44,0.59,0.64,0.63,0.26
178,0.71,0.72,0.69,0.46,0.61,0.66,0.65,0.27
179,0.72,0.72,0.71,0.48,0.62,0.68,0.66,0.29
180,0.75,0.76,0.73,0.5,0.64,0.71,0.68,0.31
181,0.76,0.78,0.75,0.54,0.66,0.72,0.7,0.33
182,0.78,0.79,0.77,0.55,0.68,0.74,0.71,0.34
183,0.8,0.8,0.77,0.56,0.69,0.75,0.72,0.35
184,0.8,0.81,0.79,0.6,0.71,0.77,0.74,0.37
185,0.81,0.82,0.8,0.61,0.72,0.78,0.75,0.38
186,0.81,0.84,0.81,0.62,0.74,0.79,0.77,0.4
187,0.83,0.85,0.83,0.65,0.75,0.8,0.77,0.42
188,0.83,0.85,0.83,0.66,0.74,0.81,0.78,0.42
189,0.84,0.85,0.83,0.67,0.76,0.82,0.79,0.44
190,0.85,0.86,0.84,0.68,0.77,0.82,0.8,0.45
191,0.85,0.86,0.85,0.71,0.78,0.83,0.81,0.47
192,0.86,0.87,0.86,0.72,0.79,0.85,0.82,0.49
193,0.87,0.88,0.86,0.72,0.79,0.86,0.82,0.49
194,0.88,0.88,0.87,0.74,0.8,0.86,0.83,0.5
195,0.88,0.87,0.87,0.75,0.81,0.85,0.84,0.52
196,0.88,0.89,0.87,0.76,0.81,0.86,0.84,0.52
197,0.89,0.88,0.87,0.77,0.82,0.86,0.84,0.54
198,0.89,0.89,0.88,0.78,0.82,0.88,0.85,0.55
199,0.89,0.89,0.88,0.79,0.83,0.88,0.85,0.56
200,0.9,0.88,0.88,0.79,0.83,0.88,0.86,0.57
201,0.9,0.9,0.89,0.81,0.84,0.88,0.86,0.59
202,0.9,0.9,0.89,0.82,0.84,0.88,0.87,0.6
203,0.9,0.91,0.9,0.82,0.85,0.88,0.87,0.61
204,0.9,0.91,0.9,0.83,0.85,0.89,0.87,0.61
205,0.91,0.91,0.9,0.83,0.86,0.89,0.88,0.62
206,0.91,0.91,0.9,0.85,0.86,0.9,0.88,0.64
207,0.91,0.91,0.9,0.85,0.86,0.89,0.88,0.64
208,0.9,0.91,0.9,0.85,0.86,0.9,0.89,0.65
209,0.91,0.91,0.9,0.86,0.86,0.89,0.89,0.66
210,0.91,0.91,0.9,0.86,0.86,0.9,0.89,0.67
211,0.91,0.91,0.9,0.87,0.87,0.9,0.89,0.67
212,0.92,0.93,0.91,0.87,0.88,0.91,0.9,0.69
213,0.92,0.93,0.91,0.87,0.88,0.91,0.9,0.69
214,0.92,0.93,0.91,0.88,0.88,0.91,0.9,0.7
215,0.92,0.93,0.91,0.88,0.88,0.92,0.91,0.7
216,0.92,0.92,0.91,0.89,0.88,0.91,0.91,0.71
217,0.92,0.92,0.91,0.89,0.88,0.91,0.91,0.72
218,0.92,0.92,0.91,0.89,0.88,0.91,0.91,0.72
219,0.92,0.92,0.91,0.89,0.88,0.9,0.91,0.73
220,0.92,0.92,0.91,0.9,0.88,0.91,0.91,0.74
221,0.92,0.93,0.92,0.9,0.89,0.91,0.91,0.74
222,0.93,0.93,0.92,0.9,0.89,0.9,0.91,0.75
223,0.93,0.94,0.92,0.91,0.9,0.92,0.92,0.76
224,0.93,0.94,0.92,0.91,0.9,0.92,0.92,0.76
225,0.93,0.94,0.92,0.92,0.9,0.92,0.92,0.76
226,0.93,0.93,0.92,0.92,0.9,0.92,0.92,0.77
227,0.92,0.94,0.92,0.92,0.9,0.92,0.92,0.77
228,0.93,0.93,0.92,0.92,0.9,0.92,0.92,0.78
229,0.92,0.93,0.92,0.92,0.9,0.92,0.92,0.78
230,0.92,0.93,0.92,0.92,0.9,0.92,0.92,0.79
231,0.92,0.93,0.92,0.92,0.9,0.92,0.92,0.79
232,0.93,0.94,0.92,0.92,0.91,0.92,0.92,0.8
233,0.93,0.94,0.92,0.92,0.91,0.93,0.92,0.8
234,0.93,0.94,0.93,0.93,0.91,0.93,0.92,0.81
235,0.92,0.94,0.93,0.93,0.91,0.92,0.92,0.81
236,0.93,0.94,0.93,0.93,0.91,0.93,0.92,0.82
237,0.93,0.93,0.93,0.93,0.91,0.93,0.93,0.82
238,0.93,0.95,0.93,0.93,0.91,0.93,0.93,0.82
239,0.93,0.94,0.93,0.93,0.91,0.92,0.93,0.82
240,0.93,0.94,0.93,0.93,0.91,0.92,0.93,0.83
241,0.93,0.94,0.93,0.93,0.91,0.93,0.93,0.84
242,0.94,0.94,0.93,0.93,0.91,0.93,0.93,0.84
243,0.94,0.94,0.93,0.93,0.91,0.93,0.93,0.84
244,0.94,0.95,0.93,0.93,0.91,0.93,0.93,0.84
245,0.94,0.95,0.93,0.94,0.91,0.93,0.93,0.85
246,0.94,0.95,0.93,0.93,0.92,0.94,0.94,0.85
247,0.94,0.94,0.93,0.94,0.91,0.94,0.93,0.85
248,0.93,0.94,0.93,0.94,0.91,0.94,0.93,0.85
249,0.93,0.93,0.93,0.94,0.91,0.93,0.94,0.86
250,0.93,0.93,0.93,0.94,0.91,0.92,0.93,0.86
251,0.93,0.94,0.93,0.94,0.91,0.93,0.93,0.86
252,0.93,0.94,0.93,0.94,0.91,0.93,0.93,0.86
253,0.93,0.93,0.92,0.94,0.91,0.93,0.93,0.86
254,0.93,0.93,0.93,0.95,0.91,0.93,0.93,0.87
255,0.92,0.94,0.92,0.94,0.91,0.93,0.93,0.87
256,0.92,0.93,0.92,0.94,0.91,0.93,0.93,0.87
257,0.92,0.93,0.92,0.94,0.91,0.92,0.93,0.87
258,0.92,0.93,0.92,0.95,0.91,0.92,0.93,0.88
259,0.93,0.94,0.92,0.94,0.91,0.93,0.93,0.88
260,0.93,0.94,0.93,0.95,0.91,0.93,0.93,0.88
261,0.93,0.93,0.93,0.95,0.91,0.94,0.93,0.88
262,0.94,0.94,0.93,0.95,0.91,0.94,0.93,0.88
263,0.93,0.93,0.93,0.95,0.92,0.94,0.94,0.89
264,0.93,0.94,0.93,0.95,0.91,0.93,0.93,0.89
265,0.94,0.94,0.93,0.95,0.92,0.94,0.94,0.89
266,0.94,0.93,0.93,0.95,0.92,0.93,0.94,0.89
267,0.94,0.93,0.93,0.95,0.91,0.93,0.94,0.89
268,0.94,0.93,0.93,0.95,0.92,0.94,0.94,0.9
269,0.94,0.94,0.93,0.96,0.92,0.93,0.94,0.9
270,0.94,0.92,0.93,0.95,0.93,0.94,0.94,0.9
271,0.94,0.94,0.93,0.95,0.92,0.93,0.94,0.9
272,0.94,0.94,0.93,0.95,0.92,0.93,0.94,0.9
273,0.94,0.94,0.93,0.95,0.93,0.94,0.94,0.9
274,0.95,0.93,0.94,0.96,0.93,0.95,0.94,0.9
275,0.94,0.93,0.94,0.95,0.93,0.94,0.94,0.9
276,0.95,0.94,0.94,0.95,0.93,0.92,0.95,0.91
277,0.95,0.94,0.94,0.96,0.93,0.94,0.95,0.91
278,0.95,0.95,0.95,0.96,0.94,0.95,0.95,0.91
279,0.95,0.95,0.95,0.96,0.94,0.94,0.95,0.91
280,0.95,0.94,0.95,0.96,0.94,0.95,0.95,0.91
281,0.95,0.94,0.95,0.96,0.94,0.94,0.95,0.92
282,0.96,0.95,0.95,0.96,0.94,0.95,0.95,0.92
283,0.96,0.95,0.95,0.96,0.94,0.94,0.95,0.92
284,0.95,0.94,0.95,0.96,0.94,0.94,0.95,0.92
285,0.95,0.95,0.95,0.96,0.94,0.94,0.95,0.92
286,0.94,0.93,0.94,0.96,0.94,0.93,0.95,0.92
287,0.94,0.94,0.94,0.96,0.94,0.94,0.95,0.92
288,0.94,0.93,0.94,0.96,0.93,0.93,0.95,0.92
289,0.94,0.93,0.94,0.97,0.94,0.94,0.95,0.92
290,0.94,0.93,0.93,0.96,0.93,0.94,0.95,0.93
291,0.94,0.94,0.94,0.96,0.93,0.94,0.95,0.93
292,0.94,0.94,0.93,0.97,0.93,0.93,0.95,0.93
293,0.94,0.94,0.93,0.96,0.93,0.94,0.95,0.93
294,0.93,0.93,0.93,0.96,0.93,0.94,0.95,0.93
295,0.94,0.93,0.93,0.96,0.93,0.94,0.95,0.93
296,0.94,0.93,0.94,0.96,0.93,0.93,0.95,0.93
297,0.94,0.93,0.93,0.96,0.93,0.93,0.95,0.93
298,0.94,0.93,0.93,0.96,0.93,0.93,0.95,0.93
299,0.94,0.92,0.93,0.96,0.93,0.93,0.95,0.93
300,0.94,0.92,0.93,0.96,0.93,0.93,0.95,0.93
301,0.94,0.92,0.93,0.96,0.93,0.93,0.95,0.93
302,0.94,0.93,0.93,0.96,0.94,0.94,0.95,0.93
303,0.94,0.92,0.93,0.96,0.94,0.93,0.95,0.93
304,0.95,0.93,0.94,0.96,0.94,0.93,0.96,0.94
305,0.95,0.94,0.94,0.96,0.94,0.95,0.96,0.94
306,0.95,0.94,0.94,0.97,0.94,0.94,0.96,0.94
307,0.95,0.95,0.95,0.97,0.94,0.95,0.96,0.94
308,0.96,0.94,0.95,0.96,0.94,0.95,0.96,0.94
309,0.95,0.95,0.95,0.97,0.94,0.95,0.96,0.94
310,0.95,0.95,0.95,0.97,0.94,0.95,0.96,0.94
311,0.95,0.94,0.94,0.97,0.94,0.95,0.96,0.94
312,0.94,0.94,0.94,0.96,0.94,0.94,0.96,0.95
313,0.94,0.93,0.94,0.97,0.94,0.94,0.96,0.94
314,0.94,0.93,0.93,0.97,0.94,0.94,0.95,0.94
315,0.94,0.92,0.93,0.96,0.94,0.94,0.95,0.94
316,0.94,0.92,0.93,0.97,0.94,0.94,0.95,0.94
317,0.93,0.91,0.93,0.97,0.93,0.93,0.95,0.95
318,0.93,0.91,0.93,0.97,0.93,0.92,0.95,0.95
319,0.93,0.91,0.93,0.97,0.93,0.93,0.95,0.95
320,0.93,0.91,0.93,0.96,0.94,0.92,0.95,0.94
321,0.93,0.91,0.93,0.96,0.94,0.93,0.95,0.95
322,0.93,0.91,0.93,0.96,0.93,0.92,0.95,0.95
323,0.94,0.91,0.93,0.96,0.94,0.92,0.95,0.95
324,0.94,0.9,0.93,0.96,0.94,0.92,0.95,0.95
325,0.94,0.91,0.93,0.96,0.94,0.92,0.95,0.95
326,0.94,0.92,0.94,0.96,0.94,0.92,0.95,0.95
327,0.94,0.91,0.94,0.96,0.94,0.93,0.95,0.95
328,0.94,0.91,0.94,0.96,0.94,0.93,0.96,0.95
329,0.94,0.91,0.94,0.96,0.94,0.92,0.95,0.95
330,0.94,0.91,0.94,0.97,0.94,0.94,0.96,0.95
331,0.94,0.92,0.94,0.96,0.94,0.93,0.96,0.95
332,0.94,0.92,0.94,0.96,0.94,0.94,0.96,0.95
333,0.94,0.92,0.94,0.97,0.94,0.94,0.96,0.95
334,0.94,0.92,0.94,0.97,0.94,0.94,0.96,0.95
335,0.94,0.92,0.94,0.97,0.94,0.94,0.96,0.95
336,0.94,0.93,0.94,0.97,0.94,0.95,0.96,0.96
337,0.94,0.93,0.93,0.97,0.94,0.94,0.96,0.96
338,0.93,0.92,0.93,0.97,0.94,0.94,0.96,0.96
339,0.93,0.92,0.93,0.97,0.94,0.93,0.96,0.96
340,0.92,0.92,0.93,0.96,0.94,0.94,0.96,0.96
341,0.93,0.93,0.93,0.97,0.94,0.93,0.96,0.96
342,0.94,0.92,0.93,0.97,0.94,0.94,0.96,0.96
343,0.93,0.92,0.93,0.97,0.94,0.94,0.96,0.96
344,0.93,0.92,0.93,0.97,0.94,0.94,0.96,0.96
345,0.93,0.92,0.93,0.97,0.94,0.94,0.96,0.96
346,0.93,0.91,0.93,0.97,0.94,0.94,0.96,0.96
347,0.93,0.91,0.93,0.97,0.94,0.93,0.95,0.96
348,0.93,0.91,0.93,0.97,0.94,0.93,0.95,0.96
349,0.93,0.91,0.93,0.97,0.94,0.93,0.95,0.96
350,0.93,0.91,0.93,0.97,0.94,0.92,0.96,0.96
351,0.92,0.91,0.93,0.97,0.94,0.93,0.95,0.96
352,0.93,0.91,0.93,0.97,0.94,0.93,0.95,0.96
353,0.93,0.91,0.93,0.97,0.94,0.93,0.96,0.96
354,0.94,0.93,0.93,0.97,0.94,0.94,0.96,0.97
355,0.94,0.92,0.94,0.97,0.95,0.94,0.96,0.97
356,0.94,0.93,0.93,0.97,0.94,0.94,0.96,0.97
357,0.94,0.92,0.93,0.97,0.94,0.95,0.96,0.97
358,0.94,0.91,0.93,0.97,0.94,0.94,0.96,0.97
359,0.94,0.91,0.93,0.97,0.94,0.94,0.96,0.97
360,0.93,0.91,0.93,0.97,0.94,0.94,0.96,0.97
361,0.93,0.91,0.93,0.97,0.94,0.94,0.96,0.97
362,0.94,0.91,0.93,0.97,0.94,0.94,0.96,0.97
363,0.94,0.92,0.93,0.97,0.94,0.94,0.96,0.97
364,0.94,0.92,0.93,0.97,0.94,0.94,0.96,0.97
365,0.94,0.91,0.93,0.97,0.94,0.93,0.96,0.97
366,0.94,0.91,0.93,0.97,0.94,0.93,0.96,0.97
367,0.94,0.9,0.93,0.97,0.94,0.93,0.96,0.97
368,0.94,0.89,0.93,0.97,0.94,0.92,0.96,0.97
369,0.94,0.9,0.93,0.97,0.94,0.92,0.96,0.97
370,0.93,0.89,0.93,0.97,0.94,0.91,0.96,0.97
371,0.94,0.9,0.93,0.97,0.94,0.93,0.96,0.97
372,0.93,0.9,0.93,0.97,0.94,0.93,0.96,0.97
373,0.93,0.89,0.93,0.96,0.94,0.92,0.95,0.97
374,0.93,0.9,0.93,0.97,0.94,0.93,0.96,0.97
375,0.94,0.91,0.93,0.97,0.94,0.92,0.96,0.97
376,0.94,0.91,0.94,0.97,0.94,0.93,0.96,0.97
377,0.94,0.91,0.94,0.97,0.94,0.93,0.96,0.97
378,0.94,0.92,0.94,0.97,0.95,0.95,0.97,0.97
379,0.94,0.92,0.94,0.97,0.95,0.95,0.97,0.97
380,0.94,0.92,0.94,0.97,0.95,0.94,0.97,0.97
381,0.94,0.92,0.94,0.97,0.95,0.95,0.96,0.98
382,0.94,0.93,0.95,0.97,0.95,0.94,0.97,0.98
383,0.94,0.92,0.95,0.97,0.95,0.94,0.97,0.97
384,0.94,0.93,0.94,0.97,0.95,0.95,0.97,0.98
385,0.94,0.93,0.95,0.97,0.95,0.95,0.97,0.98
386,0.94,0.93,0.95,0.97,0.95,0.95,0.97,0.98
387,0.94,0.93,0.95,0.97,0.95,0.95,0.97,0.98
388,0.94,0.93,0.94,0.97,0.95,0.95,0.97,0.98
389,0.94,0.93,0.94,0.97,0.95,0.95,0.97,0.98
390,0.94,0.92,0.94,0.97,0.95,0.95,0.97,0.98
391,0.94,0.92,0.94,0.97,0.94,0.94,0.96,0.98
392,0.94,0.92,0.94,0.97,0.94,0.94,0.97,0.98
393,0.94,0.92,0.94,0.97,0.95,0.94,0.96,0.98
394,0.93,0.91,0.93,0.97,0.94,0.94,0.96,0.98
395,0.94,0.91,0.93,0.97,0.94,0.94,0.96,0.98
396,0.94,0.91,0.94,0.97,0.95,0.94,0.96,0.98
397,0.94,0.91,0.94,0.97,0.94,0.94,0.96,0.98
398,0.94,0.91,0.94,0.97,0.95,0.94,0.96,0.98
399,0.94,0.91,0.94,0.97,0.94,0.94,0.96,0.98
400,0.94,0.9,0.94,0.97,0.94,0.93,0.96,0.98
401,0.94,0.91,0.93,0.97,0.94,0.94,0.96,0.98
402,0.94,0.91,0.93,0.97,0.94,0.93,0.96,0.98
403,0.94,0.91,0.93,0.97,0.94,0.94,0.96,0.98
404,0.94,0.91,0.93,0.97,0.94,0.93,0.96,0.98
405,0.93,0.91,0.93,0.97,0.94,0.93,0.96,0.98
406,0.94,0.91,0.93,0.97,0.94,0.95,0.96,0.98
407,0.94,0.92,0.93,0.97,0.95,0.95,0.97,0.98
408,0.93,0.91,0.94,0.97,0.95,0.94,0.97,0.98
409,0.93,0.92,0.94,0.97,0.94,0.94,0.97,0.98
410,0.94,0.92,0.94,0.97,0.95,0.95,0.97,0.98
411,0.93,0.92,0.93,0.97,0.94,0.95,0.97,0.98
412,0.94,0.92,0.94,0.97,0.94,0.95,0.97,0.98
413,0.93,0.93,0.93,0.97,0.95,0.94,0.97,0.99
414,0.93,0.93,0.93,0.97,0.95,0.95,0.97,0.99
415,0.93,0.93,0.93,0.97,0.95,0.95,0.97,0.98
416,0.93,0.92,0.93,0.97,0.94,0.95,0.97,0.98
417,0.93,0.92,0.93,0.97,0.94,0.94,0.97,0.98
418,0.93,0.93,0.94,0.97,0.95,0.95,0.97,0.98
419,0.94,0.93,0.94,0.97,0.95,0.95,0.97,0.99
420,0.94,0.93,0.94,0.97,0.95,0.95,0.97,0.99
421,0.94,0.92,0.94,0.97,0.95,0.95,0.97,0.99
422,0.94,0.92,0.94,0.97,0.95,0.95,0.97,0.99
423,0.93,0.92,0.94,0.98,0.95,0.95,0.97,0.99
424,0.94,0.92,0.93,0.97,0.95,0.94,0.97,0.99
425,0.93,0.92,0.93,0.97,0.95,0.95,0.97,0.99
426,0.93,0.92,0.93,0.97,0.94,0.95,0.96,0.99
427,0.94,0.92,0.93,0.97,0.95,0.94,0.96,0.99
428,0.93,0.92,0.93,0.97,0.94,0.94,0.96,0.99
429,0.93,0.91,0.93,0.97,0.95,0.94,0.96,0.99
430,0.93,0.91,0.93,0.97,0.95,0.94,0.96,0.99
431,0.93,0.91,0.93,0.97,0.94,0.94,0.96,0.99
432,0.94,0.92,0.94,0.97,0.95,0.95,0.97,0.99
433,0.94,0.92,0.94,0.98,0.95,0.95,0.97,0.99
434,0.94,0.92,0.94,0.98,0.95,0.95,0.97,0.99
435,0.94,0.92,0.94,0.97,0.95,0.95,0.97,0.99
436,0.94,0.92,0.94,0.98,0.95,0.95,0.97,0.99
437,0.94,0.93,0.94,0.98,0.95,0.95,0.97,0.99
438,0.94,0.93,0.94,0.97,0.95,0.95,0.97,0.99
439,0.94,0.94,0.94,0.98,0.96,0.95,0.97,0.99
440,0.94,0.92,0.94,0.98,0.96,0.95,0.97,0.99
441,0.94,0.94,0.94,0.98,0.96,0.95,0.97,0.99
442,0.94,0.93,0.94,0.98,0.96,0.95,0.98,0.99
443,0.94,0.93,0.94,0.98,0.96,0.95,0.98,0.99
444,0.94,0.93,0.94,0.98,0.95,0.95,0.97,0.99
445,0.94,0.93,0.94,0.98,0.95,0.95,0.98,0.99
446,0.93,0.93,0.94,0.98,0.95,0.95,0.97,0.99
447,0.94,0.94,0.94,0.98,0.96,0.95,0.98,0.99
448,0.94,0.94,0.94,0.99,0.95,0.95,0.97,0.99
449,0.94,0.94,0.94,0.98,0.96,0.95,0.98,0.99
450,0.94,0.95,0.94,0.98,0.96,0.96,0.98,0.99
451,0.94,0.95,0.94,0.98,0.96,0.95,0.98,0.99
452,0.94,0.95,0.94,0.99,0.96,0.96,0.98,0.99
453,0.94,0.95,0.94,0.99,0.95,0.96,0.98,0.99
454,0.94,0.95,0.95,0.99,0.97,0.96,0.98,0.99
455,0.94,0.96,0.94,0.99,0.96,0.96,0.98,0.99
456,0.94,0.95,0.95,0.98,0.96,0.96,0.98,1.0
457,0.94,0.95,0.95,0.98,0.96,0.96,0.98,1.0
458,0.95,0.95,0.95,0.98,0.96,0.95,0.98,0.99
459,0.94,0.95,0.95,0.98,0.96,0.95,0.98,0.99
460,0.95,0.95,0.95,0.98,0.96,0.96,0.98,0.99
461,0.96,0.94,0.95,0.99,0.96,0.95,0.98,0.99
462,0.95,0.95,0.95,0.98,0.96,0.96,0.98,0.99
463,0.96,0.94,0.95,0.98,0.96,0.95,0.98,0.99
464,0.96,0.94,0.95,0.99,0.96,0.95,0.98,0.99
465,0.96,0.95,0.95,0.99,0.96,0.95,0.98,0.99
466,0.96,0.94,0.96,0.98,0.97,0.95,0.98,0.99
467,0.96,0.95,0.96,0.98,0.97,0.96,0.98,0.99
468,0.96,0.95,0.96,0.98,0.97,0.96,0.98,0.99
469,0.97,0.94,0.96,0.99,0.97,0.95,0.98,0.99
470,0.97,0.95,0.96,0.98,0.98,0.97,0.99,1.0
471,0.97,0.95,0.96,0.99,0.97,0.96,0.99,0.99
472,0.97,0.95,0.96,0.99,0.98,0.96,0.99,0.99
473,0.96,0.95,0.96,0.99,0.98,0.96,0.99,1.0
474,0.96,0.95,0.96,0.98,0.97,0.96,0.98,1.0
475,0.96,0.94,0.96,0.98,0.97,0.95,0.99,0.99
476,0.96,0.94,0.96,0.99,0.96,0.96,0.99,0.99
477,0.96,0.94,0.96,0.99,0.97,0.96,0.98,0.99
478,0.96,0.94,0.96,0.99,0.97,0.95,0.98,0.99
479,0.95,0.95,0.96,0.98,0.97,0.95,0.99,0.99
480,0.95,0.95,0.96,0.99,0.97,0.96,0.99,0.99
481,0.95,0.95,0.96,0.98,0.97,0.95,0.98,0.99
482,0.94,0.95,0.95,1.0,0.97,0.97,0.98,1.0
483,0.94,0.95,0.95,1.0,0.97,0.96,0.98,0.99
484,0.94,0.95,0.95,0.99,0.97,0.95,0.98,1.0
485,0.94,0.94,0.95,0.99,0.96,0.95,0.98,0.99
486,0.93,0.94,0.94,0.99,0.96,0.96,0.98,0.99
487,0.93,0.95,0.94,0.99,0.96,0.95,0.98,0.99
488,0.93,0.94,0.94,0.99,0.95,0.95,0.97,0.99
489,0.93,0.95,0.94,0.99,0.96,0.96,0.98,0.99
490,0.93,0.95,0.94,1.0,0.96,0.96,0.98,0.99
491,0.93,0.95,0.94,0.99,0.96,0.95,0.98,0.99
492,0.94,0.95,0.94,0.99,0.96,0.95,0.98,1.0
493,0.93,0.95,0.94,0.99,0.95,0.95,0.97,0.99
494,0.94,0.95,0.94,1.0,0.96,0.95,0.97,0.99
495,0.94,0.95,0.94,1.0,0.96,0.95,0.97,1.0
496,0.94,0.94,0.94,0.99,0.95,0.95,0.97,1.0
497,0.94,0.94,0.94,0.99,0.96,0.95,0.97,0.99
498,0.94,0.94,0.94,0.98,0.96,0.95,0.97,0.99
499,0.94,0.96,0.94,0.99,0.96,0.95,0.97,1.0
500,0.94,0.95,0.94,0.99,0.95,0.96,0.97,0.99
501,0.93,0.94,0.94,0.99,0.96,0.95,0.97,0.99
502,0.93,0.95,0.93,1.0,0.95,0.96,0.97,0.99
503,0.92,0.95,0.93,1.0,0.95,0.95,0.97,0.99
504,0.93,0.95,0.93,0.99,0.95,0.95,0.97,0.99
505,0.93,0.95,0.94,1.0,0.95,0.96,0.98,1.0
506,0.93,0.95,0.93,0.99,0.95,0.96,0.97,1.0
507,0.93,0.95,0.93,0.99,0.95,0.96,0.97,1.0
508,0.93,0.94,0.93,0.99,0.95,0.95,0.97,0.99
509,0.94,0.95,0.94,1.0,0.95,0.96,0.97,1.0
510,0.94,0.95,0.94,1.0,0.95,0.95,0.97,0.99
511,0.93,0.94,0.93,0.99,0.95,0.95,0.97,1.0
512,0.93,0.94,0.93,0.99,0.95,0.95,0.97,0.99
513,0.93,0.94,0.93,0.99,0.95,0.95,0.97,0.99
514,0.93,0.94,0.93,0.99,0.95,0.95,0.97,0.99
515,0.93,0.94,0.93,1.0,0.95,0.95,0.97,0.99
516,0.94,0.93,0.93,0.99,0.95,0.95,0.97,0.99
517,0.94,0.94,0.94,0.99,0.95,0.95,0.97,0.99
518,0.93,0.93,0.93,0.98,0.96,0.95,0.97,0.99
519,0.93,0.93,0.93,0.99,0.95,0.95,0.97,0.99
520,0.93,0.94,0.93,0.99,0.95,0.95,0.97,0.99
521,0.94,0.94,0.94,0.99,0.95,0.95,0.97,0.99
522,0.94,0.94,0.93,0.99,0.95,0.95,0.97,0.99
523,0.93,0.94,0.94,0.99,0.95,0.95,0.97,0.99
524,0.93,0.94,0.93,0.99,0.96,0.95,0.97,0.99
525,0.93,0.93,0.93,1.0,0.95,0.95,0.97,0.99
526,0.93,0.94,0.93,0.98,0.95,0.95,0.97,0.99
527,0.94,0.94,0.94,0.99,0.96,0.96,0.97,0.99
528,0.94,0.95,0.94,0.99,0.96,0.96,0.98,0.99
529,0.94,0.95,0.94,0.99,0.96,0.96,0.97,1.0
530,0.94,0.95,0.95,1.0,0.96,0.96,0.98,0.99
531,0.94,0.96,0.95,1.0,0.96,0.96,0.98,1.0
532,0.94,0.96,0.95,1.0,0.96,0.97,0.98,0.99
533,0.95,0.96,0.95,1.0,0.96,0.96,0.98,1.0
534,0.94,0.95,0.94,0.99,0.96,0.97,0.98,1.0
535,0.94,0.95,0.94,1.0,0.96,0.96,0.97,0.99
536,0.94,0.95,0.94,1.0,0.96,0.96,0.98,1.0
537,0.94,0.95,0.94,1.0,0.96,0.96,0.98,0.99
538,0.94,0.95,0.94,0.99,0.96,0.95,0.98,0.99
539,0.93,0.94,0.94,0.99,0.96,0.96,0.97,1.0
540,0.94,0.94,0.94,0.99,0.96,0.96,0.97,0.99
541,0.93,0.95,0.94,1.0,0.95,0.95,0.97,0.99
542,0.93,0.95,0.94,1.0,0.96,0.95,0.97,1.0
543,0.94,0.95,0.94,1.0,0.96,0.95,0.97,1.0
544,0.93,0.95,0.94,1.0,0.96,0.95,0.98,1.0
545,0.93,0.95,0.94,1.0,0.96,0.97,0.98,1.0
546,0.93,0.96,0.94,1.0,0.96,0.96,0.98,1.0
547,0.93,0.96,0.94,1.0,0.95,0.97,0.98,1.0
548,0.93,0.96,0.94,1.0,0.96,0.97,0.98,1.0
549,0.94,0.96,0.93,1.0,0.96,0.96,0.98,1.0
550,0.93,0.95,0.93,1.0,0.95,0.96,0.98,1.0
551,0.93,0.95,0.93,1.0,0.95,0.97,0.97,1.0
552,0.92,0.95,0.93,1.0,0.96,0.95,0.97,1.0
553,0.92,0.95,0.93,1.0,0.95,0.95,0.97,1.0
554,0.92,0.94,0.93,1.0,0.95,0.95,0.97,0.99
555,0.93,0.94,0.93,0.99,0.95,0.95,0.97,1.0
556,0.93,0.94,0.93,1.0,0.95,0.96,0.97,1.0
557,0.93,0.95,0.93,1.0,0.95,0.95,0.97,0.99
558,0.93,0.94,0.93,1.0,0.95,0.96,0.97,1.0
559,0.94,0.94,0.94,1.0,0.96,0.95,0.97,1.0
560,0.93,0.95,0.94,1.0,0.95,0.95,0.97,0.99
561,0.94,0.95,0.94,1.0,0.96,0.95,0.97,1.0
562,0.94,0.95,0.94,1.0,0.96,0.96,0.97,0.99
563,0.94,0.95,0.94,1.0,0.96,0.96,0.97,1.0
564,0.94,0.95,0.94,1.0,0.96,0.96,0.98,1.0
565,0.94,0.95,0.94,1.0,0.97,0.96,0.98,1.0
566,0.94,0.95,0.94,1.0,0.96,0.96,0.97,1.0
567,0.94,0.96,0.94,1.0,0.96,0.96,0.98,1.0
568,0.94,0.96,0.94,1.0,0.97,0.96,0.98,1.0
569,0.94,0.96,0.95,1.0,0.96,0.97,0.98,1.0
570,0.94,0.96,0.95,1.0,0.97,0.96,0.98,1.0
571,0.95,0.96,0.95,1.0,0.97,0.96,0.98,1.0
572,0.94,0.96,0.95,1.0,0.96,0.96,0.98,0.99
573,0.94,0.95,0.94,1.0,0.96,0.95,0.98,1.0
574,0.94,0.95,0.94,1.0,0.97,0.95,0.98,1.0
575,0.94,0.95,0.94,1.0,0.97,0.96,0.98,1.0
576,0.94,0.94,0.95,1.0,0.96,0.96,0.98,1.0
577,0.94,0.95,0.94,1.0,0.96,0.96,0.98,1.0
578,0.94,0.95,0.95,1.0,0.96,0.96,0.98,1.0
579,0.94,0.94,0.95,1.0,0.97,0.96,0.98,0.99
580,0.95,0.94,0.95,1.0,0.97,0.96,0.98,0.99
581,0.95,0.95,0.95,1.0,0.97,0.95,0.98,1.0
582,0.95,0.95,0.95,1.0,0.97,0.95,0.98,1.0
583,0.95,0.95,0.95,1.0,0.97,0.95,0.98,0.99
584,0.94,0.94,0.95,1.0,0.97,0.95,0.98,0.99
585,0.94,0.95,0.95,1.0,0.97,0.96,0.98,0.99
586,0.94,0.94,0.95,1.0,0.97,0.95,0.98,0.99
587,0.94,0.94,0.94,1.0,0.96,0.95,0.98,0.99
588,0.94,0.94,0.94,1.0,0.96,0.95,0.98,0.99
589,0.94,0.94,0.94,0.99,0.96,0.95,0.98,1.0
590,0.94,0.94,0.94,1.0,0.96,0.95,0.97,0.99
591,0.94,0.94,0.94,0.99,0.96,0.95,0.98,0.99
592,0.93,0.94,0.94,1.0,0.96,0.95,0.97,0.99
593,0.94,0.93,0.94,1.0,0.96,0.95,0.98,0.99
594,0.93,0.93,0.94,1.0,0.96,0.95,0.97,0.99
595,0.93,0.93,0.93,1.0,0.95,0.95,0.97,0.99
596,0.93,0.93,0.93,1.0,0.95,0.95,0.97,0.99
597,0.94,0.93,0.93,1.0,0.95,0.95,0.97,0.99
598,0.94,0.94,0.94,1.0,0.96,0.95,0.97,0.99
599,0.94,0.94,0.94,1.0,0.96,0.95,0.97,0.99
