0,0.76,0.87,0.84,0.95,0.88,0.87,0.96,0.94
1,0.73,0.87,0.83,0.95,0.84,0.9,0.94,0.93
2,0.73,0.87,0.81,0.95,0.84,0.93,0.94,0.94
3,0.73,0.84,0.83,0.95,0.84,0.9,0.94,0.94
4,0.76,0.87,0.83,0.95,0.84,0.9,0.94,0.93
5,0.73,0.89,0.83,0.95,0.84,0.9,0.94,0.94
6,0.76,0.89,0.83,0.95,0.84,0.9,0.96,0.94
7,0.76,0.89,0.84,0.97,0.84,0.9,0.94,0.94
8,0.76,0.89,0.84,0.97,0.88,0.93,0.94,0.94
9,0.76,0.89,0.84,0.97,0.84,0.93,0.96,0.94
10,0.76,0.89,0.84,0.97,0.88,1.0,0.96,0.94
11,0.76,0.89,0.84,0.97,0.88,0.93,0.96,0.94
12,0.76,0.92,0.84,0.97,0.88,0.93,0.96,0.94
13,0.76,0.89,0.84,0.97,0.88,0.9,0.94,0.94
14,0.76,0.89,0.84,0.97,0.88,0.9,0.94,0.94
15,0.76,0.89,0.84,0.97,0.88,0.93,0.96,0.94
16,0.79,0.89,0.84,0.97,0.88,0.93,0.96,0.94
17,0.79,0.92,0.86,0.97,0.88,0.9,0.96,0.94
18,0.79,0.92,0.86,0.97,0.88,0.93,0.96,0.94
19,0.79,0.95,0.86,0.98,0.88,0.96,0.96,0.94
20,0.79,0.92,0.87,0.97,0.88,0.93,0.96,0.94
21,0.79,0.95,0.87,0.97,0.92,0.96,0.98,0.94
22,0.82,0.95,0.87,0.97,0.88,0.96,0.98,0.94
23,0.82,0.92,0.87,0.97,0.92,0.93,0.98,0.94
24,0.79,0.95,0.87,0.97,0.88,0.96,0.96,0.94
25,0.82,0.92,0.87,0.97,0.88,0.93,0.96,0.94
26,0.76,0.92,0.87,0.97,0.88,0.93,0.96,0.94
27,0.79,0.92,0.87,0.97,0.88,0.93,0.96,0.94
28,0.79,0.92,0.87,0.97,0.92,0.96,0.96,0.94
29,0.82,0.92,0.87,0.97,0.88,0.93,0.96,0.94
30,0.82,0.95,0.87,0.97,0.88,0.96,0.96,0.94
31,0.82,0.95,0.87,0.97,0.88,0.96,0.96,0.94
32,0.82,0.92,0.87,0.98,0.88,0.96,0.98,0.94
33,0.82,0.92,0.87,0.97,0.88,0.96,0.98,0.94
34,0.82,0.92,0.89,0.97,0.88,0.96,0.98,0.94
35,0.85,0.95,0.89,0.97,0.92,0.96,0.98,0.94
36,0.85,1.0,0.89,0.98,0.92,0.96,0.98,0.94
37,0.85,0.98,0.89,0.97,0.88,1.0,0.98,0.94
38,0.82,0.98,0.89,0.97,0.92,0.96,1.0,0.94
39,0.82,0.95,0.87,0.97,0.92,0.96,0.98,0.94
40,0.82,0.95,0.89,0.98,0.92,0.96,1.0,0.94
41,0.82,0.98,0.87,0.97,0.92,1.0,0.98,0.94
42,0.85,0.98,0.87,0.97,0.88,0.96,1.0,0.94
43,0.85,0.98,0.89,0.97,0.92,1.0,0.98,0.94
44,0.82,0.98,0.89,0.97,0.92,0.96,0.98,0.94
45,0.85,0.95,0.89,0.97,0.88,0.96,1.0,0.94
46,0.85,0.98,0.89,0.97,0.92,0.96,0.98,0.94
47,0.85,0.98,0.89,0.98,0.92,0.96,1.0,0.94
48,0.85,0.95,0.89,0.97,0.88,0.96,0.98,0.94
49,0.82,0.95,0.87,0.97,0.88,0.96,0.98,0.94
50,0.79,0.92,0.86,0.97,0.88,0.93,0.96,0.94
51,0.82,0.92,0.87,0.97,0.92,0.93,0.96,0.94
52,0.88,0.92,0.92,0.97,0.92,0.9,0.94,0.94
53,0.94,0.92,0.99,0.97,0.96,0.93,0.94,0.94
54,1.0,0.92,1.0,0.97,0.96,0.9,0.92,0.94
55,1.0,0.89,1.0,0.97,1.0,0.9,0.92,0.93
56,0.94,0.71,0.87,0.92,0.96,0.74,0.72,0.9
57,0.91,0.61,0.78,0.89,0.88,0.67,0.63,0.87
58,0.82,0.5,0.66,0.84,0.81,0.54,0.52,0.84
59,0.67,0.35,0.47,0.7,0.62,0.33,0.34,0.76
60,0.62,0.28,0.41,0.66,0.58,0.27,0.29,0.72
61,0.56,0.22,0.35,0.59,0.47,0.21,0.29,0.67
62,0.47,0.2,0.31,0.53,0.44,0.18,0.23,0.62
63,0.41,0.17,0.26,0.45,0.37,0.12,0.22,0.57
64,0.39,0.15,0.25,0.42,0.33,0.12,0.18,0.53
65,0.39,0.15,0.22,0.38,0.26,0.12,0.15,0.49
66,0.39,0.13,0.21,0.34,0.26,0.09,0.17,0.47
67,0.28,0.1,0.16,0.28,0.2,0.06,0.13,0.42
68,0.28,0.1,0.16,0.27,0.2,0.06,0.15,0.41
69,0.22,0.07,0.12,0.23,0.16,0.06,0.12,0.36
70,0.22,0.07,0.12,0.22,0.13,0.06,0.12,0.34
71,0.22,0.1,0.11,0.19,0.13,0.06,0.1,0.32
72,0.19,0.07,0.1,0.17,0.1,0.06,0.1,0.29
73,0.16,0.1,0.1,0.16,0.1,0.09,0.1,0.28
74,0.16,0.1,0.1,0.14,0.1,0.06,0.1,0.26
75,0.16,0.1,0.08,0.13,0.1,0.06,0.08,0.24
76,0.16,0.1,0.08,0.13,0.1,0.06,0.08,0.23
77,0.16,0.1,0.07,0.11,0.06,0.06,0.08,0.21
78,0.16,0.07,0.07,0.09,0.06,0.06,0.07,0.2
79,0.14,0.07,0.07,0.09,0.06,0.03,0.07,0.19
80,0.14,0.07,0.07,0.08,0.06,0.03,0.05,0.18
81,0.14,0.07,0.05,0.06,0.06,0.03,0.05,0.16
82,0.14,0.07,0.07,0.08,0.03,0.03,0.05,0.16
83,0.14,0.07,0.05,0.06,0.06,0.06,0.05,0.15
84,0.14,0.07,0.05,0.06,0.06,0.03,0.05,0.14
85,0.11,0.07,0.07,0.06,0.06,0.06,0.05,0.12
86,0.14,0.07,0.07,0.05,0.06,0.03,0.05,0.12
87,0.14,0.05,0.07,0.05,0.06,0.03,0.05,0.11
88,0.16,0.07,0.08,0.05,0.03,0.06,0.05,0.1
89,0.16,0.07,0.08,0.05,0.06,0.06,0.05,0.1
90,0.16,0.07,0.08,0.05,0.1,0.03,0.05,0.09
91,0.16,0.07,0.1,0.05,0.1,0.06,0.05,0.09
92,0.19,0.07,0.1,0.03,0.1,0.06,0.07,0.08
93,0.19,0.1,0.1,0.03,0.1,0.06,0.07,0.08
94,0.19,0.1,0.11,0.03,0.1,0.06,0.07,0.08
95,0.19,0.07,0.1,0.03,0.1,0.09,0.08,0.07
96,0.19,0.1,0.1,0.03,0.1,0.09,0.07,0.07
97,0.16,0.07,0.1,0.03,0.1,0.06,0.07,0.07
98,0.16,0.1,0.1,0.03,0.1,0.06,0.07,0.06
99,0.16,0.07,0.08,0.03,0.06,0.09,0.05,0.06
100,0.16,0.07,0.08,0.03,0.1,0.09,0.05,0.05
101,0.16,0.05,0.07,0.03,0.06,0.03,0.05,0.05
102,0.14,0.05,0.07,0.02,0.06,0.03,0.05,0.05
103,0.14,0.05,0.05,0.02,0.06,0.03,0.03,0.05
104,0.14,0.07,0.07,0.02,0.06,0.03,0.05,0.04
105,0.14,0.05,0.07,0.03,0.1,0.03,0.05,0.04
106,0.14,0.07,0.05,0.02,0.06,0.06,0.05,0.04
107,0.14,0.07,0.05,0.02,0.06,0.06,0.03,0.04
108,0.14,0.07,0.05,0.02,0.06,0.06,0.03,0.04
109,0.14,0.07,0.05,0.02,0.03,0.03,0.03,0.03
110,0.11,0.07,0.04,0.02,0.06,0.03,0.03,0.03
111,0.14,0.07,0.05,0.03,0.06,0.06,0.05,0.03
112,0.11,0.07,0.05,0.03,0.06,0.06,0.03,0.03
113,0.11,0.05,0.04,0.03,0.06,0.03,0.05,0.03
114,0.08,0.07,0.04,0.03,0.03,0.06,0.03,0.03
115,0.08,0.07,0.04,0.02,0.03,0.06,0.03,0.03
116,0.08,0.05,0.03,0.02,0.03,0.03,0.03,0.03
117,0.06,0.05,0.01,0.02,0.03,0.06,0.02,0.03
118,0.06,0.05,0.01,0.02,0.0,0.0,0.0,0.02
119,0.0,0.02,0.0,0.02,0.0,0.0,0.0,0.02
120,0.06,0.05,0.01,0.02,0.0,0.0,0.02,0.02
121,0.06,0.05,0.0,0.02,0.0,0.06,0.02,0.02
122,0.06,0.05,0.0,0.02,0.0,0.03,0.02,0.02
123,0.08,0.05,0.01,0.03,0.0,0.03,0.02,0.02
124,0.06,0.05,0.03,0.02,0.03,0.03,0.02,0.02
125,0.08,0.07,0.03,0.02,0.03,0.06,0.03,0.02
126,0.08,0.07,0.04,0.02,0.03,0.06,0.03,0.02
127,0.11,0.1,0.04,0.02,0.03,0.06,0.03,0.02
128,0.11,0.1,0.05,0.02,0.06,0.06,0.03,0.02
129,0.14,0.1,0.05,0.02,0.06,0.06,0.03,0.02
130,0.14,0.1,0.05,0.02,0.03,0.06,0.05,0.02
131,0.14,0.1,0.07,0.02,0.06,0.06,0.03,0.01
132,0.14,0.07,0.07,0.02,0.06,0.03,0.03,0.01
133,0.11,0.07,0.05,0.02,0.06,0.03,0.03,0.01
134,0.11,0.05,0.04,0.03,0.03,0.03,0.03,0.01
135,0.08,0.02,0.04,0.02,0.03,0.03,0.03,0.01
136,0.14,0.05,0.04,0.02,0.03,0.03,0.03,0.01
137,0.08,0.05,0.05,0.02,0.06,0.03,0.02,0.01
138,0.11,0.05,0.04,0.02,0.03,0.03,0.03,0.01
139,0.11,0.05,0.05,0.02,0.06,0.03,0.03,0.01
140,0.11,0.05,0.04,0.02,0.03,0.03,0.03,0.01
141,0.11,0.02,0.04,0.02,0.03,0.03,0.03,0.01
142,0.08,0.05,0.04,0.02,0.03,0.03,0.02,0.01
143,0.11,0.02,0.04,0.02,0.03,0.03,0.02,0.01
144,0.11,0.0,0.04,0.0,0.03,0.0,0.02,0.01
145,0.11,0.02,0.04,0.02,0.03,0.03,0.02,0.0
146,0.14,0.05,0.05,0.02,0.03,0.03,0.02,0.0
147,0.14,0.05,0.04,0.0,0.03,0.03,0.03,0.0
148,0.11,0.05,0.05,0.02,0.06,0.03,0.03,0.0
149,0.11,0.05,0.05,0.0,0.03,0.0,0.03,0.0
150,0.11,0.05,0.05,0.0,0.03,0.03,0.03,0.0
151,0.14,0.05,0.05,0.02,0.06,0.03,0.03,0.0
152,0.14,0.05,0.05,0.02,0.06,0.03,0.03,0.0
153,0.11,0.05,0.05,0.0,0.03,0.03,0.03,0.0
154,0.11,0.05,0.05,0.0,0.03,0.03,0.05,0.0
155,0.11,0.07,0.05,0.0,0.03,0.03,0.03,0.0
156,0.14,0.13,0.11,0.03,0.06,0.12,0.1,0.01
157,0.16,0.15,0.14,0.03,0.1,0.09,0.13,0.01
158,0.16,0.17,0.15,0.05,0.1,0.15,0.15,0.01
159,0.19,0.25,0.21,0.08,0.13,0.21,0.2,0.03
160,0.22,0.3,0.25,0.11,0.16,0.27,0.25,0.04
161,0.28,0.35,0.29,0.16,0.2,0.3,0.29,0.05
162,0.28,0.37,0.34,0.19,0.23,0.33,0.32,0.07
163,0.3,0.4,0.34,0.19,0.26,0.36,0.32,0.07
164,0.33,0.43,0.36,0.22,0.26,0.39,0.36,0.08
165,0.39,0.5,0.42,0.27,0.33,0.45,0.43,0.11
166,0.41,0.5,0.47,0.31,0.37,0.51,0.46,0.14
167,0.41,0.5,0.47,0.34,0.37,0.54,0.46,0.14
168,0.44,0.55,0.5,0.39,0.4,0.51,0.5,0.17
169,0.47,0.55,0.53,0.41,0.4,0.54,0.52,0.18
170,0.47,0.55,0.54,0.44,0.44,0.58,0.54,0.2
171,0.5,0.58,0.57,0.48,0.47,0.61,0.57,0.22
172,0.53,0.61,0.58,0.5,0.51,0.61,0.57,0.23
173,0.53,0.63,0.6,0.53,0.51,0.61,0.59,0.25
174,0.56,0.63,0.62,0.58,0.51,0.64,0.63,0.28
175,0.56,0.66,0.63,0.61,0.55,0.64,0.63,0.3
176,0.56,0.63,0.63,0.61,0.55,0.64,0.65,0.31
177,0.59,0.63,0.65,0.64,0.58,0.64,0.65,0.33
178,0.59,0.63,0.65,0.67,0.58,0.67,0.67,0.35
179,0.59,0.63,0.65,0.69,0.58,0.64,0.68,0.38
180,0.56,0.61,0.65,0.72,0.58,0.67,0.67,0.4
181,0.56,0.61,0.65,0.72,0.58,0.67,0.68,0.42
182,0.59,0.63,0.66,0.73,0.58,0.67,0.7,0.43
183,0.59,0.66,0.66,0.75,0.62,0.67,0.7,0.44
184,0.59,0.66,0.66,0.75,0.62,0.67,0.72,0.46
185,0.59,0.69,0.68,0.78,0.66,0.74,0.74,0.48
186,0.62,0.69,0.69,0.8,0.66,0.74,0.74,0.5
187,0.62,0.71,0.72,0.81,0.66,0.74,0.76,0.52
188,0.64,0.71,0.72,0.81,0.66,0.74,0.78,0.53
189,0.64,0.71,0.72,0.83,0.69,0.74,0.78,0.54
190,0.64,0.73,0.74,0.84,0.69,0.83,0.8,0.56
191,0.67,0.71,0.74,0.84,0.69,0.8,0.8,0.58
192,0.64,0.71,0.75,0.84,0.73,0.8,0.8,0.59
193,0.67,0.73,0.75,0.86,0.69,0.77,0.82,0.61
194,0.67,0.73,0.75,0.87,0.73,0.83,0.82,0.62
195,0.67,0.76,0.75,0.87,0.73,0.8,0.82,0.63
196,0.7,0.76,0.76,0.87,0.73,0.8,0.84,0.64
197,0.67,0.76,0.78,0.89,0.77,0.8,0.84,0.66
198,0.7,0.76,0.78,0.91,0.77,0.8,0.84,0.67
199,0.7,0.76,0.78,0.91,0.77,0.8,0.84,0.68
200,0.7,0.76,0.78,0.91,0.77,0.8,0.84,0.69
201,0.7,0.76,0.76,0.91,0.81,0.77,0.84,0.7
202,0.67,0.73,0.78,0.91,0.77,0.77,0.86,0.71
203,0.67,0.73,0.75,0.92,0.77,0.8,0.86,0.72
204,0.67,0.71,0.75,0.92,0.77,0.8,0.86,0.73
205,0.67,0.73,0.75,0.92,0.77,0.77,0.84,0.74
206,0.67,0.73,0.76,0.92,0.77,0.8,0.86,0.74
207,0.67,0.73,0.75,0.92,0.77,0.83,0.86,0.76
208,0.7,0.73,0.76,0.92,0.77,0.8,0.86,0.77
209,0.7,0.76,0.78,0.94,0.77,0.8,0.86,0.78
210,0.73,0.76,0.78,0.94,0.77,0.77,0.88,0.78
211,0.73,0.76,0.78,0.94,0.81,0.8,0.88,0.79
212,0.73,0.79,0.79,0.94,0.81,0.83,0.88,0.8
213,0.73,0.76,0.79,0.94,0.81,0.83,0.86,0.8
214,0.73,0.79,0.79,0.95,0.81,0.83,0.9,0.81
215,0.7,0.76,0.79,0.94,0.81,0.83,0.9,0.82
216,0.7,0.76,0.78,0.95,0.77,0.8,0.88,0.82
217,0.7,0.76,0.78,0.94,0.81,0.83,0.9,0.83
218,0.7,0.76,0.78,0.95,0.81,0.83,0.9,0.84
219,0.7,0.79,0.78,0.94,0.81,0.83,0.9,0.85
220,0.7,0.79,0.79,0.95,0.81,0.8,0.9,0.85
221,0.7,0.79,0.79,0.95,0.81,0.83,0.9,0.86
222,0.7,0.79,0.79,0.95,0.81,0.83,0.9,0.86
223,0.7,0.79,0.79,0.95,0.81,0.83,0.92,0.86
224,0.73,0.81,0.79,0.95,0.81,0.87,0.9,0.87
225,0.7,0.81,0.79,0.95,0.81,0.87,0.9,0.88
226,0.7,0.81,0.79,0.95,0.81,0.87,0.92,0.88
227,0.7,0.81,0.79,0.97,0.81,0.87,0.9,0.89
228,0.7,0.79,0.79,0.97,0.84,0.87,0.92,0.89
229,0.7,0.81,0.79,0.97,0.81,0.9,0.9,0.89
230,0.7,0.79,0.79,0.95,0.81,0.87,0.9,0.9
231,0.67,0.79,0.78,0.97,0.81,0.83,0.9,0.9
232,0.64,0.76,0.78,0.95,0.77,0.83,0.88,0.9
233,0.67,0.76,0.76,0.95,0.77,0.8,0.88,0.91
234,0.67,0.73,0.75,0.97,0.77,0.8,0.88,0.91
235,0.67,0.73,0.76,0.97,0.81,0.8,0.88,0.91
236,0.67,0.73,0.76,0.95,0.77,0.83,0.88,0.92
237,0.67,0.76,0.76,0.95,0.77,0.8,0.88,0.92
238,0.67,0.73,0.76,0.97,0.77,0.8,0.86,0.92
239,0.67,0.73,0.75,0.95,0.81,0.8,0.86,0.92
240,0.67,0.71,0.76,0.97,0.77,0.8,0.86,0.92
241,0.67,0.73,0.76,0.95,0.77,0.8,0.88,0.93
242,0.7,0.71,0.76,0.95,0.81,0.8,0.88,0.93
243,0.7,0.73,0.76,0.95,0.81,0.8,0.88,0.93
244,0.67,0.71,0.76,0.97,0.81,0.8,0.86,0.93
245,0.7,0.73,0.76,0.95,0.77,0.8,0.86,0.94
246,0.7,0.73,0.78,0.97,0.81,0.8,0.86,0.94
247,0.73,0.73,0.76,0.95,0.81,0.83,0.88,0.94
248,0.73,0.71,0.78,0.95,0.81,0.83,0.88,0.94
249,0.7,0.71,0.78,0.95,0.81,0.8,0.88,0.95
250,0.73,0.71,0.78,0.97,0.81,0.8,0.88,0.95
251,0.73,0.73,0.79,0.97,0.81,0.8,0.88,0.95
252,0.73,0.71,0.79,0.97,0.81,0.8,0.9,0.95
253,0.73,0.79,0.79,0.95,0.81,0.8,0.9,0.95
254,0.7,0.73,0.79,0.95,0.81,0.8,0.9,0.95
255,0.73,0.73,0.79,0.97,0.81,0.83,0.9,0.95
256,0.73,0.73,0.79,0.97,0.81,0.8,0.9,0.96
257,0.7,0.73,0.79,0.95,0.81,0.8,0.9,0.96
258,0.7,0.71,0.78,0.97,0.81,0.8,0.9,0.96
259,0.67,0.73,0.78,0.97,0.81,0.8,0.9,0.96
260,0.67,0.73,0.78,0.97,0.81,0.8,0.9,0.96
261,0.7,0.73,0.78,0.97,0.81,0.8,0.9,0.96
262,0.67,0.73,0.78,0.97,0.81,0.8,0.9,0.96
263,0.7,0.76,0.78,0.97,0.81,0.83,0.9,0.97
264,0.7,0.79,0.78,0.97,0.81,0.83,0.9,0.97
265,0.7,0.76,0.78,0.97,0.84,0.83,0.9,0.97
266,0.7,0.76,0.79,0.97,0.81,0.87,0.92,0.97
267,0.7,0.79,0.78,0.97,0.81,0.83,0.92,0.97
268,0.7,0.79,0.79,0.98,0.84,0.87,0.92,0.97
269,0.7,0.79,0.79,0.97,0.81,0.87,0.9,0.97
270,0.7,0.79,0.79,0.97,0.84,0.87,0.9,0.98
271,0.7,0.81,0.79,0.97,0.84,0.9,0.92,0.97
272,0.73,0.84,0.81,0.98,0.84,0.9,0.92,0.98
273,0.73,0.84,0.81,0.98,0.84,0.87,0.92,0.98
274,0.76,0.84,0.83,1.0,0.84,0.9,0.94,0.98
275,0.73,0.84,0.83,0.98,0.84,0.93,0.94,0.98
276,0.76,0.84,0.84,0.98,0.84,0.93,0.94,0.98
277,0.76,0.84,0.84,0.98,0.88,0.9,0.94,0.98
278,0.76,0.84,0.86,0.98,0.88,0.9,0.94,0.99
279,0.79,0.87,0.86,0.98,0.88,0.93,0.94,0.99
280,0.79,0.87,0.86,0.98,0.88,0.96,0.96,0.99
281,0.79,0.89,0.86,1.0,0.88,0.93,0.96,0.99
282,0.82,0.89,0.86,1.0,0.88,0.96,0.96,0.99
283,0.79,0.89,0.86,1.0,0.88,0.9,0.96,0.99
284,0.79,0.89,0.86,1.0,0.88,0.96,0.96,0.99
285,0.76,0.87,0.86,1.0,0.88,0.93,0.96,0.99
286,0.76,0.89,0.86,1.0,0.88,0.9,0.96,0.99
287,0.76,0.87,0.86,1.0,0.88,0.93,0.96,0.99
288,0.79,0.89,0.84,1.0,0.88,0.93,0.94,0.99
289,0.76,0.87,0.86,1.0,0.88,0.93,0.96,0.99
290,0.76,0.87,0.84,1.0,0.88,0.93,0.94,0.99
291,0.73,0.89,0.84,1.0,0.88,0.93,0.96,0.99
292,0.76,0.89,0.84,1.0,0.88,0.96,0.96,0.99
293,0.76,0.89,0.84,1.0,0.88,0.96,0.96,0.99
294,0.76,0.87,0.84,1.0,0.84,0.93,0.96,0.99
295,0.73,0.89,0.83,1.0,0.84,0.9,0.94,0.99
296,0.73,0.84,0.79,1.0,0.84,0.9,0.92,0.99
297,0.73,0.84,0.81,0.98,0.84,0.93,0.92,0.99
298,0.7,0.84,0.79,1.0,0.81,0.9,0.92,0.99
299,0.7,0.84,0.79,1.0,0.81,0.9,0.92,0.99
300,0.7,0.81,0.79,1.0,0.81,0.9,0.92,0.99
301,0.67,0.84,0.78,1.0,0.81,0.9,0.9,0.99
302,0.7,0.84,0.78,1.0,0.81,0.9,0.9,0.99
303,0.73,0.84,0.79,0.98,0.84,0.9,0.9,0.99
304,0.73,0.87,0.79,1.0,0.81,0.9,0.92,0.99
305,0.73,0.87,0.79,0.98,0.81,0.93,0.92,1.0
306,0.73,0.87,0.81,1.0,0.84,0.9,0.92,0.99
307,0.73,0.87,0.81,1.0,0.84,0.9,0.92,0.99
308,0.76,0.84,0.81,1.0,0.84,0.9,0.92,0.99
309,0.76,0.84,0.83,1.0,0.84,0.9,0.94,0.99
310,0.76,0.87,0.84,1.0,0.84,0.9,0.94,0.99
311,0.79,0.87,0.84,1.0,0.84,0.9,0.94,0.99
312,0.79,0.87,0.84,1.0,0.88,0.9,0.94,1.0
313,0.79,0.81,0.84,1.0,0.88,0.9,0.92,0.99
314,0.79,0.84,0.83,0.98,0.84,0.9,0.92,0.99
315,0.79,0.84,0.84,1.0,0.88,0.9,0.92,0.99
316,0.79,0.84,0.84,1.0,0.84,0.9,0.96,0.99
317,0.79,0.84,0.84,1.0,0.84,0.9,0.94,0.99
318,0.79,0.81,0.84,0.98,0.88,0.9,0.94,0.99
319,0.79,0.84,0.84,1.0,0.84,0.9,0.92,0.99
320,0.79,0.84,0.84,1.0,0.84,0.9,0.94,0.99
321,0.79,0.84,0.86,0.98,0.88,0.9,0.96,0.99
322,0.79,0.89,0.86,1.0,0.88,0.9,0.94,0.99
323,0.79,0.87,0.86,0.98,0.88,0.9,0.96,0.99
324,0.79,0.89,0.84,1.0,0.88,0.9,0.96,0.99
325,0.79,0.87,0.86,1.0,0.88,0.93,0.96,0.99
326,0.79,0.87,0.84,1.0,0.88,0.93,0.96,1.0
327,0.76,0.87,0.84,1.0,0.88,0.9,0.96,0.99
328,0.76,0.84,0.84,1.0,0.88,0.9,0.96,1.0
329,0.76,0.89,0.84,1.0,0.88,0.93,0.96,1.0
330,0.76,0.89,0.84,1.0,0.88,0.93,0.96,0.99
331,0.76,0.89,0.84,1.0,0.84,0.93,0.96,1.0
332,0.76,0.89,0.84,1.0,0.88,0.96,0.96,1.0
333,0.76,0.89,0.84,1.0,0.81,0.96,0.96,1.0
334,0.76,0.89,0.83,1.0,0.88,0.93,0.96,0.99
335,0.73,0.89,0.83,1.0,0.88,0.93,0.96,1.0
336,0.73,0.89,0.83,1.0,0.84,0.96,0.94,1.0
337,0.73,0.87,0.81,1.0,0.84,0.93,0.94,1.0
338,0.7,0.89,0.81,1.0,0.84,0.93,0.94,0.99
339,0.7,0.89,0.81,1.0,0.84,0.9,0.94,1.0
340,0.73,0.89,0.81,1.0,0.81,0.93,0.94,1.0
341,0.73,0.87,0.81,1.0,0.84,0.93,0.94,0.99
342,0.73,0.87,0.79,1.0,0.81,0.93,0.92,0.99
343,0.73,0.87,0.81,1.0,0.84,0.93,0.92,0.99
344,0.76,0.87,0.81,1.0,0.84,0.93,0.92,0.99
345,0.76,0.89,0.83,1.0,0.84,0.93,0.92,0.99
346,0.76,0.89,0.83,1.0,0.84,0.93,0.94,0.99
347,0.79,0.92,0.84,1.0,0.88,0.93,0.96,0.99
348,0.76,0.89,0.84,1.0,0.88,0.93,0.92,0.99
349,0.76,0.87,0.84,1.0,0.84,0.93,0.94,0.99
350,0.76,0.89,0.84,1.0,0.88,0.96,0.96,0.99
351,0.76,0.89,0.83,1.0,0.84,0.93,0.94,0.99
352,0.76,0.89,0.83,1.0,0.88,0.93,0.94,0.99
353,0.73,0.89,0.83,1.0,0.84,0.9,0.94,0.99
354,0.76,0.87,0.81,1.0,0.84,0.93,0.92,0.99
355,0.76,0.87,0.83,1.0,0.84,0.93,0.94,0.99
356,0.73,0.84,0.83,1.0,0.84,0.9,0.94,0.99
357,0.76,0.87,0.83,1.0,0.84,0.93,0.94,0.99
358,0.76,0.87,0.83,1.0,0.88,0.93,0.94,0.99
359,0.76,0.87,0.83,1.0,0.88,0.93,0.94,0.99
360,0.76,0.87,0.84,1.0,0.84,0.93,0.94,0.99
361,0.79,0.87,0.84,1.0,0.88,0.93,0.96,0.99
362,0.79,0.87,0.86,1.0,0.88,0.93,0.94,0.99
363,0.79,0.87,0.86,1.0,0.88,0.9,0.96,0.99
364,0.79,0.87,0.84,0.98,0.88,0.93,0.96,0.99
365,0.79,0.89,0.86,1.0,0.92,0.93,0.96,0.99
366,0.79,0.87,0.86,1.0,0.88,0.9,0.96,0.99
367,0.76,0.87,0.84,1.0,0.88,0.9,0.96,0.99
368,0.79,0.84,0.84,1.0,0.84,0.93,0.96,0.99
369,0.79,0.87,0.86,1.0,0.88,0.9,0.96,0.99
370,0.79,0.84,0.84,1.0,0.88,0.9,0.94,0.99
371,0.79,0.84,0.84,1.0,0.88,0.9,0.94,0.99
372,0.76,0.81,0.84,0.98,0.88,0.87,0.94,0.99
373,0.76,0.84,0.83,1.0,0.84,0.87,0.92,0.99
374,0.73,0.84,0.81,1.0,0.81,0.87,0.92,0.99
375,0.73,0.81,0.83,1.0,0.84,0.87,0.94,0.99
376,0.73,0.84,0.79,0.98,0.84,0.9,0.92,0.98
377,0.7,0.81,0.79,0.98,0.81,0.9,0.92,0.98
378,0.7,0.81,0.79,0.98,0.81,0.83,0.92,0.98
379,0.67,0.81,0.78,0.98,0.81,0.87,0.92,0.99
380,0.7,0.81,0.79,1.0,0.81,0.87,0.9,0.98
381,0.7,0.81,0.78,0.98,0.81,0.87,0.9,0.98
382,0.7,0.81,0.78,1.0,0.81,0.87,0.9,0.98
383,0.7,0.84,0.79,1.0,0.81,0.87,0.92,0.98
384,0.7,0.84,0.79,0.98,0.81,0.9,0.92,0.98
385,0.7,0.84,0.79,1.0,0.81,0.87,0.92,0.98
386,0.7,0.84,0.79,1.0,0.84,0.87,0.92,0.99
387,0.7,0.84,0.79,1.0,0.84,0.9,0.92,0.98
388,0.73,0.87,0.81,1.0,0.84,0.9,0.92,0.98
389,0.73,0.87,0.81,1.0,0.81,0.9,0.92,0.98
390,0.73,0.84,0.81,1.0,0.84,0.93,0.92,0.98
391,0.73,0.87,0.81,1.0,0.84,0.9,0.94,0.98
392,0.73,0.87,0.81,1.0,0.84,0.93,0.92,0.98
393,0.73,0.84,0.81,1.0,0.84,0.9,0.94,0.98
394,0.76,0.87,0.83,1.0,0.84,0.9,0.92,0.98
395,0.76,0.87,0.83,1.0,0.84,0.93,0.94,0.98
396,0.76,0.84,0.83,1.0,0.88,0.9,0.92,0.98
397,0.73,0.84,0.81,0.98,0.84,0.9,0.92,0.98
398,0.73,0.81,0.81,1.0,0.84,0.9,0.92,0.98
399,0.73,0.81,0.81,0.98,0.81,0.87,0.9,0.97
400,0.73,0.84,0.83,1.0,0.84,0.87,0.92,0.98
401,0.73,0.84,0.83,1.0,0.84,0.87,0.92,0.98
402,0.73,0.84,0.83,0.98,0.84,0.87,0.94,0.98
403,0.7,0.84,0.83,1.0,0.84,0.9,0.94,0.98
404,0.76,0.87,0.84,0.98,0.88,0.9,0.94,0.98
405,0.79,0.89,0.86,1.0,0.88,0.9,0.96,0.98
406,0.79,0.89,0.86,1.0,0.88,0.9,0.96,0.98
407,0.79,0.87,0.86,1.0,0.88,0.93,0.94,0.98
408,0.79,0.87,0.86,1.0,0.88,0.93,0.94,0.98
409,0.79,0.87,0.86,1.0,0.88,0.93,0.96,0.98
410,0.79,0.89,0.86,1.0,0.88,0.93,0.96,0.98
411,0.79,0.87,0.86,1.0,0.88,0.9,0.96,0.98
412,0.79,0.87,0.86,1.0,0.88,0.93,0.92,0.98
413,0.79,0.89,0.86,1.0,0.88,0.9,0.96,0.98
414,0.79,0.84,0.84,1.0,0.84,0.9,0.94,0.97
415,0.79,0.84,0.84,1.0,0.88,0.9,0.94,0.98
416,0.79,0.87,0.84,1.0,0.88,0.9,0.92,0.97
417,0.76,0.81,0.84,1.0,0.84,0.87,0.92,0.97
418,0.79,0.81,0.83,0.98,0.88,0.9,0.92,0.97
419,0.76,0.81,0.84,1.0,0.84,0.87,0.92,0.97
420,0.79,0.81,0.84,0.98,0.84,0.87,0.92,0.97
421,0.76,0.81,0.83,0.98,0.84,0.87,0.92,0.97
422,0.76,0.81,0.84,0.98,0.84,0.87,0.92,0.97
423,0.76,0.81,0.84,1.0,0.84,0.87,0.94,0.97
424,0.79,0.81,0.84,1.0,0.84,0.87,0.94,0.97
425,0.76,0.81,0.83,0.98,0.88,0.87,0.94,0.97
426,0.76,0.84,0.83,1.0,0.84,0.9,0.94,0.97
427,0.73,0.81,0.83,0.98,0.84,0.87,0.94,0.97
428,0.76,0.84,0.83,1.0,0.84,0.87,0.94,0.97
429,0.73,0.84,0.81,1.0,0.84,0.87,0.92,0.97
430,0.73,0.84,0.81,1.0,0.88,0.87,0.92,0.97
431,0.73,0.84,0.81,0.98,0.84,0.87,0.94,0.97
432,0.7,0.84,0.81,1.0,0.84,0.9,0.92,0.97
433,0.7,0.84,0.79,1.0,0.84,0.87,0.92,0.97
434,0.7,0.84,0.79,1.0,0.81,0.87,0.92,0.97
435,0.7,0.81,0.79,0.98,0.84,0.9,0.92,0.97
436,0.7,0.81,0.79,1.0,0.81,0.9,0.92,0.97
437,0.7,0.81,0.79,1.0,0.81,0.87,0.9,0.97
438,0.73,0.84,0.83,1.0,0.84,0.9,0.92,0.97
439,0.73,0.84,0.81,1.0,0.84,0.9,0.92,0.97
440,0.73,0.84,0.81,1.0,0.84,0.9,0.92,0.97
441,0.76,0.84,0.83,1.0,0.84,0.87,0.94,0.97
442,0.76,0.84,0.83,1.0,0.84,0.9,0.92,0.97
443,0.76,0.84,0.83,1.0,0.84,0.87,0.9,0.97
444,0.76,0.84,0.83,1.0,0.84,0.9,0.92,0.97
445,0.73,0.81,0.83,1.0,0.84,0.87,0.92,0.97
446,0.7,0.81,0.83,1.0,0.84,0.87,0.92,0.97
447,0.73,0.81,0.81,1.0,0.84,0.83,0.9,0.97
448,0.73,0.81,0.81,0.98,0.84,0.87,0.92,0.97
449,0.73,0.81,0.81,1.0,0.81,0.9,0.9,0.97
450,0.73,0.81,0.81,0.98,0.81,0.87,0.9,0.97
451,0.73,0.81,0.81,0.98,0.81,0.87,0.92,0.97
452,0.73,0.84,0.81,0.98,0.81,0.9,0.9,0.97
453,0.79,0.81,0.83,1.0,0.84,0.9,0.92,0.97
454,0.76,0.81,0.83,0.98,0.84,0.9,0.92,0.97
455,0.82,0.84,0.84,0.98,0.88,0.87,0.94,0.97
456,0.82,0.87,0.86,1.0,0.88,0.9,0.96,0.97
457,0.79,0.84,0.86,0.98,0.88,0.9,0.94,0.97
458,0.82,0.84,0.86,0.98,0.88,0.9,0.94,0.97
459,0.79,0.84,0.86,1.0,0.88,0.87,0.92,0.97
460,0.82,0.84,0.86,0.98,0.88,0.87,0.94,0.97
461,0.82,0.81,0.86,0.98,0.88,0.87,0.94,0.97
462,0.82,0.84,0.86,1.0,0.88,0.87,0.94,0.96
463,0.82,0.84,0.87,0.98,0.88,0.87,0.94,0.97
464,0.82,0.84,0.87,1.0,0.88,0.87,0.96,0.97
465,0.82,0.84,0.87,1.0,0.92,0.9,0.96,0.97
466,0.82,0.84,0.87,0.98,0.92,0.9,0.94,0.96
467,0.82,0.84,0.87,1.0,0.92,0.9,0.96,0.96
468,0.79,0.81,0.86,0.98,0.88,0.9,0.96,0.96
469,0.79,0.84,0.86,0.98,0.88,0.87,0.96,0.96
470,0.79,0.84,0.86,0.98,0.84,0.87,0.94,0.96
471,0.82,0.81,0.86,0.98,0.88,0.87,0.94,0.96
472,0.82,0.81,0.86,1.0,0.88,0.9,0.96,0.96
473,0.79,0.81,0.86,1.0,0.88,0.9,0.96,0.96
474,0.79,0.84,0.87,0.98,0.88,0.87,0.96,0.96
475,0.82,0.84,0.87,0.98,0.88,0.9,0.96,0.96
476,0.82,0.84,0.87,0.98,0.88,0.87,0.96,0.96
477,0.82,0.84,0.86,0.98,0.88,0.87,0.96,0.96
478,0.79,0.84,0.86,0.98,0.88,0.9,0.96,0.96
479,0.79,0.84,0.86,0.98,0.88,0.9,0.96,0.96
480,0.79,0.84,0.87,0.98,0.88,0.9,0.94,0.96
481,0.79,0.84,0.86,0.98,0.88,0.9,0.96,0.96
482,0.79,0.87,0.86,0.98,0.88,0.87,0.96,0.96
483,0.79,0.87,0.86,1.0,0.88,0.9,0.96,0.96
484,0.79,0.89,0.86,1.0,0.88,0.9,0.98,0.96
485,0.79,0.87,0.86,1.0,0.88,0.93,0.96,0.96
486,0.79,0.89,0.86,1.0,0.88,0.93,0.96,0.96
487,0.79,0.89,0.86,0.98,0.88,0.9,0.98,0.96
488,0.79,0.87,0.86,1.0,0.88,0.9,0.96,0.96
489,0.79,0.89,0.87,1.0,0.88,0.9,0.96,0.97
490,0.82,0.89,0.87,0.98,0.88,0.9,0.98,0.96
491,0.82,0.89,0.87,1.0,0.88,0.96,0.98,0.96
492,0.82,0.92,0.89,1.0,0.88,0.9,0.98,0.96
493,0.85,0.92,0.91,1.0,0.92,0.96,0.98,0.97
494,0.85,0.89,0.91,1.0,0.92,0.96,0.98,0.97
495,0.88,0.92,0.91,1.0,0.92,0.96,0.98,0.96
496,0.88,0.92,0.92,1.0,0.92,0.93,0.98,0.97
497,0.88,0.92,0.92,1.0,0.96,0.93,1.0,0.96
498,0.88,0.92,0.92,1.0,0.96,0.96,0.98,0.96
499,0.88,0.92,0.92,1.0,0.92,0.96,1.0,0.96
500,0.88,0.92,0.92,1.0,0.92,0.93,0.98,0.97
501,0.85,0.92,0.91,1.0,0.92,0.93,0.98,0.96
502,0.82,0.92,0.89,1.0,0.92,0.93,0.98,0.96
503,0.82,0.92,0.91,0.98,0.92,0.93,0.98,0.97
504,0.82,0.89,0.89,1.0,0.92,0.93,0.98,0.96
505,0.82,0.92,0.89,1.0,0.92,0.93,0.98,0.96
506,0.79,0.92,0.89,1.0,0.88,0.93,0.98,0.96
507,0.79,0.92,0.87,1.0,0.92,0.93,0.98,0.96
508,0.79,0.92,0.87,1.0,0.88,0.96,0.98,0.96
509,0.76,0.92,0.86,1.0,0.88,0.93,0.98,0.96
510,0.76,0.92,0.86,1.0,0.88,0.93,0.96,0.96
511,0.76,0.89,0.84,1.0,0.84,0.9,0.96,0.96
512,0.73,0.89,0.83,1.0,0.84,0.93,0.94,0.96
513,0.73,0.89,0.83,1.0,0.84,0.96,0.94,0.96
514,0.73,0.89,0.83,1.0,0.84,0.9,0.96,0.96
515,0.73,0.89,0.83,1.0,0.84,0.93,0.96,0.96
516,0.73,0.89,0.84,1.0,0.88,0.96,0.96,0.96
517,0.73,0.89,0.83,1.0,0.84,0.93,0.94,0.96
518,0.73,0.92,0.84,1.0,0.84,0.96,0.94,0.96
519,0.76,0.92,0.84,1.0,0.84,0.93,0.94,0.96
520,0.76,0.92,0.86,1.0,0.88,0.96,0.96,0.96
521,0.79,0.92,0.84,1.0,0.88,0.9,0.96,0.96
522,0.76,0.92,0.86,1.0,0.88,0.93,0.96,0.96
523,0.76,0.92,0.84,0.98,0.88,0.96,0.94,0.96
524,0.79,0.89,0.86,1.0,0.88,0.93,0.96,0.96
525,0.76,0.92,0.86,1.0,0.88,0.96,0.96,0.96
526,0.79,0.98,0.86,1.0,0.88,0.96,0.96,0.96
527,0.76,0.92,0.86,1.0,0.88,0.96,0.96,0.96
528,0.79,0.92,0.86,0.98,0.88,0.96,0.96,0.96
529,0.76,0.92,0.84,1.0,0.88,0.93,0.96,0.96
530,0.76,0.89,0.84,1.0,0.88,0.96,0.96,0.96
531,0.76,0.92,0.84,1.0,0.88,0.93,0.94,0.96
532,0.76,0.92,0.84,1.0,0.84,0.93,0.94,0.96
533,0.76,0.89,0.84,1.0,0.88,0.93,0.96,0.96
534,0.76,0.92,0.84,0.98,0.88,0.93,0.94,0.96
535,0.79,0.92,0.84,1.0,0.84,0.96,0.94,0.96
536,0.76,0.92,0.84,1.0,0.84,0.93,0.94,0.96
537,0.76,0.92,0.84,1.0,0.84,0.93,0.94,0.96
538,0.76,0.92,0.84,1.0,0.84,0.9,0.94,0.95
539,0.76,0.89,0.83,1.0,0.84,0.93,0.94,0.95
540,0.79,0.89,0.84,0.98,0.84,0.93,0.94,0.95
541,0.76,0.92,0.86,0.98,0.84,0.93,0.94,0.95
542,0.76,0.92,0.84,1.0,0.88,0.93,0.94,0.95
543,0.79,0.92,0.84,1.0,0.84,0.9,0.94,0.95
544,0.76,0.92,0.84,0.98,0.84,0.93,0.94,0.95
545,0.73,0.92,0.83,1.0,0.84,0.9,0.94,0.95
546,0.73,0.89,0.83,1.0,0.84,0.9,0.92,0.95
547,0.73,0.92,0.83,1.0,0.84,0.93,0.94,0.95
548,0.73,0.89,0.81,1.0,0.84,0.9,0.92,0.95
549,0.7,0.87,0.79,1.0,0.81,0.9,0.92,0.95
550,0.73,0.87,0.79,0.98,0.81,0.9,0.9,0.95
551,0.7,0.87,0.79,0.98,0.81,0.87,0.92,0.95
552,0.7,0.89,0.79,1.0,0.81,0.9,0.92,0.95
553,0.7,0.89,0.79,0.98,0.81,0.9,0.92,0.95
554,0.7,0.89,0.79,1.0,0.81,0.9,0.92,0.95
555,0.7,0.89,0.79,1.0,0.81,0.93,0.92,0.95
556,0.73,0.92,0.81,1.0,0.84,0.93,0.92,0.95
557,0.73,0.92,0.79,0.98,0.81,0.93,0.92,0.95
558,0.73,0.92,0.81,0.98,0.81,0.9,0.92,0.95
559,0.73,0.89,0.79,0.98,0.81,0.9,0.92,0.95
560,0.7,0.89,0.81,0.98,0.81,0.9,0.92,0.95
561,0.73,0.89,0.81,0.98,0.81,0.9,0.92,0.95
562,0.73,0.89,0.81,0.98,0.84,0.93,0.92,0.95
563,0.76,0.89,0.83,1.0,0.84,0.93,0.92,0.95
564,0.76,0.89,0.84,0.98,0.84,0.9,0.92,0.95
565,0.76,0.89,0.84,0.98,0.84,0.93,0.92,0.95
566,0.76,0.89,0.84,1.0,0.84,0.9,0.92,0.95
567,0.76,0.89,0.84,0.98,0.84,0.9,0.92,0.95
568,0.79,0.89,0.83,0.98,0.84,0.9,0.92,0.95
569,0.76,0.89,0.84,0.98,0.84,0.9,0.92,0.95
570,0.79,0.89,0.84,1.0,0.84,0.9,0.94,0.95
571,0.79,0.89,0.84,0.98,0.84,0.9,0.94,0.95
572,0.79,0.89,0.84,1.0,0.84,0.9,0.94,0.95
573,0.79,0.89,0.84,0.98,0.84,0.9,0.94,0.95
574,0.79,0.89,0.84,0.98,0.88,0.9,0.94,0.95
575,0.79,0.87,0.84,0.98,0.84,0.9,0.94,0.94
576,0.82,0.89,0.86,0.98,0.88,0.9,0.96,0.94
577,0.82,0.92,0.86,0.98,0.88,0.9,0.94,0.94
578,0.79,0.87,0.86,0.98,0.88,0.87,0.94,0.94
579,0.79,0.89,0.84,0.98,0.88,0.9,0.94,0.94
580,0.82,0.89,0.86,0.98,0.88,0.9,0.96,0.94
581,0.82,0.89,0.86,0.98,0.88,0.9,0.96,0.94
582,0.82,0.87,0.86,0.97,0.88,0.9,0.96,0.94
583,0.79,0.89,0.86,0.97,0.88,0.9,0.96,0.94
584,0.82,0.89,0.86,0.98,0.88,0.9,0.96,0.94
585,0.82,0.87,0.84,0.97,0.92,0.87,0.96,0.94
586,0.79,0.89,0.84,0.97,0.84,0.9,0.92,0.94
587,0.76,0.84,0.84,0.97,0.88,0.9,0.94,0.93
588,0.79,0.87,0.84,0.97,0.88,0.87,0.94,0.94
589,0.79,0.87,0.84,0.97,0.88,0.9,0.96,0.94
590,0.76,0.87,0.86,0.97,0.84,0.87,0.94,0.94
591,0.79,0.89,0.84,0.98,0.84,0.9,0.94,0.94
592,0.79,0.89,0.84,0.97,0.88,0.87,0.94,0.93
593,0.79,0.89,0.86,0.98,0.88,0.93,0.96,0.94
594,0.82,0.95,0.87,0.97,0.88,0.9,0.96,0.94
595,0.76,0.92,0.87,0.97,0.88,0.93,0.98,0.94
596,0.79,0.92,0.86,0.97,0.88,0.9,0.96,0.94
597,0.79,0.89,0.86,0.97,0.88,0.93,0.96,0.94
598,0.79,0.89,0.86,0.97,0.88,0.9,0.96,0.94
599,0.79,0.89,0.86,0.98,0.88,0.9,0.96,0.94
