0,0.84,0.86,0.96,0.97,0.85,0.94,0.94,0.93
1,0.88,0.86,0.96,0.97,0.9,0.94,0.95,0.93
2,0.88,0.84,0.96,0.98,0.9,0.96,0.95,0.93
3,0.84,0.86,0.97,0.97,0.9,0.94,0.95,0.93
4,0.88,0.86,0.97,0.97,0.95,0.91,0.95,0.93
5,0.88,0.86,0.99,0.98,0.95,0.96,0.97,0.93
6,0.88,0.86,0.97,0.98,0.9,0.96,0.95,0.93
7,0.84,0.86,0.97,0.97,0.9,0.94,0.95,0.93
8,0.84,0.86,0.97,0.97,0.9,0.96,0.94,0.93
9,0.84,0.88,0.97,0.97,0.9,0.96,0.95,0.93
10,0.84,0.86,0.97,0.97,0.9,0.96,0.95,0.93
11,0.84,0.88,0.97,0.97,0.9,0.96,0.95,0.93
12,0.84,0.86,0.97,0.98,0.9,0.96,0.95,0.93
13,0.84,0.86,0.97,0.97,0.9,0.96,0.95,0.93
14,0.84,0.88,0.97,0.98,0.9,0.96,0.95,0.93
15,0.84,0.86,0.97,0.97,0.9,0.96,0.95,0.94
16,0.84,0.88,0.97,0.97,0.9,0.96,0.95,0.94
17,0.84,0.88,0.97,0.98,0.9,0.98,0.97,0.94
18,0.84,0.86,0.97,0.98,0.9,0.94,0.95,0.94
19,0.88,0.86,0.97,0.98,0.9,0.94,0.97,0.94
20,0.84,0.86,0.96,0.98,0.9,0.96,0.95,0.93
21,0.8,0.86,0.96,0.97,0.9,0.96,0.95,0.93
22,0.8,0.86,0.96,0.97,0.85,0.94,0.95,0.93
23,0.76,0.82,0.94,0.97,0.85,0.94,0.92,0.93
24,0.76,0.84,0.94,0.97,0.85,0.94,0.94,0.93
25,0.76,0.84,0.93,0.97,0.85,0.91,0.94,0.93
26,0.76,0.84,0.93,0.97,0.9,0.91,0.94,0.93
27,0.76,0.84,0.93,0.97,0.85,0.91,0.94,0.94
28,0.76,0.84,0.93,0.97,0.85,0.91,0.94,0.94
29,0.8,0.84,0.93,0.97,0.85,0.94,0.94,0.94
30,0.76,0.84,0.93,0.97,0.85,0.94,0.94,0.94
31,0.8,0.86,0.93,0.97,0.85,0.91,0.94,0.94
32,0.8,0.84,0.94,0.97,0.85,0.96,0.92,0.93
33,0.8,0.84,0.94,0.97,0.85,0.94,0.95,0.94
34,0.8,0.84,0.93,0.97,0.85,0.91,0.92,0.94
35,0.8,0.82,0.94,0.97,0.85,0.91,0.94,0.94
36,0.8,0.84,0.94,0.97,0.9,0.94,0.92,0.94
37,0.8,0.84,0.94,0.97,0.85,0.91,0.94,0.94
38,0.8,0.84,0.94,0.97,0.85,0.96,0.94,0.94
39,0.8,0.84,0.94,0.97,0.85,0.94,0.92,0.94
40,0.8,0.84,0.93,0.97,0.85,0.94,0.92,0.94
41,0.8,0.84,0.93,0.97,0.85,0.94,0.94,0.94
42,0.8,0.84,0.93,0.97,0.85,0.94,0.94,0.94
43,0.8,0.84,0.93,0.97,0.8,0.94,0.94,0.94
44,0.8,0.86,0.94,0.97,0.85,0.96,0.94,0.94
45,0.8,0.86,0.94,0.98,0.85,0.96,0.94,0.94
46,0.8,0.86,0.93,0.97,0.85,0.96,0.95,0.94
47,0.8,0.88,0.94,0.97,0.85,0.98,0.94,0.94
48,0.8,0.88,0.94,0.98,0.85,0.96,0.95,0.94
49,0.76,0.88,0.94,0.98,0.85,0.96,0.94,0.94
50,0.8,0.86,0.94,0.98,0.85,0.96,0.95,0.94
51,0.8,0.88,0.93,0.97,0.85,0.96,0.94,0.94
52,0.76,0.86,0.93,0.98,0.8,0.91,0.92,0.94
53,0.8,0.86,0.96,0.97,0.9,0.96,0.9,0.94
54,0.84,0.86,0.99,0.97,0.9,0.96,0.89,0.94
55,0.92,0.86,1.0,0.97,0.9,0.96,0.87,0.94
56,1.0,0.8,0.99,0.97,0.95,0.91,0.8,0.93
57,1.0,0.78,0.97,0.97,0.95,0.87,0.77,0.93
58,0.88,0.58,0.76,0.91,0.8,0.7,0.53,0.88
59,0.84,0.54,0.72,0.91,0.8,0.68,0.47,0.86
60,0.76,0.45,0.58,0.86,0.7,0.56,0.38,0.81
61,0.68,0.33,0.43,0.77,0.55,0.4,0.26,0.73
62,0.56,0.3,0.39,0.73,0.46,0.34,0.24,0.69
63,0.53,0.24,0.33,0.66,0.46,0.28,0.2,0.63
64,0.49,0.22,0.28,0.59,0.41,0.22,0.19,0.58
65,0.45,0.17,0.26,0.54,0.32,0.19,0.16,0.53
66,0.41,0.19,0.25,0.51,0.36,0.19,0.16,0.5
67,0.37,0.17,0.21,0.44,0.32,0.17,0.14,0.45
68,0.37,0.15,0.19,0.4,0.27,0.13,0.14,0.41
69,0.3,0.13,0.17,0.34,0.27,0.11,0.13,0.36
70,0.3,0.13,0.16,0.31,0.27,0.11,0.11,0.33
71,0.26,0.1,0.14,0.29,0.23,0.11,0.1,0.31
72,0.26,0.1,0.14,0.27,0.23,0.11,0.1,0.28
73,0.26,0.1,0.12,0.23,0.23,0.11,0.1,0.26
74,0.22,0.1,0.11,0.21,0.18,0.09,0.09,0.24
75,0.19,0.1,0.1,0.17,0.18,0.07,0.09,0.2
76,0.19,0.07,0.09,0.17,0.13,0.07,0.09,0.2
77,0.15,0.1,0.09,0.16,0.13,0.07,0.08,0.18
78,0.15,0.07,0.07,0.14,0.13,0.07,0.06,0.16
79,0.15,0.07,0.06,0.12,0.13,0.07,0.06,0.14
80,0.11,0.07,0.06,0.11,0.09,0.06,0.06,0.13
81,0.11,0.06,0.05,0.09,0.09,0.06,0.05,0.12
82,0.07,0.04,0.04,0.08,0.09,0.04,0.05,0.11
83,0.04,0.04,0.02,0.08,0.09,0.04,0.04,0.1
84,0.04,0.04,0.02,0.07,0.09,0.04,0.04,0.09
85,0.04,0.02,0.02,0.07,0.05,0.04,0.03,0.08
86,0.04,0.04,0.01,0.06,0.05,0.04,0.01,0.08
87,0.0,0.02,0.01,0.05,0.05,0.02,0.03,0.07
88,0.04,0.04,0.01,0.05,0.05,0.02,0.03,0.06
89,0.0,0.02,0.0,0.04,0.0,0.02,0.01,0.06
90,0.04,0.02,0.0,0.04,0.0,0.02,0.01,0.05
91,0.04,0.02,0.0,0.03,0.05,0.02,0.0,0.05
92,0.04,0.02,0.0,0.03,0.0,0.0,0.01,0.04
93,0.04,0.02,0.0,0.03,0.0,0.04,0.0,0.04
94,0.04,0.04,0.01,0.03,0.0,0.04,0.01,0.04
95,0.04,0.02,0.01,0.02,0.05,0.04,0.01,0.03
96,0.07,0.04,0.01,0.02,0.05,0.02,0.01,0.03
97,0.07,0.04,0.02,0.02,0.05,0.04,0.03,0.02
98,0.07,0.02,0.02,0.02,0.05,0.02,0.01,0.02
99,0.07,0.02,0.02,0.01,0.05,0.02,0.03,0.02
100,0.07,0.02,0.04,0.02,0.05,0.02,0.03,0.02
101,0.07,0.02,0.02,0.01,0.05,0.02,0.03,0.01
102,0.07,0.02,0.02,0.01,0.05,0.04,0.03,0.01
103,0.07,0.0,0.02,0.01,0.05,0.0,0.01,0.01
104,0.07,0.0,0.02,0.01,0.05,0.0,0.01,0.01
105,0.07,0.02,0.02,0.01,0.05,0.02,0.01,0.01
106,0.07,0.02,0.02,0.01,0.05,0.02,0.01,0.01
107,0.07,0.02,0.02,0.01,0.05,0.02,0.03,0.0
108,0.07,0.0,0.01,0.01,0.05,0.02,0.03,0.0
109,0.07,0.02,0.01,0.01,0.0,0.02,0.03,0.0
110,0.07,0.02,0.01,0.0,0.05,0.02,0.03,0.0
111,0.07,0.02,0.02,0.01,0.05,0.02,0.03,0.0
112,0.07,0.02,0.02,0.01,0.05,0.02,0.03,0.0
113,0.04,0.02,0.01,0.0,0.05,0.02,0.03,0.0
114,0.04,0.02,0.04,0.01,0.05,0.0,0.04,0.0
115,0.11,0.04,0.04,0.0,0.09,0.04,0.04,0.0
116,0.11,0.04,0.04,0.0,0.09,0.04,0.04,0.0
117,0.11,0.04,0.05,0.01,0.09,0.02,0.04,0.0
118,0.11,0.04,0.05,0.01,0.09,0.04,0.05,0.0
119,0.11,0.02,0.06,0.01,0.09,0.04,0.04,0.0
120,0.15,0.02,0.07,0.01,0.18,0.04,0.05,0.0
121,0.15,0.04,0.06,0.01,0.09,0.04,0.06,0.0
122,0.15,0.04,0.06,0.01,0.09,0.04,0.05,0.0
123,0.15,0.04,0.06,0.01,0.09,0.02,0.05,0.0
124,0.15,0.06,0.06,0.01,0.05,0.02,0.05,0.0
125,0.15,0.06,0.07,0.01,0.09,0.06,0.06,0.0
126,0.15,0.06,0.06,0.01,0.09,0.06,0.06,0.0
127,0.15,0.07,0.06,0.01,0.09,0.06,0.08,0.0
128,0.11,0.07,0.05,0.01,0.09,0.04,0.06,0.0
129,0.11,0.06,0.05,0.02,0.09,0.06,0.06,0.0
130,0.11,0.07,0.04,0.01,0.09,0.02,0.06,0.0
131,0.07,0.04,0.04,0.02,0.05,0.04,0.05,0.0
132,0.07,0.06,0.04,0.02,0.05,0.06,0.05,0.01
133,0.07,0.04,0.02,0.02,0.09,0.04,0.05,0.01
134,0.04,0.06,0.04,0.02,0.09,0.04,0.05,0.01
135,0.04,0.06,0.02,0.02,0.05,0.04,0.05,0.01
136,0.07,0.06,0.02,0.02,0.05,0.06,0.04,0.01
137,0.07,0.06,0.02,0.02,0.05,0.06,0.04,0.01
138,0.07,0.06,0.02,0.02,0.05,0.04,0.04,0.01
139,0.07,0.06,0.02,0.02,0.05,0.04,0.05,0.01
140,0.07,0.06,0.02,0.02,0.05,0.04,0.05,0.01
141,0.04,0.07,0.02,0.02,0.09,0.06,0.05,0.01
142,0.07,0.06,0.02,0.02,0.05,0.04,0.05,0.01
143,0.07,0.06,0.02,0.02,0.09,0.04,0.05,0.01
144,0.11,0.07,0.05,0.03,0.09,0.06,0.06,0.01
145,0.11,0.07,0.06,0.03,0.09,0.07,0.06,0.01
146,0.11,0.1,0.05,0.03,0.09,0.06,0.06,0.02
147,0.11,0.07,0.06,0.03,0.13,0.06,0.06,0.02
148,0.11,0.07,0.05,0.03,0.09,0.06,0.06,0.02
149,0.11,0.07,0.06,0.03,0.09,0.06,0.08,0.02
150,0.11,0.07,0.05,0.03,0.09,0.06,0.06,0.02
151,0.07,0.06,0.05,0.03,0.09,0.04,0.06,0.02
152,0.11,0.04,0.05,0.03,0.09,0.04,0.05,0.02
153,0.11,0.07,0.05,0.04,0.09,0.04,0.05,0.02
154,0.11,0.06,0.05,0.03,0.09,0.04,0.06,0.02
155,0.11,0.06,0.04,0.04,0.05,0.04,0.05,0.02
156,0.11,0.07,0.06,0.04,0.05,0.06,0.06,0.02
157,0.15,0.06,0.07,0.04,0.09,0.06,0.09,0.02
158,0.19,0.13,0.11,0.05,0.13,0.09,0.14,0.03
159,0.26,0.21,0.19,0.07,0.23,0.15,0.2,0.04
160,0.3,0.21,0.22,0.07,0.27,0.17,0.24,0.04
161,0.37,0.3,0.29,0.09,0.27,0.24,0.3,0.06
162,0.41,0.33,0.35,0.12,0.36,0.3,0.35,0.07
163,0.45,0.38,0.38,0.13,0.41,0.34,0.38,0.08
164,0.49,0.45,0.44,0.16,0.46,0.4,0.43,0.1
165,0.53,0.49,0.48,0.18,0.46,0.44,0.47,0.11
166,0.56,0.54,0.53,0.22,0.51,0.5,0.52,0.13
167,0.6,0.57,0.57,0.24,0.55,0.54,0.53,0.14
168,0.64,0.6,0.6,0.28,0.6,0.6,0.57,0.16
169,0.6,0.62,0.62,0.29,0.6,0.6,0.59,0.17
170,0.6,0.66,0.65,0.32,0.6,0.62,0.6,0.19
171,0.64,0.7,0.68,0.36,0.65,0.68,0.63,0.22
172,0.68,0.7,0.69,0.38,0.65,0.68,0.66,0.23
173,0.64,0.72,0.7,0.41,0.65,0.72,0.68,0.25
174,0.68,0.76,0.73,0.44,0.7,0.74,0.69,0.27
175,0.68,0.74,0.74,0.47,0.7,0.76,0.71,0.3
176,0.68,0.78,0.74,0.5,0.7,0.76,0.72,0.31
177,0.68,0.78,0.77,0.52,0.75,0.79,0.74,0.33
178,0.72,0.8,0.79,0.54,0.75,0.81,0.74,0.34
179,0.72,0.82,0.81,0.56,0.75,0.85,0.77,0.36
180,0.76,0.84,0.81,0.59,0.75,0.85,0.77,0.39
181,0.76,0.84,0.81,0.61,0.8,0.83,0.78,0.41
182,0.76,0.84,0.83,0.63,0.75,0.85,0.8,0.42
183,0.76,0.86,0.84,0.66,0.75,0.87,0.8,0.45
184,0.8,0.86,0.84,0.68,0.8,0.87,0.81,0.47
185,0.76,0.86,0.86,0.7,0.8,0.89,0.81,0.49
186,0.76,0.86,0.86,0.72,0.8,0.89,0.83,0.5
187,0.76,0.86,0.87,0.72,0.8,0.89,0.83,0.51
188,0.76,0.86,0.87,0.74,0.8,0.89,0.84,0.54
189,0.76,0.88,0.87,0.75,0.8,0.89,0.84,0.55
190,0.8,0.86,0.87,0.77,0.8,0.89,0.84,0.57
191,0.8,0.9,0.87,0.78,0.8,0.91,0.86,0.58
192,0.76,0.88,0.88,0.79,0.85,0.94,0.86,0.6
193,0.8,0.88,0.88,0.81,0.8,0.91,0.86,0.62
194,0.8,0.9,0.88,0.82,0.85,0.94,0.87,0.63
195,0.8,0.88,0.88,0.82,0.8,0.91,0.86,0.63
196,0.8,0.88,0.9,0.83,0.8,0.91,0.87,0.65
197,0.8,0.88,0.9,0.85,0.85,0.94,0.87,0.67
198,0.84,0.9,0.9,0.85,0.8,0.91,0.9,0.67
199,0.8,0.88,0.9,0.86,0.85,0.94,0.89,0.69
200,0.8,0.88,0.9,0.87,0.8,0.94,0.87,0.7
201,0.8,0.88,0.9,0.87,0.85,0.94,0.89,0.71
202,0.8,0.9,0.91,0.88,0.8,0.91,0.89,0.72
203,0.8,0.9,0.91,0.88,0.85,0.94,0.89,0.74
204,0.8,0.88,0.91,0.89,0.85,0.94,0.89,0.74
205,0.8,0.9,0.91,0.91,0.85,0.94,0.9,0.76
206,0.84,0.92,0.91,0.91,0.85,0.96,0.9,0.77
207,0.84,0.92,0.93,0.91,0.85,0.96,0.9,0.78
208,0.84,0.92,0.93,0.92,0.85,0.98,0.9,0.78
209,0.8,0.92,0.93,0.92,0.85,0.96,0.92,0.79
210,0.84,0.92,0.93,0.92,0.9,0.96,0.9,0.8
211,0.76,0.88,0.91,0.93,0.85,0.94,0.89,0.8
212,0.8,0.88,0.9,0.93,0.85,0.94,0.87,0.81
213,0.76,0.86,0.9,0.93,0.85,0.91,0.87,0.82
214,0.76,0.86,0.9,0.93,0.8,0.91,0.89,0.83
215,0.72,0.88,0.88,0.93,0.85,0.91,0.89,0.83
216,0.76,0.86,0.88,0.94,0.85,0.91,0.89,0.84
217,0.76,0.84,0.88,0.94,0.8,0.91,0.87,0.84
218,0.8,0.86,0.87,0.94,0.8,0.94,0.87,0.85
219,0.72,0.86,0.87,0.94,0.8,0.91,0.87,0.85
220,0.72,0.86,0.87,0.95,0.8,0.91,0.87,0.86
221,0.76,0.84,0.88,0.94,0.8,0.91,0.89,0.87
222,0.72,0.86,0.88,0.95,0.8,0.91,0.87,0.87
223,0.76,0.86,0.9,0.96,0.8,0.91,0.89,0.88
224,0.76,0.86,0.9,0.96,0.8,0.91,0.89,0.88
225,0.76,0.86,0.9,0.96,0.8,0.94,0.89,0.88
226,0.76,0.88,0.9,0.96,0.8,0.94,0.89,0.89
227,0.8,0.88,0.91,0.96,0.85,0.94,0.9,0.9
228,0.8,0.88,0.91,0.96,0.85,0.91,0.89,0.9
229,0.8,0.9,0.93,0.97,0.85,0.96,0.9,0.9
230,0.8,0.9,0.93,0.97,0.85,0.94,0.9,0.9
231,0.84,0.9,0.94,0.97,0.9,0.94,0.92,0.91
232,0.84,0.9,0.94,0.97,0.9,0.96,0.92,0.91
233,0.84,0.9,0.94,0.97,0.9,0.94,0.92,0.92
234,0.84,0.9,0.94,0.97,0.9,0.96,0.92,0.92
235,0.84,0.9,0.94,0.98,0.9,0.96,0.92,0.92
236,0.84,0.88,0.93,0.97,0.85,0.94,0.92,0.93
237,0.8,0.88,0.93,0.97,0.9,0.94,0.92,0.93
238,0.8,0.88,0.93,0.98,0.85,0.91,0.92,0.93
239,0.76,0.88,0.91,0.97,0.85,0.91,0.9,0.93
240,0.72,0.86,0.9,0.97,0.85,0.91,0.89,0.93
241,0.72,0.84,0.88,0.97,0.8,0.91,0.9,0.93
242,0.72,0.86,0.88,0.98,0.8,0.91,0.89,0.94
243,0.72,0.84,0.87,0.97,0.8,0.89,0.89,0.94
244,0.68,0.84,0.87,0.97,0.8,0.91,0.87,0.94
245,0.68,0.84,0.87,0.97,0.75,0.91,0.89,0.94
246,0.68,0.84,0.86,0.98,0.75,0.89,0.89,0.94
247,0.72,0.84,0.87,0.98,0.8,0.89,0.89,0.95
248,0.72,0.86,0.87,0.98,0.8,0.91,0.89,0.95
249,0.72,0.84,0.87,0.98,0.8,0.91,0.89,0.95
250,0.68,0.84,0.87,0.97,0.8,0.91,0.89,0.95
251,0.72,0.84,0.88,0.98,0.8,0.89,0.89,0.95
252,0.72,0.84,0.88,0.98,0.75,0.91,0.87,0.96
253,0.76,0.84,0.88,0.98,0.8,0.89,0.89,0.96
254,0.76,0.84,0.91,0.98,0.85,0.89,0.9,0.96
255,0.8,0.86,0.91,0.98,0.85,0.91,0.92,0.96
256,0.76,0.86,0.91,0.98,0.8,0.94,0.92,0.96
257,0.8,0.86,0.93,0.98,0.85,0.91,0.92,0.96
258,0.8,0.88,0.93,0.98,0.9,0.91,0.92,0.97
259,0.8,0.88,0.93,0.98,0.85,0.94,0.92,0.97
260,0.8,0.88,0.94,0.98,0.9,0.94,0.92,0.97
261,0.8,0.88,0.94,0.98,0.85,0.94,0.94,0.97
262,0.8,0.88,0.94,0.98,0.9,0.91,0.94,0.97
263,0.84,0.88,0.94,0.98,0.9,0.94,0.94,0.97
264,0.84,0.88,0.94,0.98,0.85,0.91,0.94,0.97
265,0.84,0.9,0.96,0.98,0.9,0.96,0.94,0.97
266,0.84,0.88,0.96,0.98,0.9,0.94,0.94,0.97
267,0.84,0.88,0.96,0.98,0.9,0.96,0.94,0.98
268,0.84,0.9,0.96,0.98,0.9,0.94,0.94,0.98
269,0.84,0.88,0.96,0.99,0.9,0.96,0.94,0.98
270,0.84,0.92,0.97,0.98,0.9,0.96,0.95,0.98
271,0.88,0.92,0.97,0.99,0.9,0.94,0.95,0.98
272,0.88,0.92,0.97,0.98,0.9,0.96,0.95,0.98
273,0.88,0.92,0.97,0.98,0.9,0.98,0.95,0.98
274,0.84,0.92,0.96,0.99,0.9,0.96,0.94,0.98
275,0.84,0.94,0.96,0.99,0.9,0.96,0.94,0.98
276,0.8,0.9,0.94,0.98,0.9,0.94,0.94,0.98
277,0.8,0.9,0.94,0.99,0.9,0.96,0.94,0.98
278,0.84,0.92,0.96,0.99,0.85,0.98,0.94,0.98
279,0.84,0.92,0.94,0.99,0.85,0.98,0.94,0.99
280,0.84,0.92,0.94,0.99,0.9,0.96,0.94,0.99
281,0.84,0.92,0.94,0.99,0.9,0.96,0.94,0.99
282,0.84,0.92,0.96,0.99,0.9,0.96,0.94,0.99
283,0.84,0.92,0.96,0.99,0.9,0.96,0.94,0.99
284,0.84,0.92,0.96,0.99,0.9,0.98,0.92,0.99
285,0.84,0.92,0.96,0.99,0.9,0.96,0.94,0.99
286,0.84,0.92,0.94,0.99,0.9,0.96,0.92,0.99
287,0.8,0.92,0.94,0.99,0.85,0.96,0.94,0.99
288,0.8,0.9,0.94,0.99,0.85,0.96,0.92,0.99
289,0.8,0.9,0.93,0.99,0.85,0.96,0.92,0.99
290,0.76,0.9,0.93,0.99,0.85,0.96,0.92,0.99
291,0.76,0.9,0.91,0.99,0.8,0.96,0.92,0.99
292,0.76,0.9,0.91,0.99,0.8,0.96,0.92,0.99
293,0.76,0.88,0.91,0.99,0.8,0.96,0.92,0.99
294,0.76,0.9,0.91,0.99,0.8,0.96,0.92,0.99
295,0.76,0.9,0.9,0.99,0.85,0.96,0.92,0.99
296,0.76,0.9,0.9,0.99,0.8,0.96,0.92,0.99
297,0.76,0.9,0.9,0.99,0.8,0.96,0.92,0.99
298,0.76,0.9,0.9,0.99,0.8,0.98,0.92,0.99
299,0.76,0.9,0.9,0.99,0.8,0.94,0.92,0.99
300,0.76,0.92,0.91,0.99,0.85,0.96,0.92,0.99
301,0.76,0.92,0.91,0.99,0.85,0.96,0.92,0.99
302,0.76,0.92,0.91,0.99,0.8,0.96,0.92,0.99
303,0.76,0.92,0.91,0.99,0.8,0.96,0.92,0.99
304,0.76,0.9,0.91,0.99,0.85,0.98,0.92,0.99
305,0.76,0.9,0.91,0.99,0.85,0.96,0.94,0.99
306,0.76,0.9,0.91,0.99,0.85,0.96,0.92,0.99
307,0.76,0.9,0.93,0.99,0.85,0.96,0.92,0.99
308,0.8,0.9,0.93,0.99,0.85,0.96,0.92,0.99
309,0.8,0.92,0.93,0.99,0.85,0.96,0.92,0.99
310,0.8,0.9,0.93,0.99,0.85,0.96,0.94,0.99
311,0.8,0.92,0.94,0.99,0.85,0.96,0.92,1.0
312,0.8,0.92,0.94,0.99,0.9,0.96,0.94,1.0
313,0.8,0.92,0.93,0.99,0.85,0.96,0.94,1.0
314,0.8,0.92,0.94,0.99,0.9,0.98,0.94,1.0
315,0.76,0.9,0.93,0.99,0.85,0.96,0.94,1.0
316,0.8,0.92,0.93,0.99,0.85,0.96,0.94,1.0
317,0.8,0.92,0.93,0.99,0.85,0.96,0.94,1.0
318,0.8,0.92,0.93,0.99,0.9,0.98,0.95,1.0
319,0.84,0.92,0.94,0.99,0.9,0.98,0.95,1.0
320,0.84,0.94,0.94,0.99,0.9,0.98,0.95,1.0
321,0.84,0.94,0.96,0.99,0.9,0.98,0.95,1.0
322,0.88,0.96,0.97,1.0,0.9,0.98,0.97,1.0
323,0.84,0.94,0.97,0.99,0.95,1.0,0.95,1.0
324,0.88,0.96,0.97,0.99,0.9,1.0,0.97,1.0
325,0.88,0.96,0.99,1.0,0.95,1.0,0.97,1.0
326,0.88,0.96,0.97,0.99,0.95,0.98,0.97,1.0
327,0.88,0.96,0.97,0.99,0.9,0.98,0.97,1.0
328,0.84,0.92,0.97,0.99,0.95,0.98,0.95,1.0
329,0.88,0.94,0.96,0.99,0.95,0.98,0.97,1.0
330,0.84,0.92,0.96,0.99,0.9,0.98,0.95,1.0
331,0.8,0.92,0.94,0.99,0.9,0.98,0.95,1.0
332,0.8,0.94,0.94,1.0,0.9,0.98,0.95,1.0
333,0.8,0.94,0.94,0.99,0.9,0.98,0.95,1.0
334,0.8,0.94,0.94,0.99,0.85,0.94,0.95,1.0
335,0.8,0.92,0.94,0.99,0.9,0.98,0.94,1.0
336,0.8,0.92,0.94,0.99,0.85,0.98,0.94,1.0
337,0.84,0.92,0.94,0.99,0.85,0.98,0.94,1.0
338,0.8,0.92,0.94,0.99,0.85,0.96,0.95,1.0
339,0.8,0.92,0.93,0.99,0.85,0.96,0.94,1.0
340,0.8,0.9,0.93,0.99,0.85,0.96,0.94,1.0
341,0.8,0.9,0.93,0.99,0.85,0.94,0.94,1.0
342,0.8,0.92,0.94,0.99,0.9,0.94,0.94,1.0
343,0.84,0.9,0.94,0.99,0.9,0.96,0.94,1.0
344,0.8,0.92,0.94,0.99,0.9,0.96,0.94,1.0
345,0.8,0.9,0.93,0.99,0.85,0.96,0.94,1.0
346,0.76,0.9,0.93,0.99,0.85,0.96,0.94,1.0
347,0.8,0.9,0.93,0.99,0.9,0.96,0.94,0.99
348,0.8,0.9,0.93,0.99,0.9,0.91,0.94,1.0
349,0.8,0.9,0.94,0.99,0.85,0.94,0.94,0.99
350,0.8,0.9,0.94,0.99,0.9,0.94,0.94,1.0
351,0.84,0.9,0.96,0.99,0.85,0.96,0.94,0.99
352,0.84,0.9,0.96,0.99,0.9,0.94,0.94,0.99
353,0.84,0.9,0.94,0.99,0.85,0.94,0.95,1.0
354,0.84,0.88,0.94,0.98,0.9,0.94,0.94,0.99
355,0.8,0.88,0.93,0.99,0.85,0.94,0.94,0.99
356,0.8,0.88,0.94,0.99,0.9,0.94,0.95,0.99
357,0.8,0.9,0.94,0.99,0.85,0.96,0.94,1.0
358,0.8,0.9,0.94,0.99,0.85,0.94,0.95,1.0
359,0.8,0.9,0.93,0.99,0.85,0.96,0.94,0.99
360,0.8,0.9,0.94,0.99,0.85,0.89,0.94,1.0
361,0.8,0.9,0.94,0.99,0.85,0.96,0.94,0.99
362,0.8,0.9,0.94,0.99,0.9,0.94,0.94,0.99
363,0.8,0.9,0.94,0.99,0.85,0.94,0.94,0.99
364,0.84,0.9,0.97,0.99,0.9,0.94,0.94,0.99
365,0.84,0.9,0.97,0.99,0.9,0.94,0.94,0.99
366,0.84,0.92,0.97,0.99,0.85,0.94,0.94,0.99
367,0.88,0.9,0.97,0.99,0.9,0.94,0.95,0.99
368,0.88,0.9,0.96,0.99,0.9,0.91,0.94,0.99
369,0.88,0.88,0.96,0.99,0.85,0.94,0.94,0.99
370,0.88,0.88,0.96,0.98,0.9,0.91,0.94,0.99
371,0.84,0.9,0.96,0.99,0.85,0.91,0.94,0.99
372,0.84,0.88,0.96,0.99,0.85,0.94,0.94,0.99
373,0.88,0.88,0.94,0.99,0.85,0.94,0.94,0.99
374,0.84,0.88,0.94,0.99,0.85,0.94,0.92,0.99
375,0.84,0.88,0.94,0.98,0.9,0.94,0.94,0.99
376,0.84,0.9,0.96,0.99,0.85,0.96,0.95,0.99
377,0.84,0.88,0.96,0.99,0.9,0.94,0.95,0.99
378,0.84,0.9,0.94,0.99,0.9,0.94,0.95,0.99
379,0.84,0.9,0.96,0.99,0.85,0.91,0.94,0.99
380,0.84,0.88,0.96,0.99,0.9,0.87,0.95,0.99
381,0.84,0.88,0.96,0.99,0.9,0.91,0.94,0.99
382,0.84,0.88,0.96,0.99,0.9,0.94,0.95,0.99
383,0.84,0.88,0.96,0.98,0.9,0.91,0.95,0.99
384,0.88,0.88,0.97,0.99,0.9,0.94,0.95,0.99
385,0.84,0.9,0.97,0.99,0.9,0.94,0.95,0.99
386,0.84,0.92,0.97,0.99,0.95,0.94,0.95,0.99
387,0.88,0.9,0.97,0.99,0.95,0.96,0.97,0.99
388,0.88,0.92,0.99,0.99,0.95,0.96,0.97,0.99
389,0.88,0.92,0.99,0.99,0.95,0.96,0.97,0.99
390,0.92,0.92,0.99,0.99,0.95,0.98,0.98,0.99
391,0.88,0.94,1.0,0.99,1.0,0.96,0.98,0.99
392,0.92,0.94,1.0,0.99,1.0,0.98,0.98,0.99
393,0.88,0.94,1.0,0.99,1.0,0.98,1.0,0.99
394,0.92,0.94,1.0,0.99,0.95,0.98,0.98,0.99
395,0.92,0.94,1.0,0.99,0.95,0.98,1.0,0.99
396,0.92,0.94,1.0,0.99,1.0,0.98,0.98,0.99
397,0.88,0.92,0.99,0.99,0.95,0.98,0.97,0.99
398,0.88,0.92,0.99,0.99,1.0,0.96,0.98,0.99
399,0.84,0.94,0.99,0.99,0.95,0.98,0.98,0.99
400,0.84,0.94,0.99,0.99,0.95,0.96,0.97,0.99
401,0.84,0.94,0.97,0.99,0.95,0.98,0.97,0.99
402,0.88,0.94,0.97,0.99,0.95,0.98,0.98,0.99
403,0.84,0.92,0.97,0.99,0.95,0.96,0.97,0.99
404,0.8,0.94,0.97,0.99,0.9,0.98,0.97,0.99
405,0.84,0.94,0.97,0.99,0.95,0.96,0.97,0.99
406,0.84,0.94,0.97,0.99,0.9,0.98,0.97,0.99
407,0.84,0.94,0.97,0.99,0.9,0.98,0.95,0.99
408,0.84,0.94,0.97,0.99,0.9,0.96,0.95,0.99
409,0.84,0.94,0.96,0.99,0.95,0.98,0.97,0.99
410,0.8,0.94,0.96,0.99,0.9,0.96,0.95,0.99
411,0.8,0.94,0.97,0.99,0.9,0.98,0.95,0.99
412,0.8,0.92,0.96,0.99,0.9,0.96,0.95,0.99
413,0.84,0.92,0.96,0.99,0.9,0.96,0.97,0.99
414,0.8,0.94,0.96,0.99,0.9,0.96,0.95,0.99
415,0.8,0.92,0.96,0.99,0.85,0.94,0.95,0.99
416,0.8,0.92,0.94,0.99,0.9,0.94,0.95,0.99
417,0.76,0.92,0.94,0.99,0.85,0.96,0.94,0.99
418,0.8,0.9,0.93,0.99,0.9,0.96,0.94,0.99
419,0.76,0.94,0.93,0.99,0.85,0.94,0.94,0.99
420,0.76,0.92,0.93,0.99,0.9,0.94,0.94,0.99
421,0.76,0.92,0.93,0.99,0.85,0.94,0.92,0.99
422,0.8,0.94,0.93,0.99,0.9,0.96,0.94,0.99
423,0.76,0.92,0.93,0.99,0.85,0.98,0.95,0.99
424,0.8,0.94,0.94,0.99,0.85,0.98,0.95,0.99
425,0.8,0.96,0.94,0.99,0.9,1.0,0.95,0.99
426,0.8,0.94,0.94,0.99,0.85,0.96,0.95,0.99
427,0.84,0.94,0.94,0.99,0.85,0.98,0.95,0.99
428,0.84,0.94,0.96,0.99,0.9,0.98,0.95,0.99
429,0.84,0.94,0.96,0.99,0.9,0.98,0.95,0.99
430,0.88,0.92,0.96,0.99,0.9,0.96,0.95,0.99
431,0.88,0.96,0.97,0.99,0.85,1.0,0.95,0.99
432,0.88,0.96,0.97,0.99,0.9,1.0,0.97,0.99
433,0.92,0.96,0.97,0.99,0.95,0.98,0.97,0.99
434,0.88,0.96,0.99,0.99,0.95,1.0,0.97,0.99
435,0.88,0.96,0.99,0.99,0.95,0.98,0.97,0.99
436,0.88,0.96,0.97,0.99,0.9,0.98,0.97,0.99
437,0.88,0.96,0.99,0.99,0.95,0.98,0.97,0.99
438,0.88,0.94,0.99,0.99,0.95,0.98,0.97,0.99
439,0.88,0.94,0.97,0.99,0.95,0.98,0.97,0.99
440,0.88,0.94,0.99,0.99,0.95,0.96,0.98,0.99
441,0.88,0.92,0.99,0.99,0.9,0.98,0.97,0.99
442,0.88,0.92,0.97,0.99,0.9,0.98,0.95,0.99
443,0.88,0.92,0.97,0.99,0.9,0.96,0.97,0.99
444,0.88,0.92,0.97,0.98,0.9,0.96,0.95,0.99
445,0.88,0.92,0.97,0.99,0.9,0.96,0.95,0.99
446,0.88,0.92,0.97,0.99,0.9,0.96,0.97,0.99
447,0.84,0.92,0.96,0.99,0.9,0.96,0.95,0.98
448,0.88,0.92,0.97,0.99,0.9,0.96,0.95,0.98
449,0.88,0.92,0.97,0.99,0.95,0.94,0.97,0.98
450,0.84,0.92,0.97,0.99,0.9,0.96,0.95,0.98
451,0.84,0.92,0.96,0.99,0.9,0.94,0.95,0.98
452,0.84,0.92,0.96,0.99,0.95,0.94,0.95,0.98
453,0.84,0.9,0.97,0.98,0.9,0.94,0.95,0.98
454,0.84,0.92,0.96,0.99,0.9,0.96,0.95,0.98
455,0.84,0.88,0.96,0.98,0.9,0.94,0.95,0.98
456,0.84,0.9,0.94,0.98,0.85,0.91,0.94,0.98
457,0.8,0.9,0.94,0.99,0.85,0.91,0.94,0.98
458,0.8,0.88,0.94,0.98,0.85,0.91,0.94,0.98
459,0.84,0.88,0.94,0.99,0.85,0.91,0.94,0.98
460,0.8,0.9,0.93,0.98,0.85,0.91,0.94,0.98
461,0.8,0.88,0.94,0.98,0.85,0.91,0.94,0.98
462,0.8,0.88,0.94,0.98,0.85,0.91,0.94,0.98
463,0.8,0.88,0.94,0.98,0.85,0.91,0.95,0.98
464,0.84,0.9,0.94,0.98,0.9,0.91,0.95,0.98
465,0.88,0.9,0.96,0.98,0.85,0.91,0.94,0.98
466,0.88,0.88,0.96,0.98,0.9,0.89,0.94,0.98
467,0.84,0.88,0.96,0.98,0.9,0.91,0.94,0.98
468,0.8,0.88,0.97,0.98,0.9,0.91,0.95,0.98
469,0.88,0.88,0.97,0.98,0.9,0.91,0.95,0.97
470,0.92,0.9,0.97,0.98,0.9,0.91,0.97,0.98
471,0.92,0.88,0.99,0.98,0.95,0.94,0.97,0.98
472,0.92,0.9,0.99,0.98,0.95,0.94,0.97,0.98
473,0.92,0.9,1.0,0.98,0.95,0.94,0.97,0.98
474,0.92,0.9,0.99,0.98,0.95,0.91,0.97,0.98
475,0.88,0.88,0.97,0.98,0.9,0.89,0.97,0.97
476,0.84,0.88,0.97,0.98,0.9,0.91,0.95,0.98
477,0.8,0.9,0.96,0.98,0.9,0.91,0.95,0.97
478,0.84,0.9,0.96,0.98,0.9,0.91,0.97,0.98
479,0.76,0.9,0.96,0.98,0.95,0.94,0.95,0.98
480,0.8,0.9,0.96,0.98,0.9,0.94,0.97,0.98
481,0.76,0.92,0.93,0.98,0.9,0.94,0.95,0.98
482,0.72,0.9,0.93,0.98,0.85,0.94,0.95,0.98
483,0.72,0.9,0.91,0.98,0.85,0.96,0.95,0.98
484,0.68,0.9,0.91,0.98,0.85,0.94,0.95,0.97
485,0.68,0.9,0.9,0.98,0.85,0.94,0.94,0.98
486,0.68,0.92,0.91,0.98,0.85,0.96,0.94,0.98
487,0.68,0.92,0.9,0.99,0.8,0.96,0.94,0.98
488,0.68,0.9,0.91,0.99,0.85,0.94,0.94,0.98
489,0.72,0.94,0.91,0.99,0.85,0.96,0.94,0.98
490,0.72,0.92,0.93,0.98,0.85,0.96,0.94,0.98
491,0.76,0.92,0.93,0.99,0.85,0.96,0.94,0.98
492,0.76,0.92,0.93,0.99,0.85,0.96,0.94,0.98
493,0.8,0.92,0.94,0.99,0.9,0.96,0.94,0.98
494,0.84,0.94,0.96,0.99,0.9,0.94,0.95,0.98
495,0.88,0.94,0.96,0.98,0.9,0.91,0.95,0.98
496,0.88,0.94,0.97,0.99,0.9,0.96,0.95,0.98
497,0.88,0.94,0.99,0.99,0.9,0.96,0.95,0.98
498,0.88,0.96,0.99,0.99,0.95,0.96,0.97,0.98
499,0.88,0.94,0.99,0.99,0.95,0.98,0.97,0.98
500,0.88,0.94,0.99,0.99,0.95,0.98,0.97,0.98
501,0.88,0.94,0.99,0.98,0.95,0.96,0.97,0.98
502,0.88,0.94,0.99,0.99,0.9,0.98,0.97,0.98
503,0.88,0.94,0.99,0.99,0.9,0.96,0.98,0.98
504,0.88,0.96,0.99,0.99,0.95,0.96,0.97,0.98
505,0.88,0.96,0.99,0.99,0.95,0.98,0.97,0.98
506,0.84,0.94,0.99,0.99,0.95,0.98,0.97,0.98
507,0.84,0.94,0.99,0.99,0.95,0.96,0.97,0.98
508,0.88,0.92,0.99,0.98,0.95,0.96,0.97,0.98
509,0.88,0.92,0.99,0.99,0.9,0.96,0.97,0.98
510,0.8,0.92,0.99,0.99,0.9,0.96,0.95,0.98
511,0.88,0.92,0.97,0.98,0.9,0.94,0.95,0.98
512,0.84,0.9,0.96,0.99,0.9,0.91,0.94,0.98
513,0.84,0.92,0.97,0.99,0.9,0.94,0.95,0.98
514,0.88,0.92,0.96,0.98,0.9,0.94,0.95,0.98
515,0.8,0.9,0.97,0.99,0.9,0.94,0.94,0.97
516,0.84,0.9,0.96,0.98,0.9,0.94,0.95,0.97
517,0.84,0.92,0.97,0.98,0.9,0.96,0.95,0.97
518,0.88,0.9,0.96,0.98,0.9,0.96,0.95,0.97
519,0.84,0.92,0.96,0.98,0.9,0.91,0.95,0.97
520,0.84,0.92,0.96,0.98,0.9,0.94,0.95,0.97
521,0.84,0.92,0.97,0.98,0.9,0.96,0.95,0.97
522,0.88,0.9,0.97,0.98,0.9,0.94,0.97,0.97
523,0.84,0.9,0.97,0.98,0.9,0.91,0.97,0.97
524,0.8,0.92,0.97,0.98,0.9,0.94,0.95,0.97
525,0.84,0.94,0.97,0.98,0.95,0.94,0.95,0.97
526,0.84,0.92,0.96,0.98,0.9,0.94,0.95,0.97
527,0.84,0.92,0.97,0.98,0.9,0.96,0.97,0.97
528,0.84,0.92,0.97,0.98,0.95,0.96,0.97,0.97
529,0.88,0.94,0.99,0.99,0.95,0.96,0.97,0.98
530,0.92,0.96,0.99,0.98,0.95,0.96,0.98,0.98
531,0.88,0.94,0.99,0.98,0.95,0.96,0.98,0.98
532,0.88,0.94,0.99,0.98,0.9,0.96,0.97,0.97
533,0.92,0.94,0.99,0.98,0.95,0.94,0.98,0.98
534,0.88,0.94,0.99,0.98,0.95,0.98,0.95,0.97
535,0.88,0.94,0.99,0.99,0.95,0.96,0.97,0.97
536,0.84,0.92,0.99,0.99,0.9,0.98,0.97,0.98
537,0.84,0.96,0.97,0.98,0.9,0.96,0.97,0.97
538,0.84,0.94,0.97,0.98,0.95,0.96,0.97,0.97
539,0.8,0.92,0.97,0.98,0.9,0.96,0.97,0.98
540,0.8,0.94,0.96,0.98,0.9,0.96,0.97,0.98
541,0.8,0.94,0.96,0.98,0.95,0.96,0.95,0.97
542,0.8,0.96,0.96,0.98,0.9,0.96,0.95,0.97
543,0.8,0.96,0.97,0.98,0.95,0.96,0.95,0.97
544,0.84,0.96,0.96,0.98,0.9,0.98,0.97,0.97
545,0.8,0.92,0.94,0.98,0.9,0.96,0.95,0.97
546,0.76,0.92,0.94,0.98,0.85,0.94,0.95,0.97
547,0.84,0.94,0.93,0.98,0.85,0.94,0.95,0.97
548,0.76,0.92,0.94,0.98,0.85,0.96,0.95,0.97
549,0.76,0.92,0.93,0.98,0.85,0.96,0.94,0.97
550,0.76,0.92,0.93,0.98,0.85,0.94,0.94,0.97
551,0.76,0.92,0.93,0.98,0.85,0.96,0.95,0.97
552,0.76,0.9,0.93,0.98,0.85,0.94,0.94,0.97
553,0.76,0.92,0.93,0.98,0.85,0.96,0.94,0.97
554,0.76,0.92,0.93,0.98,0.85,0.96,0.94,0.97
555,0.8,0.92,0.94,0.98,0.9,0.94,0.95,0.97
556,0.8,0.92,0.94,0.98,0.85,0.96,0.95,0.97
557,0.8,0.92,0.94,0.98,0.85,0.96,0.94,0.97
558,0.84,0.94,0.94,0.98,0.85,0.96,0.95,0.97
559,0.84,0.96,0.96,0.98,0.9,0.98,0.95,0.97
560,0.84,0.96,0.96,0.98,0.9,0.96,0.95,0.97
561,0.88,0.96,0.97,0.98,0.9,0.96,0.95,0.97
562,0.88,1.0,0.97,0.98,0.95,0.98,0.97,0.97
563,0.84,0.98,0.97,0.98,0.95,0.98,0.97,0.97
564,0.88,0.98,0.97,0.98,0.95,0.96,0.97,0.97
565,0.88,0.96,0.97,0.98,0.9,0.98,0.95,0.97
566,0.84,0.98,0.99,0.98,0.95,0.98,0.95,0.97
567,0.84,0.96,0.97,0.99,0.95,0.98,0.97,0.97
568,0.84,0.96,0.97,0.99,0.9,0.96,0.97,0.97
569,0.84,0.94,0.97,0.98,0.9,0.96,0.95,0.97
570,0.84,0.94,0.96,0.98,0.9,0.96,0.95,0.97
571,0.8,0.94,0.96,0.98,0.9,0.98,0.95,0.97
572,0.84,0.94,0.96,0.98,0.9,0.96,0.95,0.97
573,0.84,0.94,0.97,0.98,0.9,0.98,0.95,0.97
574,0.88,0.96,0.97,0.98,0.9,0.96,0.97,0.97
575,0.84,0.96,0.97,0.98,0.95,0.96,0.97,0.97
576,0.88,0.96,0.96,0.98,0.9,1.0,0.95,0.97
577,0.88,0.96,0.97,0.98,0.95,0.98,0.97,0.97
578,0.84,0.94,0.99,0.98,0.9,0.98,0.97,0.97
579,0.92,0.96,0.97,0.98,0.9,0.96,0.97,0.97
580,0.88,0.96,0.99,0.98,0.95,0.96,0.97,0.97
581,0.92,0.96,0.99,0.98,0.95,0.96,0.97,0.97
582,0.92,0.98,0.99,0.98,0.95,0.96,0.98,0.97
583,0.92,0.98,1.0,0.98,1.0,0.98,0.98,0.97
584,0.96,0.96,0.99,0.98,0.95,0.98,0.98,0.97
