0,0.88,0.92,0.91,0.96,0.94,0.95,0.98,0.99
1,0.88,0.92,0.91,0.96,0.94,0.95,0.98,0.99
2,0.88,0.92,0.92,0.96,0.95,0.95,0.98,0.99
3,0.89,0.92,0.92,0.96,0.94,0.96,0.99,0.99
4,0.88,0.92,0.91,0.96,0.95,0.96,0.99,0.99
5,0.89,0.92,0.92,0.96,0.94,0.96,0.99,0.99
6,0.89,0.92,0.91,0.96,0.94,0.95,0.98,1.0
7,0.88,0.92,0.91,0.96,0.94,0.96,0.98,0.99
8,0.88,0.92,0.91,0.96,0.95,0.96,0.98,0.99
9,0.88,0.9,0.91,0.96,0.95,0.95,0.98,0.99
10,0.88,0.92,0.91,0.96,0.94,0.95,0.98,0.99
11,0.88,0.92,0.91,0.96,0.94,0.95,0.98,0.99
12,0.88,0.9,0.91,0.96,0.95,0.95,0.98,1.0
13,0.89,0.92,0.92,0.96,0.95,0.95,0.98,0.99
14,0.89,0.9,0.92,0.96,0.94,0.95,0.98,0.99
15,0.89,0.9,0.92,0.96,0.94,0.96,0.98,0.99
16,0.89,0.9,0.92,0.96,0.94,0.95,0.98,1.0
17,0.89,0.9,0.92,0.96,0.95,0.95,0.98,0.99
18,0.89,0.9,0.92,0.96,0.94,0.95,0.98,0.99
19,0.89,0.89,0.92,0.96,0.95,0.95,0.98,0.99
20,0.89,0.9,0.92,0.96,0.95,0.95,0.98,0.99
21,0.9,0.89,0.92,0.96,0.94,0.95,0.98,0.99
22,0.89,0.9,0.91,0.94,0.95,0.93,0.98,0.99
23,0.89,0.89,0.91,0.96,0.95,0.93,0.98,0.99
24,0.89,0.89,0.91,0.96,0.94,0.93,0.98,0.99
25,0.89,0.89,0.9,0.96,0.94,0.93,0.98,0.99
26,0.89,0.89,0.91,0.94,0.94,0.95,0.98,0.99
27,0.89,0.9,0.91,0.94,0.95,0.93,0.98,0.99
28,0.89,0.9,0.91,0.96,0.92,0.95,0.98,0.99
29,0.89,0.9,0.91,0.94,0.95,0.96,0.98,0.99
30,0.89,0.92,0.91,0.96,0.94,0.95,0.98,0.99
31,0.89,0.9,0.91,0.96,0.94,0.93,0.98,0.99
32,0.88,0.92,0.9,0.94,0.94,0.95,0.99,0.99
33,0.88,0.9,0.91,0.96,0.94,0.96,0.99,0.99
34,0.88,0.9,0.91,0.96,0.95,0.96,0.99,0.99
35,0.88,0.9,0.91,0.96,0.95,0.96,0.98,0.99
36,0.89,0.94,0.92,0.96,0.95,0.96,0.99,0.99
37,0.89,0.94,0.93,0.96,0.95,0.96,0.99,0.99
38,0.89,0.94,0.92,0.96,0.95,0.96,0.99,0.99
39,0.89,0.94,0.93,0.96,0.95,0.96,0.99,1.0
40,0.89,0.92,0.92,0.96,0.95,0.96,0.99,0.99
41,0.88,0.9,0.92,0.96,0.95,0.96,0.98,0.99
42,0.89,0.92,0.92,0.96,0.95,0.96,1.0,1.0
43,0.89,0.94,0.93,0.96,0.95,0.96,0.99,0.99
44,0.89,0.92,0.93,0.96,0.95,0.96,1.0,0.99
45,0.89,0.94,0.93,0.96,0.96,0.98,1.0,0.99
46,0.89,0.94,0.93,0.96,0.95,0.96,0.99,1.0
47,0.9,0.92,0.92,0.96,0.95,0.96,0.99,0.99
48,0.9,0.94,0.94,0.96,0.96,0.96,0.99,1.0
49,0.95,0.94,0.97,0.96,0.97,0.98,1.0,0.99
50,0.96,0.94,0.98,0.96,0.99,0.96,1.0,1.0
51,0.99,0.92,1.0,0.96,1.0,0.98,1.0,1.0
52,1.0,0.92,1.0,0.96,0.99,0.96,0.98,0.99
53,0.75,0.72,0.63,0.88,0.79,0.79,0.4,0.91
54,0.67,0.67,0.52,0.87,0.73,0.73,0.3,0.89
55,0.24,0.31,0.13,0.69,0.27,0.35,0.02,0.74
56,0.17,0.24,0.08,0.63,0.18,0.26,0.0,0.69
57,0.11,0.17,0.04,0.56,0.11,0.18,0.0,0.64
58,0.03,0.07,0.0,0.44,0.02,0.08,0.0,0.52
59,0.0,0.03,0.0,0.31,0.0,0.03,0.03,0.42
60,0.0,0.0,0.0,0.27,0.0,0.01,0.04,0.39
61,0.02,0.0,0.03,0.17,0.02,0.0,0.07,0.3
62,0.04,0.02,0.06,0.12,0.03,0.01,0.1,0.24
63,0.05,0.02,0.08,0.08,0.05,0.0,0.11,0.21
64,0.07,0.03,0.09,0.06,0.06,0.04,0.13,0.18
65,0.09,0.07,0.11,0.04,0.08,0.07,0.14,0.14
66,0.1,0.07,0.12,0.02,0.09,0.06,0.15,0.13
67,0.11,0.09,0.13,0.0,0.1,0.1,0.17,0.09
68,0.13,0.12,0.15,0.0,0.12,0.11,0.18,0.08
69,0.13,0.12,0.16,0.0,0.13,0.11,0.19,0.07
70,0.15,0.15,0.17,0.0,0.14,0.16,0.19,0.05
71,0.17,0.17,0.19,0.0,0.15,0.17,0.21,0.04
72,0.18,0.21,0.2,0.0,0.16,0.18,0.22,0.03
73,0.18,0.21,0.2,0.0,0.16,0.2,0.22,0.03
74,0.21,0.24,0.22,0.0,0.18,0.21,0.23,0.02
75,0.21,0.24,0.23,0.04,0.18,0.23,0.24,0.01
76,0.22,0.27,0.23,0.04,0.19,0.24,0.24,0.01
77,0.22,0.27,0.23,0.04,0.2,0.24,0.25,0.01
78,0.24,0.29,0.25,0.06,0.2,0.27,0.25,0.01
79,0.24,0.29,0.25,0.06,0.21,0.27,0.25,0.01
80,0.25,0.31,0.25,0.06,0.22,0.27,0.26,0.01
81,0.25,0.33,0.26,0.08,0.22,0.29,0.26,0.0
82,0.26,0.33,0.26,0.08,0.22,0.29,0.26,0.0
83,0.26,0.31,0.26,0.1,0.22,0.3,0.27,0.0
84,0.26,0.33,0.27,0.1,0.22,0.3,0.27,0.01
85,0.27,0.33,0.27,0.12,0.23,0.3,0.27,0.01
86,0.28,0.34,0.28,0.12,0.23,0.32,0.27,0.01
87,0.28,0.34,0.28,0.12,0.23,0.3,0.27,0.01
88,0.27,0.34,0.27,0.13,0.23,0.32,0.27,0.01
89,0.27,0.34,0.27,0.13,0.23,0.3,0.27,0.01
90,0.26,0.33,0.26,0.13,0.23,0.3,0.27,0.01
91,0.27,0.33,0.26,0.13,0.23,0.29,0.27,0.01
92,0.26,0.33,0.27,0.13,0.23,0.29,0.27,0.01
93,0.26,0.31,0.27,0.15,0.23,0.29,0.27,0.01
94,0.26,0.33,0.26,0.15,0.23,0.29,0.27,0.01
95,0.26,0.31,0.26,0.13,0.23,0.29,0.27,0.01
96,0.27,0.33,0.26,0.15,0.23,0.3,0.27,0.01
97,0.27,0.31,0.26,0.15,0.22,0.3,0.27,0.01
98,0.27,0.31,0.26,0.15,0.22,0.29,0.27,0.01
99,0.27,0.31,0.26,0.15,0.23,0.3,0.27,0.01
100,0.27,0.31,0.26,0.15,0.22,0.29,0.27,0.01
101,0.28,0.31,0.27,0.15,0.22,0.29,0.27,0.01
102,0.27,0.29,0.27,0.15,0.23,0.29,0.27,0.01
103,0.28,0.29,0.27,0.15,0.23,0.27,0.27,0.01
104,0.28,0.29,0.28,0.15,0.23,0.26,0.27,0.01
105,0.28,0.29,0.28,0.15,0.24,0.29,0.27,0.01
106,0.29,0.29,0.28,0.15,0.24,0.27,0.27,0.01
107,0.29,0.31,0.29,0.15,0.24,0.3,0.28,0.01
108,0.29,0.31,0.29,0.15,0.25,0.29,0.28,0.01
109,0.29,0.33,0.29,0.17,0.25,0.3,0.28,0.01
110,0.29,0.31,0.29,0.17,0.26,0.29,0.28,0.01
111,0.29,0.31,0.29,0.17,0.24,0.29,0.28,0.01
112,0.29,0.33,0.29,0.17,0.25,0.29,0.28,0.01
113,0.28,0.31,0.28,0.17,0.24,0.29,0.27,0.01
114,0.28,0.31,0.28,0.17,0.25,0.29,0.27,0.01
115,0.28,0.31,0.28,0.17,0.24,0.29,0.27,0.01
116,0.29,0.31,0.28,0.15,0.24,0.29,0.27,0.01
117,0.28,0.31,0.29,0.15,0.24,0.29,0.28,0.01
118,0.28,0.31,0.28,0.17,0.24,0.29,0.28,0.01
119,0.28,0.31,0.28,0.15,0.24,0.3,0.28,0.01
120,0.27,0.31,0.28,0.17,0.24,0.3,0.28,0.01
121,0.28,0.31,0.28,0.15,0.24,0.29,0.28,0.01
122,0.27,0.33,0.28,0.15,0.23,0.29,0.28,0.01
123,0.27,0.33,0.27,0.17,0.23,0.3,0.28,0.01
124,0.27,0.33,0.28,0.17,0.23,0.3,0.28,0.01
125,0.27,0.34,0.28,0.15,0.24,0.3,0.27,0.01
126,0.26,0.34,0.28,0.17,0.23,0.3,0.27,0.01
127,0.26,0.33,0.27,0.17,0.23,0.3,0.27,0.01
128,0.25,0.31,0.27,0.17,0.23,0.29,0.27,0.01
129,0.25,0.31,0.27,0.17,0.23,0.3,0.27,0.01
130,0.25,0.31,0.26,0.17,0.23,0.29,0.27,0.01
131,0.25,0.31,0.26,0.17,0.22,0.29,0.27,0.01
132,0.25,0.31,0.26,0.15,0.22,0.3,0.26,0.01
133,0.25,0.31,0.26,0.17,0.22,0.3,0.26,0.01
134,0.25,0.33,0.26,0.17,0.22,0.3,0.26,0.01
135,0.25,0.33,0.26,0.17,0.22,0.29,0.26,0.01
136,0.25,0.33,0.26,0.17,0.22,0.3,0.27,0.01
137,0.26,0.33,0.26,0.17,0.22,0.32,0.26,0.01
138,0.26,0.34,0.26,0.17,0.22,0.3,0.27,0.01
139,0.26,0.34,0.26,0.17,0.23,0.32,0.27,0.01
140,0.25,0.34,0.26,0.17,0.23,0.3,0.27,0.01
141,0.25,0.34,0.26,0.17,0.23,0.3,0.27,0.01
142,0.25,0.31,0.26,0.17,0.22,0.29,0.26,0.01
143,0.25,0.33,0.26,0.17,0.22,0.3,0.27,0.01
144,0.26,0.34,0.26,0.17,0.22,0.3,0.26,0.01
145,0.25,0.34,0.26,0.17,0.22,0.3,0.26,0.01
146,0.25,0.33,0.26,0.17,0.23,0.3,0.26,0.01
147,0.25,0.33,0.26,0.17,0.22,0.3,0.26,0.01
148,0.25,0.34,0.26,0.17,0.22,0.32,0.26,0.01
149,0.25,0.34,0.26,0.17,0.22,0.32,0.26,0.01
150,0.26,0.34,0.26,0.17,0.22,0.32,0.27,0.01
151,0.27,0.34,0.28,0.17,0.23,0.32,0.29,0.01
152,0.28,0.34,0.3,0.17,0.25,0.33,0.32,0.02
153,0.29,0.36,0.31,0.19,0.26,0.33,0.34,0.03
154,0.33,0.41,0.36,0.21,0.3,0.36,0.38,0.04
155,0.35,0.43,0.39,0.21,0.31,0.39,0.4,0.04
156,0.38,0.45,0.41,0.21,0.34,0.41,0.42,0.05
157,0.39,0.45,0.43,0.23,0.36,0.42,0.45,0.06
158,0.42,0.48,0.45,0.25,0.37,0.44,0.47,0.07
159,0.46,0.52,0.5,0.29,0.42,0.49,0.51,0.09
160,0.47,0.54,0.51,0.31,0.43,0.52,0.52,0.09
161,0.5,0.57,0.53,0.31,0.46,0.53,0.55,0.11
162,0.52,0.57,0.56,0.35,0.49,0.57,0.57,0.13
163,0.56,0.63,0.59,0.37,0.51,0.61,0.6,0.14
164,0.57,0.63,0.6,0.38,0.51,0.6,0.6,0.16
165,0.59,0.67,0.63,0.4,0.55,0.63,0.63,0.18
166,0.61,0.68,0.65,0.44,0.57,0.66,0.65,0.2
167,0.63,0.7,0.65,0.44,0.59,0.69,0.66,0.22
168,0.63,0.7,0.66,0.48,0.59,0.68,0.67,0.23
169,0.65,0.72,0.68,0.48,0.61,0.69,0.68,0.24
170,0.66,0.74,0.69,0.5,0.62,0.71,0.7,0.26
171,0.67,0.74,0.7,0.52,0.63,0.73,0.71,0.27
172,0.68,0.78,0.71,0.54,0.65,0.76,0.72,0.29
173,0.7,0.78,0.72,0.58,0.66,0.76,0.74,0.32
174,0.7,0.78,0.73,0.58,0.67,0.78,0.75,0.32
175,0.72,0.79,0.75,0.62,0.69,0.78,0.77,0.36
176,0.72,0.81,0.76,0.62,0.7,0.79,0.77,0.37
177,0.73,0.81,0.76,0.63,0.7,0.81,0.78,0.37
178,0.74,0.81,0.77,0.65,0.71,0.81,0.79,0.41
179,0.75,0.81,0.78,0.65,0.73,0.81,0.79,0.41
180,0.75,0.81,0.79,0.67,0.74,0.83,0.8,0.42
181,0.77,0.81,0.79,0.69,0.74,0.84,0.81,0.43
182,0.78,0.83,0.79,0.69,0.75,0.83,0.81,0.44
183,0.78,0.83,0.81,0.69,0.76,0.84,0.82,0.46
184,0.78,0.83,0.8,0.71,0.76,0.84,0.83,0.47
185,0.78,0.83,0.82,0.73,0.77,0.84,0.83,0.49
186,0.79,0.85,0.82,0.73,0.78,0.84,0.84,0.51
187,0.79,0.83,0.82,0.73,0.78,0.84,0.84,0.51
188,0.8,0.87,0.82,0.75,0.79,0.86,0.85,0.54
189,0.8,0.87,0.83,0.77,0.79,0.86,0.85,0.54
190,0.8,0.87,0.82,0.77,0.8,0.86,0.85,0.56
191,0.8,0.85,0.83,0.77,0.79,0.88,0.86,0.56
192,0.79,0.85,0.83,0.77,0.8,0.86,0.86,0.58
193,0.8,0.85,0.83,0.77,0.8,0.88,0.86,0.58
194,0.79,0.85,0.83,0.81,0.8,0.86,0.86,0.59
195,0.8,0.83,0.83,0.79,0.82,0.86,0.86,0.6
196,0.8,0.85,0.83,0.81,0.82,0.88,0.87,0.61
197,0.8,0.87,0.84,0.81,0.82,0.86,0.87,0.62
198,0.8,0.87,0.84,0.81,0.82,0.86,0.88,0.63
199,0.8,0.87,0.83,0.81,0.82,0.86,0.88,0.64
200,0.8,0.87,0.84,0.81,0.82,0.88,0.88,0.64
201,0.8,0.87,0.84,0.83,0.82,0.86,0.88,0.64
202,0.81,0.85,0.84,0.83,0.83,0.86,0.88,0.66
203,0.8,0.87,0.84,0.83,0.83,0.88,0.88,0.66
204,0.81,0.87,0.84,0.83,0.83,0.88,0.88,0.68
205,0.83,0.89,0.84,0.83,0.84,0.88,0.88,0.69
206,0.83,0.89,0.84,0.83,0.84,0.88,0.89,0.69
207,0.84,0.87,0.84,0.85,0.84,0.88,0.89,0.7
208,0.83,0.87,0.84,0.85,0.84,0.9,0.89,0.71
209,0.83,0.87,0.84,0.85,0.84,0.86,0.89,0.71
210,0.81,0.87,0.85,0.85,0.85,0.9,0.89,0.72
211,0.84,0.83,0.85,0.85,0.85,0.88,0.9,0.73
212,0.84,0.87,0.85,0.87,0.85,0.9,0.9,0.73
213,0.83,0.87,0.85,0.85,0.85,0.9,0.9,0.73
214,0.83,0.85,0.85,0.87,0.84,0.88,0.9,0.73
215,0.83,0.87,0.85,0.85,0.85,0.9,0.9,0.74
216,0.83,0.89,0.86,0.87,0.85,0.9,0.9,0.74
217,0.84,0.87,0.85,0.87,0.85,0.9,0.9,0.76
218,0.83,0.87,0.85,0.87,0.85,0.9,0.9,0.76
219,0.81,0.87,0.84,0.87,0.85,0.88,0.9,0.76
220,0.8,0.83,0.84,0.87,0.84,0.88,0.9,0.76
221,0.8,0.85,0.84,0.87,0.84,0.88,0.9,0.76
222,0.8,0.83,0.84,0.87,0.84,0.86,0.9,0.77
223,0.8,0.83,0.83,0.87,0.84,0.86,0.9,0.78
224,0.79,0.83,0.83,0.87,0.84,0.86,0.9,0.78
225,0.79,0.85,0.84,0.87,0.84,0.88,0.9,0.78
226,0.8,0.85,0.84,0.87,0.85,0.88,0.9,0.78
227,0.8,0.87,0.84,0.88,0.85,0.9,0.9,0.79
228,0.8,0.87,0.84,0.88,0.85,0.88,0.9,0.79
229,0.8,0.87,0.84,0.87,0.85,0.9,0.9,0.81
230,0.8,0.87,0.84,0.88,0.85,0.9,0.9,0.8
231,0.8,0.87,0.84,0.88,0.85,0.88,0.9,0.81
232,0.8,0.87,0.84,0.88,0.85,0.88,0.9,0.81
233,0.8,0.87,0.84,0.88,0.85,0.88,0.9,0.81
234,0.79,0.87,0.84,0.88,0.85,0.9,0.9,0.82
235,0.8,0.89,0.84,0.87,0.86,0.91,0.9,0.82
236,0.8,0.89,0.84,0.88,0.86,0.88,0.91,0.82
237,0.79,0.87,0.84,0.88,0.85,0.91,0.9,0.83
238,0.8,0.89,0.84,0.88,0.86,0.9,0.91,0.83
239,0.8,0.89,0.84,0.88,0.85,0.91,0.9,0.83
240,0.8,0.89,0.84,0.88,0.85,0.9,0.9,0.83
241,0.8,0.87,0.84,0.88,0.85,0.9,0.9,0.84
242,0.8,0.87,0.84,0.88,0.84,0.9,0.9,0.83
243,0.8,0.87,0.84,0.88,0.85,0.9,0.9,0.84
244,0.8,0.87,0.84,0.88,0.85,0.88,0.9,0.84
245,0.81,0.87,0.84,0.88,0.86,0.88,0.9,0.84
246,0.81,0.87,0.84,0.88,0.86,0.9,0.9,0.84
247,0.81,0.87,0.85,0.9,0.86,0.9,0.91,0.84
248,0.81,0.89,0.85,0.9,0.86,0.9,0.91,0.85
249,0.81,0.89,0.85,0.88,0.86,0.86,0.91,0.86
250,0.81,0.87,0.85,0.9,0.86,0.91,0.92,0.86
251,0.81,0.89,0.85,0.88,0.86,0.91,0.91,0.86
252,0.81,0.87,0.85,0.88,0.86,0.9,0.91,0.86
253,0.81,0.87,0.85,0.9,0.86,0.91,0.91,0.86
254,0.81,0.87,0.85,0.9,0.86,0.91,0.9,0.86
255,0.81,0.85,0.84,0.88,0.86,0.9,0.91,0.86
256,0.81,0.87,0.85,0.88,0.86,0.88,0.91,0.86
257,0.83,0.87,0.85,0.88,0.86,0.9,0.91,0.86
258,0.81,0.89,0.85,0.88,0.86,0.9,0.91,0.87
259,0.83,0.87,0.86,0.88,0.88,0.91,0.91,0.87
260,0.83,0.87,0.86,0.88,0.86,0.9,0.93,0.88
261,0.83,0.89,0.86,0.9,0.88,0.91,0.91,0.88
262,0.83,0.89,0.86,0.9,0.88,0.9,0.92,0.87
263,0.81,0.85,0.85,0.88,0.88,0.88,0.91,0.88
264,0.83,0.85,0.85,0.9,0.86,0.9,0.91,0.88
265,0.81,0.85,0.85,0.9,0.86,0.88,0.91,0.88
266,0.81,0.85,0.85,0.9,0.85,0.86,0.9,0.88
267,0.83,0.85,0.85,0.88,0.86,0.88,0.91,0.88
268,0.81,0.85,0.85,0.9,0.86,0.88,0.91,0.88
269,0.83,0.85,0.86,0.9,0.86,0.88,0.91,0.89
270,0.83,0.85,0.86,0.88,0.88,0.88,0.91,0.88
271,0.83,0.85,0.86,0.9,0.88,0.9,0.91,0.89
272,0.83,0.85,0.86,0.9,0.88,0.88,0.91,0.89
273,0.83,0.85,0.87,0.9,0.88,0.88,0.92,0.89
274,0.83,0.87,0.86,0.9,0.88,0.88,0.92,0.89
275,0.83,0.87,0.86,0.88,0.88,0.88,0.92,0.89
276,0.83,0.87,0.86,0.9,0.88,0.88,0.92,0.89
277,0.83,0.87,0.87,0.9,0.88,0.91,0.92,0.89
278,0.81,0.89,0.87,0.9,0.88,0.9,0.93,0.89
279,0.83,0.87,0.86,0.9,0.88,0.91,0.92,0.89
280,0.81,0.87,0.86,0.9,0.88,0.9,0.91,0.9
281,0.8,0.87,0.85,0.9,0.88,0.9,0.92,0.9
282,0.81,0.85,0.84,0.9,0.86,0.9,0.91,0.89
283,0.8,0.87,0.84,0.9,0.88,0.9,0.91,0.9
284,0.8,0.85,0.85,0.92,0.86,0.88,0.91,0.9
285,0.81,0.87,0.84,0.9,0.86,0.9,0.91,0.9
286,0.8,0.87,0.84,0.9,0.86,0.9,0.92,0.9
287,0.8,0.87,0.84,0.9,0.86,0.9,0.92,0.91
288,0.79,0.85,0.84,0.9,0.86,0.9,0.91,0.91
289,0.8,0.85,0.84,0.9,0.86,0.88,0.91,0.9
290,0.8,0.87,0.84,0.9,0.86,0.9,0.91,0.9
291,0.8,0.87,0.84,0.92,0.88,0.9,0.91,0.91
292,0.81,0.89,0.84,0.9,0.86,0.91,0.92,0.91
293,0.81,0.89,0.85,0.9,0.88,0.9,0.93,0.91
294,0.81,0.89,0.85,0.9,0.88,0.91,0.92,0.91
295,0.81,0.89,0.86,0.92,0.88,0.91,0.93,0.91
296,0.81,0.89,0.86,0.92,0.88,0.91,0.93,0.91
297,0.83,0.89,0.86,0.92,0.88,0.91,0.93,0.91
298,0.83,0.87,0.86,0.92,0.88,0.9,0.92,0.91
299,0.83,0.87,0.86,0.92,0.88,0.91,0.93,0.91
300,0.83,0.87,0.86,0.9,0.88,0.9,0.92,0.91
301,0.83,0.87,0.85,0.9,0.88,0.9,0.92,0.91
302,0.81,0.85,0.85,0.9,0.88,0.9,0.92,0.91
303,0.81,0.85,0.85,0.9,0.86,0.88,0.92,0.91
304,0.81,0.87,0.85,0.92,0.88,0.9,0.93,0.91
305,0.81,0.87,0.86,0.92,0.88,0.93,0.92,0.91
306,0.83,0.89,0.86,0.92,0.89,0.91,0.93,0.92
307,0.83,0.89,0.87,0.92,0.9,0.91,0.93,0.92
308,0.83,0.89,0.86,0.92,0.89,0.93,0.93,0.92
309,0.84,0.89,0.86,0.92,0.88,0.91,0.93,0.92
310,0.83,0.87,0.87,0.92,0.89,0.91,0.93,0.92
311,0.84,0.89,0.87,0.92,0.89,0.91,0.93,0.92
312,0.83,0.89,0.87,0.92,0.89,0.9,0.93,0.92
313,0.83,0.89,0.87,0.92,0.89,0.9,0.93,0.92
314,0.83,0.87,0.87,0.92,0.89,0.9,0.93,0.92
315,0.84,0.89,0.87,0.92,0.89,0.9,0.93,0.92
316,0.83,0.87,0.86,0.92,0.89,0.91,0.93,0.92
317,0.84,0.87,0.87,0.92,0.89,0.91,0.93,0.92
318,0.84,0.89,0.87,0.92,0.89,0.91,0.93,0.92
319,0.83,0.9,0.87,0.92,0.89,0.9,0.93,0.92
320,0.83,0.9,0.87,0.92,0.89,0.93,0.93,0.92
321,0.84,0.9,0.88,0.92,0.9,0.91,0.94,0.94
322,0.84,0.92,0.88,0.92,0.9,0.93,0.94,0.93
323,0.84,0.92,0.88,0.92,0.9,0.95,0.94,0.94
324,0.84,0.92,0.89,0.92,0.9,0.93,0.94,0.93
325,0.84,0.92,0.89,0.92,0.9,0.93,0.94,0.94
326,0.85,0.92,0.89,0.96,0.9,0.95,0.95,0.94
327,0.85,0.92,0.89,0.96,0.9,0.93,0.94,0.94
328,0.86,0.96,0.89,0.94,0.91,0.95,0.95,0.94
329,0.85,0.94,0.89,0.94,0.9,0.95,0.95,0.94
330,0.86,0.94,0.9,0.94,0.91,0.95,0.95,0.94
331,0.85,0.94,0.89,0.92,0.9,0.93,0.95,0.94
332,0.84,0.92,0.89,0.94,0.9,0.93,0.95,0.94
333,0.84,0.94,0.89,0.94,0.9,0.95,0.95,0.94
334,0.84,0.94,0.88,0.94,0.9,0.93,0.95,0.94
335,0.84,0.94,0.88,0.94,0.9,0.95,0.94,0.94
336,0.84,0.94,0.88,0.94,0.9,0.95,0.95,0.94
337,0.83,0.94,0.87,0.94,0.9,0.93,0.95,0.94
338,0.83,0.94,0.87,0.92,0.9,0.93,0.94,0.94
339,0.83,0.92,0.87,0.96,0.9,0.95,0.94,0.94
340,0.81,0.92,0.87,0.94,0.9,0.93,0.94,0.94
341,0.81,0.92,0.86,0.94,0.89,0.93,0.94,0.94
342,0.81,0.9,0.86,0.94,0.89,0.95,0.93,0.94
343,0.8,0.92,0.86,0.96,0.89,0.93,0.93,0.94
344,0.8,0.92,0.86,0.94,0.89,0.93,0.93,0.94
345,0.8,0.9,0.87,0.94,0.89,0.93,0.93,0.94
346,0.83,0.92,0.87,0.94,0.89,0.93,0.93,0.95
347,0.83,0.94,0.87,0.94,0.9,0.95,0.93,0.95
348,0.84,0.94,0.87,0.94,0.9,0.95,0.94,0.95
349,0.84,0.94,0.87,0.96,0.9,0.95,0.94,0.96
350,0.84,0.94,0.87,0.94,0.9,0.96,0.94,0.95
351,0.84,0.94,0.87,0.96,0.9,0.96,0.94,0.95
352,0.83,0.94,0.87,0.96,0.9,0.95,0.94,0.94
353,0.83,0.94,0.87,0.96,0.9,0.93,0.94,0.95
354,0.83,0.92,0.87,0.94,0.9,0.93,0.93,0.95
355,0.83,0.92,0.87,0.96,0.89,0.95,0.94,0.95
356,0.83,0.92,0.87,0.94,0.9,0.95,0.93,0.95
357,0.84,0.94,0.87,0.94,0.89,0.93,0.94,0.95
358,0.83,0.92,0.87,0.96,0.9,0.93,0.94,0.96
359,0.84,0.92,0.87,0.96,0.9,0.93,0.94,0.95
360,0.84,0.94,0.87,0.96,0.9,0.93,0.93,0.96
361,0.84,0.92,0.87,0.94,0.9,0.95,0.94,0.96
362,0.84,0.9,0.87,0.96,0.9,0.91,0.93,0.95
363,0.85,0.92,0.88,0.94,0.9,0.95,0.94,0.95
364,0.85,0.92,0.88,0.96,0.9,0.93,0.94,0.95
365,0.86,0.94,0.88,0.94,0.9,0.95,0.95,0.96
366,0.86,0.94,0.89,0.96,0.9,0.95,0.95,0.96
367,0.88,0.94,0.89,0.96,0.91,0.95,0.95,0.96
368,0.86,0.94,0.89,0.94,0.9,0.96,0.95,0.96
369,0.86,0.94,0.89,0.96,0.9,0.95,0.95,0.96
370,0.85,0.92,0.88,0.94,0.9,0.93,0.95,0.96
371,0.85,0.92,0.87,0.96,0.9,0.93,0.95,0.96
372,0.84,0.9,0.87,0.96,0.9,0.93,0.94,0.96
373,0.85,0.94,0.87,0.96,0.9,0.93,0.95,0.95
374,0.85,0.9,0.87,0.96,0.9,0.93,0.94,0.96
375,0.85,0.92,0.87,0.94,0.9,0.93,0.95,0.96
376,0.85,0.9,0.87,0.94,0.9,0.93,0.95,0.96
377,0.84,0.9,0.87,0.94,0.9,0.93,0.94,0.96
378,0.84,0.9,0.88,0.94,0.9,0.93,0.94,0.96
379,0.85,0.92,0.88,0.94,0.91,0.93,0.95,0.96
380,0.85,0.92,0.87,0.96,0.91,0.93,0.95,0.96
381,0.85,0.94,0.88,0.94,0.9,0.93,0.95,0.96
382,0.85,0.92,0.89,0.94,0.91,0.93,0.95,0.96
383,0.85,0.92,0.89,0.96,0.9,0.95,0.95,0.96
384,0.86,0.92,0.89,0.96,0.91,0.95,0.95,0.96
385,0.89,0.94,0.9,0.96,0.91,0.95,0.95,0.96
386,0.86,0.94,0.9,0.94,0.91,0.96,0.95,0.97
387,0.89,0.94,0.9,0.96,0.91,0.95,0.96,0.96
388,0.89,0.94,0.91,0.96,0.92,0.96,0.96,0.96
389,0.89,0.94,0.91,0.96,0.92,0.96,0.96,0.96
390,0.9,0.96,0.9,0.96,0.92,0.93,0.96,0.96
391,0.89,0.94,0.91,0.96,0.92,0.96,0.96,0.96
392,0.89,0.94,0.9,0.94,0.92,0.95,0.96,0.97
393,0.88,0.94,0.9,0.96,0.92,0.96,0.96,0.96
394,0.88,0.94,0.9,0.96,0.91,0.95,0.96,0.96
395,0.88,0.94,0.9,0.96,0.91,0.96,0.96,0.96
396,0.86,0.94,0.9,0.96,0.91,0.96,0.96,0.96
397,0.86,0.94,0.9,0.96,0.91,0.93,0.95,0.96
398,0.86,0.94,0.9,0.96,0.91,0.93,0.95,0.96
399,0.85,0.92,0.89,0.96,0.91,0.95,0.95,0.96
400,0.86,0.92,0.89,0.96,0.91,0.95,0.95,0.96
401,0.86,0.9,0.89,0.96,0.91,0.95,0.96,0.96
402,0.86,0.92,0.9,0.96,0.91,0.93,0.95,0.96
403,0.86,0.94,0.9,0.96,0.91,0.95,0.96,0.96
404,0.86,0.94,0.9,0.96,0.92,0.95,0.96,0.97
405,0.86,0.94,0.9,0.96,0.91,0.95,0.96,0.96
406,0.86,0.92,0.9,0.96,0.91,0.95,0.96,0.96
407,0.86,0.94,0.9,0.96,0.91,0.95,0.96,0.96
408,0.86,0.96,0.9,0.96,0.91,0.96,0.96,0.96
409,0.86,0.96,0.9,0.96,0.91,0.95,0.96,0.96
410,0.86,0.96,0.89,0.96,0.91,0.95,0.96,0.97
411,0.88,0.94,0.89,0.96,0.91,0.95,0.96,0.96
412,0.86,0.96,0.9,0.96,0.92,0.96,0.96,0.97
413,0.86,0.94,0.9,0.96,0.91,0.95,0.96,0.96
414,0.85,0.96,0.89,0.96,0.91,0.96,0.96,0.97
415,0.85,0.94,0.89,0.96,0.91,0.95,0.97,0.97
416,0.86,0.96,0.89,0.96,0.91,0.98,0.96,0.97
417,0.85,0.96,0.89,0.96,0.91,0.95,0.96,0.97
418,0.85,0.94,0.89,0.96,0.92,0.98,0.96,0.97
419,0.85,0.98,0.89,0.96,0.91,0.98,0.97,0.97
420,0.85,0.98,0.9,0.96,0.92,0.98,0.97,0.97
421,0.85,0.98,0.9,0.96,0.92,0.98,0.97,0.97
422,0.86,0.98,0.9,0.96,0.92,0.98,0.97,0.98
423,0.86,0.98,0.9,0.96,0.92,0.98,0.97,0.97
424,0.86,0.98,0.9,0.96,0.92,0.98,0.97,0.97
425,0.85,0.98,0.89,0.96,0.91,0.96,0.96,0.97
426,0.85,0.96,0.89,0.96,0.92,0.98,0.96,0.97
427,0.84,0.96,0.89,0.96,0.91,0.98,0.96,0.97
428,0.86,0.96,0.89,0.96,0.91,0.98,0.97,0.97
429,0.84,0.96,0.89,0.96,0.91,0.96,0.96,0.97
430,0.84,0.98,0.88,0.96,0.91,0.96,0.96,0.97
431,0.84,0.98,0.88,0.96,0.91,0.98,0.95,0.97
432,0.84,0.96,0.88,0.96,0.91,0.96,0.95,0.97
433,0.84,0.94,0.87,0.96,0.91,0.96,0.95,0.97
434,0.83,0.96,0.87,0.96,0.9,0.96,0.95,0.97
435,0.84,0.94,0.87,0.96,0.91,0.95,0.95,0.97
436,0.84,0.94,0.87,0.96,0.9,0.95,0.95,0.97
437,0.84,0.94,0.88,0.96,0.91,0.95,0.95,0.97
438,0.84,0.96,0.87,0.96,0.9,0.96,0.95,0.97
439,0.84,0.94,0.87,0.96,0.9,0.95,0.95,0.97
440,0.84,0.94,0.88,0.96,0.9,0.95,0.95,0.97
441,0.84,0.94,0.88,0.96,0.91,0.96,0.95,0.96
442,0.84,0.92,0.87,0.96,0.9,0.95,0.94,0.97
443,0.84,0.92,0.87,0.96,0.9,0.93,0.94,0.97
444,0.81,0.9,0.86,0.96,0.9,0.93,0.94,0.97
445,0.83,0.9,0.86,0.96,0.89,0.93,0.94,0.96
446,0.81,0.92,0.86,0.96,0.9,0.93,0.94,0.96
447,0.81,0.92,0.86,0.96,0.89,0.93,0.94,0.97
448,0.81,0.92,0.87,0.96,0.9,0.95,0.94,0.97
449,0.83,0.94,0.87,0.96,0.91,0.95,0.95,0.97
450,0.83,0.94,0.87,0.96,0.9,0.95,0.95,0.97
451,0.83,0.96,0.87,0.96,0.9,0.96,0.95,0.97
452,0.84,0.94,0.87,0.96,0.91,0.96,0.95,0.97
453,0.84,0.94,0.88,0.96,0.91,0.96,0.95,0.97
454,0.84,0.94,0.88,0.96,0.91,0.95,0.95,0.97
455,0.84,0.94,0.88,0.96,0.9,0.95,0.95,0.97
456,0.84,0.94,0.89,0.96,0.91,0.96,0.95,0.97
457,0.84,0.96,0.88,0.96,0.91,0.98,0.95,0.97
458,0.84,0.96,0.88,0.96,0.91,0.98,0.95,0.98
459,0.84,0.96,0.88,0.96,0.91,0.98,0.95,0.97
460,0.85,0.96,0.88,0.96,0.91,0.98,0.95,0.98
461,0.84,0.98,0.88,0.98,0.91,0.96,0.95,0.98
462,0.84,0.98,0.89,0.98,0.91,0.98,0.96,0.98
463,0.84,0.98,0.89,0.96,0.91,0.98,0.96,0.98
464,0.85,1.0,0.89,0.96,0.92,0.98,0.96,0.98
465,0.85,0.98,0.89,0.96,0.92,1.0,0.96,0.98
466,0.86,1.0,0.89,0.96,0.92,1.0,0.96,0.98
467,0.85,1.0,0.9,0.96,0.91,0.98,0.96,0.98
468,0.85,1.0,0.9,0.96,0.92,1.0,0.96,0.98
469,0.85,1.0,0.9,0.96,0.92,1.0,0.96,0.98
470,0.85,1.0,0.9,0.96,0.92,0.96,0.96,0.98
471,0.85,1.0,0.9,0.96,0.92,1.0,0.96,0.98
472,0.85,0.98,0.89,0.98,0.92,1.0,0.96,0.98
473,0.84,1.0,0.89,0.96,0.92,1.0,0.96,0.98
474,0.85,1.0,0.89,0.96,0.92,0.98,0.96,0.98
475,0.84,0.98,0.88,0.98,0.92,0.98,0.95,0.98
476,0.85,0.98,0.89,0.96,0.91,1.0,0.96,0.98
477,0.85,0.98,0.89,0.96,0.92,1.0,0.96,0.98
478,0.84,0.96,0.89,0.98,0.91,0.98,0.96,0.98
479,0.84,0.96,0.88,0.96,0.91,0.98,0.95,0.98
480,0.84,0.98,0.88,0.96,0.91,0.98,0.96,0.98
481,0.84,0.98,0.87,0.98,0.91,0.98,0.95,0.98
482,0.83,0.98,0.87,0.98,0.9,0.98,0.95,0.98
483,0.83,0.96,0.87,0.96,0.9,0.96,0.95,0.98
484,0.83,0.96,0.87,0.96,0.91,0.98,0.95,0.98
485,0.83,0.94,0.87,0.96,0.9,0.96,0.95,0.98
486,0.83,0.96,0.87,0.96,0.9,0.96,0.95,0.98
487,0.83,0.96,0.87,0.96,0.9,0.96,0.95,0.98
488,0.83,0.96,0.87,0.96,0.91,0.96,0.95,0.98
489,0.83,0.98,0.87,0.96,0.9,0.98,0.95,0.98
490,0.85,0.98,0.88,0.96,0.91,0.98,0.95,0.98
491,0.85,0.98,0.88,0.96,0.91,1.0,0.95,0.98
492,0.85,0.96,0.88,0.96,0.91,0.96,0.95,0.98
493,0.84,0.96,0.88,0.98,0.91,0.96,0.95,0.98
494,0.85,0.94,0.88,0.96,0.91,0.98,0.95,0.98
495,0.85,0.96,0.88,0.96,0.91,0.95,0.95,0.98
496,0.86,0.94,0.89,0.98,0.9,0.96,0.95,0.98
497,0.86,0.94,0.89,0.96,0.91,0.96,0.95,0.97
498,0.86,0.94,0.89,0.96,0.91,0.95,0.95,0.98
499,0.86,0.94,0.9,0.96,0.91,0.98,0.95,0.97
500,0.86,0.92,0.9,0.96,0.91,0.96,0.95,0.98
501,0.86,0.94,0.89,0.98,0.92,0.95,0.95,0.97
502,0.86,0.92,0.89,0.96,0.91,0.95,0.96,0.97
503,0.86,0.92,0.89,0.96,0.92,0.96,0.96,0.97
504,0.86,0.94,0.89,0.98,0.91,0.96,0.95,0.97
505,0.86,0.92,0.89,0.96,0.91,0.95,0.95,0.97
506,0.86,0.94,0.89,0.96,0.91,0.95,0.96,0.97
507,0.86,0.92,0.89,0.96,0.92,0.95,0.95,0.97
508,0.86,0.94,0.9,0.96,0.92,0.95,0.96,0.97
509,0.86,0.94,0.9,0.96,0.92,0.96,0.97,0.97
510,0.86,0.96,0.9,0.96,0.92,0.96,0.96,0.98
511,0.88,0.96,0.9,0.98,0.94,0.98,0.97,0.97
512,0.86,0.96,0.9,0.96,0.92,0.98,0.97,0.98
513,0.88,0.96,0.9,0.96,0.92,0.98,0.97,0.98
514,0.88,0.98,0.9,0.96,0.94,0.96,0.97,0.98
515,0.86,0.98,0.9,0.96,0.92,0.96,0.97,0.98
516,0.86,0.98,0.9,0.96,0.94,0.96,0.97,0.98
517,0.86,0.96,0.9,0.96,0.94,0.96,0.97,0.98
518,0.86,0.96,0.9,0.96,0.92,0.98,0.97,0.98
519,0.85,0.96,0.89,0.98,0.91,0.96,0.97,0.98
520,0.85,0.96,0.9,0.98,0.92,0.98,0.97,0.98
521,0.84,0.96,0.89,0.98,0.91,0.98,0.96,0.98
522,0.84,0.96,0.88,0.96,0.91,0.96,0.96,0.98
523,0.84,0.94,0.88,0.96,0.91,0.96,0.96,0.98
524,0.84,0.94,0.88,0.96,0.92,0.96,0.96,0.98
525,0.84,0.94,0.88,0.98,0.91,0.96,0.96,0.97
526,0.83,0.94,0.88,0.96,0.91,0.96,0.96,0.97
527,0.84,0.94,0.88,0.98,0.91,0.96,0.96,0.97
528,0.84,0.94,0.88,0.96,0.91,0.95,0.96,0.98
529,0.84,0.96,0.88,0.96,0.91,0.95,0.96,0.98
530,0.84,0.96,0.88,0.96,0.91,0.96,0.96,0.97
531,0.84,0.96,0.88,0.98,0.91,0.96,0.95,0.98
532,0.84,0.96,0.88,0.96,0.91,0.95,0.95,0.97
533,0.84,0.94,0.88,0.96,0.91,0.96,0.95,0.97
534,0.83,0.94,0.88,0.98,0.91,0.98,0.95,0.98
535,0.84,0.96,0.88,0.96,0.91,0.96,0.95,0.98
536,0.84,0.96,0.88,0.98,0.91,0.98,0.95,0.98
537,0.83,0.94,0.87,0.96,0.91,0.96,0.95,0.98
538,0.84,0.96,0.87,0.96,0.91,0.96,0.95,0.98
539,0.84,0.94,0.87,0.98,0.91,0.96,0.95,0.98
540,0.83,0.94,0.87,0.96,0.91,0.96,0.95,0.98
541,0.83,0.92,0.87,0.98,0.91,0.95,0.95,0.97
542,0.83,0.94,0.87,0.96,0.91,0.95,0.95,0.98
543,0.83,0.92,0.87,0.96,0.91,0.95,0.95,0.97
544,0.84,0.92,0.87,0.96,0.91,0.95,0.95,0.98
545,0.83,0.92,0.87,0.96,0.9,0.96,0.95,0.98
546,0.83,0.92,0.87,0.96,0.91,0.95,0.95,0.97
547,0.83,0.92,0.87,0.96,0.91,0.93,0.95,0.97
548,0.84,0.9,0.87,0.96,0.91,0.93,0.95,0.97
549,0.83,0.92,0.87,0.98,0.9,0.95,0.95,0.97
550,0.84,0.92,0.87,0.96,0.9,0.95,0.95,0.97
551,0.84,0.94,0.88,0.98,0.91,0.93,0.95,0.98
552,0.84,0.94,0.87,0.98,0.91,0.96,0.95,0.97
553,0.84,0.92,0.87,0.96,0.91,0.93,0.95,0.97
554,0.85,0.94,0.88,0.96,0.91,0.95,0.95,0.97
555,0.84,0.92,0.87,0.96,0.91,0.95,0.95,0.97
556,0.84,0.92,0.87,0.96,0.91,0.93,0.95,0.97
557,0.83,0.92,0.87,0.96,0.91,0.93,0.95,0.97
558,0.84,0.9,0.87,0.96,0.91,0.93,0.95,0.97
559,0.83,0.9,0.87,0.96,0.9,0.93,0.95,0.97
560,0.83,0.9,0.87,0.98,0.91,0.93,0.95,0.97
561,0.83,0.92,0.86,0.96,0.9,0.93,0.94,0.97
562,0.83,0.89,0.86,0.96,0.9,0.93,0.95,0.97
563,0.83,0.9,0.87,0.96,0.9,0.91,0.94,0.96
564,0.83,0.89,0.86,0.96,0.9,0.91,0.94,0.97
565,0.83,0.9,0.87,0.96,0.9,0.93,0.94,0.97
566,0.83,0.89,0.87,0.96,0.9,0.91,0.94,0.97
567,0.84,0.89,0.87,0.96,0.9,0.93,0.95,0.97
568,0.84,0.89,0.87,0.96,0.91,0.91,0.94,0.96
569,0.84,0.89,0.87,0.96,0.91,0.91,0.94,0.96
570,0.84,0.87,0.87,0.96,0.91,0.91,0.95,0.96
571,0.84,0.89,0.87,0.96,0.91,0.91,0.95,0.97
572,0.85,0.89,0.88,0.96,0.91,0.91,0.95,0.96
573,0.85,0.89,0.88,0.96,0.91,0.91,0.96,0.96
574,0.85,0.89,0.88,0.96,0.91,0.93,0.95,0.96
575,0.85,0.89,0.88,0.96,0.92,0.91,0.95,0.96
576,0.85,0.89,0.88,0.96,0.92,0.91,0.95,0.96
577,0.85,0.89,0.89,0.96,0.92,0.93,0.96,0.97
578,0.85,0.9,0.89,0.96,0.92,0.93,0.95,0.96
579,0.86,0.9,0.89,0.98,0.92,0.91,0.95,0.96
580,0.85,0.9,0.89,0.96,0.92,0.91,0.96,0.97
581,0.85,0.9,0.88,0.98,0.92,0.93,0.95,0.97
582,0.85,0.9,0.89,0.98,0.92,0.95,0.96,0.96
583,0.85,0.92,0.89,0.98,0.92,0.95,0.96,0.97
584,0.85,0.92,0.89,0.98,0.92,0.95,0.96,0.97
585,0.85,0.92,0.89,0.96,0.92,0.93,0.96,0.97
586,0.85,0.94,0.9,0.96,0.92,0.95,0.96,0.97
587,0.85,0.92,0.9,0.96,0.92,0.95,0.96,0.97
588,0.85,0.94,0.89,0.96,0.92,0.93,0.96,0.97
589,0.86,0.92,0.9,1.0,0.92,0.96,0.96,0.97
590,0.85,0.92,0.89,0.98,0.92,0.95,0.96,0.97
591,0.84,0.92,0.9,0.96,0.92,0.93,0.96,0.97
592,0.85,0.92,0.89,0.98,0.92,0.95,0.96,0.97
593,0.85,0.94,0.89,0.98,0.92,0.95,0.96,0.97
