0,0.98,1.0,0.98,0.95,0.99,0.99,0.99,0.98
1,0.98,0.99,0.98,0.95,0.99,0.99,0.99,0.98
2,0.98,1.0,0.98,0.97,0.99,1.0,0.99,0.98
3,0.98,1.0,0.98,0.97,0.99,1.0,0.99,0.98
4,0.98,1.0,0.98,0.95,0.99,1.0,0.99,0.98
5,0.98,1.0,0.98,0.95,0.99,1.0,0.99,0.98
6,0.98,1.0,0.98,0.95,0.99,1.0,0.99,0.98
7,0.98,1.0,0.98,0.95,0.99,1.0,0.99,0.98
8,0.98,1.0,0.98,0.95,0.99,1.0,0.99,0.98
9,0.98,0.99,0.98,0.97,0.99,1.0,0.99,0.98
10,0.98,1.0,0.98,0.95,0.99,1.0,0.99,0.98
11,0.98,1.0,0.98,0.97,0.99,1.0,0.99,0.98
12,0.98,1.0,0.98,0.95,0.99,1.0,1.0,0.98
13,0.98,1.0,0.98,0.97,0.99,1.0,0.99,0.98
14,0.98,1.0,0.98,0.97,0.99,1.0,1.0,0.98
15,0.98,1.0,0.98,0.97,1.0,1.0,1.0,0.98
16,0.98,1.0,0.98,0.97,1.0,1.0,1.0,0.98
17,0.98,1.0,0.98,0.97,1.0,1.0,1.0,0.98
18,0.98,1.0,0.98,0.97,0.99,1.0,1.0,0.98
19,0.98,1.0,0.98,0.97,0.99,1.0,0.99,0.98
20,0.98,1.0,0.98,0.97,1.0,1.0,0.99,0.98
21,0.98,1.0,0.98,0.97,0.99,1.0,0.99,0.98
22,0.98,1.0,0.98,0.97,1.0,1.0,1.0,0.98
23,0.98,1.0,0.98,0.95,0.99,1.0,1.0,0.98
24,0.98,0.99,0.98,0.97,0.99,1.0,0.99,0.98
25,0.98,0.99,0.98,0.97,0.99,1.0,0.99,0.98
26,0.98,0.99,0.98,0.95,0.99,1.0,0.99,0.98
27,0.98,1.0,0.98,0.97,0.99,1.0,0.99,0.98
28,0.98,0.99,0.98,0.97,0.99,0.99,0.99,0.98
29,0.98,1.0,0.98,0.97,0.99,0.99,0.99,0.98
30,0.98,1.0,0.98,0.97,0.99,1.0,0.99,0.98
31,0.98,0.99,0.98,0.95,0.99,1.0,0.99,0.98
32,0.98,0.99,0.98,0.97,0.99,0.99,0.99,0.98
33,0.98,0.99,0.98,0.97,0.99,1.0,0.99,0.98
34,0.98,1.0,0.98,0.95,0.99,0.99,0.99,0.98
35,0.98,0.99,0.98,0.97,0.99,1.0,0.99,0.98
36,0.99,1.0,0.98,0.97,0.99,0.99,0.99,0.98
37,0.99,1.0,0.98,0.97,0.99,0.99,0.99,0.98
38,0.99,1.0,0.98,0.97,0.99,1.0,0.99,0.98
39,0.98,1.0,0.98,0.97,0.99,1.0,1.0,0.98
40,0.98,1.0,0.98,0.97,0.99,1.0,0.99,0.98
41,0.98,1.0,0.98,0.97,0.99,1.0,1.0,0.98
42,0.98,1.0,0.98,0.95,0.99,1.0,0.99,0.98
43,0.99,1.0,0.99,0.97,0.99,1.0,1.0,0.98
44,0.98,1.0,0.98,0.97,0.99,1.0,0.99,0.98
45,0.98,1.0,0.98,0.97,0.99,1.0,0.99,0.98
46,0.99,0.99,0.99,0.97,0.99,1.0,1.0,0.98
47,0.98,0.99,0.98,0.97,0.99,0.99,0.99,0.98
48,0.98,0.99,0.98,0.95,0.99,0.99,0.99,0.98
49,0.99,1.0,0.98,0.97,0.99,1.0,0.99,0.98
50,0.99,0.99,0.98,0.97,1.0,0.99,0.99,0.98
51,0.99,0.99,0.98,0.97,0.99,0.99,0.99,0.98
52,0.98,0.99,0.98,0.97,0.99,0.99,0.99,0.98
53,0.98,0.99,0.98,0.97,0.99,0.99,0.99,0.98
54,0.99,0.99,0.99,0.95,1.0,0.99,0.99,0.98
55,0.99,0.99,0.99,0.97,1.0,0.99,0.99,0.98
56,1.0,0.99,1.0,0.97,1.0,1.0,0.99,0.98
57,1.0,0.99,1.0,0.95,1.0,1.0,0.99,0.98
58,1.0,0.99,1.0,0.97,1.0,0.99,0.98,0.98
59,0.88,0.91,0.86,0.95,0.89,0.92,0.74,0.97
60,0.79,0.83,0.74,0.95,0.76,0.84,0.58,0.97
61,0.63,0.7,0.56,0.92,0.56,0.69,0.39,0.95
62,0.46,0.56,0.4,0.89,0.36,0.51,0.26,0.92
63,0.38,0.48,0.33,0.87,0.27,0.43,0.21,0.9
64,0.3,0.4,0.27,0.84,0.2,0.34,0.16,0.87
65,0.27,0.36,0.24,0.82,0.17,0.3,0.15,0.84
66,0.23,0.32,0.21,0.79,0.14,0.26,0.13,0.81
67,0.17,0.24,0.15,0.74,0.09,0.19,0.09,0.75
68,0.16,0.23,0.14,0.71,0.09,0.18,0.09,0.73
69,0.12,0.18,0.12,0.63,0.07,0.14,0.07,0.68
70,0.12,0.17,0.11,0.63,0.06,0.13,0.07,0.67
71,0.1,0.15,0.1,0.58,0.06,0.12,0.06,0.64
72,0.09,0.13,0.08,0.53,0.05,0.1,0.05,0.6
73,0.07,0.11,0.07,0.47,0.04,0.08,0.04,0.54
74,0.07,0.1,0.06,0.47,0.04,0.08,0.04,0.52
75,0.06,0.09,0.06,0.45,0.03,0.07,0.04,0.5
76,0.05,0.07,0.05,0.37,0.03,0.06,0.03,0.45
77,0.04,0.07,0.04,0.37,0.03,0.05,0.03,0.43
78,0.04,0.07,0.04,0.34,0.02,0.05,0.03,0.42
79,0.04,0.06,0.03,0.32,0.02,0.05,0.02,0.39
80,0.03,0.05,0.03,0.29,0.02,0.04,0.02,0.38
81,0.03,0.04,0.03,0.26,0.02,0.03,0.02,0.34
82,0.02,0.04,0.02,0.24,0.02,0.03,0.02,0.32
83,0.02,0.04,0.02,0.24,0.01,0.03,0.02,0.31
84,0.02,0.03,0.02,0.18,0.01,0.03,0.01,0.27
85,0.02,0.03,0.02,0.21,0.01,0.03,0.01,0.27
86,0.02,0.03,0.02,0.18,0.01,0.02,0.01,0.26
87,0.01,0.02,0.01,0.16,0.01,0.02,0.01,0.23
88,0.01,0.02,0.01,0.16,0.01,0.02,0.01,0.21
89,0.01,0.02,0.01,0.13,0.01,0.02,0.01,0.21
90,0.01,0.02,0.01,0.16,0.01,0.02,0.01,0.2
91,0.01,0.02,0.01,0.13,0.01,0.02,0.01,0.19
92,0.01,0.02,0.01,0.13,0.01,0.02,0.01,0.18
93,0.01,0.02,0.01,0.13,0.01,0.01,0.01,0.17
94,0.01,0.01,0.01,0.11,0.01,0.01,0.01,0.16
95,0.01,0.01,0.01,0.11,0.01,0.01,0.01,0.15
96,0.01,0.01,0.01,0.11,0.01,0.01,0.01,0.14
97,0.01,0.01,0.01,0.08,0.01,0.01,0.01,0.13
98,0.01,0.01,0.01,0.11,0.01,0.01,0.01,0.13
99,0.01,0.01,0.01,0.11,0.01,0.01,0.01,0.12
100,0.01,0.01,0.01,0.08,0.0,0.01,0.01,0.11
101,0.01,0.01,0.01,0.08,0.0,0.01,0.01,0.11
102,0.01,0.01,0.0,0.08,0.0,0.01,0.01,0.1
103,0.01,0.01,0.01,0.08,0.0,0.01,0.01,0.1
104,0.0,0.01,0.0,0.05,0.0,0.01,0.0,0.09
105,0.0,0.01,0.0,0.08,0.0,0.01,0.0,0.09
106,0.0,0.01,0.0,0.08,0.0,0.01,0.0,0.08
107,0.0,0.01,0.0,0.08,0.0,0.01,0.0,0.08
108,0.0,0.0,0.0,0.08,0.0,0.01,0.0,0.08
109,0.0,0.0,0.0,0.05,0.0,0.01,0.0,0.07
110,0.0,0.0,0.0,0.05,0.0,0.0,0.0,0.06
111,0.0,0.0,0.0,0.05,0.0,0.01,0.0,0.06
112,0.0,0.0,0.0,0.05,0.0,0.01,0.0,0.05
113,0.0,0.0,0.0,0.05,0.0,0.0,0.0,0.05
114,0.0,0.0,0.0,0.03,0.0,0.0,0.0,0.05
115,0.0,0.0,0.0,0.03,0.0,0.0,0.0,0.05
116,0.0,0.0,0.0,0.03,0.0,0.0,0.0,0.04
117,0.0,0.0,0.0,0.05,0.0,0.0,0.0,0.04
118,0.0,0.0,0.0,0.03,0.0,0.0,0.0,0.04
119,0.0,0.0,0.0,0.03,0.0,0.0,0.0,0.03
120,0.0,0.0,0.0,0.03,0.0,0.0,0.0,0.03
121,0.01,0.0,0.0,0.03,0.0,0.0,0.0,0.02
122,0.0,0.0,0.01,0.03,0.0,0.0,0.0,0.02
123,0.01,0.0,0.0,0.03,0.0,0.0,0.0,0.02
124,0.0,0.0,0.0,0.03,0.0,0.0,0.0,0.02
125,0.0,0.0,0.0,0.03,0.0,0.0,0.0,0.02
126,0.0,0.0,0.0,0.03,0.0,0.0,0.0,0.02
127,0.0,0.0,0.0,0.03,0.0,0.0,0.0,0.01
128,0.0,0.0,0.0,0.03,0.0,0.0,0.0,0.01
129,0.0,0.0,0.0,0.03,0.0,0.0,0.0,0.01
130,0.0,0.0,0.0,0.03,0.0,0.0,0.0,0.01
131,0.0,0.0,0.0,0.03,0.0,0.0,0.0,0.01
132,0.0,0.0,0.0,0.03,0.0,0.0,0.0,0.01
133,0.0,0.0,0.0,0.0,0.0,0.0,0.0,0.01
134,0.0,0.0,0.0,0.03,0.0,0.0,0.0,0.01
135,0.0,0.0,0.0,0.03,0.0,0.0,0.0,0.0
136,0.0,0.0,0.0,0.03,0.0,0.0,0.0,0.01
137,0.0,0.0,0.0,0.03,0.0,0.0,0.0,0.01
138,0.0,0.0,0.0,0.03,0.0,0.0,0.0,0.01
139,0.0,0.0,0.0,0.03,0.0,0.0,0.0,0.01
140,0.0,0.0,0.0,0.03,0.0,0.0,0.0,0.01
141,0.0,0.0,0.0,0.05,0.0,0.0,0.0,0.0
142,0.0,0.0,0.0,0.03,0.0,0.0,0.0,0.01
143,0.0,0.0,0.0,0.03,0.0,0.0,0.0,0.01
144,0.0,0.0,0.0,0.03,0.0,0.0,0.0,0.01
145,0.0,0.0,0.0,0.05,0.0,0.0,0.0,0.01
146,0.0,0.0,0.0,0.05,0.0,0.0,0.0,0.01
147,0.0,0.0,0.0,0.05,0.0,0.0,0.0,0.01
148,0.0,0.0,0.0,0.05,0.0,0.0,0.0,0.01
149,0.0,0.0,0.0,0.05,0.0,0.0,0.0,0.01
150,0.0,0.0,0.0,0.08,0.0,0.0,0.0,0.01
151,0.0,0.0,0.0,0.05,0.0,0.0,0.0,0.02
152,0.0,0.0,0.0,0.08,0.0,0.0,0.0,0.02
153,0.0,0.0,0.0,0.08,0.0,0.0,0.0,0.02
154,0.0,0.0,0.0,0.08,0.0,0.0,0.0,0.02
155,0.0,0.0,0.0,0.08,0.0,0.0,0.0,0.03
156,0.0,0.0,0.0,0.11,0.0,0.0,0.0,0.03
157,0.0,0.0,0.0,0.08,0.0,0.0,0.0,0.03
158,0.01,0.01,0.01,0.08,0.0,0.0,0.01,0.03
159,0.02,0.02,0.02,0.11,0.01,0.01,0.02,0.04
160,0.07,0.06,0.06,0.11,0.04,0.03,0.05,0.04
161,0.08,0.07,0.08,0.13,0.05,0.03,0.07,0.05
162,0.11,0.1,0.11,0.13,0.06,0.05,0.08,0.05
163,0.14,0.12,0.13,0.16,0.08,0.06,0.1,0.07
164,0.18,0.16,0.17,0.18,0.1,0.09,0.13,0.08
165,0.23,0.21,0.22,0.18,0.13,0.12,0.16,0.1
166,0.26,0.24,0.25,0.21,0.15,0.13,0.18,0.11
167,0.32,0.3,0.31,0.26,0.19,0.17,0.22,0.14
168,0.36,0.35,0.35,0.29,0.22,0.2,0.25,0.16
169,0.4,0.38,0.38,0.32,0.24,0.23,0.28,0.17
170,0.41,0.39,0.39,0.32,0.25,0.24,0.29,0.18
171,0.45,0.44,0.43,0.34,0.28,0.27,0.31,0.2
172,0.5,0.49,0.48,0.39,0.32,0.31,0.35,0.23
173,0.54,0.53,0.51,0.42,0.35,0.34,0.38,0.25
174,0.56,0.54,0.53,0.42,0.36,0.36,0.39,0.26
175,0.58,0.57,0.55,0.45,0.38,0.37,0.41,0.27
176,0.61,0.6,0.58,0.47,0.4,0.4,0.43,0.3
177,0.65,0.65,0.63,0.53,0.45,0.45,0.48,0.33
178,0.67,0.67,0.64,0.55,0.46,0.47,0.49,0.34
179,0.69,0.68,0.66,0.55,0.48,0.49,0.5,0.35
180,0.72,0.73,0.69,0.58,0.52,0.53,0.54,0.38
181,0.74,0.74,0.71,0.61,0.53,0.55,0.56,0.4
182,0.76,0.76,0.73,0.63,0.55,0.57,0.57,0.41
183,0.78,0.78,0.75,0.66,0.58,0.6,0.6,0.44
184,0.78,0.79,0.76,0.66,0.59,0.61,0.61,0.45
185,0.79,0.8,0.77,0.68,0.6,0.63,0.62,0.46
186,0.81,0.83,0.79,0.71,0.63,0.66,0.64,0.49
187,0.82,0.83,0.8,0.74,0.64,0.67,0.65,0.49
188,0.83,0.84,0.81,0.74,0.65,0.68,0.67,0.51
189,0.85,0.86,0.83,0.76,0.68,0.71,0.69,0.54
190,0.85,0.86,0.83,0.76,0.68,0.72,0.7,0.54
191,0.86,0.88,0.84,0.76,0.7,0.73,0.71,0.55
192,0.87,0.89,0.85,0.79,0.72,0.75,0.73,0.57
193,0.87,0.89,0.85,0.79,0.72,0.75,0.73,0.57
194,0.88,0.89,0.86,0.82,0.73,0.77,0.74,0.59
195,0.89,0.91,0.87,0.82,0.75,0.78,0.76,0.61
196,0.9,0.91,0.88,0.82,0.76,0.79,0.76,0.62
197,0.9,0.91,0.88,0.82,0.77,0.8,0.77,0.63
198,0.91,0.92,0.89,0.84,0.78,0.81,0.78,0.64
199,0.91,0.92,0.9,0.84,0.79,0.82,0.79,0.66
200,0.92,0.93,0.9,0.84,0.8,0.83,0.8,0.66
201,0.92,0.93,0.91,0.89,0.8,0.84,0.8,0.68
202,0.92,0.94,0.91,0.89,0.81,0.84,0.81,0.68
203,0.92,0.94,0.91,0.87,0.81,0.85,0.81,0.69
204,0.93,0.94,0.92,0.89,0.82,0.86,0.82,0.7
205,0.93,0.94,0.92,0.89,0.83,0.86,0.82,0.7
206,0.93,0.94,0.92,0.89,0.83,0.86,0.83,0.72
207,0.93,0.95,0.93,0.89,0.83,0.86,0.83,0.72
208,0.94,0.95,0.93,0.92,0.84,0.87,0.84,0.73
209,0.94,0.95,0.93,0.89,0.85,0.88,0.85,0.74
210,0.94,0.96,0.93,0.92,0.85,0.88,0.85,0.75
211,0.94,0.96,0.93,0.92,0.86,0.88,0.85,0.75
212,0.94,0.96,0.94,0.92,0.86,0.89,0.86,0.77
213,0.94,0.96,0.94,0.92,0.86,0.89,0.86,0.78
214,0.94,0.96,0.94,0.92,0.86,0.89,0.86,0.78
215,0.94,0.96,0.94,0.92,0.86,0.89,0.86,0.78
216,0.94,0.96,0.94,0.95,0.87,0.9,0.87,0.79
217,0.94,0.96,0.94,0.95,0.87,0.9,0.87,0.79
218,0.94,0.96,0.94,0.95,0.87,0.9,0.87,0.79
219,0.95,0.96,0.94,0.95,0.87,0.9,0.87,0.8
220,0.94,0.96,0.94,0.92,0.88,0.9,0.87,0.81
221,0.95,0.97,0.94,0.95,0.88,0.91,0.88,0.81
222,0.95,0.97,0.94,0.95,0.88,0.91,0.88,0.81
223,0.95,0.97,0.94,0.92,0.88,0.91,0.88,0.82
224,0.95,0.97,0.94,0.95,0.88,0.91,0.88,0.83
225,0.95,0.97,0.94,0.95,0.88,0.91,0.89,0.83
226,0.95,0.97,0.94,0.95,0.88,0.91,0.89,0.83
227,0.95,0.97,0.94,0.95,0.89,0.92,0.89,0.83
228,0.95,0.97,0.94,0.95,0.89,0.92,0.89,0.84
229,0.95,0.97,0.94,0.97,0.89,0.92,0.89,0.84
230,0.95,0.97,0.94,0.97,0.89,0.92,0.89,0.85
231,0.95,0.97,0.94,0.97,0.89,0.92,0.89,0.85
232,0.95,0.98,0.94,0.97,0.89,0.92,0.9,0.86
233,0.95,0.98,0.95,0.97,0.9,0.93,0.9,0.86
234,0.95,0.97,0.95,0.97,0.9,0.92,0.9,0.85
235,0.95,0.97,0.95,0.97,0.9,0.92,0.9,0.86
236,0.95,0.97,0.95,0.95,0.9,0.93,0.9,0.86
237,0.95,0.97,0.95,0.95,0.9,0.92,0.9,0.86
238,0.96,0.97,0.95,0.95,0.9,0.93,0.9,0.87
239,0.96,0.97,0.95,0.95,0.9,0.93,0.9,0.87
240,0.96,0.97,0.95,0.95,0.9,0.93,0.9,0.87
241,0.96,0.98,0.95,0.95,0.91,0.93,0.91,0.87
242,0.96,0.97,0.95,0.95,0.91,0.93,0.91,0.87
243,0.96,0.97,0.95,0.97,0.91,0.94,0.91,0.88
244,0.96,0.98,0.95,0.95,0.91,0.94,0.91,0.87
245,0.96,0.98,0.95,0.95,0.91,0.93,0.91,0.88
246,0.96,0.98,0.96,0.97,0.91,0.94,0.91,0.89
247,0.96,0.98,0.96,0.97,0.91,0.94,0.92,0.89
248,0.96,0.98,0.96,0.97,0.92,0.94,0.92,0.89
249,0.96,0.98,0.96,0.95,0.92,0.94,0.92,0.89
250,0.96,0.98,0.96,0.97,0.91,0.94,0.92,0.89
251,0.96,0.98,0.96,0.97,0.92,0.94,0.92,0.9
252,0.96,0.98,0.96,0.97,0.92,0.94,0.92,0.89
253,0.96,0.98,0.96,0.97,0.92,0.94,0.92,0.9
254,0.96,0.98,0.96,0.97,0.92,0.94,0.92,0.9
255,0.97,0.98,0.96,0.97,0.92,0.94,0.92,0.9
256,0.97,0.98,0.96,0.95,0.92,0.94,0.92,0.91
257,0.96,0.98,0.96,0.97,0.92,0.94,0.92,0.9
258,0.97,0.98,0.96,0.97,0.92,0.94,0.92,0.9
259,0.97,0.98,0.96,0.97,0.92,0.94,0.93,0.9
260,0.97,0.98,0.96,0.97,0.92,0.94,0.92,0.91
261,0.97,0.98,0.97,0.95,0.93,0.95,0.93,0.91
262,0.97,0.98,0.96,0.97,0.93,0.94,0.93,0.91
263,0.97,0.98,0.96,0.95,0.93,0.95,0.93,0.91
264,0.97,0.98,0.96,0.97,0.93,0.94,0.93,0.91
265,0.97,0.98,0.96,0.97,0.93,0.95,0.93,0.91
266,0.97,0.98,0.96,0.97,0.93,0.95,0.93,0.91
267,0.97,0.98,0.96,0.97,0.93,0.95,0.93,0.92
268,0.97,0.98,0.96,0.97,0.93,0.95,0.93,0.92
269,0.97,0.98,0.96,0.95,0.93,0.95,0.93,0.92
270,0.97,0.98,0.96,0.97,0.93,0.95,0.93,0.92
271,0.97,0.98,0.96,0.95,0.93,0.95,0.93,0.92
272,0.97,0.98,0.96,0.95,0.93,0.95,0.93,0.92
273,0.97,0.98,0.96,0.95,0.93,0.95,0.93,0.92
274,0.97,0.98,0.96,0.95,0.93,0.95,0.93,0.92
275,0.97,0.98,0.96,0.97,0.93,0.95,0.93,0.92
276,0.97,0.98,0.96,0.95,0.93,0.95,0.93,0.92
277,0.97,0.98,0.96,0.95,0.94,0.95,0.93,0.92
278,0.97,0.98,0.97,0.95,0.94,0.95,0.93,0.92
279,0.97,0.98,0.97,0.95,0.94,0.95,0.93,0.92
280,0.97,0.98,0.97,0.95,0.94,0.95,0.94,0.92
281,0.97,0.98,0.97,0.95,0.94,0.95,0.93,0.92
282,0.98,0.98,0.97,0.95,0.94,0.95,0.94,0.92
283,0.97,0.98,0.97,0.95,0.94,0.95,0.94,0.93
284,0.98,0.98,0.97,0.95,0.94,0.95,0.94,0.93
285,0.97,0.98,0.97,0.97,0.94,0.95,0.94,0.92
286,0.97,0.98,0.97,0.95,0.94,0.95,0.94,0.92
287,0.97,0.98,0.97,0.95,0.94,0.95,0.94,0.92
288,0.97,0.98,0.97,0.97,0.94,0.95,0.94,0.92
289,0.97,0.98,0.97,0.92,0.94,0.95,0.94,0.92
290,0.97,0.98,0.97,0.95,0.94,0.95,0.94,0.92
291,0.97,0.98,0.97,0.95,0.94,0.95,0.94,0.93
292,0.97,0.98,0.97,0.92,0.94,0.95,0.94,0.93
293,0.98,0.98,0.97,0.92,0.94,0.95,0.95,0.93
294,0.98,0.98,0.97,0.95,0.95,0.96,0.95,0.93
295,0.98,0.98,0.97,0.92,0.94,0.96,0.95,0.93
296,0.98,0.98,0.97,0.95,0.95,0.96,0.95,0.93
297,0.97,0.98,0.97,0.95,0.95,0.96,0.95,0.93
298,0.97,0.98,0.97,0.95,0.95,0.96,0.95,0.93
299,0.97,0.98,0.97,0.95,0.95,0.96,0.95,0.93
300,0.97,0.98,0.97,0.97,0.95,0.96,0.95,0.93
301,0.97,0.98,0.97,0.97,0.95,0.96,0.95,0.93
302,0.97,0.98,0.97,0.95,0.95,0.96,0.95,0.93
303,0.97,0.98,0.97,0.95,0.95,0.96,0.95,0.93
304,0.97,0.98,0.97,0.97,0.95,0.96,0.95,0.93
305,0.98,0.98,0.97,0.97,0.95,0.96,0.95,0.93
306,0.98,0.98,0.97,0.95,0.95,0.96,0.95,0.93
307,0.98,0.98,0.98,0.95,0.95,0.96,0.95,0.93
308,0.98,0.98,0.98,0.95,0.96,0.96,0.95,0.93
309,0.98,0.98,0.98,0.97,0.95,0.96,0.95,0.94
310,0.98,0.98,0.98,0.97,0.96,0.96,0.96,0.94
311,0.98,0.98,0.98,0.97,0.95,0.96,0.96,0.94
312,0.98,0.98,0.98,0.97,0.96,0.96,0.96,0.94
313,0.98,0.98,0.98,0.97,0.96,0.96,0.96,0.94
314,0.98,0.98,0.98,0.97,0.96,0.96,0.96,0.94
315,0.98,0.98,0.98,0.97,0.96,0.97,0.96,0.95
316,0.98,0.99,0.98,0.97,0.96,0.96,0.96,0.94
317,0.98,0.98,0.98,0.95,0.96,0.97,0.96,0.95
318,0.98,0.98,0.98,0.97,0.96,0.96,0.96,0.95
319,0.98,0.98,0.98,0.95,0.96,0.96,0.96,0.95
320,0.98,0.98,0.98,0.95,0.96,0.96,0.96,0.94
321,0.98,0.98,0.98,0.97,0.96,0.96,0.96,0.94
322,0.98,0.98,0.98,0.97,0.96,0.97,0.96,0.94
323,0.98,0.99,0.98,0.97,0.96,0.97,0.96,0.94
324,0.98,0.98,0.98,0.95,0.96,0.97,0.96,0.94
325,0.98,0.99,0.98,0.95,0.96,0.97,0.96,0.94
326,0.98,0.99,0.98,0.95,0.96,0.97,0.96,0.95
327,0.98,0.98,0.98,0.97,0.96,0.97,0.96,0.95
328,0.98,0.99,0.98,0.95,0.96,0.97,0.96,0.95
329,0.98,0.98,0.98,0.97,0.96,0.97,0.96,0.95
330,0.98,0.98,0.98,0.97,0.96,0.97,0.96,0.95
331,0.98,0.98,0.98,0.97,0.96,0.96,0.96,0.94
332,0.98,0.98,0.98,0.95,0.96,0.96,0.96,0.95
333,0.98,0.98,0.98,0.97,0.96,0.97,0.96,0.95
334,0.98,0.98,0.98,0.95,0.96,0.97,0.96,0.95
335,0.98,0.98,0.98,0.97,0.96,0.96,0.97,0.95
336,0.98,0.98,0.98,0.97,0.96,0.97,0.97,0.95
337,0.98,0.98,0.98,0.97,0.96,0.96,0.97,0.95
338,0.98,0.98,0.98,0.95,0.96,0.96,0.96,0.94
339,0.98,0.98,0.98,0.97,0.96,0.97,0.97,0.95
340,0.98,0.98,0.98,0.95,0.97,0.97,0.97,0.94
341,0.99,0.98,0.98,0.97,0.97,0.97,0.97,0.95
342,0.99,0.98,0.98,0.97,0.97,0.97,0.97,0.95
343,0.99,0.99,0.98,0.97,0.97,0.97,0.97,0.95
344,0.99,0.98,0.98,0.97,0.97,0.97,0.97,0.95
345,0.99,0.98,0.98,0.97,0.97,0.97,0.97,0.95
346,0.98,0.98,0.98,0.95,0.97,0.97,0.97,0.95
347,0.98,0.98,0.98,0.97,0.97,0.97,0.97,0.95
348,0.98,0.98,0.98,0.97,0.97,0.97,0.97,0.95
349,0.98,0.98,0.98,0.97,0.97,0.97,0.97,0.96
350,0.98,0.98,0.98,0.95,0.97,0.97,0.97,0.95
351,0.98,0.98,0.98,0.97,0.97,0.97,0.97,0.95
352,0.98,0.98,0.98,0.97,0.97,0.97,0.97,0.95
353,0.98,0.98,0.98,0.95,0.97,0.97,0.97,0.95
354,0.98,0.98,0.98,0.95,0.97,0.97,0.97,0.95
355,0.97,0.98,0.98,0.95,0.96,0.97,0.97,0.95
356,0.98,0.98,0.98,0.95,0.97,0.97,0.97,0.95
357,0.98,0.98,0.98,0.95,0.97,0.97,0.97,0.95
358,0.98,0.98,0.98,0.97,0.97,0.97,0.97,0.95
359,0.98,0.98,0.98,0.97,0.97,0.97,0.97,0.96
360,0.98,0.99,0.98,0.95,0.97,0.98,0.97,0.96
361,0.98,0.99,0.98,0.97,0.97,0.97,0.97,0.96
362,0.98,0.99,0.98,0.97,0.97,0.98,0.97,0.96
363,0.98,0.99,0.98,0.97,0.97,0.98,0.97,0.96
364,0.98,0.99,0.98,0.97,0.97,0.98,0.97,0.96
365,0.98,0.99,0.98,0.97,0.97,0.98,0.97,0.96
366,0.98,0.99,0.98,0.97,0.97,0.98,0.97,0.96
367,0.98,0.99,0.98,1.0,0.97,0.98,0.97,0.96
368,0.98,0.99,0.98,1.0,0.97,0.98,0.97,0.96
369,0.98,0.99,0.98,1.0,0.97,0.98,0.98,0.96
370,0.98,0.99,0.98,1.0,0.97,0.98,0.98,0.96
371,0.98,1.0,0.98,1.0,0.97,0.98,0.98,0.97
372,0.98,0.99,0.98,0.97,0.97,0.98,0.98,0.97
373,0.98,0.99,0.98,1.0,0.97,0.98,0.98,0.97
374,0.98,0.99,0.98,1.0,0.97,0.98,0.97,0.97
375,0.98,0.99,0.98,0.97,0.97,0.98,0.97,0.96
376,0.98,0.99,0.98,1.0,0.97,0.98,0.98,0.97
377,0.98,0.99,0.98,1.0,0.97,0.98,0.98,0.97
378,0.98,0.99,0.98,0.97,0.97,0.98,0.98,0.97
379,0.98,0.99,0.98,1.0,0.97,0.98,0.98,0.97
380,0.98,0.99,0.98,0.97,0.97,0.98,0.98,0.97
381,0.98,1.0,0.98,1.0,0.97,0.99,0.98,0.97
382,0.98,1.0,0.98,1.0,0.97,0.98,0.98,0.97
383,0.98,0.99,0.98,0.97,0.97,0.98,0.98,0.98
384,0.98,0.99,0.98,0.97,0.97,0.98,0.98,0.97
385,0.98,0.99,0.98,0.97,0.97,0.98,0.98,0.97
386,0.98,0.99,0.98,0.97,0.97,0.98,0.98,0.97
387,0.98,0.99,0.98,1.0,0.97,0.98,0.98,0.97
388,0.98,0.99,0.98,0.97,0.97,0.98,0.98,0.97
389,0.98,0.99,0.98,0.97,0.97,0.98,0.98,0.97
390,0.98,0.99,0.98,1.0,0.98,0.98,0.98,0.97
391,0.98,0.99,0.98,0.97,0.97,0.98,0.98,0.97
392,0.99,0.99,0.98,0.97,0.98,0.98,0.98,0.97
393,0.99,0.99,0.98,0.97,0.98,0.98,0.98,0.97
394,0.99,0.99,0.98,0.97,0.98,0.98,0.98,0.97
395,0.99,0.99,0.98,0.97,0.98,0.98,0.98,0.97
396,0.99,0.99,0.98,0.97,0.98,0.98,0.98,0.97
397,0.99,0.99,0.98,0.97,0.98,0.98,0.98,0.97
398,0.99,0.99,0.98,0.97,0.98,0.98,0.98,0.97
399,0.99,0.99,0.98,0.97,0.98,0.98,0.98,0.97
400,0.99,0.99,0.98,0.97,0.98,0.98,0.98,0.97
401,0.99,0.99,0.98,0.97,0.98,0.98,0.98,0.97
402,0.98,0.99,0.98,0.97,0.98,0.98,0.98,0.97
403,0.98,0.99,0.98,0.97,0.98,0.98,0.98,0.97
404,0.98,0.99,0.98,0.97,0.98,0.98,0.98,0.97
405,0.99,0.99,0.98,0.97,0.98,0.98,0.98,0.97
406,0.98,0.99,0.98,1.0,0.98,0.98,0.98,0.97
407,0.98,0.99,0.98,0.97,0.98,0.98,0.98,0.97
408,0.98,0.99,0.98,0.97,0.98,0.98,0.98,0.97
409,0.98,0.99,0.98,0.97,0.98,0.98,0.98,0.97
410,0.98,0.98,0.98,0.97,0.97,0.98,0.98,0.97
411,0.98,0.99,0.98,0.97,0.98,0.98,0.98,0.97
412,0.98,0.98,0.98,0.97,0.97,0.98,0.98,0.97
413,0.98,0.98,0.98,0.97,0.98,0.98,0.98,0.97
414,0.98,0.99,0.98,0.97,0.98,0.98,0.98,0.97
415,0.98,0.99,0.98,0.97,0.98,0.98,0.98,0.97
416,0.98,0.98,0.98,0.97,0.98,0.98,0.98,0.97
417,0.98,0.99,0.98,0.97,0.98,0.98,0.98,0.97
418,0.98,0.99,0.98,0.97,0.98,0.98,0.98,0.97
419,0.98,0.99,0.98,0.97,0.98,0.98,0.98,0.97
420,0.98,0.99,0.98,1.0,0.98,0.99,0.98,0.97
421,0.98,0.99,0.98,0.97,0.98,0.98,0.98,0.97
422,0.98,0.99,0.98,1.0,0.98,0.99,0.98,0.97
423,0.98,0.99,0.98,0.97,0.98,0.98,0.98,0.97
424,0.98,0.99,0.98,1.0,0.98,0.98,0.98,0.97
425,0.98,0.99,0.98,1.0,0.98,0.99,0.98,0.98
426,0.98,0.99,0.98,1.0,0.98,0.99,0.98,0.97
427,0.98,0.99,0.98,1.0,0.98,0.98,0.98,0.97
428,0.98,0.99,0.98,0.97,0.98,0.99,0.98,0.97
429,0.98,1.0,0.98,1.0,0.98,0.99,0.98,0.98
430,0.98,0.99,0.98,1.0,0.98,0.99,0.98,0.98
431,0.98,1.0,0.98,1.0,0.98,0.99,0.98,0.98
432,0.98,1.0,0.98,1.0,0.98,0.99,0.98,0.98
433,0.98,1.0,0.98,1.0,0.98,0.99,0.98,0.98
434,0.98,1.0,0.98,1.0,0.98,0.99,0.98,0.98
435,0.98,0.99,0.98,1.0,0.98,0.99,0.98,0.98
436,0.98,0.99,0.98,1.0,0.98,0.99,0.98,0.98
437,0.98,1.0,0.98,0.97,0.98,0.99,0.98,0.98
438,0.98,1.0,0.98,1.0,0.98,0.99,0.98,0.98
439,0.98,0.99,0.98,0.97,0.98,0.99,0.98,0.97
440,0.98,0.99,0.98,0.97,0.98,0.99,0.98,0.98
441,0.98,0.99,0.98,1.0,0.98,0.99,0.98,0.97
442,0.98,0.99,0.98,1.0,0.98,0.99,0.98,0.97
443,0.98,0.99,0.98,1.0,0.98,0.99,0.98,0.97
444,0.98,0.99,0.98,0.97,0.98,0.98,0.98,0.97
445,0.98,0.99,0.98,0.97,0.98,0.98,0.98,0.97
446,0.98,0.99,0.97,0.97,0.98,0.98,0.98,0.97
447,0.98,0.99,0.98,0.97,0.98,0.98,0.98,0.97
448,0.98,0.99,0.98,0.97,0.98,0.99,0.98,0.97
449,0.98,0.99,0.98,0.97,0.98,0.99,0.98,0.97
450,0.98,0.99,0.98,0.97,0.98,0.99,0.98,0.97
451,0.98,0.99,0.98,0.97,0.98,0.99,0.98,0.97
452,0.98,0.99,0.98,1.0,0.98,0.99,0.98,0.97
453,0.98,0.99,0.98,0.97,0.98,0.98,0.98,0.97
454,0.98,0.98,0.98,0.97,0.98,0.98,0.98,0.97
455,0.98,0.98,0.98,0.97,0.98,0.98,0.98,0.97
456,0.98,0.99,0.98,0.97,0.98,0.99,0.98,0.97
457,0.98,0.99,0.98,0.97,0.98,0.98,0.98,0.97
458,0.98,0.98,0.98,0.97,0.98,0.99,0.98,0.97
459,0.98,0.98,0.98,0.97,0.99,0.98,0.98,0.97
460,0.99,0.99,0.98,0.97,0.99,0.99,0.99,0.97
461,0.99,0.99,0.98,0.97,0.99,0.99,0.98,0.97
462,0.99,0.99,0.98,0.97,0.99,0.99,0.99,0.97
463,0.99,0.99,0.99,1.0,0.99,0.99,0.99,0.97
464,0.99,0.99,0.99,0.97,0.98,0.99,0.99,0.98
465,0.99,0.99,0.99,0.97,0.99,0.99,0.99,0.98
466,0.99,0.99,0.99,1.0,0.99,0.99,0.99,0.97
467,0.99,0.99,0.99,1.0,0.99,0.99,0.99,0.97
468,0.99,0.99,0.99,0.97,0.99,0.99,0.99,0.97
469,0.99,0.99,0.99,1.0,0.99,0.99,0.99,0.97
470,0.98,0.99,0.98,0.97,0.99,0.99,0.99,0.97
471,0.98,0.99,0.98,1.0,0.99,0.99,0.99,0.97
472,0.98,0.99,0.98,1.0,0.99,0.99,0.99,0.97
473,0.98,0.99,0.98,1.0,0.99,0.99,0.99,0.97
474,0.98,0.99,0.98,0.97,0.99,0.99,0.98,0.98
475,0.98,0.99,0.98,0.97,0.98,0.99,0.99,0.98
476,0.98,0.99,0.98,0.97,0.98,0.99,0.99,0.97
477,0.98,0.99,0.98,0.97,0.99,0.99,0.99,0.97
478,0.98,0.99,0.98,0.97,0.99,0.99,0.99,0.97
479,0.98,0.99,0.98,0.97,0.98,0.99,0.99,0.97
480,0.98,0.99,0.98,0.97,0.98,0.99,0.98,0.98
481,0.98,0.99,0.98,0.97,0.98,0.99,0.98,0.98
482,0.98,0.99,0.98,0.97,0.98,0.99,0.98,0.98
483,0.98,0.99,0.98,0.97,0.98,0.99,0.98,0.98
484,0.98,0.99,0.98,0.97,0.98,0.99,0.99,0.98
485,0.98,0.99,0.98,1.0,0.98,0.99,0.99,0.98
486,0.98,0.99,0.98,0.97,0.98,0.99,0.98,0.98
487,0.98,0.99,0.98,0.97,0.98,0.99,0.99,0.98
488,0.98,0.99,0.98,1.0,0.98,0.99,0.99,0.98
489,0.98,0.99,0.98,1.0,0.98,0.99,0.99,0.98
490,0.98,0.99,0.98,0.97,0.99,0.99,0.99,0.98
491,0.99,0.99,0.98,0.97,0.99,0.99,0.99,0.98
492,0.99,0.99,0.98,1.0,0.99,0.99,0.99,0.98
493,0.99,0.99,0.99,1.0,0.99,0.99,0.99,0.98
494,0.99,0.99,0.99,0.97,0.99,0.99,0.99,0.98
495,0.99,0.99,0.99,0.97,0.99,0.99,0.99,0.98
496,0.99,0.99,0.99,0.97,0.99,0.99,0.99,0.98
497,0.99,0.99,0.99,0.97,0.99,0.99,0.99,0.98
498,0.99,0.99,0.99,0.97,0.99,0.99,0.99,0.98
499,0.99,0.99,0.99,1.0,0.99,0.99,0.99,0.98
500,0.99,0.99,0.98,0.97,0.99,0.99,0.99,0.98
501,0.99,0.99,0.98,1.0,0.99,0.99,0.99,0.98
502,0.98,0.99,0.98,0.97,0.99,0.99,0.99,0.98
503,0.98,0.99,0.98,1.0,0.99,0.99,0.99,0.98
504,0.98,0.99,0.98,0.97,0.98,0.99,0.99,0.98
505,0.98,0.99,0.98,0.97,0.98,0.99,0.99,0.98
506,0.98,0.99,0.98,0.97,0.98,0.99,0.99,0.98
507,0.97,0.99,0.98,0.97,0.98,0.99,0.99,0.98
508,0.98,0.99,0.97,0.97,0.98,0.99,0.98,0.98
509,0.98,0.99,0.97,0.97,0.98,0.99,0.99,0.98
510,0.98,0.99,0.98,0.97,0.98,0.99,0.99,0.98
511,0.98,0.99,0.98,0.97,0.98,0.99,0.99,0.98
512,0.98,0.99,0.98,0.97,0.98,0.99,0.99,0.98
513,0.98,0.99,0.98,0.97,0.99,0.99,0.99,0.98
514,0.99,0.99,0.98,0.97,0.99,0.99,0.99,0.98
515,0.99,0.99,0.98,0.97,0.99,0.99,0.99,0.98
516,0.99,0.99,0.98,1.0,0.99,0.99,0.99,0.98
517,0.99,0.99,0.98,0.97,0.99,0.99,0.99,0.98
518,0.99,0.99,0.99,0.97,0.99,0.99,0.99,0.98
519,0.99,0.99,0.99,0.97,0.99,0.99,0.99,0.98
520,0.99,0.99,0.99,0.97,0.99,0.99,0.99,0.98
521,0.99,0.99,0.99,0.97,0.99,0.99,1.0,0.99
522,0.99,0.99,0.99,0.97,0.99,1.0,1.0,0.99
523,0.99,1.0,0.99,1.0,0.99,1.0,0.99,0.99
524,0.99,0.99,0.99,1.0,0.99,0.99,1.0,0.98
525,0.99,0.99,0.99,0.97,0.99,0.99,1.0,0.98
526,0.99,0.99,0.99,1.0,1.0,1.0,1.0,0.99
527,0.99,0.99,0.99,0.97,0.99,1.0,1.0,0.99
528,0.99,0.99,0.99,0.97,0.99,1.0,1.0,0.99
529,0.99,1.0,0.99,1.0,0.99,0.99,1.0,0.99
530,0.99,0.99,0.99,1.0,0.99,1.0,1.0,0.99
531,0.98,0.99,0.98,0.97,0.99,1.0,1.0,0.99
532,0.98,0.99,0.99,0.97,0.99,0.99,0.99,0.99
533,0.98,0.99,0.98,0.97,0.99,0.99,0.99,0.99
534,0.98,0.99,0.98,1.0,0.99,0.99,0.99,0.99
535,0.98,0.99,0.98,1.0,0.99,0.99,0.99,0.99
536,0.98,0.99,0.98,0.97,0.99,0.99,0.99,0.99
537,0.98,0.99,0.98,0.97,0.99,0.99,0.99,0.99
538,0.98,0.99,0.98,1.0,0.99,1.0,0.99,0.99
539,0.98,0.99,0.98,1.0,0.99,1.0,0.99,0.99
540,0.98,0.99,0.98,1.0,0.99,1.0,0.99,0.99
541,0.98,0.99,0.98,0.97,0.99,0.99,0.99,0.99
542,0.98,0.99,0.98,0.97,0.99,1.0,0.99,0.99
543,0.98,0.99,0.98,0.97,0.99,0.99,0.99,0.99
544,0.98,0.99,0.98,0.97,0.99,1.0,0.99,0.99
545,0.98,0.99,0.98,0.97,0.99,1.0,0.99,0.99
546,0.98,0.99,0.98,0.97,0.99,1.0,0.99,0.99
547,0.98,0.99,0.98,1.0,0.99,1.0,0.99,1.0
548,0.98,1.0,0.98,1.0,0.99,1.0,0.99,1.0
549,0.98,0.99,0.98,0.97,0.99,1.0,0.99,0.99
550,0.98,0.99,0.98,1.0,0.99,1.0,0.99,0.99
551,0.98,0.99,0.98,0.97,0.99,1.0,0.99,1.0
552,0.98,0.99,0.98,1.0,0.99,0.99,0.99,0.99
553,0.98,0.99,0.98,0.97,0.99,1.0,0.99,0.99
554,0.98,0.99,0.98,0.97,0.99,1.0,0.99,0.99
555,0.98,0.99,0.98,1.0,0.99,1.0,0.99,0.99
556,0.98,0.99,0.98,0.97,0.99,0.99,0.99,0.99
557,0.97,0.99,0.98,0.97,0.99,0.99,0.99,0.99
558,0.98,0.99,0.98,0.97,0.99,1.0,0.99,0.99
559,0.98,0.99,0.98,0.97,0.99,0.99,0.99,0.99
560,0.98,0.99,0.98,0.97,0.99,0.99,0.99,0.99
561,0.98,0.99,0.98,0.97,0.99,1.0,0.99,0.99
562,0.98,0.99,0.98,0.97,0.99,0.99,0.99,0.99
563,0.98,0.99,0.98,0.97,0.99,1.0,0.99,1.0
564,0.98,0.99,0.98,0.97,0.99,0.99,0.99,0.99
565,0.98,0.99,0.98,0.97,0.99,1.0,0.99,0.99
566,0.98,0.99,0.98,0.97,0.99,1.0,0.99,1.0
567,0.98,0.99,0.98,0.97,0.99,1.0,0.99,1.0
568,0.98,0.99,0.98,0.97,0.99,0.99,0.99,1.0
569,0.98,0.99,0.98,0.97,0.99,1.0,0.99,0.99
570,0.98,0.99,0.98,0.97,0.99,0.99,0.99,0.99
571,0.98,0.99,0.98,0.97,0.99,1.0,0.99,0.99
572,0.98,0.99,0.98,0.97,0.99,0.99,0.99,0.99
573,0.98,0.99,0.98,0.97,0.99,0.99,0.99,1.0
574,0.98,0.99,0.98,0.97,0.99,1.0,0.99,1.0
575,0.98,0.99,0.98,0.97,0.99,1.0,0.99,0.99
576,0.98,0.99,0.98,0.97,0.99,0.99,0.99,0.99
577,0.98,0.99,0.98,0.97,0.99,0.99,0.99,0.99
578,0.98,0.98,0.98,0.97,0.99,0.99,0.99,0.99
579,0.97,0.98,0.97,0.97,0.98,1.0,0.99,0.99
580,0.98,0.98,0.97,0.97,0.99,0.99,0.99,1.0
581,0.97,0.98,0.97,0.95,0.99,0.99,0.99,0.99
582,0.98,0.98,0.98,0.97,0.99,0.99,0.99,0.99
583,0.98,0.99,0.98,0.97,0.99,0.99,0.99,1.0
584,0.98,0.99,0.98,0.97,0.99,0.99,0.99,1.0
585,0.98,0.99,0.98,0.97,0.99,1.0,0.99,0.99
586,0.98,0.98,0.98,0.97,0.99,0.99,0.99,1.0
587,0.98,0.99,0.98,0.97,0.99,0.99,0.99,0.99
588,0.98,0.98,0.98,0.95,0.99,0.99,0.99,1.0
589,0.98,0.98,0.98,0.97,0.99,0.99,0.99,0.99
590,0.98,0.98,0.98,0.97,0.99,0.99,0.99,0.99
591,0.98,0.99,0.98,0.95,0.99,0.99,0.99,0.99
592,0.98,0.98,0.98,0.97,0.99,0.99,0.99,0.99
593,0.98,0.98,0.98,0.97,0.99,0.99,0.99,0.99
594,0.98,0.98,0.98,0.97,0.99,1.0,0.99,1.0
595,0.98,0.99,0.98,0.97,0.99,0.99,0.99,0.99
596,0.98,0.99,0.98,0.97,0.99,1.0,0.99,0.99
597,0.98,0.99,0.98,0.97,0.99,1.0,1.0,1.0
598,0.98,0.99,0.98,0.97,0.99,1.0,0.99,1.0
