0,0.93,1.0,0.94,0.99,0.97,0.87,0.99,0.99
1,0.93,1.0,0.93,0.99,0.97,0.87,0.99,0.99
2,0.93,1.0,0.94,0.99,0.97,0.87,0.99,0.99
3,0.92,0.9,0.94,1.0,0.97,0.87,0.99,0.99
4,0.92,0.9,0.94,0.99,0.97,1.0,0.99,0.99
5,0.92,0.9,0.93,0.99,0.97,0.75,0.99,0.99
6,0.92,0.8,0.93,0.99,0.97,0.75,0.99,0.99
7,0.92,0.9,0.93,0.99,0.96,0.75,0.99,0.99
8,0.91,0.8,0.93,0.99,0.96,0.75,0.99,0.99
9,0.91,0.9,0.93,0.99,0.97,0.75,0.99,0.99
10,0.92,0.8,0.93,0.99,0.96,0.75,0.99,0.99
11,0.93,0.8,0.93,0.99,0.97,0.75,0.99,0.99
12,0.92,0.8,0.93,0.99,0.97,0.75,0.99,0.99
13,0.92,0.8,0.93,0.99,0.97,0.75,0.99,0.99
14,0.93,0.9,0.93,0.99,0.96,0.87,0.99,0.99
15,0.92,0.9,0.93,0.99,0.97,0.75,0.99,0.99
16,0.92,0.9,0.93,0.99,0.97,0.75,0.99,0.99
17,0.92,0.8,0.93,0.99,0.96,0.87,0.99,0.99
18,0.92,0.8,0.93,0.99,0.97,0.75,0.99,0.99
19,0.92,0.71,0.93,0.99,0.96,0.75,0.99,0.99
20,0.91,0.71,0.93,0.99,0.97,0.75,0.99,0.99
21,0.92,0.8,0.93,0.99,0.96,0.75,0.99,0.99
22,0.92,0.8,0.93,0.99,0.96,0.75,0.99,0.99
23,0.92,0.8,0.93,0.99,0.97,0.75,0.99,0.99
24,0.92,0.8,0.93,0.99,0.97,0.75,0.99,0.99
25,0.92,0.8,0.94,0.99,0.97,0.75,0.99,0.99
26,0.92,0.71,0.93,0.99,0.97,0.62,0.99,0.99
27,0.91,0.8,0.93,0.99,0.97,0.75,0.99,0.99
28,0.92,0.71,0.93,0.99,0.97,0.75,0.99,0.99
29,0.92,0.71,0.93,0.99,0.96,0.62,0.99,0.99
30,0.92,0.71,0.93,0.99,0.97,0.62,0.99,0.99
31,0.92,0.8,0.93,0.99,0.97,0.62,0.99,0.99
32,0.93,0.8,0.94,0.99,0.97,0.62,0.99,0.99
33,0.92,0.71,0.94,0.99,0.97,0.75,0.99,0.99
34,0.93,0.8,0.94,0.99,0.97,0.62,0.99,0.99
35,0.92,0.71,0.94,0.99,0.97,0.62,0.99,0.99
36,0.93,0.71,0.94,0.99,0.97,0.62,0.99,0.99
37,0.93,0.71,0.95,0.99,0.97,0.62,0.99,1.0
38,0.93,0.8,0.95,0.99,0.98,0.62,0.99,1.0
39,0.94,0.8,0.95,0.99,0.98,0.75,1.0,1.0
40,0.93,0.8,0.95,0.99,0.98,0.75,1.0,1.0
41,0.94,0.8,0.95,0.99,0.98,0.87,1.0,1.0
42,0.94,0.8,0.95,0.99,0.98,0.75,1.0,1.0
43,0.95,0.8,0.95,0.99,0.98,0.75,1.0,1.0
44,0.95,0.9,0.96,1.0,0.98,0.75,1.0,1.0
45,0.95,0.8,0.96,0.99,0.98,0.75,1.0,1.0
46,0.95,0.9,0.96,1.0,0.98,0.75,1.0,1.0
47,0.95,0.9,0.96,0.99,0.98,0.87,1.0,1.0
48,0.94,0.8,0.95,0.99,0.98,0.87,1.0,1.0
49,0.94,0.8,0.95,0.99,0.98,0.75,1.0,1.0
50,0.94,0.8,0.95,0.99,0.98,0.87,1.0,1.0
51,0.94,0.8,0.95,0.99,0.98,0.75,1.0,1.0
52,0.95,0.8,0.97,0.99,0.98,0.75,0.99,1.0
53,0.97,0.8,0.99,0.99,0.98,0.87,0.99,1.0
54,1.0,0.8,0.99,1.0,1.0,0.75,0.99,1.0
55,1.0,0.8,1.0,0.99,1.0,0.62,0.99,1.0
56,1.0,0.71,0.98,0.98,0.98,0.62,0.86,0.96
57,0.81,0.71,0.67,0.87,0.65,0.62,0.41,0.7
58,0.66,0.59,0.51,0.75,0.42,0.62,0.28,0.52
59,0.53,0.59,0.4,0.63,0.3,0.49,0.21,0.39
60,0.44,0.59,0.33,0.54,0.23,0.62,0.18,0.31
61,0.38,0.71,0.29,0.46,0.19,0.75,0.16,0.25
62,0.31,0.71,0.24,0.37,0.14,0.62,0.14,0.19
63,0.26,0.71,0.21,0.3,0.13,0.75,0.12,0.15
64,0.22,0.59,0.18,0.24,0.11,0.75,0.11,0.12
65,0.18,0.59,0.15,0.19,0.1,0.75,0.1,0.09
66,0.16,0.71,0.14,0.15,0.09,0.62,0.09,0.08
67,0.14,0.59,0.14,0.14,0.08,0.62,0.09,0.07
68,0.12,0.59,0.12,0.11,0.07,0.62,0.08,0.06
69,0.12,0.59,0.12,0.1,0.07,0.62,0.08,0.05
70,0.11,0.59,0.11,0.09,0.07,0.49,0.07,0.05
71,0.1,0.59,0.11,0.09,0.07,0.62,0.07,0.04
72,0.09,0.59,0.09,0.06,0.06,0.49,0.06,0.04
73,0.09,0.49,0.09,0.06,0.06,0.49,0.06,0.04
74,0.08,0.49,0.08,0.05,0.06,0.49,0.06,0.03
75,0.07,0.49,0.08,0.05,0.05,0.37,0.06,0.03
76,0.07,0.49,0.08,0.04,0.05,0.37,0.05,0.03
77,0.07,0.39,0.07,0.04,0.05,0.37,0.05,0.02
78,0.07,0.39,0.07,0.04,0.05,0.25,0.05,0.02
79,0.07,0.49,0.06,0.04,0.05,0.37,0.05,0.02
80,0.06,0.49,0.06,0.03,0.04,0.25,0.05,0.02
81,0.06,0.39,0.06,0.03,0.04,0.37,0.04,0.02
82,0.06,0.29,0.06,0.03,0.04,0.25,0.04,0.02
83,0.05,0.29,0.06,0.03,0.04,0.25,0.04,0.02
84,0.05,0.29,0.06,0.03,0.04,0.25,0.04,0.02
85,0.05,0.39,0.06,0.03,0.04,0.25,0.04,0.02
86,0.05,0.39,0.06,0.03,0.04,0.37,0.04,0.02
87,0.05,0.49,0.05,0.03,0.04,0.37,0.04,0.01
88,0.05,0.49,0.05,0.02,0.04,0.25,0.04,0.01
89,0.05,0.39,0.05,0.02,0.04,0.37,0.04,0.01
90,0.05,0.49,0.05,0.02,0.04,0.25,0.03,0.01
91,0.05,0.49,0.05,0.02,0.04,0.37,0.04,0.01
92,0.05,0.49,0.05,0.02,0.03,0.37,0.03,0.01
93,0.05,0.39,0.05,0.02,0.03,0.37,0.03,0.01
94,0.05,0.49,0.05,0.02,0.03,0.25,0.03,0.01
95,0.05,0.39,0.05,0.02,0.03,0.25,0.03,0.01
96,0.04,0.49,0.05,0.02,0.03,0.37,0.03,0.01
97,0.05,0.49,0.04,0.02,0.03,0.25,0.03,0.01
98,0.04,0.49,0.04,0.02,0.03,0.25,0.03,0.01
99,0.03,0.59,0.04,0.02,0.03,0.37,0.03,0.01
100,0.04,0.59,0.04,0.02,0.03,0.37,0.03,0.01
101,0.04,0.59,0.04,0.02,0.03,0.37,0.02,0.01
102,0.04,0.59,0.04,0.01,0.03,0.37,0.02,0.01
103,0.04,0.59,0.04,0.01,0.03,0.49,0.02,0.01
104,0.04,0.71,0.04,0.01,0.03,0.49,0.02,0.01
105,0.03,0.59,0.04,0.01,0.02,0.49,0.02,0.01
106,0.04,0.49,0.04,0.01,0.02,0.37,0.02,0.01
107,0.03,0.49,0.04,0.01,0.02,0.37,0.02,0.01
108,0.03,0.59,0.04,0.01,0.02,0.37,0.02,0.01
109,0.04,0.59,0.04,0.01,0.02,0.37,0.02,0.01
110,0.04,0.59,0.04,0.01,0.02,0.37,0.02,0.01
111,0.03,0.49,0.04,0.01,0.02,0.37,0.02,0.01
112,0.04,0.59,0.04,0.01,0.02,0.37,0.02,0.01
113,0.03,0.49,0.04,0.01,0.02,0.37,0.02,0.01
114,0.04,0.49,0.04,0.01,0.02,0.37,0.02,0.01
115,0.04,0.59,0.04,0.01,0.02,0.25,0.02,0.01
116,0.03,0.59,0.04,0.01,0.02,0.37,0.02,0.01
117,0.04,0.59,0.04,0.01,0.02,0.25,0.02,0.01
118,0.04,0.49,0.04,0.01,0.02,0.37,0.02,0.01
119,0.04,0.59,0.03,0.01,0.02,0.37,0.02,0.01
120,0.04,0.49,0.04,0.01,0.02,0.25,0.02,0.01
121,0.04,0.49,0.03,0.01,0.02,0.37,0.02,0.01
122,0.03,0.39,0.03,0.01,0.01,0.25,0.01,0.0
123,0.03,0.29,0.03,0.01,0.01,0.25,0.01,0.0
124,0.04,0.49,0.03,0.01,0.01,0.37,0.02,0.0
125,0.04,0.49,0.03,0.01,0.01,0.37,0.01,0.0
126,0.03,0.59,0.03,0.01,0.01,0.37,0.02,0.0
127,0.04,0.49,0.03,0.0,0.01,0.37,0.01,0.0
128,0.03,0.59,0.03,0.0,0.01,0.37,0.01,0.0
129,0.03,0.59,0.03,0.01,0.01,0.37,0.01,0.0
130,0.03,0.59,0.03,0.01,0.01,0.37,0.01,0.0
131,0.03,0.59,0.02,0.01,0.01,0.37,0.01,0.0
132,0.03,0.59,0.03,0.0,0.01,0.37,0.01,0.0
133,0.03,0.71,0.02,0.0,0.01,0.49,0.01,0.0
134,0.03,0.71,0.03,0.0,0.01,0.37,0.01,0.0
135,0.03,0.71,0.03,0.0,0.01,0.49,0.01,0.0
136,0.03,0.59,0.02,0.0,0.01,0.37,0.01,0.0
137,0.03,0.49,0.02,0.0,0.01,0.37,0.01,0.0
138,0.03,0.49,0.02,0.0,0.01,0.25,0.01,0.0
139,0.03,0.59,0.02,0.0,0.01,0.25,0.01,0.0
140,0.02,0.59,0.02,0.0,0.01,0.37,0.01,0.0
141,0.03,0.59,0.02,0.0,0.01,0.49,0.01,0.0
142,0.02,0.71,0.02,0.0,0.01,0.37,0.01,0.0
143,0.02,0.71,0.02,0.0,0.01,0.37,0.01,0.0
144,0.02,0.59,0.02,0.0,0.01,0.25,0.01,0.0
145,0.02,0.71,0.02,0.0,0.01,0.37,0.0,0.0
146,0.02,0.59,0.02,0.0,0.01,0.49,0.0,0.0
147,0.02,0.71,0.02,0.0,0.01,0.62,0.0,0.0
148,0.02,0.71,0.02,0.0,0.01,0.49,0.0,0.0
149,0.01,0.71,0.01,0.0,0.0,0.49,0.0,0.0
150,0.01,0.71,0.01,0.0,0.0,0.49,0.0,0.0
151,0.01,0.59,0.01,0.0,0.0,0.37,0.0,0.0
152,0.01,0.59,0.0,0.0,0.0,0.49,0.0,0.0
153,0.01,0.49,0.0,0.0,0.0,0.25,0.0,0.0
154,0.0,0.49,0.0,0.0,0.0,0.37,0.0,0.0
155,0.01,0.59,0.0,0.0,0.0,0.37,0.02,0.0
156,0.02,0.49,0.02,0.0,0.02,0.25,0.04,0.0
157,0.05,0.49,0.06,0.0,0.05,0.25,0.08,0.01
158,0.09,0.49,0.1,0.01,0.08,0.25,0.12,0.01
159,0.15,0.49,0.17,0.02,0.13,0.25,0.18,0.01
160,0.2,0.49,0.21,0.03,0.17,0.37,0.22,0.02
161,0.21,0.49,0.22,0.03,0.18,0.25,0.23,0.02
162,0.28,0.49,0.29,0.05,0.24,0.25,0.29,0.03
163,0.31,0.39,0.31,0.05,0.25,0.25,0.3,0.03
164,0.35,0.49,0.34,0.06,0.29,0.25,0.33,0.04
165,0.41,0.39,0.41,0.09,0.33,0.25,0.38,0.05
166,0.42,0.49,0.42,0.1,0.35,0.25,0.4,0.05
167,0.48,0.39,0.48,0.12,0.4,0.12,0.44,0.06
168,0.52,0.39,0.52,0.14,0.44,0.25,0.48,0.07
169,0.53,0.49,0.52,0.15,0.44,0.25,0.49,0.08
170,0.57,0.49,0.56,0.17,0.48,0.25,0.51,0.08
171,0.59,0.39,0.58,0.18,0.5,0.25,0.53,0.09
172,0.63,0.29,0.62,0.22,0.54,0.25,0.58,0.11
173,0.66,0.29,0.64,0.23,0.57,0.12,0.6,0.12
174,0.66,0.29,0.64,0.23,0.58,0.25,0.6,0.12
175,0.69,0.29,0.68,0.27,0.61,0.25,0.63,0.14
176,0.69,0.29,0.68,0.27,0.62,0.25,0.64,0.14
177,0.73,0.29,0.71,0.31,0.65,0.12,0.67,0.15
178,0.73,0.29,0.72,0.31,0.65,0.25,0.67,0.16
179,0.75,0.29,0.73,0.33,0.67,0.12,0.69,0.17
180,0.76,0.29,0.75,0.35,0.69,0.12,0.71,0.18
181,0.77,0.29,0.76,0.38,0.71,0.25,0.73,0.2
182,0.78,0.2,0.76,0.38,0.71,0.25,0.73,0.2
183,0.8,0.29,0.78,0.41,0.73,0.12,0.75,0.21
184,0.8,0.2,0.79,0.42,0.74,0.25,0.75,0.22
185,0.82,0.2,0.8,0.45,0.75,0.12,0.77,0.24
186,0.82,0.2,0.8,0.46,0.76,0.12,0.78,0.24
187,0.84,0.2,0.82,0.48,0.77,0.25,0.79,0.25
188,0.83,0.2,0.83,0.49,0.78,0.12,0.8,0.26
189,0.84,0.2,0.83,0.51,0.79,0.25,0.8,0.27
190,0.86,0.2,0.84,0.54,0.8,0.12,0.82,0.29
191,0.85,0.2,0.84,0.54,0.81,0.25,0.82,0.29
192,0.86,0.1,0.85,0.55,0.81,0.25,0.83,0.3
193,0.86,0.1,0.84,0.57,0.82,0.12,0.83,0.31
194,0.85,0.1,0.84,0.58,0.82,0.0,0.84,0.32
195,0.85,0.1,0.84,0.6,0.83,0.0,0.84,0.33
196,0.85,0.1,0.85,0.62,0.84,0.12,0.85,0.35
197,0.86,0.2,0.85,0.62,0.84,0.12,0.85,0.35
198,0.86,0.2,0.85,0.63,0.84,0.12,0.86,0.36
199,0.86,0.2,0.86,0.65,0.84,0.25,0.86,0.37
200,0.86,0.2,0.86,0.66,0.85,0.12,0.87,0.38
201,0.86,0.29,0.87,0.67,0.86,0.37,0.87,0.39
202,0.86,0.29,0.87,0.68,0.86,0.25,0.88,0.4
203,0.87,0.29,0.87,0.69,0.86,0.25,0.88,0.4
204,0.87,0.29,0.88,0.7,0.87,0.25,0.88,0.42
205,0.88,0.29,0.88,0.71,0.88,0.25,0.89,0.43
206,0.88,0.49,0.89,0.72,0.87,0.37,0.89,0.43
207,0.89,0.49,0.89,0.73,0.88,0.49,0.9,0.45
208,0.89,0.39,0.89,0.74,0.88,0.37,0.9,0.45
209,0.89,0.49,0.89,0.74,0.88,0.49,0.9,0.46
210,0.89,0.49,0.9,0.75,0.88,0.37,0.9,0.47
211,0.89,0.39,0.89,0.76,0.89,0.49,0.9,0.47
212,0.89,0.39,0.89,0.76,0.89,0.37,0.9,0.48
213,0.89,0.39,0.89,0.76,0.89,0.37,0.91,0.49
214,0.87,0.39,0.89,0.77,0.89,0.25,0.9,0.49
215,0.89,0.39,0.89,0.78,0.89,0.25,0.91,0.5
216,0.88,0.49,0.9,0.78,0.9,0.37,0.91,0.51
217,0.89,0.39,0.89,0.79,0.9,0.37,0.91,0.52
218,0.88,0.49,0.9,0.8,0.9,0.37,0.92,0.52
219,0.88,0.49,0.89,0.8,0.9,0.37,0.91,0.53
220,0.88,0.39,0.89,0.81,0.9,0.37,0.91,0.54
221,0.88,0.39,0.88,0.81,0.9,0.49,0.91,0.54
222,0.88,0.39,0.89,0.81,0.9,0.37,0.91,0.55
223,0.87,0.39,0.89,0.82,0.9,0.49,0.91,0.55
224,0.87,0.49,0.88,0.82,0.9,0.37,0.92,0.56
225,0.87,0.49,0.88,0.83,0.9,0.49,0.92,0.57
226,0.87,0.49,0.88,0.83,0.9,0.62,0.92,0.57
227,0.87,0.59,0.88,0.83,0.9,0.49,0.92,0.58
228,0.87,0.49,0.88,0.84,0.9,0.62,0.92,0.58
229,0.87,0.59,0.89,0.84,0.9,0.62,0.92,0.59
230,0.88,0.59,0.89,0.84,0.9,0.62,0.92,0.6
231,0.87,0.59,0.89,0.84,0.9,0.62,0.92,0.6
232,0.88,0.59,0.89,0.85,0.9,0.49,0.92,0.61
233,0.87,0.49,0.89,0.85,0.9,0.62,0.93,0.61
234,0.88,0.49,0.89,0.85,0.9,0.62,0.92,0.61
235,0.88,0.49,0.89,0.85,0.91,0.49,0.92,0.62
236,0.88,0.49,0.89,0.87,0.9,0.49,0.93,0.62
237,0.88,0.49,0.89,0.87,0.91,0.49,0.93,0.63
238,0.88,0.49,0.89,0.87,0.91,0.49,0.93,0.64
239,0.89,0.49,0.89,0.87,0.91,0.62,0.93,0.64
240,0.89,0.49,0.9,0.87,0.91,0.49,0.93,0.64
241,0.89,0.49,0.89,0.87,0.91,0.49,0.93,0.65
242,0.89,0.49,0.9,0.88,0.91,0.49,0.93,0.65
243,0.89,0.49,0.9,0.88,0.91,0.62,0.93,0.66
244,0.89,0.49,0.89,0.88,0.92,0.49,0.93,0.66
245,0.88,0.49,0.89,0.88,0.92,0.49,0.93,0.66
246,0.89,0.49,0.9,0.88,0.92,0.62,0.93,0.67
247,0.89,0.49,0.91,0.88,0.92,0.62,0.94,0.67
248,0.9,0.59,0.91,0.89,0.93,0.62,0.94,0.68
249,0.9,0.59,0.91,0.89,0.93,0.62,0.94,0.68
250,0.91,0.59,0.91,0.89,0.93,0.62,0.95,0.68
251,0.91,0.59,0.92,0.89,0.93,0.62,0.95,0.69
252,0.91,0.71,0.92,0.89,0.93,0.62,0.95,0.69
253,0.91,0.71,0.92,0.89,0.93,0.75,0.95,0.69
254,0.91,0.71,0.92,0.89,0.93,0.62,0.95,0.7
255,0.92,0.71,0.92,0.9,0.93,0.62,0.95,0.7
256,0.92,0.59,0.92,0.9,0.93,0.62,0.95,0.7
257,0.91,0.59,0.92,0.9,0.93,0.49,0.95,0.71
258,0.91,0.59,0.92,0.9,0.93,0.62,0.95,0.71
259,0.92,0.59,0.93,0.9,0.93,0.62,0.95,0.71
260,0.91,0.71,0.93,0.9,0.93,0.62,0.95,0.72
261,0.93,0.49,0.93,0.9,0.94,0.49,0.95,0.72
262,0.93,0.59,0.93,0.9,0.94,0.62,0.95,0.73
263,0.93,0.59,0.93,0.9,0.94,0.62,0.96,0.73
264,0.94,0.59,0.93,0.9,0.94,0.62,0.96,0.73
265,0.94,0.59,0.94,0.91,0.95,0.62,0.96,0.73
266,0.95,0.71,0.94,0.91,0.95,0.75,0.96,0.74
267,0.95,0.71,0.95,0.91,0.95,0.75,0.97,0.74
268,0.95,0.71,0.95,0.91,0.95,0.62,0.96,0.74
269,0.95,0.59,0.95,0.91,0.94,0.62,0.97,0.74
270,0.94,0.59,0.95,0.91,0.95,0.75,0.96,0.75
271,0.94,0.59,0.95,0.91,0.95,0.62,0.97,0.75
272,0.95,0.59,0.94,0.91,0.95,0.62,0.97,0.75
273,0.94,0.59,0.94,0.91,0.95,0.62,0.97,0.75
274,0.94,0.49,0.94,0.91,0.95,0.62,0.97,0.76
275,0.94,0.59,0.94,0.91,0.95,0.62,0.97,0.76
276,0.93,0.59,0.94,0.91,0.95,0.62,0.97,0.76
277,0.94,0.59,0.93,0.92,0.94,0.62,0.97,0.76
278,0.93,0.59,0.93,0.92,0.95,0.62,0.97,0.77
279,0.93,0.49,0.93,0.92,0.95,0.49,0.97,0.77
280,0.93,0.39,0.93,0.92,0.94,0.62,0.97,0.77
281,0.93,0.49,0.93,0.92,0.95,0.62,0.97,0.77
282,0.92,0.49,0.93,0.92,0.95,0.75,0.97,0.77
283,0.93,0.59,0.94,0.92,0.95,0.75,0.97,0.78
284,0.93,0.59,0.94,0.92,0.95,0.62,0.97,0.78
285,0.93,0.59,0.94,0.92,0.95,0.62,0.97,0.78
286,0.93,0.59,0.94,0.92,0.95,0.75,0.97,0.78
287,0.94,0.59,0.94,0.93,0.95,0.75,0.97,0.79
288,0.93,0.59,0.94,0.92,0.95,0.49,0.97,0.79
289,0.92,0.59,0.93,0.92,0.95,0.75,0.97,0.79
290,0.93,0.59,0.94,0.92,0.95,0.75,0.97,0.79
291,0.94,0.71,0.95,0.92,0.95,0.75,0.97,0.79
292,0.94,0.59,0.95,0.92,0.95,0.75,0.97,0.8
293,0.94,0.71,0.95,0.93,0.95,0.75,0.97,0.8
294,0.95,0.71,0.95,0.93,0.95,0.87,0.97,0.8
295,0.95,0.71,0.95,0.94,0.95,0.75,0.97,0.8
296,0.95,0.8,0.95,0.93,0.95,0.75,0.97,0.8
297,0.94,0.71,0.95,0.93,0.95,0.75,0.97,0.81
298,0.94,0.71,0.95,0.93,0.95,0.87,0.98,0.81
299,0.93,0.71,0.95,0.93,0.95,0.62,0.97,0.81
300,0.93,0.59,0.94,0.94,0.95,0.75,0.97,0.81
301,0.93,0.49,0.93,0.93,0.95,0.62,0.97,0.81
302,0.93,0.49,0.93,0.93,0.95,0.62,0.97,0.81
303,0.93,0.39,0.93,0.93,0.95,0.49,0.97,0.82
304,0.93,0.49,0.93,0.94,0.94,0.49,0.97,0.82
305,0.92,0.39,0.93,0.93,0.95,0.49,0.96,0.82
306,0.92,0.59,0.93,0.93,0.95,0.62,0.97,0.82
307,0.92,0.49,0.93,0.94,0.95,0.62,0.97,0.82
308,0.92,0.39,0.93,0.94,0.95,0.62,0.97,0.82
309,0.92,0.49,0.93,0.94,0.95,0.62,0.97,0.82
310,0.93,0.59,0.93,0.94,0.95,0.62,0.97,0.82
311,0.92,0.59,0.93,0.94,0.95,0.49,0.97,0.83
312,0.93,0.49,0.93,0.94,0.95,0.62,0.97,0.83
313,0.92,0.39,0.93,0.94,0.95,0.49,0.96,0.83
314,0.93,0.49,0.93,0.94,0.95,0.62,0.97,0.83
315,0.93,0.49,0.93,0.94,0.95,0.62,0.97,0.83
316,0.93,0.59,0.94,0.94,0.95,0.62,0.97,0.83
317,0.93,0.49,0.93,0.94,0.95,0.62,0.97,0.83
318,0.93,0.49,0.93,0.94,0.95,0.62,0.97,0.84
319,0.93,0.49,0.94,0.94,0.95,0.62,0.97,0.84
320,0.93,0.49,0.94,0.94,0.95,0.62,0.97,0.84
321,0.93,0.59,0.94,0.94,0.95,0.62,0.97,0.84
322,0.94,0.59,0.94,0.94,0.95,0.62,0.97,0.84
323,0.94,0.59,0.95,0.94,0.95,0.75,0.97,0.85
324,0.94,0.71,0.95,0.95,0.95,0.75,0.97,0.85
325,0.94,0.71,0.95,0.94,0.95,0.87,0.97,0.85
326,0.95,0.71,0.95,0.94,0.95,0.62,0.97,0.85
327,0.94,0.71,0.95,0.94,0.95,0.87,0.98,0.85
328,0.95,0.71,0.95,0.95,0.95,0.75,0.98,0.85
329,0.95,0.71,0.95,0.95,0.96,0.75,0.98,0.85
330,0.94,0.71,0.95,0.95,0.95,0.87,0.98,0.85
331,0.94,0.59,0.95,0.95,0.95,0.75,0.98,0.86
332,0.94,0.59,0.95,0.95,0.95,0.87,0.98,0.85
333,0.94,0.71,0.95,0.95,0.95,0.75,0.98,0.86
334,0.95,0.71,0.95,0.95,0.96,0.75,0.98,0.86
335,0.94,0.8,0.96,0.95,0.96,0.87,0.98,0.86
336,0.95,0.8,0.95,0.95,0.96,0.87,0.98,0.86
337,0.95,0.8,0.95,0.95,0.96,1.0,0.98,0.86
338,0.94,0.71,0.95,0.95,0.95,0.75,0.98,0.86
339,0.94,0.71,0.95,0.95,0.96,0.75,0.98,0.86
340,0.94,0.59,0.95,0.95,0.95,0.75,0.98,0.87
341,0.94,0.71,0.95,0.95,0.95,0.75,0.97,0.87
342,0.94,0.59,0.95,0.95,0.95,0.75,0.98,0.87
343,0.95,0.8,0.95,0.95,0.96,0.87,0.98,0.87
344,0.95,0.71,0.95,0.96,0.96,0.87,0.98,0.87
345,0.95,0.8,0.96,0.95,0.96,0.87,0.98,0.87
346,0.95,0.8,0.96,0.95,0.96,0.75,0.98,0.87
347,0.96,0.9,0.96,0.95,0.96,1.0,0.98,0.87
348,0.96,0.8,0.96,0.95,0.96,0.87,0.98,0.87
349,0.96,0.8,0.96,0.95,0.96,0.87,0.98,0.87
350,0.95,0.8,0.96,0.95,0.96,0.87,0.98,0.88
351,0.95,0.71,0.96,0.95,0.96,1.0,0.98,0.88
352,0.95,0.59,0.95,0.95,0.96,0.75,0.98,0.88
353,0.94,0.71,0.95,0.96,0.96,0.75,0.98,0.88
354,0.95,0.71,0.95,0.95,0.96,0.87,0.98,0.88
355,0.95,0.71,0.95,0.96,0.96,0.62,0.98,0.88
356,0.96,0.71,0.95,0.95,0.96,0.75,0.98,0.88
357,0.95,0.71,0.95,0.96,0.96,0.75,0.98,0.88
358,0.95,0.8,0.95,0.96,0.96,0.87,0.98,0.88
359,0.95,0.9,0.95,0.95,0.96,0.75,0.98,0.88
360,0.95,0.8,0.95,0.96,0.96,0.87,0.98,0.88
361,0.95,0.71,0.95,0.95,0.96,1.0,0.98,0.88
362,0.96,0.71,0.95,0.96,0.96,0.87,0.98,0.89
363,0.95,0.71,0.95,0.96,0.96,0.75,0.98,0.89
364,0.95,0.71,0.95,0.96,0.96,0.75,0.98,0.89
365,0.94,0.71,0.95,0.96,0.95,0.62,0.98,0.89
366,0.94,0.71,0.95,0.96,0.96,0.75,0.98,0.89
367,0.94,0.71,0.95,0.96,0.96,0.75,0.98,0.89
368,0.94,0.71,0.94,0.96,0.95,0.87,0.98,0.89
369,0.94,0.8,0.94,0.96,0.95,0.75,0.98,0.89
370,0.94,0.71,0.94,0.96,0.96,0.87,0.98,0.89
371,0.93,0.71,0.94,0.96,0.96,0.75,0.98,0.89
372,0.93,0.71,0.94,0.96,0.95,0.87,0.98,0.89
373,0.93,0.71,0.93,0.96,0.95,0.87,0.98,0.89
374,0.93,0.71,0.93,0.96,0.95,0.75,0.98,0.89
375,0.93,0.71,0.94,0.96,0.95,0.87,0.98,0.9
376,0.92,0.8,0.93,0.96,0.95,0.75,0.98,0.89
377,0.93,0.71,0.93,0.96,0.95,0.75,0.98,0.9
378,0.93,0.8,0.94,0.96,0.96,0.87,0.98,0.9
379,0.94,0.8,0.95,0.96,0.96,0.75,0.98,0.9
380,0.93,0.9,0.95,0.96,0.96,0.87,0.98,0.9
381,0.95,0.9,0.95,0.96,0.96,0.87,0.98,0.9
382,0.95,0.9,0.95,0.96,0.96,0.87,0.98,0.9
383,0.94,0.9,0.95,0.96,0.96,0.75,0.98,0.9
384,0.95,0.8,0.95,0.96,0.96,0.87,0.98,0.9
385,0.95,0.9,0.95,0.96,0.96,0.87,0.99,0.9
386,0.95,0.9,0.96,0.96,0.96,0.87,0.99,0.9
387,0.95,0.9,0.95,0.96,0.96,1.0,0.99,0.9
388,0.95,0.9,0.95,0.96,0.97,0.87,0.99,0.9
389,0.95,1.0,0.95,0.96,0.96,1.0,0.99,0.91
390,0.95,1.0,0.95,0.96,0.97,1.0,0.99,0.91
391,0.94,1.0,0.95,0.96,0.96,1.0,0.99,0.91
392,0.94,0.8,0.95,0.96,0.96,0.87,0.98,0.91
393,0.94,0.9,0.95,0.96,0.96,0.75,0.98,0.91
394,0.94,0.8,0.95,0.96,0.96,0.75,0.98,0.91
395,0.93,0.8,0.94,0.96,0.95,0.87,0.98,0.91
396,0.93,0.8,0.93,0.96,0.95,0.87,0.98,0.91
397,0.92,0.71,0.93,0.96,0.95,0.75,0.97,0.91
398,0.92,0.59,0.93,0.96,0.95,0.62,0.97,0.91
399,0.91,0.59,0.93,0.96,0.95,0.62,0.97,0.91
400,0.91,0.71,0.93,0.96,0.95,0.62,0.97,0.91
401,0.91,0.59,0.92,0.96,0.95,0.62,0.97,0.91
402,0.91,0.59,0.92,0.96,0.95,0.75,0.97,0.91
403,0.9,0.59,0.93,0.96,0.95,0.75,0.97,0.91
404,0.92,0.59,0.92,0.96,0.95,0.62,0.97,0.91
405,0.91,0.71,0.93,0.96,0.95,0.62,0.97,0.91
406,0.92,0.59,0.93,0.96,0.95,0.62,0.97,0.92
407,0.93,0.71,0.93,0.96,0.95,0.75,0.97,0.92
408,0.93,0.71,0.93,0.96,0.95,0.62,0.97,0.92
409,0.92,0.71,0.93,0.96,0.95,0.62,0.97,0.92
410,0.93,0.71,0.93,0.96,0.95,0.62,0.97,0.92
411,0.92,0.59,0.93,0.96,0.95,0.75,0.97,0.92
412,0.93,0.59,0.93,0.96,0.95,0.62,0.97,0.92
413,0.93,0.59,0.93,0.96,0.95,0.62,0.97,0.92
414,0.93,0.59,0.93,0.97,0.95,0.62,0.98,0.92
415,0.93,0.59,0.93,0.96,0.95,0.62,0.97,0.92
416,0.93,0.59,0.93,0.96,0.95,0.49,0.97,0.92
417,0.93,0.49,0.93,0.96,0.95,0.49,0.97,0.92
418,0.93,0.49,0.93,0.96,0.95,0.49,0.97,0.92
419,0.93,0.39,0.93,0.96,0.95,0.49,0.97,0.92
420,0.92,0.39,0.93,0.96,0.95,0.37,0.97,0.92
421,0.92,0.39,0.92,0.96,0.95,0.37,0.97,0.92
422,0.93,0.39,0.93,0.96,0.95,0.37,0.97,0.92
423,0.92,0.39,0.93,0.96,0.95,0.49,0.97,0.92
424,0.92,0.39,0.93,0.96,0.95,0.49,0.97,0.92
425,0.91,0.39,0.92,0.96,0.95,0.37,0.97,0.92
426,0.91,0.59,0.92,0.96,0.95,0.49,0.97,0.92
427,0.92,0.39,0.93,0.96,0.95,0.37,0.97,0.92
428,0.91,0.39,0.92,0.96,0.95,0.37,0.97,0.92
429,0.91,0.39,0.92,0.96,0.95,0.25,0.97,0.92
430,0.91,0.39,0.92,0.96,0.95,0.25,0.97,0.92
431,0.91,0.39,0.92,0.96,0.95,0.37,0.97,0.93
432,0.91,0.49,0.92,0.96,0.95,0.37,0.97,0.93
433,0.91,0.49,0.92,0.96,0.95,0.49,0.97,0.93
434,0.91,0.49,0.92,0.96,0.95,0.49,0.97,0.93
435,0.91,0.39,0.92,0.97,0.95,0.49,0.97,0.93
436,0.91,0.49,0.92,0.96,0.95,0.37,0.97,0.93
437,0.91,0.49,0.92,0.96,0.95,0.37,0.97,0.93
438,0.92,0.39,0.92,0.96,0.95,0.37,0.97,0.93
439,0.92,0.49,0.92,0.97,0.95,0.49,0.97,0.93
440,0.91,0.39,0.93,0.97,0.95,0.37,0.97,0.93
441,0.92,0.49,0.93,0.96,0.95,0.49,0.97,0.93
442,0.92,0.49,0.93,0.97,0.95,0.49,0.97,0.93
443,0.93,0.59,0.93,0.97,0.95,0.49,0.97,0.93
444,0.93,0.59,0.93,0.97,0.95,0.49,0.98,0.93
445,0.93,0.59,0.94,0.97,0.96,0.62,0.98,0.93
446,0.93,0.59,0.95,0.97,0.96,0.62,0.98,0.93
447,0.93,0.59,0.94,0.97,0.96,0.62,0.98,0.93
448,0.93,0.49,0.94,0.97,0.96,0.62,0.97,0.93
449,0.93,0.59,0.94,0.97,0.96,0.49,0.98,0.93
450,0.93,0.59,0.94,0.97,0.96,0.49,0.98,0.93
451,0.93,0.49,0.94,0.97,0.96,0.49,0.98,0.93
452,0.93,0.49,0.93,0.97,0.96,0.49,0.97,0.94
453,0.93,0.39,0.93,0.97,0.95,0.37,0.98,0.93
454,0.93,0.49,0.93,0.97,0.96,0.49,0.97,0.94
455,0.92,0.49,0.93,0.97,0.95,0.49,0.98,0.94
456,0.92,0.49,0.93,0.97,0.95,0.49,0.98,0.94
457,0.92,0.49,0.93,0.97,0.95,0.49,0.98,0.94
458,0.91,0.59,0.93,0.97,0.95,0.49,0.98,0.94
459,0.91,0.59,0.93,0.97,0.95,0.37,0.97,0.94
460,0.91,0.59,0.93,0.97,0.95,0.37,0.98,0.94
461,0.91,0.71,0.93,0.97,0.95,0.62,0.98,0.94
462,0.91,0.71,0.93,0.97,0.95,0.62,0.98,0.94
463,0.91,0.71,0.93,0.97,0.95,0.62,0.98,0.94
464,0.91,0.71,0.93,0.97,0.95,0.62,0.98,0.94
465,0.91,0.71,0.93,0.97,0.95,0.62,0.98,0.94
466,0.91,0.71,0.93,0.97,0.95,0.62,0.98,0.94
467,0.9,0.71,0.92,0.97,0.95,0.49,0.98,0.94
468,0.91,0.59,0.92,0.97,0.95,0.62,0.97,0.94
469,0.9,0.59,0.92,0.97,0.95,0.49,0.97,0.94
470,0.9,0.59,0.92,0.97,0.95,0.49,0.97,0.94
471,0.89,0.59,0.92,0.97,0.95,0.49,0.97,0.94
472,0.9,0.49,0.92,0.97,0.95,0.49,0.97,0.94
473,0.9,0.49,0.92,0.97,0.95,0.49,0.97,0.94
474,0.9,0.49,0.92,0.97,0.95,0.37,0.97,0.94
475,0.9,0.59,0.91,0.97,0.95,0.49,0.97,0.94
476,0.9,0.59,0.92,0.97,0.95,0.62,0.97,0.94
477,0.91,0.59,0.92,0.97,0.95,0.49,0.97,0.94
478,0.91,0.59,0.92,0.97,0.95,0.49,0.97,0.94
479,0.91,0.59,0.92,0.97,0.95,0.49,0.97,0.94
480,0.92,0.59,0.93,0.97,0.95,0.49,0.97,0.95
481,0.92,0.59,0.93,0.97,0.95,0.49,0.97,0.95
482,0.93,0.59,0.93,0.97,0.95,0.49,0.97,0.95
483,0.93,0.59,0.93,0.97,0.96,0.49,0.98,0.95
484,0.93,0.59,0.93,0.97,0.95,0.49,0.97,0.95
485,0.93,0.59,0.93,0.97,0.96,0.49,0.98,0.95
486,0.93,0.59,0.93,0.97,0.96,0.49,0.97,0.95
487,0.93,0.59,0.93,0.97,0.96,0.37,0.98,0.95
488,0.93,0.71,0.94,0.97,0.96,0.49,0.98,0.95
489,0.94,0.59,0.95,0.97,0.96,0.49,0.98,0.95
490,0.94,0.71,0.95,0.97,0.97,0.49,0.98,0.95
491,0.94,0.71,0.95,0.98,0.96,0.62,0.98,0.95
492,0.94,0.71,0.95,0.97,0.96,0.62,0.98,0.95
493,0.94,0.59,0.95,0.97,0.97,0.49,0.98,0.95
494,0.94,0.71,0.95,0.97,0.96,0.49,0.98,0.95
495,0.93,0.71,0.94,0.97,0.96,0.49,0.98,0.95
496,0.93,0.71,0.94,0.97,0.96,0.49,0.98,0.95
497,0.93,0.49,0.94,0.97,0.96,0.62,0.98,0.95
498,0.93,0.59,0.94,0.97,0.96,0.37,0.98,0.95
499,0.93,0.59,0.94,0.97,0.96,0.49,0.98,0.95
500,0.93,0.59,0.93,0.97,0.96,0.49,0.98,0.95
501,0.93,0.49,0.93,0.97,0.96,0.37,0.98,0.95
502,0.93,0.49,0.93,0.97,0.95,0.49,0.98,0.95
503,0.93,0.49,0.93,0.97,0.96,0.49,0.98,0.95
504,0.93,0.59,0.93,0.97,0.95,0.37,0.98,0.95
505,0.93,0.49,0.93,0.97,0.95,0.37,0.98,0.95
506,0.92,0.49,0.93,0.97,0.95,0.37,0.97,0.95
507,0.92,0.39,0.93,0.97,0.95,0.37,0.98,0.95
508,0.92,0.39,0.93,0.97,0.95,0.25,0.97,0.95
509,0.92,0.29,0.93,0.97,0.95,0.25,0.97,0.95
510,0.92,0.49,0.93,0.97,0.95,0.25,0.97,0.95
511,0.92,0.39,0.93,0.97,0.95,0.37,0.97,0.95
512,0.92,0.39,0.93,0.97,0.95,0.37,0.97,0.95
513,0.92,0.39,0.92,0.97,0.95,0.37,0.97,0.95
514,0.91,0.29,0.92,0.97,0.95,0.25,0.97,0.95
515,0.91,0.39,0.92,0.97,0.95,0.25,0.97,0.95
516,0.91,0.29,0.92,0.97,0.95,0.12,0.97,0.95
517,0.91,0.39,0.92,0.97,0.95,0.25,0.97,0.96
518,0.9,0.29,0.92,0.97,0.95,0.25,0.97,0.95
519,0.9,0.39,0.92,0.97,0.95,0.25,0.97,0.95
520,0.89,0.29,0.91,0.97,0.95,0.12,0.97,0.96
521,0.89,0.29,0.91,0.97,0.95,0.12,0.97,0.96
522,0.89,0.39,0.9,0.97,0.95,0.12,0.97,0.96
523,0.89,0.39,0.91,0.97,0.95,0.25,0.97,0.96
524,0.89,0.39,0.91,0.98,0.95,0.25,0.97,0.96
525,0.88,0.49,0.9,0.97,0.95,0.25,0.97,0.96
526,0.88,0.29,0.91,0.98,0.94,0.25,0.97,0.96
527,0.88,0.39,0.91,0.97,0.95,0.25,0.97,0.96
528,0.88,0.29,0.9,0.97,0.95,0.25,0.97,0.96
529,0.88,0.39,0.9,0.97,0.95,0.25,0.96,0.96
530,0.88,0.29,0.9,0.97,0.94,0.25,0.96,0.96
531,0.88,0.29,0.9,0.97,0.94,0.12,0.96,0.96
532,0.88,0.29,0.89,0.97,0.95,0.25,0.96,0.96
533,0.88,0.29,0.89,0.97,0.94,0.25,0.96,0.96
534,0.88,0.29,0.89,0.98,0.94,0.25,0.96,0.96
535,0.89,0.29,0.89,0.98,0.94,0.12,0.96,0.96
536,0.88,0.2,0.9,0.97,0.94,0.12,0.96,0.96
537,0.89,0.2,0.9,0.97,0.95,0.12,0.96,0.96
538,0.88,0.2,0.89,0.97,0.94,0.12,0.96,0.96
539,0.89,0.2,0.89,0.97,0.94,0.12,0.95,0.96
540,0.88,0.1,0.89,0.97,0.94,0.12,0.96,0.96
541,0.88,0.0,0.9,0.97,0.95,0.0,0.96,0.96
542,0.89,0.1,0.9,0.97,0.95,0.0,0.96,0.96
543,0.89,0.1,0.9,0.97,0.94,0.12,0.96,0.96
544,0.89,0.1,0.91,0.97,0.95,0.12,0.96,0.96
545,0.9,0.2,0.91,0.97,0.95,0.0,0.96,0.96
546,0.9,0.1,0.92,0.97,0.95,0.12,0.97,0.96
547,0.9,0.2,0.91,0.97,0.95,0.0,0.97,0.96
548,0.89,0.1,0.91,0.97,0.95,0.12,0.96,0.96
549,0.9,0.1,0.91,0.97,0.95,0.12,0.97,0.96
550,0.9,0.1,0.91,0.97,0.95,0.12,0.97,0.96
551,0.9,0.1,0.91,0.97,0.95,0.12,0.97,0.96
552,0.89,0.1,0.91,0.97,0.95,0.0,0.96,0.96
553,0.9,0.0,0.91,0.97,0.95,0.12,0.97,0.96
554,0.89,0.0,0.91,0.97,0.95,0.0,0.97,0.96
555,0.89,0.1,0.91,0.97,0.95,0.0,0.96,0.96
556,0.9,0.1,0.91,0.97,0.95,0.0,0.97,0.96
557,0.89,0.2,0.91,0.98,0.95,0.12,0.97,0.96
558,0.89,0.1,0.91,0.97,0.95,0.12,0.97,0.96
559,0.89,0.1,0.91,0.98,0.95,0.0,0.96,0.96
560,0.89,0.1,0.91,0.97,0.95,0.12,0.96,0.96
561,0.88,0.0,0.91,0.98,0.94,0.12,0.97,0.97
562,0.89,0.0,0.91,0.97,0.95,0.12,0.96,0.96
563,0.88,0.0,0.91,0.97,0.95,0.0,0.96,0.97
564,0.88,0.1,0.9,0.97,0.95,0.0,0.96,0.97
565,0.88,0.0,0.91,0.97,0.95,0.0,0.96,0.97
566,0.89,0.1,0.91,0.97,0.95,0.0,0.97,0.97
567,0.89,0.1,0.91,0.98,0.95,0.0,0.97,0.97
568,0.89,0.1,0.91,0.98,0.95,0.0,0.97,0.97
569,0.89,0.1,0.91,0.98,0.95,0.0,0.97,0.97
570,0.9,0.1,0.91,0.98,0.95,0.0,0.97,0.97
571,0.9,0.2,0.91,0.98,0.95,0.25,0.97,0.97
572,0.9,0.2,0.92,0.98,0.95,0.12,0.97,0.97
573,0.9,0.2,0.92,0.98,0.95,0.12,0.97,0.97
574,0.89,0.2,0.91,0.98,0.95,0.25,0.97,0.97
575,0.9,0.2,0.92,0.98,0.95,0.12,0.97,0.97
576,0.9,0.2,0.92,0.98,0.95,0.25,0.97,0.97
577,0.9,0.2,0.92,0.98,0.95,0.25,0.97,0.97
578,0.9,0.2,0.92,0.98,0.96,0.12,0.97,0.97
579,0.9,0.2,0.92,0.98,0.95,0.12,0.97,0.97
580,0.9,0.2,0.92,0.98,0.95,0.12,0.97,0.97
581,0.9,0.1,0.92,0.98,0.95,0.12,0.97,0.97
582,0.9,0.2,0.92,0.98,0.95,0.12,0.97,0.98
583,0.9,0.2,0.92,0.98,0.95,0.0,0.97,0.97
584,0.9,0.0,0.91,0.98,0.95,0.0,0.97,0.97
585,0.9,0.1,0.92,0.98,0.95,0.12,0.97,0.98
586,0.9,0.1,0.92,0.98,0.95,0.12,0.97,0.97
587,0.9,0.2,0.92,0.98,0.95,0.12,0.97,0.98
588,0.9,0.2,0.92,0.98,0.95,0.12,0.97,0.98
589,0.9,0.2,0.92,0.98,0.95,0.12,0.97,0.98
590,0.89,0.2,0.91,0.98,0.95,0.12,0.97,0.98
591,0.89,0.2,0.91,0.98,0.95,0.12,0.97,0.98
592,0.89,0.2,0.91,0.98,0.95,0.12,0.97,0.98
593,0.89,0.29,0.91,0.98,0.95,0.12,0.97,0.98
594,0.89,0.29,0.91,0.98,0.95,0.12,0.97,0.98
595,0.88,0.2,0.91,0.98,0.95,0.25,0.97,0.98
596,0.89,0.29,0.91,0.98,0.95,0.25,0.97,0.98
597,0.89,0.29,0.91,0.98,0.95,0.25,0.97,0.98
598,0.89,0.29,0.91,0.98,0.95,0.25,0.97,0.98
599,0.89,0.29,0.91,0.98,0.95,0.25,0.97,0.98
