0,0.87,0.91,0.94,0.97,0.96,0.08,0.99,0.95
1,0.87,1.0,0.94,0.97,0.96,0.08,1.0,0.94
2,0.86,0.82,0.93,0.97,0.96,0.08,0.99,0.94
3,0.86,0.91,0.93,0.97,0.96,0.08,0.99,0.95
4,0.87,0.82,0.93,0.97,0.96,0.08,0.99,0.95
5,0.87,1.0,0.93,0.97,0.96,0.08,0.99,0.95
6,0.87,0.91,0.93,0.97,0.96,0.16,0.99,0.95
7,0.86,0.91,0.93,0.97,0.96,0.16,0.99,0.95
8,0.87,1.0,0.94,0.97,0.96,0.16,0.99,0.95
9,0.87,1.0,0.93,0.97,0.96,0.16,0.99,0.95
10,0.87,0.91,0.93,0.97,0.96,0.16,0.99,0.95
11,0.86,1.0,0.93,0.97,0.96,0.16,0.99,0.95
12,0.86,0.82,0.92,0.97,0.96,0.16,0.98,0.95
13,0.86,0.91,0.92,0.97,0.96,0.08,0.99,0.95
14,0.86,0.91,0.93,0.97,0.96,0.16,0.99,0.95
15,0.87,0.91,0.93,0.97,0.96,0.16,0.99,0.95
16,0.9,0.91,0.93,0.97,0.96,0.16,0.98,0.95
17,0.87,1.0,0.94,0.97,0.98,0.16,0.99,0.95
18,0.9,1.0,0.94,0.97,0.98,0.24,0.99,0.95
19,0.9,1.0,0.94,0.98,0.98,0.24,0.99,0.95
20,0.9,1.0,0.94,0.97,0.96,0.16,0.99,0.95
21,0.87,0.91,0.94,0.97,0.96,0.16,0.99,0.95
22,0.87,0.91,0.94,0.97,0.96,0.16,0.98,0.95
23,0.86,0.91,0.92,0.97,0.96,0.16,0.98,0.95
24,0.87,0.91,0.92,0.97,0.96,0.16,0.98,0.95
25,0.86,0.82,0.92,0.97,0.96,0.16,0.99,0.95
26,0.87,0.91,0.92,0.97,0.96,0.16,0.98,0.95
27,0.87,0.91,0.92,0.97,0.96,0.16,0.99,0.95
28,0.86,0.91,0.91,0.97,0.96,0.24,0.98,0.95
29,0.87,0.91,0.92,0.97,0.96,0.16,0.99,0.96
30,0.83,0.91,0.92,0.97,0.96,0.16,0.99,0.95
31,0.87,0.91,0.92,0.97,0.96,0.24,0.99,0.95
32,0.87,0.91,0.92,0.97,0.96,0.24,0.99,0.95
33,0.87,0.91,0.92,0.97,0.96,0.16,0.98,0.96
34,0.87,0.91,0.93,0.97,0.96,0.24,0.99,0.95
35,0.87,1.0,0.93,0.97,0.96,0.24,0.99,0.96
36,0.9,1.0,0.93,0.97,0.96,0.16,0.99,0.96
37,0.87,0.91,0.94,0.97,0.98,0.24,0.99,0.96
38,0.92,0.82,0.94,0.97,0.96,0.24,1.0,0.96
39,0.9,0.82,0.94,0.97,0.96,0.16,0.99,0.96
40,0.9,0.82,0.94,0.97,0.96,0.16,1.0,0.95
41,0.9,0.73,0.94,0.97,0.96,0.16,0.99,0.95
42,0.9,0.73,0.94,0.97,0.96,0.16,0.99,0.95
43,0.9,0.73,0.94,0.97,0.96,0.08,0.99,0.96
44,0.87,0.73,0.93,0.97,0.96,0.16,0.99,0.96
45,0.86,0.73,0.92,0.97,0.96,0.16,0.99,0.96
46,0.83,0.73,0.93,0.97,0.96,0.08,0.99,0.96
47,0.86,0.73,0.92,0.97,0.96,0.08,0.99,0.95
48,0.81,0.64,0.92,0.97,0.96,0.08,0.98,0.96
49,0.83,0.64,0.91,0.97,0.96,0.08,0.98,0.96
50,0.83,0.64,0.91,0.97,0.95,0.16,0.98,0.96
51,0.9,0.64,0.94,0.97,0.96,0.08,0.98,0.96
52,0.96,0.73,0.97,0.97,1.0,0.16,0.99,0.96
53,1.0,0.73,1.0,0.97,1.0,0.16,0.99,0.96
54,1.0,0.73,0.99,0.97,1.0,0.16,0.99,0.96
55,0.96,0.73,0.98,0.96,1.0,0.16,0.92,0.93
56,0.87,0.73,0.85,0.91,0.9,0.24,0.65,0.81
57,0.77,0.73,0.73,0.85,0.78,0.16,0.5,0.7
58,0.55,0.64,0.45,0.66,0.49,0.16,0.3,0.45
59,0.49,0.64,0.4,0.6,0.44,0.16,0.27,0.39
60,0.34,0.64,0.24,0.4,0.29,0.08,0.2,0.23
61,0.28,0.64,0.21,0.34,0.25,0.16,0.18,0.19
62,0.24,0.64,0.17,0.28,0.21,0.16,0.18,0.15
63,0.2,0.64,0.14,0.21,0.18,0.08,0.15,0.12
64,0.17,0.64,0.12,0.17,0.15,0.16,0.13,0.09
65,0.2,0.64,0.11,0.16,0.15,0.16,0.13,0.09
66,0.15,0.64,0.1,0.12,0.13,0.08,0.11,0.07
67,0.17,0.55,0.09,0.1,0.12,0.16,0.11,0.06
68,0.15,0.55,0.09,0.09,0.12,0.16,0.11,0.05
69,0.17,0.64,0.09,0.07,0.1,0.16,0.1,0.04
70,0.17,0.73,0.08,0.07,0.09,0.16,0.09,0.04
71,0.13,0.64,0.07,0.06,0.09,0.08,0.08,0.03
72,0.13,0.64,0.08,0.06,0.08,0.16,0.08,0.03
73,0.11,0.55,0.06,0.05,0.07,0.08,0.08,0.03
74,0.11,0.55,0.06,0.05,0.08,0.16,0.07,0.03
75,0.11,0.55,0.06,0.04,0.07,0.08,0.07,0.03
76,0.09,0.55,0.05,0.04,0.06,0.08,0.06,0.02
77,0.09,0.64,0.05,0.04,0.06,0.08,0.06,0.02
78,0.09,0.64,0.05,0.03,0.05,0.08,0.06,0.02
79,0.09,0.55,0.05,0.03,0.06,0.08,0.06,0.02
80,0.07,0.45,0.04,0.03,0.03,0.08,0.05,0.02
81,0.06,0.55,0.03,0.03,0.05,0.08,0.05,0.02
82,0.06,0.45,0.04,0.03,0.06,0.0,0.04,0.01
83,0.07,0.55,0.04,0.03,0.03,0.0,0.04,0.01
84,0.06,0.55,0.03,0.02,0.03,0.08,0.04,0.01
85,0.06,0.55,0.04,0.02,0.05,0.08,0.04,0.01
86,0.07,0.55,0.03,0.02,0.03,0.08,0.03,0.01
87,0.07,0.55,0.03,0.02,0.03,0.08,0.04,0.01
88,0.07,0.55,0.03,0.02,0.03,0.08,0.04,0.01
89,0.06,0.55,0.03,0.02,0.03,0.16,0.04,0.01
90,0.04,0.45,0.02,0.02,0.02,0.0,0.03,0.01
91,0.04,0.45,0.03,0.02,0.02,0.08,0.03,0.01
92,0.04,0.36,0.02,0.01,0.02,0.08,0.03,0.01
93,0.04,0.36,0.02,0.01,0.01,0.0,0.03,0.01
94,0.02,0.36,0.02,0.01,0.01,0.08,0.03,0.01
95,0.04,0.45,0.02,0.01,0.02,0.08,0.03,0.01
96,0.02,0.36,0.02,0.01,0.02,0.0,0.03,0.01
97,0.04,0.45,0.02,0.01,0.02,0.16,0.03,0.01
98,0.04,0.45,0.02,0.01,0.02,0.08,0.03,0.01
99,0.04,0.45,0.02,0.01,0.01,0.0,0.03,0.01
100,0.06,0.55,0.02,0.01,0.02,0.08,0.02,0.01
101,0.06,0.45,0.02,0.01,0.02,0.08,0.03,0.01
102,0.06,0.45,0.02,0.01,0.02,0.08,0.02,0.01
103,0.06,0.45,0.03,0.01,0.02,0.08,0.02,0.01
104,0.06,0.45,0.02,0.01,0.01,0.08,0.02,0.01
105,0.04,0.55,0.03,0.01,0.02,0.08,0.03,0.01
106,0.06,0.55,0.03,0.01,0.02,0.08,0.03,0.01
107,0.06,0.55,0.03,0.01,0.02,0.08,0.03,0.01
108,0.07,0.64,0.03,0.01,0.02,0.08,0.03,0.01
109,0.07,0.64,0.03,0.01,0.02,0.16,0.02,0.0
110,0.07,0.55,0.03,0.01,0.03,0.24,0.03,0.01
111,0.09,0.64,0.03,0.01,0.02,0.16,0.03,0.0
112,0.07,0.64,0.03,0.01,0.03,0.16,0.03,0.01
113,0.07,0.64,0.03,0.01,0.02,0.24,0.03,0.0
114,0.06,0.55,0.02,0.01,0.02,0.16,0.03,0.0
115,0.04,0.45,0.01,0.01,0.01,0.16,0.02,0.0
116,0.04,0.45,0.01,0.01,0.01,0.08,0.01,0.0
117,0.0,0.36,0.01,0.01,0.01,0.0,0.01,0.0
118,0.02,0.36,0.0,0.0,0.0,0.08,0.01,0.0
119,0.02,0.36,0.0,0.01,0.0,0.08,0.0,0.0
120,0.0,0.45,0.0,0.0,0.0,0.0,0.01,0.0
121,0.02,0.45,0.0,0.0,0.0,0.16,0.01,0.0
122,0.0,0.64,0.01,0.0,0.0,0.16,0.01,0.0
123,0.02,0.55,0.01,0.0,0.0,0.16,0.01,0.0
124,0.04,0.55,0.01,0.0,0.0,0.16,0.01,0.0
125,0.02,0.55,0.01,0.0,0.01,0.16,0.01,0.0
126,0.04,0.55,0.01,0.0,0.01,0.16,0.01,0.0
127,0.04,0.64,0.02,0.0,0.01,0.24,0.01,0.0
128,0.04,0.45,0.01,0.0,0.01,0.16,0.01,0.0
129,0.04,0.64,0.02,0.0,0.01,0.24,0.01,0.0
130,0.02,0.64,0.01,0.0,0.0,0.24,0.01,0.0
131,0.0,0.55,0.01,0.0,0.0,0.24,0.01,0.0
132,0.04,0.55,0.01,0.0,0.0,0.16,0.01,0.0
133,0.04,0.55,0.01,0.0,0.0,0.16,0.01,0.0
134,0.04,0.55,0.02,0.0,0.0,0.24,0.01,0.0
135,0.06,0.55,0.02,0.0,0.01,0.24,0.01,0.0
136,0.06,0.64,0.02,0.0,0.01,0.24,0.01,0.0
137,0.07,0.64,0.02,0.0,0.02,0.16,0.01,0.0
138,0.07,0.64,0.02,0.0,0.01,0.24,0.01,0.0
139,0.07,0.55,0.03,0.0,0.01,0.16,0.01,0.0
140,0.07,0.55,0.03,0.0,0.02,0.24,0.01,0.0
141,0.07,0.55,0.03,0.0,0.01,0.16,0.01,0.0
142,0.06,0.45,0.02,0.0,0.01,0.16,0.01,0.0
143,0.07,0.45,0.02,0.0,0.01,0.16,0.01,0.0
144,0.07,0.55,0.02,0.0,0.01,0.24,0.01,0.0
145,0.06,0.55,0.02,0.0,0.01,0.24,0.01,0.0
146,0.04,0.55,0.02,0.0,0.01,0.16,0.01,0.0
147,0.06,0.55,0.02,0.0,0.01,0.16,0.01,0.0
148,0.06,0.55,0.02,0.0,0.01,0.24,0.01,0.0
149,0.06,0.45,0.02,0.0,0.01,0.16,0.01,0.0
150,0.04,0.45,0.02,0.0,0.01,0.16,0.01,0.0
151,0.04,0.45,0.01,0.0,0.01,0.16,0.01,0.0
152,0.06,0.45,0.02,0.0,0.0,0.08,0.01,0.0
153,0.06,0.45,0.02,0.0,0.01,0.16,0.01,0.0
154,0.04,0.45,0.02,0.0,0.0,0.16,0.01,0.0
155,0.04,0.45,0.02,0.0,0.01,0.16,0.01,0.0
156,0.06,0.45,0.05,0.01,0.05,0.16,0.08,0.0
157,0.07,0.55,0.08,0.01,0.08,0.16,0.11,0.01
158,0.09,0.45,0.11,0.02,0.1,0.16,0.15,0.01
159,0.15,0.45,0.16,0.03,0.16,0.24,0.22,0.01
160,0.19,0.55,0.19,0.04,0.19,0.16,0.24,0.02
161,0.22,0.55,0.24,0.06,0.24,0.16,0.29,0.02
162,0.26,0.45,0.27,0.07,0.26,0.24,0.33,0.03
163,0.28,0.55,0.31,0.08,0.3,0.16,0.36,0.03
164,0.3,0.55,0.35,0.1,0.34,0.16,0.39,0.04
165,0.34,0.55,0.38,0.11,0.37,0.16,0.42,0.05
166,0.42,0.55,0.43,0.14,0.42,0.24,0.47,0.06
167,0.42,0.55,0.45,0.16,0.44,0.33,0.48,0.06
168,0.43,0.55,0.47,0.19,0.46,0.24,0.52,0.07
169,0.45,0.55,0.5,0.2,0.51,0.24,0.55,0.08
170,0.47,0.55,0.52,0.22,0.52,0.24,0.55,0.09
171,0.49,0.55,0.56,0.25,0.55,0.24,0.59,0.1
172,0.51,0.55,0.56,0.26,0.56,0.16,0.61,0.11
173,0.53,0.45,0.58,0.29,0.58,0.24,0.63,0.12
174,0.53,0.45,0.61,0.32,0.61,0.24,0.64,0.13
175,0.55,0.55,0.63,0.34,0.62,0.24,0.66,0.14
176,0.53,0.45,0.65,0.37,0.64,0.24,0.68,0.16
177,0.55,0.55,0.65,0.38,0.64,0.24,0.69,0.16
178,0.59,0.45,0.67,0.41,0.69,0.33,0.71,0.18
179,0.57,0.45,0.69,0.44,0.7,0.33,0.73,0.19
180,0.61,0.45,0.69,0.46,0.7,0.33,0.74,0.2
181,0.59,0.55,0.71,0.49,0.73,0.33,0.75,0.22
182,0.63,0.64,0.72,0.5,0.73,0.24,0.76,0.22
183,0.63,0.55,0.73,0.51,0.73,0.33,0.77,0.23
184,0.65,0.55,0.74,0.53,0.75,0.33,0.79,0.24
185,0.67,0.64,0.76,0.57,0.76,0.33,0.8,0.26
186,0.67,0.55,0.76,0.58,0.76,0.41,0.8,0.27
187,0.65,0.55,0.77,0.6,0.78,0.41,0.81,0.29
188,0.67,0.45,0.77,0.61,0.78,0.41,0.82,0.29
189,0.65,0.45,0.77,0.62,0.78,0.33,0.82,0.3
190,0.67,0.36,0.77,0.65,0.78,0.33,0.82,0.32
191,0.67,0.45,0.78,0.66,0.8,0.33,0.82,0.33
192,0.67,0.55,0.79,0.68,0.81,0.24,0.82,0.35
193,0.65,0.45,0.79,0.68,0.8,0.33,0.84,0.35
194,0.69,0.45,0.79,0.7,0.81,0.33,0.85,0.36
195,0.69,0.55,0.79,0.72,0.83,0.41,0.85,0.38
196,0.69,0.64,0.81,0.73,0.83,0.41,0.85,0.39
197,0.67,0.55,0.81,0.74,0.83,0.41,0.87,0.4
198,0.67,0.64,0.82,0.74,0.85,0.41,0.88,0.4
199,0.69,0.64,0.82,0.76,0.86,0.41,0.88,0.42
200,0.69,0.73,0.82,0.76,0.86,0.41,0.88,0.43
201,0.69,0.64,0.82,0.78,0.85,0.41,0.88,0.44
202,0.69,0.64,0.82,0.79,0.86,0.41,0.89,0.45
203,0.71,0.55,0.83,0.79,0.86,0.41,0.89,0.46
204,0.71,0.64,0.83,0.8,0.86,0.41,0.9,0.47
205,0.71,0.64,0.84,0.81,0.86,0.41,0.89,0.47
206,0.75,0.64,0.85,0.81,0.86,0.49,0.9,0.49
207,0.75,0.55,0.85,0.82,0.88,0.41,0.9,0.5
208,0.75,0.64,0.85,0.82,0.88,0.33,0.9,0.5
209,0.75,0.55,0.85,0.83,0.88,0.41,0.91,0.51
210,0.75,0.55,0.85,0.84,0.88,0.41,0.91,0.52
211,0.73,0.64,0.85,0.84,0.88,0.41,0.91,0.53
212,0.75,0.64,0.85,0.85,0.9,0.41,0.91,0.54
213,0.75,0.55,0.85,0.85,0.88,0.41,0.92,0.54
214,0.75,0.64,0.85,0.85,0.9,0.49,0.92,0.55
215,0.77,0.64,0.85,0.86,0.9,0.49,0.93,0.56
216,0.75,0.64,0.85,0.87,0.9,0.41,0.92,0.57
217,0.77,0.64,0.86,0.87,0.9,0.41,0.92,0.58
218,0.75,0.55,0.86,0.87,0.9,0.49,0.93,0.58
219,0.75,0.55,0.86,0.87,0.9,0.41,0.92,0.59
220,0.77,0.55,0.86,0.88,0.9,0.41,0.92,0.59
221,0.73,0.36,0.85,0.88,0.9,0.41,0.93,0.6
222,0.73,0.27,0.85,0.88,0.88,0.33,0.92,0.61
223,0.73,0.36,0.85,0.89,0.88,0.33,0.92,0.61
224,0.73,0.36,0.85,0.89,0.9,0.33,0.92,0.62
225,0.71,0.36,0.85,0.89,0.9,0.33,0.92,0.62
226,0.73,0.36,0.85,0.89,0.9,0.41,0.92,0.63
227,0.71,0.36,0.85,0.89,0.9,0.33,0.92,0.63
228,0.73,0.36,0.85,0.9,0.88,0.33,0.92,0.64
229,0.71,0.45,0.85,0.9,0.9,0.41,0.93,0.65
230,0.71,0.36,0.85,0.9,0.9,0.33,0.93,0.65
231,0.73,0.45,0.86,0.91,0.9,0.41,0.93,0.66
232,0.73,0.45,0.86,0.91,0.9,0.41,0.93,0.66
233,0.71,0.36,0.85,0.91,0.9,0.41,0.93,0.67
234,0.71,0.45,0.86,0.91,0.9,0.33,0.93,0.67
235,0.73,0.36,0.85,0.91,0.9,0.49,0.93,0.68
236,0.73,0.45,0.85,0.91,0.9,0.33,0.93,0.68
237,0.71,0.36,0.85,0.91,0.9,0.33,0.93,0.69
238,0.71,0.36,0.85,0.92,0.9,0.33,0.93,0.69
239,0.71,0.36,0.86,0.92,0.9,0.33,0.93,0.69
240,0.75,0.45,0.86,0.92,0.9,0.41,0.94,0.7
241,0.75,0.36,0.86,0.92,0.91,0.33,0.93,0.7
242,0.75,0.36,0.86,0.92,0.91,0.41,0.93,0.7
243,0.73,0.36,0.85,0.93,0.91,0.33,0.94,0.71
244,0.73,0.45,0.86,0.93,0.9,0.41,0.93,0.71
245,0.71,0.36,0.86,0.93,0.9,0.41,0.94,0.72
246,0.71,0.36,0.86,0.93,0.9,0.41,0.93,0.72
247,0.73,0.36,0.85,0.93,0.91,0.33,0.94,0.72
248,0.71,0.45,0.86,0.93,0.91,0.41,0.94,0.73
249,0.73,0.45,0.86,0.93,0.91,0.49,0.94,0.73
250,0.69,0.45,0.86,0.93,0.91,0.41,0.94,0.73
251,0.73,0.55,0.87,0.93,0.9,0.49,0.95,0.74
252,0.71,0.55,0.87,0.93,0.91,0.41,0.95,0.74
253,0.71,0.55,0.87,0.93,0.93,0.49,0.95,0.74
254,0.73,0.55,0.87,0.93,0.91,0.49,0.95,0.74
255,0.75,0.64,0.88,0.94,0.91,0.49,0.94,0.75
256,0.75,0.64,0.88,0.94,0.93,0.49,0.96,0.75
257,0.75,0.64,0.87,0.94,0.91,0.49,0.96,0.76
258,0.73,0.55,0.87,0.94,0.91,0.41,0.95,0.76
259,0.71,0.45,0.86,0.94,0.91,0.41,0.95,0.76
260,0.71,0.45,0.86,0.94,0.9,0.41,0.94,0.76
261,0.73,0.36,0.86,0.94,0.9,0.41,0.94,0.77
262,0.73,0.36,0.86,0.94,0.91,0.33,0.94,0.77
263,0.71,0.45,0.86,0.95,0.9,0.41,0.93,0.77
264,0.73,0.27,0.86,0.94,0.91,0.41,0.93,0.77
265,0.69,0.27,0.85,0.94,0.9,0.33,0.93,0.77
266,0.69,0.27,0.85,0.95,0.9,0.33,0.93,0.78
267,0.71,0.27,0.86,0.94,0.9,0.33,0.93,0.78
268,0.71,0.27,0.86,0.95,0.9,0.33,0.94,0.78
269,0.71,0.36,0.85,0.95,0.9,0.41,0.94,0.78
270,0.71,0.27,0.85,0.95,0.9,0.41,0.93,0.79
271,0.67,0.36,0.85,0.95,0.9,0.41,0.93,0.79
272,0.69,0.27,0.85,0.95,0.9,0.24,0.93,0.79
273,0.69,0.27,0.85,0.95,0.9,0.33,0.93,0.79
274,0.67,0.09,0.85,0.95,0.9,0.24,0.92,0.79
275,0.67,0.18,0.85,0.95,0.9,0.33,0.92,0.79
276,0.67,0.09,0.85,0.95,0.9,0.33,0.93,0.8
277,0.63,0.18,0.84,0.95,0.9,0.24,0.92,0.8
278,0.65,0.09,0.84,0.95,0.88,0.24,0.93,0.8
279,0.65,0.09,0.83,0.95,0.9,0.33,0.92,0.8
280,0.65,0.09,0.82,0.95,0.88,0.24,0.93,0.8
281,0.63,0.09,0.83,0.95,0.88,0.24,0.92,0.8
282,0.61,0.18,0.82,0.95,0.86,0.24,0.92,0.81
283,0.61,0.18,0.82,0.95,0.88,0.24,0.91,0.81
284,0.61,0.18,0.83,0.95,0.88,0.33,0.93,0.81
285,0.63,0.18,0.83,0.95,0.88,0.33,0.93,0.81
286,0.63,0.18,0.83,0.95,0.9,0.24,0.91,0.81
287,0.65,0.09,0.83,0.95,0.88,0.33,0.92,0.81
288,0.63,0.09,0.83,0.95,0.88,0.24,0.92,0.82
289,0.61,0.09,0.83,0.95,0.9,0.24,0.92,0.82
290,0.65,0.18,0.84,0.95,0.9,0.24,0.92,0.82
291,0.65,0.09,0.83,0.95,0.9,0.33,0.93,0.82
292,0.65,0.09,0.83,0.95,0.88,0.24,0.92,0.82
293,0.65,0.09,0.83,0.96,0.88,0.24,0.92,0.82
294,0.63,0.09,0.84,0.95,0.9,0.33,0.92,0.83
295,0.65,0.18,0.83,0.96,0.88,0.24,0.92,0.83
296,0.65,0.0,0.83,0.95,0.9,0.24,0.92,0.83
297,0.65,0.09,0.84,0.96,0.9,0.24,0.92,0.83
298,0.67,0.09,0.85,0.96,0.88,0.24,0.93,0.83
299,0.67,0.18,0.85,0.96,0.9,0.33,0.93,0.84
300,0.67,0.18,0.85,0.96,0.9,0.33,0.93,0.84
301,0.69,0.18,0.85,0.96,0.9,0.33,0.93,0.84
302,0.67,0.18,0.85,0.96,0.91,0.33,0.94,0.84
303,0.67,0.27,0.85,0.96,0.9,0.33,0.94,0.84
304,0.69,0.18,0.85,0.96,0.9,0.33,0.94,0.84
305,0.67,0.18,0.85,0.96,0.9,0.33,0.93,0.85
306,0.67,0.18,0.85,0.96,0.91,0.41,0.93,0.85
307,0.67,0.18,0.85,0.96,0.9,0.33,0.93,0.85
308,0.67,0.18,0.85,0.96,0.9,0.33,0.93,0.85
309,0.67,0.18,0.85,0.96,0.9,0.33,0.94,0.85
310,0.67,0.27,0.85,0.96,0.91,0.33,0.94,0.85
311,0.69,0.18,0.86,0.96,0.9,0.33,0.94,0.85
312,0.69,0.27,0.86,0.96,0.91,0.41,0.94,0.85
313,0.69,0.27,0.86,0.96,0.91,0.41,0.94,0.85
314,0.71,0.27,0.86,0.96,0.91,0.49,0.94,0.86
315,0.71,0.36,0.87,0.96,0.91,0.41,0.95,0.86
316,0.71,0.36,0.87,0.96,0.91,0.41,0.95,0.86
317,0.69,0.27,0.86,0.97,0.91,0.33,0.95,0.86
318,0.67,0.27,0.85,0.96,0.9,0.58,0.94,0.86
319,0.67,0.27,0.85,0.96,0.9,0.41,0.95,0.86
320,0.67,0.27,0.85,0.96,0.9,0.41,0.95,0.86
321,0.67,0.18,0.85,0.96,0.9,0.41,0.94,0.86
322,0.65,0.18,0.85,0.96,0.9,0.33,0.93,0.87
323,0.67,0.18,0.85,0.96,0.9,0.41,0.94,0.87
324,0.67,0.18,0.85,0.96,0.9,0.33,0.93,0.87
325,0.67,0.18,0.85,0.96,0.9,0.33,0.93,0.87
326,0.63,0.09,0.85,0.96,0.9,0.16,0.93,0.87
327,0.65,0.09,0.85,0.97,0.9,0.41,0.93,0.87
328,0.67,0.09,0.85,0.96,0.9,0.33,0.93,0.87
329,0.67,0.09,0.85,0.96,0.9,0.33,0.93,0.87
330,0.65,0.18,0.86,0.96,0.9,0.33,0.93,0.87
331,0.69,0.18,0.86,0.97,0.91,0.33,0.93,0.88
332,0.69,0.18,0.87,0.97,0.91,0.33,0.94,0.88
333,0.69,0.18,0.86,0.97,0.91,0.33,0.94,0.88
334,0.69,0.18,0.86,0.97,0.91,0.33,0.94,0.88
335,0.67,0.18,0.85,0.97,0.91,0.41,0.94,0.88
336,0.67,0.27,0.85,0.97,0.91,0.33,0.93,0.88
337,0.67,0.18,0.85,0.97,0.9,0.33,0.94,0.88
338,0.65,0.09,0.85,0.97,0.9,0.41,0.93,0.88
339,0.65,0.18,0.85,0.97,0.9,0.33,0.94,0.88
340,0.65,0.0,0.84,0.97,0.9,0.33,0.93,0.88
341,0.63,0.09,0.84,0.97,0.9,0.33,0.93,0.89
342,0.63,0.09,0.84,0.97,0.9,0.24,0.93,0.89
343,0.65,0.0,0.84,0.97,0.9,0.33,0.93,0.89
344,0.65,0.09,0.84,0.97,0.9,0.24,0.93,0.89
345,0.65,0.09,0.84,0.97,0.9,0.41,0.93,0.89
346,0.65,0.18,0.84,0.97,0.9,0.33,0.93,0.89
347,0.67,0.27,0.85,0.97,0.9,0.41,0.93,0.89
348,0.65,0.27,0.85,0.97,0.9,0.41,0.93,0.89
349,0.67,0.18,0.85,0.97,0.91,0.41,0.94,0.89
350,0.65,0.18,0.85,0.97,0.9,0.49,0.94,0.89
351,0.69,0.18,0.86,0.97,0.91,0.41,0.94,0.89
352,0.67,0.18,0.86,0.97,0.91,0.33,0.94,0.9
353,0.69,0.27,0.87,0.97,0.91,0.41,0.95,0.9
354,0.71,0.27,0.87,0.97,0.91,0.41,0.95,0.9
355,0.67,0.27,0.87,0.98,0.91,0.49,0.94,0.9
356,0.69,0.27,0.88,0.98,0.91,0.41,0.95,0.9
357,0.71,0.27,0.88,0.98,0.93,0.41,0.95,0.9
358,0.71,0.36,0.88,0.98,0.93,0.41,0.95,0.9
359,0.69,0.36,0.87,0.98,0.93,0.41,0.95,0.9
360,0.71,0.18,0.87,0.98,0.91,0.49,0.95,0.9
361,0.71,0.27,0.87,0.98,0.91,0.41,0.95,0.9
362,0.71,0.27,0.88,0.98,0.93,0.49,0.95,0.91
363,0.67,0.18,0.87,0.98,0.91,0.41,0.94,0.91
364,0.69,0.18,0.86,0.98,0.91,0.41,0.95,0.91
365,0.69,0.18,0.86,0.98,0.91,0.41,0.94,0.91
366,0.69,0.09,0.86,0.98,0.91,0.41,0.95,0.91
367,0.69,0.18,0.86,0.97,0.91,0.33,0.95,0.91
368,0.69,0.18,0.85,0.98,0.91,0.33,0.95,0.91
369,0.67,0.18,0.86,0.98,0.91,0.41,0.95,0.91
370,0.69,0.27,0.86,0.98,0.91,0.49,0.95,0.91
371,0.69,0.27,0.86,0.98,0.91,0.49,0.96,0.91
372,0.67,0.36,0.85,0.98,0.91,0.49,0.95,0.91
373,0.67,0.27,0.85,0.98,0.91,0.49,0.96,0.91
374,0.67,0.27,0.85,0.98,0.91,0.49,0.95,0.91
375,0.67,0.27,0.85,0.98,0.91,0.49,0.95,0.92
376,0.69,0.27,0.86,0.98,0.91,0.49,0.95,0.92
377,0.67,0.27,0.86,0.98,0.91,0.49,0.95,0.92
378,0.69,0.27,0.86,0.98,0.91,0.49,0.95,0.92
379,0.69,0.27,0.86,0.98,0.91,0.49,0.95,0.92
380,0.69,0.18,0.86,0.98,0.91,0.41,0.95,0.92
381,0.69,0.18,0.86,0.98,0.91,0.49,0.95,0.92
382,0.69,0.18,0.86,0.98,0.93,0.49,0.95,0.92
383,0.67,0.27,0.86,0.98,0.91,0.41,0.95,0.92
384,0.69,0.27,0.87,0.98,0.91,0.49,0.95,0.92
385,0.69,0.27,0.87,0.98,0.91,0.49,0.95,0.92
386,0.69,0.36,0.87,0.98,0.91,0.58,0.95,0.92
387,0.69,0.36,0.88,0.99,0.91,0.58,0.96,0.92
388,0.69,0.45,0.87,0.98,0.91,0.58,0.96,0.92
389,0.71,0.45,0.88,0.99,0.93,0.66,0.96,0.93
390,0.71,0.55,0.88,0.99,0.93,0.66,0.97,0.93
391,0.69,0.55,0.88,0.99,0.93,0.66,0.97,0.93
392,0.69,0.55,0.87,0.99,0.93,0.58,0.97,0.93
393,0.69,0.55,0.87,0.99,0.93,0.58,0.96,0.93
394,0.69,0.45,0.87,0.99,0.93,0.49,0.96,0.93
395,0.69,0.45,0.87,0.99,0.93,0.66,0.96,0.93
396,0.67,0.55,0.87,0.99,0.93,0.58,0.97,0.93
397,0.69,0.45,0.87,0.99,0.91,0.66,0.96,0.93
398,0.69,0.55,0.88,0.99,0.93,0.58,0.96,0.93
399,0.69,0.55,0.87,0.99,0.91,0.66,0.96,0.93
400,0.71,0.55,0.87,0.99,0.93,0.66,0.96,0.93
401,0.67,0.55,0.87,0.99,0.93,0.66,0.96,0.93
402,0.71,0.55,0.88,0.99,0.93,0.66,0.96,0.93
403,0.69,0.55,0.87,0.99,0.93,0.58,0.96,0.93
404,0.71,0.45,0.87,0.99,0.93,0.58,0.96,0.93
405,0.69,0.55,0.87,0.99,0.95,0.58,0.96,0.94
406,0.69,0.36,0.86,0.99,0.91,0.58,0.95,0.94
407,0.69,0.36,0.86,0.99,0.91,0.58,0.95,0.94
408,0.67,0.36,0.86,0.99,0.91,0.58,0.94,0.94
409,0.67,0.45,0.86,0.99,0.91,0.58,0.95,0.94
410,0.65,0.45,0.85,0.99,0.93,0.58,0.94,0.94
411,0.67,0.45,0.85,0.99,0.91,0.49,0.95,0.94
412,0.67,0.45,0.86,0.99,0.91,0.66,0.95,0.94
413,0.65,0.45,0.86,0.99,0.91,0.58,0.96,0.94
414,0.69,0.55,0.87,0.99,0.91,0.66,0.95,0.94
415,0.69,0.55,0.88,0.99,0.93,0.66,0.96,0.94
416,0.71,0.64,0.87,0.99,0.93,0.66,0.96,0.94
417,0.67,0.55,0.87,0.99,0.93,0.66,0.96,0.94
418,0.71,0.55,0.87,0.99,0.93,0.66,0.95,0.94
419,0.69,0.55,0.88,0.99,0.93,0.74,0.96,0.94
420,0.69,0.55,0.88,0.99,0.93,0.66,0.96,0.95
421,0.71,0.64,0.89,0.99,0.93,0.66,0.97,0.95
422,0.73,0.64,0.89,0.99,0.93,0.66,0.97,0.95
423,0.71,0.64,0.88,0.99,0.93,0.74,0.96,0.95
424,0.71,0.64,0.88,0.99,0.91,0.74,0.96,0.95
425,0.71,0.64,0.88,0.99,0.93,0.74,0.97,0.95
426,0.69,0.64,0.87,0.99,0.93,0.74,0.96,0.95
427,0.69,0.55,0.87,0.99,0.93,0.66,0.96,0.95
428,0.69,0.64,0.87,0.99,0.91,0.66,0.96,0.95
429,0.67,0.64,0.87,0.99,0.91,0.74,0.97,0.95
430,0.69,0.55,0.87,0.99,0.93,0.66,0.96,0.95
431,0.69,0.55,0.86,0.99,0.91,0.74,0.96,0.95
432,0.69,0.55,0.86,0.99,0.93,0.49,0.96,0.95
433,0.69,0.64,0.87,0.99,0.93,0.66,0.96,0.95
434,0.69,0.55,0.87,0.99,0.91,0.66,0.96,0.95
435,0.69,0.55,0.88,0.99,0.93,0.66,0.97,0.95
436,0.69,0.64,0.89,0.99,0.93,0.74,0.97,0.95
437,0.71,0.73,0.89,0.99,0.93,0.83,0.97,0.95
438,0.69,0.64,0.88,0.99,0.93,0.74,0.97,0.95
439,0.71,0.64,0.88,0.99,0.93,0.74,0.98,0.95
440,0.71,0.64,0.88,0.99,0.93,0.74,0.96,0.96
441,0.69,0.64,0.88,0.99,0.93,0.66,0.97,0.96
442,0.69,0.64,0.88,0.99,0.93,0.74,0.97,0.96
443,0.69,0.73,0.87,0.99,0.93,0.66,0.96,0.96
444,0.69,0.64,0.87,0.99,0.93,0.66,0.97,0.96
445,0.69,0.64,0.86,0.99,0.93,0.74,0.97,0.96
446,0.67,0.64,0.87,1.0,0.93,0.74,0.97,0.96
447,0.69,0.64,0.87,0.99,0.93,0.74,0.96,0.96
448,0.69,0.73,0.88,0.99,0.93,0.66,0.97,0.96
449,0.71,0.73,0.88,0.99,0.93,0.83,0.97,0.96
450,0.69,0.73,0.88,0.99,0.95,0.74,0.97,0.96
451,0.67,0.73,0.88,0.99,0.93,0.74,0.97,0.96
452,0.69,0.73,0.89,0.99,0.93,0.74,0.97,0.96
453,0.69,0.82,0.89,0.99,0.93,0.83,0.97,0.96
454,0.71,0.73,0.89,0.99,0.93,0.83,0.97,0.96
455,0.71,0.73,0.89,0.99,0.93,0.74,0.97,0.96
456,0.73,0.82,0.89,0.99,0.93,0.74,0.98,0.96
457,0.73,0.82,0.89,0.99,0.95,0.74,0.98,0.96
458,0.73,0.91,0.89,1.0,0.95,0.83,0.98,0.97
459,0.73,0.91,0.89,1.0,0.95,0.91,0.98,0.97
460,0.73,0.82,0.89,1.0,0.95,0.83,0.98,0.97
461,0.73,0.91,0.89,0.99,0.95,0.83,0.98,0.97
462,0.71,0.91,0.89,1.0,0.95,0.83,0.98,0.97
463,0.71,0.91,0.89,0.99,0.95,1.0,0.98,0.97
464,0.73,0.91,0.89,1.0,0.96,0.91,0.98,0.97
465,0.73,1.0,0.89,1.0,0.95,0.91,0.98,0.97
466,0.73,0.91,0.89,1.0,0.95,0.83,0.98,0.97
467,0.71,0.82,0.89,0.99,0.95,0.83,0.98,0.97
468,0.73,0.91,0.89,1.0,0.95,0.83,0.98,0.97
469,0.73,0.82,0.89,0.99,0.95,0.83,0.98,0.97
470,0.71,0.82,0.89,0.99,0.95,0.83,0.97,0.97
471,0.73,0.91,0.89,0.99,0.95,0.74,0.97,0.97
472,0.73,0.73,0.89,0.99,0.93,0.74,0.97,0.97
473,0.73,0.73,0.88,0.99,0.93,0.83,0.98,0.97
474,0.73,0.82,0.89,0.99,0.93,0.74,0.97,0.97
475,0.75,0.82,0.89,1.0,0.95,0.83,0.97,0.97
476,0.73,0.82,0.89,0.99,0.95,0.83,0.99,0.97
477,0.75,0.82,0.89,0.99,0.95,0.83,0.98,0.97
478,0.75,0.73,0.9,0.99,0.95,0.74,0.98,0.97
479,0.75,0.82,0.9,0.99,0.95,0.74,0.98,0.97
480,0.75,0.82,0.9,0.99,0.95,0.83,0.98,0.97
481,0.73,0.82,0.9,0.99,0.95,0.83,0.98,0.97
482,0.73,0.73,0.89,1.0,0.95,0.74,0.97,0.97
483,0.75,0.64,0.9,0.99,0.95,0.74,0.97,0.97
484,0.75,0.64,0.91,0.99,0.95,0.74,0.97,0.97
485,0.75,0.73,0.91,0.99,0.95,0.74,0.97,0.97
486,0.75,0.64,0.9,0.99,0.95,0.74,0.98,0.97
487,0.75,0.64,0.9,0.99,0.95,0.74,0.99,0.97
488,0.77,0.64,0.89,0.99,0.95,0.74,0.98,0.97
489,0.75,0.64,0.9,0.99,0.93,0.66,0.98,0.97
490,0.75,0.55,0.9,0.99,0.95,0.74,0.98,0.97
491,0.73,0.55,0.89,0.99,0.95,0.66,0.97,0.97
492,0.73,0.55,0.89,0.99,0.95,0.74,0.97,0.97
493,0.71,0.45,0.89,0.99,0.95,0.66,0.97,0.97
494,0.73,0.55,0.89,0.99,0.95,0.66,0.98,0.97
495,0.73,0.55,0.89,0.99,0.93,0.74,0.97,0.97
496,0.71,0.45,0.89,0.99,0.95,0.66,0.97,0.97
497,0.71,0.55,0.89,0.99,0.93,0.66,0.97,0.97
498,0.69,0.64,0.89,0.99,0.95,0.74,0.98,0.97
499,0.71,0.64,0.88,0.99,0.95,0.58,0.97,0.97
500,0.71,0.55,0.88,0.99,0.93,0.66,0.97,0.97
501,0.71,0.55,0.88,0.99,0.93,0.58,0.97,0.98
502,0.67,0.45,0.88,0.99,0.93,0.66,0.97,0.97
503,0.69,0.55,0.87,0.99,0.93,0.66,0.96,0.98
504,0.65,0.45,0.87,0.99,0.93,0.66,0.97,0.98
505,0.69,0.55,0.87,0.99,0.93,0.66,0.96,0.98
506,0.67,0.55,0.87,0.99,0.93,0.66,0.96,0.98
507,0.71,0.55,0.89,0.99,0.93,0.74,0.97,0.98
508,0.71,0.55,0.88,0.99,0.93,0.66,0.97,0.98
509,0.69,0.55,0.88,0.99,0.93,0.66,0.96,0.98
510,0.69,0.45,0.88,0.99,0.93,0.66,0.96,0.98
511,0.69,0.45,0.88,0.99,0.93,0.58,0.97,0.98
512,0.69,0.45,0.88,0.99,0.93,0.66,0.96,0.98
513,0.71,0.55,0.89,0.99,0.93,0.66,0.97,0.98
514,0.71,0.55,0.89,0.99,0.95,0.66,0.97,0.98
515,0.73,0.45,0.89,0.99,0.93,0.66,0.97,0.98
516,0.71,0.55,0.89,0.99,0.93,0.74,0.96,0.98
517,0.69,0.45,0.89,0.99,0.93,0.66,0.97,0.98
518,0.71,0.64,0.89,0.99,0.93,0.74,0.97,0.98
519,0.71,0.55,0.89,0.99,0.93,0.74,0.97,0.98
520,0.69,0.55,0.89,0.99,0.95,0.74,0.97,0.98
521,0.69,0.64,0.89,0.99,0.95,0.74,0.98,0.98
522,0.71,0.55,0.89,0.99,0.95,0.74,0.97,0.98
523,0.69,0.73,0.89,0.99,0.95,0.91,0.97,0.98
524,0.69,0.73,0.89,0.99,0.95,0.66,0.98,0.98
525,0.69,0.73,0.89,0.99,0.95,0.74,0.98,0.98
526,0.69,0.64,0.89,0.99,0.95,0.74,0.97,0.99
527,0.69,0.55,0.89,0.99,0.93,0.66,0.97,0.98
528,0.71,0.73,0.88,0.99,0.93,0.74,0.98,0.99
529,0.69,0.73,0.89,0.99,0.93,0.74,0.98,0.99
530,0.69,0.64,0.89,0.99,0.93,0.74,0.97,0.99
531,0.71,0.73,0.89,0.99,0.95,0.74,0.97,0.99
532,0.71,0.64,0.89,0.99,0.93,0.74,0.97,0.99
533,0.71,0.73,0.88,0.99,0.93,0.83,0.97,0.99
534,0.71,0.73,0.88,0.99,0.93,0.83,0.97,0.99
535,0.71,0.73,0.89,0.99,0.93,0.74,0.97,0.99
536,0.71,0.73,0.89,0.99,0.95,0.74,0.97,0.99
537,0.69,0.64,0.89,0.99,0.93,0.74,0.97,0.99
538,0.69,0.64,0.89,0.99,0.93,0.66,0.96,0.99
539,0.71,0.55,0.89,0.99,0.95,0.74,0.96,0.99
540,0.73,0.55,0.89,0.99,0.93,0.66,0.97,0.99
541,0.69,0.64,0.89,0.99,0.95,0.74,0.97,0.99
542,0.71,0.64,0.89,0.99,0.95,0.74,0.97,0.99
543,0.73,0.64,0.89,0.99,0.95,0.74,0.97,0.99
544,0.73,0.64,0.89,0.99,0.93,0.74,0.97,0.99
545,0.71,0.64,0.89,0.99,0.93,0.74,0.98,0.99
546,0.71,0.64,0.89,0.99,0.95,0.74,0.97,0.99
547,0.73,0.73,0.9,0.99,0.95,0.74,0.98,0.99
548,0.71,0.73,0.9,0.99,0.95,0.74,0.98,0.99
549,0.71,0.73,0.9,0.99,0.95,0.74,0.99,0.99
550,0.73,0.73,0.91,0.99,0.95,0.83,0.99,0.99
551,0.75,0.73,0.9,0.99,0.95,0.74,0.98,0.99
552,0.73,0.64,0.9,0.99,0.95,0.74,0.98,0.99
553,0.75,0.64,0.89,0.99,0.95,0.74,0.98,0.99
554,0.75,0.73,0.9,0.99,0.95,0.74,0.98,0.99
555,0.71,0.64,0.9,0.99,0.95,0.74,0.98,0.99
556,0.71,0.64,0.89,0.99,0.95,0.74,0.98,0.99
557,0.73,0.64,0.89,0.99,0.95,0.66,0.98,0.99
558,0.71,0.64,0.89,0.99,0.95,0.74,0.98,0.99
559,0.73,0.55,0.89,0.99,0.95,0.74,0.98,0.99
560,0.71,0.64,0.89,0.99,0.95,0.74,0.98,0.99
561,0.73,0.64,0.89,0.99,0.95,0.74,0.97,0.99
562,0.71,0.64,0.89,0.99,0.93,0.66,0.98,0.99
563,0.73,0.64,0.89,0.99,0.95,0.66,0.97,0.99
564,0.73,0.64,0.89,0.99,0.95,0.74,0.98,0.99
565,0.73,0.64,0.89,0.99,0.96,0.74,0.98,0.99
566,0.71,0.64,0.89,0.99,0.95,0.74,0.97,0.99
567,0.73,0.82,0.89,0.99,0.95,0.74,0.99,0.99
568,0.71,0.73,0.89,0.99,0.95,0.74,0.99,0.99
569,0.71,0.82,0.9,0.99,0.95,0.74,0.98,1.0
570,0.73,0.82,0.89,0.99,0.95,0.83,0.99,1.0
571,0.69,0.82,0.89,0.99,0.95,0.83,0.98,1.0
572,0.71,0.82,0.89,0.99,0.95,0.74,0.99,1.0
573,0.71,0.82,0.9,0.99,0.95,0.83,0.99,1.0
574,0.71,0.82,0.89,0.99,0.95,0.74,0.98,1.0
575,0.71,0.82,0.89,0.99,0.95,0.74,0.98,1.0
576,0.73,0.73,0.89,0.99,0.95,0.74,0.98,1.0
577,0.73,0.82,0.89,0.99,0.95,0.83,0.99,1.0
578,0.75,0.73,0.91,0.99,0.96,0.83,0.98,1.0
579,0.75,0.82,0.9,0.99,0.95,0.83,0.98,1.0
580,0.71,0.82,0.9,0.99,0.95,0.83,0.99,1.0
581,0.73,0.82,0.89,0.99,0.95,0.83,0.98,1.0
582,0.71,0.82,0.89,0.99,0.95,0.83,0.99,1.0
583,0.73,0.91,0.89,0.99,0.96,0.83,0.99,1.0
584,0.73,0.91,0.89,0.99,0.95,0.83,0.98,1.0
585,0.73,0.82,0.89,0.99,0.96,0.83,0.98,1.0
586,0.71,0.91,0.89,0.99,0.95,0.83,0.99,1.0
587,0.71,0.91,0.89,0.99,0.95,0.83,0.99,1.0
588,0.69,0.91,0.89,0.99,0.95,0.83,0.99,1.0
589,0.71,0.82,0.89,0.99,0.95,0.83,0.98,1.0
590,0.69,0.91,0.89,0.99,0.95,0.83,0.98,1.0
591,0.67,0.73,0.88,0.99,0.93,0.83,0.97,1.0
592,0.69,0.64,0.88,0.99,0.93,0.83,0.97,1.0
593,0.67,0.73,0.88,0.99,0.93,0.66,0.97,1.0
594,0.69,0.73,0.87,0.99,0.93,0.66,0.97,1.0
595,0.71,0.64,0.88,0.99,0.93,0.74,0.97,1.0
596,0.71,0.73,0.89,0.99,0.95,0.74,0.98,1.0
597,0.71,0.73,0.89,0.99,0.91,0.74,0.97,1.0
598,0.73,0.64,0.89,0.99,0.93,0.74,0.98,1.0
599,0.73,0.82,0.89,0.99,0.95,0.83,0.97,1.0
