0,0.74,0.93,0.92,0.94,0.92,0.94,0.98,0.92
1,0.77,0.93,0.93,0.94,0.92,0.94,0.98,0.92
2,0.81,0.93,0.93,0.94,0.92,0.94,0.98,0.92
3,0.84,0.93,0.94,0.94,0.92,0.94,1.0,0.92
4,0.84,0.93,0.94,0.94,0.92,0.94,1.0,0.92
5,0.84,0.93,0.93,0.94,0.92,0.94,1.0,0.92
6,0.84,0.96,0.93,0.94,0.92,0.94,1.0,0.92
7,0.81,0.93,0.93,0.94,0.96,0.97,1.0,0.92
8,0.77,0.93,0.93,0.94,0.96,0.94,0.98,0.92
9,0.74,0.92,0.92,0.94,0.92,0.94,0.98,0.92
10,0.74,0.92,0.91,0.94,0.92,0.94,0.97,0.92
11,0.74,0.92,0.91,0.94,0.89,0.94,0.98,0.92
12,0.74,0.93,0.91,0.94,0.92,0.91,0.98,0.92
13,0.77,0.93,0.92,0.94,0.92,0.94,0.98,0.92
14,0.77,0.93,0.91,0.94,0.92,0.94,0.98,0.92
15,0.77,0.93,0.91,0.94,0.92,0.94,0.98,0.92
16,0.77,0.93,0.91,0.94,0.92,0.94,0.98,0.92
17,0.77,0.93,0.91,0.94,0.92,0.97,0.98,0.92
18,0.74,0.93,0.91,0.94,0.92,0.94,0.98,0.92
19,0.77,0.92,0.91,0.94,0.89,0.94,0.98,0.92
20,0.74,0.93,0.91,0.94,0.89,0.97,0.97,0.92
21,0.77,0.93,0.91,0.94,0.89,0.94,0.98,0.92
22,0.77,0.93,0.91,0.94,0.92,0.97,0.97,0.92
23,0.77,0.93,0.91,0.94,0.92,0.94,0.97,0.92
24,0.77,0.93,0.91,0.94,0.89,0.97,0.98,0.92
25,0.81,0.96,0.93,0.95,0.92,0.97,0.98,0.92
26,0.81,0.96,0.93,0.95,0.92,0.97,0.98,0.92
27,0.81,0.98,0.93,0.95,0.92,0.94,0.98,0.92
28,0.77,0.96,0.93,0.95,0.92,1.0,0.98,0.92
29,0.84,0.98,0.93,0.95,0.92,0.97,1.0,0.92
30,0.84,0.98,0.94,0.97,0.92,0.97,0.98,0.92
31,0.84,0.98,0.94,0.97,0.92,0.97,1.0,0.92
32,0.81,0.98,0.93,0.95,0.92,0.97,0.98,0.92
33,0.81,0.96,0.92,0.94,0.92,0.94,0.98,0.92
34,0.77,0.93,0.92,0.94,0.89,0.94,0.98,0.92
35,0.81,0.93,0.92,0.94,0.89,0.94,0.98,0.92
36,0.71,0.92,0.91,0.95,0.89,0.94,0.97,0.92
37,0.77,0.93,0.91,0.94,0.89,0.94,0.97,0.92
38,0.77,0.93,0.91,0.94,0.89,0.94,0.97,0.92
39,0.77,0.92,0.91,0.94,0.89,0.94,0.97,0.92
40,0.77,0.96,0.91,0.94,0.89,0.94,0.97,0.92
41,0.77,0.93,0.92,0.94,0.89,0.94,0.97,0.92
42,0.84,0.93,0.92,0.95,0.92,0.94,0.98,0.92
43,0.81,0.93,0.92,0.94,0.92,0.97,0.98,0.92
44,0.81,0.96,0.92,0.94,0.92,0.97,0.97,0.92
45,0.77,0.93,0.92,0.94,0.92,0.94,0.98,0.91
46,0.81,0.93,0.92,0.94,0.92,0.94,0.97,0.92
47,0.81,0.92,0.92,0.94,0.92,0.94,0.97,0.91
48,0.81,0.93,0.93,0.94,0.92,0.94,0.98,0.92
49,0.84,0.96,0.94,0.94,0.92,0.94,1.0,0.92
50,0.87,0.96,0.96,0.94,0.96,0.94,0.98,0.92
51,0.93,0.96,0.98,0.94,0.96,0.94,0.98,0.92
52,1.0,0.96,1.0,0.95,1.0,1.0,0.98,0.92
53,1.0,0.96,1.0,0.95,1.0,0.97,1.0,0.92
54,0.97,0.96,1.0,0.97,1.0,0.97,1.0,0.92
55,0.97,0.89,0.94,0.94,1.0,0.94,0.9,0.9
56,0.84,0.69,0.75,0.89,0.89,0.8,0.7,0.86
57,0.68,0.51,0.55,0.83,0.74,0.6,0.52,0.8
58,0.65,0.47,0.5,0.82,0.7,0.55,0.47,0.78
59,0.55,0.37,0.37,0.74,0.56,0.44,0.37,0.71
60,0.52,0.33,0.33,0.7,0.53,0.38,0.33,0.67
61,0.43,0.31,0.28,0.65,0.42,0.33,0.29,0.63
62,0.37,0.25,0.23,0.58,0.36,0.28,0.25,0.58
63,0.37,0.21,0.21,0.55,0.32,0.28,0.22,0.54
64,0.3,0.19,0.16,0.45,0.26,0.2,0.19,0.47
65,0.27,0.15,0.13,0.42,0.22,0.18,0.17,0.43
66,0.27,0.18,0.13,0.38,0.19,0.18,0.15,0.41
67,0.27,0.13,0.11,0.36,0.19,0.15,0.13,0.38
68,0.24,0.1,0.09,0.32,0.16,0.12,0.13,0.34
69,0.24,0.13,0.08,0.3,0.13,0.12,0.1,0.32
70,0.18,0.1,0.08,0.27,0.13,0.12,0.1,0.29
71,0.12,0.08,0.07,0.24,0.09,0.07,0.1,0.27
72,0.18,0.1,0.06,0.23,0.09,0.1,0.08,0.25
73,0.15,0.08,0.06,0.18,0.06,0.07,0.08,0.22
74,0.18,0.08,0.04,0.18,0.09,0.07,0.08,0.2
75,0.18,0.08,0.05,0.17,0.09,0.07,0.08,0.2
76,0.18,0.08,0.05,0.17,0.06,0.07,0.06,0.18
77,0.18,0.06,0.04,0.14,0.06,0.07,0.06,0.16
78,0.15,0.06,0.03,0.14,0.06,0.05,0.06,0.16
79,0.18,0.06,0.03,0.12,0.03,0.0,0.05,0.14
80,0.15,0.04,0.03,0.11,0.03,0.07,0.05,0.13
81,0.15,0.04,0.03,0.11,0.03,0.07,0.05,0.12
82,0.15,0.06,0.03,0.09,0.03,0.05,0.05,0.11
83,0.15,0.04,0.03,0.09,0.06,0.07,0.05,0.1
84,0.18,0.04,0.03,0.08,0.03,0.05,0.05,0.09
85,0.15,0.04,0.03,0.08,0.03,0.05,0.04,0.09
86,0.15,0.04,0.03,0.08,0.03,0.05,0.05,0.08
87,0.18,0.04,0.03,0.08,0.03,0.07,0.05,0.08
88,0.15,0.06,0.03,0.06,0.03,0.07,0.04,0.07
89,0.12,0.04,0.03,0.06,0.03,0.05,0.04,0.07
90,0.15,0.04,0.03,0.06,0.03,0.05,0.04,0.06
91,0.12,0.02,0.02,0.06,0.03,0.05,0.04,0.06
92,0.12,0.04,0.02,0.05,0.03,0.05,0.04,0.05
93,0.06,0.04,0.02,0.05,0.03,0.02,0.04,0.05
94,0.12,0.02,0.02,0.03,0.03,0.05,0.04,0.05
95,0.09,0.02,0.01,0.03,0.03,0.05,0.03,0.05
96,0.09,0.04,0.02,0.03,0.03,0.05,0.03,0.04
97,0.06,0.04,0.02,0.03,0.03,0.02,0.03,0.04
98,0.06,0.04,0.01,0.03,0.03,0.05,0.01,0.04
99,0.03,0.04,0.02,0.03,0.03,0.05,0.01,0.04
100,0.06,0.02,0.01,0.03,0.0,0.02,0.01,0.03
101,0.06,0.02,0.01,0.03,0.0,0.02,0.01,0.03
102,0.03,0.02,0.01,0.03,0.0,0.02,0.01,0.03
103,0.06,0.02,0.01,0.02,0.0,0.02,0.01,0.03
104,0.06,0.02,0.01,0.02,0.0,0.05,0.01,0.03
105,0.06,0.02,0.01,0.02,0.0,0.0,0.01,0.03
106,0.06,0.02,0.01,0.02,0.0,0.02,0.01,0.03
107,0.06,0.02,0.01,0.02,0.0,0.02,0.01,0.02
108,0.0,0.0,0.01,0.02,0.0,0.02,0.01,0.02
109,0.06,0.02,0.01,0.02,0.0,0.02,0.01,0.02
110,0.06,0.0,0.01,0.02,0.0,0.02,0.0,0.02
111,0.03,0.02,0.0,0.02,0.0,0.02,0.0,0.02
112,0.06,0.02,0.01,0.02,0.0,0.05,0.01,0.02
113,0.06,0.0,0.01,0.02,0.0,0.02,0.0,0.02
114,0.06,0.02,0.01,0.02,0.0,0.05,0.01,0.02
115,0.09,0.02,0.01,0.02,0.03,0.05,0.0,0.02
116,0.06,0.04,0.01,0.02,0.0,0.02,0.01,0.02
117,0.03,0.04,0.01,0.02,0.03,0.05,0.01,0.01
118,0.09,0.04,0.01,0.0,0.0,0.05,0.01,0.02
119,0.09,0.04,0.01,0.02,0.0,0.05,0.01,0.01
120,0.09,0.04,0.01,0.02,0.0,0.05,0.01,0.02
121,0.09,0.04,0.01,0.02,0.0,0.02,0.01,0.01
122,0.09,0.04,0.01,0.02,0.0,0.05,0.01,0.01
123,0.12,0.04,0.02,0.02,0.0,0.05,0.01,0.01
124,0.12,0.04,0.01,0.02,0.03,0.05,0.01,0.01
125,0.12,0.02,0.01,0.02,0.03,0.05,0.01,0.01
126,0.15,0.04,0.02,0.02,0.0,0.05,0.03,0.01
127,0.09,0.04,0.03,0.02,0.03,0.05,0.03,0.01
128,0.15,0.06,0.03,0.02,0.03,0.05,0.03,0.01
129,0.15,0.06,0.03,0.02,0.03,0.0,0.03,0.01
130,0.15,0.06,0.03,0.02,0.03,0.05,0.04,0.01
131,0.15,0.06,0.02,0.02,0.03,0.05,0.01,0.01
132,0.15,0.04,0.02,0.02,0.03,0.05,0.03,0.01
133,0.09,0.04,0.02,0.02,0.0,0.05,0.03,0.01
134,0.12,0.06,0.02,0.0,0.03,0.05,0.01,0.01
135,0.15,0.02,0.02,0.0,0.0,0.05,0.01,0.01
136,0.15,0.02,0.03,0.0,0.03,0.02,0.01,0.01
137,0.15,0.04,0.03,0.0,0.03,0.02,0.03,0.01
138,0.15,0.02,0.03,0.0,0.03,0.05,0.03,0.01
139,0.15,0.04,0.03,0.0,0.03,0.02,0.03,0.01
140,0.18,0.04,0.03,0.0,0.03,0.05,0.04,0.0
141,0.21,0.04,0.04,0.0,0.03,0.07,0.04,0.01
142,0.15,0.04,0.04,0.0,0.06,0.05,0.04,0.0
143,0.18,0.04,0.04,0.0,0.06,0.05,0.04,0.0
144,0.15,0.06,0.04,0.0,0.06,0.05,0.04,0.0
145,0.18,0.04,0.03,0.0,0.03,0.05,0.03,0.0
146,0.15,0.04,0.03,0.0,0.06,0.05,0.04,0.0
147,0.12,0.02,0.03,0.0,0.06,0.02,0.03,0.0
148,0.15,0.02,0.03,0.0,0.03,0.02,0.03,0.0
149,0.15,0.02,0.03,0.0,0.03,0.02,0.03,0.0
150,0.15,0.04,0.03,0.0,0.03,0.02,0.03,0.0
151,0.09,0.04,0.03,0.0,0.03,0.02,0.04,0.0
152,0.12,0.04,0.04,0.0,0.03,0.05,0.05,0.0
153,0.15,0.12,0.08,0.02,0.06,0.07,0.09,0.01
154,0.18,0.19,0.14,0.05,0.09,0.12,0.15,0.02
155,0.18,0.21,0.15,0.05,0.13,0.15,0.17,0.03
156,0.24,0.29,0.23,0.11,0.16,0.23,0.25,0.05
157,0.27,0.35,0.26,0.14,0.22,0.25,0.28,0.06
158,0.3,0.39,0.3,0.17,0.26,0.3,0.32,0.07
159,0.37,0.47,0.35,0.21,0.29,0.38,0.37,0.1
160,0.39,0.53,0.4,0.27,0.36,0.41,0.42,0.12
161,0.43,0.56,0.43,0.3,0.39,0.44,0.44,0.14
162,0.43,0.59,0.45,0.32,0.39,0.46,0.44,0.16
163,0.46,0.59,0.47,0.35,0.42,0.49,0.47,0.17
164,0.49,0.65,0.52,0.41,0.46,0.55,0.52,0.21
165,0.49,0.65,0.54,0.45,0.46,0.55,0.52,0.23
166,0.52,0.71,0.58,0.48,0.53,0.6,0.58,0.26
167,0.52,0.73,0.6,0.53,0.53,0.6,0.61,0.29
168,0.55,0.73,0.6,0.53,0.56,0.63,0.61,0.3
169,0.58,0.77,0.63,0.56,0.56,0.63,0.62,0.32
170,0.58,0.77,0.67,0.61,0.6,0.68,0.67,0.37
171,0.62,0.79,0.67,0.62,0.6,0.71,0.67,0.38
172,0.65,0.81,0.71,0.67,0.63,0.71,0.7,0.42
173,0.65,0.81,0.71,0.67,0.67,0.74,0.71,0.43
174,0.65,0.83,0.72,0.7,0.67,0.71,0.73,0.46
175,0.71,0.83,0.73,0.73,0.67,0.74,0.74,0.49
176,0.68,0.83,0.75,0.74,0.7,0.77,0.76,0.52
177,0.68,0.85,0.76,0.74,0.7,0.71,0.77,0.53
178,0.74,0.85,0.78,0.77,0.74,0.77,0.79,0.57
179,0.71,0.87,0.79,0.79,0.74,0.8,0.81,0.59
180,0.74,0.85,0.79,0.79,0.74,0.8,0.81,0.6
181,0.74,0.87,0.8,0.8,0.78,0.8,0.82,0.62
182,0.74,0.87,0.81,0.8,0.78,0.8,0.82,0.63
183,0.71,0.87,0.82,0.82,0.78,0.8,0.84,0.66
184,0.74,0.85,0.82,0.82,0.78,0.8,0.84,0.68
185,0.71,0.85,0.83,0.82,0.78,0.8,0.84,0.69
186,0.71,0.87,0.83,0.85,0.78,0.82,0.85,0.71
187,0.71,0.89,0.83,0.85,0.81,0.85,0.87,0.73
188,0.74,0.89,0.83,0.85,0.81,0.82,0.85,0.74
189,0.71,0.87,0.83,0.88,0.81,0.85,0.87,0.75
190,0.71,0.87,0.84,0.86,0.81,0.82,0.87,0.76
191,0.74,0.89,0.85,0.88,0.81,0.85,0.87,0.79
192,0.74,0.89,0.86,0.88,0.81,0.85,0.89,0.79
193,0.74,0.89,0.85,0.88,0.85,0.85,0.89,0.8
194,0.74,0.89,0.86,0.88,0.81,0.85,0.89,0.81
195,0.74,0.89,0.86,0.89,0.85,0.85,0.9,0.83
196,0.71,0.89,0.87,0.89,0.85,0.85,0.9,0.84
197,0.77,0.89,0.87,0.89,0.85,0.85,0.9,0.84
198,0.77,0.89,0.87,0.89,0.85,0.85,0.9,0.85
199,0.77,0.89,0.88,0.89,0.85,0.85,0.9,0.86
200,0.77,0.89,0.88,0.92,0.85,0.85,0.9,0.87
201,0.77,0.89,0.88,0.91,0.89,0.88,0.9,0.88
202,0.77,0.87,0.87,0.91,0.85,0.85,0.92,0.88
203,0.74,0.89,0.88,0.91,0.85,0.85,0.9,0.89
204,0.81,0.89,0.89,0.92,0.85,0.88,0.93,0.89
205,0.81,0.92,0.9,0.92,0.89,0.85,0.93,0.9
206,0.81,0.89,0.9,0.92,0.89,0.88,0.95,0.91
207,0.84,0.93,0.91,0.94,0.92,0.91,0.95,0.92
208,0.87,0.93,0.91,0.94,0.92,0.91,0.95,0.92
209,0.84,0.93,0.9,0.94,0.92,0.88,0.95,0.93
210,0.81,0.93,0.91,0.94,0.92,0.88,0.95,0.93
211,0.81,0.93,0.9,0.94,0.92,0.91,0.95,0.93
212,0.77,0.93,0.9,0.94,0.89,0.88,0.97,0.94
213,0.81,0.92,0.9,0.92,0.89,0.88,0.95,0.94
214,0.81,0.93,0.9,0.94,0.89,0.91,0.95,0.94
215,0.74,0.92,0.9,0.92,0.89,0.88,0.95,0.95
216,0.77,0.93,0.9,0.94,0.89,0.88,0.95,0.96
217,0.77,0.93,0.89,0.94,0.89,0.88,0.95,0.96
218,0.74,0.92,0.89,0.94,0.89,0.88,0.95,0.96
219,0.74,0.92,0.89,0.94,0.89,0.88,0.93,0.96
220,0.74,0.93,0.89,0.94,0.85,0.91,0.95,0.96
221,0.74,0.93,0.89,0.94,0.89,0.88,0.95,0.97
222,0.71,0.93,0.89,0.94,0.89,0.91,0.95,0.97
223,0.74,0.96,0.89,0.94,0.89,0.91,0.95,0.97
224,0.74,0.93,0.89,0.95,0.89,0.91,0.95,0.97
225,0.74,0.93,0.89,0.97,0.89,0.91,0.95,0.98
226,0.71,0.93,0.89,0.95,0.89,0.91,0.93,0.98
227,0.68,0.93,0.89,0.95,0.89,0.91,0.93,0.98
228,0.74,0.93,0.88,0.97,0.85,0.91,0.93,0.98
229,0.74,0.93,0.89,0.95,0.89,0.91,0.95,0.98
230,0.74,0.93,0.89,0.95,0.89,0.94,0.93,0.98
231,0.77,0.98,0.9,0.97,0.89,0.91,0.95,0.99
232,0.77,0.98,0.9,0.98,0.89,0.94,0.95,0.99
233,0.81,1.0,0.9,0.97,0.89,0.94,0.97,0.99
234,0.81,1.0,0.9,0.97,0.89,0.94,0.97,0.99
235,0.74,0.98,0.9,0.98,0.92,0.94,0.95,0.99
236,0.77,0.98,0.9,0.97,0.89,0.94,0.95,1.0
237,0.77,1.0,0.9,0.97,0.92,0.94,0.97,1.0
238,0.77,0.98,0.9,0.97,0.89,0.94,0.95,1.0
239,0.77,0.96,0.9,0.97,0.89,0.94,0.95,1.0
240,0.77,0.96,0.9,0.97,0.89,0.94,0.95,1.0
241,0.77,0.93,0.9,0.97,0.89,0.94,0.95,1.0
242,0.74,0.96,0.9,0.97,0.89,0.94,0.95,1.0
243,0.74,0.96,0.9,0.97,0.89,0.91,0.97,1.0
244,0.77,0.96,0.89,0.97,0.85,0.91,0.95,1.0
245,0.74,0.93,0.89,0.97,0.85,0.94,0.93,1.0
246,0.74,0.96,0.89,0.97,0.85,0.91,0.93,1.0
247,0.77,0.93,0.89,0.97,0.89,0.91,0.93,1.0
248,0.74,0.93,0.9,0.97,0.89,0.91,0.93,1.0
249,0.77,0.93,0.9,0.97,0.89,0.91,0.95,1.0
250,0.74,0.93,0.9,0.97,0.85,0.91,0.93,1.0
251,0.77,0.93,0.9,0.97,0.89,0.91,0.95,1.0
252,0.77,0.93,0.9,0.97,0.89,0.91,0.95,1.0
253,0.77,0.93,0.9,0.97,0.89,0.88,0.93,1.0
254,0.77,0.92,0.9,0.97,0.89,0.88,0.93,0.99
255,0.77,0.92,0.89,0.95,0.89,0.88,0.93,1.0
256,0.71,0.89,0.89,0.97,0.89,0.88,0.93,0.99
257,0.74,0.89,0.88,0.97,0.85,0.85,0.92,0.99
258,0.68,0.89,0.88,0.97,0.85,0.85,0.92,0.99
259,0.71,0.89,0.88,0.97,0.85,0.88,0.92,0.99
260,0.68,0.87,0.88,0.97,0.85,0.85,0.92,0.99
261,0.68,0.87,0.88,0.97,0.85,0.85,0.9,0.99
262,0.68,0.85,0.87,0.97,0.85,0.85,0.92,0.99
263,0.68,0.85,0.87,0.95,0.85,0.82,0.9,0.99
264,0.68,0.85,0.87,0.95,0.85,0.85,0.92,0.98
265,0.71,0.85,0.88,0.95,0.85,0.88,0.92,0.98
266,0.71,0.87,0.88,0.95,0.85,0.85,0.92,0.99
267,0.68,0.87,0.88,0.95,0.85,0.85,0.92,0.99
268,0.68,0.85,0.87,0.94,0.85,0.85,0.92,0.98
269,0.68,0.85,0.87,0.95,0.85,0.82,0.92,0.98
270,0.68,0.85,0.88,0.94,0.85,0.82,0.92,0.99
271,0.71,0.87,0.88,0.95,0.85,0.85,0.92,0.98
272,0.74,0.87,0.88,0.95,0.85,0.85,0.92,0.98
273,0.71,0.87,0.89,0.95,0.89,0.85,0.93,0.98
274,0.71,0.85,0.88,0.95,0.85,0.85,0.93,0.98
275,0.65,0.85,0.88,0.95,0.85,0.82,0.92,0.98
276,0.68,0.85,0.88,0.95,0.85,0.85,0.92,0.98
277,0.71,0.85,0.88,0.95,0.85,0.85,0.93,0.98
278,0.68,0.85,0.88,0.95,0.85,0.82,0.92,0.98
279,0.68,0.87,0.87,0.95,0.85,0.85,0.92,0.98
280,0.68,0.85,0.89,0.97,0.85,0.85,0.93,0.98
281,0.71,0.85,0.89,0.97,0.85,0.88,0.93,0.99
282,0.68,0.87,0.89,0.97,0.85,0.88,0.93,0.98
283,0.71,0.89,0.89,0.97,0.85,0.88,0.93,0.98
284,0.71,0.89,0.89,0.97,0.89,0.88,0.93,0.98
285,0.68,0.89,0.89,0.97,0.85,0.88,0.93,0.99
286,0.68,0.89,0.89,0.97,0.85,0.85,0.93,0.99
287,0.71,0.89,0.89,0.97,0.85,0.88,0.93,0.99
288,0.71,0.89,0.89,0.97,0.85,0.88,0.93,0.99
289,0.71,0.92,0.88,0.97,0.85,0.88,0.93,0.98
290,0.68,0.92,0.87,0.97,0.85,0.88,0.93,0.99
291,0.68,0.89,0.88,0.97,0.85,0.88,0.93,0.99
292,0.68,0.89,0.88,0.97,0.85,0.88,0.93,0.99
293,0.68,0.89,0.88,0.97,0.85,0.88,0.92,0.99
294,0.65,0.89,0.88,0.98,0.85,0.85,0.93,0.99
295,0.62,0.89,0.88,0.98,0.85,0.94,0.93,0.99
296,0.68,0.89,0.88,0.97,0.85,0.88,0.92,0.99
297,0.68,0.89,0.88,0.98,0.85,0.88,0.93,0.98
298,0.71,0.89,0.89,0.98,0.85,0.88,0.92,0.98
299,0.71,0.87,0.89,0.98,0.85,0.88,0.92,0.98
300,0.71,0.89,0.89,0.98,0.85,0.88,0.93,0.98
301,0.74,0.89,0.89,0.98,0.85,0.88,0.93,0.98
302,0.71,0.89,0.89,0.97,0.85,0.88,0.93,0.98
303,0.74,0.89,0.89,0.98,0.89,0.88,0.93,0.98
304,0.74,0.89,0.9,0.98,0.89,0.88,0.93,0.98
305,0.74,0.89,0.9,0.98,0.89,0.88,0.93,0.98
306,0.71,0.89,0.9,0.97,0.89,0.91,0.93,0.98
307,0.74,0.92,0.9,0.98,0.89,0.88,0.93,0.98
308,0.77,0.92,0.9,0.98,0.89,0.91,0.93,0.98
309,0.74,0.89,0.91,0.98,0.89,0.88,0.93,0.98
310,0.77,0.92,0.9,0.98,0.89,0.91,0.95,0.98
311,0.77,0.92,0.91,0.98,0.89,0.88,0.95,0.98
312,0.77,0.92,0.91,0.98,0.89,0.88,0.97,0.98
313,0.77,0.93,0.9,0.98,0.89,0.88,0.95,0.98
314,0.74,0.93,0.9,1.0,0.85,0.91,0.95,0.98
315,0.74,0.92,0.9,0.98,0.89,0.88,0.95,0.98
316,0.71,0.92,0.9,0.98,0.89,0.91,0.93,0.98
317,0.68,0.89,0.89,0.98,0.85,0.88,0.93,0.98
318,0.71,0.89,0.88,0.98,0.89,0.88,0.93,0.98
319,0.65,0.89,0.88,0.97,0.85,0.85,0.93,0.98
320,0.65,0.87,0.88,0.97,0.85,0.88,0.93,0.98
321,0.65,0.87,0.88,0.97,0.85,0.85,0.92,0.98
322,0.65,0.87,0.87,0.98,0.81,0.85,0.92,0.98
323,0.68,0.87,0.87,0.97,0.81,0.88,0.92,0.98
324,0.68,0.85,0.87,0.97,0.85,0.85,0.92,0.98
325,0.68,0.85,0.87,0.97,0.81,0.88,0.92,0.98
326,0.68,0.85,0.87,0.97,0.81,0.85,0.92,0.98
327,0.68,0.85,0.87,0.97,0.85,0.85,0.92,0.98
328,0.65,0.85,0.88,0.97,0.81,0.85,0.9,0.98
329,0.65,0.83,0.87,0.97,0.81,0.82,0.9,0.97
330,0.65,0.83,0.87,0.97,0.85,0.82,0.9,0.97
331,0.62,0.83,0.86,0.97,0.81,0.82,0.9,0.97
332,0.65,0.83,0.86,0.97,0.85,0.82,0.9,0.97
333,0.65,0.85,0.87,0.97,0.81,0.85,0.92,0.97
334,0.62,0.83,0.87,0.97,0.85,0.82,0.92,0.97
335,0.65,0.85,0.87,0.97,0.81,0.85,0.92,0.97
336,0.65,0.85,0.87,0.97,0.81,0.85,0.9,0.97
337,0.68,0.83,0.87,0.97,0.81,0.85,0.92,0.97
338,0.62,0.83,0.86,0.97,0.81,0.82,0.92,0.97
339,0.68,0.81,0.87,0.97,0.85,0.82,0.9,0.96
340,0.65,0.81,0.87,0.98,0.81,0.82,0.92,0.96
341,0.62,0.81,0.87,0.97,0.81,0.82,0.92,0.97
342,0.65,0.81,0.87,0.97,0.81,0.82,0.9,0.96
343,0.62,0.81,0.86,0.97,0.81,0.82,0.9,0.96
344,0.58,0.81,0.87,0.97,0.81,0.82,0.9,0.97
345,0.62,0.79,0.86,0.97,0.81,0.8,0.9,0.96
346,0.55,0.81,0.86,0.98,0.81,0.82,0.9,0.96
347,0.62,0.79,0.86,0.97,0.81,0.8,0.9,0.96
348,0.62,0.79,0.85,0.97,0.81,0.8,0.9,0.96
349,0.62,0.81,0.85,0.97,0.81,0.8,0.9,0.96
350,0.62,0.79,0.85,0.98,0.81,0.8,0.9,0.96
351,0.62,0.79,0.85,0.97,0.81,0.82,0.9,0.96
352,0.62,0.81,0.86,0.97,0.81,0.8,0.9,0.96
353,0.62,0.81,0.86,0.97,0.81,0.82,0.9,0.96
354,0.65,0.81,0.87,0.97,0.85,0.82,0.92,0.96
355,0.65,0.81,0.87,0.97,0.81,0.82,0.92,0.96
356,0.65,0.83,0.87,0.97,0.85,0.82,0.92,0.96
357,0.68,0.83,0.88,0.97,0.85,0.82,0.92,0.96
358,0.65,0.83,0.89,0.97,0.85,0.82,0.93,0.96
359,0.71,0.85,0.89,0.97,0.85,0.85,0.93,0.96
360,0.65,0.85,0.89,0.97,0.85,0.85,0.93,0.96
361,0.71,0.85,0.9,0.97,0.85,0.85,0.93,0.96
362,0.65,0.85,0.9,0.98,0.89,0.88,0.93,0.96
363,0.68,0.85,0.9,0.98,0.85,0.85,0.93,0.97
364,0.68,0.85,0.9,0.97,0.85,0.82,0.93,0.96
365,0.68,0.83,0.89,0.97,0.85,0.85,0.93,0.96
366,0.68,0.85,0.89,0.98,0.85,0.85,0.93,0.96
367,0.68,0.85,0.89,0.98,0.85,0.85,0.93,0.97
368,0.71,0.85,0.89,0.97,0.85,0.85,0.93,0.96
369,0.71,0.85,0.9,0.98,0.89,0.88,0.93,0.97
370,0.71,0.85,0.9,0.98,0.89,0.88,0.93,0.96
371,0.71,0.85,0.9,1.0,0.89,0.85,0.93,0.97
372,0.71,0.85,0.88,0.98,0.89,0.88,0.93,0.96
373,0.71,0.83,0.9,1.0,0.89,0.88,0.95,0.96
374,0.68,0.85,0.9,0.98,0.89,0.85,0.93,0.97
375,0.68,0.85,0.9,1.0,0.89,0.88,0.93,0.96
376,0.71,0.85,0.9,1.0,0.89,0.85,0.95,0.97
377,0.71,0.85,0.9,0.98,0.89,0.85,0.93,0.97
378,0.71,0.85,0.9,0.98,0.85,0.88,0.93,0.96
379,0.71,0.85,0.9,0.98,0.89,0.88,0.92,0.97
380,0.71,0.83,0.9,0.98,0.85,0.82,0.93,0.97
381,0.68,0.85,0.9,0.97,0.89,0.85,0.93,0.96
382,0.68,0.85,0.9,0.97,0.89,0.85,0.95,0.96
383,0.68,0.83,0.9,0.97,0.89,0.85,0.95,0.96
384,0.74,0.83,0.9,0.97,0.85,0.85,0.95,0.96
385,0.74,0.83,0.9,0.98,0.89,0.85,0.95,0.96
386,0.71,0.83,0.89,0.97,0.89,0.85,0.95,0.96
387,0.71,0.85,0.89,0.98,0.85,0.85,0.95,0.96
388,0.74,0.83,0.89,0.97,0.89,0.85,0.95,0.96
389,0.71,0.85,0.9,0.98,0.89,0.88,0.97,0.96
390,0.71,0.87,0.9,0.97,0.89,0.88,0.97,0.96
391,0.71,0.85,0.9,0.97,0.89,0.88,0.97,0.97
392,0.68,0.87,0.89,0.97,0.89,0.88,0.97,0.97
393,0.71,0.87,0.9,0.98,0.89,0.88,0.97,0.96
394,0.71,0.89,0.9,0.98,0.89,0.88,0.97,0.97
395,0.74,0.89,0.9,0.98,0.89,0.91,0.98,0.97
396,0.68,0.89,0.9,0.98,0.89,0.94,0.97,0.97
397,0.71,0.92,0.9,1.0,0.89,0.94,0.97,0.97
398,0.68,0.89,0.9,1.0,0.89,0.91,0.97,0.97
399,0.65,0.92,0.89,1.0,0.85,0.91,0.97,0.97
400,0.65,0.89,0.89,1.0,0.85,0.88,0.95,0.97
401,0.65,0.87,0.88,1.0,0.85,0.88,0.93,0.97
402,0.65,0.87,0.88,1.0,0.85,0.91,0.95,0.97
403,0.68,0.89,0.89,1.0,0.85,0.91,0.95,0.97
404,0.65,0.89,0.89,1.0,0.85,0.88,0.95,0.97
405,0.65,0.89,0.88,1.0,0.85,0.91,0.95,0.97
406,0.65,0.89,0.88,1.0,0.85,0.91,0.93,0.97
407,0.68,0.89,0.89,1.0,0.85,0.88,0.95,0.97
408,0.68,0.92,0.89,1.0,0.85,0.91,0.95,0.97
409,0.71,0.89,0.89,1.0,0.85,0.91,0.95,0.97
410,0.71,0.89,0.89,1.0,0.85,0.91,0.95,0.97
411,0.71,0.89,0.89,1.0,0.85,0.91,0.93,0.97
412,0.71,0.89,0.89,1.0,0.85,0.91,0.93,0.97
413,0.68,0.87,0.89,1.0,0.85,0.88,0.95,0.97
414,0.68,0.85,0.89,1.0,0.85,0.88,0.95,0.97
415,0.68,0.87,0.89,1.0,0.85,0.88,0.93,0.97
416,0.68,0.89,0.88,1.0,0.89,0.88,0.93,0.97
417,0.65,0.87,0.89,1.0,0.89,0.91,0.93,0.97
418,0.65,0.89,0.89,1.0,0.85,0.91,0.95,0.97
419,0.68,0.89,0.9,1.0,0.89,0.91,0.95,0.97
420,0.74,0.92,0.9,1.0,0.89,0.94,0.97,0.97
421,0.74,0.93,0.9,1.0,0.89,0.94,0.97,0.97
422,0.74,0.92,0.9,1.0,0.89,0.91,0.95,0.97
423,0.71,0.89,0.9,1.0,0.89,0.91,0.95,0.97
424,0.71,0.87,0.9,0.98,0.89,0.91,0.97,0.97
425,0.68,0.87,0.9,1.0,0.89,0.91,0.95,0.97
426,0.71,0.89,0.9,1.0,0.85,0.91,0.95,0.97
427,0.68,0.89,0.9,1.0,0.85,0.91,0.95,0.97
428,0.68,0.87,0.89,1.0,0.89,0.91,0.95,0.97
429,0.68,0.89,0.89,1.0,0.85,0.91,0.95,0.97
430,0.65,0.87,0.89,1.0,0.85,0.91,0.93,0.97
431,0.65,0.89,0.89,0.98,0.85,0.91,0.95,0.97
432,0.68,0.89,0.89,1.0,0.89,0.91,0.95,0.97
433,0.65,0.89,0.89,0.98,0.85,0.91,0.93,0.97
434,0.68,0.89,0.89,0.98,0.85,0.91,0.93,0.97
435,0.68,0.92,0.89,0.98,0.85,0.94,0.93,0.97
436,0.68,0.89,0.89,1.0,0.85,0.94,0.95,0.97
437,0.71,0.92,0.9,1.0,0.85,0.94,0.95,0.97
438,0.74,0.92,0.9,0.98,0.89,0.94,0.95,0.97
439,0.71,0.92,0.9,1.0,0.85,0.94,0.93,0.97
440,0.71,0.92,0.9,1.0,0.89,0.97,0.95,0.97
441,0.71,0.92,0.9,1.0,0.89,0.94,0.95,0.97
442,0.74,0.89,0.9,1.0,0.89,0.94,0.95,0.97
443,0.71,0.89,0.9,1.0,0.89,0.91,0.95,0.97
444,0.74,0.89,0.9,1.0,0.89,0.94,0.95,0.97
445,0.74,0.92,0.9,1.0,0.89,0.91,0.97,0.97
446,0.71,0.92,0.9,1.0,0.89,0.94,0.97,0.97
447,0.74,0.92,0.9,1.0,0.89,0.94,0.97,0.97
448,0.74,0.92,0.91,1.0,0.92,0.97,0.97,0.97
449,0.77,0.93,0.92,1.0,0.92,0.94,0.97,0.97
450,0.77,0.93,0.92,1.0,0.89,0.91,0.98,0.97
451,0.74,0.93,0.91,1.0,0.89,0.94,0.98,0.97
452,0.74,0.92,0.91,1.0,0.92,0.94,0.98,0.97
453,0.77,0.93,0.91,1.0,0.92,0.94,0.97,0.97
454,0.77,0.93,0.92,1.0,0.92,0.94,0.98,0.97
455,0.74,0.96,0.91,1.0,0.92,0.94,0.98,0.97
456,0.77,0.92,0.91,1.0,0.92,0.94,0.98,0.97
457,0.77,0.92,0.92,1.0,0.92,0.94,0.98,0.97
458,0.77,0.93,0.92,1.0,0.92,0.94,0.98,0.97
459,0.77,0.93,0.92,1.0,0.92,0.97,0.97,0.97
460,0.77,0.92,0.91,1.0,0.89,0.94,0.98,0.97
461,0.77,0.92,0.91,1.0,0.92,0.94,0.98,0.96
462,0.71,0.92,0.9,1.0,0.89,0.94,0.97,0.97
463,0.74,0.92,0.91,1.0,0.89,0.91,0.97,0.96
464,0.74,0.92,0.9,0.98,0.89,0.94,0.95,0.97
465,0.74,0.92,0.9,0.98,0.89,0.94,0.97,0.96
466,0.74,0.89,0.9,0.98,0.89,0.91,0.97,0.96
467,0.71,0.89,0.9,0.98,0.89,0.94,0.97,0.96
468,0.74,0.89,0.9,1.0,0.89,0.94,0.97,0.96
469,0.74,0.89,0.9,1.0,0.89,0.94,0.95,0.96
470,0.74,0.92,0.9,0.98,0.89,0.91,0.95,0.96
471,0.77,0.89,0.9,0.98,0.89,0.91,0.97,0.96
472,0.71,0.92,0.9,0.98,0.89,0.91,0.97,0.96
473,0.77,0.92,0.91,1.0,0.89,0.88,0.95,0.96
474,0.77,0.92,0.92,1.0,0.89,0.91,0.97,0.96
475,0.74,0.93,0.92,1.0,0.92,0.94,0.98,0.96
476,0.77,0.92,0.92,1.0,0.92,0.94,0.98,0.96
477,0.81,0.92,0.91,1.0,0.89,0.97,0.97,0.96
478,0.77,0.92,0.92,1.0,0.92,0.97,0.97,0.96
479,0.77,0.92,0.91,0.98,0.92,0.94,0.98,0.96
480,0.77,0.92,0.92,1.0,0.92,0.94,0.98,0.96
481,0.71,0.92,0.92,1.0,0.89,0.91,0.98,0.96
482,0.74,0.92,0.91,1.0,0.92,0.94,0.98,0.96
483,0.77,0.92,0.91,0.98,0.92,0.94,0.97,0.96
484,0.74,0.92,0.91,1.0,0.89,0.94,0.97,0.96
485,0.81,0.93,0.92,0.98,0.89,0.94,0.97,0.96
486,0.81,0.92,0.91,0.98,0.92,0.94,0.98,0.96
487,0.77,0.92,0.91,0.98,0.89,0.94,0.97,0.96
488,0.74,0.89,0.9,0.97,0.89,0.94,0.95,0.96
489,0.77,0.89,0.9,0.98,0.89,0.91,0.97,0.96
490,0.74,0.89,0.91,0.97,0.89,0.94,0.97,0.96
491,0.71,0.89,0.91,0.97,0.92,0.91,0.97,0.96
492,0.74,0.93,0.91,0.98,0.89,0.91,0.97,0.96
493,0.77,0.93,0.92,0.98,0.92,0.94,0.97,0.96
494,0.77,0.93,0.92,0.98,0.89,0.94,0.98,0.96
495,0.77,0.92,0.92,0.98,0.92,0.94,0.97,0.96
496,0.77,0.93,0.93,0.98,0.92,0.94,0.98,0.96
497,0.81,0.93,0.93,1.0,0.92,0.94,0.98,0.96
498,0.81,0.93,0.93,0.98,0.92,0.94,0.98,0.96
499,0.81,0.93,0.93,1.0,0.92,0.97,1.0,0.96
500,0.81,0.93,0.93,0.98,0.96,0.97,0.98,0.96
501,0.84,0.96,0.93,0.98,0.92,0.97,0.98,0.96
502,0.74,0.93,0.93,0.98,0.92,0.97,0.98,0.96
503,0.77,0.96,0.92,1.0,0.92,0.97,0.98,0.96
504,0.77,0.96,0.93,1.0,0.92,0.97,0.98,0.96
505,0.77,0.93,0.92,0.98,0.92,0.97,0.98,0.96
506,0.77,0.96,0.92,0.98,0.92,0.94,0.98,0.96
507,0.74,0.93,0.91,0.97,0.92,0.94,0.97,0.96
508,0.74,0.93,0.91,0.98,0.89,0.97,0.97,0.96
509,0.74,0.92,0.9,0.98,0.89,0.94,0.97,0.95
510,0.71,0.92,0.9,0.98,0.85,0.94,0.95,0.95
511,0.71,0.89,0.9,0.98,0.89,0.91,0.95,0.95
512,0.71,0.92,0.9,0.98,0.89,0.94,0.95,0.95
513,0.68,0.89,0.89,0.97,0.85,0.91,0.95,0.95
514,0.65,0.89,0.89,0.97,0.85,0.91,0.95,0.95
515,0.68,0.87,0.88,0.97,0.85,0.91,0.93,0.95
516,0.65,0.87,0.88,0.97,0.85,0.91,0.93,0.95
517,0.65,0.87,0.88,0.97,0.85,0.94,0.93,0.94
518,0.65,0.85,0.87,0.95,0.81,0.88,0.92,0.94
519,0.62,0.87,0.87,0.97,0.81,0.88,0.92,0.94
520,0.62,0.83,0.86,0.97,0.81,0.85,0.92,0.94
521,0.65,0.85,0.86,0.95,0.81,0.88,0.92,0.94
522,0.62,0.83,0.87,0.97,0.81,0.88,0.92,0.94
523,0.58,0.83,0.86,0.95,0.81,0.88,0.92,0.94
524,0.62,0.83,0.86,0.95,0.81,0.88,0.92,0.94
525,0.65,0.85,0.86,0.94,0.81,0.88,0.92,0.94
526,0.65,0.83,0.87,0.95,0.81,0.85,0.9,0.94
527,0.65,0.83,0.87,0.95,0.81,0.85,0.92,0.94
528,0.62,0.83,0.86,0.95,0.81,0.88,0.9,0.94
529,0.62,0.81,0.87,0.95,0.81,0.82,0.9,0.94
530,0.62,0.81,0.87,0.95,0.81,0.85,0.9,0.93
531,0.62,0.83,0.87,0.95,0.81,0.85,0.92,0.93
532,0.65,0.83,0.87,0.95,0.81,0.85,0.92,0.93
533,0.65,0.83,0.87,0.97,0.81,0.88,0.92,0.93
534,0.65,0.83,0.87,0.97,0.81,0.85,0.92,0.93
535,0.65,0.85,0.87,0.97,0.81,0.88,0.92,0.93
536,0.58,0.85,0.87,0.97,0.81,0.85,0.92,0.93
537,0.62,0.83,0.87,0.97,0.81,0.88,0.92,0.93
538,0.65,0.83,0.87,0.97,0.81,0.88,0.92,0.93
539,0.65,0.83,0.87,0.97,0.85,0.85,0.93,0.93
540,0.68,0.83,0.88,0.97,0.85,0.88,0.93,0.93
541,0.68,0.83,0.88,0.97,0.85,0.85,0.93,0.93
542,0.68,0.83,0.88,0.95,0.85,0.88,0.93,0.93
543,0.62,0.83,0.89,0.95,0.85,0.88,0.93,0.93
544,0.68,0.83,0.89,0.95,0.85,0.85,0.93,0.93
545,0.68,0.83,0.89,0.97,0.85,0.85,0.93,0.93
546,0.68,0.83,0.89,0.95,0.85,0.82,0.93,0.93
547,0.68,0.83,0.89,0.95,0.85,0.88,0.93,0.93
548,0.65,0.83,0.9,0.97,0.85,0.88,0.95,0.93
549,0.68,0.83,0.9,0.94,0.85,0.88,0.95,0.93
550,0.68,0.85,0.9,0.95,0.89,0.88,0.95,0.93
551,0.71,0.85,0.9,0.95,0.89,0.91,0.95,0.93
552,0.74,0.87,0.9,0.95,0.85,0.91,0.98,0.93
553,0.71,0.87,0.9,0.97,0.89,0.88,0.97,0.93
554,0.71,0.87,0.9,0.97,0.89,0.88,0.97,0.93
555,0.71,0.87,0.9,0.97,0.89,0.88,0.97,0.93
556,0.65,0.87,0.9,0.97,0.89,0.91,0.97,0.94
557,0.68,0.87,0.9,0.97,0.85,0.91,0.97,0.93
558,0.71,0.87,0.9,0.97,0.89,0.88,0.97,0.94
559,0.68,0.89,0.9,0.97,0.89,0.91,0.97,0.94
560,0.68,0.85,0.9,0.97,0.85,0.88,0.95,0.93
561,0.68,0.85,0.89,0.97,0.85,0.88,0.93,0.93
562,0.68,0.85,0.89,0.97,0.89,0.88,0.93,0.93
563,0.68,0.85,0.89,0.97,0.85,0.88,0.93,0.93
564,0.68,0.85,0.89,0.97,0.85,0.88,0.93,0.94
565,0.68,0.85,0.89,0.97,0.85,0.88,0.95,0.93
566,0.65,0.85,0.89,0.97,0.85,0.88,0.95,0.93
567,0.68,0.85,0.89,0.97,0.85,0.88,0.93,0.93
568,0.68,0.85,0.89,0.97,0.85,0.88,0.95,0.93
569,0.68,0.85,0.9,0.97,0.85,0.91,0.95,0.93
570,0.68,0.85,0.89,0.97,0.85,0.91,0.95,0.93
571,0.68,0.85,0.89,0.97,0.85,0.88,0.95,0.93
572,0.65,0.85,0.9,0.97,0.85,0.91,0.93,0.93
573,0.68,0.85,0.89,0.97,0.85,0.91,0.95,0.94
574,0.65,0.85,0.89,0.97,0.85,0.88,0.95,0.93
575,0.68,0.85,0.9,0.97,0.89,0.88,0.95,0.93
576,0.68,0.87,0.9,0.97,0.89,0.88,0.95,0.93
577,0.68,0.83,0.9,0.97,0.89,0.91,0.95,0.94
578,0.68,0.87,0.89,0.97,0.85,0.91,0.95,0.94
579,0.62,0.87,0.89,0.97,0.89,0.91,0.95,0.93
