0,0.87,0.79,0.94,1.0,0.96,0.57,0.98,0.99
1,0.87,0.79,0.94,1.0,0.96,0.57,0.98,0.99
2,0.86,0.79,0.94,1.0,0.96,0.57,0.98,0.99
3,0.88,0.79,0.94,1.0,0.96,0.57,0.98,0.99
4,0.88,0.89,0.94,1.0,0.97,0.57,0.99,0.99
5,0.88,0.79,0.94,1.0,0.97,0.71,0.99,0.99
6,0.87,0.79,0.94,1.0,0.96,0.71,0.98,0.99
7,0.88,0.79,0.94,1.0,0.96,0.57,0.98,0.99
8,0.87,0.79,0.94,1.0,0.96,0.57,0.98,0.99
9,0.88,0.79,0.94,1.0,0.96,0.57,0.98,0.99
10,0.9,0.68,0.94,1.0,0.96,0.57,0.99,0.99
11,0.9,0.79,0.94,1.0,0.97,0.71,0.99,0.99
12,0.9,0.79,0.94,1.0,0.97,0.57,0.99,0.99
13,0.9,0.89,0.95,1.0,0.97,0.71,0.99,0.99
14,0.91,0.89,0.95,1.0,0.97,0.71,0.99,0.99
15,0.9,0.89,0.95,1.0,0.97,0.57,0.99,0.99
16,0.9,0.89,0.95,1.0,0.97,0.71,0.99,0.99
17,0.9,0.89,0.95,0.99,0.97,0.71,0.99,0.99
18,0.88,1.0,0.95,1.0,0.97,0.71,0.99,0.99
19,0.9,1.0,0.95,1.0,0.97,0.71,0.99,1.0
20,0.9,1.0,0.95,1.0,0.98,0.71,1.0,1.0
21,0.88,1.0,0.95,1.0,0.97,0.71,1.0,1.0
22,0.9,0.89,0.95,1.0,0.97,0.71,0.99,1.0
23,0.9,1.0,0.95,1.0,0.97,0.86,0.99,1.0
24,0.88,0.89,0.94,0.99,0.97,0.71,0.99,1.0
25,0.87,0.89,0.94,0.99,0.97,0.57,0.99,1.0
26,0.84,0.89,0.94,0.99,0.96,0.71,0.98,1.0
27,0.86,0.79,0.94,0.99,0.96,0.71,0.99,1.0
28,0.86,0.79,0.93,0.99,0.96,0.57,0.99,1.0
29,0.86,0.79,0.93,0.99,0.96,0.57,0.98,1.0
30,0.86,0.79,0.93,0.99,0.96,0.71,0.98,1.0
31,0.84,0.79,0.93,0.99,0.96,0.57,0.98,1.0
32,0.86,0.79,0.93,0.99,0.96,0.57,0.98,0.99
33,0.83,0.68,0.93,0.99,0.95,0.57,0.97,0.99
34,0.86,0.68,0.93,0.99,0.96,0.42,0.97,0.99
35,0.84,0.57,0.93,0.99,0.95,0.57,0.97,0.99
36,0.86,0.57,0.93,0.99,0.95,0.42,0.97,0.99
37,0.87,0.57,0.93,0.99,0.95,0.42,0.97,0.99
38,0.84,0.57,0.93,0.99,0.96,0.42,0.97,0.99
39,0.87,0.57,0.93,0.99,0.95,0.42,0.97,0.99
40,0.87,0.68,0.93,0.98,0.96,0.42,0.98,0.99
41,0.88,0.68,0.94,0.99,0.96,0.57,0.97,0.99
42,0.88,0.68,0.94,0.98,0.97,0.57,0.98,1.0
43,0.88,0.79,0.94,0.99,0.96,0.57,0.98,1.0
44,0.88,0.79,0.94,0.99,0.96,0.71,0.98,1.0
45,0.9,0.79,0.95,0.99,0.97,0.71,0.99,1.0
46,0.87,0.89,0.95,0.99,0.97,0.71,0.99,1.0
47,0.88,0.89,0.95,0.99,0.98,0.57,0.99,1.0
48,0.9,0.89,0.95,0.99,0.96,0.57,0.99,1.0
49,0.9,0.89,0.95,0.99,0.97,0.71,0.99,1.0
50,0.88,1.0,0.95,0.99,0.97,0.71,0.99,1.0
51,0.9,0.79,0.95,0.99,0.97,0.71,0.99,1.0
52,0.93,0.79,0.97,0.98,0.98,0.71,0.98,1.0
53,0.96,0.79,0.98,0.99,0.99,0.71,0.99,1.0
54,1.0,0.79,0.99,0.99,1.0,0.71,0.99,1.0
55,1.0,0.79,1.0,0.99,1.0,0.57,0.99,0.99
56,1.0,0.89,0.98,0.98,0.99,0.57,0.94,0.97
57,0.97,0.79,0.95,0.97,0.98,0.57,0.85,0.94
58,0.72,0.79,0.62,0.84,0.7,0.71,0.43,0.66
59,0.5,0.79,0.38,0.66,0.44,0.71,0.26,0.44
60,0.47,0.79,0.34,0.62,0.39,0.71,0.24,0.4
61,0.38,0.79,0.26,0.52,0.31,0.71,0.2,0.31
62,0.28,0.79,0.18,0.39,0.22,0.57,0.16,0.22
63,0.23,0.79,0.15,0.34,0.18,0.57,0.15,0.18
64,0.19,0.68,0.13,0.27,0.15,0.57,0.13,0.14
65,0.18,0.68,0.11,0.23,0.13,0.57,0.11,0.12
66,0.16,0.79,0.09,0.18,0.11,0.42,0.1,0.09
67,0.14,0.57,0.08,0.15,0.1,0.42,0.09,0.07
68,0.14,0.57,0.08,0.14,0.1,0.42,0.09,0.07
69,0.13,0.68,0.07,0.12,0.08,0.42,0.08,0.05
70,0.12,0.57,0.07,0.11,0.07,0.57,0.07,0.05
71,0.12,0.57,0.07,0.1,0.07,0.42,0.07,0.04
72,0.11,0.57,0.06,0.09,0.07,0.42,0.07,0.04
73,0.1,0.68,0.06,0.08,0.06,0.57,0.06,0.03
74,0.1,0.68,0.05,0.08,0.06,0.28,0.06,0.03
75,0.1,0.68,0.05,0.07,0.06,0.28,0.06,0.03
76,0.08,0.68,0.05,0.07,0.05,0.42,0.05,0.03
77,0.07,0.68,0.04,0.06,0.05,0.42,0.05,0.02
78,0.05,0.57,0.04,0.06,0.04,0.42,0.05,0.02
79,0.06,0.68,0.03,0.06,0.05,0.42,0.05,0.02
80,0.06,0.68,0.04,0.05,0.04,0.42,0.04,0.02
81,0.06,0.57,0.03,0.05,0.04,0.42,0.04,0.02
82,0.05,0.57,0.03,0.05,0.04,0.42,0.04,0.02
83,0.04,0.57,0.03,0.05,0.03,0.42,0.04,0.02
84,0.04,0.57,0.03,0.05,0.03,0.28,0.04,0.01
85,0.05,0.43,0.03,0.04,0.03,0.28,0.04,0.01
86,0.04,0.57,0.03,0.04,0.03,0.28,0.03,0.01
87,0.04,0.57,0.03,0.04,0.03,0.42,0.03,0.01
88,0.04,0.57,0.02,0.04,0.03,0.28,0.04,0.01
89,0.06,0.57,0.03,0.04,0.03,0.28,0.03,0.01
90,0.05,0.43,0.03,0.04,0.03,0.28,0.03,0.01
91,0.05,0.43,0.03,0.03,0.03,0.28,0.03,0.01
92,0.05,0.43,0.03,0.03,0.03,0.28,0.03,0.01
93,0.05,0.43,0.03,0.03,0.03,0.42,0.03,0.01
94,0.04,0.43,0.02,0.03,0.03,0.28,0.03,0.01
95,0.05,0.43,0.02,0.03,0.03,0.0,0.03,0.01
96,0.05,0.43,0.02,0.03,0.03,0.28,0.03,0.01
97,0.05,0.57,0.02,0.03,0.03,0.28,0.02,0.01
98,0.04,0.43,0.03,0.03,0.03,0.28,0.02,0.01
99,0.05,0.43,0.03,0.03,0.03,0.28,0.02,0.01
100,0.05,0.43,0.03,0.03,0.03,0.28,0.02,0.01
101,0.06,0.43,0.02,0.03,0.03,0.0,0.02,0.01
102,0.06,0.43,0.03,0.03,0.03,0.14,0.02,0.01
103,0.05,0.43,0.02,0.02,0.03,0.14,0.02,0.01
104,0.04,0.43,0.02,0.02,0.03,0.28,0.02,0.01
105,0.05,0.43,0.02,0.02,0.02,0.28,0.02,0.01
106,0.04,0.43,0.02,0.02,0.02,0.28,0.02,0.01
107,0.05,0.32,0.02,0.02,0.02,0.28,0.02,0.01
108,0.05,0.57,0.02,0.02,0.02,0.28,0.02,0.01
109,0.05,0.57,0.02,0.02,0.02,0.28,0.02,0.01
110,0.05,0.57,0.02,0.02,0.02,0.28,0.02,0.01
111,0.05,0.57,0.02,0.02,0.02,0.42,0.02,0.0
112,0.06,0.57,0.02,0.02,0.02,0.42,0.02,0.0
113,0.04,0.57,0.02,0.02,0.02,0.28,0.02,0.0
114,0.06,0.57,0.02,0.02,0.02,0.14,0.02,0.0
115,0.05,0.57,0.02,0.02,0.02,0.28,0.02,0.0
116,0.05,0.57,0.02,0.02,0.02,0.28,0.02,0.0
117,0.05,0.57,0.02,0.02,0.02,0.28,0.02,0.0
118,0.05,0.57,0.02,0.01,0.02,0.42,0.02,0.0
119,0.05,0.68,0.02,0.01,0.02,0.28,0.02,0.0
120,0.04,0.57,0.02,0.02,0.02,0.42,0.01,0.0
121,0.05,0.68,0.02,0.01,0.02,0.42,0.01,0.0
122,0.05,0.68,0.02,0.01,0.02,0.28,0.01,0.0
123,0.05,0.68,0.02,0.01,0.02,0.42,0.01,0.0
124,0.06,0.68,0.02,0.02,0.02,0.28,0.01,0.0
125,0.05,0.68,0.02,0.01,0.01,0.42,0.01,0.0
126,0.04,0.68,0.02,0.01,0.01,0.28,0.01,0.0
127,0.05,0.79,0.02,0.01,0.02,0.42,0.01,0.0
128,0.06,0.68,0.02,0.01,0.01,0.42,0.01,0.0
129,0.05,0.68,0.02,0.01,0.01,0.42,0.01,0.0
130,0.05,0.57,0.02,0.01,0.01,0.28,0.01,0.0
131,0.05,0.57,0.01,0.01,0.01,0.28,0.01,0.0
132,0.05,0.57,0.01,0.01,0.01,0.42,0.01,0.0
133,0.04,0.68,0.01,0.0,0.01,0.42,0.01,0.0
134,0.04,0.57,0.01,0.01,0.01,0.28,0.01,0.0
135,0.04,0.43,0.01,0.0,0.01,0.28,0.01,0.0
136,0.02,0.43,0.01,0.01,0.01,0.28,0.01,0.0
137,0.02,0.43,0.01,0.01,0.01,0.28,0.01,0.0
138,0.04,0.43,0.01,0.0,0.01,0.28,0.01,0.0
139,0.01,0.43,0.0,0.0,0.01,0.28,0.0,0.0
140,0.02,0.43,0.0,0.0,0.0,0.14,0.0,0.0
141,0.01,0.43,0.0,0.0,0.0,0.14,0.0,0.0
142,0.02,0.43,0.0,0.0,0.0,0.14,0.0,0.0
143,0.02,0.43,0.0,0.0,0.0,0.14,0.0,0.0
144,0.01,0.43,0.0,0.0,0.0,0.28,0.0,0.0
145,0.01,0.32,0.0,0.0,0.0,0.28,0.0,0.0
146,0.01,0.32,0.0,0.0,0.0,0.14,0.0,0.0
147,0.01,0.32,0.0,0.0,0.0,0.14,0.0,0.0
148,0.01,0.32,0.0,0.0,0.0,0.14,0.0,0.0
149,0.01,0.32,0.0,0.0,0.0,0.14,0.0,0.0
150,0.01,0.43,0.0,0.0,0.01,0.14,0.0,0.0
151,0.01,0.21,0.0,0.0,0.0,0.14,0.0,0.0
152,0.01,0.32,0.0,0.0,0.0,0.14,0.0,0.0
153,0.0,0.32,0.0,0.0,0.0,0.14,0.0,0.0
154,0.02,0.32,0.0,0.0,0.0,0.14,0.0,0.0
155,0.02,0.32,0.0,0.0,0.01,0.14,0.0,0.0
156,0.01,0.43,0.01,0.0,0.01,0.14,0.01,0.0
157,0.06,0.43,0.03,0.0,0.03,0.14,0.05,0.0
158,0.06,0.43,0.05,0.01,0.05,0.14,0.08,0.0
159,0.1,0.43,0.08,0.01,0.08,0.14,0.11,0.01
160,0.16,0.43,0.13,0.02,0.12,0.28,0.16,0.01
161,0.18,0.43,0.15,0.03,0.15,0.28,0.18,0.01
162,0.26,0.43,0.21,0.05,0.21,0.14,0.24,0.02
163,0.28,0.43,0.24,0.06,0.23,0.28,0.26,0.03
164,0.31,0.43,0.26,0.06,0.25,0.28,0.28,0.03
165,0.38,0.43,0.33,0.09,0.32,0.28,0.34,0.04
166,0.4,0.32,0.34,0.1,0.34,0.28,0.36,0.05
167,0.42,0.43,0.37,0.11,0.36,0.28,0.38,0.05
168,0.47,0.43,0.42,0.15,0.41,0.14,0.43,0.06
169,0.49,0.43,0.45,0.17,0.44,0.14,0.46,0.07
170,0.53,0.32,0.46,0.17,0.46,0.28,0.47,0.08
171,0.54,0.43,0.49,0.2,0.48,0.14,0.5,0.08
172,0.57,0.32,0.52,0.22,0.51,0.28,0.53,0.09
173,0.59,0.43,0.54,0.24,0.54,0.28,0.55,0.1
174,0.62,0.32,0.58,0.28,0.57,0.28,0.58,0.12
175,0.65,0.43,0.59,0.29,0.59,0.14,0.6,0.13
176,0.66,0.43,0.62,0.31,0.61,0.28,0.62,0.14
177,0.68,0.43,0.63,0.33,0.62,0.28,0.63,0.15
178,0.69,0.21,0.66,0.36,0.65,0.28,0.65,0.16
179,0.72,0.43,0.67,0.38,0.66,0.14,0.67,0.17
180,0.7,0.32,0.68,0.4,0.68,0.28,0.69,0.18
181,0.72,0.32,0.7,0.43,0.7,0.28,0.7,0.2
182,0.7,0.32,0.71,0.45,0.71,0.14,0.71,0.21
183,0.72,0.21,0.72,0.46,0.72,0.14,0.72,0.22
184,0.73,0.21,0.72,0.49,0.74,0.14,0.74,0.23
185,0.72,0.21,0.73,0.5,0.74,0.14,0.75,0.24
186,0.73,0.21,0.74,0.52,0.75,0.28,0.76,0.25
187,0.73,0.21,0.75,0.54,0.75,0.28,0.77,0.26
188,0.74,0.32,0.76,0.56,0.76,0.14,0.78,0.28
189,0.74,0.32,0.76,0.57,0.77,0.14,0.78,0.29
190,0.74,0.21,0.77,0.59,0.78,0.14,0.79,0.3
191,0.74,0.21,0.78,0.61,0.79,0.14,0.8,0.31
192,0.76,0.21,0.78,0.62,0.79,0.14,0.8,0.32
193,0.76,0.21,0.79,0.63,0.79,0.14,0.8,0.33
194,0.76,0.21,0.79,0.65,0.8,0.28,0.81,0.34
195,0.76,0.21,0.8,0.66,0.81,0.14,0.82,0.36
196,0.77,0.21,0.8,0.67,0.81,0.14,0.83,0.36
197,0.76,0.11,0.81,0.68,0.82,0.28,0.83,0.38
198,0.76,0.21,0.81,0.7,0.83,0.28,0.83,0.39
199,0.77,0.11,0.81,0.71,0.83,0.0,0.84,0.4
200,0.76,0.11,0.82,0.72,0.83,0.14,0.84,0.41
201,0.76,0.11,0.81,0.72,0.83,0.14,0.84,0.42
202,0.77,0.11,0.83,0.74,0.84,0.28,0.85,0.43
203,0.76,0.0,0.83,0.74,0.84,0.14,0.85,0.45
204,0.76,0.21,0.83,0.75,0.84,0.14,0.86,0.45
205,0.77,0.11,0.83,0.76,0.84,0.14,0.86,0.46
206,0.77,0.11,0.83,0.77,0.84,0.28,0.86,0.47
207,0.76,0.11,0.83,0.77,0.85,0.14,0.87,0.48
208,0.76,0.11,0.83,0.78,0.85,0.14,0.87,0.49
209,0.76,0.11,0.83,0.78,0.85,0.14,0.87,0.49
210,0.76,0.11,0.83,0.79,0.85,0.14,0.87,0.51
211,0.77,0.11,0.84,0.79,0.86,0.14,0.87,0.51
212,0.77,0.21,0.84,0.8,0.86,0.28,0.87,0.52
213,0.77,0.11,0.84,0.8,0.86,0.28,0.88,0.53
214,0.77,0.11,0.85,0.81,0.86,0.14,0.88,0.54
215,0.78,0.11,0.85,0.81,0.87,0.14,0.88,0.54
216,0.78,0.21,0.85,0.82,0.87,0.14,0.89,0.56
217,0.78,0.11,0.85,0.82,0.87,0.14,0.89,0.56
218,0.77,0.11,0.86,0.82,0.87,0.14,0.9,0.56
219,0.78,0.11,0.86,0.83,0.87,0.28,0.89,0.57
220,0.8,0.21,0.86,0.83,0.88,0.28,0.9,0.59
221,0.81,0.21,0.87,0.84,0.88,0.42,0.9,0.59
222,0.81,0.32,0.87,0.84,0.89,0.42,0.9,0.6
223,0.81,0.21,0.87,0.84,0.89,0.42,0.9,0.6
224,0.81,0.32,0.87,0.85,0.89,0.42,0.9,0.61
225,0.78,0.32,0.87,0.85,0.89,0.42,0.9,0.61
226,0.8,0.21,0.87,0.86,0.89,0.28,0.9,0.62
227,0.78,0.21,0.87,0.86,0.89,0.28,0.9,0.62
228,0.8,0.11,0.87,0.86,0.89,0.28,0.91,0.63
229,0.78,0.21,0.87,0.86,0.89,0.42,0.9,0.64
230,0.8,0.21,0.87,0.86,0.89,0.28,0.9,0.64
231,0.81,0.21,0.87,0.86,0.89,0.42,0.9,0.65
232,0.81,0.21,0.87,0.86,0.9,0.28,0.91,0.65
233,0.81,0.32,0.88,0.87,0.9,0.28,0.91,0.66
234,0.81,0.32,0.88,0.87,0.9,0.42,0.91,0.66
235,0.8,0.32,0.88,0.87,0.9,0.28,0.91,0.67
236,0.81,0.21,0.88,0.87,0.9,0.28,0.92,0.67
237,0.81,0.32,0.88,0.88,0.89,0.42,0.92,0.68
238,0.83,0.21,0.88,0.88,0.9,0.57,0.92,0.68
239,0.83,0.32,0.88,0.88,0.9,0.42,0.92,0.69
240,0.83,0.32,0.89,0.89,0.9,0.42,0.91,0.69
241,0.83,0.32,0.88,0.89,0.9,0.42,0.92,0.7
242,0.81,0.32,0.88,0.89,0.9,0.42,0.92,0.7
243,0.81,0.32,0.88,0.89,0.9,0.42,0.92,0.71
244,0.81,0.21,0.88,0.89,0.9,0.42,0.92,0.71
245,0.8,0.21,0.88,0.89,0.9,0.42,0.92,0.72
246,0.78,0.21,0.88,0.89,0.9,0.42,0.92,0.72
247,0.78,0.21,0.88,0.89,0.9,0.42,0.92,0.72
248,0.81,0.21,0.88,0.89,0.9,0.28,0.92,0.72
249,0.8,0.21,0.88,0.89,0.9,0.28,0.92,0.73
250,0.81,0.21,0.88,0.89,0.9,0.28,0.92,0.73
251,0.78,0.21,0.88,0.89,0.9,0.42,0.92,0.73
252,0.81,0.21,0.88,0.9,0.9,0.42,0.92,0.74
253,0.8,0.11,0.88,0.9,0.9,0.28,0.92,0.74
254,0.81,0.11,0.88,0.9,0.9,0.28,0.91,0.75
255,0.81,0.11,0.88,0.9,0.9,0.14,0.92,0.75
256,0.81,0.21,0.88,0.9,0.9,0.28,0.92,0.75
257,0.81,0.21,0.89,0.9,0.91,0.42,0.92,0.75
258,0.81,0.32,0.89,0.9,0.91,0.28,0.92,0.76
259,0.81,0.21,0.88,0.91,0.91,0.42,0.92,0.76
260,0.8,0.21,0.88,0.91,0.91,0.42,0.92,0.76
261,0.81,0.32,0.88,0.91,0.91,0.42,0.93,0.77
262,0.8,0.32,0.88,0.91,0.9,0.57,0.93,0.77
263,0.81,0.32,0.88,0.91,0.91,0.42,0.92,0.77
264,0.8,0.21,0.88,0.91,0.91,0.28,0.93,0.77
265,0.8,0.21,0.88,0.91,0.9,0.28,0.92,0.78
266,0.8,0.11,0.88,0.91,0.9,0.28,0.92,0.78
267,0.8,0.21,0.88,0.91,0.9,0.28,0.92,0.78
268,0.8,0.21,0.88,0.91,0.89,0.42,0.92,0.78
269,0.83,0.21,0.89,0.91,0.91,0.42,0.93,0.79
270,0.83,0.32,0.88,0.91,0.91,0.42,0.92,0.79
271,0.83,0.21,0.89,0.91,0.91,0.42,0.93,0.79
272,0.83,0.21,0.89,0.92,0.91,0.42,0.93,0.79
273,0.84,0.32,0.9,0.92,0.91,0.42,0.94,0.8
274,0.84,0.32,0.9,0.92,0.92,0.57,0.94,0.8
275,0.84,0.32,0.9,0.92,0.92,0.42,0.94,0.8
276,0.84,0.32,0.9,0.92,0.92,0.42,0.94,0.81
277,0.84,0.32,0.9,0.92,0.92,0.57,0.94,0.81
278,0.83,0.43,0.9,0.92,0.92,0.57,0.94,0.81
279,0.81,0.32,0.9,0.92,0.92,0.42,0.94,0.81
280,0.81,0.43,0.9,0.92,0.92,0.42,0.94,0.81
281,0.81,0.32,0.89,0.93,0.92,0.57,0.94,0.82
282,0.81,0.57,0.9,0.93,0.91,0.57,0.94,0.82
283,0.81,0.57,0.9,0.93,0.92,0.57,0.94,0.82
284,0.8,0.57,0.9,0.93,0.92,0.71,0.94,0.82
285,0.81,0.57,0.9,0.93,0.92,0.57,0.94,0.82
286,0.83,0.68,0.9,0.93,0.92,0.57,0.94,0.83
287,0.83,0.68,0.9,0.93,0.92,0.71,0.94,0.83
288,0.81,0.57,0.9,0.93,0.91,0.57,0.94,0.83
289,0.83,0.43,0.89,0.93,0.92,0.57,0.94,0.83
290,0.83,0.57,0.9,0.93,0.91,0.57,0.94,0.83
291,0.83,0.43,0.9,0.93,0.92,0.71,0.94,0.83
292,0.83,0.57,0.9,0.93,0.92,0.57,0.94,0.84
293,0.83,0.57,0.9,0.94,0.92,0.71,0.94,0.84
294,0.84,0.57,0.9,0.94,0.92,0.71,0.94,0.84
295,0.83,0.57,0.9,0.94,0.92,0.57,0.94,0.84
296,0.84,0.57,0.9,0.93,0.92,0.57,0.94,0.85
297,0.84,0.68,0.91,0.94,0.93,0.71,0.94,0.85
298,0.84,0.68,0.91,0.94,0.92,0.71,0.94,0.85
299,0.84,0.68,0.9,0.94,0.93,0.71,0.94,0.85
300,0.84,0.68,0.91,0.94,0.92,0.71,0.95,0.85
301,0.86,0.79,0.91,0.94,0.93,0.86,0.95,0.85
302,0.84,0.79,0.91,0.94,0.93,0.71,0.95,0.85
303,0.86,0.68,0.91,0.94,0.93,0.71,0.95,0.86
304,0.86,0.79,0.91,0.94,0.93,0.86,0.95,0.86
305,0.86,0.79,0.91,0.94,0.92,0.86,0.95,0.86
306,0.87,0.68,0.91,0.94,0.93,0.71,0.94,0.86
307,0.86,0.79,0.91,0.94,0.92,0.71,0.95,0.86
308,0.86,0.68,0.91,0.94,0.93,0.86,0.94,0.86
309,0.86,0.79,0.91,0.94,0.93,0.71,0.94,0.86
310,0.86,0.79,0.91,0.94,0.93,0.86,0.95,0.87
311,0.86,0.79,0.91,0.94,0.93,0.71,0.95,0.87
312,0.84,0.89,0.91,0.94,0.92,0.71,0.95,0.87
313,0.84,0.68,0.91,0.94,0.93,0.86,0.95,0.87
314,0.86,0.68,0.91,0.94,0.93,0.57,0.95,0.87
315,0.86,0.79,0.91,0.94,0.93,0.71,0.95,0.87
316,0.86,0.79,0.92,0.94,0.93,0.86,0.95,0.87
317,0.88,0.89,0.92,0.94,0.93,0.86,0.95,0.87
318,0.87,0.79,0.93,0.95,0.95,0.86,0.96,0.88
319,0.87,0.89,0.93,0.94,0.93,0.86,0.96,0.88
320,0.88,0.89,0.93,0.94,0.95,0.86,0.96,0.88
321,0.88,0.89,0.93,0.94,0.95,1.0,0.96,0.88
322,0.88,0.79,0.92,0.94,0.95,0.71,0.95,0.88
323,0.88,0.79,0.93,0.94,0.95,0.71,0.95,0.88
324,0.88,0.79,0.93,0.94,0.93,0.71,0.95,0.88
325,0.87,0.79,0.92,0.94,0.95,0.71,0.95,0.88
326,0.87,0.68,0.92,0.94,0.95,0.86,0.96,0.88
327,0.87,0.79,0.93,0.94,0.95,0.86,0.96,0.88
328,0.88,0.79,0.93,0.94,0.95,0.86,0.96,0.89
329,0.87,0.79,0.93,0.95,0.95,0.86,0.97,0.89
330,0.88,0.79,0.93,0.95,0.95,0.86,0.97,0.89
331,0.88,0.79,0.92,0.95,0.95,0.71,0.97,0.89
332,0.87,0.79,0.93,0.95,0.95,0.71,0.96,0.89
333,0.88,0.79,0.93,0.95,0.95,0.42,0.96,0.89
334,0.88,0.68,0.92,0.95,0.95,0.71,0.96,0.89
335,0.88,0.68,0.92,0.95,0.95,0.71,0.97,0.89
336,0.88,0.79,0.92,0.95,0.95,0.71,0.97,0.89
337,0.87,0.68,0.93,0.95,0.95,0.71,0.96,0.89
338,0.87,0.68,0.92,0.95,0.95,0.71,0.96,0.9
339,0.86,0.57,0.92,0.95,0.95,0.71,0.96,0.89
340,0.87,0.68,0.92,0.95,0.95,0.71,0.96,0.9
341,0.87,0.68,0.92,0.95,0.95,0.71,0.96,0.9
342,0.87,0.57,0.92,0.95,0.93,0.71,0.95,0.9
343,0.87,0.68,0.92,0.95,0.95,0.57,0.96,0.9
344,0.87,0.57,0.92,0.95,0.93,0.57,0.96,0.9
345,0.87,0.43,0.92,0.94,0.95,0.57,0.95,0.9
346,0.86,0.43,0.92,0.94,0.93,0.42,0.95,0.9
347,0.86,0.57,0.92,0.94,0.95,0.57,0.96,0.9
348,0.84,0.43,0.92,0.94,0.93,0.57,0.96,0.9
349,0.84,0.57,0.91,0.95,0.93,0.57,0.96,0.9
350,0.86,0.57,0.92,0.95,0.95,0.57,0.96,0.9
351,0.86,0.68,0.92,0.95,0.95,0.71,0.96,0.91
352,0.86,0.68,0.92,0.95,0.95,0.71,0.96,0.91
353,0.86,0.68,0.92,0.95,0.95,0.71,0.96,0.91
354,0.86,0.57,0.92,0.95,0.95,0.57,0.96,0.91
355,0.86,0.79,0.92,0.95,0.95,0.57,0.97,0.91
356,0.87,0.68,0.92,0.95,0.95,0.71,0.96,0.91
357,0.86,0.68,0.92,0.95,0.93,0.71,0.96,0.91
358,0.86,0.68,0.92,0.95,0.95,0.71,0.96,0.91
359,0.86,0.79,0.92,0.95,0.95,0.57,0.96,0.91
360,0.86,0.79,0.92,0.95,0.95,0.86,0.97,0.91
361,0.86,0.68,0.92,0.95,0.95,0.71,0.97,0.91
362,0.86,0.68,0.92,0.95,0.95,0.71,0.96,0.91
363,0.86,0.68,0.92,0.95,0.93,0.57,0.96,0.91
364,0.86,0.79,0.92,0.95,0.95,0.71,0.96,0.91
365,0.86,0.68,0.92,0.95,0.95,0.71,0.96,0.91
366,0.87,0.68,0.92,0.95,0.95,0.57,0.96,0.92
367,0.88,0.79,0.92,0.95,0.95,0.71,0.96,0.92
368,0.87,0.68,0.93,0.95,0.95,0.71,0.96,0.92
369,0.86,0.79,0.92,0.95,0.95,0.71,0.96,0.92
370,0.86,0.79,0.92,0.95,0.95,0.71,0.96,0.92
371,0.87,0.68,0.92,0.95,0.93,0.57,0.96,0.92
372,0.86,0.68,0.92,0.95,0.93,0.71,0.96,0.92
373,0.84,0.68,0.92,0.95,0.95,0.71,0.96,0.92
374,0.81,0.68,0.92,0.95,0.93,0.57,0.95,0.92
375,0.86,0.57,0.92,0.95,0.93,0.57,0.96,0.92
376,0.86,0.79,0.92,0.95,0.95,0.71,0.97,0.92
377,0.86,0.79,0.92,0.96,0.95,0.71,0.95,0.92
378,0.86,0.68,0.92,0.95,0.93,0.57,0.96,0.92
379,0.84,0.68,0.92,0.95,0.93,0.57,0.96,0.92
380,0.83,0.68,0.91,0.95,0.93,0.71,0.96,0.92
381,0.81,0.57,0.92,0.95,0.93,0.57,0.95,0.92
382,0.83,0.68,0.91,0.95,0.93,0.57,0.95,0.92
383,0.83,0.57,0.91,0.95,0.93,0.57,0.95,0.92
384,0.83,0.57,0.91,0.95,0.93,0.42,0.95,0.92
385,0.83,0.57,0.91,0.96,0.93,0.57,0.95,0.93
386,0.84,0.68,0.91,0.95,0.92,0.57,0.95,0.93
387,0.84,0.68,0.91,0.95,0.93,0.57,0.96,0.93
388,0.84,0.68,0.91,0.95,0.93,0.57,0.96,0.93
389,0.84,0.68,0.91,0.96,0.93,0.57,0.96,0.93
390,0.84,0.68,0.92,0.95,0.93,0.57,0.96,0.93
391,0.84,0.79,0.92,0.95,0.95,0.71,0.96,0.93
392,0.84,0.79,0.92,0.96,0.93,0.57,0.96,0.93
393,0.84,0.68,0.92,0.96,0.93,0.71,0.96,0.93
394,0.86,0.79,0.92,0.96,0.93,0.57,0.97,0.93
395,0.84,0.68,0.92,0.96,0.93,0.71,0.96,0.93
396,0.83,0.68,0.92,0.95,0.95,0.57,0.96,0.93
397,0.84,0.68,0.92,0.95,0.93,0.57,0.96,0.93
398,0.83,0.68,0.91,0.95,0.93,0.57,0.95,0.93
399,0.81,0.57,0.91,0.95,0.93,0.57,0.95,0.93
400,0.83,0.68,0.91,0.95,0.93,0.57,0.95,0.93
401,0.8,0.68,0.91,0.95,0.93,0.57,0.95,0.93
402,0.83,0.57,0.91,0.95,0.93,0.57,0.95,0.94
403,0.83,0.68,0.91,0.95,0.93,0.42,0.95,0.94
404,0.83,0.68,0.91,0.95,0.93,0.57,0.95,0.94
405,0.83,0.68,0.91,0.95,0.92,0.71,0.95,0.94
406,0.84,0.68,0.91,0.95,0.93,0.71,0.95,0.94
407,0.84,0.68,0.91,0.95,0.93,0.57,0.95,0.94
408,0.84,0.68,0.92,0.96,0.93,0.57,0.96,0.94
409,0.83,0.68,0.92,0.96,0.95,0.71,0.95,0.94
410,0.86,0.68,0.92,0.96,0.93,0.57,0.97,0.94
411,0.86,0.79,0.92,0.96,0.95,0.71,0.96,0.94
412,0.84,0.79,0.92,0.96,0.95,0.57,0.96,0.94
413,0.86,0.68,0.92,0.96,0.95,0.71,0.97,0.94
414,0.83,0.68,0.92,0.96,0.93,0.71,0.97,0.94
415,0.86,0.79,0.92,0.96,0.93,0.57,0.96,0.94
416,0.86,0.79,0.93,0.96,0.95,0.71,0.97,0.94
417,0.87,0.68,0.92,0.96,0.93,0.57,0.97,0.94
418,0.84,0.68,0.92,0.95,0.95,0.71,0.96,0.94
419,0.86,0.68,0.93,0.95,0.95,0.71,0.96,0.94
420,0.84,0.68,0.93,0.95,0.95,0.71,0.96,0.94
421,0.86,0.68,0.92,0.96,0.95,0.71,0.96,0.94
422,0.87,0.68,0.93,0.95,0.95,0.71,0.97,0.94
423,0.88,0.79,0.93,0.95,0.96,0.71,0.97,0.94
424,0.87,0.68,0.93,0.95,0.93,0.57,0.97,0.95
425,0.87,0.79,0.93,0.96,0.95,0.57,0.97,0.95
426,0.86,0.68,0.93,0.96,0.95,0.71,0.97,0.95
427,0.84,0.68,0.93,0.95,0.95,0.57,0.97,0.95
428,0.86,0.57,0.92,0.95,0.95,0.57,0.97,0.95
429,0.84,0.68,0.92,0.95,0.95,0.57,0.96,0.95
430,0.81,0.68,0.91,0.96,0.93,0.57,0.96,0.95
431,0.83,0.68,0.91,0.95,0.93,0.57,0.96,0.95
432,0.81,0.57,0.91,0.95,0.93,0.42,0.96,0.95
433,0.81,0.57,0.91,0.95,0.93,0.57,0.96,0.95
434,0.8,0.43,0.9,0.95,0.93,0.42,0.96,0.95
435,0.81,0.57,0.91,0.95,0.93,0.42,0.95,0.95
436,0.83,0.57,0.91,0.95,0.92,0.42,0.95,0.95
437,0.83,0.57,0.91,0.95,0.92,0.42,0.95,0.95
438,0.83,0.57,0.91,0.95,0.93,0.57,0.96,0.95
439,0.83,0.57,0.91,0.95,0.93,0.57,0.96,0.95
440,0.83,0.57,0.91,0.95,0.93,0.57,0.96,0.95
441,0.84,0.68,0.91,0.95,0.93,0.42,0.96,0.95
442,0.83,0.57,0.91,0.95,0.93,0.57,0.96,0.95
443,0.81,0.57,0.91,0.95,0.93,0.57,0.96,0.95
444,0.83,0.57,0.91,0.95,0.92,0.57,0.95,0.95
445,0.83,0.57,0.91,0.95,0.93,0.57,0.96,0.95
446,0.83,0.57,0.91,0.95,0.93,0.57,0.96,0.95
447,0.83,0.57,0.91,0.95,0.93,0.42,0.97,0.95
448,0.83,0.57,0.91,0.95,0.93,0.57,0.96,0.96
449,0.8,0.43,0.91,0.95,0.93,0.42,0.96,0.96
450,0.81,0.57,0.91,0.96,0.93,0.57,0.96,0.96
451,0.81,0.57,0.91,0.96,0.93,0.42,0.96,0.95
452,0.8,0.57,0.91,0.95,0.93,0.57,0.96,0.96
453,0.81,0.57,0.91,0.96,0.93,0.42,0.96,0.96
454,0.81,0.68,0.91,0.95,0.93,0.57,0.95,0.96
455,0.81,0.57,0.91,0.95,0.93,0.57,0.95,0.96
456,0.81,0.43,0.91,0.95,0.93,0.42,0.95,0.96
457,0.81,0.43,0.91,0.95,0.93,0.42,0.95,0.96
458,0.81,0.43,0.91,0.95,0.93,0.57,0.95,0.96
459,0.81,0.57,0.91,0.95,0.93,0.57,0.95,0.96
460,0.81,0.57,0.91,0.96,0.92,0.42,0.97,0.96
461,0.83,0.57,0.92,0.95,0.93,0.57,0.96,0.96
462,0.83,0.57,0.92,0.95,0.93,0.57,0.96,0.96
463,0.83,0.68,0.92,0.95,0.93,0.57,0.96,0.96
464,0.81,0.57,0.91,0.95,0.93,0.57,0.96,0.96
465,0.83,0.43,0.92,0.95,0.93,0.42,0.96,0.96
466,0.83,0.43,0.92,0.95,0.93,0.42,0.96,0.96
467,0.83,0.57,0.92,0.95,0.93,0.57,0.96,0.96
468,0.83,0.57,0.92,0.95,0.93,0.57,0.96,0.96
469,0.83,0.43,0.92,0.95,0.93,0.42,0.96,0.96
470,0.84,0.68,0.92,0.95,0.95,0.71,0.96,0.96
471,0.83,0.57,0.92,0.95,0.93,0.57,0.96,0.96
472,0.81,0.57,0.92,0.95,0.93,0.71,0.97,0.96
473,0.83,0.43,0.92,0.95,0.93,0.57,0.96,0.96
474,0.83,0.68,0.92,0.95,0.95,0.57,0.97,0.96
475,0.83,0.57,0.92,0.95,0.93,0.57,0.97,0.96
476,0.81,0.57,0.92,0.95,0.93,0.57,0.96,0.96
477,0.8,0.57,0.92,0.96,0.93,0.57,0.96,0.96
478,0.83,0.57,0.91,0.96,0.93,0.71,0.96,0.96
479,0.83,0.57,0.91,0.95,0.93,0.57,0.96,0.97
480,0.8,0.68,0.91,0.95,0.92,0.71,0.96,0.97
481,0.81,0.68,0.91,0.96,0.93,0.57,0.96,0.97
482,0.8,0.68,0.91,0.96,0.93,0.57,0.96,0.97
483,0.81,0.57,0.91,0.96,0.93,0.57,0.96,0.97
484,0.81,0.68,0.91,0.95,0.93,0.71,0.96,0.97
485,0.8,0.68,0.92,0.96,0.93,0.57,0.97,0.97
486,0.83,0.68,0.92,0.96,0.93,0.71,0.96,0.97
487,0.84,0.79,0.92,0.96,0.95,0.71,0.97,0.97
488,0.81,0.79,0.92,0.96,0.95,0.86,0.97,0.97
489,0.83,0.79,0.92,0.96,0.95,0.71,0.97,0.97
490,0.81,0.68,0.92,0.96,0.95,0.71,0.97,0.97
491,0.84,0.68,0.93,0.96,0.95,0.71,0.97,0.97
492,0.83,0.79,0.92,0.95,0.95,0.71,0.96,0.97
493,0.83,0.68,0.93,0.95,0.93,0.71,0.97,0.97
494,0.83,0.68,0.92,0.96,0.93,0.71,0.97,0.97
495,0.84,0.68,0.93,0.96,0.95,0.71,0.97,0.98
496,0.84,0.79,0.92,0.95,0.95,0.86,0.97,0.97
497,0.83,0.68,0.92,0.96,0.93,0.71,0.97,0.97
498,0.81,0.68,0.92,0.95,0.95,0.71,0.97,0.97
499,0.8,0.68,0.92,0.96,0.95,0.71,0.97,0.98
500,0.83,0.68,0.92,0.96,0.95,0.57,0.96,0.97
501,0.83,0.68,0.92,0.96,0.93,0.71,0.96,0.97
502,0.84,0.68,0.92,0.96,0.95,0.86,0.97,0.98
503,0.83,0.79,0.92,0.96,0.95,0.71,0.97,0.98
504,0.84,0.79,0.93,0.96,0.95,0.71,0.97,0.98
505,0.84,0.79,0.93,0.96,0.96,0.71,0.97,0.98
506,0.84,0.79,0.93,0.96,0.95,0.71,0.97,0.98
507,0.84,0.79,0.93,0.96,0.95,0.86,0.97,0.98
508,0.83,0.79,0.93,0.96,0.95,0.71,0.97,0.98
509,0.86,0.79,0.93,0.96,0.95,0.71,0.97,0.98
510,0.84,0.79,0.92,0.95,0.95,0.86,0.97,0.98
511,0.83,0.79,0.93,0.95,0.95,0.71,0.97,0.98
512,0.84,0.68,0.92,0.96,0.95,0.71,0.97,0.98
513,0.84,0.68,0.92,0.96,0.95,0.86,0.97,0.98
514,0.84,0.68,0.92,0.95,0.93,0.71,0.97,0.98
515,0.86,0.68,0.93,0.96,0.95,0.71,0.97,0.98
516,0.86,0.79,0.93,0.96,0.95,0.86,0.97,0.98
517,0.84,0.68,0.93,0.96,0.96,0.71,0.97,0.98
518,0.86,0.68,0.93,0.96,0.96,0.86,0.97,0.98
519,0.86,0.79,0.93,0.96,0.96,0.57,0.97,0.98
520,0.86,0.79,0.93,0.96,0.96,0.71,0.97,0.98
521,0.84,0.68,0.93,0.95,0.95,0.71,0.97,0.98
522,0.84,0.68,0.93,0.96,0.95,0.71,0.97,0.98
523,0.86,0.79,0.93,0.95,0.95,0.71,0.97,0.98
524,0.86,0.79,0.93,0.96,0.95,0.71,0.97,0.98
525,0.86,0.79,0.93,0.96,0.96,0.86,0.97,0.98
526,0.86,0.89,0.94,0.96,0.96,0.86,0.98,0.98
527,0.87,0.89,0.94,0.96,0.96,0.86,0.98,0.98
528,0.87,1.0,0.94,0.96,0.97,0.86,0.98,0.99
529,0.86,0.89,0.94,0.96,0.96,1.0,0.97,0.98
530,0.86,0.89,0.93,0.96,0.96,0.86,0.98,0.98
531,0.84,0.79,0.94,0.95,0.96,0.86,0.98,0.98
532,0.84,0.89,0.94,0.96,0.96,0.86,0.97,0.99
533,0.86,0.89,0.93,0.96,0.95,0.86,0.98,0.99
534,0.86,0.89,0.93,0.96,0.96,0.86,0.98,0.99
535,0.86,0.89,0.93,0.96,0.96,0.86,0.98,0.98
536,0.86,0.79,0.93,0.96,0.96,0.86,0.97,0.99
537,0.86,0.89,0.93,0.96,0.95,0.86,0.97,0.99
538,0.86,0.89,0.93,0.96,0.96,0.86,0.97,0.99
539,0.86,1.0,0.93,0.96,0.96,0.86,0.98,0.99
540,0.86,0.89,0.94,0.96,0.96,0.86,0.97,0.99
541,0.86,0.89,0.93,0.96,0.96,0.86,0.98,0.99
542,0.86,0.89,0.93,0.96,0.96,0.86,0.97,0.99
543,0.86,0.79,0.93,0.96,0.96,0.86,0.97,0.99
544,0.86,0.89,0.93,0.96,0.96,0.86,0.97,0.99
545,0.86,1.0,0.93,0.96,0.96,0.86,0.97,0.99
546,0.86,0.89,0.93,0.96,0.96,1.0,0.97,0.99
547,0.84,0.79,0.93,0.96,0.95,0.86,0.97,0.99
548,0.86,0.68,0.93,0.96,0.95,0.86,0.97,0.99
549,0.84,0.79,0.93,0.96,0.95,0.71,0.97,0.99
550,0.86,0.79,0.93,0.96,0.95,0.71,0.97,0.99
551,0.83,0.68,0.92,0.95,0.95,0.71,0.97,0.99
552,0.84,0.68,0.93,0.96,0.95,0.71,0.97,0.99
553,0.83,0.57,0.92,0.95,0.95,0.42,0.97,0.99
554,0.83,0.68,0.92,0.95,0.95,0.71,0.97,0.99
555,0.83,0.68,0.92,0.95,0.95,0.71,0.97,0.99
556,0.81,0.68,0.92,0.95,0.93,0.71,0.97,0.99
557,0.81,0.57,0.92,0.95,0.93,0.71,0.97,0.99
558,0.83,0.79,0.92,0.95,0.95,0.71,0.97,0.99
559,0.83,0.79,0.92,0.95,0.95,0.71,0.97,0.99
560,0.83,0.68,0.92,0.95,0.95,0.86,0.97,0.99
561,0.83,0.79,0.92,0.95,0.95,0.71,0.97,0.99
562,0.84,0.68,0.92,0.95,0.95,0.71,0.97,0.99
563,0.84,0.68,0.92,0.95,0.95,0.71,0.97,0.99
564,0.84,0.79,0.92,0.95,0.95,0.71,0.97,0.99
565,0.86,0.79,0.93,0.95,0.95,0.71,0.97,0.99
566,0.86,0.89,0.93,0.96,0.96,0.86,0.97,0.99
567,0.86,0.79,0.93,0.95,0.96,0.71,0.97,0.99
568,0.86,0.79,0.94,0.96,0.96,0.71,0.97,0.99
569,0.87,0.89,0.94,0.96,0.96,0.71,0.98,0.99
570,0.87,0.89,0.94,0.96,0.96,0.86,0.98,0.99
571,0.86,0.89,0.94,0.96,0.96,0.86,0.98,0.99
572,0.87,0.89,0.94,0.96,0.96,0.86,0.97,0.99
573,0.84,0.89,0.94,0.96,0.96,0.71,0.98,0.99
574,0.86,1.0,0.94,0.96,0.96,0.86,0.99,0.99
575,0.86,1.0,0.93,0.96,0.96,0.71,0.99,0.99
576,0.86,0.89,0.94,0.96,0.96,0.86,0.98,0.99
577,0.86,0.89,0.94,0.96,0.96,1.0,0.98,0.99
578,0.86,1.0,0.94,0.96,0.96,1.0,0.99,0.99
579,0.86,1.0,0.93,0.96,0.96,0.86,0.98,0.99
580,0.84,1.0,0.93,0.96,0.95,0.86,0.99,0.99
581,0.84,0.89,0.93,0.96,0.96,0.86,0.97,0.99
582,0.84,0.89,0.93,0.96,0.96,0.86,0.98,0.99
583,0.83,0.79,0.92,0.96,0.96,0.86,0.97,0.99
584,0.84,0.89,0.93,0.96,0.95,0.86,0.97,0.99
585,0.83,0.89,0.93,0.96,0.95,0.86,0.97,0.99
586,0.84,0.79,0.92,0.96,0.95,0.86,0.97,0.99
587,0.83,0.79,0.92,0.96,0.95,0.71,0.97,0.99
588,0.81,0.79,0.93,0.96,0.95,0.86,0.97,0.99
589,0.83,0.89,0.92,0.96,0.95,0.71,0.97,0.99
590,0.83,0.79,0.92,0.96,0.95,0.71,0.97,0.99
591,0.84,0.79,0.92,0.95,0.95,0.71,0.97,0.99
592,0.84,0.68,0.92,0.95,0.95,0.57,0.97,0.99
593,0.84,0.79,0.93,0.95,0.95,0.86,0.97,0.99
594,0.84,0.79,0.93,0.95,0.93,0.71,0.97,0.99
595,0.83,0.68,0.92,0.95,0.95,0.86,0.97,0.99
596,0.84,0.79,0.92,0.95,0.95,0.71,0.97,0.99
597,0.83,0.68,0.92,0.95,0.95,0.71,0.97,0.99
598,0.83,0.79,0.92,0.95,0.95,0.86,0.97,0.99
