0,0.9,0.85,0.96,0.96,0.96,0.93,0.96,0.98
1,0.89,0.85,0.95,0.96,0.96,0.93,0.96,0.98
2,0.89,0.85,0.95,0.96,0.96,0.93,0.97,0.98
3,0.88,0.85,0.95,0.96,0.96,0.92,0.96,0.98
4,0.88,0.85,0.95,0.96,0.96,0.92,0.96,0.98
5,0.89,0.85,0.95,0.96,0.96,0.92,0.96,0.98
6,0.88,0.85,0.95,0.96,0.96,0.93,0.96,0.98
7,0.89,0.85,0.95,0.96,0.96,0.93,0.96,0.98
8,0.89,0.85,0.95,0.96,0.96,0.93,0.96,0.98
9,0.9,0.85,0.95,0.97,0.96,0.93,0.96,0.98
10,0.89,0.85,0.95,0.96,0.95,0.93,0.96,0.98
11,0.89,0.86,0.95,0.97,0.95,0.93,0.97,0.98
12,0.9,0.86,0.95,0.97,0.95,0.93,0.97,0.99
13,0.9,0.86,0.96,0.97,0.96,0.93,0.96,0.98
14,0.9,0.86,0.96,0.97,0.96,0.93,0.97,0.99
15,0.9,0.87,0.96,0.97,0.96,0.93,0.97,0.99
16,0.9,0.85,0.96,0.97,0.96,0.93,0.97,0.99
17,0.91,0.86,0.96,0.97,0.96,0.93,0.97,0.99
18,0.9,0.86,0.96,0.97,0.96,0.93,0.97,0.98
19,0.91,0.86,0.96,0.97,0.97,0.93,0.97,0.99
20,0.92,0.86,0.96,0.97,0.97,0.94,0.97,0.99
21,0.91,0.86,0.96,0.97,0.96,0.93,0.97,0.99
22,0.9,0.87,0.96,0.97,0.97,0.94,0.97,0.99
23,0.92,0.85,0.96,0.96,0.97,0.93,0.96,0.99
24,0.92,0.85,0.96,0.96,0.97,0.93,0.97,0.99
25,0.92,0.85,0.96,0.96,0.97,0.93,0.97,0.98
26,0.92,0.85,0.96,0.96,0.97,0.93,0.97,0.99
27,0.92,0.85,0.96,0.96,0.97,0.93,0.97,0.98
28,0.92,0.85,0.96,0.96,0.97,0.93,0.97,0.98
29,0.91,0.85,0.96,0.96,0.97,0.92,0.97,0.98
30,0.9,0.85,0.96,0.97,0.96,0.93,0.97,0.98
31,0.91,0.85,0.96,0.96,0.96,0.93,0.97,0.98
32,0.9,0.85,0.96,0.96,0.96,0.92,0.97,0.98
33,0.9,0.85,0.96,0.96,0.96,0.92,0.97,0.98
34,0.9,0.85,0.96,0.96,0.96,0.93,0.97,0.98
35,0.91,0.85,0.96,0.97,0.96,0.93,0.97,0.98
36,0.91,0.85,0.96,0.97,0.97,0.93,0.97,0.99
37,0.9,0.85,0.96,0.97,0.96,0.93,0.97,0.98
38,0.89,0.85,0.96,0.97,0.97,0.93,0.97,0.99
39,0.91,0.86,0.96,0.96,0.97,0.94,0.97,0.99
40,0.92,0.87,0.96,0.97,0.97,0.94,0.97,0.99
41,0.91,0.86,0.96,0.97,0.97,0.93,0.97,0.99
42,0.92,0.86,0.96,0.97,0.97,0.94,0.98,0.99
43,0.92,0.86,0.96,0.97,0.97,0.94,0.97,0.99
44,0.92,0.86,0.96,0.97,0.97,0.94,0.97,0.99
45,0.92,0.86,0.96,0.97,0.98,0.94,0.97,0.99
46,0.92,0.86,0.96,0.97,0.97,0.94,0.97,0.99
47,0.93,0.87,0.97,0.96,0.97,0.94,0.98,0.99
48,0.93,0.87,0.97,0.97,0.98,0.95,0.98,0.99
49,0.94,0.88,0.97,0.97,0.98,0.94,0.98,0.99
50,0.91,0.87,0.97,0.97,0.98,0.94,0.97,0.99
51,0.93,0.87,0.97,0.97,0.97,0.94,0.97,0.99
52,0.92,0.87,0.97,0.97,0.98,0.94,0.97,0.99
53,0.95,0.87,0.99,0.97,0.98,0.94,0.97,0.99
54,0.96,0.87,0.99,0.96,0.99,0.94,0.97,0.99
55,0.98,0.87,1.0,0.97,0.99,0.94,0.96,0.99
56,0.91,0.83,0.89,0.95,0.93,0.92,0.74,0.97
57,0.83,0.81,0.78,0.93,0.88,0.9,0.6,0.95
58,0.68,0.72,0.54,0.88,0.65,0.81,0.38,0.89
59,0.53,0.59,0.37,0.79,0.41,0.68,0.27,0.79
60,0.39,0.46,0.26,0.67,0.28,0.53,0.2,0.66
61,0.36,0.44,0.24,0.63,0.26,0.49,0.19,0.63
62,0.28,0.37,0.19,0.53,0.21,0.4,0.16,0.54
63,0.23,0.3,0.15,0.43,0.17,0.33,0.14,0.44
64,0.21,0.27,0.13,0.39,0.15,0.3,0.13,0.39
65,0.18,0.24,0.11,0.33,0.13,0.26,0.11,0.34
66,0.16,0.23,0.1,0.31,0.12,0.24,0.1,0.32
67,0.16,0.2,0.09,0.27,0.1,0.22,0.09,0.28
68,0.13,0.19,0.08,0.23,0.09,0.2,0.08,0.24
69,0.12,0.17,0.07,0.21,0.09,0.18,0.08,0.22
70,0.1,0.15,0.06,0.18,0.07,0.15,0.07,0.19
71,0.09,0.13,0.06,0.16,0.06,0.14,0.06,0.16
72,0.08,0.12,0.05,0.14,0.06,0.13,0.05,0.15
73,0.06,0.11,0.04,0.13,0.05,0.12,0.05,0.13
74,0.06,0.1,0.04,0.11,0.05,0.11,0.04,0.12
75,0.05,0.09,0.04,0.11,0.04,0.11,0.04,0.11
76,0.05,0.09,0.03,0.09,0.04,0.09,0.04,0.1
77,0.05,0.08,0.03,0.09,0.04,0.09,0.04,0.09
78,0.04,0.08,0.02,0.08,0.03,0.08,0.03,0.08
79,0.04,0.07,0.02,0.07,0.03,0.08,0.03,0.07
80,0.03,0.07,0.02,0.06,0.02,0.07,0.03,0.06
81,0.03,0.07,0.02,0.06,0.02,0.07,0.03,0.06
82,0.03,0.06,0.02,0.06,0.02,0.06,0.02,0.05
83,0.03,0.06,0.02,0.05,0.02,0.06,0.02,0.05
84,0.01,0.06,0.01,0.05,0.02,0.05,0.02,0.05
85,0.03,0.05,0.01,0.05,0.02,0.05,0.02,0.04
86,0.01,0.06,0.01,0.04,0.02,0.05,0.02,0.04
87,0.03,0.05,0.01,0.04,0.01,0.05,0.02,0.04
88,0.03,0.06,0.01,0.04,0.01,0.04,0.02,0.04
89,0.03,0.05,0.01,0.04,0.01,0.04,0.02,0.03
90,0.02,0.04,0.01,0.03,0.01,0.04,0.01,0.03
91,0.01,0.04,0.01,0.03,0.01,0.04,0.01,0.03
92,0.01,0.04,0.01,0.03,0.01,0.04,0.01,0.03
93,0.01,0.04,0.01,0.03,0.01,0.04,0.01,0.03
94,0.01,0.04,0.01,0.02,0.01,0.03,0.01,0.02
95,0.01,0.03,0.01,0.02,0.01,0.03,0.01,0.02
96,0.02,0.04,0.01,0.02,0.01,0.03,0.01,0.02
97,0.01,0.03,0.01,0.02,0.01,0.03,0.01,0.02
98,0.01,0.03,0.01,0.02,0.01,0.03,0.01,0.02
99,0.01,0.04,0.01,0.02,0.01,0.03,0.01,0.02
100,0.02,0.04,0.01,0.02,0.01,0.03,0.01,0.02
101,0.01,0.04,0.01,0.02,0.01,0.03,0.01,0.02
102,0.02,0.04,0.01,0.02,0.01,0.03,0.01,0.02
103,0.02,0.04,0.01,0.02,0.01,0.02,0.01,0.02
104,0.01,0.04,0.01,0.02,0.01,0.03,0.01,0.02
105,0.01,0.04,0.0,0.02,0.01,0.03,0.01,0.01
106,0.01,0.04,0.0,0.02,0.01,0.03,0.01,0.01
107,0.01,0.03,0.0,0.02,0.0,0.03,0.01,0.01
108,0.01,0.03,0.0,0.01,0.0,0.02,0.01,0.01
109,0.01,0.03,0.0,0.01,0.0,0.02,0.01,0.01
110,0.01,0.03,0.0,0.01,0.0,0.02,0.01,0.01
111,0.01,0.03,0.0,0.01,0.0,0.02,0.01,0.01
112,0.01,0.03,0.0,0.01,0.0,0.02,0.01,0.01
113,0.01,0.03,0.0,0.01,0.0,0.02,0.01,0.01
114,0.01,0.03,0.0,0.01,0.0,0.02,0.01,0.01
115,0.01,0.03,0.0,0.01,0.0,0.02,0.01,0.01
116,0.01,0.03,0.0,0.01,0.0,0.02,0.01,0.01
117,0.01,0.03,0.0,0.01,0.0,0.02,0.01,0.01
118,0.01,0.03,0.0,0.01,0.0,0.02,0.01,0.01
119,0.01,0.03,0.0,0.01,0.0,0.02,0.01,0.01
120,0.01,0.03,0.0,0.01,0.0,0.02,0.01,0.01
121,0.01,0.03,0.0,0.01,0.0,0.02,0.01,0.01
122,0.01,0.03,0.0,0.01,0.0,0.02,0.01,0.01
123,0.0,0.03,0.0,0.01,0.0,0.02,0.0,0.01
124,0.01,0.03,0.0,0.01,0.0,0.02,0.0,0.01
125,0.01,0.02,0.0,0.01,0.0,0.01,0.0,0.01
126,0.01,0.02,0.0,0.01,0.0,0.01,0.0,0.01
127,0.01,0.02,0.0,0.01,0.0,0.01,0.0,0.01
128,0.01,0.02,0.0,0.0,0.0,0.01,0.0,0.0
129,0.01,0.02,0.0,0.01,0.0,0.02,0.0,0.0
130,0.01,0.02,0.0,0.0,0.0,0.01,0.0,0.0
131,0.01,0.02,0.0,0.01,0.0,0.01,0.0,0.0
132,0.01,0.02,0.0,0.0,0.0,0.01,0.01,0.0
133,0.01,0.03,0.0,0.0,0.0,0.01,0.0,0.0
134,0.01,0.03,0.0,0.0,0.0,0.01,0.0,0.0
135,0.01,0.03,0.0,0.0,0.0,0.01,0.0,0.0
136,0.01,0.02,0.0,0.0,0.0,0.01,0.0,0.0
137,0.01,0.02,0.0,0.01,0.0,0.01,0.0,0.0
138,0.01,0.02,0.0,0.0,0.0,0.01,0.0,0.0
139,0.01,0.02,0.01,0.0,0.0,0.01,0.0,0.0
140,0.01,0.02,0.0,0.0,0.0,0.01,0.0,0.0
141,0.01,0.02,0.0,0.0,0.0,0.01,0.0,0.0
142,0.01,0.02,0.0,0.0,0.0,0.01,0.0,0.0
143,0.01,0.02,0.0,0.0,0.0,0.01,0.01,0.0
144,0.01,0.02,0.0,0.0,0.0,0.0,0.0,0.0
145,0.01,0.02,0.0,0.0,0.0,0.0,0.0,0.0
146,0.01,0.01,0.0,0.0,0.0,0.0,0.0,0.0
147,0.01,0.01,0.0,0.0,0.0,0.0,0.0,0.0
148,0.01,0.01,0.0,0.0,0.0,0.0,0.0,0.0
149,0.0,0.0,0.0,0.0,0.0,0.0,0.0,0.0
150,0.0,0.0,0.0,0.0,0.0,0.0,0.0,0.0
151,0.01,0.0,0.0,0.0,0.0,0.0,0.01,0.0
152,0.02,0.01,0.02,0.0,0.01,0.0,0.03,0.0
153,0.03,0.01,0.03,0.0,0.02,0.0,0.04,0.0
154,0.08,0.04,0.07,0.01,0.07,0.02,0.1,0.01
155,0.1,0.07,0.1,0.02,0.1,0.03,0.13,0.01
156,0.15,0.09,0.14,0.03,0.14,0.06,0.16,0.02
157,0.18,0.11,0.16,0.05,0.17,0.08,0.19,0.03
158,0.23,0.15,0.2,0.06,0.21,0.11,0.22,0.04
159,0.26,0.19,0.24,0.08,0.24,0.14,0.25,0.05
160,0.33,0.24,0.3,0.11,0.3,0.19,0.31,0.06
161,0.38,0.29,0.34,0.14,0.34,0.22,0.34,0.08
162,0.43,0.33,0.38,0.17,0.39,0.27,0.38,0.1
163,0.47,0.37,0.42,0.2,0.42,0.3,0.41,0.11
164,0.49,0.4,0.44,0.22,0.44,0.33,0.43,0.12
165,0.52,0.43,0.48,0.25,0.47,0.36,0.46,0.14
166,0.54,0.45,0.5,0.26,0.49,0.38,0.48,0.15
167,0.58,0.49,0.53,0.3,0.52,0.41,0.51,0.17
168,0.61,0.52,0.56,0.34,0.55,0.45,0.54,0.2
169,0.62,0.54,0.59,0.36,0.57,0.48,0.56,0.21
170,0.64,0.57,0.61,0.4,0.6,0.51,0.59,0.23
171,0.66,0.57,0.62,0.41,0.61,0.52,0.6,0.24
172,0.67,0.59,0.64,0.43,0.63,0.53,0.61,0.26
173,0.7,0.62,0.67,0.46,0.65,0.57,0.64,0.28
174,0.7,0.63,0.69,0.5,0.68,0.59,0.66,0.3
175,0.72,0.65,0.71,0.52,0.69,0.61,0.67,0.32
176,0.74,0.67,0.73,0.54,0.71,0.63,0.69,0.34
177,0.75,0.68,0.74,0.57,0.72,0.65,0.71,0.36
178,0.77,0.69,0.75,0.58,0.74,0.66,0.72,0.37
179,0.79,0.7,0.76,0.6,0.74,0.67,0.73,0.39
180,0.79,0.72,0.78,0.63,0.77,0.7,0.75,0.41
181,0.8,0.72,0.79,0.64,0.77,0.71,0.76,0.42
182,0.81,0.73,0.8,0.66,0.78,0.71,0.77,0.45
183,0.81,0.73,0.81,0.67,0.79,0.72,0.78,0.46
184,0.81,0.74,0.82,0.7,0.81,0.74,0.79,0.48
185,0.81,0.74,0.82,0.7,0.81,0.74,0.79,0.48
186,0.81,0.74,0.82,0.71,0.81,0.74,0.8,0.5
187,0.82,0.75,0.83,0.73,0.82,0.76,0.81,0.52
188,0.82,0.76,0.83,0.74,0.82,0.76,0.81,0.53
189,0.83,0.77,0.85,0.76,0.84,0.77,0.82,0.55
190,0.83,0.77,0.85,0.76,0.84,0.78,0.83,0.55
191,0.82,0.78,0.86,0.78,0.85,0.79,0.83,0.57
192,0.84,0.78,0.86,0.78,0.86,0.81,0.84,0.58
193,0.84,0.78,0.86,0.79,0.86,0.79,0.84,0.59
194,0.83,0.78,0.87,0.81,0.86,0.81,0.85,0.61
195,0.83,0.79,0.87,0.82,0.86,0.82,0.85,0.62
196,0.85,0.79,0.88,0.82,0.86,0.82,0.86,0.63
197,0.85,0.79,0.88,0.83,0.86,0.82,0.86,0.65
198,0.84,0.8,0.88,0.83,0.87,0.82,0.86,0.65
199,0.86,0.81,0.89,0.84,0.88,0.83,0.87,0.67
200,0.86,0.81,0.89,0.85,0.88,0.84,0.87,0.67
201,0.86,0.81,0.89,0.86,0.87,0.84,0.87,0.69
202,0.86,0.81,0.89,0.86,0.88,0.85,0.88,0.69
203,0.85,0.81,0.89,0.86,0.88,0.84,0.88,0.71
204,0.85,0.81,0.89,0.86,0.88,0.84,0.88,0.71
205,0.85,0.8,0.89,0.87,0.88,0.85,0.88,0.72
206,0.85,0.8,0.89,0.87,0.88,0.85,0.88,0.73
207,0.84,0.81,0.89,0.87,0.89,0.85,0.88,0.73
208,0.86,0.8,0.89,0.88,0.89,0.84,0.89,0.74
209,0.86,0.81,0.89,0.88,0.89,0.85,0.89,0.74
210,0.87,0.81,0.9,0.89,0.89,0.85,0.89,0.75
211,0.87,0.81,0.9,0.89,0.9,0.85,0.89,0.76
212,0.88,0.81,0.9,0.89,0.9,0.85,0.89,0.76
213,0.87,0.81,0.91,0.9,0.9,0.85,0.9,0.77
214,0.87,0.81,0.91,0.9,0.91,0.86,0.9,0.77
215,0.88,0.81,0.91,0.9,0.9,0.86,0.9,0.78
216,0.87,0.81,0.91,0.9,0.91,0.86,0.9,0.79
217,0.88,0.81,0.91,0.9,0.9,0.86,0.9,0.79
218,0.88,0.81,0.9,0.9,0.9,0.86,0.9,0.79
219,0.87,0.81,0.91,0.9,0.91,0.86,0.9,0.8
220,0.87,0.81,0.91,0.91,0.91,0.86,0.9,0.8
221,0.87,0.81,0.91,0.91,0.91,0.86,0.9,0.81
222,0.88,0.81,0.91,0.91,0.91,0.86,0.9,0.81
223,0.89,0.81,0.92,0.91,0.91,0.88,0.9,0.82
224,0.88,0.82,0.92,0.91,0.92,0.85,0.9,0.82
225,0.88,0.81,0.92,0.92,0.92,0.86,0.91,0.82
226,0.88,0.82,0.92,0.92,0.92,0.87,0.91,0.83
227,0.87,0.82,0.92,0.92,0.92,0.87,0.91,0.83
228,0.88,0.83,0.92,0.92,0.92,0.88,0.91,0.84
229,0.88,0.83,0.92,0.92,0.92,0.88,0.92,0.84
230,0.88,0.83,0.92,0.92,0.92,0.88,0.91,0.84
231,0.88,0.82,0.92,0.93,0.92,0.88,0.91,0.85
232,0.88,0.82,0.92,0.92,0.92,0.88,0.92,0.85
233,0.88,0.81,0.92,0.93,0.92,0.87,0.91,0.85
234,0.88,0.81,0.92,0.93,0.92,0.86,0.91,0.85
235,0.88,0.81,0.92,0.93,0.92,0.88,0.91,0.85
236,0.87,0.82,0.92,0.93,0.92,0.88,0.91,0.86
237,0.87,0.81,0.92,0.93,0.92,0.87,0.91,0.86
238,0.87,0.81,0.92,0.93,0.92,0.87,0.91,0.86
239,0.88,0.81,0.92,0.93,0.92,0.87,0.91,0.86
240,0.88,0.81,0.92,0.93,0.92,0.87,0.91,0.86
241,0.88,0.81,0.92,0.93,0.92,0.87,0.91,0.87
242,0.88,0.81,0.92,0.93,0.92,0.88,0.91,0.87
243,0.88,0.81,0.93,0.93,0.92,0.88,0.91,0.87
244,0.88,0.82,0.93,0.94,0.92,0.88,0.92,0.88
245,0.88,0.83,0.93,0.94,0.93,0.88,0.92,0.88
246,0.89,0.83,0.93,0.94,0.93,0.89,0.92,0.88
247,0.89,0.83,0.93,0.94,0.93,0.88,0.92,0.88
248,0.9,0.83,0.93,0.94,0.93,0.89,0.93,0.88
249,0.89,0.83,0.93,0.94,0.93,0.89,0.93,0.88
250,0.88,0.83,0.93,0.94,0.93,0.89,0.92,0.89
251,0.88,0.83,0.93,0.94,0.93,0.88,0.92,0.89
252,0.88,0.83,0.93,0.94,0.93,0.89,0.93,0.89
253,0.88,0.83,0.93,0.94,0.93,0.89,0.93,0.89
254,0.88,0.83,0.93,0.94,0.93,0.9,0.93,0.89
255,0.89,0.84,0.93,0.95,0.93,0.89,0.93,0.89
256,0.88,0.83,0.93,0.95,0.93,0.89,0.93,0.9
257,0.89,0.83,0.93,0.95,0.93,0.9,0.93,0.9
258,0.88,0.84,0.93,0.95,0.93,0.9,0.93,0.9
259,0.88,0.84,0.93,0.95,0.93,0.9,0.93,0.9
260,0.88,0.83,0.93,0.95,0.93,0.9,0.93,0.9
261,0.88,0.83,0.93,0.95,0.93,0.89,0.93,0.9
262,0.89,0.84,0.93,0.95,0.93,0.9,0.93,0.91
263,0.89,0.83,0.94,0.95,0.93,0.89,0.93,0.91
264,0.89,0.84,0.94,0.95,0.93,0.89,0.93,0.91
265,0.9,0.84,0.94,0.95,0.94,0.9,0.93,0.91
266,0.91,0.84,0.94,0.95,0.93,0.9,0.93,0.91
267,0.91,0.84,0.94,0.95,0.93,0.9,0.94,0.91
268,0.91,0.84,0.94,0.95,0.93,0.9,0.94,0.91
269,0.9,0.84,0.94,0.96,0.94,0.9,0.94,0.91
270,0.9,0.85,0.94,0.96,0.94,0.9,0.94,0.91
271,0.91,0.85,0.94,0.96,0.94,0.9,0.94,0.92
272,0.9,0.85,0.94,0.96,0.95,0.9,0.94,0.92
273,0.91,0.85,0.94,0.96,0.94,0.9,0.94,0.92
274,0.9,0.85,0.94,0.96,0.94,0.9,0.94,0.92
275,0.91,0.85,0.94,0.96,0.94,0.91,0.94,0.92
276,0.91,0.84,0.94,0.96,0.94,0.9,0.94,0.92
277,0.91,0.84,0.94,0.96,0.95,0.91,0.94,0.92
278,0.89,0.85,0.94,0.96,0.94,0.9,0.94,0.93
279,0.9,0.84,0.94,0.96,0.94,0.9,0.94,0.93
280,0.91,0.85,0.94,0.96,0.95,0.9,0.94,0.93
281,0.91,0.85,0.94,0.96,0.94,0.9,0.94,0.93
282,0.91,0.85,0.94,0.96,0.94,0.9,0.94,0.93
283,0.91,0.84,0.94,0.96,0.94,0.9,0.94,0.93
284,0.9,0.84,0.94,0.96,0.94,0.9,0.93,0.93
285,0.89,0.84,0.94,0.96,0.94,0.9,0.94,0.93
286,0.9,0.85,0.94,0.96,0.94,0.9,0.94,0.93
287,0.89,0.85,0.94,0.96,0.94,0.9,0.94,0.93
288,0.9,0.84,0.94,0.96,0.94,0.9,0.94,0.93
289,0.9,0.85,0.94,0.96,0.94,0.9,0.94,0.93
290,0.9,0.85,0.94,0.96,0.94,0.91,0.94,0.93
291,0.9,0.84,0.94,0.96,0.93,0.9,0.94,0.93
292,0.89,0.84,0.94,0.96,0.94,0.9,0.94,0.93
293,0.89,0.85,0.94,0.96,0.94,0.91,0.94,0.93
294,0.88,0.84,0.94,0.96,0.93,0.9,0.94,0.93
295,0.88,0.84,0.93,0.96,0.93,0.9,0.93,0.93
296,0.88,0.84,0.93,0.96,0.93,0.9,0.93,0.93
297,0.88,0.83,0.93,0.96,0.93,0.9,0.93,0.94
298,0.88,0.83,0.93,0.96,0.93,0.9,0.93,0.94
299,0.88,0.83,0.93,0.96,0.93,0.9,0.93,0.94
300,0.87,0.84,0.93,0.96,0.93,0.9,0.93,0.94
301,0.87,0.84,0.93,0.96,0.93,0.9,0.93,0.94
302,0.87,0.84,0.93,0.96,0.93,0.9,0.93,0.94
303,0.87,0.83,0.93,0.96,0.93,0.9,0.93,0.94
304,0.87,0.83,0.93,0.96,0.93,0.9,0.93,0.94
305,0.88,0.84,0.93,0.96,0.93,0.9,0.93,0.94
306,0.88,0.83,0.93,0.96,0.93,0.9,0.93,0.94
307,0.89,0.83,0.93,0.96,0.93,0.9,0.93,0.94
308,0.88,0.84,0.93,0.96,0.93,0.9,0.93,0.94
309,0.89,0.83,0.93,0.96,0.93,0.9,0.93,0.94
310,0.89,0.84,0.93,0.96,0.93,0.9,0.93,0.94
311,0.89,0.84,0.94,0.96,0.93,0.9,0.94,0.94
312,0.89,0.84,0.93,0.96,0.93,0.9,0.94,0.94
313,0.89,0.84,0.94,0.96,0.93,0.9,0.94,0.94
314,0.9,0.84,0.94,0.96,0.94,0.9,0.94,0.94
315,0.9,0.84,0.94,0.97,0.94,0.9,0.94,0.94
316,0.9,0.84,0.94,0.97,0.93,0.9,0.94,0.94
317,0.9,0.84,0.94,0.96,0.94,0.9,0.94,0.94
318,0.9,0.85,0.94,0.97,0.94,0.9,0.95,0.95
319,0.9,0.84,0.94,0.96,0.94,0.91,0.94,0.95
320,0.89,0.85,0.94,0.97,0.94,0.9,0.94,0.95
321,0.9,0.85,0.94,0.97,0.94,0.9,0.95,0.95
322,0.9,0.85,0.94,0.97,0.94,0.91,0.95,0.95
323,0.89,0.85,0.94,0.97,0.95,0.91,0.95,0.95
324,0.9,0.86,0.95,0.97,0.95,0.91,0.95,0.95
325,0.9,0.85,0.95,0.97,0.95,0.92,0.95,0.95
326,0.9,0.86,0.94,0.97,0.95,0.91,0.95,0.95
327,0.9,0.85,0.94,0.97,0.95,0.92,0.95,0.95
328,0.9,0.85,0.94,0.97,0.95,0.92,0.95,0.95
329,0.9,0.86,0.94,0.97,0.94,0.92,0.95,0.95
330,0.9,0.86,0.95,0.97,0.95,0.92,0.95,0.95
331,0.91,0.86,0.95,0.97,0.95,0.92,0.95,0.95
332,0.91,0.86,0.95,0.97,0.95,0.92,0.95,0.95
333,0.9,0.85,0.94,0.97,0.95,0.91,0.95,0.95
334,0.9,0.85,0.94,0.97,0.94,0.91,0.95,0.95
335,0.88,0.85,0.94,0.97,0.95,0.91,0.95,0.96
336,0.9,0.85,0.94,0.97,0.94,0.91,0.95,0.95
337,0.9,0.85,0.94,0.97,0.94,0.91,0.94,0.95
338,0.9,0.85,0.94,0.97,0.94,0.91,0.95,0.95
339,0.9,0.85,0.94,0.97,0.94,0.91,0.95,0.95
340,0.9,0.84,0.94,0.97,0.95,0.9,0.95,0.95
341,0.9,0.84,0.95,0.97,0.95,0.91,0.95,0.95
342,0.89,0.85,0.94,0.97,0.94,0.91,0.94,0.95
343,0.89,0.84,0.94,0.97,0.94,0.9,0.94,0.95
344,0.88,0.84,0.94,0.97,0.94,0.9,0.94,0.95
345,0.89,0.84,0.94,0.97,0.94,0.9,0.94,0.95
346,0.88,0.85,0.94,0.97,0.94,0.9,0.94,0.95
347,0.88,0.85,0.94,0.97,0.94,0.9,0.94,0.95
348,0.88,0.85,0.94,0.97,0.94,0.9,0.95,0.95
349,0.88,0.85,0.94,0.97,0.95,0.91,0.95,0.96
350,0.89,0.85,0.94,0.97,0.95,0.91,0.95,0.96
351,0.89,0.86,0.94,0.97,0.94,0.92,0.95,0.96
352,0.89,0.85,0.94,0.97,0.95,0.91,0.95,0.96
353,0.89,0.85,0.94,0.97,0.94,0.92,0.95,0.96
354,0.89,0.85,0.94,0.97,0.94,0.92,0.95,0.96
355,0.89,0.86,0.95,0.97,0.94,0.92,0.95,0.96
356,0.89,0.86,0.94,0.97,0.95,0.93,0.95,0.96
357,0.89,0.86,0.94,0.98,0.95,0.92,0.95,0.96
358,0.89,0.86,0.94,0.98,0.95,0.91,0.95,0.96
359,0.89,0.86,0.94,0.97,0.95,0.92,0.95,0.96
360,0.88,0.85,0.94,0.97,0.95,0.91,0.95,0.96
361,0.88,0.85,0.94,0.98,0.94,0.91,0.95,0.96
362,0.88,0.85,0.94,0.98,0.94,0.91,0.95,0.96
363,0.88,0.85,0.94,0.97,0.94,0.91,0.94,0.96
364,0.88,0.85,0.93,0.97,0.94,0.9,0.94,0.96
365,0.88,0.84,0.93,0.97,0.94,0.9,0.94,0.96
366,0.88,0.85,0.93,0.97,0.93,0.9,0.94,0.96
367,0.88,0.85,0.93,0.97,0.93,0.91,0.94,0.96
368,0.88,0.85,0.94,0.97,0.94,0.91,0.94,0.96
369,0.88,0.85,0.94,0.98,0.94,0.91,0.94,0.96
370,0.88,0.85,0.94,0.98,0.94,0.91,0.95,0.96
371,0.89,0.85,0.94,0.97,0.94,0.92,0.95,0.96
372,0.89,0.85,0.94,0.98,0.94,0.93,0.95,0.96
373,0.89,0.86,0.94,0.98,0.95,0.92,0.95,0.96
374,0.9,0.87,0.94,0.98,0.95,0.92,0.95,0.96
375,0.89,0.86,0.94,0.98,0.95,0.92,0.95,0.96
376,0.89,0.88,0.95,0.98,0.95,0.92,0.95,0.96
377,0.89,0.86,0.94,0.98,0.95,0.92,0.95,0.96
378,0.89,0.86,0.94,0.98,0.95,0.92,0.95,0.96
379,0.89,0.86,0.94,0.98,0.94,0.91,0.95,0.96
380,0.89,0.86,0.94,0.98,0.95,0.91,0.95,0.96
381,0.89,0.85,0.94,0.98,0.95,0.92,0.95,0.96
382,0.89,0.85,0.94,0.98,0.94,0.92,0.95,0.96
383,0.89,0.85,0.94,0.98,0.94,0.92,0.95,0.96
384,0.89,0.85,0.94,0.98,0.94,0.91,0.95,0.96
385,0.88,0.85,0.94,0.98,0.94,0.91,0.95,0.96
386,0.88,0.85,0.94,0.98,0.94,0.92,0.95,0.96
387,0.88,0.85,0.94,0.98,0.93,0.91,0.95,0.96
388,0.88,0.85,0.94,0.98,0.94,0.91,0.95,0.96
389,0.88,0.85,0.94,0.98,0.93,0.91,0.95,0.96
390,0.89,0.85,0.94,0.98,0.94,0.91,0.95,0.96
391,0.89,0.85,0.94,0.98,0.94,0.91,0.94,0.96
392,0.9,0.87,0.95,0.98,0.95,0.92,0.95,0.96
393,0.9,0.87,0.95,0.98,0.95,0.92,0.95,0.97
394,0.89,0.86,0.95,0.98,0.95,0.92,0.95,0.97
395,0.9,0.87,0.95,0.98,0.95,0.92,0.95,0.97
396,0.9,0.87,0.95,0.98,0.95,0.92,0.95,0.97
397,0.91,0.87,0.95,0.98,0.95,0.92,0.95,0.97
398,0.9,0.87,0.96,0.98,0.95,0.92,0.95,0.97
399,0.9,0.88,0.96,0.98,0.95,0.92,0.95,0.97
400,0.91,0.87,0.96,0.98,0.95,0.92,0.96,0.97
401,0.91,0.87,0.96,0.98,0.95,0.93,0.96,0.97
402,0.9,0.87,0.96,0.98,0.96,0.93,0.95,0.97
403,0.91,0.87,0.96,0.98,0.95,0.93,0.96,0.97
404,0.92,0.87,0.96,0.98,0.95,0.92,0.96,0.97
405,0.89,0.87,0.96,0.98,0.95,0.93,0.96,0.97
406,0.91,0.87,0.95,0.98,0.95,0.92,0.96,0.97
407,0.9,0.87,0.95,0.99,0.95,0.92,0.96,0.97
408,0.9,0.87,0.95,0.99,0.95,0.93,0.96,0.97
409,0.9,0.87,0.95,0.98,0.95,0.92,0.95,0.97
410,0.9,0.87,0.95,0.98,0.95,0.92,0.95,0.97
411,0.89,0.87,0.95,0.98,0.95,0.92,0.95,0.97
412,0.9,0.87,0.95,0.98,0.95,0.93,0.95,0.97
413,0.89,0.88,0.95,0.98,0.95,0.92,0.96,0.97
414,0.9,0.87,0.95,0.99,0.95,0.93,0.96,0.97
415,0.89,0.87,0.95,0.98,0.96,0.93,0.96,0.97
416,0.88,0.87,0.95,0.98,0.96,0.92,0.95,0.97
417,0.89,0.87,0.95,0.98,0.95,0.92,0.96,0.97
418,0.88,0.88,0.95,0.98,0.95,0.93,0.96,0.97
419,0.89,0.87,0.95,0.98,0.95,0.93,0.96,0.97
420,0.89,0.86,0.94,0.98,0.95,0.92,0.95,0.97
421,0.88,0.86,0.94,0.98,0.95,0.92,0.95,0.97
422,0.89,0.87,0.94,0.98,0.95,0.92,0.95,0.97
423,0.89,0.86,0.94,0.98,0.95,0.92,0.95,0.97
424,0.89,0.87,0.94,0.98,0.95,0.92,0.95,0.97
425,0.89,0.87,0.94,0.98,0.95,0.92,0.96,0.97
426,0.88,0.87,0.94,0.98,0.95,0.92,0.96,0.97
427,0.89,0.88,0.95,0.98,0.95,0.93,0.95,0.97
428,0.89,0.88,0.95,0.98,0.95,0.93,0.95,0.98
429,0.88,0.88,0.95,0.99,0.95,0.93,0.96,0.97
430,0.89,0.88,0.95,0.99,0.95,0.93,0.96,0.97
431,0.89,0.88,0.95,0.99,0.95,0.94,0.96,0.97
432,0.89,0.88,0.95,0.99,0.95,0.93,0.96,0.98
433,0.89,0.89,0.95,0.99,0.95,0.94,0.96,0.98
434,0.89,0.89,0.95,0.99,0.95,0.94,0.96,0.98
435,0.88,0.9,0.95,0.99,0.96,0.94,0.96,0.98
436,0.88,0.9,0.95,0.99,0.95,0.94,0.96,0.98
437,0.89,0.9,0.95,0.99,0.95,0.95,0.97,0.98
438,0.88,0.9,0.95,0.99,0.95,0.95,0.96,0.98
439,0.88,0.91,0.94,0.99,0.96,0.96,0.96,0.98
440,0.89,0.91,0.94,1.0,0.95,0.95,0.96,0.98
441,0.88,0.91,0.94,0.99,0.95,0.95,0.96,0.98
442,0.89,0.91,0.95,1.0,0.95,0.96,0.96,0.98
443,0.89,0.91,0.95,0.99,0.95,0.96,0.96,0.98
444,0.89,0.91,0.94,0.99,0.96,0.96,0.96,0.98
445,0.89,0.91,0.95,1.0,0.95,0.96,0.97,0.98
446,0.89,0.91,0.94,0.99,0.95,0.96,0.96,0.98
447,0.88,0.91,0.94,1.0,0.95,0.95,0.96,0.98
448,0.89,0.91,0.94,1.0,0.95,0.96,0.96,0.98
449,0.89,0.91,0.95,1.0,0.95,0.96,0.96,0.99
450,0.9,0.91,0.95,1.0,0.95,0.96,0.96,0.99
451,0.9,0.92,0.95,1.0,0.95,0.96,0.96,0.99
452,0.9,0.91,0.95,1.0,0.95,0.96,0.96,0.99
453,0.9,0.91,0.95,0.99,0.96,0.96,0.96,0.99
454,0.91,0.91,0.95,1.0,0.95,0.96,0.96,0.99
455,0.9,0.92,0.96,1.0,0.96,0.96,0.96,0.99
456,0.92,0.92,0.96,1.0,0.96,0.96,0.97,0.99
457,0.92,0.92,0.96,1.0,0.96,0.96,0.97,0.99
458,0.92,0.92,0.96,1.0,0.96,0.96,0.97,0.99
459,0.91,0.92,0.96,1.0,0.96,0.96,0.97,0.99
460,0.92,0.92,0.96,1.0,0.97,0.96,0.97,0.99
461,0.92,0.93,0.96,1.0,0.97,0.96,0.97,0.99
462,0.92,0.93,0.97,1.0,0.97,0.96,0.97,0.99
463,0.93,0.93,0.97,1.0,0.97,0.97,0.97,0.99
464,0.93,0.93,0.97,1.0,0.97,0.96,0.97,0.99
465,0.93,0.93,0.96,1.0,0.97,0.96,0.97,0.99
466,0.92,0.93,0.97,1.0,0.97,0.97,0.97,0.99
467,0.93,0.93,0.97,1.0,0.97,0.96,0.97,0.99
468,0.92,0.93,0.97,1.0,0.98,0.96,0.97,0.99
469,0.94,0.93,0.97,1.0,0.98,0.97,0.98,0.99
470,0.95,0.94,0.97,1.0,0.97,0.97,0.97,0.99
471,0.95,0.94,0.98,1.0,0.98,0.97,0.98,0.99
472,0.95,0.95,0.98,1.0,0.98,0.98,0.98,0.99
473,0.95,0.95,0.98,1.0,0.98,0.97,0.98,0.99
474,0.96,0.95,0.98,1.0,0.99,0.98,0.98,0.99
475,0.95,0.94,0.98,1.0,0.98,0.97,0.99,0.99
476,0.95,0.96,0.98,1.0,0.98,0.97,0.98,0.99
477,0.95,0.95,0.98,1.0,0.98,0.97,0.98,0.99
478,0.95,0.95,0.98,1.0,0.98,0.97,0.98,0.99
479,0.95,0.95,0.98,1.0,0.98,0.98,0.98,0.99
480,0.96,0.96,0.98,1.0,0.99,0.97,0.98,0.99
481,0.96,0.96,0.98,1.0,0.99,0.98,0.99,0.99
482,0.97,0.96,0.99,1.0,0.99,0.97,0.99,0.99
483,0.96,0.96,0.99,1.0,0.98,0.99,0.99,0.99
484,0.98,0.96,0.99,1.0,0.99,0.99,0.99,0.99
485,0.98,0.96,0.99,1.0,0.99,0.98,0.99,0.99
486,0.99,0.96,0.99,1.0,1.0,1.0,0.99,0.99
487,0.99,0.96,0.99,1.0,1.0,0.99,0.99,0.99
488,0.99,0.96,0.99,1.0,1.0,0.99,0.99,0.99
489,0.97,0.96,0.99,1.0,0.99,0.99,0.99,0.99
490,0.97,0.96,0.99,1.0,0.99,0.99,0.99,0.99
491,0.97,0.96,0.99,1.0,0.99,0.98,0.99,0.99
492,0.97,0.96,0.99,1.0,0.99,0.99,0.99,1.0
493,0.97,0.96,0.99,1.0,0.99,0.99,0.99,0.99
494,0.97,0.96,0.99,1.0,1.0,0.98,0.99,0.99
495,0.97,0.96,0.99,1.0,0.99,0.99,0.99,0.99
496,0.98,0.97,0.99,1.0,0.99,0.99,0.99,0.99
497,0.98,0.96,0.99,1.0,0.99,0.99,0.99,1.0
498,0.98,0.97,0.99,1.0,1.0,0.99,0.99,0.99
499,0.98,0.96,0.99,1.0,0.99,0.99,0.99,0.99
500,0.98,0.96,0.99,1.0,0.99,0.98,0.99,0.99
501,0.97,0.96,0.99,1.0,0.99,0.98,0.99,0.99
502,0.98,0.96,0.99,1.0,1.0,0.98,0.99,0.99
503,0.98,0.96,0.99,1.0,0.99,0.97,0.99,0.99
504,0.98,0.96,0.99,1.0,0.99,0.98,0.99,0.99
505,0.97,0.96,0.99,1.0,0.99,0.97,0.98,0.99
506,0.97,0.96,0.99,1.0,0.98,0.98,0.99,0.99
507,0.97,0.96,0.99,1.0,0.99,0.98,0.99,0.99
508,0.97,0.96,0.99,1.0,0.99,0.98,0.99,0.99
509,0.98,0.96,0.99,1.0,0.99,0.98,0.99,0.99
510,0.97,0.96,0.99,1.0,0.99,0.98,0.99,0.99
511,0.98,0.96,0.99,1.0,0.99,0.98,0.99,0.99
512,0.98,0.97,0.99,1.0,0.99,0.99,0.99,0.99
513,0.98,0.97,0.99,1.0,1.0,0.99,0.99,0.99
514,0.98,0.97,0.99,1.0,0.99,1.0,0.99,0.99
515,0.98,0.98,0.99,1.0,0.99,0.98,0.99,0.99
516,0.96,0.98,0.99,1.0,1.0,0.98,0.99,0.99
517,0.98,0.98,0.99,1.0,0.99,0.98,0.99,0.99
518,0.97,0.98,0.99,1.0,0.99,0.99,0.99,0.99
519,0.97,0.98,0.99,1.0,1.0,0.99,0.99,0.99
520,0.98,0.98,0.99,1.0,0.99,0.99,1.0,0.99
521,0.98,0.98,0.99,1.0,0.99,1.0,0.99,0.99
522,0.96,0.99,0.99,1.0,1.0,0.99,0.99,0.99
523,0.96,0.98,0.99,1.0,0.99,0.99,0.99,0.99
524,0.96,0.98,0.99,1.0,0.99,0.99,1.0,0.99
525,0.96,0.99,0.99,1.0,0.99,0.99,0.99,0.99
526,0.96,0.98,0.99,1.0,0.99,0.99,0.99,0.99
527,0.98,0.98,0.99,1.0,0.99,0.99,1.0,0.99
528,0.98,0.98,0.99,1.0,0.99,0.99,0.99,0.99
529,0.98,0.98,0.99,1.0,0.99,0.99,0.99,0.99
530,0.98,0.98,0.99,1.0,0.99,0.99,0.99,0.99
531,0.98,0.99,0.99,1.0,0.99,0.99,0.99,0.99
532,0.97,0.98,0.99,1.0,0.99,0.99,0.99,0.99
533,0.98,0.98,0.99,1.0,0.99,0.99,0.99,0.99
534,0.98,0.98,0.99,1.0,0.99,0.99,0.99,0.99
535,0.96,0.99,0.99,1.0,0.99,0.98,0.99,0.99
536,0.97,0.99,0.99,1.0,1.0,0.99,0.99,0.99
537,0.97,0.99,0.99,1.0,0.99,0.99,0.99,0.99
538,0.97,0.98,0.99,1.0,1.0,0.99,0.99,0.99
539,0.96,0.99,0.98,1.0,0.99,0.98,0.99,0.99
540,0.96,0.99,0.98,1.0,0.99,0.98,0.99,0.99
541,0.96,0.99,0.98,1.0,0.99,0.99,0.99,0.99
542,0.96,0.99,0.98,1.0,0.99,0.99,0.99,0.99
543,0.96,0.99,0.98,1.0,0.99,0.99,0.99,0.99
544,0.95,0.99,0.98,1.0,0.99,0.99,0.99,0.99
545,0.96,0.99,0.98,1.0,0.98,0.99,0.99,0.99
546,0.96,0.99,0.98,1.0,0.99,0.99,0.99,0.99
547,0.96,0.99,0.98,1.0,0.99,0.98,0.99,0.99
548,0.96,0.99,0.98,1.0,0.99,0.99,0.99,0.99
549,0.96,0.99,0.98,1.0,0.98,0.99,0.99,0.99
550,0.96,0.99,0.98,0.99,0.99,1.0,0.99,0.99
551,0.96,0.99,0.98,1.0,0.99,0.99,0.99,0.99
552,0.96,0.99,0.98,1.0,0.98,0.99,0.99,0.99
553,0.97,0.99,0.98,0.99,0.98,0.98,0.99,0.99
554,0.97,0.99,0.98,1.0,0.99,0.99,0.98,0.99
555,0.97,0.99,0.99,1.0,0.99,1.0,0.99,0.99
556,0.97,0.99,0.99,1.0,0.99,0.99,0.99,0.99
557,0.97,0.99,0.98,1.0,0.99,0.99,0.99,0.99
558,0.97,0.99,0.99,1.0,0.99,1.0,0.99,0.99
559,0.97,0.99,0.99,1.0,0.99,0.99,0.99,0.99
560,0.97,0.99,0.99,0.99,0.99,0.99,0.99,0.99
561,0.97,0.99,0.99,1.0,0.99,0.99,0.99,0.99
562,0.97,1.0,0.99,1.0,0.99,0.99,0.99,0.99
563,0.98,0.99,0.99,1.0,0.99,1.0,0.99,0.99
564,0.98,0.99,0.99,0.99,0.99,1.0,0.99,0.99
565,0.97,0.99,0.99,0.99,0.99,0.99,0.99,0.99
566,0.97,0.99,0.99,0.99,0.99,0.99,0.99,0.99
567,0.98,1.0,0.99,0.99,0.99,0.99,0.99,0.99
568,0.97,0.99,0.99,1.0,0.99,0.99,0.99,0.99
569,0.99,0.99,0.99,0.99,0.99,0.99,0.99,0.99
570,0.99,0.99,0.99,1.0,0.99,0.99,0.99,0.99
571,0.99,0.99,0.99,0.99,0.99,0.99,0.99,0.99
572,1.0,0.99,0.99,0.99,0.99,0.99,0.99,0.99
573,0.99,0.99,0.99,0.99,0.99,0.99,0.99,0.99
574,0.99,0.99,0.99,0.99,0.99,0.98,0.99,0.99
575,0.99,1.0,0.99,0.99,1.0,0.99,0.99,0.99
576,0.99,0.99,0.99,0.99,1.0,0.99,0.99,0.99
577,0.99,0.99,0.99,0.99,1.0,0.99,0.99,0.99
578,0.99,0.99,0.99,0.99,0.99,0.99,1.0,0.99
579,0.97,0.99,0.99,0.99,0.99,0.99,0.99,0.99
580,0.97,1.0,0.99,0.99,0.99,0.99,0.99,0.99
581,0.97,0.99,0.99,0.99,1.0,0.99,0.99,0.99
582,0.98,0.99,0.99,0.99,0.99,0.99,0.99,0.99
583,0.97,1.0,0.99,0.99,0.99,1.0,0.99,0.99
