0,0.7,0.74,0.91,0.95,0.88,0.82,0.92,0.94
1,0.67,0.74,0.91,0.95,0.88,0.87,0.93,0.94
2,0.73,0.74,0.91,0.95,0.88,0.85,0.92,0.94
3,0.67,0.74,0.91,0.95,0.88,0.87,0.93,0.94
4,0.73,0.76,0.91,0.95,0.91,0.87,0.93,0.94
5,0.73,0.76,0.91,0.95,0.91,0.87,0.93,0.94
6,0.73,0.76,0.91,0.95,0.91,0.87,0.93,0.94
7,0.73,0.76,0.91,0.95,0.91,0.87,0.93,0.94
8,0.73,0.76,0.91,0.95,0.91,0.87,0.93,0.94
9,0.7,0.76,0.91,0.96,0.91,0.9,0.93,0.94
10,0.7,0.76,0.91,0.96,0.91,0.87,0.93,0.94
11,0.73,0.76,0.91,0.96,0.91,0.9,0.93,0.94
12,0.73,0.78,0.91,0.96,0.91,0.87,0.93,0.94
13,0.73,0.76,0.91,0.95,0.91,0.87,0.92,0.94
14,0.67,0.74,0.91,0.96,0.88,0.87,0.93,0.94
15,0.7,0.74,0.91,0.95,0.88,0.87,0.92,0.94
16,0.67,0.73,0.9,0.95,0.88,0.87,0.92,0.94
17,0.67,0.74,0.89,0.94,0.88,0.87,0.91,0.94
18,0.67,0.73,0.9,0.95,0.88,0.85,0.92,0.94
19,0.7,0.74,0.9,0.95,0.85,0.85,0.92,0.94
20,0.7,0.76,0.91,0.95,0.88,0.87,0.92,0.94
21,0.7,0.76,0.91,0.95,0.88,0.9,0.93,0.94
22,0.7,0.76,0.91,0.95,0.88,0.87,0.93,0.94
23,0.67,0.78,0.91,0.95,0.91,0.87,0.93,0.94
24,0.67,0.78,0.91,0.95,0.91,0.87,0.93,0.94
25,0.73,0.78,0.91,0.96,0.88,0.92,0.95,0.94
26,0.73,0.78,0.91,0.96,0.91,0.9,0.93,0.94
27,0.7,0.8,0.91,0.96,0.88,0.9,0.93,0.94
28,0.7,0.78,0.91,0.97,0.91,0.9,0.95,0.94
29,0.7,0.8,0.91,0.96,0.88,0.9,0.93,0.94
30,0.7,0.78,0.91,0.96,0.88,0.9,0.92,0.94
31,0.65,0.78,0.91,0.96,0.91,0.9,0.93,0.94
32,0.7,0.78,0.91,0.96,0.88,0.9,0.92,0.94
33,0.7,0.78,0.91,0.96,0.88,0.9,0.92,0.94
34,0.7,0.78,0.9,0.96,0.88,0.9,0.92,0.94
35,0.67,0.76,0.91,0.95,0.88,0.87,0.92,0.94
36,0.7,0.76,0.91,0.95,0.88,0.87,0.92,0.94
37,0.73,0.76,0.91,0.95,0.88,0.87,0.92,0.94
38,0.73,0.76,0.91,0.95,0.88,0.9,0.92,0.94
39,0.73,0.78,0.91,0.95,0.88,0.87,0.92,0.94
40,0.75,0.78,0.91,0.95,0.91,0.87,0.93,0.94
41,0.75,0.78,0.92,0.95,0.91,0.9,0.93,0.94
42,0.78,0.8,0.92,0.95,0.94,0.9,0.93,0.94
43,0.75,0.8,0.94,0.96,0.91,0.92,0.93,0.94
44,0.78,0.81,0.94,0.96,0.91,0.92,0.95,0.94
45,0.78,0.8,0.94,0.96,0.91,0.92,0.95,0.94
46,0.8,0.81,0.95,0.96,0.94,0.92,0.96,0.94
47,0.78,0.81,0.94,0.96,0.94,0.92,0.95,0.94
48,0.78,0.82,0.94,0.96,0.94,0.92,0.96,0.94
49,0.78,0.81,0.94,0.96,0.94,0.92,0.95,0.94
50,0.78,0.81,0.94,0.96,0.94,0.92,0.96,0.94
51,0.73,0.81,0.94,0.96,0.94,0.92,0.96,0.94
52,0.83,0.82,0.95,0.96,0.97,0.95,0.95,0.94
53,0.89,0.82,0.99,0.96,1.0,0.95,0.95,0.94
54,0.94,0.84,1.0,0.96,1.0,0.95,0.96,0.95
55,0.97,0.84,1.0,0.97,1.0,0.95,0.96,0.94
56,0.92,0.74,0.93,0.96,0.97,0.9,0.85,0.93
57,0.83,0.65,0.85,0.95,0.94,0.85,0.76,0.9
58,0.7,0.47,0.63,0.87,0.79,0.65,0.56,0.84
59,0.62,0.41,0.55,0.86,0.7,0.58,0.48,0.81
60,0.54,0.32,0.41,0.79,0.59,0.44,0.4,0.74
61,0.46,0.3,0.38,0.76,0.56,0.39,0.38,0.73
62,0.46,0.25,0.32,0.7,0.48,0.35,0.32,0.67
63,0.35,0.17,0.24,0.6,0.37,0.26,0.27,0.58
64,0.38,0.17,0.23,0.59,0.37,0.24,0.26,0.57
65,0.28,0.11,0.15,0.42,0.25,0.15,0.2,0.43
66,0.25,0.1,0.14,0.41,0.22,0.13,0.18,0.41
67,0.25,0.09,0.13,0.37,0.22,0.11,0.17,0.37
68,0.2,0.09,0.12,0.35,0.19,0.13,0.17,0.36
69,0.2,0.07,0.1,0.3,0.17,0.11,0.15,0.31
70,0.18,0.07,0.09,0.29,0.17,0.11,0.15,0.3
71,0.15,0.06,0.08,0.25,0.15,0.08,0.13,0.27
72,0.15,0.06,0.08,0.24,0.12,0.08,0.13,0.25
73,0.12,0.06,0.07,0.22,0.15,0.06,0.13,0.24
74,0.15,0.07,0.08,0.2,0.15,0.08,0.12,0.22
75,0.15,0.06,0.07,0.19,0.15,0.11,0.12,0.2
76,0.15,0.06,0.07,0.19,0.15,0.08,0.12,0.19
77,0.15,0.06,0.07,0.17,0.12,0.08,0.11,0.18
78,0.12,0.06,0.07,0.17,0.12,0.08,0.11,0.17
79,0.15,0.06,0.05,0.15,0.12,0.08,0.1,0.15
80,0.15,0.04,0.06,0.14,0.12,0.06,0.1,0.14
81,0.18,0.04,0.06,0.14,0.12,0.08,0.1,0.14
82,0.15,0.06,0.06,0.14,0.12,0.08,0.1,0.13
83,0.18,0.06,0.06,0.11,0.12,0.08,0.1,0.12
84,0.15,0.06,0.07,0.11,0.12,0.11,0.09,0.12
85,0.18,0.07,0.05,0.11,0.1,0.08,0.1,0.11
86,0.18,0.07,0.05,0.11,0.1,0.08,0.09,0.1
87,0.15,0.04,0.05,0.1,0.1,0.08,0.09,0.1
88,0.12,0.06,0.05,0.1,0.1,0.08,0.08,0.09
89,0.15,0.06,0.05,0.1,0.1,0.08,0.09,0.09
90,0.15,0.04,0.05,0.09,0.1,0.08,0.08,0.09
91,0.12,0.06,0.05,0.09,0.1,0.08,0.08,0.08
92,0.15,0.04,0.05,0.09,0.1,0.08,0.07,0.08
93,0.12,0.04,0.05,0.07,0.1,0.08,0.08,0.07
94,0.15,0.04,0.05,0.07,0.1,0.06,0.07,0.07
95,0.12,0.04,0.05,0.06,0.1,0.06,0.08,0.07
96,0.15,0.06,0.05,0.06,0.1,0.08,0.07,0.06
97,0.15,0.04,0.05,0.06,0.1,0.06,0.07,0.06
98,0.15,0.04,0.05,0.06,0.1,0.08,0.07,0.06
99,0.12,0.04,0.05,0.06,0.1,0.06,0.07,0.06
100,0.15,0.04,0.05,0.06,0.1,0.06,0.07,0.05
101,0.18,0.04,0.04,0.06,0.1,0.06,0.07,0.05
102,0.15,0.03,0.05,0.05,0.07,0.06,0.07,0.05
103,0.12,0.03,0.05,0.05,0.1,0.06,0.06,0.04
104,0.12,0.04,0.05,0.05,0.1,0.06,0.05,0.04
105,0.15,0.03,0.05,0.05,0.07,0.04,0.06,0.04
106,0.12,0.03,0.05,0.05,0.07,0.04,0.05,0.04
107,0.15,0.01,0.04,0.05,0.07,0.04,0.06,0.03
108,0.12,0.0,0.04,0.04,0.07,0.04,0.05,0.03
109,0.12,0.01,0.04,0.04,0.07,0.04,0.05,0.03
110,0.12,0.0,0.04,0.04,0.07,0.04,0.06,0.03
111,0.15,0.01,0.04,0.04,0.07,0.04,0.06,0.03
112,0.12,0.01,0.04,0.04,0.07,0.06,0.05,0.03
113,0.12,0.01,0.04,0.04,0.07,0.04,0.04,0.03
114,0.12,0.01,0.04,0.04,0.07,0.06,0.05,0.03
115,0.12,0.03,0.04,0.04,0.07,0.04,0.06,0.03
116,0.12,0.03,0.04,0.04,0.07,0.04,0.05,0.02
117,0.1,0.03,0.04,0.04,0.07,0.06,0.06,0.02
118,0.12,0.04,0.04,0.04,0.07,0.06,0.06,0.02
119,0.12,0.03,0.04,0.04,0.07,0.06,0.05,0.02
120,0.1,0.04,0.04,0.02,0.07,0.06,0.05,0.02
121,0.07,0.03,0.03,0.04,0.07,0.06,0.05,0.02
122,0.1,0.01,0.03,0.01,0.07,0.06,0.04,0.02
123,0.1,0.01,0.03,0.01,0.05,0.04,0.04,0.02
124,0.1,0.03,0.03,0.01,0.07,0.06,0.04,0.02
125,0.1,0.03,0.03,0.02,0.07,0.06,0.04,0.01
126,0.1,0.04,0.02,0.01,0.05,0.06,0.04,0.01
127,0.07,0.03,0.02,0.01,0.05,0.06,0.04,0.01
128,0.02,0.03,0.02,0.01,0.05,0.04,0.04,0.01
129,0.05,0.03,0.02,0.01,0.05,0.06,0.03,0.01
130,0.02,0.03,0.01,0.01,0.02,0.06,0.03,0.01
131,0.05,0.03,0.01,0.01,0.02,0.06,0.03,0.01
132,0.05,0.03,0.01,0.01,0.02,0.04,0.02,0.01
133,0.05,0.01,0.01,0.01,0.02,0.04,0.02,0.01
134,0.02,0.01,0.02,0.0,0.02,0.04,0.02,0.01
135,0.05,0.03,0.01,0.0,0.05,0.04,0.02,0.01
136,0.05,0.03,0.01,0.0,0.02,0.04,0.02,0.01
137,0.02,0.01,0.01,0.0,0.02,0.04,0.01,0.0
138,0.02,0.03,0.01,0.0,0.0,0.04,0.01,0.0
139,0.02,0.01,0.01,0.0,0.02,0.04,0.01,0.0
140,0.02,0.01,0.01,0.0,0.0,0.04,0.01,0.0
141,0.02,0.0,0.01,0.0,0.02,0.04,0.02,0.0
142,0.02,0.0,0.01,0.0,0.0,0.02,0.01,0.0
143,0.02,0.0,0.01,0.0,0.0,0.02,0.01,0.0
144,0.02,0.0,0.0,0.0,0.0,0.02,0.01,0.0
145,0.0,0.0,0.0,0.0,0.0,0.02,0.01,0.0
146,0.02,0.0,0.01,0.0,0.0,0.02,0.01,0.0
147,0.02,0.0,0.01,0.0,0.0,0.0,0.01,0.0
148,0.0,0.0,0.01,0.0,0.0,0.02,0.01,0.0
149,0.0,0.0,0.0,0.0,0.0,0.02,0.0,0.0
150,0.02,0.0,0.01,0.0,0.02,0.02,0.01,0.0
151,0.0,0.01,0.01,0.0,0.0,0.02,0.01,0.0
152,0.02,0.0,0.01,0.0,0.0,0.02,0.02,0.0
153,0.02,0.03,0.02,0.0,0.0,0.04,0.03,0.0
154,0.05,0.07,0.05,0.01,0.05,0.06,0.06,0.0
155,0.07,0.11,0.08,0.01,0.07,0.08,0.11,0.01
156,0.1,0.14,0.1,0.04,0.07,0.11,0.12,0.01
157,0.15,0.18,0.16,0.06,0.15,0.17,0.17,0.03
158,0.15,0.22,0.18,0.09,0.15,0.19,0.19,0.03
159,0.18,0.26,0.21,0.1,0.19,0.22,0.23,0.04
160,0.25,0.3,0.26,0.15,0.25,0.28,0.28,0.06
161,0.28,0.35,0.3,0.19,0.27,0.33,0.31,0.08
162,0.33,0.41,0.35,0.24,0.32,0.37,0.36,0.1
163,0.35,0.44,0.39,0.27,0.35,0.42,0.39,0.12
164,0.38,0.48,0.42,0.3,0.37,0.44,0.41,0.14
165,0.43,0.53,0.47,0.36,0.43,0.49,0.47,0.17
166,0.46,0.53,0.48,0.37,0.43,0.51,0.47,0.18
167,0.49,0.57,0.51,0.42,0.48,0.53,0.5,0.21
168,0.51,0.61,0.56,0.48,0.51,0.58,0.54,0.24
169,0.51,0.62,0.58,0.51,0.54,0.6,0.56,0.26
170,0.57,0.65,0.6,0.52,0.54,0.63,0.59,0.27
171,0.59,0.67,0.63,0.56,0.59,0.65,0.61,0.31
172,0.59,0.7,0.65,0.6,0.62,0.68,0.62,0.33
173,0.67,0.74,0.69,0.63,0.65,0.72,0.65,0.36
174,0.7,0.74,0.71,0.66,0.67,0.75,0.69,0.39
175,0.73,0.76,0.73,0.67,0.67,0.75,0.7,0.41
176,0.75,0.8,0.76,0.71,0.73,0.8,0.72,0.45
177,0.75,0.8,0.76,0.71,0.73,0.77,0.74,0.46
178,0.78,0.81,0.78,0.75,0.73,0.82,0.75,0.49
179,0.75,0.81,0.79,0.76,0.76,0.82,0.77,0.52
180,0.78,0.81,0.79,0.77,0.76,0.82,0.77,0.53
181,0.78,0.82,0.81,0.8,0.76,0.82,0.79,0.56
182,0.78,0.84,0.81,0.8,0.79,0.85,0.79,0.58
183,0.78,0.84,0.83,0.82,0.79,0.85,0.8,0.6
184,0.78,0.84,0.84,0.82,0.79,0.85,0.81,0.63
185,0.78,0.84,0.85,0.84,0.82,0.87,0.81,0.64
186,0.8,0.86,0.85,0.84,0.82,0.87,0.84,0.66
187,0.8,0.86,0.86,0.85,0.82,0.87,0.84,0.68
188,0.8,0.84,0.86,0.86,0.82,0.87,0.84,0.7
189,0.8,0.86,0.86,0.87,0.85,0.9,0.84,0.72
190,0.8,0.84,0.87,0.87,0.85,0.87,0.85,0.73
191,0.75,0.84,0.87,0.87,0.82,0.87,0.85,0.75
192,0.78,0.86,0.87,0.89,0.85,0.9,0.85,0.75
193,0.8,0.87,0.88,0.89,0.85,0.9,0.87,0.78
194,0.83,0.87,0.89,0.9,0.85,0.9,0.87,0.79
195,0.83,0.89,0.89,0.9,0.88,0.9,0.88,0.8
196,0.83,0.89,0.9,0.91,0.88,0.92,0.88,0.82
197,0.8,0.91,0.9,0.92,0.88,0.92,0.89,0.83
198,0.83,0.91,0.89,0.92,0.91,0.92,0.88,0.84
199,0.8,0.87,0.89,0.92,0.88,0.92,0.89,0.85
200,0.83,0.87,0.89,0.92,0.88,0.9,0.89,0.86
201,0.83,0.89,0.9,0.92,0.88,0.92,0.89,0.86
202,0.83,0.89,0.9,0.92,0.91,0.92,0.91,0.87
203,0.83,0.91,0.91,0.94,0.91,0.92,0.92,0.89
204,0.89,0.91,0.92,0.94,0.91,0.92,0.91,0.89
205,0.89,0.91,0.91,0.94,0.91,0.92,0.91,0.9
206,0.89,0.91,0.92,0.95,0.91,0.95,0.91,0.91
207,0.86,0.91,0.92,0.95,0.91,0.95,0.92,0.91
208,0.86,0.91,0.92,0.95,0.91,0.95,0.89,0.92
209,0.89,0.91,0.92,0.95,0.94,0.95,0.92,0.92
210,0.89,0.91,0.92,0.95,0.91,0.95,0.92,0.93
211,0.86,0.92,0.94,0.95,0.91,0.95,0.93,0.94
212,0.89,0.92,0.93,0.95,0.94,0.95,0.92,0.94
213,0.89,0.92,0.93,0.96,0.94,0.95,0.92,0.94
214,0.89,0.92,0.93,0.96,0.94,0.95,0.93,0.95
215,0.89,0.92,0.93,0.96,0.94,0.95,0.93,0.95
216,0.89,0.91,0.94,0.96,0.94,0.95,0.93,0.95
217,0.89,0.91,0.93,0.96,0.94,0.95,0.93,0.96
218,0.89,0.94,0.94,0.96,0.94,0.95,0.93,0.96
219,0.92,0.92,0.94,0.96,0.94,0.95,0.93,0.96
220,0.92,0.92,0.95,0.96,0.94,0.95,0.93,0.97
221,0.89,0.92,0.95,0.96,0.94,0.98,0.93,0.97
222,0.92,0.92,0.95,0.96,0.94,0.95,0.93,0.97
223,0.89,0.92,0.94,0.96,0.91,0.95,0.93,0.97
224,0.92,0.91,0.95,0.96,0.94,0.95,0.95,0.98
225,0.89,0.92,0.94,0.96,0.94,0.95,0.93,0.98
226,0.92,0.92,0.94,0.96,0.94,0.95,0.93,0.98
227,0.89,0.92,0.95,0.97,0.94,0.95,0.93,0.98
228,0.92,0.92,0.94,0.97,0.94,0.95,0.93,0.98
229,0.89,0.92,0.93,0.97,0.94,0.95,0.93,0.98
230,0.89,0.92,0.93,0.97,0.94,0.95,0.95,0.99
231,0.89,0.94,0.94,0.96,0.94,0.95,0.96,0.99
232,0.86,0.94,0.94,0.96,0.94,0.95,0.95,0.99
233,0.86,0.94,0.94,0.96,0.94,0.95,0.95,0.99
234,0.89,0.94,0.94,0.96,0.97,0.98,0.96,0.99
235,0.89,0.95,0.94,0.97,0.94,0.98,0.95,0.99
236,0.86,0.94,0.95,0.97,0.94,0.98,0.96,0.99
237,0.89,0.95,0.94,0.96,0.94,1.0,0.96,0.99
238,0.86,0.95,0.94,0.97,0.97,0.98,0.96,1.0
239,0.86,0.95,0.95,0.97,0.94,0.98,0.96,1.0
240,0.89,0.95,0.95,0.97,0.97,1.0,0.96,1.0
241,0.89,0.95,0.95,0.99,0.94,1.0,0.96,1.0
242,0.89,0.97,0.95,0.97,0.97,0.98,0.95,1.0
243,0.92,0.97,0.95,0.99,0.97,0.98,0.96,1.0
244,0.89,0.95,0.95,0.99,0.97,0.98,0.96,1.0
245,0.92,0.97,0.95,0.99,0.97,0.98,0.97,1.0
246,0.92,0.97,0.95,0.99,0.94,1.0,0.96,1.0
247,0.86,0.97,0.95,0.99,0.94,1.0,0.96,1.0
248,0.83,0.97,0.95,0.99,0.97,0.98,0.96,1.0
249,0.92,0.95,0.95,0.99,0.97,0.98,0.96,1.0
250,0.89,0.97,0.95,0.99,0.97,0.98,0.96,1.0
251,0.86,0.97,0.95,0.99,0.97,1.0,0.96,1.0
252,0.89,0.97,0.95,0.99,0.94,0.98,0.96,1.0
253,0.89,0.97,0.95,0.99,0.97,0.98,0.96,1.0
254,0.92,0.97,0.95,0.99,0.97,0.98,0.96,1.0
255,0.89,0.97,0.95,0.97,0.94,0.95,0.96,1.0
256,0.89,0.97,0.95,0.99,0.97,1.0,0.96,1.0
257,0.92,0.97,0.95,0.99,0.94,0.98,0.97,1.0
258,0.92,0.99,0.96,0.99,0.97,1.0,0.96,1.0
259,0.92,0.99,0.96,0.99,0.97,1.0,0.96,1.0
260,0.92,0.99,0.96,0.99,0.97,1.0,0.97,1.0
261,0.92,0.97,0.95,1.0,0.97,1.0,0.96,1.0
262,0.89,0.97,0.95,0.99,0.94,1.0,0.95,1.0
263,0.89,0.95,0.95,0.99,0.94,0.98,0.95,1.0
264,0.86,0.95,0.94,0.99,0.91,0.98,0.95,1.0
265,0.86,0.95,0.94,0.97,0.94,0.95,0.93,0.99
266,0.83,0.94,0.93,0.97,0.94,0.95,0.93,0.99
267,0.83,0.94,0.93,0.97,0.91,0.95,0.95,0.99
268,0.86,0.94,0.93,0.97,0.94,0.98,0.93,0.99
269,0.83,0.94,0.93,0.96,0.91,0.95,0.95,0.99
270,0.86,0.94,0.93,0.97,0.94,0.95,0.93,0.99
271,0.89,0.94,0.94,0.97,0.91,0.95,0.93,0.99
272,0.89,0.94,0.94,0.97,0.94,0.98,0.95,0.99
273,0.86,0.94,0.93,0.97,0.91,0.95,0.95,0.99
274,0.89,0.94,0.95,0.96,0.94,0.95,0.95,0.99
275,0.89,0.94,0.95,0.97,0.94,0.95,0.95,0.99
276,0.92,0.94,0.95,0.97,0.94,0.95,0.95,0.99
277,0.92,0.94,0.95,0.97,0.94,0.98,0.95,0.98
278,0.92,0.94,0.95,0.97,0.94,0.95,0.95,0.98
279,0.89,0.95,0.95,0.97,0.94,0.98,0.96,0.99
280,0.89,0.95,0.95,0.97,0.94,0.95,0.96,0.98
281,0.89,0.95,0.95,0.97,0.97,0.98,0.96,0.99
282,0.89,0.97,0.96,0.97,0.97,1.0,0.97,0.99
283,0.89,0.97,0.96,0.97,0.97,0.98,0.97,0.99
284,0.92,0.99,0.96,0.97,0.97,0.98,0.97,0.98
285,0.89,0.97,0.96,0.97,0.97,0.98,0.97,0.99
286,0.89,0.97,0.95,0.97,0.94,0.95,0.96,0.98
287,0.89,0.95,0.95,0.97,0.97,0.98,0.97,0.98
288,0.89,0.97,0.95,0.97,0.97,0.98,0.96,0.98
289,0.89,0.97,0.96,0.99,0.97,0.98,0.97,0.98
290,0.92,0.97,0.96,0.99,0.97,0.98,0.97,0.98
291,0.89,0.97,0.95,0.97,0.97,0.98,0.97,0.98
292,0.89,0.97,0.95,0.99,0.97,0.98,0.96,0.98
293,0.89,0.97,0.95,0.99,0.94,0.98,0.96,0.98
294,0.89,0.94,0.95,0.97,0.94,0.98,0.96,0.98
295,0.83,0.94,0.94,0.97,0.91,0.98,0.95,0.98
296,0.86,0.94,0.94,0.97,0.91,0.95,0.95,0.98
297,0.89,0.94,0.93,0.97,0.94,0.95,0.95,0.98
298,0.86,0.94,0.94,0.96,0.94,0.95,0.95,0.98
299,0.89,0.94,0.95,0.96,0.94,0.95,0.95,0.97
300,0.89,0.94,0.95,0.96,0.94,0.95,0.95,0.97
301,0.86,0.94,0.95,0.96,0.94,0.95,0.93,0.97
302,0.89,0.94,0.95,0.96,0.94,0.95,0.95,0.97
303,0.86,0.92,0.95,0.96,0.94,0.95,0.95,0.97
304,0.86,0.92,0.95,0.96,0.91,0.92,0.95,0.97
305,0.89,0.92,0.94,0.96,0.94,0.92,0.93,0.96
306,0.89,0.92,0.95,0.96,0.94,0.92,0.92,0.96
307,0.92,0.94,0.95,0.96,0.94,0.95,0.95,0.97
308,0.92,0.94,0.95,0.96,0.94,0.95,0.96,0.97
309,0.92,0.92,0.95,0.96,0.94,0.95,0.95,0.97
310,0.92,0.94,0.95,0.96,0.94,0.95,0.96,0.96
311,0.92,0.92,0.95,0.95,0.94,0.95,0.95,0.96
312,0.92,0.92,0.95,0.96,0.94,0.92,0.96,0.96
313,0.92,0.94,0.95,0.96,0.94,0.92,0.96,0.96
314,0.92,0.92,0.95,0.96,0.94,0.92,0.96,0.96
315,0.94,0.94,0.96,0.96,0.97,0.95,0.96,0.96
316,0.92,0.94,0.96,0.96,0.97,0.95,0.97,0.96
317,0.92,0.94,0.96,0.96,0.97,0.92,0.96,0.96
318,0.89,0.92,0.95,0.96,0.94,0.95,0.96,0.96
319,0.86,0.94,0.95,0.96,0.94,0.92,0.96,0.96
320,0.89,0.92,0.95,0.96,0.94,0.92,0.96,0.96
321,0.86,0.92,0.95,0.96,0.94,0.95,0.97,0.96
322,0.89,0.91,0.95,0.96,0.94,0.92,0.96,0.96
323,0.89,0.91,0.95,0.96,0.94,0.92,0.96,0.95
324,0.86,0.92,0.95,0.96,0.94,0.92,0.96,0.95
325,0.86,0.91,0.95,0.96,0.97,0.92,0.95,0.95
326,0.89,0.91,0.95,0.96,0.94,0.92,0.95,0.95
327,0.86,0.91,0.95,0.96,0.94,0.92,0.95,0.95
328,0.86,0.91,0.94,0.95,0.94,0.92,0.95,0.95
329,0.86,0.91,0.94,0.95,0.91,0.9,0.95,0.95
330,0.86,0.89,0.94,0.95,0.94,0.9,0.93,0.95
331,0.83,0.91,0.95,0.95,0.94,0.9,0.95,0.95
332,0.86,0.89,0.95,0.95,0.94,0.92,0.95,0.95
333,0.89,0.89,0.95,0.95,0.94,0.9,0.95,0.95
334,0.89,0.91,0.95,0.95,0.94,0.9,0.95,0.95
335,0.89,0.91,0.95,0.95,0.94,0.9,0.95,0.95
336,0.86,0.89,0.95,0.95,0.91,0.9,0.95,0.95
337,0.89,0.89,0.95,0.95,0.94,0.9,0.95,0.95
338,0.89,0.89,0.95,0.95,0.91,0.9,0.95,0.95
339,0.86,0.89,0.95,0.95,0.94,0.9,0.95,0.94
340,0.89,0.87,0.95,0.95,0.94,0.9,0.96,0.94
341,0.89,0.91,0.95,0.95,0.94,0.9,0.95,0.95
342,0.92,0.89,0.95,0.94,0.94,0.92,0.96,0.94
343,0.92,0.89,0.96,0.95,0.97,0.92,0.96,0.94
344,0.86,0.87,0.95,0.95,0.94,0.87,0.95,0.94
345,0.89,0.87,0.96,0.95,0.94,0.9,0.96,0.94
346,0.89,0.89,0.95,0.95,0.94,0.9,0.95,0.94
347,0.92,0.89,0.95,0.95,0.94,0.87,0.96,0.94
348,0.86,0.89,0.95,0.95,0.94,0.9,0.95,0.94
349,0.86,0.89,0.95,0.95,0.94,0.9,0.96,0.94
350,0.86,0.89,0.95,0.95,0.94,0.87,0.96,0.94
351,0.86,0.91,0.95,0.95,0.94,0.9,0.96,0.94
352,0.83,0.91,0.96,0.95,0.94,0.92,0.96,0.94
353,0.83,0.92,0.95,0.95,0.94,0.9,0.96,0.94
354,0.86,0.91,0.95,0.95,0.94,0.92,0.96,0.94
355,0.86,0.91,0.95,0.95,0.94,0.92,0.96,0.94
356,0.86,0.91,0.95,0.95,0.94,0.95,0.96,0.94
357,0.86,0.92,0.95,0.95,0.94,0.92,0.96,0.94
358,0.86,0.92,0.95,0.94,0.94,0.9,0.96,0.94
359,0.83,0.92,0.95,0.95,0.94,0.92,0.96,0.94
360,0.83,0.91,0.95,0.95,0.94,0.92,0.96,0.94
361,0.83,0.92,0.95,0.95,0.94,0.95,0.95,0.94
362,0.83,0.92,0.94,0.95,0.94,0.92,0.96,0.94
363,0.86,0.91,0.95,0.95,0.94,0.92,0.95,0.94
364,0.83,0.92,0.95,0.96,0.94,0.92,0.95,0.94
365,0.86,0.92,0.95,0.95,0.94,0.92,0.96,0.94
366,0.86,0.92,0.95,0.95,0.94,0.92,0.95,0.94
367,0.83,0.92,0.95,0.95,0.94,0.92,0.95,0.94
368,0.86,0.91,0.95,0.95,0.94,0.9,0.93,0.94
369,0.86,0.92,0.95,0.95,0.94,0.92,0.95,0.94
370,0.83,0.92,0.95,0.95,0.94,0.92,0.96,0.94
371,0.86,0.92,0.95,0.96,0.94,0.9,0.95,0.93
372,0.83,0.92,0.95,0.95,0.94,0.92,0.96,0.94
373,0.89,0.92,0.95,0.95,0.94,0.92,0.95,0.94
374,0.89,0.94,0.95,0.95,0.97,0.92,0.96,0.94
375,0.86,0.95,0.95,0.96,0.94,0.95,0.96,0.94
376,0.83,0.94,0.95,0.95,0.94,0.92,0.96,0.94
377,0.86,0.94,0.95,0.95,0.94,0.92,0.95,0.94
378,0.83,0.94,0.95,0.95,0.94,0.95,0.96,0.94
379,0.86,0.94,0.95,0.95,0.94,0.92,0.96,0.94
380,0.86,0.95,0.95,0.96,0.94,0.95,0.96,0.94
381,0.86,0.94,0.95,0.95,0.94,0.92,0.96,0.93
382,0.89,0.94,0.95,0.96,0.94,0.95,0.96,0.93
383,0.92,0.95,0.96,0.96,0.94,0.95,0.96,0.94
384,0.92,0.95,0.97,0.96,0.94,0.98,0.96,0.94
385,0.89,0.97,0.97,0.95,0.97,0.98,0.97,0.94
386,0.97,0.97,0.98,0.96,0.97,0.98,0.97,0.94
387,0.97,0.97,0.98,0.96,0.97,0.95,0.99,0.94
388,0.94,0.99,0.98,0.96,1.0,0.98,0.97,0.94
389,1.0,0.99,0.99,0.96,0.97,0.98,0.99,0.93
390,1.0,0.99,0.99,0.96,1.0,0.98,0.99,0.93
391,1.0,0.99,0.99,0.96,1.0,0.98,0.99,0.93
392,1.0,0.97,0.99,0.96,1.0,0.98,0.99,0.93
393,1.0,0.99,0.99,0.96,1.0,0.98,0.99,0.93
394,1.0,0.99,0.99,0.96,1.0,0.98,0.99,0.93
395,1.0,0.97,0.99,0.96,1.0,0.98,1.0,0.93
396,1.0,0.99,0.99,0.95,1.0,0.98,0.99,0.93
397,0.97,0.99,0.99,0.95,1.0,0.98,0.99,0.93
398,1.0,0.97,0.99,0.96,1.0,0.98,0.99,0.93
399,1.0,1.0,0.99,0.96,1.0,0.98,0.99,0.93
400,1.0,0.99,0.99,0.95,1.0,0.98,1.0,0.93
401,1.0,0.97,0.99,0.96,1.0,1.0,1.0,0.93
402,1.0,0.99,0.99,0.96,1.0,0.98,1.0,0.93
403,0.92,0.97,0.99,0.96,1.0,0.98,0.97,0.93
404,0.97,0.97,0.98,0.96,1.0,0.98,1.0,0.93
405,0.97,0.99,0.98,0.96,1.0,0.98,0.99,0.93
406,0.97,0.99,0.98,0.96,1.0,1.0,0.99,0.93
407,0.92,0.99,0.98,0.95,0.97,0.98,0.99,0.92
408,0.94,0.97,0.98,0.95,1.0,0.95,0.99,0.92
409,0.92,0.95,0.97,0.95,0.97,0.95,0.97,0.92
410,0.94,0.94,0.97,0.95,0.97,0.95,0.96,0.92
411,0.94,0.94,0.97,0.95,0.97,0.92,0.97,0.92
412,0.92,0.94,0.97,0.95,0.94,0.92,0.97,0.92
413,0.94,0.94,0.97,0.95,0.94,0.92,0.97,0.91
414,0.92,0.92,0.96,0.95,0.94,0.92,0.95,0.91
415,0.94,0.92,0.96,0.95,0.97,0.92,0.96,0.92
416,0.89,0.92,0.95,0.95,0.94,0.92,0.96,0.92
417,0.86,0.94,0.95,0.94,0.94,0.9,0.96,0.91
418,0.89,0.92,0.95,0.94,0.94,0.92,0.95,0.91
419,0.86,0.91,0.95,0.94,0.91,0.9,0.96,0.91
420,0.86,0.92,0.95,0.92,0.94,0.9,0.96,0.91
421,0.89,0.91,0.95,0.94,0.97,0.9,0.96,0.91
422,0.89,0.92,0.95,0.92,0.94,0.9,0.96,0.91
423,0.89,0.92,0.96,0.92,0.94,0.87,0.96,0.91
424,0.89,0.92,0.95,0.92,0.94,0.9,0.95,0.91
425,0.86,0.91,0.95,0.92,0.94,0.92,0.96,0.9
426,0.89,0.91,0.95,0.92,0.94,0.9,0.96,0.9
427,0.89,0.91,0.95,0.92,0.94,0.9,0.96,0.91
428,0.89,0.89,0.95,0.92,0.94,0.9,0.95,0.9
429,0.89,0.91,0.95,0.92,0.94,0.9,0.95,0.9
430,0.89,0.91,0.95,0.92,0.94,0.9,0.95,0.9
431,0.89,0.91,0.95,0.92,0.94,0.92,0.96,0.9
432,0.89,0.91,0.95,0.92,0.94,0.9,0.96,0.9
433,0.92,0.91,0.95,0.92,0.94,0.9,0.96,0.9
434,0.89,0.91,0.96,0.92,0.94,0.9,0.96,0.9
435,0.89,0.92,0.95,0.92,0.97,0.9,0.97,0.9
436,0.89,0.91,0.96,0.92,0.94,0.9,0.96,0.9
437,0.89,0.91,0.95,0.92,0.97,0.9,0.97,0.9
438,0.86,0.91,0.95,0.91,0.94,0.9,0.97,0.9
439,0.89,0.91,0.95,0.92,0.94,0.9,0.96,0.9
440,0.86,0.91,0.95,0.92,0.94,0.9,0.96,0.9
441,0.86,0.91,0.95,0.92,0.94,0.9,0.96,0.9
442,0.86,0.91,0.95,0.92,0.94,0.9,0.97,0.9
443,0.89,0.91,0.95,0.92,0.94,0.9,0.96,0.9
444,0.86,0.92,0.95,0.92,0.94,0.9,0.96,0.9
445,0.83,0.91,0.96,0.92,0.94,0.9,0.96,0.9
446,0.86,0.91,0.95,0.92,0.94,0.9,0.95,0.9
447,0.86,0.92,0.95,0.94,0.94,0.9,0.96,0.9
448,0.89,0.92,0.95,0.92,0.94,0.9,0.96,0.9
449,0.83,0.94,0.95,0.92,0.94,0.92,0.96,0.9
450,0.83,0.94,0.95,0.92,0.94,0.92,0.97,0.9
451,0.86,0.94,0.95,0.92,0.94,0.92,0.96,0.9
452,0.86,0.94,0.95,0.92,0.94,0.92,0.96,0.9
453,0.89,0.94,0.95,0.92,0.94,0.92,0.96,0.9
454,0.83,0.95,0.95,0.92,0.97,0.92,0.96,0.9
455,0.86,0.95,0.95,0.92,0.94,0.92,0.96,0.9
456,0.86,0.94,0.95,0.92,0.94,0.95,0.97,0.9
457,0.86,0.94,0.95,0.92,0.94,0.92,0.96,0.9
458,0.86,0.95,0.95,0.92,0.94,0.95,0.96,0.9
459,0.86,0.95,0.95,0.94,0.94,0.92,0.96,0.9
460,0.86,0.95,0.95,0.92,0.94,0.92,0.96,0.9
461,0.89,0.95,0.95,0.94,0.94,0.95,0.97,0.9
462,0.89,0.97,0.95,0.94,0.94,0.95,0.97,0.9
463,0.89,0.95,0.95,0.94,0.94,0.92,0.96,0.9
464,0.89,0.95,0.95,0.94,0.94,0.95,0.96,0.9
465,0.89,0.97,0.95,0.94,0.94,0.95,0.96,0.9
466,0.89,0.95,0.95,0.92,0.94,0.95,0.95,0.9
467,0.92,0.97,0.96,0.94,0.94,0.95,0.96,0.9
468,0.89,0.97,0.96,0.94,0.97,0.95,0.96,0.9
469,0.89,0.95,0.95,0.92,0.91,0.92,0.96,0.89
470,0.86,0.94,0.95,0.92,0.94,0.92,0.96,0.89
471,0.86,0.92,0.95,0.92,0.94,0.92,0.95,0.89
472,0.86,0.94,0.95,0.92,0.94,0.92,0.95,0.89
473,0.83,0.95,0.95,0.92,0.94,0.92,0.95,0.89
474,0.86,0.92,0.94,0.91,0.94,0.9,0.95,0.89
475,0.83,0.92,0.94,0.92,0.94,0.92,0.93,0.89
476,0.86,0.92,0.94,0.92,0.94,0.92,0.93,0.89
477,0.86,0.92,0.95,0.91,0.94,0.92,0.95,0.89
478,0.83,0.94,0.94,0.92,0.94,0.9,0.93,0.89
479,0.83,0.94,0.94,0.91,0.94,0.92,0.95,0.89
480,0.86,0.94,0.95,0.91,0.94,0.92,0.95,0.89
481,0.86,0.92,0.95,0.91,0.94,0.9,0.95,0.89
482,0.92,0.94,0.95,0.92,0.94,0.92,0.95,0.89
483,0.92,0.94,0.96,0.92,0.94,0.9,0.95,0.89
484,0.92,0.92,0.96,0.91,0.94,0.9,0.96,0.89
485,0.89,0.92,0.96,0.91,0.94,0.92,0.96,0.89
486,0.92,0.95,0.97,0.91,0.94,0.9,0.96,0.89
487,0.92,0.92,0.96,0.91,0.94,0.9,0.96,0.89
488,0.89,0.92,0.97,0.91,0.94,0.92,0.96,0.88
489,0.92,0.92,0.96,0.91,0.94,0.9,0.96,0.88
490,0.92,0.92,0.97,0.9,0.94,0.92,0.96,0.88
491,0.92,0.94,0.97,0.91,0.97,0.92,0.96,0.88
492,0.92,0.94,0.97,0.91,0.97,0.92,0.96,0.88
493,0.92,0.95,0.97,0.91,0.94,0.92,0.96,0.88
494,0.94,0.95,0.97,0.91,0.97,0.95,0.97,0.88
495,0.92,0.94,0.97,0.91,0.97,0.92,0.96,0.88
496,0.92,0.94,0.97,0.91,0.97,0.9,0.97,0.88
497,0.92,0.95,0.97,0.91,0.94,0.92,0.96,0.88
498,0.92,0.95,0.96,0.91,0.97,0.92,0.97,0.88
499,0.92,0.95,0.96,0.9,0.97,0.92,0.99,0.89
500,0.92,0.95,0.96,0.91,0.97,0.92,0.97,0.89
501,0.92,0.95,0.96,0.91,0.97,0.92,0.97,0.88
502,0.92,0.95,0.97,0.9,0.94,0.92,0.97,0.88
503,0.86,0.94,0.96,0.9,0.97,0.92,0.96,0.88
504,0.89,0.95,0.96,0.9,0.94,0.9,0.96,0.88
505,0.89,0.94,0.96,0.9,0.94,0.92,0.97,0.88
506,0.89,0.94,0.96,0.91,0.94,0.92,0.96,0.88
507,0.89,0.95,0.96,0.9,0.94,0.92,0.96,0.88
508,0.86,0.95,0.96,0.91,0.94,0.92,0.96,0.88
509,0.92,0.95,0.96,0.9,0.94,0.95,0.96,0.88
510,0.92,0.95,0.96,0.91,0.94,0.92,0.96,0.88
511,0.92,0.95,0.97,0.91,0.97,0.95,0.96,0.88
512,0.89,0.95,0.96,0.91,0.97,0.92,0.96,0.88
513,0.89,0.95,0.96,0.91,0.94,0.95,0.96,0.88
514,0.86,0.95,0.95,0.91,0.94,0.92,0.97,0.88
515,0.89,0.95,0.96,0.91,0.94,0.92,0.96,0.88
516,0.89,0.94,0.95,0.91,0.94,0.92,0.96,0.88
517,0.89,0.95,0.96,0.91,0.94,0.92,0.96,0.88
518,0.92,0.97,0.96,0.91,0.94,0.92,0.96,0.87
519,0.92,0.95,0.96,0.9,0.97,0.92,0.96,0.88
520,0.92,0.94,0.97,0.91,0.94,0.9,0.96,0.87
521,0.92,0.95,0.97,0.91,0.94,0.92,0.96,0.87
522,0.92,0.97,0.97,0.92,0.94,0.92,0.97,0.88
523,0.89,0.95,0.97,0.91,0.97,0.92,0.96,0.87
524,0.89,0.95,0.97,0.91,0.94,0.92,0.96,0.87
525,0.92,0.95,0.97,0.91,0.94,0.92,0.97,0.87
526,0.92,0.97,0.96,0.91,0.94,0.92,0.97,0.87
527,0.92,0.97,0.97,0.92,0.97,0.92,0.97,0.87
528,0.92,0.97,0.96,0.91,0.94,0.92,0.97,0.87
529,0.92,0.97,0.97,0.92,0.97,0.95,0.96,0.87
530,0.94,0.97,0.96,0.91,0.97,0.95,0.97,0.87
531,0.92,0.97,0.97,0.91,0.97,0.95,0.97,0.87
532,0.89,0.97,0.97,0.91,0.94,0.95,0.97,0.87
533,0.89,0.95,0.97,0.91,0.97,0.92,0.96,0.87
534,0.89,0.97,0.97,0.91,0.97,0.92,0.99,0.87
535,0.92,0.97,0.98,0.91,0.97,0.95,0.97,0.87
536,0.94,0.99,0.98,0.91,0.97,0.95,0.97,0.87
537,0.94,0.97,0.98,0.9,0.97,0.95,0.97,0.87
538,0.94,0.92,0.98,0.91,0.94,0.92,0.97,0.87
539,0.92,0.97,0.97,0.9,0.94,0.95,0.97,0.87
540,0.94,0.97,0.97,0.92,0.97,0.92,0.97,0.87
541,0.92,0.95,0.97,0.91,0.94,0.92,0.97,0.87
542,0.92,0.95,0.97,0.91,0.97,0.92,0.96,0.87
543,0.92,0.95,0.96,0.9,0.94,0.92,0.96,0.87
544,0.89,0.97,0.97,0.9,0.94,0.92,0.97,0.87
545,0.89,0.95,0.96,0.9,0.94,0.92,0.96,0.87
546,0.92,0.95,0.96,0.9,0.94,0.9,0.96,0.86
547,0.89,0.94,0.96,0.9,0.94,0.9,0.96,0.86
548,0.89,0.94,0.96,0.9,0.97,0.92,0.96,0.86
549,0.89,0.94,0.96,0.9,0.94,0.92,0.96,0.86
550,0.92,0.95,0.96,0.9,0.97,0.9,0.96,0.86
551,0.94,0.95,0.97,0.9,0.94,0.92,0.96,0.86
552,0.94,0.97,0.97,0.9,0.97,0.92,0.96,0.86
553,0.92,0.95,0.97,0.9,0.97,0.95,0.97,0.86
554,0.89,0.95,0.96,0.9,0.97,0.92,0.96,0.86
555,0.92,0.95,0.97,0.9,0.97,0.92,0.96,0.86
556,0.92,0.94,0.97,0.9,0.97,0.92,0.96,0.86
557,0.94,0.95,0.97,0.91,0.94,0.95,0.96,0.86
558,0.97,0.95,0.97,0.9,0.97,0.92,0.96,0.86
559,0.94,0.97,0.98,0.9,0.97,0.92,0.97,0.86
560,0.97,0.97,0.98,0.9,0.97,0.92,0.97,0.86
561,0.97,0.95,0.98,0.9,0.97,0.92,0.97,0.86
562,0.97,0.95,0.98,0.9,0.97,0.92,0.97,0.86
563,0.97,0.94,0.98,0.9,0.97,0.92,0.97,0.86
564,0.97,0.94,0.98,0.9,0.97,0.95,0.97,0.86
565,0.97,0.92,0.98,0.9,0.94,0.92,0.96,0.85
566,0.94,0.94,0.98,0.9,0.97,0.9,0.96,0.86
567,0.94,0.91,0.96,0.89,0.94,0.9,0.96,0.85
568,0.94,0.91,0.96,0.87,0.94,0.9,0.96,0.85
569,0.92,0.92,0.96,0.87,0.97,0.9,0.95,0.85
570,0.92,0.92,0.96,0.87,0.94,0.9,0.96,0.85
571,0.86,0.92,0.96,0.87,0.94,0.87,0.96,0.85
572,0.92,0.91,0.95,0.87,0.94,0.9,0.96,0.85
573,0.92,0.91,0.96,0.87,0.94,0.9,0.95,0.85
574,0.92,0.91,0.97,0.87,0.94,0.87,0.96,0.85
575,0.94,0.91,0.97,0.87,0.97,0.9,0.96,0.85
576,0.92,0.94,0.98,0.89,0.94,0.9,0.96,0.85
577,0.94,0.95,0.98,0.87,0.97,0.9,0.97,0.85
578,0.94,0.94,0.98,0.89,0.97,0.92,0.97,0.85
579,0.94,0.95,0.98,0.87,0.97,0.92,0.97,0.85
580,0.94,0.95,0.97,0.87,0.97,0.92,0.97,0.85
581,0.92,0.94,0.97,0.9,0.97,0.92,0.97,0.85
582,0.89,0.94,0.97,0.87,0.97,0.9,0.97,0.85
583,0.92,0.92,0.96,0.87,0.94,0.9,0.96,0.85
