0,0.96,0.99,0.98,0.99,0.99,0.99,0.99,1.0
1,0.96,0.99,0.98,0.99,0.99,0.99,1.0,1.0
2,0.95,0.99,0.98,0.99,0.98,0.99,0.99,1.0
3,0.95,0.99,0.97,0.99,0.98,0.99,0.99,1.0
4,0.95,0.98,0.98,0.99,0.99,0.98,1.0,1.0
5,0.95,0.99,0.97,0.99,0.99,0.99,0.99,1.0
6,0.94,0.98,0.97,1.0,0.98,0.99,0.99,1.0
7,0.94,0.98,0.97,0.99,0.98,0.99,0.99,1.0
8,0.95,0.99,0.97,0.99,0.99,0.99,0.99,1.0
9,0.95,0.99,0.97,0.99,0.99,0.99,0.99,1.0
10,0.95,0.99,0.97,0.99,0.98,0.99,0.99,1.0
11,0.95,0.99,0.97,0.99,0.98,0.99,0.99,1.0
12,0.95,0.99,0.97,1.0,0.98,0.98,0.99,1.0
13,0.95,0.98,0.97,0.99,0.97,0.99,0.99,1.0
14,0.94,0.99,0.97,0.99,0.99,0.99,0.99,1.0
15,0.94,0.97,0.97,0.99,0.98,0.99,0.99,1.0
16,0.96,0.99,0.98,0.99,0.98,0.99,0.99,1.0
17,0.95,0.98,0.98,0.99,0.99,0.99,0.99,1.0
18,0.95,0.99,0.98,0.99,0.99,0.99,0.99,1.0
19,0.96,0.99,0.98,0.99,0.98,0.99,0.99,1.0
20,0.96,0.99,0.98,0.99,0.98,0.99,0.99,1.0
21,0.96,0.99,0.98,0.99,0.99,0.99,0.99,1.0
22,0.97,0.99,0.98,0.99,0.99,0.99,1.0,1.0
23,0.97,1.0,0.98,0.99,0.99,0.99,1.0,1.0
24,0.98,0.99,0.98,0.99,0.99,0.99,0.99,1.0
25,0.96,1.0,0.98,0.99,0.99,0.99,1.0,1.0
26,0.97,0.99,0.98,0.99,0.99,0.99,0.99,1.0
27,0.97,1.0,0.98,0.99,1.0,0.99,0.99,1.0
28,0.97,0.99,0.98,0.99,0.99,1.0,0.99,1.0
29,0.96,1.0,0.98,0.99,0.99,1.0,1.0,1.0
30,0.95,0.99,0.98,0.99,0.99,1.0,1.0,1.0
31,0.95,0.99,0.98,1.0,0.99,0.99,1.0,1.0
32,0.95,0.99,0.98,0.99,0.99,0.99,0.99,1.0
33,0.96,0.99,0.98,0.99,0.99,0.99,0.99,1.0
34,0.93,1.0,0.98,0.99,0.99,0.99,1.0,1.0
35,0.95,0.98,0.97,0.99,0.99,0.99,0.99,1.0
36,0.94,0.98,0.97,0.99,0.98,1.0,0.99,1.0
37,0.95,0.98,0.97,0.99,0.98,0.99,0.99,1.0
38,0.94,0.98,0.97,0.99,0.98,0.98,0.99,1.0
39,0.94,0.98,0.97,0.99,0.98,0.98,0.99,1.0
40,0.94,0.98,0.97,0.99,0.98,0.98,0.99,1.0
41,0.95,0.99,0.97,1.0,0.98,0.99,0.99,1.0
42,0.94,0.99,0.97,0.99,0.98,0.99,0.99,1.0
43,0.95,0.99,0.97,0.99,0.98,0.99,0.99,1.0
44,0.95,0.99,0.98,0.99,0.98,0.99,0.99,1.0
45,0.94,0.97,0.97,0.99,0.98,0.99,0.99,1.0
46,0.94,0.98,0.97,0.99,0.98,0.98,0.99,1.0
47,0.94,0.98,0.97,0.99,0.98,0.99,0.99,1.0
48,0.94,0.98,0.97,0.99,0.98,0.98,0.99,1.0
49,0.93,0.98,0.97,0.99,0.98,0.98,0.99,1.0
50,0.93,0.98,0.97,0.99,0.99,0.98,0.99,1.0
51,0.94,0.98,0.97,0.99,0.98,0.98,0.99,1.0
52,0.97,0.97,0.98,0.99,0.99,0.98,0.98,1.0
53,0.97,0.97,0.99,0.99,0.99,0.98,0.98,1.0
54,0.99,0.97,1.0,0.99,0.99,0.98,0.98,1.0
55,0.99,0.97,1.0,0.99,1.0,0.97,0.97,0.99
56,1.0,0.96,0.98,0.98,1.0,0.98,0.92,0.99
57,0.77,0.85,0.64,0.93,0.78,0.89,0.45,0.92
58,0.67,0.77,0.51,0.9,0.62,0.84,0.35,0.88
59,0.55,0.66,0.38,0.82,0.44,0.72,0.27,0.81
60,0.42,0.54,0.27,0.72,0.3,0.58,0.21,0.71
61,0.37,0.47,0.23,0.64,0.25,0.5,0.19,0.64
62,0.29,0.38,0.18,0.53,0.19,0.39,0.15,0.53
63,0.24,0.32,0.15,0.44,0.16,0.33,0.14,0.45
64,0.21,0.28,0.13,0.39,0.14,0.29,0.12,0.39
65,0.18,0.24,0.11,0.34,0.13,0.25,0.11,0.35
66,0.17,0.24,0.11,0.33,0.12,0.25,0.1,0.34
67,0.14,0.18,0.08,0.25,0.1,0.19,0.09,0.27
68,0.12,0.17,0.07,0.23,0.09,0.18,0.08,0.24
69,0.11,0.14,0.07,0.21,0.08,0.16,0.07,0.22
70,0.1,0.14,0.06,0.2,0.07,0.15,0.07,0.2
71,0.09,0.12,0.05,0.18,0.07,0.13,0.06,0.18
72,0.07,0.1,0.05,0.15,0.06,0.12,0.05,0.16
73,0.07,0.09,0.04,0.13,0.05,0.11,0.05,0.14
74,0.06,0.08,0.03,0.12,0.05,0.09,0.04,0.13
75,0.06,0.07,0.03,0.11,0.04,0.09,0.04,0.11
76,0.06,0.08,0.03,0.1,0.04,0.08,0.04,0.11
77,0.04,0.06,0.03,0.09,0.04,0.07,0.03,0.09
78,0.04,0.06,0.02,0.09,0.03,0.07,0.03,0.09
79,0.04,0.06,0.02,0.07,0.03,0.06,0.03,0.08
80,0.04,0.04,0.02,0.07,0.03,0.06,0.03,0.07
81,0.04,0.04,0.02,0.06,0.02,0.05,0.03,0.06
82,0.04,0.04,0.02,0.05,0.02,0.05,0.03,0.06
83,0.03,0.04,0.01,0.05,0.02,0.05,0.02,0.05
84,0.03,0.04,0.01,0.05,0.02,0.04,0.02,0.05
85,0.03,0.04,0.01,0.04,0.02,0.04,0.02,0.05
86,0.04,0.04,0.01,0.04,0.02,0.05,0.02,0.04
87,0.04,0.04,0.01,0.04,0.02,0.04,0.02,0.04
88,0.03,0.04,0.01,0.04,0.02,0.04,0.02,0.04
89,0.03,0.04,0.01,0.04,0.02,0.03,0.02,0.03
90,0.03,0.03,0.01,0.03,0.02,0.03,0.02,0.03
91,0.02,0.04,0.01,0.03,0.02,0.03,0.02,0.03
92,0.03,0.02,0.01,0.03,0.02,0.03,0.01,0.03
93,0.01,0.02,0.01,0.03,0.02,0.03,0.01,0.03
94,0.03,0.02,0.01,0.03,0.02,0.02,0.01,0.02
95,0.03,0.02,0.01,0.03,0.02,0.03,0.01,0.02
96,0.02,0.02,0.01,0.02,0.01,0.02,0.01,0.02
97,0.03,0.02,0.01,0.02,0.02,0.02,0.01,0.02
98,0.02,0.03,0.01,0.02,0.02,0.02,0.01,0.02
99,0.03,0.03,0.01,0.02,0.01,0.02,0.01,0.02
100,0.03,0.02,0.01,0.02,0.01,0.02,0.01,0.02
101,0.02,0.02,0.01,0.02,0.01,0.02,0.01,0.02
102,0.02,0.02,0.01,0.02,0.01,0.02,0.01,0.01
103,0.02,0.01,0.01,0.02,0.01,0.01,0.01,0.01
104,0.03,0.01,0.01,0.02,0.01,0.01,0.01,0.01
105,0.02,0.01,0.01,0.02,0.01,0.01,0.01,0.01
106,0.02,0.01,0.01,0.01,0.01,0.01,0.01,0.01
107,0.02,0.01,0.01,0.02,0.01,0.01,0.01,0.01
108,0.03,0.01,0.01,0.01,0.01,0.02,0.01,0.01
109,0.02,0.02,0.01,0.01,0.01,0.02,0.01,0.01
110,0.02,0.02,0.01,0.01,0.01,0.01,0.01,0.01
111,0.02,0.02,0.01,0.01,0.01,0.02,0.01,0.01
112,0.02,0.02,0.01,0.02,0.01,0.02,0.01,0.01
113,0.03,0.02,0.01,0.01,0.01,0.02,0.01,0.01
114,0.02,0.01,0.01,0.01,0.01,0.01,0.01,0.01
115,0.02,0.03,0.01,0.01,0.01,0.01,0.0,0.01
116,0.01,0.02,0.01,0.01,0.01,0.02,0.01,0.01
117,0.01,0.02,0.0,0.01,0.01,0.02,0.0,0.01
118,0.01,0.01,0.0,0.01,0.0,0.01,0.0,0.01
119,0.01,0.01,0.0,0.01,0.01,0.01,0.0,0.01
120,0.01,0.01,0.0,0.01,0.0,0.01,0.0,0.01
121,0.01,0.01,0.0,0.01,0.01,0.01,0.0,0.01
122,0.01,0.01,0.0,0.01,0.0,0.01,0.0,0.01
123,0.01,0.01,0.0,0.01,0.0,0.01,0.0,0.01
124,0.01,0.01,0.0,0.01,0.0,0.01,0.0,0.01
125,0.01,0.01,0.0,0.01,0.0,0.01,0.0,0.01
126,0.01,0.01,0.0,0.0,0.0,0.0,0.0,0.01
127,0.01,0.01,0.0,0.01,0.0,0.01,0.0,0.01
128,0.01,0.0,0.0,0.01,0.0,0.01,0.0,0.0
129,0.0,0.01,0.0,0.0,0.0,0.0,0.0,0.0
130,0.01,0.01,0.0,0.01,0.0,0.0,0.0,0.0
131,0.01,0.01,0.0,0.0,0.0,0.0,0.0,0.0
132,0.01,0.01,0.0,0.01,0.0,0.01,0.0,0.0
133,0.01,0.01,0.0,0.0,0.0,0.01,0.0,0.0
134,0.01,0.01,0.0,0.01,0.0,0.01,0.0,0.0
135,0.01,0.01,0.0,0.0,0.0,0.01,0.0,0.0
136,0.01,0.01,0.0,0.0,0.0,0.01,0.0,0.0
137,0.01,0.01,0.0,0.0,0.0,0.0,0.0,0.0
138,0.01,0.01,0.0,0.0,0.0,0.01,0.0,0.0
139,0.01,0.01,0.0,0.0,0.0,0.0,0.0,0.0
140,0.01,0.01,0.0,0.0,0.0,0.01,0.0,0.0
141,0.01,0.01,0.0,0.0,0.0,0.0,0.0,0.0
142,0.01,0.01,0.0,0.0,0.0,0.0,0.0,0.0
143,0.02,0.01,0.0,0.0,0.0,0.0,0.0,0.0
144,0.02,0.01,0.01,0.0,0.0,0.0,0.0,0.0
145,0.02,0.01,0.0,0.0,0.0,0.0,0.0,0.0
146,0.03,0.01,0.01,0.0,0.0,0.0,0.0,0.0
147,0.02,0.01,0.0,0.0,0.0,0.0,0.0,0.0
148,0.02,0.01,0.0,0.0,0.0,0.0,0.0,0.0
149,0.02,0.01,0.0,0.0,0.01,0.0,0.0,0.0
150,0.03,0.01,0.0,0.0,0.0,0.0,0.0,0.0
151,0.01,0.01,0.01,0.0,0.01,0.0,0.01,0.0
152,0.04,0.01,0.01,0.0,0.02,0.0,0.02,0.0
153,0.05,0.03,0.03,0.01,0.03,0.01,0.04,0.0
154,0.09,0.06,0.07,0.02,0.08,0.03,0.1,0.01
155,0.15,0.11,0.13,0.03,0.13,0.05,0.15,0.02
156,0.19,0.14,0.16,0.04,0.16,0.08,0.19,0.03
157,0.21,0.16,0.18,0.05,0.19,0.09,0.21,0.03
158,0.27,0.2,0.22,0.07,0.23,0.13,0.24,0.04
159,0.34,0.26,0.28,0.11,0.28,0.18,0.29,0.06
160,0.39,0.32,0.33,0.14,0.33,0.22,0.34,0.08
161,0.41,0.34,0.35,0.15,0.36,0.24,0.36,0.09
162,0.46,0.39,0.39,0.18,0.39,0.28,0.39,0.1
163,0.5,0.44,0.44,0.21,0.43,0.32,0.43,0.12
164,0.53,0.49,0.47,0.24,0.46,0.36,0.46,0.14
165,0.57,0.51,0.5,0.27,0.49,0.39,0.48,0.15
166,0.59,0.55,0.52,0.29,0.52,0.42,0.51,0.17
167,0.62,0.59,0.55,0.32,0.54,0.46,0.53,0.19
168,0.65,0.62,0.58,0.36,0.57,0.49,0.56,0.21
169,0.66,0.63,0.59,0.37,0.58,0.5,0.57,0.22
170,0.68,0.65,0.61,0.4,0.61,0.53,0.59,0.24
171,0.7,0.68,0.64,0.43,0.63,0.54,0.62,0.26
172,0.7,0.68,0.65,0.45,0.64,0.57,0.63,0.27
173,0.73,0.71,0.67,0.47,0.65,0.6,0.65,0.29
174,0.74,0.73,0.69,0.5,0.68,0.62,0.67,0.3
175,0.76,0.75,0.72,0.53,0.7,0.64,0.69,0.32
176,0.78,0.78,0.74,0.56,0.73,0.67,0.71,0.35
177,0.8,0.8,0.76,0.59,0.74,0.7,0.73,0.38
178,0.8,0.82,0.77,0.61,0.75,0.71,0.74,0.39
179,0.83,0.82,0.78,0.63,0.77,0.72,0.75,0.41
180,0.82,0.83,0.79,0.64,0.78,0.73,0.76,0.42
181,0.83,0.84,0.8,0.66,0.78,0.75,0.77,0.44
182,0.84,0.86,0.81,0.68,0.79,0.76,0.78,0.45
183,0.86,0.87,0.83,0.7,0.8,0.78,0.8,0.47
184,0.87,0.88,0.83,0.71,0.82,0.78,0.81,0.49
185,0.88,0.88,0.85,0.73,0.82,0.8,0.81,0.5
186,0.89,0.88,0.86,0.74,0.84,0.81,0.83,0.53
187,0.88,0.89,0.86,0.76,0.84,0.81,0.83,0.53
188,0.89,0.89,0.86,0.77,0.85,0.83,0.84,0.55
189,0.89,0.88,0.87,0.78,0.86,0.84,0.84,0.56
190,0.89,0.9,0.87,0.79,0.86,0.83,0.85,0.58
191,0.89,0.9,0.88,0.8,0.86,0.85,0.85,0.59
192,0.89,0.91,0.88,0.81,0.86,0.86,0.86,0.6
193,0.89,0.91,0.88,0.82,0.86,0.86,0.87,0.61
194,0.91,0.92,0.89,0.83,0.88,0.87,0.88,0.63
195,0.91,0.92,0.89,0.84,0.88,0.87,0.88,0.64
196,0.9,0.94,0.9,0.85,0.89,0.88,0.88,0.65
197,0.91,0.93,0.9,0.85,0.89,0.88,0.88,0.66
198,0.92,0.94,0.9,0.86,0.89,0.88,0.89,0.67
199,0.92,0.94,0.91,0.87,0.9,0.88,0.9,0.68
200,0.93,0.94,0.91,0.87,0.9,0.88,0.9,0.69
201,0.93,0.94,0.91,0.87,0.9,0.89,0.9,0.7
202,0.93,0.94,0.92,0.88,0.91,0.89,0.9,0.71
203,0.94,0.94,0.92,0.88,0.91,0.89,0.91,0.71
204,0.93,0.94,0.92,0.89,0.91,0.9,0.91,0.73
205,0.93,0.94,0.93,0.89,0.92,0.91,0.91,0.73
206,0.94,0.96,0.93,0.9,0.92,0.91,0.91,0.74
207,0.94,0.96,0.93,0.9,0.92,0.91,0.92,0.75
208,0.94,0.96,0.93,0.9,0.92,0.91,0.92,0.75
209,0.93,0.96,0.93,0.9,0.92,0.91,0.92,0.76
210,0.92,0.96,0.93,0.9,0.92,0.91,0.91,0.77
211,0.91,0.94,0.92,0.91,0.92,0.91,0.92,0.78
212,0.92,0.94,0.92,0.91,0.91,0.91,0.92,0.78
213,0.91,0.96,0.92,0.91,0.92,0.91,0.92,0.79
214,0.92,0.96,0.92,0.91,0.92,0.92,0.92,0.79
215,0.91,0.96,0.93,0.92,0.92,0.92,0.92,0.8
216,0.92,0.96,0.93,0.93,0.92,0.91,0.92,0.8
217,0.92,0.96,0.93,0.93,0.92,0.92,0.92,0.8
218,0.92,0.94,0.93,0.93,0.92,0.92,0.92,0.81
219,0.92,0.94,0.93,0.93,0.92,0.92,0.92,0.81
220,0.92,0.94,0.93,0.93,0.92,0.91,0.92,0.81
221,0.92,0.94,0.93,0.93,0.92,0.91,0.92,0.82
222,0.92,0.94,0.93,0.93,0.93,0.92,0.92,0.82
223,0.92,0.94,0.93,0.93,0.93,0.91,0.92,0.83
224,0.92,0.94,0.93,0.94,0.93,0.92,0.92,0.83
225,0.92,0.94,0.93,0.94,0.93,0.91,0.92,0.83
226,0.91,0.94,0.93,0.94,0.92,0.91,0.92,0.84
227,0.92,0.94,0.93,0.94,0.93,0.91,0.93,0.84
228,0.93,0.94,0.93,0.94,0.93,0.91,0.92,0.84
229,0.92,0.94,0.93,0.94,0.93,0.91,0.93,0.85
230,0.92,0.94,0.93,0.94,0.93,0.92,0.93,0.85
231,0.91,0.94,0.93,0.94,0.93,0.92,0.93,0.85
232,0.92,0.94,0.93,0.94,0.93,0.92,0.94,0.85
233,0.92,0.94,0.93,0.95,0.94,0.92,0.94,0.86
234,0.92,0.94,0.93,0.94,0.94,0.93,0.94,0.86
235,0.91,0.94,0.93,0.94,0.93,0.92,0.94,0.86
236,0.91,0.94,0.93,0.94,0.93,0.92,0.93,0.86
237,0.9,0.93,0.93,0.95,0.93,0.91,0.93,0.86
238,0.9,0.93,0.93,0.95,0.92,0.91,0.93,0.86
239,0.89,0.92,0.93,0.95,0.93,0.91,0.93,0.87
240,0.89,0.92,0.93,0.95,0.93,0.91,0.93,0.87
241,0.9,0.93,0.93,0.95,0.93,0.92,0.93,0.87
242,0.9,0.94,0.93,0.95,0.93,0.92,0.94,0.88
243,0.89,0.93,0.93,0.95,0.93,0.92,0.93,0.88
244,0.89,0.93,0.93,0.95,0.93,0.93,0.94,0.88
245,0.91,0.93,0.93,0.95,0.93,0.92,0.94,0.88
246,0.9,0.94,0.93,0.95,0.93,0.91,0.93,0.88
247,0.9,0.93,0.92,0.95,0.93,0.92,0.93,0.88
248,0.89,0.93,0.93,0.96,0.93,0.91,0.93,0.88
249,0.89,0.93,0.93,0.95,0.92,0.92,0.93,0.89
250,0.89,0.93,0.93,0.96,0.93,0.92,0.93,0.89
251,0.89,0.93,0.92,0.96,0.92,0.92,0.94,0.89
252,0.89,0.93,0.92,0.96,0.92,0.92,0.93,0.89
253,0.88,0.93,0.92,0.96,0.93,0.92,0.93,0.89
254,0.89,0.94,0.93,0.96,0.92,0.92,0.93,0.89
255,0.89,0.94,0.93,0.96,0.93,0.93,0.93,0.89
256,0.88,0.93,0.93,0.96,0.93,0.92,0.94,0.9
257,0.89,0.93,0.93,0.96,0.93,0.92,0.94,0.9
258,0.9,0.94,0.93,0.96,0.93,0.92,0.94,0.9
259,0.9,0.93,0.93,0.96,0.93,0.93,0.93,0.9
260,0.9,0.93,0.93,0.96,0.93,0.92,0.93,0.9
261,0.88,0.91,0.93,0.96,0.93,0.92,0.93,0.9
262,0.9,0.92,0.93,0.96,0.93,0.92,0.93,0.9
263,0.9,0.92,0.93,0.96,0.93,0.91,0.94,0.91
264,0.9,0.93,0.93,0.96,0.93,0.92,0.94,0.91
265,0.9,0.92,0.93,0.97,0.93,0.92,0.94,0.91
266,0.89,0.93,0.93,0.96,0.93,0.93,0.94,0.91
267,0.9,0.93,0.93,0.97,0.93,0.92,0.94,0.91
268,0.89,0.93,0.93,0.97,0.93,0.93,0.94,0.91
269,0.91,0.94,0.93,0.97,0.94,0.93,0.94,0.91
270,0.92,0.94,0.93,0.97,0.94,0.92,0.94,0.91
271,0.91,0.94,0.93,0.97,0.93,0.92,0.95,0.91
272,0.9,0.93,0.93,0.97,0.94,0.93,0.94,0.91
273,0.9,0.93,0.93,0.97,0.94,0.92,0.94,0.91
274,0.9,0.93,0.94,0.97,0.93,0.92,0.94,0.92
275,0.9,0.92,0.93,0.97,0.94,0.91,0.94,0.92
276,0.91,0.93,0.93,0.97,0.94,0.92,0.94,0.92
277,0.9,0.92,0.93,0.97,0.94,0.92,0.94,0.92
278,0.9,0.93,0.93,0.97,0.94,0.92,0.94,0.92
279,0.89,0.93,0.94,0.97,0.93,0.93,0.94,0.92
280,0.91,0.93,0.93,0.97,0.94,0.93,0.95,0.92
281,0.9,0.93,0.94,0.97,0.94,0.93,0.95,0.92
282,0.9,0.93,0.94,0.97,0.95,0.93,0.95,0.92
283,0.91,0.93,0.94,0.97,0.94,0.93,0.95,0.92
284,0.91,0.93,0.94,0.97,0.94,0.93,0.95,0.93
285,0.91,0.93,0.94,0.97,0.94,0.93,0.95,0.93
286,0.91,0.94,0.94,0.97,0.95,0.94,0.95,0.93
287,0.92,0.94,0.94,0.97,0.95,0.93,0.96,0.93
288,0.92,0.96,0.94,0.97,0.95,0.94,0.96,0.93
289,0.93,0.96,0.95,0.98,0.95,0.95,0.96,0.93
290,0.92,0.96,0.95,0.98,0.95,0.95,0.96,0.93
291,0.92,0.96,0.95,0.98,0.96,0.94,0.96,0.93
292,0.91,0.96,0.95,0.98,0.95,0.95,0.96,0.94
293,0.93,0.96,0.95,0.98,0.95,0.95,0.96,0.94
294,0.92,0.96,0.95,0.98,0.95,0.95,0.96,0.94
295,0.92,0.96,0.95,0.98,0.96,0.95,0.96,0.94
296,0.93,0.96,0.95,0.98,0.96,0.95,0.96,0.94
297,0.94,0.96,0.96,0.98,0.96,0.95,0.97,0.94
298,0.94,0.96,0.95,0.98,0.96,0.95,0.96,0.94
299,0.94,0.96,0.96,0.98,0.96,0.95,0.96,0.94
300,0.93,0.96,0.96,0.98,0.96,0.95,0.96,0.94
301,0.95,0.96,0.96,0.98,0.96,0.95,0.96,0.94
302,0.95,0.96,0.96,0.98,0.96,0.95,0.96,0.94
303,0.95,0.96,0.96,0.98,0.96,0.95,0.96,0.95
304,0.94,0.96,0.96,0.98,0.96,0.96,0.97,0.95
305,0.94,0.96,0.96,0.98,0.97,0.95,0.97,0.95
306,0.94,0.96,0.96,0.98,0.96,0.95,0.96,0.95
307,0.94,0.96,0.96,0.98,0.96,0.95,0.97,0.95
308,0.94,0.97,0.96,0.99,0.97,0.96,0.97,0.95
309,0.95,0.97,0.96,0.98,0.96,0.95,0.97,0.95
310,0.95,0.97,0.96,0.99,0.96,0.96,0.97,0.95
311,0.95,0.98,0.96,0.99,0.97,0.96,0.97,0.95
312,0.95,0.97,0.96,0.99,0.97,0.97,0.97,0.95
313,0.94,0.97,0.96,0.99,0.96,0.95,0.97,0.95
314,0.93,0.96,0.96,0.99,0.96,0.96,0.97,0.95
315,0.94,0.98,0.96,0.99,0.96,0.96,0.97,0.95
316,0.92,0.97,0.96,0.99,0.96,0.96,0.97,0.95
317,0.93,0.96,0.95,0.99,0.96,0.96,0.97,0.95
318,0.93,0.97,0.95,0.99,0.96,0.96,0.97,0.95
319,0.93,0.97,0.95,0.99,0.96,0.96,0.97,0.96
320,0.94,0.97,0.95,0.99,0.96,0.96,0.97,0.95
321,0.95,0.96,0.96,0.99,0.96,0.96,0.97,0.96
322,0.95,0.96,0.96,0.99,0.96,0.96,0.97,0.96
323,0.95,0.96,0.96,0.99,0.96,0.96,0.97,0.96
324,0.95,0.97,0.96,0.99,0.97,0.96,0.96,0.96
325,0.95,0.97,0.96,0.99,0.97,0.96,0.97,0.96
326,0.96,0.96,0.96,0.99,0.97,0.95,0.97,0.96
327,0.96,0.96,0.96,0.99,0.97,0.97,0.97,0.96
328,0.95,0.96,0.96,0.99,0.97,0.96,0.97,0.96
329,0.96,0.96,0.96,0.98,0.97,0.96,0.97,0.96
330,0.96,0.96,0.96,0.99,0.97,0.96,0.97,0.96
331,0.96,0.96,0.96,0.99,0.97,0.95,0.97,0.96
332,0.95,0.96,0.96,0.98,0.97,0.96,0.97,0.96
333,0.96,0.96,0.96,0.99,0.97,0.96,0.97,0.96
334,0.95,0.96,0.96,0.99,0.97,0.96,0.97,0.96
335,0.95,0.96,0.96,0.98,0.97,0.96,0.97,0.96
336,0.95,0.96,0.96,0.99,0.97,0.97,0.97,0.96
337,0.94,0.96,0.96,0.99,0.98,0.96,0.97,0.96
338,0.94,0.96,0.96,0.99,0.97,0.95,0.97,0.96
339,0.94,0.96,0.96,0.99,0.96,0.96,0.97,0.96
340,0.94,0.96,0.96,0.99,0.96,0.96,0.97,0.96
341,0.93,0.96,0.96,0.99,0.96,0.96,0.97,0.96
342,0.94,0.97,0.96,0.99,0.97,0.96,0.97,0.96
343,0.94,0.96,0.96,0.99,0.97,0.96,0.97,0.96
344,0.93,0.97,0.96,0.99,0.96,0.96,0.97,0.96
345,0.93,0.96,0.96,0.99,0.96,0.96,0.97,0.96
346,0.93,0.96,0.96,0.98,0.96,0.96,0.97,0.96
347,0.93,0.96,0.96,0.99,0.96,0.96,0.97,0.96
348,0.94,0.96,0.96,0.99,0.96,0.96,0.97,0.96
349,0.93,0.96,0.96,0.99,0.96,0.96,0.97,0.96
350,0.94,0.96,0.96,0.98,0.97,0.96,0.97,0.96
351,0.93,0.96,0.96,0.99,0.96,0.96,0.97,0.96
352,0.94,0.96,0.96,0.99,0.97,0.96,0.97,0.96
353,0.94,0.96,0.96,0.99,0.97,0.96,0.97,0.96
354,0.94,0.96,0.96,0.99,0.97,0.96,0.97,0.96
355,0.94,0.96,0.96,0.98,0.97,0.95,0.97,0.96
356,0.94,0.96,0.96,0.99,0.97,0.95,0.97,0.96
357,0.94,0.96,0.96,0.98,0.97,0.96,0.97,0.97
358,0.94,0.96,0.96,0.99,0.97,0.96,0.97,0.97
359,0.93,0.96,0.96,0.98,0.96,0.96,0.97,0.97
360,0.95,0.96,0.96,0.98,0.97,0.96,0.97,0.97
361,0.95,0.96,0.96,0.99,0.97,0.97,0.97,0.97
362,0.94,0.96,0.96,0.98,0.98,0.96,0.98,0.97
363,0.95,0.96,0.96,0.99,0.97,0.96,0.98,0.97
364,0.95,0.98,0.96,0.99,0.97,0.96,0.98,0.97
365,0.95,0.96,0.96,0.99,0.98,0.97,0.98,0.97
366,0.96,0.97,0.97,0.99,0.97,0.97,0.98,0.97
367,0.95,0.97,0.97,0.99,0.97,0.96,0.98,0.97
368,0.96,0.97,0.97,0.99,0.98,0.97,0.98,0.97
369,0.95,0.98,0.97,0.99,0.98,0.97,0.98,0.97
370,0.96,0.97,0.97,0.99,0.98,0.96,0.98,0.97
371,0.95,0.97,0.97,0.99,0.97,0.96,0.98,0.97
372,0.95,0.96,0.97,0.99,0.97,0.96,0.98,0.97
373,0.95,0.97,0.97,0.99,0.97,0.96,0.98,0.97
374,0.93,0.96,0.97,0.99,0.98,0.96,0.98,0.97
375,0.94,0.96,0.96,0.99,0.97,0.96,0.98,0.97
376,0.95,0.97,0.96,0.99,0.97,0.96,0.98,0.97
377,0.93,0.97,0.96,0.99,0.98,0.96,0.97,0.97
378,0.94,0.97,0.96,0.99,0.97,0.95,0.98,0.97
379,0.94,0.97,0.96,0.98,0.97,0.97,0.98,0.97
380,0.94,0.97,0.96,0.99,0.98,0.97,0.98,0.97
381,0.92,0.98,0.96,0.99,0.97,0.97,0.98,0.98
382,0.94,0.97,0.96,0.99,0.97,0.97,0.98,0.98
383,0.93,0.97,0.96,0.99,0.97,0.97,0.98,0.97
384,0.94,0.98,0.96,0.99,0.97,0.97,0.98,0.98
385,0.94,0.97,0.96,0.99,0.97,0.97,0.98,0.97
386,0.93,0.97,0.96,0.99,0.97,0.97,0.98,0.97
387,0.92,0.97,0.96,0.99,0.97,0.96,0.98,0.98
388,0.93,0.97,0.96,0.99,0.97,0.97,0.98,0.98
389,0.94,0.98,0.96,0.99,0.97,0.97,0.98,0.98
390,0.94,0.97,0.96,0.99,0.97,0.97,0.98,0.98
391,0.94,0.97,0.96,0.99,0.97,0.97,0.97,0.98
392,0.93,0.96,0.96,0.99,0.97,0.96,0.97,0.98
393,0.93,0.96,0.96,0.99,0.98,0.97,0.98,0.98
394,0.94,0.97,0.96,0.99,0.97,0.95,0.97,0.98
395,0.94,0.96,0.96,0.99,0.97,0.99,0.98,0.98
396,0.95,0.98,0.96,0.99,0.97,0.97,0.98,0.97
397,0.95,0.98,0.96,0.98,0.97,0.97,0.97,0.98
398,0.94,0.98,0.97,0.99,0.97,0.98,0.98,0.98
399,0.95,0.98,0.97,0.99,0.97,0.98,0.98,0.98
400,0.95,0.98,0.97,0.99,0.97,0.97,0.98,0.98
401,0.95,0.98,0.97,0.99,0.98,0.97,0.98,0.98
402,0.96,0.97,0.97,0.99,0.98,0.97,0.98,0.98
403,0.93,0.97,0.97,0.99,0.97,0.97,0.98,0.98
404,0.95,0.97,0.96,0.99,0.98,0.97,0.98,0.98
405,0.94,0.96,0.96,0.99,0.97,0.96,0.98,0.98
406,0.93,0.96,0.96,0.99,0.97,0.96,0.98,0.98
407,0.94,0.97,0.96,0.98,0.97,0.97,0.98,0.98
408,0.94,0.97,0.97,0.99,0.97,0.97,0.98,0.98
409,0.95,0.97,0.97,0.99,0.97,0.97,0.98,0.98
410,0.93,0.97,0.96,0.98,0.97,0.97,0.98,0.98
411,0.94,0.97,0.96,0.99,0.97,0.97,0.98,0.98
412,0.94,0.98,0.96,0.98,0.97,0.97,0.98,0.98
413,0.94,0.98,0.96,0.99,0.97,0.97,0.98,0.98
414,0.94,0.98,0.96,0.99,0.97,0.97,0.98,0.98
415,0.94,0.98,0.96,0.98,0.98,0.96,0.98,0.98
416,0.94,0.97,0.96,0.99,0.98,0.97,0.98,0.98
417,0.94,0.98,0.96,0.99,0.97,0.98,0.98,0.98
418,0.94,0.98,0.96,0.99,0.98,0.97,0.98,0.98
419,0.93,0.98,0.97,0.99,0.97,0.98,0.98,0.98
420,0.95,0.99,0.97,0.99,0.98,0.98,0.99,0.98
421,0.95,0.99,0.97,0.99,0.98,0.98,0.98,0.98
422,0.97,0.99,0.98,0.99,0.98,0.98,0.99,0.98
423,0.96,0.99,0.98,0.99,0.98,0.98,0.99,0.98
424,0.96,0.99,0.98,0.99,0.98,0.99,0.99,0.98
425,0.96,0.98,0.97,0.99,0.98,0.97,0.99,0.98
426,0.96,0.98,0.97,0.99,0.98,0.98,0.99,0.98
427,0.95,0.98,0.97,0.99,0.97,0.97,0.98,0.98
428,0.95,0.98,0.97,0.99,0.98,0.98,0.99,0.98
429,0.94,0.97,0.97,0.99,0.98,0.97,0.98,0.98
430,0.96,0.98,0.97,0.98,0.98,0.97,0.98,0.98
431,0.94,0.98,0.97,0.98,0.98,0.97,0.98,0.98
432,0.96,0.98,0.97,0.99,0.98,0.97,0.99,0.98
433,0.96,0.98,0.97,0.99,0.98,0.98,0.98,0.98
434,0.95,0.97,0.97,0.98,0.97,0.98,0.98,0.98
435,0.94,0.97,0.96,0.98,0.98,0.97,0.98,0.98
436,0.95,0.98,0.97,0.98,0.97,0.97,0.98,0.98
437,0.95,0.98,0.97,0.99,0.98,0.98,0.98,0.98
438,0.95,0.97,0.97,0.99,0.98,0.97,0.98,0.98
439,0.95,0.98,0.97,0.98,0.97,0.98,0.99,0.98
440,0.95,0.97,0.97,0.98,0.97,0.98,0.98,0.98
441,0.94,0.98,0.97,0.98,0.98,0.97,0.98,0.98
442,0.94,0.97,0.96,0.98,0.98,0.97,0.98,0.98
443,0.93,0.97,0.96,0.98,0.98,0.97,0.98,0.98
444,0.94,0.96,0.96,0.98,0.97,0.96,0.98,0.98
445,0.94,0.97,0.96,0.98,0.97,0.97,0.98,0.98
446,0.95,0.97,0.96,0.98,0.97,0.97,0.98,0.98
447,0.94,0.98,0.97,0.98,0.98,0.97,0.98,0.98
448,0.95,0.97,0.97,0.98,0.97,0.97,0.98,0.98
449,0.95,0.97,0.97,0.98,0.97,0.97,0.98,0.98
450,0.95,0.98,0.97,0.98,0.97,0.97,0.98,0.98
451,0.95,0.97,0.96,0.98,0.98,0.97,0.98,0.98
452,0.94,0.97,0.96,0.98,0.98,0.97,0.98,0.98
453,0.94,0.97,0.96,0.98,0.97,0.97,0.98,0.98
454,0.94,0.96,0.96,0.98,0.97,0.98,0.98,0.98
455,0.92,0.97,0.96,0.99,0.97,0.97,0.98,0.98
456,0.92,0.96,0.96,0.98,0.97,0.96,0.98,0.98
457,0.93,0.96,0.96,0.98,0.97,0.96,0.98,0.98
458,0.93,0.96,0.96,0.98,0.97,0.96,0.98,0.98
459,0.94,0.96,0.96,0.98,0.97,0.96,0.98,0.98
460,0.93,0.96,0.96,0.98,0.97,0.96,0.98,0.98
461,0.93,0.96,0.96,0.98,0.97,0.96,0.97,0.98
462,0.93,0.96,0.96,0.98,0.97,0.96,0.98,0.98
463,0.93,0.96,0.96,0.98,0.97,0.96,0.97,0.98
464,0.92,0.96,0.96,0.98,0.97,0.97,0.98,0.98
465,0.94,0.96,0.96,0.98,0.97,0.96,0.98,0.98
466,0.93,0.96,0.96,0.98,0.96,0.96,0.98,0.98
467,0.93,0.96,0.96,0.98,0.97,0.96,0.98,0.98
468,0.93,0.96,0.96,0.98,0.98,0.96,0.98,0.98
469,0.92,0.96,0.96,0.98,0.97,0.96,0.98,0.98
470,0.93,0.96,0.96,0.97,0.97,0.95,0.98,0.98
471,0.92,0.94,0.96,0.97,0.97,0.95,0.98,0.98
472,0.93,0.94,0.96,0.97,0.97,0.95,0.98,0.98
473,0.93,0.96,0.96,0.97,0.97,0.95,0.98,0.98
474,0.93,0.94,0.96,0.97,0.97,0.95,0.98,0.98
475,0.93,0.94,0.96,0.97,0.97,0.95,0.98,0.98
476,0.92,0.94,0.96,0.98,0.97,0.95,0.98,0.98
477,0.93,0.94,0.96,0.98,0.97,0.95,0.98,0.98
478,0.93,0.94,0.96,0.97,0.97,0.95,0.98,0.98
479,0.93,0.96,0.96,0.97,0.98,0.95,0.98,0.98
480,0.93,0.94,0.96,0.97,0.98,0.95,0.98,0.98
481,0.93,0.94,0.96,0.97,0.97,0.95,0.98,0.98
482,0.94,0.94,0.96,0.97,0.97,0.95,0.98,0.98
483,0.94,0.94,0.96,0.97,0.98,0.95,0.98,0.98
484,0.94,0.94,0.96,0.97,0.97,0.95,0.98,0.98
485,0.93,0.94,0.96,0.97,0.97,0.96,0.98,0.98
486,0.93,0.94,0.96,0.97,0.97,0.95,0.98,0.98
487,0.93,0.94,0.96,0.97,0.97,0.96,0.98,0.98
488,0.93,0.94,0.96,0.97,0.97,0.95,0.98,0.98
489,0.93,0.94,0.96,0.97,0.97,0.95,0.98,0.98
490,0.92,0.94,0.96,0.97,0.97,0.95,0.98,0.98
491,0.92,0.94,0.96,0.97,0.97,0.96,0.98,0.98
492,0.93,0.94,0.96,0.97,0.97,0.95,0.98,0.98
493,0.91,0.94,0.96,0.97,0.98,0.95,0.98,0.98
494,0.93,0.94,0.96,0.97,0.97,0.95,0.98,0.98
495,0.94,0.94,0.96,0.97,0.97,0.96,0.98,0.98
496,0.94,0.96,0.97,0.97,0.98,0.95,0.98,0.98
497,0.95,0.94,0.97,0.97,0.97,0.96,0.98,0.98
498,0.95,0.94,0.97,0.97,0.97,0.96,0.99,0.98
499,0.95,0.96,0.97,0.97,0.98,0.95,0.98,0.98
500,0.95,0.94,0.97,0.97,0.98,0.95,0.98,0.98
501,0.94,0.94,0.97,0.97,0.97,0.96,0.98,0.98
502,0.93,0.94,0.96,0.97,0.98,0.96,0.98,0.98
503,0.93,0.94,0.96,0.97,0.97,0.96,0.98,0.98
504,0.92,0.96,0.96,0.97,0.98,0.96,0.98,0.98
505,0.93,0.96,0.96,0.97,0.98,0.96,0.98,0.99
506,0.93,0.94,0.96,0.97,0.97,0.96,0.98,0.99
507,0.93,0.96,0.96,0.97,0.97,0.96,0.98,0.98
508,0.92,0.96,0.96,0.97,0.97,0.96,0.98,0.98
509,0.93,0.94,0.96,0.97,0.97,0.96,0.98,0.98
510,0.93,0.96,0.96,0.97,0.98,0.97,0.99,0.99
511,0.93,0.96,0.96,0.97,0.98,0.96,0.98,0.99
512,0.93,0.96,0.96,0.97,0.97,0.96,0.99,0.99
513,0.93,0.96,0.96,0.97,0.97,0.98,0.98,0.99
514,0.93,0.96,0.96,0.97,0.97,0.96,0.98,0.99
515,0.92,0.96,0.96,0.97,0.97,0.96,0.98,0.99
516,0.91,0.94,0.96,0.97,0.97,0.96,0.98,0.98
517,0.92,0.94,0.95,0.97,0.96,0.96,0.98,0.99
518,0.92,0.94,0.96,0.97,0.97,0.95,0.98,0.99
519,0.91,0.94,0.96,0.97,0.97,0.96,0.98,0.99
520,0.93,0.94,0.96,0.97,0.97,0.96,0.98,0.98
521,0.91,0.94,0.96,0.97,0.97,0.95,0.98,0.99
522,0.93,0.94,0.96,0.97,0.97,0.95,0.98,0.98
523,0.91,0.94,0.96,0.97,0.96,0.96,0.98,0.99
524,0.92,0.94,0.96,0.97,0.97,0.96,0.98,0.99
525,0.93,0.94,0.96,0.97,0.97,0.95,0.98,0.99
526,0.93,0.94,0.96,0.97,0.97,0.96,0.98,0.99
527,0.93,0.94,0.96,0.97,0.97,0.95,0.99,0.99
528,0.94,0.94,0.96,0.97,0.98,0.96,0.99,0.99
529,0.94,0.94,0.96,0.97,0.98,0.95,0.98,0.99
530,0.92,0.96,0.96,0.97,0.98,0.96,0.99,0.99
531,0.93,0.94,0.97,0.97,0.98,0.96,0.98,0.99
532,0.94,0.94,0.97,0.97,0.98,0.96,0.98,0.99
533,0.94,0.94,0.97,0.97,0.98,0.96,0.98,0.99
534,0.94,0.94,0.97,0.97,0.97,0.96,0.98,0.99
535,0.94,0.94,0.97,0.97,0.98,0.96,0.99,0.99
536,0.94,0.94,0.97,0.97,0.98,0.96,0.99,0.99
537,0.94,0.96,0.97,0.97,0.98,0.96,0.99,0.99
538,0.93,0.94,0.97,0.97,0.98,0.96,0.99,0.99
539,0.93,0.94,0.97,0.97,0.98,0.96,0.99,0.99
540,0.94,0.94,0.97,0.97,0.98,0.96,0.98,0.99
541,0.93,0.94,0.97,0.97,0.98,0.96,0.99,0.99
542,0.94,0.94,0.96,0.97,0.97,0.96,0.98,0.99
543,0.94,0.94,0.97,0.97,0.98,0.96,0.99,0.99
544,0.94,0.94,0.97,0.97,0.97,0.96,0.99,0.99
545,0.93,0.96,0.97,0.97,0.98,0.96,0.99,0.99
546,0.93,0.96,0.97,0.97,0.98,0.96,0.99,0.99
547,0.94,0.96,0.97,0.97,0.98,0.97,0.99,0.99
548,0.95,0.96,0.97,0.97,0.98,0.97,0.99,0.99
549,0.94,0.96,0.97,0.97,0.98,0.97,0.99,0.99
550,0.94,0.96,0.97,0.97,0.99,0.96,0.99,0.99
551,0.94,0.96,0.96,0.97,0.98,0.97,0.99,0.99
552,0.93,0.94,0.97,0.97,0.97,0.96,0.99,0.99
553,0.93,0.94,0.96,0.97,0.98,0.96,0.99,0.99
554,0.93,0.96,0.96,0.97,0.98,0.97,0.98,0.99
555,0.94,0.94,0.97,0.97,0.98,0.97,0.99,0.99
556,0.94,0.96,0.97,0.97,0.98,0.96,0.99,0.99
557,0.93,0.96,0.97,0.97,0.98,0.97,0.99,0.99
558,0.93,0.96,0.97,0.97,0.98,0.97,0.99,0.99
559,0.92,0.94,0.96,0.97,0.98,0.96,0.98,0.99
560,0.92,0.94,0.96,0.97,0.97,0.97,0.98,0.99
561,0.93,0.96,0.96,0.97,0.98,0.97,0.99,0.99
562,0.92,0.96,0.96,0.97,0.97,0.97,0.98,0.99
563,0.92,0.94,0.96,0.97,0.97,0.98,0.98,1.0
564,0.92,0.94,0.96,0.97,0.97,0.96,0.98,0.99
565,0.93,0.94,0.96,0.97,0.98,0.97,0.98,0.99
566,0.94,0.94,0.97,0.97,0.98,0.96,0.98,0.99
567,0.95,0.94,0.97,0.97,0.98,0.97,0.99,0.99
568,0.93,0.94,0.97,0.97,0.97,0.96,0.98,0.99
569,0.93,0.94,0.97,0.97,0.97,0.96,0.98,0.99
570,0.93,0.94,0.96,0.97,0.98,0.96,0.98,0.99
571,0.93,0.94,0.96,0.97,0.98,0.96,0.98,0.99
572,0.93,0.94,0.96,0.97,0.97,0.96,0.98,0.99
573,0.92,0.93,0.96,0.97,0.97,0.95,0.98,0.99
574,0.92,0.94,0.96,0.97,0.98,0.95,0.98,0.99
575,0.92,0.94,0.96,0.97,0.97,0.96,0.98,0.99
576,0.92,0.94,0.96,0.97,0.96,0.96,0.98,0.99
577,0.92,0.94,0.96,0.97,0.97,0.96,0.98,0.99
