0,0.97,0.69,0.98,0.98,0.99,0.74,0.99,0.99
1,0.97,0.69,0.98,0.98,0.99,0.74,0.99,0.99
2,0.97,0.6,0.98,0.97,0.99,0.74,0.99,0.99
3,0.97,0.6,0.98,0.97,0.99,0.74,0.99,0.99
4,0.98,0.6,0.98,0.97,0.99,0.74,0.99,0.99
5,0.97,0.6,0.98,0.97,0.99,0.74,0.99,0.99
6,0.98,0.6,0.98,0.97,0.99,0.74,0.99,0.99
7,0.98,0.69,0.98,0.97,0.99,0.74,0.99,0.99
8,0.98,0.76,0.98,0.97,0.99,0.74,0.99,0.99
9,0.98,0.69,0.98,0.97,0.99,0.83,0.99,0.99
10,0.98,0.69,0.98,0.97,0.99,0.83,0.99,0.99
11,0.97,0.69,0.98,0.97,0.99,0.83,0.99,0.99
12,0.98,0.69,0.98,0.98,0.99,0.83,0.99,0.99
13,0.98,0.69,0.98,0.98,0.99,0.74,0.99,0.99
14,0.98,0.76,0.99,0.98,0.99,0.83,0.99,0.99
15,0.98,0.76,0.99,0.98,0.99,0.83,0.99,0.99
16,0.98,0.76,0.99,0.98,0.99,0.83,1.0,0.99
17,0.98,0.76,0.99,0.98,0.99,0.83,1.0,0.99
18,0.98,0.69,0.99,0.98,0.99,0.83,0.99,0.99
19,0.98,0.76,0.99,0.98,1.0,0.91,0.99,0.99
20,0.98,0.76,0.99,0.99,0.99,0.83,1.0,0.99
21,0.98,0.76,0.99,0.99,0.99,0.91,1.0,0.99
22,0.98,0.76,0.99,0.98,0.99,0.91,1.0,0.99
23,0.98,0.84,0.99,0.98,0.99,0.83,1.0,0.99
24,0.98,0.84,0.99,0.98,0.99,0.83,1.0,0.99
25,0.98,0.76,0.99,0.98,0.99,0.83,1.0,0.99
26,0.98,0.76,0.99,0.99,0.99,0.83,1.0,0.99
27,0.98,0.69,0.98,0.98,0.99,0.83,0.99,0.99
28,0.98,0.69,0.98,0.98,0.99,0.83,0.99,0.99
29,0.97,0.69,0.98,0.98,0.99,0.74,0.99,0.99
30,0.97,0.6,0.98,0.99,0.99,0.83,0.99,0.99
31,0.98,0.69,0.98,0.99,0.99,0.74,0.99,0.99
32,0.98,0.6,0.98,0.99,0.99,0.74,0.99,0.99
33,0.98,0.69,0.98,0.99,0.99,0.83,0.99,0.99
34,0.98,0.69,0.98,0.99,0.99,0.74,0.99,0.99
35,0.98,0.69,0.98,0.99,0.99,0.83,0.99,1.0
36,0.97,0.76,0.98,0.99,0.99,0.74,1.0,1.0
37,0.98,0.69,0.98,0.99,0.99,0.83,0.99,0.99
38,0.97,0.69,0.98,1.0,0.99,0.83,0.99,0.99
39,0.98,0.76,0.98,0.99,0.99,0.83,1.0,1.0
40,0.98,0.76,0.98,0.99,0.99,0.83,0.99,1.0
41,0.98,0.76,0.98,0.99,0.99,0.91,1.0,1.0
42,0.98,0.76,0.98,0.99,0.99,0.83,0.99,1.0
43,0.98,0.76,0.98,0.99,0.99,0.83,1.0,1.0
44,0.98,0.69,0.98,1.0,0.99,0.83,0.99,1.0
45,0.98,0.69,0.98,1.0,0.99,0.83,1.0,1.0
46,0.98,0.76,0.99,0.99,0.99,0.83,1.0,1.0
47,0.98,0.69,0.99,1.0,0.99,0.83,1.0,1.0
48,0.98,0.69,0.99,0.99,0.99,0.83,0.99,1.0
49,0.98,0.69,0.99,1.0,0.99,0.74,0.99,1.0
50,0.98,0.69,0.99,1.0,0.99,0.83,0.99,1.0
51,0.98,0.69,0.99,1.0,0.99,0.83,1.0,1.0
52,0.98,0.76,0.99,1.0,0.99,0.83,1.0,1.0
53,0.98,0.69,0.99,1.0,0.99,0.91,1.0,1.0
54,0.98,0.69,0.99,0.99,0.99,0.83,1.0,1.0
55,0.98,0.69,0.99,0.99,0.99,0.83,1.0,1.0
56,0.98,0.69,0.99,0.99,0.99,0.83,1.0,1.0
57,0.98,0.69,0.99,0.99,0.99,0.83,1.0,1.0
58,1.0,0.6,1.0,0.99,1.0,0.83,1.0,1.0
59,1.0,0.69,1.0,0.99,1.0,0.83,1.0,1.0
60,0.93,0.69,0.88,0.95,0.91,0.83,0.75,0.82
61,0.82,0.69,0.73,0.87,0.72,0.83,0.55,0.64
62,0.57,0.69,0.47,0.68,0.33,0.83,0.32,0.32
63,0.53,0.69,0.44,0.65,0.28,0.83,0.29,0.28
64,0.37,0.6,0.3,0.52,0.15,0.74,0.2,0.15
65,0.34,0.6,0.27,0.48,0.13,0.83,0.18,0.13
66,0.25,0.69,0.2,0.4,0.09,0.74,0.14,0.08
67,0.22,0.69,0.18,0.36,0.08,0.83,0.13,0.07
68,0.19,0.6,0.15,0.32,0.07,0.66,0.11,0.06
69,0.16,0.53,0.13,0.29,0.06,0.74,0.1,0.05
70,0.14,0.6,0.12,0.26,0.05,0.66,0.09,0.04
71,0.12,0.53,0.1,0.22,0.04,0.74,0.08,0.03
72,0.11,0.6,0.09,0.21,0.04,0.74,0.07,0.03
73,0.09,0.53,0.08,0.19,0.03,0.74,0.07,0.03
74,0.08,0.44,0.07,0.17,0.03,0.66,0.06,0.03
75,0.07,0.53,0.06,0.15,0.03,0.66,0.05,0.02
76,0.07,0.53,0.06,0.14,0.02,0.66,0.05,0.02
77,0.06,0.44,0.06,0.13,0.02,0.66,0.05,0.02
78,0.06,0.44,0.05,0.12,0.02,0.58,0.04,0.02
79,0.05,0.44,0.04,0.12,0.02,0.58,0.04,0.02
80,0.04,0.38,0.04,0.11,0.02,0.49,0.03,0.02
81,0.04,0.38,0.04,0.11,0.01,0.49,0.03,0.01
82,0.04,0.31,0.03,0.1,0.01,0.49,0.03,0.01
83,0.03,0.31,0.03,0.1,0.01,0.41,0.03,0.01
84,0.03,0.22,0.03,0.09,0.01,0.41,0.03,0.01
85,0.03,0.22,0.03,0.09,0.01,0.33,0.02,0.01
86,0.03,0.22,0.02,0.09,0.01,0.41,0.02,0.01
87,0.03,0.31,0.02,0.08,0.01,0.41,0.02,0.01
88,0.03,0.31,0.02,0.08,0.01,0.33,0.02,0.01
89,0.02,0.31,0.02,0.08,0.01,0.33,0.02,0.01
90,0.02,0.31,0.02,0.08,0.01,0.33,0.02,0.01
91,0.02,0.31,0.02,0.08,0.01,0.33,0.02,0.01
92,0.02,0.38,0.02,0.07,0.01,0.33,0.02,0.01
93,0.02,0.31,0.02,0.07,0.01,0.24,0.02,0.01
94,0.02,0.31,0.02,0.07,0.01,0.33,0.02,0.01
95,0.02,0.31,0.02,0.07,0.01,0.24,0.01,0.01
96,0.02,0.31,0.02,0.07,0.01,0.24,0.01,0.01
97,0.02,0.22,0.01,0.07,0.01,0.24,0.01,0.01
98,0.02,0.22,0.01,0.06,0.01,0.24,0.01,0.01
99,0.02,0.22,0.01,0.06,0.0,0.24,0.01,0.0
100,0.01,0.22,0.01,0.06,0.0,0.24,0.01,0.0
101,0.01,0.16,0.01,0.06,0.0,0.24,0.01,0.0
102,0.01,0.22,0.01,0.06,0.0,0.16,0.01,0.0
103,0.01,0.16,0.01,0.06,0.0,0.16,0.01,0.0
104,0.01,0.16,0.01,0.06,0.0,0.16,0.01,0.0
105,0.01,0.22,0.01,0.05,0.0,0.24,0.01,0.0
106,0.01,0.16,0.01,0.05,0.0,0.16,0.01,0.0
107,0.01,0.16,0.01,0.05,0.0,0.16,0.01,0.0
108,0.01,0.16,0.01,0.05,0.0,0.16,0.01,0.0
109,0.01,0.16,0.01,0.05,0.0,0.16,0.01,0.0
110,0.01,0.16,0.01,0.05,0.0,0.16,0.01,0.0
111,0.01,0.16,0.01,0.05,0.0,0.16,0.01,0.0
112,0.01,0.07,0.0,0.05,0.0,0.08,0.01,0.0
113,0.01,0.07,0.0,0.04,0.0,0.08,0.0,0.0
114,0.01,0.0,0.0,0.04,0.0,0.08,0.0,0.0
115,0.01,0.0,0.0,0.04,0.0,0.08,0.0,0.0
116,0.0,0.0,0.0,0.04,0.0,0.0,0.0,0.0
117,0.0,0.0,0.0,0.04,0.0,0.0,0.0,0.0
118,0.0,0.0,0.0,0.04,0.0,0.08,0.0,0.0
119,0.0,0.0,0.0,0.03,0.0,0.08,0.0,0.0
120,0.0,0.0,0.0,0.03,0.0,0.08,0.0,0.0
121,0.0,0.0,0.0,0.03,0.0,0.08,0.0,0.0
122,0.0,0.0,0.0,0.03,0.0,0.08,0.0,0.0
123,0.0,0.0,0.0,0.03,0.0,0.08,0.0,0.0
124,0.0,0.0,0.0,0.03,0.0,0.08,0.0,0.0
125,0.0,0.0,0.0,0.03,0.0,0.08,0.0,0.0
126,0.0,0.0,0.0,0.02,0.0,0.16,0.0,0.0
127,0.0,0.07,0.0,0.02,0.0,0.08,0.0,0.0
128,0.0,0.0,0.0,0.02,0.0,0.16,0.0,0.0
129,0.0,0.07,0.0,0.02,0.0,0.16,0.0,0.0
130,0.0,0.07,0.0,0.02,0.0,0.08,0.0,0.0
131,0.0,0.07,0.0,0.02,0.0,0.08,0.0,0.0
132,0.0,0.0,0.0,0.02,0.0,0.08,0.0,0.0
133,0.0,0.0,0.0,0.02,0.0,0.0,0.0,0.0
134,0.0,0.0,0.0,0.02,0.0,0.08,0.0,0.0
135,0.0,0.0,0.0,0.02,0.0,0.0,0.0,0.0
136,0.0,0.0,0.0,0.02,0.0,0.0,0.0,0.0
137,0.0,0.0,0.0,0.01,0.0,0.08,0.0,0.0
138,0.0,0.0,0.0,0.01,0.0,0.08,0.0,0.0
139,0.0,0.16,0.0,0.01,0.0,0.08,0.0,0.0
140,0.0,0.07,0.0,0.01,0.0,0.08,0.0,0.0
141,0.0,0.16,0.0,0.01,0.0,0.08,0.0,0.0
142,0.0,0.07,0.0,0.01,0.0,0.08,0.0,0.0
143,0.0,0.07,0.0,0.01,0.0,0.08,0.0,0.0
144,0.0,0.07,0.0,0.01,0.0,0.08,0.0,0.0
145,0.0,0.07,0.0,0.01,0.0,0.08,0.0,0.0
146,0.0,0.07,0.0,0.01,0.0,0.08,0.0,0.0
147,0.0,0.0,0.0,0.01,0.0,0.0,0.0,0.0
148,0.0,0.0,0.0,0.01,0.0,0.08,0.0,0.0
149,0.01,0.0,0.0,0.01,0.0,0.08,0.0,0.0
150,0.01,0.0,0.0,0.01,0.0,0.08,0.0,0.0
151,0.01,0.0,0.0,0.01,0.0,0.0,0.0,0.0
152,0.01,0.16,0.0,0.0,0.0,0.08,0.0,0.0
153,0.01,0.16,0.0,0.0,0.0,0.16,0.0,0.0
154,0.01,0.07,0.0,0.0,0.0,0.08,0.0,0.0
155,0.01,0.07,0.0,0.0,0.0,0.08,0.0,0.0
156,0.01,0.0,0.0,0.0,0.0,0.0,0.0,0.0
157,0.01,0.0,0.0,0.0,0.0,0.0,0.0,0.0
158,0.01,0.0,0.0,0.0,0.0,0.0,0.0,0.0
159,0.01,0.0,0.0,0.0,0.0,0.0,0.0,0.0
160,0.02,0.0,0.02,0.0,0.01,0.0,0.02,0.0
161,0.04,0.0,0.03,0.01,0.02,0.0,0.04,0.0
162,0.06,0.0,0.05,0.01,0.03,0.08,0.06,0.0
163,0.1,0.07,0.08,0.01,0.05,0.0,0.09,0.01
164,0.11,0.0,0.09,0.02,0.06,0.08,0.1,0.01
165,0.17,0.0,0.14,0.03,0.09,0.08,0.14,0.01
166,0.19,0.07,0.16,0.03,0.1,0.08,0.16,0.01
167,0.25,0.07,0.21,0.05,0.13,0.08,0.2,0.02
168,0.28,0.0,0.23,0.06,0.15,0.08,0.22,0.02
169,0.3,0.07,0.25,0.06,0.17,0.0,0.24,0.02
170,0.34,0.07,0.28,0.07,0.19,0.08,0.26,0.03
171,0.37,0.16,0.31,0.09,0.21,0.16,0.29,0.03
172,0.43,0.16,0.36,0.11,0.25,0.16,0.33,0.04
173,0.45,0.16,0.38,0.12,0.26,0.24,0.35,0.04
174,0.49,0.16,0.41,0.14,0.29,0.24,0.37,0.05
175,0.5,0.22,0.42,0.15,0.31,0.16,0.39,0.05
176,0.56,0.22,0.47,0.17,0.34,0.24,0.43,0.06
177,0.58,0.22,0.5,0.19,0.37,0.24,0.45,0.07
178,0.6,0.22,0.51,0.2,0.38,0.24,0.46,0.07
179,0.63,0.22,0.54,0.22,0.41,0.24,0.49,0.08
180,0.65,0.22,0.56,0.23,0.43,0.33,0.51,0.08
181,0.67,0.31,0.58,0.25,0.45,0.33,0.53,0.09
182,0.69,0.31,0.6,0.27,0.47,0.33,0.55,0.1
183,0.71,0.31,0.63,0.29,0.5,0.41,0.58,0.11
184,0.72,0.31,0.63,0.3,0.51,0.41,0.58,0.11
185,0.74,0.31,0.65,0.31,0.52,0.41,0.59,0.12
186,0.77,0.38,0.68,0.34,0.55,0.49,0.62,0.13
187,0.77,0.38,0.68,0.34,0.56,0.49,0.63,0.13
188,0.79,0.38,0.7,0.37,0.58,0.49,0.65,0.14
189,0.81,0.44,0.72,0.39,0.61,0.58,0.67,0.15
190,0.81,0.44,0.72,0.39,0.61,0.49,0.67,0.15
191,0.82,0.44,0.74,0.4,0.63,0.58,0.69,0.16
192,0.83,0.44,0.76,0.43,0.65,0.58,0.7,0.18
193,0.84,0.6,0.76,0.44,0.65,0.58,0.71,0.18
194,0.85,0.44,0.78,0.45,0.67,0.66,0.73,0.19
195,0.86,0.53,0.79,0.47,0.69,0.66,0.74,0.2
196,0.86,0.44,0.79,0.48,0.69,0.66,0.74,0.2
197,0.87,0.38,0.8,0.49,0.7,0.66,0.75,0.21
198,0.87,0.44,0.81,0.51,0.71,0.66,0.76,0.22
199,0.88,0.53,0.82,0.51,0.73,0.66,0.77,0.23
200,0.88,0.6,0.82,0.52,0.73,0.66,0.78,0.24
201,0.9,0.53,0.83,0.54,0.74,0.66,0.79,0.25
202,0.9,0.53,0.83,0.55,0.75,0.66,0.79,0.26
203,0.9,0.44,0.84,0.56,0.76,0.66,0.8,0.27
204,0.91,0.53,0.85,0.56,0.77,0.66,0.8,0.28
205,0.91,0.53,0.85,0.57,0.77,0.74,0.81,0.29
206,0.91,0.53,0.86,0.58,0.78,0.66,0.82,0.29
207,0.92,0.44,0.86,0.59,0.79,0.74,0.83,0.3
208,0.92,0.44,0.86,0.59,0.79,0.74,0.83,0.31
209,0.92,0.53,0.87,0.6,0.8,0.74,0.83,0.32
210,0.92,0.6,0.87,0.61,0.81,0.74,0.84,0.33
211,0.92,0.53,0.88,0.62,0.81,0.74,0.84,0.34
212,0.92,0.6,0.88,0.62,0.81,0.74,0.84,0.34
213,0.93,0.6,0.88,0.63,0.82,0.83,0.85,0.35
214,0.93,0.6,0.88,0.63,0.83,0.74,0.85,0.36
215,0.92,0.6,0.89,0.63,0.83,0.74,0.86,0.37
216,0.93,0.6,0.89,0.64,0.83,0.74,0.86,0.38
217,0.93,0.6,0.89,0.65,0.83,0.83,0.86,0.38
218,0.93,0.53,0.89,0.65,0.84,0.74,0.86,0.39
219,0.94,0.53,0.9,0.66,0.84,0.74,0.87,0.4
220,0.94,0.53,0.9,0.66,0.84,0.74,0.87,0.4
221,0.93,0.53,0.9,0.66,0.85,0.74,0.87,0.41
222,0.94,0.6,0.9,0.67,0.85,0.74,0.88,0.42
223,0.94,0.44,0.9,0.67,0.86,0.74,0.88,0.43
224,0.94,0.53,0.9,0.67,0.86,0.74,0.88,0.43
225,0.94,0.44,0.91,0.68,0.86,0.74,0.88,0.44
226,0.94,0.44,0.9,0.69,0.86,0.74,0.88,0.45
227,0.95,0.44,0.91,0.69,0.86,0.66,0.88,0.45
228,0.94,0.44,0.91,0.69,0.86,0.74,0.89,0.45
229,0.94,0.38,0.91,0.69,0.87,0.66,0.89,0.46
230,0.94,0.44,0.91,0.69,0.87,0.66,0.89,0.47
231,0.95,0.38,0.91,0.7,0.87,0.66,0.89,0.48
232,0.95,0.44,0.91,0.7,0.87,0.66,0.89,0.48
233,0.95,0.38,0.92,0.7,0.88,0.66,0.9,0.49
234,0.95,0.44,0.92,0.7,0.88,0.66,0.9,0.49
235,0.94,0.38,0.92,0.7,0.88,0.66,0.9,0.5
236,0.95,0.38,0.92,0.71,0.88,0.66,0.9,0.5
237,0.94,0.53,0.92,0.71,0.88,0.66,0.9,0.51
238,0.95,0.44,0.92,0.71,0.89,0.66,0.9,0.52
239,0.95,0.44,0.92,0.71,0.89,0.74,0.9,0.52
240,0.95,0.44,0.92,0.72,0.89,0.74,0.91,0.53
241,0.95,0.44,0.92,0.72,0.89,0.66,0.91,0.53
242,0.95,0.44,0.93,0.72,0.89,0.66,0.91,0.54
243,0.95,0.44,0.93,0.72,0.9,0.66,0.91,0.54
244,0.95,0.44,0.93,0.72,0.89,0.66,0.91,0.55
245,0.94,0.38,0.93,0.72,0.9,0.66,0.91,0.55
246,0.95,0.38,0.93,0.72,0.89,0.66,0.91,0.56
247,0.95,0.38,0.93,0.73,0.89,0.66,0.91,0.57
248,0.95,0.38,0.93,0.73,0.9,0.66,0.91,0.57
249,0.95,0.38,0.93,0.73,0.9,0.58,0.91,0.57
250,0.94,0.38,0.93,0.73,0.9,0.66,0.91,0.58
251,0.95,0.38,0.93,0.73,0.9,0.66,0.91,0.58
252,0.95,0.38,0.93,0.74,0.9,0.74,0.91,0.58
253,0.95,0.44,0.93,0.74,0.91,0.66,0.92,0.59
254,0.96,0.44,0.93,0.74,0.9,0.74,0.92,0.6
255,0.95,0.44,0.93,0.74,0.91,0.74,0.92,0.6
256,0.96,0.38,0.93,0.74,0.91,0.66,0.92,0.6
257,0.95,0.38,0.94,0.75,0.91,0.74,0.92,0.61
258,0.95,0.38,0.94,0.75,0.91,0.66,0.92,0.62
259,0.95,0.44,0.94,0.75,0.91,0.66,0.92,0.62
260,0.96,0.44,0.94,0.75,0.92,0.66,0.92,0.62
261,0.96,0.53,0.94,0.75,0.91,0.66,0.92,0.63
262,0.96,0.44,0.94,0.76,0.92,0.66,0.92,0.63
263,0.95,0.38,0.94,0.76,0.92,0.66,0.93,0.64
264,0.96,0.44,0.94,0.75,0.92,0.74,0.93,0.64
265,0.96,0.44,0.94,0.76,0.92,0.66,0.93,0.64
266,0.95,0.44,0.94,0.76,0.92,0.74,0.93,0.64
267,0.96,0.44,0.94,0.76,0.92,0.66,0.93,0.65
268,0.96,0.44,0.94,0.76,0.92,0.74,0.93,0.65
269,0.96,0.53,0.94,0.76,0.92,0.74,0.93,0.66
270,0.96,0.44,0.94,0.76,0.92,0.66,0.93,0.66
271,0.96,0.53,0.94,0.76,0.92,0.74,0.93,0.66
272,0.96,0.53,0.94,0.76,0.92,0.74,0.93,0.67
273,0.96,0.44,0.94,0.76,0.92,0.74,0.93,0.67
274,0.95,0.44,0.94,0.76,0.92,0.66,0.93,0.67
275,0.95,0.44,0.94,0.77,0.92,0.66,0.93,0.68
276,0.96,0.44,0.94,0.76,0.92,0.66,0.93,0.68
277,0.96,0.44,0.94,0.76,0.92,0.74,0.93,0.68
278,0.96,0.44,0.94,0.77,0.92,0.74,0.93,0.69
279,0.96,0.53,0.95,0.77,0.93,0.74,0.94,0.69
280,0.96,0.6,0.95,0.77,0.93,0.74,0.94,0.7
281,0.96,0.6,0.95,0.77,0.93,0.83,0.94,0.7
282,0.96,0.6,0.95,0.77,0.93,0.83,0.94,0.7
283,0.96,0.69,0.95,0.77,0.93,0.83,0.94,0.71
284,0.96,0.6,0.95,0.77,0.93,0.91,0.94,0.71
285,0.96,0.6,0.95,0.78,0.93,0.83,0.94,0.71
286,0.96,0.6,0.95,0.78,0.93,0.83,0.94,0.72
287,0.96,0.6,0.95,0.78,0.93,0.83,0.94,0.72
288,0.96,0.69,0.95,0.78,0.93,0.83,0.94,0.72
289,0.97,0.69,0.95,0.78,0.93,0.83,0.94,0.72
290,0.97,0.69,0.95,0.78,0.93,0.83,0.94,0.73
291,0.97,0.6,0.95,0.78,0.94,0.91,0.95,0.73
292,0.96,0.69,0.95,0.78,0.94,0.83,0.94,0.73
293,0.97,0.6,0.95,0.78,0.94,0.83,0.94,0.73
294,0.97,0.69,0.95,0.78,0.94,0.83,0.94,0.74
295,0.96,0.6,0.95,0.79,0.93,0.83,0.95,0.74
296,0.97,0.69,0.95,0.79,0.94,0.91,0.95,0.74
297,0.96,0.69,0.95,0.79,0.94,0.83,0.94,0.75
298,0.97,0.69,0.95,0.79,0.94,0.83,0.94,0.75
299,0.96,0.6,0.95,0.79,0.94,0.83,0.95,0.75
300,0.97,0.6,0.95,0.79,0.94,0.83,0.94,0.75
301,0.97,0.6,0.95,0.79,0.94,0.83,0.94,0.76
302,0.96,0.6,0.95,0.79,0.93,0.83,0.94,0.76
303,0.97,0.6,0.95,0.79,0.94,0.83,0.94,0.76
304,0.97,0.53,0.95,0.79,0.94,0.74,0.94,0.76
305,0.96,0.6,0.95,0.79,0.94,0.83,0.94,0.77
306,0.97,0.6,0.95,0.79,0.94,0.74,0.94,0.77
307,0.96,0.6,0.95,0.8,0.94,0.83,0.94,0.77
308,0.97,0.6,0.95,0.8,0.94,0.74,0.94,0.77
309,0.96,0.6,0.95,0.8,0.94,0.83,0.94,0.77
310,0.96,0.53,0.95,0.8,0.94,0.74,0.94,0.77
311,0.97,0.53,0.95,0.8,0.94,0.83,0.94,0.78
312,0.96,0.53,0.95,0.8,0.94,0.74,0.94,0.78
313,0.96,0.53,0.95,0.8,0.94,0.74,0.94,0.78
314,0.96,0.53,0.95,0.8,0.94,0.74,0.94,0.78
315,0.96,0.53,0.95,0.8,0.94,0.74,0.94,0.78
316,0.97,0.53,0.95,0.8,0.94,0.74,0.94,0.79
317,0.96,0.53,0.95,0.8,0.94,0.74,0.94,0.79
318,0.96,0.44,0.95,0.8,0.94,0.74,0.94,0.79
319,0.96,0.44,0.95,0.8,0.94,0.74,0.94,0.79
320,0.97,0.53,0.95,0.81,0.94,0.74,0.95,0.79
321,0.97,0.53,0.95,0.81,0.94,0.74,0.95,0.79
322,0.96,0.53,0.95,0.81,0.94,0.58,0.94,0.8
323,0.97,0.44,0.95,0.81,0.94,0.74,0.95,0.8
324,0.97,0.53,0.95,0.81,0.94,0.74,0.95,0.8
325,0.96,0.6,0.96,0.81,0.95,0.74,0.95,0.8
326,0.96,0.53,0.96,0.81,0.94,0.83,0.95,0.81
327,0.97,0.53,0.96,0.82,0.95,0.74,0.95,0.81
328,0.96,0.6,0.96,0.81,0.95,0.83,0.95,0.81
329,0.97,0.6,0.96,0.81,0.95,0.83,0.95,0.81
330,0.97,0.6,0.96,0.81,0.95,0.74,0.95,0.81
331,0.97,0.69,0.96,0.82,0.95,0.83,0.96,0.81
332,0.97,0.6,0.96,0.82,0.95,0.83,0.95,0.82
333,0.97,0.6,0.96,0.83,0.95,0.83,0.96,0.82
334,0.97,0.6,0.96,0.83,0.95,0.83,0.96,0.82
335,0.97,0.6,0.96,0.83,0.95,0.74,0.95,0.82
336,0.97,0.6,0.96,0.83,0.95,0.83,0.96,0.82
337,0.97,0.6,0.96,0.84,0.95,0.83,0.96,0.82
338,0.97,0.69,0.96,0.84,0.95,0.83,0.96,0.83
339,0.97,0.69,0.96,0.84,0.95,0.74,0.96,0.83
340,0.97,0.6,0.96,0.85,0.95,0.83,0.96,0.83
341,0.97,0.6,0.96,0.86,0.95,0.74,0.96,0.83
342,0.97,0.6,0.96,0.87,0.95,0.74,0.95,0.83
343,0.96,0.53,0.96,0.87,0.95,0.74,0.95,0.83
344,0.96,0.53,0.96,0.87,0.95,0.74,0.95,0.83
345,0.97,0.6,0.96,0.88,0.95,0.83,0.95,0.84
346,0.97,0.6,0.96,0.88,0.95,0.74,0.96,0.84
347,0.98,0.53,0.96,0.88,0.95,0.74,0.96,0.84
348,0.97,0.53,0.96,0.88,0.95,0.74,0.96,0.84
349,0.98,0.53,0.96,0.88,0.95,0.83,0.96,0.84
350,0.98,0.6,0.96,0.88,0.95,0.74,0.96,0.84
351,0.98,0.69,0.96,0.88,0.96,0.74,0.96,0.84
352,0.98,0.69,0.97,0.87,0.96,0.83,0.96,0.85
353,0.98,0.69,0.96,0.88,0.96,0.83,0.96,0.85
354,0.98,0.69,0.96,0.88,0.96,0.83,0.96,0.85
355,0.98,0.69,0.97,0.88,0.96,0.83,0.96,0.85
356,0.97,0.69,0.97,0.87,0.96,0.83,0.96,0.85
357,0.97,0.6,0.96,0.87,0.96,0.83,0.96,0.85
358,0.97,0.6,0.96,0.87,0.96,0.74,0.96,0.85
359,0.97,0.6,0.96,0.87,0.96,0.74,0.96,0.86
360,0.97,0.53,0.96,0.87,0.96,0.74,0.96,0.86
361,0.97,0.6,0.96,0.88,0.96,0.74,0.96,0.86
362,0.97,0.53,0.96,0.88,0.96,0.74,0.96,0.86
363,0.97,0.53,0.96,0.88,0.96,0.74,0.96,0.86
364,0.98,0.6,0.96,0.88,0.96,0.74,0.96,0.86
365,0.98,0.6,0.96,0.88,0.96,0.74,0.96,0.86
366,0.97,0.6,0.97,0.88,0.96,0.83,0.96,0.86
367,0.98,0.6,0.97,0.88,0.96,0.66,0.96,0.87
368,0.98,0.6,0.97,0.88,0.96,0.74,0.96,0.87
369,0.98,0.6,0.97,0.88,0.96,0.83,0.96,0.87
370,0.98,0.6,0.97,0.88,0.96,0.74,0.96,0.87
371,0.98,0.6,0.97,0.88,0.96,0.74,0.96,0.87
372,0.98,0.6,0.97,0.89,0.96,0.83,0.96,0.87
373,0.98,0.53,0.97,0.89,0.96,0.74,0.96,0.87
374,0.98,0.6,0.97,0.89,0.96,0.74,0.97,0.87
375,0.98,0.6,0.97,0.89,0.96,0.83,0.97,0.87
376,0.98,0.6,0.97,0.89,0.96,0.74,0.97,0.88
377,0.97,0.6,0.97,0.89,0.96,0.74,0.96,0.88
378,0.98,0.6,0.97,0.89,0.96,0.74,0.97,0.88
379,0.98,0.6,0.97,0.89,0.96,0.83,0.97,0.88
380,0.98,0.69,0.97,0.89,0.97,0.83,0.97,0.88
381,0.98,0.76,0.97,0.89,0.97,0.91,0.97,0.88
382,0.98,0.69,0.97,0.9,0.97,0.83,0.97,0.88
383,0.98,0.76,0.97,0.89,0.97,0.83,0.97,0.88
384,0.98,0.76,0.97,0.89,0.97,0.83,0.96,0.88
385,0.98,0.69,0.97,0.89,0.97,0.83,0.97,0.88
386,0.98,0.69,0.97,0.89,0.96,0.91,0.97,0.89
387,0.98,0.69,0.97,0.89,0.97,0.83,0.97,0.89
388,0.98,0.76,0.97,0.89,0.97,0.83,0.97,0.89
389,0.98,0.69,0.97,0.89,0.97,0.83,0.97,0.89
390,0.98,0.69,0.97,0.89,0.97,0.83,0.97,0.89
391,0.98,0.6,0.97,0.89,0.97,0.83,0.97,0.89
392,0.98,0.69,0.97,0.89,0.97,0.83,0.97,0.89
393,0.98,0.76,0.97,0.89,0.97,0.83,0.97,0.89
394,0.98,0.76,0.97,0.89,0.97,0.91,0.97,0.89
395,0.98,0.76,0.97,0.88,0.97,0.83,0.97,0.9
396,0.98,0.76,0.97,0.88,0.97,0.91,0.97,0.9
397,0.98,0.76,0.98,0.89,0.97,0.91,0.98,0.9
398,0.98,0.76,0.97,0.88,0.97,0.83,0.97,0.9
399,0.98,0.76,0.97,0.88,0.97,0.83,0.97,0.9
400,0.97,0.6,0.97,0.89,0.97,0.83,0.97,0.9
401,0.97,0.6,0.97,0.88,0.97,0.83,0.97,0.9
402,0.97,0.69,0.97,0.89,0.97,0.83,0.97,0.9
403,0.97,0.6,0.96,0.89,0.97,0.74,0.97,0.9
404,0.97,0.6,0.96,0.89,0.97,0.74,0.97,0.9
405,0.97,0.69,0.96,0.89,0.97,0.83,0.97,0.9
406,0.97,0.6,0.96,0.9,0.97,0.83,0.97,0.9
407,0.97,0.76,0.97,0.9,0.97,0.83,0.97,0.91
408,0.97,0.69,0.97,0.9,0.97,0.83,0.97,0.91
409,0.97,0.76,0.97,0.9,0.97,0.83,0.97,0.91
410,0.97,0.76,0.97,0.9,0.97,0.91,0.97,0.91
411,0.97,0.76,0.97,0.9,0.97,0.91,0.97,0.91
412,0.97,0.76,0.97,0.9,0.97,0.83,0.97,0.91
413,0.97,0.69,0.97,0.9,0.97,0.83,0.97,0.91
414,0.97,0.69,0.97,0.9,0.97,0.83,0.97,0.91
415,0.97,0.6,0.97,0.9,0.97,0.83,0.97,0.91
416,0.97,0.69,0.97,0.9,0.97,0.83,0.97,0.91
417,0.98,0.69,0.97,0.9,0.97,0.83,0.97,0.91
418,0.97,0.69,0.97,0.9,0.97,0.83,0.97,0.92
419,0.97,0.76,0.97,0.9,0.97,0.91,0.97,0.91
420,0.97,0.69,0.97,0.9,0.97,0.83,0.97,0.91
421,0.98,0.76,0.97,0.9,0.97,0.83,0.97,0.92
422,0.97,0.76,0.97,0.91,0.97,0.91,0.97,0.92
423,0.97,0.84,0.97,0.91,0.97,0.91,0.97,0.92
424,0.98,0.76,0.97,0.91,0.97,0.83,0.97,0.92
425,0.97,0.84,0.97,0.91,0.97,0.91,0.97,0.92
426,0.97,0.76,0.97,0.91,0.97,0.91,0.98,0.92
427,0.97,0.84,0.97,0.91,0.97,0.91,0.97,0.92
428,0.97,0.84,0.97,0.91,0.97,0.83,0.97,0.92
429,0.97,0.84,0.97,0.91,0.97,1.0,0.97,0.92
430,0.97,0.84,0.97,0.91,0.97,0.91,0.98,0.92
431,0.97,0.84,0.97,0.91,0.97,0.91,0.98,0.92
432,0.97,0.84,0.97,0.91,0.97,0.83,0.97,0.92
433,0.97,0.84,0.97,0.91,0.97,0.91,0.98,0.93
434,0.97,0.84,0.97,0.91,0.97,0.91,0.97,0.93
435,0.97,0.76,0.97,0.91,0.97,0.91,0.97,0.93
436,0.97,0.84,0.97,0.91,0.97,0.91,0.97,0.93
437,0.97,0.76,0.97,0.91,0.97,0.91,0.97,0.93
438,0.97,0.76,0.97,0.9,0.97,0.91,0.97,0.93
439,0.97,0.84,0.97,0.91,0.97,0.83,0.97,0.93
440,0.97,0.76,0.97,0.91,0.97,0.91,0.97,0.93
441,0.97,0.76,0.97,0.91,0.97,0.83,0.97,0.93
442,0.97,0.69,0.97,0.91,0.97,0.91,0.97,0.93
443,0.97,0.69,0.97,0.91,0.97,0.74,0.97,0.93
444,0.98,0.6,0.97,0.91,0.97,0.83,0.97,0.93
445,0.97,0.76,0.97,0.92,0.97,0.83,0.97,0.93
446,0.98,0.76,0.97,0.92,0.97,0.83,0.97,0.93
447,0.98,0.69,0.97,0.91,0.97,0.83,0.97,0.93
448,0.97,0.69,0.97,0.92,0.97,0.83,0.97,0.93
449,0.98,0.6,0.97,0.91,0.97,0.83,0.97,0.93
450,0.98,0.69,0.97,0.92,0.97,0.74,0.97,0.93
451,0.98,0.69,0.97,0.92,0.97,0.83,0.97,0.93
452,0.98,0.6,0.97,0.92,0.97,0.83,0.97,0.93
453,0.98,0.69,0.97,0.92,0.97,0.83,0.97,0.94
454,0.98,0.69,0.97,0.92,0.97,0.83,0.97,0.93
455,0.98,0.69,0.97,0.92,0.98,0.91,0.98,0.93
456,0.98,0.76,0.98,0.92,0.97,0.83,0.97,0.94
457,0.98,0.69,0.98,0.92,0.98,0.83,0.98,0.94
458,0.98,0.76,0.98,0.92,0.98,0.83,0.97,0.94
459,0.98,0.69,0.98,0.93,0.98,0.83,0.98,0.94
460,0.98,0.69,0.98,0.93,0.98,0.83,0.98,0.94
461,0.98,0.76,0.98,0.93,0.98,0.83,0.97,0.94
462,0.98,0.69,0.98,0.93,0.98,0.74,0.98,0.94
463,0.98,0.6,0.97,0.93,0.98,0.83,0.98,0.94
464,0.98,0.76,0.98,0.93,0.98,0.83,0.98,0.94
465,0.98,0.76,0.98,0.93,0.98,0.83,0.98,0.94
466,0.98,0.76,0.98,0.93,0.98,0.83,0.98,0.94
467,0.98,0.76,0.98,0.93,0.98,0.83,0.98,0.94
468,0.98,0.69,0.97,0.93,0.98,0.83,0.97,0.94
469,0.97,0.76,0.98,0.93,0.98,0.83,0.98,0.94
470,0.98,0.69,0.98,0.94,0.98,0.74,0.98,0.94
471,0.98,0.76,0.98,0.94,0.98,0.83,0.98,0.94
472,0.97,0.69,0.98,0.93,0.98,0.83,0.98,0.94
473,0.98,0.76,0.98,0.93,0.98,0.83,0.98,0.94
474,0.98,0.76,0.98,0.94,0.98,0.91,0.98,0.94
475,0.98,0.76,0.98,0.94,0.98,0.83,0.98,0.94
476,0.97,0.76,0.97,0.94,0.98,0.83,0.98,0.94
477,0.97,0.76,0.97,0.94,0.98,0.83,0.98,0.94
478,0.98,0.69,0.98,0.94,0.98,0.83,0.97,0.94
479,0.98,0.76,0.98,0.94,0.98,0.83,0.98,0.94
480,0.98,0.76,0.98,0.95,0.98,0.83,0.99,0.95
481,0.98,0.76,0.98,0.94,0.98,0.83,0.98,0.95
482,0.98,0.84,0.98,0.95,0.98,0.91,0.98,0.95
483,0.98,0.84,0.98,0.95,0.98,0.91,0.99,0.95
484,0.98,0.91,0.98,0.95,0.98,0.91,0.99,0.95
485,0.97,0.84,0.98,0.95,0.98,0.91,0.99,0.95
486,0.98,0.91,0.98,0.95,0.98,0.91,0.98,0.95
487,0.98,0.84,0.98,0.95,0.98,0.91,0.98,0.95
488,0.97,0.84,0.98,0.95,0.98,0.91,0.98,0.95
489,0.98,0.91,0.98,0.95,0.98,0.91,0.98,0.95
490,0.97,0.84,0.97,0.95,0.98,0.91,0.98,0.95
491,0.97,0.84,0.97,0.95,0.98,0.91,0.98,0.95
492,0.97,0.76,0.97,0.95,0.98,0.91,0.98,0.95
493,0.97,0.76,0.97,0.95,0.98,0.83,0.98,0.95
494,0.96,0.76,0.97,0.96,0.98,0.83,0.98,0.95
495,0.97,0.76,0.97,0.96,0.98,0.83,0.97,0.95
496,0.96,0.76,0.97,0.96,0.98,0.83,0.98,0.95
497,0.97,0.76,0.97,0.96,0.98,0.83,0.98,0.95
498,0.97,0.76,0.97,0.96,0.98,0.83,0.98,0.95
499,0.98,0.76,0.97,0.96,0.98,0.83,0.98,0.95
500,0.97,0.76,0.97,0.96,0.98,0.83,0.98,0.95
501,0.98,0.69,0.97,0.96,0.98,0.91,0.98,0.95
502,0.98,0.69,0.97,0.97,0.98,0.83,0.98,0.95
503,0.98,0.69,0.97,0.97,0.98,0.83,0.98,0.95
504,0.97,0.69,0.97,0.97,0.98,0.91,0.97,0.95
505,0.98,0.6,0.97,0.97,0.98,0.74,0.98,0.95
506,0.98,0.6,0.97,0.97,0.98,0.83,0.97,0.95
507,0.98,0.6,0.98,0.97,0.98,0.83,0.98,0.95
508,0.98,0.69,0.98,0.98,0.98,0.74,0.98,0.95
509,0.98,0.69,0.98,0.98,0.98,0.74,0.98,0.95
510,0.98,0.69,0.98,0.99,0.98,0.83,0.98,0.96
511,0.98,0.6,0.98,0.99,0.98,0.74,0.98,0.96
512,0.98,0.69,0.98,0.99,0.98,0.74,0.98,0.96
513,0.98,0.69,0.98,0.99,0.98,0.83,0.98,0.96
514,0.98,0.69,0.98,0.99,0.98,0.74,0.98,0.96
515,0.98,0.6,0.98,0.99,0.98,0.74,0.98,0.96
516,0.98,0.6,0.98,0.99,0.98,0.74,0.98,0.96
517,0.97,0.6,0.98,0.99,0.98,0.74,0.98,0.96
518,0.98,0.6,0.97,0.98,0.98,0.74,0.98,0.96
519,0.98,0.6,0.97,0.98,0.98,0.74,0.98,0.96
520,0.97,0.76,0.98,0.98,0.98,0.74,0.98,0.96
521,0.98,0.69,0.98,0.97,0.98,0.74,0.98,0.96
522,0.98,0.6,0.98,0.97,0.98,0.74,0.98,0.96
523,0.97,0.69,0.98,0.96,0.99,0.83,0.99,0.96
524,0.98,0.76,0.98,0.95,0.98,0.74,0.99,0.96
525,0.98,0.76,0.98,0.95,0.99,0.83,0.98,0.96
526,0.98,0.76,0.98,0.95,0.99,0.83,0.99,0.96
527,0.98,0.76,0.98,0.95,0.99,0.83,0.99,0.96
528,0.98,0.76,0.98,0.94,0.98,0.91,0.99,0.96
529,0.98,0.76,0.98,0.94,0.99,0.83,0.99,0.96
530,0.98,0.76,0.98,0.94,0.99,0.74,0.99,0.96
531,0.98,0.76,0.98,0.94,0.98,0.83,0.99,0.96
532,0.98,0.76,0.98,0.94,0.99,0.83,0.99,0.96
533,0.98,0.76,0.98,0.94,0.99,0.83,0.99,0.96
534,0.98,0.76,0.98,0.94,0.99,0.83,0.99,0.96
535,0.98,0.76,0.98,0.94,0.99,0.83,0.99,0.96
536,0.98,0.84,0.98,0.94,0.99,0.83,0.99,0.96
537,0.99,0.84,0.98,0.94,0.99,0.83,0.99,0.96
538,0.98,0.76,0.98,0.94,0.99,0.83,0.99,0.96
539,0.98,0.84,0.98,0.95,0.99,0.83,0.99,0.96
540,0.98,0.76,0.98,0.94,0.99,0.83,0.99,0.96
541,0.98,0.76,0.98,0.95,0.99,0.83,0.99,0.96
542,0.98,0.76,0.98,0.95,0.99,0.83,0.99,0.97
543,0.98,0.69,0.98,0.95,0.99,0.83,0.99,0.97
544,0.99,0.76,0.98,0.95,0.99,0.83,0.99,0.97
545,0.99,0.84,0.98,0.96,0.99,0.91,0.99,0.97
546,0.98,0.84,0.99,0.96,0.99,0.91,0.99,0.97
547,0.98,0.84,0.98,0.96,0.99,0.91,0.99,0.97
548,0.99,0.84,0.98,0.96,0.99,0.83,0.99,0.97
549,0.99,0.84,0.98,0.96,0.99,0.83,0.99,0.97
550,0.99,0.84,0.98,0.96,0.99,0.83,0.99,0.97
551,0.99,0.84,0.99,0.96,0.99,0.83,0.99,0.97
552,0.98,0.84,0.98,0.96,0.99,0.91,0.99,0.97
553,0.99,0.84,0.99,0.96,0.99,0.91,0.99,0.97
554,0.99,0.91,0.99,0.96,0.99,0.91,0.99,0.97
555,0.99,0.84,0.99,0.96,0.99,0.83,0.99,0.97
556,0.99,0.84,0.99,0.96,0.99,0.91,0.99,0.97
557,0.99,0.84,0.99,0.96,0.99,0.83,0.99,0.97
558,0.99,0.84,0.99,0.96,0.99,0.83,0.99,0.97
559,0.99,0.84,0.99,0.96,0.99,0.91,0.99,0.97
560,0.99,0.84,0.99,0.96,0.99,0.83,0.99,0.97
561,0.99,0.76,0.99,0.96,0.99,0.83,0.99,0.97
562,0.99,0.84,0.99,0.96,0.99,0.83,0.99,0.97
563,0.99,0.84,0.99,0.96,0.99,0.91,1.0,0.97
564,0.99,0.84,0.99,0.96,0.99,0.83,0.99,0.97
565,1.0,0.84,0.99,0.96,0.99,0.91,0.99,0.97
566,0.99,0.91,0.99,0.96,0.99,0.83,0.99,0.97
567,0.99,0.91,0.99,0.96,0.99,0.91,1.0,0.97
568,0.98,0.91,0.99,0.95,0.99,0.91,1.0,0.97
569,0.98,0.84,0.99,0.96,0.99,0.83,1.0,0.97
570,0.98,0.91,0.99,0.96,0.99,0.91,1.0,0.97
571,0.99,1.0,0.99,0.96,0.99,1.0,1.0,0.97
572,0.99,0.91,0.99,0.96,0.99,0.91,1.0,0.97
573,0.99,0.91,0.99,0.96,0.99,0.91,1.0,0.97
574,0.99,0.91,0.99,0.96,0.99,1.0,1.0,0.97
575,0.99,1.0,0.99,0.96,0.99,0.91,1.0,0.97
576,0.98,0.91,0.99,0.96,0.99,0.91,1.0,0.97
577,0.98,0.91,0.99,0.96,0.99,0.91,1.0,0.97
578,0.98,0.91,0.99,0.96,0.99,0.83,0.99,0.97
579,0.98,0.84,0.99,0.96,0.99,0.91,0.99,0.97
580,0.98,0.84,0.98,0.96,0.99,0.91,1.0,0.97
581,0.98,0.76,0.99,0.96,0.99,0.91,0.99,0.97
582,0.98,0.84,0.99,0.96,0.99,0.83,0.99,0.97
583,0.98,0.76,0.98,0.96,0.99,0.83,0.99,0.97
584,0.98,0.76,0.98,0.96,0.99,0.83,0.99,0.97
585,0.99,0.76,0.98,0.96,0.99,0.74,0.99,0.97
586,0.98,0.76,0.99,0.96,0.99,0.74,0.99,0.97
587,0.98,0.76,0.99,0.97,0.99,0.83,0.99,0.97
588,0.98,0.76,0.99,0.97,0.99,0.83,0.99,0.97
589,0.98,0.69,0.99,0.96,0.99,0.83,0.99,0.97
590,0.98,0.76,0.98,0.96,0.99,0.74,0.99,0.97
591,0.98,0.69,0.98,0.96,0.99,0.83,0.99,0.97
592,0.98,0.69,0.98,0.96,0.99,0.83,0.99,0.97
593,0.98,0.76,0.98,0.96,0.99,0.83,0.99,0.97
594,0.98,0.69,0.98,0.97,0.99,0.83,0.99,0.97
595,0.98,0.76,0.98,0.96,0.99,0.83,0.99,0.97
596,0.98,0.84,0.98,0.97,0.99,0.91,0.99,0.98
597,0.98,0.84,0.98,0.97,0.99,0.83,0.99,0.98
598,0.98,0.91,0.99,0.96,0.99,0.83,0.99,0.98
