0,0.94,0.98,0.97,0.98,0.97,0.99,0.98,1.0
1,0.94,0.99,0.97,0.98,0.97,0.99,0.98,1.0
2,0.95,0.99,0.97,0.98,0.97,0.99,0.98,1.0
3,0.95,0.98,0.97,0.99,0.97,0.97,0.98,1.0
4,0.94,0.98,0.97,0.99,0.97,0.97,0.98,1.0
5,0.95,0.98,0.97,0.99,0.96,0.99,0.98,1.0
6,0.94,0.97,0.97,1.0,0.97,0.97,0.97,1.0
7,0.95,0.97,0.97,0.99,0.97,0.97,0.98,1.0
8,0.95,0.97,0.97,1.0,0.97,0.97,0.98,1.0
9,0.94,0.97,0.97,1.0,0.97,0.97,0.98,1.0
10,0.95,0.97,0.97,0.99,0.97,0.97,0.98,1.0
11,0.95,0.98,0.97,0.99,0.97,0.97,0.98,1.0
12,0.95,0.98,0.97,0.99,0.98,0.96,0.98,1.0
13,0.95,0.98,0.97,0.98,0.98,0.97,0.99,1.0
14,0.94,0.98,0.97,0.98,0.97,0.99,0.98,1.0
15,0.94,0.98,0.97,0.97,0.97,0.97,0.98,1.0
16,0.94,0.98,0.97,0.98,0.97,0.97,0.98,1.0
17,0.95,0.98,0.97,0.98,0.98,0.97,0.98,1.0
18,0.94,0.98,0.97,0.96,0.98,0.97,0.98,1.0
19,0.95,0.98,0.97,0.96,0.98,0.99,0.98,1.0
20,0.94,0.97,0.97,0.95,0.97,0.99,0.98,1.0
21,0.94,0.98,0.97,0.94,0.98,0.97,0.98,1.0
22,0.94,0.98,0.97,0.94,0.98,0.99,0.98,1.0
23,0.95,0.99,0.97,0.93,0.97,0.99,0.98,1.0
24,0.95,0.98,0.97,0.94,0.97,0.97,0.98,1.0
25,0.95,0.98,0.97,0.94,0.97,0.97,0.98,1.0
26,0.94,0.99,0.97,0.93,0.98,0.96,0.98,1.0
27,0.94,0.99,0.97,0.93,0.98,0.97,0.98,1.0
28,0.94,0.98,0.97,0.94,0.98,0.97,0.98,1.0
29,0.94,0.99,0.97,0.93,0.98,0.97,0.98,1.0
30,0.94,0.99,0.97,0.93,0.98,0.97,0.98,1.0
31,0.93,0.99,0.97,0.93,0.98,0.99,0.99,1.0
32,0.95,0.99,0.97,0.93,0.98,0.97,0.99,1.0
33,0.94,0.99,0.97,0.92,0.98,0.97,0.99,1.0
34,0.94,0.99,0.97,0.93,0.98,0.99,0.99,1.0
35,0.95,0.99,0.97,0.93,0.98,0.99,0.99,1.0
36,0.95,0.99,0.97,0.93,0.98,0.99,0.99,1.0
37,0.95,0.99,0.97,0.92,0.98,0.99,0.99,1.0
38,0.93,0.99,0.97,0.93,0.98,0.99,0.99,1.0
39,0.93,0.99,0.97,0.93,0.98,0.99,0.99,1.0
40,0.93,0.99,0.97,0.92,0.98,0.97,0.98,1.0
41,0.93,0.98,0.97,0.93,0.98,0.97,0.98,1.0
42,0.93,0.98,0.97,0.93,0.97,0.99,0.98,1.0
43,0.94,0.99,0.97,0.93,0.98,0.99,0.99,1.0
44,0.94,0.99,0.97,0.93,0.97,0.99,0.98,1.0
45,0.94,1.0,0.97,0.94,0.98,1.0,0.98,1.0
46,0.94,0.99,0.97,0.94,0.98,0.97,0.99,1.0
47,0.94,0.99,0.97,0.94,0.98,0.97,0.98,1.0
48,0.93,0.99,0.97,0.94,0.98,0.97,0.98,1.0
49,0.94,0.99,0.97,0.94,0.97,0.97,0.98,1.0
50,0.95,0.98,0.97,0.94,0.98,0.99,0.98,1.0
51,0.95,0.99,0.97,0.94,0.98,0.99,0.98,1.0
52,0.95,0.99,0.97,0.94,0.98,0.99,0.98,1.0
53,0.97,0.99,0.98,0.96,0.98,0.99,0.99,1.0
54,0.99,0.99,0.99,0.96,0.98,0.97,0.99,1.0
55,1.0,0.99,1.0,0.97,0.99,0.99,1.0,1.0
56,1.0,0.99,1.0,0.98,1.0,0.99,0.98,0.99
57,0.93,0.93,0.9,0.95,0.94,0.96,0.81,0.97
58,0.74,0.82,0.68,0.9,0.81,0.88,0.54,0.93
59,0.45,0.61,0.36,0.8,0.56,0.69,0.27,0.85
60,0.28,0.46,0.22,0.71,0.36,0.52,0.16,0.76
61,0.2,0.38,0.16,0.63,0.25,0.42,0.12,0.69
62,0.15,0.29,0.11,0.56,0.17,0.32,0.09,0.61
63,0.12,0.24,0.09,0.51,0.12,0.27,0.08,0.55
64,0.11,0.24,0.09,0.5,0.11,0.26,0.08,0.54
65,0.09,0.19,0.07,0.41,0.08,0.19,0.07,0.45
66,0.08,0.15,0.06,0.36,0.06,0.16,0.06,0.4
67,0.07,0.15,0.05,0.34,0.06,0.15,0.06,0.38
68,0.06,0.14,0.05,0.32,0.05,0.15,0.05,0.36
69,0.06,0.12,0.04,0.27,0.04,0.12,0.05,0.31
70,0.05,0.09,0.04,0.24,0.04,0.11,0.04,0.28
71,0.04,0.1,0.03,0.2,0.03,0.09,0.04,0.25
72,0.04,0.08,0.03,0.17,0.03,0.08,0.04,0.23
73,0.04,0.07,0.03,0.14,0.02,0.08,0.03,0.2
74,0.03,0.07,0.03,0.12,0.02,0.08,0.03,0.18
75,0.04,0.07,0.03,0.1,0.02,0.07,0.03,0.16
76,0.04,0.06,0.03,0.08,0.02,0.07,0.03,0.15
77,0.03,0.06,0.02,0.07,0.02,0.07,0.03,0.14
78,0.03,0.06,0.02,0.05,0.02,0.06,0.03,0.13
79,0.03,0.07,0.02,0.04,0.02,0.06,0.03,0.11
80,0.03,0.07,0.02,0.03,0.02,0.06,0.02,0.1
81,0.03,0.07,0.02,0.03,0.01,0.06,0.02,0.1
82,0.03,0.07,0.02,0.01,0.01,0.06,0.02,0.09
83,0.02,0.06,0.02,0.01,0.01,0.06,0.02,0.09
84,0.02,0.05,0.01,0.01,0.01,0.06,0.02,0.07
85,0.02,0.06,0.01,0.01,0.01,0.05,0.02,0.07
86,0.01,0.05,0.01,0.01,0.01,0.04,0.02,0.07
87,0.02,0.05,0.01,0.01,0.01,0.03,0.02,0.06
88,0.02,0.05,0.01,0.01,0.01,0.04,0.01,0.05
89,0.02,0.04,0.01,0.01,0.0,0.04,0.01,0.05
90,0.02,0.04,0.01,0.01,0.01,0.03,0.01,0.05
91,0.02,0.04,0.01,0.0,0.0,0.03,0.01,0.04
92,0.02,0.04,0.01,0.0,0.0,0.03,0.01,0.04
93,0.02,0.04,0.01,0.0,0.0,0.03,0.01,0.04
94,0.01,0.04,0.01,0.0,0.0,0.03,0.01,0.03
95,0.01,0.04,0.01,0.0,0.0,0.03,0.01,0.03
96,0.01,0.04,0.01,0.0,0.0,0.03,0.01,0.03
97,0.01,0.04,0.01,0.01,0.0,0.03,0.01,0.03
98,0.01,0.04,0.01,0.0,0.0,0.03,0.01,0.03
99,0.01,0.04,0.01,0.0,0.0,0.03,0.01,0.02
100,0.01,0.04,0.01,0.01,0.0,0.03,0.01,0.02
101,0.02,0.04,0.01,0.01,0.01,0.03,0.01,0.02
102,0.02,0.04,0.01,0.01,0.0,0.03,0.01,0.02
103,0.02,0.04,0.01,0.01,0.01,0.03,0.01,0.02
104,0.02,0.04,0.01,0.01,0.0,0.03,0.01,0.02
105,0.01,0.04,0.01,0.02,0.0,0.03,0.01,0.02
106,0.02,0.04,0.01,0.01,0.01,0.02,0.01,0.01
107,0.02,0.03,0.01,0.01,0.01,0.03,0.01,0.01
108,0.02,0.04,0.01,0.01,0.01,0.03,0.01,0.01
109,0.02,0.03,0.01,0.0,0.01,0.03,0.01,0.01
110,0.02,0.03,0.01,0.01,0.0,0.02,0.0,0.01
111,0.02,0.03,0.01,0.01,0.0,0.03,0.01,0.01
112,0.01,0.03,0.01,0.01,0.0,0.03,0.01,0.01
113,0.02,0.04,0.01,0.01,0.0,0.03,0.01,0.01
114,0.01,0.03,0.01,0.01,0.0,0.02,0.01,0.01
115,0.02,0.04,0.0,0.01,0.01,0.03,0.01,0.01
116,0.02,0.03,0.01,0.02,0.0,0.02,0.01,0.01
117,0.02,0.02,0.01,0.03,0.0,0.02,0.01,0.01
118,0.01,0.02,0.01,0.03,0.0,0.02,0.01,0.01
119,0.02,0.02,0.01,0.03,0.0,0.02,0.0,0.01
120,0.02,0.01,0.01,0.03,0.0,0.01,0.01,0.01
121,0.01,0.02,0.01,0.04,0.0,0.02,0.0,0.01
122,0.02,0.02,0.01,0.03,0.0,0.01,0.01,0.01
123,0.01,0.02,0.01,0.03,0.0,0.02,0.01,0.01
124,0.01,0.02,0.01,0.03,0.01,0.02,0.01,0.01
125,0.01,0.02,0.01,0.02,0.01,0.03,0.01,0.01
126,0.02,0.03,0.01,0.02,0.01,0.02,0.01,0.01
127,0.01,0.03,0.01,0.02,0.01,0.02,0.01,0.01
128,0.01,0.03,0.01,0.02,0.01,0.02,0.01,0.01
129,0.01,0.03,0.01,0.02,0.01,0.02,0.01,0.01
130,0.01,0.04,0.01,0.02,0.0,0.02,0.0,0.01
131,0.01,0.03,0.01,0.02,0.0,0.02,0.0,0.01
132,0.01,0.02,0.0,0.02,0.0,0.01,0.0,0.0
133,0.0,0.02,0.0,0.01,0.0,0.01,0.0,0.0
134,0.01,0.01,0.0,0.01,0.0,0.01,0.0,0.0
135,0.0,0.01,0.0,0.0,0.0,0.02,0.0,0.0
136,0.0,0.01,0.0,0.01,0.0,0.01,0.0,0.0
137,0.0,0.0,0.0,0.01,0.0,0.01,0.0,0.0
138,0.0,0.01,0.0,0.01,0.0,0.02,0.0,0.0
139,0.01,0.01,0.0,0.01,0.0,0.01,0.0,0.0
140,0.01,0.01,0.0,0.01,0.0,0.01,0.0,0.0
141,0.01,0.01,0.0,0.01,0.0,0.01,0.0,0.0
142,0.01,0.01,0.01,0.01,0.0,0.01,0.0,0.0
143,0.02,0.01,0.01,0.01,0.0,0.01,0.0,0.0
144,0.02,0.01,0.01,0.0,0.0,0.01,0.0,0.0
145,0.02,0.02,0.01,0.0,0.0,0.02,0.0,0.0
146,0.02,0.02,0.01,0.0,0.0,0.02,0.0,0.0
147,0.02,0.01,0.01,0.01,0.0,0.01,0.0,0.0
148,0.01,0.01,0.01,0.01,0.0,0.01,0.0,0.0
149,0.02,0.01,0.01,0.01,0.0,0.0,0.0,0.0
150,0.02,0.01,0.0,0.01,0.0,0.01,0.0,0.0
151,0.01,0.01,0.01,0.01,0.0,0.01,0.0,0.0
152,0.02,0.01,0.01,0.02,0.0,0.01,0.0,0.0
153,0.01,0.0,0.01,0.02,0.0,0.0,0.0,0.0
154,0.02,0.01,0.01,0.01,0.0,0.01,0.0,0.0
155,0.01,0.0,0.01,0.01,0.0,0.01,0.0,0.0
156,0.02,0.0,0.01,0.02,0.0,0.01,0.01,0.0
157,0.04,0.03,0.03,0.02,0.02,0.02,0.04,0.0
158,0.04,0.03,0.04,0.02,0.02,0.03,0.05,0.01
159,0.09,0.06,0.07,0.04,0.05,0.04,0.08,0.01
160,0.12,0.09,0.1,0.05,0.07,0.06,0.11,0.01
161,0.15,0.12,0.13,0.07,0.1,0.08,0.13,0.02
162,0.2,0.17,0.17,0.09,0.13,0.12,0.18,0.03
163,0.24,0.2,0.2,0.11,0.16,0.15,0.2,0.04
164,0.31,0.27,0.26,0.15,0.21,0.2,0.25,0.06
165,0.33,0.3,0.29,0.17,0.24,0.24,0.28,0.07
166,0.36,0.32,0.31,0.19,0.25,0.27,0.3,0.08
167,0.41,0.39,0.36,0.24,0.3,0.31,0.34,0.1
168,0.44,0.42,0.39,0.26,0.32,0.34,0.37,0.11
169,0.47,0.46,0.42,0.28,0.35,0.37,0.4,0.13
170,0.49,0.46,0.43,0.29,0.36,0.39,0.41,0.13
171,0.52,0.5,0.47,0.32,0.39,0.43,0.44,0.15
172,0.55,0.53,0.49,0.34,0.42,0.46,0.46,0.17
173,0.57,0.55,0.51,0.36,0.44,0.48,0.48,0.18
174,0.59,0.58,0.54,0.38,0.46,0.52,0.51,0.2
175,0.61,0.61,0.56,0.41,0.48,0.54,0.53,0.21
176,0.63,0.63,0.59,0.44,0.5,0.57,0.55,0.23
177,0.64,0.64,0.59,0.45,0.51,0.58,0.56,0.24
178,0.65,0.66,0.61,0.46,0.53,0.6,0.58,0.26
179,0.67,0.68,0.63,0.49,0.55,0.62,0.6,0.28
180,0.68,0.7,0.65,0.51,0.57,0.64,0.61,0.29
181,0.69,0.71,0.66,0.52,0.59,0.67,0.63,0.31
182,0.71,0.73,0.68,0.56,0.61,0.69,0.65,0.33
183,0.72,0.76,0.69,0.57,0.62,0.7,0.66,0.34
184,0.72,0.77,0.7,0.58,0.63,0.71,0.67,0.35
185,0.74,0.77,0.72,0.62,0.65,0.73,0.69,0.37
186,0.74,0.79,0.72,0.63,0.65,0.73,0.69,0.38
187,0.75,0.79,0.73,0.64,0.66,0.75,0.7,0.39
188,0.76,0.81,0.74,0.66,0.68,0.76,0.72,0.41
189,0.77,0.81,0.75,0.66,0.68,0.78,0.72,0.42
190,0.77,0.83,0.76,0.67,0.69,0.78,0.73,0.43
191,0.79,0.83,0.77,0.69,0.71,0.79,0.75,0.45
192,0.79,0.84,0.78,0.7,0.71,0.8,0.75,0.46
193,0.8,0.84,0.78,0.72,0.72,0.8,0.76,0.47
194,0.8,0.86,0.8,0.74,0.74,0.83,0.78,0.5
195,0.8,0.86,0.8,0.74,0.74,0.83,0.78,0.5
196,0.82,0.86,0.8,0.76,0.75,0.83,0.78,0.51
197,0.81,0.86,0.81,0.76,0.75,0.83,0.79,0.52
198,0.81,0.86,0.82,0.76,0.76,0.84,0.79,0.53
199,0.82,0.86,0.82,0.77,0.77,0.85,0.8,0.54
200,0.82,0.87,0.83,0.79,0.77,0.85,0.8,0.55
201,0.84,0.87,0.83,0.79,0.78,0.88,0.82,0.57
202,0.84,0.89,0.84,0.79,0.79,0.86,0.82,0.58
203,0.83,0.89,0.84,0.8,0.79,0.86,0.82,0.59
204,0.84,0.89,0.84,0.8,0.79,0.88,0.82,0.59
205,0.85,0.88,0.84,0.8,0.8,0.86,0.83,0.6
206,0.84,0.89,0.85,0.81,0.8,0.88,0.83,0.62
207,0.85,0.88,0.85,0.82,0.81,0.88,0.83,0.62
208,0.85,0.89,0.85,0.83,0.81,0.88,0.84,0.63
209,0.85,0.88,0.85,0.84,0.81,0.88,0.84,0.64
210,0.86,0.89,0.85,0.84,0.82,0.89,0.84,0.64
211,0.86,0.89,0.85,0.85,0.82,0.88,0.84,0.65
212,0.86,0.88,0.86,0.85,0.82,0.89,0.85,0.66
213,0.86,0.88,0.86,0.85,0.83,0.88,0.85,0.67
214,0.86,0.88,0.86,0.85,0.83,0.88,0.85,0.67
215,0.86,0.88,0.86,0.85,0.83,0.88,0.85,0.68
216,0.86,0.89,0.86,0.85,0.83,0.89,0.85,0.68
217,0.87,0.89,0.87,0.85,0.83,0.89,0.85,0.69
218,0.87,0.89,0.87,0.86,0.83,0.89,0.86,0.7
219,0.87,0.89,0.87,0.87,0.84,0.89,0.86,0.7
220,0.87,0.89,0.87,0.89,0.84,0.89,0.86,0.71
221,0.87,0.89,0.87,0.88,0.84,0.89,0.86,0.71
222,0.87,0.88,0.87,0.88,0.85,0.9,0.87,0.72
223,0.87,0.89,0.87,0.89,0.85,0.89,0.86,0.72
224,0.86,0.88,0.87,0.88,0.84,0.9,0.87,0.73
225,0.87,0.9,0.87,0.88,0.85,0.89,0.87,0.73
226,0.86,0.9,0.88,0.89,0.85,0.9,0.87,0.74
227,0.86,0.89,0.88,0.89,0.85,0.9,0.87,0.74
228,0.87,0.89,0.88,0.89,0.85,0.9,0.87,0.75
229,0.87,0.89,0.88,0.9,0.85,0.9,0.87,0.76
230,0.87,0.89,0.88,0.89,0.85,0.9,0.88,0.76
231,0.87,0.89,0.88,0.9,0.85,0.9,0.87,0.76
232,0.86,0.89,0.88,0.91,0.85,0.89,0.88,0.77
233,0.87,0.88,0.88,0.91,0.85,0.9,0.88,0.77
234,0.87,0.88,0.88,0.91,0.86,0.9,0.88,0.77
235,0.88,0.9,0.89,0.91,0.85,0.89,0.88,0.77
236,0.87,0.89,0.89,0.91,0.86,0.9,0.88,0.78
237,0.88,0.9,0.89,0.91,0.86,0.9,0.88,0.78
238,0.87,0.89,0.89,0.89,0.86,0.9,0.88,0.79
239,0.88,0.88,0.89,0.9,0.86,0.89,0.88,0.79
240,0.87,0.88,0.89,0.91,0.86,0.89,0.88,0.79
241,0.87,0.88,0.88,0.89,0.86,0.89,0.88,0.79
242,0.87,0.87,0.89,0.9,0.86,0.89,0.88,0.8
243,0.86,0.87,0.89,0.9,0.87,0.89,0.88,0.8
244,0.87,0.87,0.89,0.9,0.86,0.9,0.88,0.8
245,0.87,0.87,0.89,0.89,0.86,0.89,0.88,0.8
246,0.86,0.88,0.89,0.89,0.87,0.89,0.88,0.8
247,0.86,0.88,0.89,0.89,0.87,0.9,0.88,0.81
248,0.87,0.88,0.89,0.89,0.87,0.9,0.88,0.81
249,0.87,0.88,0.89,0.89,0.87,0.9,0.89,0.81
250,0.87,0.89,0.89,0.88,0.87,0.9,0.89,0.82
251,0.87,0.89,0.89,0.88,0.87,0.9,0.89,0.82
252,0.87,0.9,0.89,0.88,0.87,0.91,0.89,0.82
253,0.87,0.9,0.9,0.88,0.88,0.91,0.89,0.83
254,0.87,0.89,0.9,0.88,0.88,0.91,0.89,0.83
255,0.87,0.9,0.89,0.88,0.88,0.91,0.89,0.83
256,0.88,0.89,0.89,0.87,0.88,0.9,0.89,0.83
257,0.87,0.89,0.89,0.87,0.88,0.9,0.89,0.83
258,0.87,0.9,0.9,0.86,0.88,0.9,0.89,0.84
259,0.87,0.89,0.9,0.88,0.88,0.88,0.89,0.84
260,0.88,0.88,0.9,0.88,0.87,0.91,0.89,0.84
261,0.87,0.89,0.89,0.88,0.88,0.9,0.89,0.84
262,0.89,0.89,0.9,0.88,0.88,0.89,0.89,0.85
263,0.89,0.89,0.9,0.87,0.88,0.91,0.89,0.85
264,0.89,0.89,0.9,0.88,0.88,0.91,0.89,0.85
265,0.89,0.89,0.9,0.88,0.89,0.91,0.9,0.85
266,0.89,0.9,0.9,0.89,0.89,0.91,0.89,0.85
267,0.88,0.9,0.9,0.89,0.89,0.92,0.9,0.85
268,0.89,0.9,0.9,0.89,0.89,0.91,0.9,0.86
269,0.89,0.9,0.91,0.89,0.89,0.91,0.9,0.86
270,0.89,0.9,0.91,0.89,0.89,0.92,0.9,0.86
271,0.89,0.9,0.91,0.89,0.9,0.91,0.91,0.86
272,0.89,0.9,0.91,0.89,0.9,0.91,0.91,0.86
273,0.89,0.9,0.91,0.89,0.9,0.92,0.91,0.86
274,0.89,0.91,0.91,0.89,0.9,0.92,0.91,0.86
275,0.89,0.91,0.91,0.88,0.9,0.92,0.91,0.86
276,0.89,0.91,0.91,0.89,0.9,0.91,0.91,0.87
277,0.89,0.92,0.91,0.88,0.89,0.91,0.91,0.87
278,0.89,0.91,0.91,0.89,0.9,0.92,0.91,0.87
279,0.89,0.91,0.91,0.89,0.9,0.91,0.91,0.87
280,0.89,0.9,0.91,0.88,0.9,0.92,0.91,0.87
281,0.89,0.9,0.91,0.89,0.9,0.92,0.91,0.87
282,0.89,0.9,0.91,0.88,0.9,0.91,0.91,0.88
283,0.89,0.91,0.91,0.88,0.9,0.92,0.91,0.88
284,0.88,0.9,0.91,0.89,0.9,0.92,0.91,0.88
285,0.89,0.9,0.91,0.89,0.9,0.92,0.91,0.88
286,0.89,0.91,0.91,0.88,0.9,0.92,0.91,0.88
287,0.89,0.9,0.91,0.88,0.9,0.92,0.91,0.88
288,0.89,0.9,0.91,0.88,0.9,0.91,0.91,0.88
289,0.89,0.9,0.91,0.88,0.9,0.92,0.91,0.88
290,0.89,0.89,0.91,0.89,0.9,0.91,0.91,0.89
291,0.89,0.9,0.91,0.89,0.9,0.91,0.91,0.88
292,0.89,0.91,0.91,0.89,0.9,0.91,0.91,0.89
293,0.89,0.89,0.91,0.89,0.9,0.91,0.91,0.89
294,0.89,0.9,0.91,0.89,0.9,0.91,0.91,0.89
295,0.9,0.9,0.91,0.89,0.9,0.92,0.92,0.89
296,0.9,0.91,0.92,0.89,0.9,0.92,0.92,0.89
297,0.9,0.91,0.92,0.89,0.91,0.92,0.92,0.89
298,0.9,0.91,0.92,0.89,0.9,0.92,0.92,0.89
299,0.89,0.91,0.92,0.89,0.91,0.92,0.92,0.9
300,0.89,0.91,0.92,0.89,0.91,0.92,0.92,0.9
301,0.91,0.91,0.92,0.89,0.91,0.92,0.92,0.9
302,0.91,0.92,0.92,0.89,0.91,0.92,0.92,0.9
303,0.91,0.91,0.92,0.89,0.91,0.92,0.92,0.9
304,0.9,0.91,0.92,0.9,0.91,0.92,0.92,0.9
305,0.9,0.91,0.92,0.89,0.91,0.92,0.92,0.9
306,0.9,0.9,0.92,0.9,0.91,0.92,0.92,0.9
307,0.9,0.9,0.92,0.9,0.91,0.91,0.92,0.9
308,0.9,0.91,0.92,0.91,0.91,0.92,0.92,0.9
309,0.89,0.91,0.92,0.9,0.91,0.94,0.92,0.9
310,0.89,0.91,0.92,0.91,0.91,0.94,0.92,0.9
311,0.89,0.91,0.92,0.9,0.91,0.92,0.92,0.9
312,0.89,0.91,0.92,0.89,0.91,0.92,0.93,0.91
313,0.89,0.91,0.92,0.89,0.91,0.92,0.92,0.9
314,0.89,0.91,0.92,0.89,0.91,0.92,0.92,0.91
315,0.89,0.91,0.92,0.89,0.91,0.92,0.93,0.91
316,0.89,0.91,0.92,0.89,0.91,0.92,0.92,0.91
317,0.89,0.91,0.92,0.89,0.91,0.92,0.92,0.91
318,0.89,0.92,0.92,0.89,0.91,0.92,0.92,0.91
319,0.89,0.91,0.92,0.9,0.91,0.92,0.92,0.91
320,0.89,0.91,0.92,0.89,0.91,0.92,0.92,0.91
321,0.89,0.93,0.92,0.89,0.91,0.94,0.92,0.91
322,0.89,0.92,0.92,0.89,0.91,0.94,0.92,0.91
323,0.89,0.92,0.92,0.89,0.92,0.92,0.93,0.91
324,0.91,0.92,0.92,0.89,0.92,0.92,0.93,0.91
325,0.89,0.91,0.92,0.89,0.92,0.94,0.92,0.92
326,0.89,0.92,0.92,0.9,0.92,0.94,0.93,0.92
327,0.89,0.92,0.92,0.91,0.91,0.94,0.92,0.92
328,0.89,0.92,0.92,0.91,0.91,0.94,0.93,0.92
329,0.89,0.92,0.92,0.91,0.92,0.94,0.93,0.92
330,0.89,0.91,0.92,0.91,0.92,0.94,0.92,0.92
331,0.89,0.91,0.92,0.91,0.91,0.94,0.93,0.92
332,0.88,0.92,0.92,0.91,0.91,0.94,0.92,0.92
333,0.88,0.91,0.92,0.91,0.91,0.95,0.93,0.92
334,0.89,0.91,0.91,0.91,0.91,0.92,0.92,0.92
335,0.89,0.91,0.91,0.91,0.91,0.92,0.92,0.92
336,0.89,0.91,0.91,0.91,0.91,0.94,0.92,0.92
337,0.88,0.91,0.91,0.91,0.91,0.92,0.92,0.92
338,0.89,0.9,0.91,0.91,0.91,0.92,0.92,0.92
339,0.88,0.91,0.91,0.91,0.91,0.94,0.92,0.92
340,0.89,0.9,0.91,0.91,0.91,0.92,0.92,0.92
341,0.89,0.89,0.92,0.91,0.91,0.92,0.92,0.92
342,0.89,0.89,0.91,0.91,0.91,0.91,0.92,0.92
343,0.89,0.89,0.91,0.91,0.91,0.92,0.92,0.92
344,0.89,0.89,0.91,0.91,0.91,0.94,0.92,0.92
345,0.89,0.89,0.91,0.9,0.91,0.91,0.92,0.92
346,0.88,0.89,0.92,0.91,0.91,0.91,0.92,0.92
347,0.89,0.89,0.92,0.91,0.91,0.91,0.92,0.93
348,0.89,0.89,0.92,0.91,0.91,0.92,0.92,0.92
349,0.9,0.89,0.92,0.91,0.91,0.91,0.92,0.93
350,0.89,0.89,0.92,0.92,0.91,0.91,0.92,0.92
351,0.89,0.89,0.92,0.92,0.91,0.91,0.92,0.92
352,0.89,0.89,0.92,0.91,0.92,0.91,0.92,0.93
353,0.89,0.88,0.92,0.92,0.92,0.91,0.92,0.93
354,0.89,0.89,0.92,0.93,0.91,0.92,0.92,0.93
355,0.89,0.88,0.92,0.93,0.91,0.91,0.92,0.92
356,0.9,0.88,0.92,0.94,0.92,0.91,0.92,0.92
357,0.89,0.89,0.92,0.95,0.92,0.91,0.93,0.93
358,0.9,0.89,0.93,0.96,0.92,0.92,0.93,0.93
359,0.9,0.89,0.93,0.98,0.92,0.91,0.93,0.93
360,0.91,0.9,0.93,0.98,0.92,0.92,0.93,0.93
361,0.91,0.91,0.93,0.98,0.92,0.92,0.93,0.93
362,0.9,0.9,0.93,0.97,0.92,0.92,0.93,0.93
363,0.91,0.9,0.93,0.96,0.92,0.94,0.94,0.93
364,0.91,0.91,0.93,0.97,0.92,0.94,0.94,0.93
365,0.91,0.91,0.93,0.96,0.92,0.92,0.94,0.93
366,0.91,0.9,0.93,0.96,0.93,0.94,0.94,0.93
367,0.91,0.89,0.93,0.97,0.92,0.92,0.94,0.93
368,0.9,0.91,0.93,0.96,0.92,0.92,0.94,0.93
369,0.89,0.9,0.93,0.96,0.92,0.92,0.93,0.93
370,0.91,0.89,0.93,0.96,0.92,0.92,0.93,0.93
371,0.9,0.89,0.92,0.96,0.92,0.92,0.93,0.93
372,0.91,0.89,0.93,0.96,0.92,0.92,0.94,0.93
373,0.91,0.89,0.93,0.96,0.92,0.92,0.94,0.93
374,0.91,0.9,0.93,0.96,0.92,0.94,0.94,0.93
375,0.91,0.91,0.93,0.96,0.93,0.94,0.94,0.93
376,0.91,0.91,0.94,0.96,0.92,0.94,0.94,0.93
377,0.91,0.91,0.94,0.96,0.93,0.94,0.94,0.94
378,0.9,0.9,0.94,0.94,0.93,0.94,0.94,0.94
379,0.9,0.9,0.93,0.95,0.93,0.94,0.94,0.94
380,0.91,0.9,0.93,0.95,0.93,0.94,0.94,0.94
381,0.91,0.91,0.93,0.95,0.93,0.94,0.94,0.94
382,0.91,0.9,0.93,0.95,0.93,0.94,0.94,0.94
383,0.9,0.9,0.93,0.94,0.92,0.92,0.94,0.94
384,0.89,0.9,0.93,0.94,0.92,0.92,0.94,0.94
385,0.89,0.9,0.93,0.94,0.92,0.92,0.93,0.94
386,0.89,0.89,0.92,0.93,0.92,0.94,0.94,0.94
387,0.89,0.89,0.92,0.93,0.92,0.92,0.94,0.94
388,0.89,0.9,0.92,0.93,0.92,0.92,0.94,0.94
389,0.89,0.9,0.92,0.92,0.92,0.94,0.94,0.94
390,0.89,0.9,0.92,0.92,0.92,0.92,0.94,0.94
391,0.89,0.9,0.92,0.93,0.92,0.92,0.94,0.94
392,0.89,0.91,0.92,0.92,0.92,0.92,0.94,0.94
393,0.89,0.9,0.92,0.92,0.92,0.94,0.94,0.94
394,0.89,0.9,0.92,0.91,0.93,0.92,0.94,0.94
395,0.9,0.9,0.92,0.91,0.92,0.94,0.94,0.94
396,0.9,0.91,0.93,0.91,0.92,0.94,0.94,0.94
397,0.89,0.91,0.93,0.91,0.93,0.94,0.94,0.94
398,0.9,0.91,0.93,0.91,0.93,0.94,0.93,0.94
399,0.89,0.91,0.93,0.9,0.93,0.94,0.94,0.94
400,0.9,0.9,0.93,0.89,0.92,0.92,0.94,0.94
401,0.9,0.9,0.93,0.89,0.92,0.92,0.94,0.94
402,0.89,0.9,0.93,0.89,0.92,0.92,0.94,0.95
403,0.89,0.9,0.93,0.9,0.92,0.92,0.94,0.95
404,0.9,0.9,0.93,0.89,0.93,0.92,0.94,0.94
405,0.9,0.9,0.93,0.89,0.93,0.92,0.94,0.95
406,0.9,0.91,0.93,0.89,0.93,0.94,0.94,0.95
407,0.91,0.91,0.94,0.89,0.93,0.94,0.94,0.95
408,0.9,0.91,0.93,0.89,0.93,0.94,0.94,0.95
409,0.91,0.91,0.93,0.9,0.93,0.94,0.94,0.95
410,0.91,0.91,0.94,0.91,0.94,0.94,0.94,0.95
411,0.91,0.92,0.94,0.91,0.94,0.94,0.95,0.95
412,0.91,0.91,0.94,0.92,0.94,0.94,0.95,0.95
413,0.91,0.92,0.94,0.91,0.93,0.94,0.95,0.95
414,0.91,0.91,0.94,0.91,0.94,0.94,0.95,0.95
415,0.91,0.91,0.94,0.9,0.94,0.94,0.95,0.95
416,0.9,0.92,0.94,0.9,0.94,0.94,0.95,0.95
417,0.91,0.92,0.94,0.9,0.94,0.94,0.95,0.95
418,0.89,0.91,0.93,0.9,0.93,0.94,0.95,0.95
419,0.9,0.91,0.93,0.9,0.93,0.92,0.95,0.95
420,0.9,0.91,0.93,0.89,0.93,0.94,0.94,0.95
421,0.89,0.91,0.93,0.89,0.94,0.94,0.95,0.95
422,0.9,0.91,0.93,0.9,0.93,0.94,0.95,0.95
423,0.9,0.91,0.93,0.9,0.93,0.94,0.95,0.95
424,0.9,0.91,0.93,0.9,0.94,0.94,0.95,0.95
425,0.9,0.91,0.93,0.9,0.93,0.94,0.94,0.95
426,0.9,0.9,0.93,0.9,0.93,0.92,0.94,0.95
427,0.89,0.9,0.93,0.9,0.93,0.92,0.94,0.95
428,0.9,0.89,0.92,0.89,0.93,0.92,0.94,0.95
429,0.9,0.89,0.93,0.9,0.93,0.92,0.94,0.95
430,0.9,0.89,0.92,0.89,0.92,0.92,0.94,0.95
431,0.9,0.88,0.93,0.9,0.93,0.92,0.94,0.95
432,0.91,0.89,0.93,0.9,0.93,0.94,0.94,0.95
433,0.91,0.9,0.94,0.91,0.93,0.92,0.94,0.95
434,0.91,0.9,0.94,0.91,0.94,0.92,0.94,0.95
435,0.92,0.9,0.94,0.91,0.93,0.94,0.94,0.95
436,0.91,0.91,0.94,0.91,0.93,0.94,0.94,0.95
437,0.92,0.91,0.94,0.91,0.94,0.94,0.95,0.95
438,0.91,0.89,0.94,0.91,0.93,0.92,0.94,0.95
439,0.91,0.9,0.94,0.92,0.94,0.92,0.94,0.95
440,0.91,0.89,0.94,0.92,0.94,0.92,0.94,0.95
441,0.9,0.89,0.94,0.92,0.93,0.92,0.94,0.95
442,0.91,0.89,0.94,0.92,0.94,0.92,0.95,0.95
443,0.91,0.89,0.94,0.93,0.94,0.94,0.94,0.95
444,0.91,0.9,0.94,0.93,0.93,0.92,0.95,0.95
445,0.91,0.9,0.94,0.93,0.94,0.94,0.95,0.95
446,0.92,0.89,0.94,0.92,0.94,0.94,0.95,0.95
447,0.92,0.91,0.94,0.92,0.94,0.94,0.95,0.95
448,0.91,0.91,0.95,0.93,0.94,0.92,0.95,0.95
449,0.91,0.91,0.95,0.93,0.95,0.94,0.95,0.95
450,0.92,0.91,0.94,0.92,0.95,0.94,0.95,0.95
451,0.92,0.91,0.95,0.91,0.95,0.94,0.95,0.95
452,0.92,0.91,0.95,0.91,0.94,0.94,0.95,0.95
453,0.93,0.91,0.95,0.92,0.94,0.95,0.96,0.95
454,0.92,0.91,0.95,0.92,0.95,0.94,0.96,0.96
455,0.92,0.92,0.95,0.92,0.95,0.95,0.96,0.96
456,0.93,0.92,0.95,0.92,0.95,0.95,0.96,0.96
457,0.93,0.92,0.95,0.92,0.95,0.94,0.96,0.96
458,0.91,0.92,0.95,0.92,0.95,0.94,0.96,0.96
459,0.93,0.92,0.95,0.92,0.95,0.95,0.96,0.96
460,0.92,0.91,0.95,0.92,0.95,0.94,0.96,0.96
461,0.93,0.92,0.95,0.92,0.95,0.95,0.96,0.96
462,0.92,0.93,0.95,0.92,0.95,0.95,0.96,0.96
463,0.93,0.92,0.96,0.91,0.95,0.95,0.96,0.96
464,0.92,0.92,0.95,0.91,0.95,0.95,0.96,0.96
465,0.93,0.93,0.95,0.91,0.95,0.95,0.96,0.96
466,0.91,0.92,0.95,0.91,0.95,0.95,0.96,0.96
467,0.93,0.92,0.95,0.91,0.95,0.94,0.96,0.96
468,0.93,0.91,0.95,0.91,0.95,0.94,0.96,0.96
469,0.92,0.91,0.95,0.91,0.95,0.94,0.96,0.96
470,0.92,0.91,0.95,0.92,0.95,0.94,0.96,0.96
471,0.92,0.91,0.95,0.91,0.95,0.94,0.96,0.96
472,0.92,0.92,0.95,0.91,0.95,0.94,0.96,0.96
473,0.91,0.91,0.95,0.9,0.95,0.95,0.96,0.96
474,0.91,0.92,0.95,0.91,0.95,0.94,0.96,0.96
475,0.92,0.92,0.95,0.91,0.95,0.94,0.96,0.96
476,0.92,0.92,0.95,0.91,0.95,0.95,0.96,0.96
477,0.92,0.92,0.95,0.9,0.95,0.94,0.96,0.96
478,0.91,0.91,0.95,0.9,0.95,0.95,0.96,0.96
479,0.91,0.91,0.94,0.9,0.95,0.94,0.96,0.96
480,0.9,0.92,0.94,0.89,0.95,0.94,0.96,0.96
481,0.91,0.91,0.94,0.9,0.95,0.94,0.96,0.96
482,0.91,0.91,0.94,0.89,0.94,0.94,0.95,0.96
483,0.91,0.91,0.94,0.89,0.95,0.94,0.96,0.96
484,0.9,0.91,0.94,0.89,0.95,0.94,0.96,0.96
485,0.89,0.91,0.94,0.89,0.95,0.94,0.95,0.96
486,0.9,0.9,0.94,0.88,0.94,0.92,0.95,0.96
487,0.89,0.89,0.94,0.87,0.93,0.94,0.95,0.96
488,0.9,0.89,0.94,0.88,0.94,0.92,0.95,0.96
489,0.9,0.89,0.93,0.89,0.94,0.92,0.95,0.96
490,0.9,0.88,0.93,0.9,0.93,0.92,0.95,0.96
491,0.9,0.88,0.93,0.91,0.94,0.92,0.94,0.96
492,0.9,0.89,0.93,0.9,0.93,0.91,0.94,0.96
493,0.9,0.89,0.93,0.91,0.94,0.94,0.95,0.96
494,0.9,0.89,0.93,0.91,0.94,0.92,0.94,0.96
495,0.9,0.9,0.93,0.91,0.93,0.92,0.95,0.96
496,0.9,0.89,0.93,0.91,0.94,0.92,0.95,0.96
497,0.89,0.89,0.93,0.92,0.93,0.91,0.95,0.96
498,0.9,0.89,0.93,0.92,0.94,0.92,0.95,0.96
499,0.89,0.89,0.93,0.91,0.94,0.92,0.95,0.96
500,0.9,0.89,0.93,0.92,0.94,0.92,0.95,0.96
501,0.9,0.89,0.93,0.94,0.93,0.92,0.95,0.96
502,0.9,0.89,0.93,0.95,0.94,0.92,0.95,0.96
503,0.89,0.89,0.93,0.94,0.93,0.92,0.95,0.95
504,0.89,0.89,0.93,0.94,0.94,0.92,0.95,0.96
505,0.9,0.88,0.93,0.94,0.94,0.92,0.95,0.95
506,0.89,0.88,0.93,0.94,0.94,0.92,0.95,0.95
507,0.89,0.88,0.93,0.95,0.94,0.92,0.95,0.96
508,0.89,0.89,0.93,0.96,0.94,0.91,0.95,0.95
509,0.89,0.88,0.93,0.96,0.93,0.91,0.95,0.96
510,0.89,0.89,0.93,0.96,0.94,0.92,0.95,0.96
511,0.89,0.88,0.93,0.96,0.94,0.92,0.95,0.96
512,0.89,0.88,0.93,0.96,0.94,0.92,0.95,0.96
513,0.89,0.88,0.93,0.96,0.94,0.92,0.95,0.96
514,0.89,0.89,0.93,0.95,0.94,0.92,0.95,0.96
515,0.89,0.89,0.93,0.95,0.94,0.92,0.95,0.96
516,0.88,0.89,0.93,0.95,0.94,0.92,0.95,0.96
517,0.89,0.88,0.93,0.95,0.94,0.92,0.94,0.96
518,0.88,0.89,0.93,0.96,0.94,0.91,0.95,0.96
519,0.89,0.87,0.93,0.96,0.94,0.92,0.95,0.96
520,0.9,0.88,0.93,0.96,0.94,0.94,0.95,0.96
521,0.89,0.88,0.93,0.94,0.94,0.92,0.95,0.96
522,0.89,0.88,0.93,0.94,0.94,0.92,0.95,0.96
523,0.9,0.88,0.93,0.93,0.94,0.92,0.95,0.96
524,0.9,0.88,0.93,0.93,0.94,0.91,0.95,0.96
525,0.9,0.89,0.93,0.92,0.94,0.92,0.95,0.96
526,0.89,0.88,0.93,0.92,0.94,0.92,0.95,0.96
527,0.89,0.88,0.93,0.91,0.94,0.92,0.95,0.96
528,0.89,0.89,0.93,0.9,0.94,0.92,0.95,0.96
529,0.89,0.88,0.93,0.91,0.94,0.92,0.95,0.96
530,0.89,0.89,0.94,0.91,0.94,0.92,0.95,0.96
531,0.9,0.88,0.94,0.91,0.94,0.92,0.95,0.96
532,0.89,0.89,0.94,0.91,0.94,0.92,0.95,0.96
533,0.9,0.88,0.94,0.89,0.94,0.92,0.95,0.96
534,0.9,0.89,0.94,0.89,0.94,0.92,0.95,0.96
535,0.9,0.88,0.93,0.9,0.94,0.92,0.95,0.96
536,0.9,0.88,0.94,0.9,0.94,0.91,0.95,0.96
537,0.9,0.88,0.94,0.91,0.95,0.91,0.95,0.96
538,0.9,0.89,0.94,0.91,0.94,0.92,0.95,0.96
539,0.91,0.89,0.94,0.91,0.94,0.92,0.95,0.96
540,0.9,0.88,0.94,0.91,0.95,0.92,0.95,0.96
541,0.91,0.89,0.94,0.91,0.95,0.92,0.95,0.96
542,0.91,0.89,0.94,0.91,0.95,0.94,0.96,0.96
543,0.91,0.9,0.94,0.91,0.95,0.92,0.95,0.96
544,0.91,0.9,0.95,0.91,0.95,0.92,0.96,0.96
545,0.9,0.9,0.94,0.9,0.95,0.92,0.96,0.96
546,0.9,0.91,0.94,0.9,0.95,0.94,0.96,0.96
547,0.9,0.9,0.94,0.9,0.95,0.92,0.96,0.96
548,0.91,0.91,0.94,0.9,0.95,0.92,0.96,0.96
549,0.9,0.91,0.94,0.89,0.95,0.94,0.96,0.96
550,0.9,0.91,0.94,0.88,0.95,0.94,0.96,0.97
551,0.9,0.91,0.94,0.89,0.95,0.94,0.96,0.97
552,0.91,0.9,0.94,0.89,0.95,0.95,0.96,0.97
553,0.9,0.92,0.94,0.89,0.95,0.94,0.96,0.97
554,0.91,0.91,0.94,0.89,0.95,0.95,0.96,0.97
555,0.91,0.91,0.95,0.89,0.95,0.94,0.96,0.97
556,0.91,0.91,0.95,0.89,0.95,0.95,0.96,0.97
557,0.91,0.91,0.95,0.9,0.95,0.94,0.96,0.97
558,0.91,0.91,0.95,0.89,0.95,0.95,0.96,0.97
559,0.92,0.93,0.95,0.91,0.95,0.96,0.96,0.97
560,0.92,0.92,0.95,0.91,0.95,0.94,0.97,0.97
561,0.91,0.91,0.95,0.91,0.95,0.95,0.97,0.97
562,0.91,0.91,0.95,0.91,0.95,0.95,0.96,0.97
563,0.91,0.91,0.95,0.92,0.95,0.95,0.96,0.97
564,0.91,0.92,0.95,0.91,0.95,0.95,0.96,0.97
565,0.91,0.92,0.95,0.91,0.95,0.94,0.96,0.97
566,0.91,0.91,0.95,0.92,0.95,0.94,0.96,0.97
567,0.91,0.91,0.95,0.92,0.95,0.94,0.96,0.97
568,0.91,0.91,0.95,0.92,0.95,0.94,0.96,0.97
569,0.92,0.92,0.95,0.93,0.95,0.95,0.96,0.97
570,0.92,0.92,0.95,0.94,0.95,0.94,0.96,0.97
571,0.92,0.91,0.95,0.94,0.95,0.95,0.96,0.97
572,0.91,0.91,0.95,0.94,0.95,0.94,0.96,0.97
573,0.91,0.91,0.95,0.94,0.95,0.94,0.96,0.97
574,0.92,0.9,0.95,0.95,0.95,0.94,0.96,0.97
575,0.91,0.91,0.95,0.95,0.95,0.94,0.96,0.97
576,0.91,0.91,0.95,0.95,0.95,0.95,0.96,0.97
577,0.91,0.91,0.95,0.96,0.95,0.94,0.96,0.97
578,0.92,0.91,0.95,0.96,0.95,0.94,0.96,0.97
579,0.92,0.91,0.95,0.95,0.95,0.94,0.96,0.97
580,0.91,0.91,0.95,0.96,0.95,0.94,0.96,0.97
581,0.91,0.91,0.95,0.95,0.95,0.94,0.96,0.97
582,0.91,0.9,0.95,0.95,0.95,0.94,0.96,0.97
583,0.91,0.91,0.95,0.94,0.95,0.94,0.96,0.97
584,0.91,0.9,0.95,0.93,0.95,0.94,0.96,0.97
585,0.91,0.9,0.95,0.93,0.95,0.94,0.96,0.97
586,0.9,0.9,0.95,0.92,0.95,0.94,0.96,0.97
587,0.91,0.9,0.95,0.91,0.95,0.94,0.96,0.97
588,0.91,0.89,0.94,0.9,0.95,0.92,0.96,0.97
589,0.91,0.89,0.94,0.9,0.95,0.92,0.95,0.97
590,0.9,0.89,0.94,0.89,0.95,0.92,0.95,0.97
591,0.91,0.89,0.94,0.89,0.95,0.92,0.96,0.97
592,0.89,0.88,0.94,0.89,0.95,0.92,0.95,0.97
593,0.91,0.88,0.94,0.89,0.94,0.92,0.95,0.97
594,0.9,0.87,0.94,0.9,0.95,0.92,0.95,0.97
595,0.9,0.88,0.94,0.88,0.94,0.92,0.95,0.96
596,0.89,0.88,0.93,0.89,0.95,0.91,0.95,0.96
597,0.89,0.87,0.93,0.89,0.95,0.91,0.95,0.96
598,0.9,0.88,0.93,0.89,0.95,0.92,0.95,0.96
