0,0.98,0.99,0.99,0.79,0.98,0.98,0.99,0.99
1,0.98,0.99,0.98,0.8,0.98,0.99,0.99,0.99
2,0.98,0.99,0.99,0.84,0.98,0.98,0.99,0.99
3,0.98,0.99,0.99,0.87,0.98,0.99,0.99,0.99
4,0.98,0.99,0.99,0.88,0.98,0.99,0.99,0.99
5,0.99,0.99,0.98,0.87,0.98,0.99,0.99,0.99
6,0.98,0.99,0.99,0.81,0.98,0.99,0.99,0.99
7,0.98,0.99,0.99,0.81,0.98,0.99,0.99,0.99
8,0.98,1.0,0.99,0.74,0.99,0.99,0.99,0.99
9,0.98,0.99,0.99,0.7,0.99,0.99,0.99,0.99
10,0.98,0.99,0.99,0.67,0.99,0.99,0.99,0.99
11,0.98,1.0,0.99,0.63,0.99,0.99,0.99,1.0
12,0.98,1.0,0.99,0.62,0.99,0.99,0.99,0.99
13,0.98,1.0,0.99,0.58,0.98,0.99,0.99,0.99
14,0.97,0.99,0.99,0.57,0.98,0.99,0.99,0.99
15,0.98,0.99,0.99,0.54,0.98,0.99,0.99,0.99
16,0.98,0.99,0.99,0.53,0.99,0.99,0.99,0.99
17,0.98,0.98,0.99,0.53,0.99,0.99,0.99,0.99
18,0.98,0.99,0.99,0.54,0.98,0.98,0.99,0.99
19,0.98,0.99,0.98,0.56,0.98,0.98,0.99,0.99
20,0.98,0.99,0.99,0.57,0.98,0.98,0.98,0.99
21,0.98,0.98,0.98,0.57,0.98,0.99,0.98,0.99
22,0.98,0.98,0.98,0.58,0.98,0.98,0.98,0.99
23,0.98,0.98,0.98,0.6,0.98,0.98,0.98,0.98
24,0.98,0.98,0.98,0.61,0.98,0.98,0.99,0.98
25,0.98,0.98,0.98,0.61,0.98,0.98,0.98,0.98
26,0.98,0.98,0.98,0.63,0.98,0.98,0.98,0.98
27,0.98,0.98,0.98,0.64,0.99,0.98,0.99,0.98
28,0.98,0.98,0.99,0.64,0.98,0.98,0.99,0.99
29,0.98,0.99,0.99,0.64,0.98,0.99,0.99,0.99
30,0.99,0.99,0.99,0.64,0.98,0.99,0.99,0.99
31,0.99,0.99,0.99,0.66,0.99,0.99,1.0,1.0
32,0.98,1.0,0.99,0.64,0.99,0.99,0.99,0.99
33,0.98,0.99,0.99,0.64,0.99,0.99,0.99,0.99
34,0.98,0.99,0.98,0.64,0.98,0.99,0.99,0.99
35,0.97,0.99,0.98,0.64,0.98,0.99,0.99,0.99
36,0.97,0.99,0.98,0.64,0.98,0.99,0.99,1.0
37,0.97,0.99,0.98,0.63,0.98,0.99,0.99,0.99
38,0.97,1.0,0.98,0.63,0.98,0.99,0.99,0.99
39,0.98,0.99,0.98,0.6,0.98,0.99,0.99,1.0
40,0.98,1.0,0.98,0.59,0.98,0.99,0.99,1.0
41,0.98,0.99,0.98,0.59,0.99,0.99,0.99,0.99
42,0.98,0.99,0.98,0.58,0.99,0.99,0.99,1.0
43,0.98,0.99,0.98,0.58,0.98,0.99,0.99,1.0
44,0.98,1.0,0.99,0.6,0.99,0.99,0.99,1.0
45,0.98,0.99,0.98,0.6,0.98,0.99,0.99,1.0
46,0.98,0.99,0.99,0.59,0.99,0.99,0.99,1.0
47,0.98,1.0,0.99,0.57,0.98,0.99,0.99,1.0
48,0.98,0.99,0.98,0.57,0.98,0.99,0.99,0.99
49,0.98,0.99,0.99,0.57,0.98,0.99,0.99,1.0
50,0.99,1.0,0.99,0.57,0.99,0.99,0.99,1.0
51,0.98,1.0,0.99,0.59,0.99,0.99,0.99,1.0
52,0.99,1.0,0.99,0.59,0.99,0.99,0.99,1.0
53,0.99,1.0,0.99,0.6,0.99,1.0,0.99,1.0
54,1.0,1.0,0.99,0.62,0.99,0.98,1.0,1.0
55,1.0,1.0,1.0,0.64,0.99,0.99,1.0,1.0
56,1.0,1.0,1.0,0.66,1.0,1.0,1.0,1.0
57,0.96,0.96,0.96,0.71,0.96,0.97,0.92,1.0
58,0.89,0.9,0.87,0.71,0.88,0.93,0.8,0.99
59,0.81,0.83,0.77,0.72,0.78,0.86,0.68,0.99
60,0.63,0.67,0.56,0.7,0.57,0.7,0.46,0.97
61,0.53,0.57,0.45,0.67,0.45,0.58,0.35,0.95
62,0.38,0.43,0.31,0.61,0.29,0.39,0.23,0.91
63,0.31,0.36,0.25,0.58,0.23,0.31,0.18,0.89
64,0.29,0.34,0.23,0.57,0.21,0.28,0.16,0.87
65,0.24,0.28,0.19,0.56,0.17,0.22,0.13,0.84
66,0.21,0.24,0.16,0.56,0.14,0.19,0.12,0.81
67,0.19,0.23,0.15,0.54,0.13,0.17,0.11,0.8
68,0.14,0.17,0.11,0.57,0.1,0.12,0.08,0.74
69,0.14,0.17,0.11,0.57,0.1,0.12,0.08,0.73
70,0.12,0.15,0.1,0.57,0.08,0.1,0.07,0.7
71,0.1,0.13,0.08,0.54,0.07,0.09,0.06,0.67
72,0.09,0.11,0.07,0.54,0.07,0.08,0.05,0.64
73,0.08,0.1,0.07,0.51,0.06,0.07,0.05,0.62
74,0.08,0.09,0.06,0.47,0.06,0.06,0.04,0.59
75,0.07,0.08,0.06,0.4,0.05,0.06,0.04,0.56
76,0.06,0.07,0.05,0.29,0.05,0.05,0.04,0.54
77,0.06,0.06,0.05,0.19,0.04,0.04,0.03,0.5
78,0.05,0.06,0.04,0.18,0.04,0.04,0.03,0.49
79,0.05,0.05,0.04,0.15,0.04,0.04,0.03,0.46
80,0.05,0.05,0.04,0.14,0.03,0.03,0.03,0.44
81,0.05,0.05,0.03,0.15,0.03,0.03,0.02,0.43
82,0.04,0.04,0.03,0.12,0.03,0.03,0.02,0.41
83,0.04,0.04,0.03,0.12,0.03,0.03,0.02,0.39
84,0.03,0.03,0.03,0.12,0.03,0.02,0.02,0.36
85,0.03,0.03,0.03,0.12,0.03,0.02,0.02,0.35
86,0.03,0.03,0.02,0.12,0.02,0.02,0.02,0.33
87,0.03,0.03,0.02,0.13,0.02,0.02,0.02,0.32
88,0.03,0.02,0.02,0.16,0.02,0.02,0.02,0.3
89,0.03,0.02,0.02,0.17,0.02,0.02,0.02,0.29
90,0.02,0.02,0.02,0.19,0.02,0.02,0.01,0.28
91,0.03,0.02,0.02,0.19,0.02,0.02,0.01,0.27
92,0.02,0.02,0.02,0.19,0.02,0.02,0.01,0.25
93,0.02,0.02,0.02,0.16,0.02,0.01,0.01,0.24
94,0.02,0.02,0.02,0.14,0.02,0.01,0.01,0.23
95,0.02,0.02,0.02,0.12,0.02,0.01,0.01,0.22
96,0.02,0.02,0.01,0.08,0.01,0.01,0.01,0.21
97,0.02,0.02,0.01,0.08,0.01,0.01,0.01,0.21
98,0.02,0.02,0.01,0.07,0.01,0.01,0.01,0.2
99,0.01,0.01,0.01,0.07,0.01,0.01,0.01,0.18
100,0.01,0.01,0.01,0.07,0.01,0.01,0.01,0.18
101,0.01,0.01,0.01,0.09,0.01,0.01,0.01,0.17
102,0.01,0.01,0.01,0.07,0.01,0.01,0.01,0.16
103,0.01,0.01,0.01,0.09,0.01,0.01,0.01,0.15
104,0.01,0.01,0.01,0.09,0.01,0.01,0.01,0.14
105,0.01,0.01,0.01,0.1,0.01,0.01,0.01,0.14
106,0.01,0.01,0.01,0.11,0.01,0.01,0.01,0.13
107,0.01,0.01,0.01,0.12,0.01,0.01,0.01,0.12
108,0.01,0.01,0.01,0.12,0.01,0.01,0.01,0.11
109,0.01,0.01,0.01,0.12,0.01,0.01,0.01,0.11
110,0.01,0.01,0.01,0.12,0.01,0.01,0.01,0.11
111,0.01,0.01,0.01,0.1,0.01,0.01,0.01,0.1
112,0.01,0.01,0.01,0.09,0.01,0.01,0.0,0.1
113,0.01,0.01,0.0,0.09,0.01,0.01,0.01,0.1
114,0.01,0.01,0.0,0.06,0.01,0.01,0.0,0.08
115,0.01,0.01,0.0,0.06,0.01,0.01,0.0,0.08
116,0.01,0.01,0.0,0.06,0.0,0.01,0.0,0.07
117,0.01,0.01,0.0,0.06,0.0,0.01,0.0,0.07
118,0.01,0.01,0.0,0.08,0.0,0.01,0.0,0.06
119,0.01,0.01,0.0,0.09,0.0,0.01,0.0,0.06
120,0.01,0.0,0.0,0.09,0.0,0.01,0.0,0.06
121,0.01,0.0,0.0,0.11,0.0,0.01,0.0,0.05
122,0.01,0.0,0.0,0.12,0.0,0.01,0.0,0.05
123,0.01,0.0,0.0,0.12,0.0,0.0,0.0,0.04
124,0.01,0.0,0.0,0.12,0.0,0.0,0.0,0.04
125,0.01,0.0,0.0,0.13,0.0,0.0,0.0,0.03
126,0.01,0.0,0.0,0.15,0.0,0.0,0.0,0.03
127,0.01,0.0,0.0,0.13,0.0,0.0,0.0,0.02
128,0.01,0.0,0.0,0.12,0.0,0.0,0.0,0.02
129,0.01,0.0,0.0,0.12,0.0,0.0,0.0,0.02
130,0.0,0.0,0.0,0.09,0.0,0.0,0.0,0.02
131,0.01,0.0,0.0,0.1,0.0,0.0,0.0,0.01
132,0.01,0.0,0.0,0.09,0.0,0.0,0.0,0.01
133,0.01,0.0,0.0,0.09,0.0,0.0,0.0,0.01
134,0.01,0.0,0.0,0.09,0.0,0.0,0.0,0.01
135,0.01,0.0,0.0,0.11,0.0,0.0,0.0,0.0
136,0.01,0.0,0.0,0.12,0.0,0.0,0.0,0.01
137,0.01,0.0,0.0,0.1,0.0,0.0,0.0,0.01
138,0.01,0.0,0.0,0.09,0.0,0.0,0.0,0.0
139,0.01,0.0,0.0,0.07,0.0,0.0,0.0,0.0
140,0.01,0.0,0.0,0.09,0.0,0.0,0.0,0.0
141,0.0,0.0,0.0,0.08,0.0,0.0,0.0,0.0
142,0.0,0.0,0.0,0.07,0.0,0.0,0.0,0.0
143,0.0,0.0,0.0,0.05,0.0,0.0,0.0,0.0
144,0.0,0.0,0.0,0.03,0.0,0.0,0.0,0.0
145,0.0,0.0,0.0,0.02,0.0,0.0,0.0,0.0
146,0.0,0.0,0.0,0.02,0.0,0.0,0.0,0.0
147,0.0,0.0,0.0,0.02,0.0,0.0,0.0,0.0
148,0.0,0.0,0.0,0.0,0.0,0.0,0.0,0.0
149,0.0,0.0,0.0,0.01,0.0,0.0,0.0,0.0
150,0.0,0.0,0.0,0.04,0.0,0.0,0.0,0.0
151,0.0,0.0,0.0,0.06,0.0,0.0,0.0,0.0
152,0.0,0.0,0.0,0.06,0.0,0.0,0.0,0.0
153,0.0,0.0,0.0,0.07,0.0,0.0,0.0,0.0
154,0.01,0.0,0.0,0.08,0.0,0.0,0.0,0.0
155,0.01,0.0,0.0,0.08,0.0,0.0,0.0,0.0
156,0.01,0.0,0.01,0.08,0.0,0.0,0.01,0.0
157,0.01,0.01,0.01,0.09,0.01,0.0,0.01,0.01
158,0.04,0.03,0.03,0.1,0.02,0.01,0.03,0.01
159,0.07,0.06,0.06,0.12,0.04,0.02,0.05,0.02
160,0.11,0.09,0.09,0.12,0.06,0.03,0.07,0.02
161,0.13,0.11,0.11,0.14,0.07,0.04,0.08,0.03
162,0.2,0.16,0.16,0.15,0.11,0.07,0.12,0.04
163,0.22,0.18,0.18,0.15,0.13,0.08,0.13,0.05
164,0.27,0.22,0.22,0.14,0.16,0.1,0.16,0.06
165,0.33,0.27,0.27,0.15,0.19,0.13,0.2,0.08
166,0.37,0.32,0.3,0.18,0.22,0.15,0.23,0.1
167,0.41,0.35,0.34,0.19,0.25,0.17,0.25,0.11
168,0.45,0.39,0.37,0.21,0.28,0.2,0.28,0.12
169,0.47,0.42,0.4,0.23,0.3,0.22,0.3,0.14
170,0.5,0.44,0.41,0.26,0.32,0.23,0.31,0.14
171,0.54,0.48,0.45,0.29,0.35,0.26,0.34,0.17
172,0.58,0.52,0.49,0.29,0.38,0.29,0.38,0.19
173,0.61,0.56,0.52,0.33,0.42,0.32,0.4,0.22
174,0.63,0.58,0.54,0.33,0.44,0.34,0.42,0.22
175,0.66,0.61,0.57,0.33,0.46,0.37,0.45,0.24
176,0.67,0.63,0.59,0.35,0.48,0.38,0.46,0.26
177,0.69,0.65,0.6,0.36,0.49,0.4,0.48,0.28
178,0.72,0.68,0.63,0.38,0.52,0.43,0.51,0.29
179,0.73,0.7,0.66,0.37,0.55,0.46,0.53,0.32
180,0.75,0.72,0.68,0.36,0.57,0.48,0.55,0.33
181,0.76,0.73,0.68,0.36,0.58,0.49,0.56,0.34
182,0.78,0.76,0.71,0.39,0.61,0.52,0.59,0.36
183,0.78,0.76,0.71,0.4,0.61,0.53,0.59,0.37
184,0.8,0.77,0.73,0.42,0.63,0.55,0.61,0.39
185,0.81,0.8,0.75,0.42,0.66,0.58,0.63,0.42
186,0.82,0.8,0.76,0.4,0.67,0.59,0.64,0.42
187,0.84,0.82,0.77,0.4,0.68,0.61,0.66,0.44
188,0.84,0.82,0.78,0.4,0.69,0.62,0.67,0.45
189,0.85,0.83,0.79,0.43,0.71,0.64,0.68,0.46
190,0.86,0.83,0.8,0.46,0.72,0.66,0.7,0.48
191,0.87,0.85,0.81,0.47,0.73,0.67,0.71,0.5
192,0.86,0.85,0.82,0.48,0.73,0.67,0.71,0.5
193,0.88,0.86,0.83,0.5,0.75,0.69,0.73,0.52
194,0.88,0.86,0.83,0.51,0.76,0.7,0.73,0.53
195,0.89,0.87,0.84,0.54,0.77,0.72,0.75,0.54
196,0.89,0.87,0.85,0.57,0.78,0.73,0.75,0.56
197,0.89,0.87,0.85,0.58,0.78,0.73,0.76,0.56
198,0.89,0.88,0.86,0.6,0.79,0.74,0.77,0.57
199,0.9,0.88,0.86,0.6,0.79,0.74,0.77,0.58
200,0.91,0.89,0.87,0.6,0.8,0.76,0.78,0.59
201,0.91,0.89,0.87,0.61,0.8,0.76,0.79,0.59
202,0.91,0.89,0.87,0.64,0.81,0.77,0.79,0.6
203,0.91,0.9,0.88,0.69,0.82,0.78,0.81,0.62
204,0.92,0.9,0.88,0.71,0.83,0.79,0.81,0.63
205,0.92,0.9,0.89,0.73,0.83,0.79,0.81,0.64
206,0.92,0.91,0.89,0.73,0.83,0.79,0.82,0.65
207,0.92,0.91,0.9,0.73,0.84,0.81,0.82,0.65
208,0.91,0.91,0.9,0.71,0.84,0.81,0.83,0.67
209,0.92,0.91,0.9,0.7,0.84,0.81,0.83,0.67
210,0.92,0.92,0.9,0.67,0.86,0.82,0.84,0.68
211,0.92,0.92,0.9,0.67,0.86,0.82,0.84,0.69
212,0.92,0.93,0.9,0.67,0.86,0.82,0.84,0.7
213,0.92,0.93,0.9,0.64,0.86,0.83,0.85,0.71
214,0.92,0.93,0.9,0.64,0.86,0.84,0.85,0.72
215,0.91,0.93,0.9,0.63,0.86,0.84,0.85,0.72
216,0.92,0.92,0.9,0.61,0.87,0.84,0.85,0.72
217,0.91,0.93,0.9,0.6,0.87,0.84,0.85,0.72
218,0.91,0.93,0.9,0.57,0.87,0.84,0.85,0.73
219,0.92,0.92,0.9,0.56,0.87,0.84,0.86,0.73
220,0.91,0.92,0.9,0.53,0.87,0.84,0.86,0.74
221,0.92,0.92,0.9,0.53,0.87,0.85,0.86,0.75
222,0.92,0.92,0.9,0.53,0.87,0.85,0.86,0.75
223,0.92,0.92,0.9,0.56,0.87,0.85,0.86,0.76
224,0.92,0.92,0.91,0.56,0.87,0.85,0.86,0.76
225,0.92,0.92,0.91,0.54,0.87,0.85,0.86,0.76
226,0.92,0.92,0.91,0.54,0.87,0.86,0.86,0.76
227,0.93,0.92,0.91,0.54,0.87,0.86,0.87,0.77
228,0.93,0.93,0.91,0.57,0.88,0.86,0.87,0.78
229,0.93,0.93,0.91,0.57,0.88,0.86,0.87,0.78
230,0.93,0.93,0.91,0.56,0.88,0.86,0.87,0.78
231,0.93,0.93,0.91,0.53,0.88,0.87,0.88,0.78
232,0.93,0.93,0.92,0.54,0.88,0.87,0.88,0.79
233,0.93,0.93,0.92,0.54,0.89,0.87,0.88,0.79
234,0.93,0.93,0.92,0.53,0.89,0.87,0.88,0.79
235,0.93,0.93,0.92,0.52,0.89,0.88,0.88,0.8
236,0.93,0.93,0.92,0.53,0.89,0.87,0.89,0.8
237,0.93,0.93,0.92,0.53,0.89,0.88,0.89,0.81
238,0.93,0.94,0.92,0.54,0.89,0.88,0.89,0.81
239,0.93,0.94,0.92,0.54,0.9,0.88,0.89,0.82
240,0.93,0.94,0.92,0.56,0.9,0.88,0.89,0.82
241,0.93,0.94,0.92,0.58,0.9,0.88,0.89,0.82
242,0.93,0.94,0.92,0.59,0.9,0.89,0.9,0.83
243,0.93,0.95,0.92,0.58,0.9,0.89,0.9,0.83
244,0.93,0.95,0.93,0.58,0.9,0.89,0.9,0.83
245,0.93,0.95,0.93,0.59,0.9,0.89,0.9,0.84
246,0.93,0.95,0.92,0.6,0.9,0.89,0.9,0.84
247,0.93,0.95,0.93,0.63,0.9,0.89,0.9,0.84
248,0.93,0.95,0.92,0.63,0.9,0.9,0.9,0.85
249,0.93,0.95,0.92,0.66,0.9,0.9,0.9,0.85
250,0.93,0.95,0.93,0.66,0.9,0.9,0.9,0.86
251,0.93,0.95,0.93,0.67,0.9,0.9,0.9,0.85
252,0.94,0.95,0.93,0.64,0.9,0.9,0.9,0.86
253,0.94,0.95,0.93,0.66,0.91,0.9,0.9,0.86
254,0.94,0.96,0.93,0.6,0.91,0.91,0.91,0.87
255,0.94,0.96,0.94,0.6,0.92,0.91,0.91,0.87
256,0.94,0.95,0.93,0.59,0.92,0.9,0.91,0.87
257,0.94,0.95,0.93,0.57,0.91,0.9,0.91,0.87
258,0.94,0.95,0.93,0.58,0.92,0.91,0.91,0.87
259,0.94,0.95,0.93,0.59,0.91,0.91,0.91,0.88
260,0.94,0.95,0.93,0.6,0.92,0.91,0.91,0.87
261,0.94,0.95,0.93,0.59,0.92,0.91,0.91,0.88
262,0.94,0.95,0.93,0.6,0.92,0.91,0.91,0.87
263,0.94,0.95,0.94,0.61,0.92,0.91,0.91,0.87
264,0.94,0.95,0.94,0.61,0.92,0.91,0.91,0.87
265,0.95,0.95,0.94,0.61,0.92,0.91,0.91,0.88
266,0.94,0.95,0.94,0.64,0.92,0.91,0.91,0.88
267,0.95,0.95,0.94,0.67,0.92,0.91,0.91,0.88
268,0.96,0.95,0.94,0.69,0.92,0.91,0.91,0.88
269,0.96,0.95,0.94,0.72,0.92,0.91,0.91,0.88
270,0.95,0.95,0.94,0.73,0.92,0.91,0.92,0.88
271,0.96,0.95,0.95,0.74,0.93,0.91,0.92,0.89
272,0.96,0.95,0.95,0.74,0.93,0.91,0.92,0.89
273,0.96,0.96,0.95,0.74,0.93,0.91,0.92,0.89
274,0.96,0.96,0.95,0.76,0.93,0.91,0.92,0.89
275,0.96,0.96,0.95,0.78,0.93,0.91,0.92,0.89
276,0.96,0.95,0.95,0.78,0.93,0.92,0.92,0.89
277,0.96,0.96,0.95,0.81,0.93,0.92,0.92,0.89
278,0.96,0.96,0.95,0.8,0.93,0.91,0.92,0.89
279,0.96,0.96,0.95,0.79,0.94,0.92,0.93,0.9
280,0.96,0.96,0.95,0.79,0.93,0.92,0.93,0.9
281,0.96,0.96,0.95,0.8,0.94,0.93,0.93,0.9
282,0.96,0.96,0.95,0.78,0.94,0.92,0.93,0.9
283,0.96,0.96,0.95,0.78,0.94,0.92,0.93,0.9
284,0.96,0.97,0.95,0.72,0.94,0.92,0.94,0.91
285,0.96,0.96,0.95,0.69,0.94,0.93,0.93,0.91
286,0.96,0.96,0.95,0.64,0.94,0.92,0.93,0.91
287,0.96,0.96,0.95,0.57,0.94,0.93,0.93,0.91
288,0.96,0.96,0.95,0.53,0.94,0.93,0.93,0.91
289,0.96,0.96,0.95,0.53,0.93,0.93,0.93,0.91
290,0.96,0.96,0.95,0.52,0.93,0.93,0.93,0.91
291,0.96,0.96,0.95,0.53,0.94,0.93,0.93,0.91
292,0.96,0.96,0.95,0.51,0.93,0.93,0.93,0.91
293,0.96,0.96,0.95,0.53,0.94,0.93,0.93,0.91
294,0.96,0.96,0.95,0.53,0.94,0.92,0.93,0.92
295,0.96,0.96,0.95,0.53,0.94,0.93,0.93,0.91
296,0.96,0.96,0.95,0.54,0.94,0.92,0.93,0.91
297,0.96,0.96,0.95,0.57,0.93,0.93,0.93,0.91
298,0.96,0.96,0.96,0.59,0.94,0.93,0.94,0.91
299,0.96,0.96,0.96,0.6,0.94,0.93,0.94,0.91
300,0.96,0.96,0.96,0.63,0.94,0.93,0.94,0.91
301,0.96,0.96,0.96,0.66,0.94,0.93,0.94,0.91
302,0.96,0.96,0.95,0.69,0.94,0.93,0.94,0.91
303,0.96,0.96,0.96,0.71,0.94,0.93,0.94,0.92
304,0.96,0.96,0.95,0.67,0.94,0.93,0.94,0.92
305,0.96,0.96,0.96,0.64,0.94,0.93,0.94,0.91
306,0.96,0.96,0.95,0.64,0.94,0.93,0.94,0.92
307,0.96,0.96,0.95,0.6,0.94,0.93,0.94,0.91
308,0.96,0.96,0.96,0.59,0.94,0.93,0.94,0.91
309,0.96,0.96,0.96,0.58,0.94,0.94,0.94,0.92
310,0.96,0.96,0.96,0.58,0.94,0.93,0.94,0.92
311,0.96,0.96,0.96,0.59,0.94,0.93,0.94,0.92
312,0.96,0.96,0.96,0.59,0.94,0.93,0.94,0.91
313,0.97,0.96,0.96,0.6,0.94,0.93,0.94,0.92
314,0.96,0.96,0.96,0.6,0.94,0.93,0.94,0.92
315,0.96,0.96,0.96,0.61,0.94,0.94,0.94,0.91
316,0.96,0.96,0.96,0.61,0.94,0.93,0.94,0.92
317,0.97,0.96,0.96,0.64,0.94,0.93,0.94,0.92
318,0.96,0.96,0.96,0.63,0.94,0.93,0.94,0.92
319,0.96,0.96,0.96,0.64,0.94,0.93,0.94,0.92
320,0.97,0.96,0.96,0.67,0.94,0.93,0.94,0.92
321,0.97,0.96,0.96,0.67,0.94,0.94,0.94,0.92
322,0.97,0.96,0.96,0.66,0.94,0.94,0.94,0.92
323,0.97,0.96,0.96,0.64,0.95,0.94,0.95,0.92
324,0.97,0.96,0.96,0.64,0.95,0.94,0.95,0.92
325,0.97,0.96,0.96,0.63,0.94,0.94,0.95,0.92
326,0.97,0.96,0.96,0.6,0.95,0.94,0.95,0.92
327,0.96,0.96,0.96,0.58,0.95,0.94,0.95,0.92
328,0.96,0.96,0.96,0.57,0.95,0.94,0.95,0.92
329,0.96,0.96,0.96,0.57,0.95,0.94,0.95,0.93
330,0.96,0.96,0.96,0.57,0.95,0.94,0.95,0.93
331,0.96,0.96,0.96,0.57,0.95,0.94,0.95,0.93
332,0.96,0.96,0.96,0.57,0.95,0.94,0.95,0.93
333,0.96,0.96,0.96,0.59,0.95,0.94,0.95,0.92
334,0.95,0.96,0.96,0.6,0.94,0.94,0.95,0.92
335,0.95,0.96,0.96,0.61,0.95,0.94,0.95,0.93
336,0.96,0.96,0.96,0.61,0.95,0.94,0.95,0.93
337,0.96,0.96,0.96,0.62,0.95,0.94,0.95,0.93
338,0.96,0.96,0.96,0.63,0.96,0.94,0.95,0.93
339,0.96,0.96,0.96,0.64,0.95,0.94,0.95,0.93
340,0.95,0.96,0.96,0.68,0.95,0.94,0.95,0.93
341,0.96,0.96,0.96,0.7,0.95,0.94,0.95,0.93
342,0.96,0.96,0.96,0.71,0.95,0.94,0.95,0.93
343,0.96,0.96,0.96,0.72,0.95,0.94,0.95,0.93
344,0.96,0.96,0.96,0.71,0.95,0.94,0.95,0.93
345,0.96,0.96,0.96,0.71,0.95,0.94,0.95,0.93
346,0.97,0.96,0.96,0.7,0.95,0.94,0.95,0.93
347,0.96,0.96,0.96,0.69,0.95,0.94,0.95,0.93
348,0.97,0.96,0.97,0.69,0.95,0.94,0.95,0.93
349,0.97,0.96,0.97,0.7,0.95,0.94,0.95,0.93
350,0.97,0.97,0.97,0.73,0.95,0.94,0.95,0.93
351,0.97,0.96,0.97,0.71,0.96,0.94,0.95,0.93
352,0.97,0.97,0.97,0.71,0.96,0.94,0.96,0.93
353,0.96,0.96,0.96,0.72,0.96,0.94,0.95,0.93
354,0.96,0.96,0.96,0.73,0.96,0.94,0.95,0.93
355,0.96,0.96,0.96,0.73,0.96,0.94,0.95,0.94
356,0.96,0.96,0.96,0.71,0.95,0.94,0.95,0.94
357,0.96,0.96,0.96,0.7,0.94,0.94,0.95,0.93
358,0.96,0.96,0.96,0.7,0.95,0.94,0.95,0.93
359,0.97,0.96,0.96,0.7,0.95,0.94,0.95,0.93
360,0.96,0.96,0.96,0.7,0.96,0.94,0.95,0.93
361,0.96,0.96,0.96,0.7,0.96,0.94,0.95,0.93
362,0.96,0.96,0.96,0.7,0.96,0.94,0.95,0.93
363,0.96,0.96,0.96,0.68,0.95,0.94,0.95,0.93
364,0.96,0.96,0.96,0.67,0.96,0.94,0.95,0.93
365,0.96,0.96,0.96,0.68,0.95,0.94,0.95,0.93
366,0.96,0.96,0.96,0.67,0.96,0.94,0.95,0.93
367,0.96,0.96,0.96,0.63,0.96,0.94,0.95,0.94
368,0.96,0.96,0.96,0.61,0.96,0.94,0.95,0.93
369,0.96,0.96,0.96,0.57,0.96,0.95,0.96,0.93
370,0.96,0.96,0.96,0.57,0.96,0.94,0.96,0.93
371,0.96,0.96,0.96,0.57,0.96,0.94,0.96,0.94
372,0.96,0.96,0.96,0.57,0.96,0.95,0.95,0.93
373,0.96,0.96,0.96,0.59,0.96,0.95,0.95,0.93
374,0.96,0.96,0.96,0.57,0.96,0.95,0.95,0.93
375,0.96,0.96,0.96,0.57,0.96,0.94,0.95,0.93
376,0.96,0.96,0.96,0.56,0.95,0.95,0.95,0.93
377,0.96,0.96,0.96,0.56,0.95,0.95,0.95,0.93
378,0.96,0.95,0.96,0.57,0.95,0.95,0.95,0.93
379,0.96,0.95,0.96,0.57,0.95,0.94,0.95,0.93
380,0.96,0.96,0.96,0.59,0.95,0.94,0.95,0.92
381,0.96,0.95,0.96,0.61,0.95,0.94,0.95,0.93
382,0.96,0.95,0.96,0.64,0.95,0.94,0.95,0.93
383,0.96,0.95,0.96,0.68,0.95,0.94,0.95,0.93
384,0.96,0.95,0.96,0.69,0.96,0.94,0.95,0.93
385,0.96,0.96,0.96,0.69,0.96,0.95,0.96,0.94
386,0.96,0.96,0.96,0.68,0.96,0.95,0.96,0.93
387,0.96,0.96,0.96,0.66,0.96,0.95,0.96,0.93
388,0.96,0.96,0.96,0.64,0.96,0.95,0.96,0.93
389,0.95,0.96,0.96,0.62,0.96,0.95,0.96,0.93
390,0.96,0.96,0.96,0.61,0.96,0.95,0.96,0.94
391,0.95,0.96,0.96,0.61,0.96,0.95,0.96,0.94
392,0.95,0.96,0.96,0.6,0.96,0.95,0.96,0.94
393,0.96,0.96,0.96,0.61,0.95,0.95,0.96,0.94
394,0.96,0.96,0.96,0.6,0.96,0.95,0.96,0.94
395,0.95,0.96,0.96,0.6,0.95,0.95,0.96,0.94
396,0.96,0.96,0.96,0.6,0.96,0.95,0.96,0.93
397,0.95,0.96,0.96,0.6,0.96,0.95,0.96,0.94
398,0.96,0.96,0.96,0.6,0.96,0.95,0.95,0.94
399,0.96,0.96,0.96,0.6,0.96,0.95,0.96,0.94
400,0.96,0.96,0.96,0.61,0.96,0.95,0.96,0.94
401,0.96,0.96,0.96,0.62,0.96,0.95,0.96,0.94
402,0.96,0.96,0.96,0.64,0.96,0.96,0.96,0.94
403,0.96,0.96,0.96,0.63,0.96,0.95,0.97,0.94
404,0.96,0.96,0.96,0.64,0.96,0.95,0.96,0.94
405,0.96,0.96,0.97,0.63,0.96,0.96,0.96,0.94
406,0.96,0.96,0.97,0.61,0.96,0.96,0.96,0.94
407,0.97,0.96,0.97,0.6,0.96,0.95,0.96,0.94
408,0.97,0.96,0.97,0.59,0.96,0.95,0.97,0.94
409,0.97,0.96,0.97,0.57,0.96,0.95,0.97,0.94
410,0.96,0.96,0.97,0.58,0.96,0.96,0.97,0.94
411,0.96,0.96,0.97,0.57,0.97,0.96,0.97,0.94
412,0.96,0.96,0.97,0.57,0.96,0.96,0.97,0.94
413,0.96,0.97,0.97,0.58,0.96,0.96,0.97,0.94
414,0.96,0.97,0.97,0.59,0.96,0.96,0.97,0.94
415,0.96,0.97,0.96,0.62,0.96,0.96,0.97,0.95
416,0.96,0.97,0.97,0.63,0.96,0.96,0.97,0.95
417,0.96,0.97,0.96,0.66,0.96,0.96,0.97,0.95
418,0.96,0.97,0.97,0.66,0.97,0.96,0.97,0.95
419,0.96,0.97,0.96,0.66,0.96,0.97,0.97,0.95
420,0.95,0.97,0.96,0.64,0.96,0.96,0.97,0.95
421,0.95,0.97,0.96,0.67,0.96,0.96,0.97,0.95
422,0.96,0.97,0.96,0.71,0.96,0.96,0.97,0.96
423,0.96,0.97,0.96,0.72,0.96,0.96,0.97,0.95
424,0.95,0.97,0.96,0.73,0.96,0.96,0.97,0.95
425,0.96,0.97,0.96,0.7,0.96,0.97,0.97,0.96
426,0.96,0.97,0.96,0.67,0.96,0.96,0.97,0.95
427,0.96,0.97,0.96,0.64,0.96,0.96,0.97,0.95
428,0.95,0.97,0.96,0.64,0.96,0.96,0.97,0.95
429,0.96,0.97,0.96,0.64,0.96,0.96,0.96,0.95
430,0.96,0.96,0.96,0.64,0.96,0.96,0.96,0.95
431,0.96,0.96,0.96,0.63,0.96,0.96,0.96,0.95
432,0.96,0.96,0.96,0.63,0.96,0.96,0.96,0.95
433,0.96,0.96,0.96,0.64,0.96,0.96,0.96,0.95
434,0.96,0.96,0.96,0.68,0.96,0.96,0.96,0.95
435,0.96,0.96,0.96,0.69,0.96,0.96,0.96,0.95
436,0.96,0.96,0.96,0.71,0.96,0.96,0.96,0.95
437,0.96,0.96,0.96,0.73,0.96,0.96,0.96,0.95
438,0.96,0.96,0.96,0.74,0.96,0.96,0.96,0.95
439,0.96,0.96,0.96,0.84,0.96,0.96,0.96,0.95
440,0.96,0.96,0.96,0.86,0.96,0.96,0.96,0.95
441,0.96,0.96,0.96,0.98,0.96,0.96,0.96,0.94
442,0.96,0.96,0.96,1.0,0.96,0.96,0.96,0.94
443,0.96,0.96,0.96,1.0,0.96,0.96,0.96,0.94
444,0.96,0.96,0.96,0.94,0.96,0.96,0.96,0.94
445,0.96,0.96,0.96,0.86,0.96,0.95,0.96,0.94
446,0.96,0.96,0.96,0.81,0.96,0.96,0.96,0.94
447,0.96,0.96,0.96,0.78,0.96,0.96,0.97,0.94
448,0.96,0.96,0.96,0.72,0.96,0.96,0.97,0.94
449,0.96,0.96,0.97,0.7,0.96,0.97,0.97,0.95
450,0.96,0.97,0.96,0.7,0.96,0.96,0.97,0.95
451,0.96,0.97,0.97,0.64,0.97,0.97,0.97,0.94
452,0.96,0.97,0.96,0.61,0.96,0.96,0.97,0.95
453,0.96,0.97,0.96,0.6,0.96,0.96,0.97,0.95
454,0.95,0.97,0.96,0.6,0.96,0.96,0.97,0.95
455,0.96,0.97,0.96,0.59,0.96,0.97,0.97,0.95
456,0.96,0.97,0.96,0.6,0.96,0.97,0.97,0.95
457,0.96,0.97,0.96,0.61,0.96,0.97,0.97,0.96
458,0.96,0.97,0.96,0.61,0.96,0.97,0.97,0.96
459,0.95,0.97,0.96,0.6,0.96,0.97,0.97,0.96
460,0.96,0.97,0.96,0.61,0.96,0.97,0.97,0.95
461,0.96,0.97,0.96,0.62,0.96,0.97,0.97,0.95
462,0.96,0.97,0.97,0.62,0.96,0.97,0.97,0.96
463,0.97,0.97,0.97,0.62,0.96,0.97,0.97,0.96
464,0.96,0.97,0.97,0.63,0.96,0.97,0.97,0.96
465,0.96,0.97,0.97,0.63,0.96,0.97,0.97,0.96
466,0.96,0.97,0.97,0.62,0.96,0.97,0.97,0.96
467,0.96,0.97,0.97,0.63,0.97,0.97,0.97,0.96
468,0.96,0.97,0.97,0.62,0.97,0.97,0.97,0.96
469,0.97,0.98,0.97,0.63,0.97,0.97,0.97,0.96
470,0.97,0.98,0.97,0.64,0.97,0.97,0.98,0.96
471,0.97,0.98,0.97,0.64,0.97,0.97,0.97,0.96
472,0.97,0.98,0.97,0.64,0.97,0.97,0.98,0.97
473,0.97,0.98,0.97,0.64,0.97,0.98,0.98,0.97
474,0.97,0.98,0.97,0.66,0.97,0.98,0.97,0.97
475,0.96,0.98,0.97,0.66,0.97,0.97,0.98,0.97
476,0.96,0.98,0.97,0.64,0.97,0.97,0.98,0.98
477,0.96,0.98,0.97,0.64,0.97,0.98,0.97,0.97
478,0.96,0.98,0.97,0.64,0.96,0.97,0.97,0.97
479,0.96,0.98,0.96,0.64,0.97,0.97,0.97,0.97
480,0.96,0.97,0.96,0.63,0.96,0.97,0.97,0.96
481,0.95,0.97,0.96,0.63,0.96,0.97,0.97,0.96
482,0.96,0.97,0.96,0.66,0.96,0.97,0.97,0.96
483,0.96,0.97,0.96,0.64,0.96,0.97,0.97,0.96
484,0.96,0.97,0.96,0.64,0.97,0.97,0.97,0.96
485,0.96,0.97,0.96,0.66,0.96,0.97,0.97,0.96
486,0.96,0.97,0.96,0.66,0.96,0.97,0.97,0.96
487,0.97,0.97,0.97,0.68,0.96,0.98,0.97,0.96
488,0.96,0.97,0.97,0.69,0.97,0.97,0.97,0.96
489,0.97,0.97,0.97,0.7,0.96,0.97,0.97,0.96
490,0.96,0.97,0.96,0.69,0.96,0.97,0.97,0.96
491,0.96,0.96,0.96,0.68,0.96,0.97,0.97,0.96
492,0.97,0.97,0.97,0.68,0.96,0.97,0.97,0.96
493,0.97,0.97,0.97,0.68,0.97,0.97,0.97,0.96
494,0.96,0.97,0.97,0.67,0.97,0.97,0.97,0.97
495,0.96,0.97,0.97,0.68,0.96,0.97,0.97,0.96
496,0.97,0.97,0.97,0.67,0.97,0.97,0.97,0.96
497,0.97,0.97,0.97,0.67,0.97,0.97,0.97,0.96
498,0.97,0.97,0.97,0.69,0.97,0.97,0.97,0.96
499,0.98,0.97,0.98,0.69,0.97,0.97,0.97,0.96
500,0.98,0.97,0.98,0.7,0.97,0.98,0.97,0.96
501,0.98,0.97,0.98,0.69,0.97,0.97,0.98,0.96
502,0.99,0.97,0.98,0.69,0.97,0.97,0.98,0.96
503,0.98,0.97,0.98,0.7,0.97,0.97,0.98,0.96
504,0.98,0.97,0.98,0.7,0.97,0.97,0.98,0.96
505,0.99,0.97,0.98,0.7,0.97,0.97,0.98,0.96
506,0.99,0.97,0.98,0.68,0.97,0.97,0.98,0.96
507,0.99,0.97,0.98,0.64,0.97,0.97,0.98,0.96
508,0.99,0.97,0.98,0.61,0.97,0.97,0.98,0.96
509,0.99,0.97,0.98,0.6,0.97,0.97,0.98,0.96
510,0.99,0.97,0.98,0.6,0.97,0.97,0.98,0.96
511,0.99,0.97,0.98,0.6,0.97,0.97,0.98,0.96
512,0.99,0.96,0.98,0.6,0.97,0.97,0.98,0.96
513,0.98,0.96,0.98,0.59,0.97,0.97,0.98,0.96
514,0.98,0.96,0.98,0.58,0.97,0.97,0.98,0.96
515,0.98,0.96,0.98,0.57,0.97,0.97,0.98,0.96
516,0.98,0.96,0.98,0.58,0.97,0.97,0.98,0.96
517,0.98,0.96,0.97,0.6,0.97,0.96,0.98,0.95
518,0.97,0.96,0.97,0.59,0.97,0.97,0.98,0.95
519,0.97,0.96,0.97,0.59,0.97,0.97,0.97,0.95
520,0.97,0.96,0.97,0.61,0.97,0.96,0.97,0.95
521,0.97,0.96,0.97,0.62,0.97,0.97,0.97,0.95
522,0.97,0.96,0.97,0.62,0.97,0.96,0.97,0.95
523,0.97,0.96,0.97,0.61,0.97,0.96,0.97,0.95
524,0.97,0.96,0.97,0.62,0.97,0.97,0.98,0.95
525,0.96,0.96,0.97,0.61,0.97,0.96,0.97,0.95
526,0.97,0.96,0.97,0.6,0.97,0.97,0.97,0.95
527,0.96,0.96,0.97,0.6,0.97,0.97,0.97,0.95
528,0.97,0.96,0.97,0.6,0.97,0.96,0.98,0.95
529,0.97,0.96,0.97,0.6,0.97,0.97,0.98,0.95
530,0.97,0.96,0.97,0.59,0.97,0.96,0.97,0.95
531,0.97,0.96,0.97,0.6,0.97,0.96,0.97,0.95
532,0.96,0.95,0.97,0.6,0.97,0.96,0.97,0.95
533,0.96,0.96,0.97,0.6,0.97,0.96,0.97,0.95
534,0.96,0.96,0.97,0.6,0.97,0.96,0.97,0.95
535,0.96,0.96,0.97,0.6,0.97,0.97,0.97,0.95
536,0.96,0.96,0.97,0.63,0.97,0.97,0.97,0.95
537,0.96,0.96,0.97,0.63,0.97,0.97,0.97,0.95
538,0.96,0.96,0.97,0.64,0.97,0.96,0.97,0.96
539,0.96,0.96,0.97,0.64,0.97,0.97,0.98,0.96
540,0.96,0.96,0.97,0.68,0.97,0.97,0.98,0.95
541,0.96,0.96,0.97,0.71,0.97,0.97,0.97,0.95
542,0.96,0.96,0.97,0.71,0.97,0.97,0.97,0.95
543,0.96,0.96,0.97,0.7,0.97,0.97,0.98,0.95
544,0.96,0.96,0.97,0.71,0.97,0.97,0.98,0.95
545,0.96,0.96,0.97,0.74,0.97,0.96,0.97,0.95
546,0.96,0.96,0.97,0.74,0.97,0.97,0.97,0.95
547,0.96,0.96,0.97,0.78,0.97,0.97,0.97,0.95
548,0.96,0.96,0.97,0.78,0.97,0.96,0.97,0.95
549,0.97,0.95,0.97,0.81,0.97,0.96,0.97,0.95
550,0.97,0.95,0.97,0.84,0.97,0.97,0.97,0.95
551,0.96,0.95,0.97,0.85,0.97,0.96,0.97,0.95
552,0.97,0.95,0.97,0.85,0.97,0.96,0.97,0.95
553,0.97,0.95,0.97,0.82,0.97,0.96,0.97,0.95
554,0.97,0.95,0.97,0.77,0.97,0.96,0.97,0.95
555,0.96,0.95,0.97,0.73,0.97,0.96,0.97,0.95
556,0.97,0.95,0.97,0.7,0.97,0.96,0.97,0.95
557,0.97,0.95,0.97,0.67,0.97,0.96,0.97,0.95
558,0.97,0.95,0.97,0.63,0.97,0.96,0.98,0.95
559,0.97,0.95,0.98,0.62,0.97,0.96,0.98,0.95
560,0.97,0.95,0.98,0.59,0.97,0.96,0.98,0.95
561,0.97,0.95,0.98,0.58,0.97,0.97,0.98,0.95
562,0.97,0.95,0.98,0.57,0.97,0.96,0.98,0.95
563,0.97,0.95,0.97,0.53,0.97,0.97,0.98,0.96
564,0.97,0.95,0.98,0.53,0.97,0.97,0.98,0.96
565,0.97,0.95,0.97,0.53,0.97,0.96,0.98,0.96
566,0.96,0.95,0.97,0.52,0.97,0.96,0.98,0.96
567,0.96,0.95,0.97,0.52,0.97,0.96,0.98,0.96
568,0.96,0.95,0.97,0.54,0.97,0.96,0.98,0.95
569,0.96,0.95,0.97,0.57,0.97,0.96,0.98,0.96
570,0.96,0.95,0.97,0.57,0.97,0.96,0.98,0.96
571,0.96,0.95,0.97,0.58,0.97,0.97,0.97,0.95
572,0.96,0.95,0.97,0.57,0.97,0.96,0.97,0.95
573,0.95,0.95,0.96,0.57,0.97,0.96,0.97,0.95
574,0.96,0.95,0.96,0.57,0.96,0.96,0.97,0.95
575,0.96,0.95,0.96,0.54,0.97,0.96,0.97,0.95
576,0.95,0.95,0.96,0.56,0.96,0.97,0.97,0.95
577,0.95,0.95,0.96,0.53,0.97,0.96,0.97,0.95
578,0.95,0.94,0.96,0.53,0.96,0.96,0.97,0.95
579,0.95,0.94,0.96,0.53,0.96,0.96,0.97,0.95
580,0.95,0.94,0.96,0.53,0.96,0.96,0.97,0.95
581,0.95,0.94,0.96,0.53,0.96,0.96,0.97,0.95
582,0.95,0.94,0.96,0.53,0.96,0.96,0.97,0.95
583,0.94,0.93,0.96,0.54,0.96,0.96,0.97,0.95
584,0.95,0.93,0.96,0.56,0.96,0.96,0.97,0.95
585,0.95,0.93,0.96,0.58,0.96,0.95,0.97,0.95
586,0.95,0.93,0.96,0.58,0.96,0.96,0.97,0.95
587,0.95,0.93,0.96,0.6,0.96,0.96,0.97,0.95
588,0.95,0.94,0.96,0.6,0.96,0.96,0.97,0.95
589,0.95,0.94,0.96,0.61,0.96,0.96,0.97,0.95
590,0.95,0.94,0.96,0.63,0.96,0.96,0.97,0.95
591,0.95,0.94,0.96,0.64,0.96,0.96,0.97,0.95
592,0.95,0.93,0.96,0.66,0.96,0.96,0.97,0.95
593,0.95,0.94,0.96,0.64,0.96,0.96,0.97,0.95
594,0.95,0.94,0.96,0.64,0.97,0.96,0.97,0.95
595,0.95,0.93,0.96,0.6,0.96,0.96,0.97,0.95
596,0.95,0.94,0.96,0.58,0.96,0.96,0.97,0.96
597,0.96,0.94,0.96,0.57,0.96,0.96,0.97,0.96
598,0.95,0.94,0.96,0.6,0.97,0.96,0.97,0.96
