0,0.96,0.94,0.96,0.99,0.97,0.97,0.99,0.99
1,0.96,0.93,0.96,0.99,0.97,0.97,0.99,0.99
2,0.96,0.94,0.96,0.99,0.97,0.97,0.99,0.99
3,0.96,0.94,0.96,0.99,0.97,0.97,0.99,0.99
4,0.96,0.94,0.96,0.99,0.97,0.98,0.99,0.99
5,0.96,0.94,0.96,0.99,0.97,0.97,0.99,0.99
6,0.96,0.94,0.96,0.99,0.97,0.97,0.99,0.99
7,0.96,0.94,0.96,0.99,0.97,0.97,0.99,0.99
8,0.96,0.93,0.96,0.99,0.97,0.97,0.99,0.99
9,0.96,0.94,0.96,0.99,0.97,0.97,0.99,0.99
10,0.96,0.94,0.96,0.99,0.97,0.97,0.99,0.99
11,0.96,0.94,0.96,0.99,0.97,0.97,0.99,0.99
12,0.96,0.94,0.96,0.99,0.97,0.97,0.99,0.99
13,0.97,0.95,0.96,0.99,0.97,0.98,0.99,0.99
14,0.97,0.95,0.97,0.99,0.97,0.98,0.99,1.0
15,0.97,0.95,0.97,0.99,0.98,0.98,0.99,1.0
16,0.96,0.95,0.97,0.99,0.98,0.97,0.99,0.99
17,0.97,0.95,0.97,0.99,0.98,0.97,1.0,1.0
18,0.97,0.96,0.97,0.99,0.98,0.97,0.99,0.99
19,0.96,0.95,0.97,0.99,0.97,0.97,0.99,0.99
20,0.97,0.95,0.96,0.99,0.98,0.98,0.99,0.99
21,0.97,0.94,0.97,0.99,0.98,0.98,0.99,0.99
22,0.96,0.95,0.97,0.99,0.98,0.98,0.99,1.0
23,0.96,0.95,0.97,0.99,0.98,0.98,0.99,0.99
24,0.97,0.95,0.97,0.99,0.98,0.98,0.99,0.99
25,0.97,0.96,0.97,0.99,0.98,0.98,0.99,1.0
26,0.97,0.96,0.97,0.99,0.98,0.98,1.0,1.0
27,0.97,0.95,0.97,0.99,0.98,0.98,1.0,1.0
28,0.97,0.95,0.98,0.99,0.98,0.98,0.99,1.0
29,0.97,0.94,0.97,0.99,0.98,0.98,1.0,1.0
30,0.97,0.95,0.97,0.99,0.98,0.98,1.0,1.0
31,0.97,0.94,0.97,0.99,0.98,0.97,0.99,1.0
32,0.97,0.94,0.97,0.99,0.98,0.97,0.99,0.99
33,0.96,0.94,0.97,0.99,0.98,0.97,1.0,1.0
34,0.96,0.94,0.96,0.99,0.97,0.97,0.99,1.0
35,0.96,0.94,0.96,0.99,0.97,0.98,1.0,1.0
36,0.96,0.95,0.96,0.99,0.98,0.98,0.99,1.0
37,0.96,0.94,0.96,0.99,0.98,0.98,0.99,1.0
38,0.96,0.94,0.96,1.0,0.98,0.98,0.99,1.0
39,0.96,0.94,0.96,0.99,0.98,0.97,0.99,1.0
40,0.96,0.94,0.96,0.99,0.97,0.97,0.99,1.0
41,0.96,0.94,0.96,1.0,0.97,0.98,0.99,0.99
42,0.96,0.94,0.96,0.99,0.97,0.97,0.99,1.0
43,0.95,0.95,0.96,0.99,0.97,0.98,0.99,0.99
44,0.95,0.94,0.96,0.99,0.97,0.97,0.99,0.99
45,0.96,0.94,0.96,0.99,0.97,0.97,0.99,0.99
46,0.96,0.95,0.96,0.99,0.97,0.97,0.99,1.0
47,0.96,0.94,0.96,0.99,0.97,0.98,0.99,1.0
48,0.96,0.94,0.96,0.99,0.97,0.97,0.99,1.0
49,0.96,0.94,0.96,0.99,0.97,0.98,0.99,1.0
50,0.96,0.94,0.96,0.99,0.97,0.97,0.99,1.0
51,0.96,0.94,0.96,0.99,0.97,0.98,0.99,1.0
52,0.97,0.95,0.97,0.99,0.98,0.97,0.99,1.0
53,0.99,0.95,0.99,0.99,0.99,0.98,0.99,1.0
54,1.0,0.95,1.0,0.99,1.0,0.98,0.99,1.0
55,1.0,0.96,0.99,1.0,1.0,0.99,0.97,0.99
56,0.96,0.93,0.93,0.99,0.96,0.97,0.87,0.99
57,0.9,0.9,0.82,0.97,0.91,0.93,0.71,0.98
58,0.58,0.69,0.45,0.91,0.56,0.76,0.34,0.91
59,0.54,0.67,0.42,0.9,0.51,0.73,0.32,0.9
60,0.38,0.55,0.29,0.83,0.33,0.59,0.22,0.84
61,0.3,0.47,0.24,0.77,0.27,0.51,0.18,0.79
62,0.23,0.39,0.19,0.68,0.21,0.4,0.14,0.72
63,0.19,0.33,0.16,0.62,0.18,0.35,0.12,0.67
64,0.17,0.31,0.15,0.59,0.16,0.32,0.11,0.64
65,0.14,0.26,0.12,0.5,0.14,0.26,0.09,0.57
66,0.12,0.23,0.11,0.46,0.12,0.23,0.08,0.53
67,0.11,0.22,0.1,0.42,0.12,0.22,0.07,0.51
68,0.1,0.19,0.09,0.36,0.1,0.19,0.06,0.46
69,0.09,0.18,0.08,0.34,0.09,0.17,0.06,0.44
70,0.08,0.15,0.07,0.29,0.08,0.15,0.05,0.4
71,0.08,0.15,0.07,0.29,0.08,0.15,0.05,0.39
72,0.07,0.13,0.06,0.25,0.07,0.13,0.04,0.35
73,0.06,0.11,0.06,0.24,0.06,0.12,0.04,0.34
74,0.05,0.11,0.05,0.21,0.06,0.11,0.03,0.3
75,0.05,0.1,0.05,0.19,0.05,0.11,0.03,0.29
76,0.04,0.09,0.04,0.18,0.05,0.09,0.03,0.27
77,0.04,0.08,0.04,0.16,0.04,0.09,0.03,0.25
78,0.04,0.08,0.03,0.15,0.04,0.09,0.02,0.23
79,0.03,0.08,0.03,0.14,0.04,0.08,0.02,0.22
80,0.03,0.08,0.03,0.11,0.03,0.08,0.02,0.21
81,0.03,0.07,0.03,0.1,0.03,0.07,0.02,0.19
82,0.03,0.07,0.03,0.1,0.03,0.07,0.02,0.18
83,0.03,0.06,0.02,0.09,0.03,0.07,0.02,0.17
84,0.02,0.06,0.02,0.07,0.03,0.05,0.02,0.16
85,0.02,0.06,0.02,0.07,0.02,0.05,0.02,0.15
86,0.02,0.06,0.02,0.07,0.03,0.05,0.01,0.14
87,0.02,0.06,0.02,0.06,0.02,0.05,0.01,0.13
88,0.02,0.06,0.02,0.05,0.02,0.05,0.01,0.12
89,0.01,0.05,0.01,0.05,0.02,0.05,0.01,0.12
90,0.02,0.06,0.01,0.05,0.02,0.05,0.01,0.11
91,0.01,0.05,0.01,0.05,0.02,0.05,0.01,0.1
92,0.01,0.05,0.01,0.04,0.01,0.04,0.01,0.1
93,0.01,0.05,0.01,0.04,0.01,0.05,0.01,0.09
94,0.01,0.06,0.01,0.04,0.01,0.05,0.01,0.09
95,0.01,0.06,0.01,0.03,0.01,0.05,0.01,0.08
96,0.01,0.06,0.01,0.04,0.01,0.05,0.01,0.08
97,0.01,0.06,0.01,0.03,0.01,0.04,0.01,0.08
98,0.01,0.06,0.01,0.03,0.01,0.04,0.01,0.07
99,0.0,0.06,0.01,0.03,0.01,0.04,0.01,0.07
100,0.01,0.05,0.01,0.03,0.01,0.04,0.0,0.07
101,0.01,0.05,0.01,0.03,0.01,0.04,0.0,0.06
102,0.01,0.04,0.01,0.02,0.01,0.03,0.0,0.06
103,0.01,0.03,0.01,0.02,0.01,0.03,0.0,0.06
104,0.01,0.03,0.01,0.02,0.01,0.02,0.0,0.05
105,0.01,0.03,0.01,0.02,0.01,0.02,0.01,0.05
106,0.01,0.03,0.01,0.02,0.01,0.01,0.0,0.05
107,0.01,0.03,0.01,0.01,0.01,0.02,0.01,0.04
108,0.01,0.03,0.01,0.01,0.01,0.02,0.0,0.04
109,0.01,0.03,0.01,0.01,0.01,0.01,0.0,0.04
110,0.01,0.03,0.01,0.02,0.01,0.03,0.0,0.04
111,0.01,0.03,0.01,0.01,0.01,0.02,0.01,0.04
112,0.01,0.03,0.01,0.01,0.01,0.02,0.0,0.03
113,0.01,0.02,0.01,0.01,0.01,0.01,0.01,0.03
114,0.01,0.03,0.01,0.01,0.01,0.01,0.0,0.03
115,0.01,0.03,0.01,0.01,0.01,0.01,0.0,0.03
116,0.02,0.02,0.01,0.01,0.01,0.01,0.0,0.03
117,0.02,0.02,0.01,0.01,0.01,0.01,0.01,0.03
118,0.02,0.02,0.01,0.01,0.01,0.01,0.01,0.03
119,0.02,0.03,0.01,0.01,0.01,0.02,0.01,0.02
120,0.02,0.03,0.01,0.01,0.01,0.02,0.01,0.02
121,0.02,0.03,0.01,0.01,0.01,0.02,0.01,0.02
122,0.02,0.03,0.01,0.01,0.01,0.02,0.01,0.02
123,0.02,0.03,0.01,0.01,0.01,0.01,0.01,0.02
124,0.02,0.02,0.01,0.01,0.01,0.01,0.01,0.02
125,0.02,0.02,0.01,0.01,0.01,0.01,0.01,0.02
126,0.02,0.03,0.01,0.01,0.01,0.01,0.01,0.02
127,0.02,0.02,0.01,0.01,0.01,0.01,0.01,0.02
128,0.02,0.03,0.01,0.01,0.01,0.01,0.01,0.02
129,0.02,0.02,0.01,0.0,0.01,0.01,0.01,0.02
130,0.02,0.02,0.01,0.01,0.01,0.01,0.0,0.01
131,0.02,0.01,0.01,0.0,0.01,0.01,0.0,0.01
132,0.02,0.01,0.01,0.01,0.01,0.01,0.01,0.01
133,0.01,0.01,0.01,0.01,0.0,0.01,0.01,0.01
134,0.01,0.02,0.01,0.0,0.01,0.01,0.0,0.01
135,0.01,0.01,0.0,0.0,0.0,0.01,0.0,0.01
136,0.01,0.02,0.0,0.01,0.0,0.0,0.0,0.01
137,0.01,0.0,0.0,0.0,0.0,0.0,0.0,0.01
138,0.01,0.0,0.0,0.0,0.0,0.0,0.0,0.01
139,0.01,0.01,0.0,0.0,0.0,0.01,0.0,0.01
140,0.01,0.01,0.0,0.0,0.0,0.0,0.0,0.01
141,0.01,0.01,0.0,0.0,0.0,0.0,0.0,0.01
142,0.0,0.0,0.0,0.0,0.0,0.0,0.0,0.01
143,0.0,0.0,0.0,0.0,0.0,0.0,0.0,0.0
144,0.0,0.0,0.0,0.0,0.0,0.0,0.0,0.0
145,0.0,0.0,0.0,0.0,0.0,0.0,0.0,0.0
146,0.0,0.01,0.0,0.0,0.0,0.0,0.0,0.0
147,0.01,0.02,0.0,0.0,0.0,0.01,0.0,0.0
148,0.0,0.01,0.0,0.0,0.0,0.0,0.0,0.0
149,0.0,0.02,0.0,0.0,0.0,0.01,0.0,0.0
150,0.0,0.01,0.0,0.0,0.0,0.01,0.0,0.0
151,0.01,0.03,0.0,0.01,0.0,0.01,0.0,0.0
152,0.01,0.02,0.0,0.0,0.0,0.01,0.0,0.0
153,0.01,0.02,0.0,0.0,0.0,0.01,0.0,0.0
154,0.01,0.03,0.0,0.0,0.0,0.02,0.0,0.0
155,0.01,0.02,0.0,0.0,0.0,0.01,0.0,0.0
156,0.02,0.03,0.01,0.01,0.01,0.01,0.02,0.0
157,0.05,0.06,0.05,0.02,0.05,0.03,0.05,0.0
158,0.09,0.09,0.08,0.02,0.09,0.06,0.08,0.01
159,0.1,0.1,0.1,0.03,0.1,0.07,0.09,0.01
160,0.14,0.14,0.13,0.04,0.14,0.09,0.13,0.02
161,0.18,0.18,0.17,0.05,0.18,0.12,0.15,0.02
162,0.22,0.23,0.21,0.07,0.22,0.16,0.19,0.03
163,0.28,0.29,0.26,0.1,0.27,0.21,0.23,0.05
164,0.31,0.32,0.3,0.12,0.3,0.24,0.25,0.06
165,0.36,0.37,0.34,0.16,0.34,0.29,0.29,0.07
166,0.37,0.38,0.35,0.17,0.35,0.3,0.3,0.08
167,0.43,0.43,0.41,0.21,0.4,0.36,0.35,0.1
168,0.46,0.48,0.44,0.24,0.43,0.39,0.37,0.11
169,0.5,0.52,0.47,0.28,0.47,0.43,0.41,0.13
170,0.51,0.53,0.48,0.28,0.48,0.44,0.41,0.13
171,0.55,0.57,0.52,0.32,0.52,0.49,0.45,0.16
172,0.58,0.61,0.55,0.35,0.55,0.53,0.48,0.17
173,0.58,0.63,0.56,0.36,0.56,0.53,0.49,0.18
174,0.61,0.65,0.58,0.4,0.58,0.56,0.51,0.19
175,0.64,0.68,0.62,0.44,0.61,0.61,0.54,0.21
176,0.66,0.69,0.64,0.45,0.62,0.62,0.56,0.23
177,0.68,0.72,0.66,0.48,0.65,0.64,0.58,0.24
178,0.7,0.73,0.67,0.5,0.66,0.65,0.59,0.25
179,0.72,0.76,0.7,0.53,0.69,0.69,0.62,0.27
180,0.73,0.77,0.71,0.54,0.7,0.7,0.63,0.28
181,0.74,0.77,0.72,0.56,0.71,0.71,0.64,0.29
182,0.77,0.79,0.74,0.59,0.73,0.73,0.66,0.31
183,0.78,0.81,0.76,0.61,0.74,0.75,0.68,0.33
184,0.78,0.82,0.77,0.65,0.76,0.77,0.7,0.34
185,0.8,0.83,0.78,0.66,0.77,0.77,0.71,0.36
186,0.81,0.84,0.79,0.67,0.78,0.79,0.72,0.37
187,0.82,0.85,0.8,0.69,0.79,0.81,0.73,0.39
188,0.82,0.86,0.81,0.71,0.8,0.81,0.74,0.4
189,0.82,0.85,0.81,0.72,0.8,0.82,0.75,0.4
190,0.84,0.86,0.82,0.74,0.81,0.82,0.76,0.42
191,0.84,0.86,0.83,0.75,0.82,0.83,0.76,0.43
192,0.84,0.87,0.83,0.75,0.83,0.83,0.77,0.44
193,0.85,0.88,0.84,0.77,0.83,0.84,0.78,0.46
194,0.85,0.89,0.84,0.78,0.84,0.85,0.79,0.47
195,0.86,0.88,0.85,0.79,0.84,0.86,0.8,0.48
196,0.87,0.88,0.86,0.8,0.84,0.86,0.81,0.49
197,0.87,0.88,0.86,0.81,0.85,0.86,0.81,0.5
198,0.87,0.89,0.86,0.82,0.85,0.87,0.82,0.51
199,0.87,0.88,0.86,0.82,0.85,0.87,0.81,0.52
200,0.87,0.89,0.86,0.84,0.86,0.88,0.82,0.53
201,0.87,0.89,0.86,0.84,0.86,0.87,0.83,0.54
202,0.88,0.89,0.87,0.85,0.86,0.88,0.83,0.55
203,0.88,0.9,0.87,0.85,0.86,0.88,0.84,0.56
204,0.88,0.89,0.87,0.85,0.87,0.88,0.84,0.56
205,0.89,0.89,0.88,0.87,0.87,0.89,0.84,0.57
206,0.88,0.9,0.88,0.87,0.88,0.89,0.85,0.58
207,0.89,0.9,0.89,0.87,0.88,0.9,0.86,0.59
208,0.89,0.9,0.89,0.89,0.89,0.9,0.86,0.6
209,0.89,0.9,0.89,0.9,0.89,0.9,0.86,0.61
210,0.9,0.9,0.89,0.9,0.89,0.9,0.87,0.62
211,0.91,0.9,0.9,0.91,0.9,0.9,0.87,0.63
212,0.9,0.9,0.9,0.91,0.9,0.91,0.88,0.63
213,0.91,0.9,0.9,0.91,0.9,0.9,0.87,0.64
214,0.91,0.9,0.9,0.92,0.91,0.91,0.88,0.65
215,0.91,0.9,0.9,0.92,0.91,0.91,0.88,0.65
216,0.91,0.9,0.9,0.92,0.91,0.91,0.88,0.66
217,0.91,0.9,0.91,0.93,0.91,0.91,0.89,0.67
218,0.91,0.9,0.91,0.93,0.91,0.91,0.89,0.67
219,0.91,0.9,0.91,0.93,0.91,0.91,0.89,0.67
220,0.91,0.9,0.91,0.93,0.91,0.91,0.89,0.68
221,0.91,0.9,0.91,0.93,0.91,0.91,0.89,0.69
222,0.91,0.9,0.91,0.93,0.91,0.91,0.89,0.69
223,0.91,0.9,0.91,0.94,0.91,0.91,0.89,0.7
224,0.91,0.9,0.91,0.94,0.91,0.92,0.9,0.7
225,0.91,0.9,0.91,0.94,0.91,0.91,0.9,0.71
226,0.91,0.91,0.91,0.94,0.91,0.92,0.9,0.71
227,0.91,0.9,0.91,0.95,0.91,0.92,0.9,0.72
228,0.91,0.9,0.91,0.95,0.91,0.93,0.9,0.72
229,0.92,0.91,0.91,0.94,0.91,0.93,0.9,0.73
230,0.92,0.91,0.92,0.96,0.92,0.93,0.91,0.73
231,0.92,0.91,0.91,0.95,0.92,0.93,0.91,0.73
232,0.92,0.9,0.92,0.95,0.91,0.93,0.91,0.74
233,0.93,0.91,0.91,0.95,0.92,0.93,0.91,0.75
234,0.92,0.91,0.92,0.96,0.91,0.92,0.91,0.75
235,0.92,0.9,0.92,0.95,0.92,0.92,0.91,0.76
236,0.92,0.9,0.92,0.95,0.93,0.92,0.91,0.76
237,0.92,0.9,0.92,0.96,0.92,0.92,0.91,0.76
238,0.93,0.9,0.92,0.96,0.92,0.93,0.91,0.77
239,0.92,0.9,0.92,0.96,0.92,0.92,0.91,0.77
240,0.92,0.9,0.92,0.96,0.92,0.92,0.91,0.78
241,0.92,0.9,0.92,0.96,0.92,0.92,0.91,0.78
242,0.92,0.9,0.92,0.96,0.93,0.91,0.91,0.78
243,0.91,0.89,0.91,0.96,0.92,0.92,0.91,0.78
244,0.92,0.9,0.92,0.96,0.92,0.91,0.91,0.79
245,0.92,0.9,0.91,0.96,0.92,0.92,0.91,0.79
246,0.91,0.9,0.92,0.96,0.92,0.92,0.92,0.8
247,0.93,0.9,0.92,0.96,0.92,0.92,0.91,0.8
248,0.93,0.9,0.92,0.96,0.92,0.92,0.92,0.8
249,0.93,0.9,0.92,0.96,0.92,0.92,0.92,0.8
250,0.93,0.9,0.92,0.96,0.92,0.93,0.92,0.81
251,0.93,0.9,0.92,0.96,0.93,0.93,0.92,0.81
252,0.93,0.91,0.93,0.97,0.93,0.93,0.93,0.81
253,0.93,0.91,0.93,0.96,0.93,0.93,0.93,0.81
254,0.93,0.92,0.93,0.96,0.93,0.94,0.93,0.82
255,0.94,0.92,0.93,0.97,0.94,0.94,0.93,0.82
256,0.93,0.92,0.93,0.97,0.94,0.94,0.93,0.82
257,0.93,0.92,0.93,0.97,0.94,0.94,0.93,0.82
258,0.93,0.92,0.93,0.97,0.94,0.94,0.93,0.83
259,0.93,0.92,0.93,0.97,0.94,0.94,0.94,0.83
260,0.93,0.93,0.93,0.97,0.94,0.95,0.94,0.83
261,0.93,0.93,0.93,0.98,0.94,0.95,0.93,0.83
262,0.93,0.93,0.93,0.97,0.93,0.95,0.94,0.84
263,0.93,0.93,0.93,0.97,0.94,0.95,0.94,0.84
264,0.93,0.93,0.93,0.98,0.93,0.95,0.93,0.84
265,0.93,0.93,0.93,0.98,0.94,0.95,0.94,0.84
266,0.93,0.93,0.93,0.98,0.94,0.95,0.94,0.85
267,0.94,0.93,0.93,0.98,0.94,0.95,0.94,0.85
268,0.93,0.94,0.93,0.98,0.95,0.96,0.94,0.85
269,0.93,0.94,0.93,0.98,0.94,0.95,0.94,0.86
270,0.93,0.94,0.93,0.98,0.94,0.96,0.94,0.86
271,0.93,0.93,0.93,0.98,0.94,0.96,0.94,0.86
272,0.93,0.94,0.93,0.98,0.94,0.95,0.94,0.86
273,0.93,0.93,0.93,0.98,0.94,0.96,0.94,0.86
274,0.93,0.93,0.93,0.98,0.94,0.95,0.94,0.86
275,0.93,0.93,0.93,0.98,0.94,0.95,0.94,0.87
276,0.94,0.93,0.93,0.98,0.94,0.96,0.94,0.87
277,0.94,0.94,0.93,0.98,0.95,0.96,0.94,0.87
278,0.94,0.94,0.94,0.98,0.94,0.96,0.94,0.87
279,0.94,0.94,0.94,0.99,0.94,0.95,0.94,0.88
280,0.94,0.95,0.94,0.98,0.95,0.96,0.94,0.87
281,0.94,0.94,0.94,0.99,0.95,0.96,0.94,0.88
282,0.94,0.94,0.94,0.99,0.95,0.96,0.95,0.88
283,0.94,0.95,0.94,0.99,0.95,0.96,0.95,0.88
284,0.94,0.95,0.94,0.99,0.95,0.97,0.94,0.88
285,0.94,0.94,0.94,0.99,0.95,0.97,0.95,0.88
286,0.94,0.96,0.94,0.99,0.95,0.96,0.95,0.88
287,0.94,0.95,0.94,0.99,0.95,0.96,0.95,0.88
288,0.94,0.95,0.94,0.99,0.95,0.96,0.95,0.89
289,0.94,0.95,0.94,0.99,0.95,0.97,0.95,0.89
290,0.94,0.96,0.94,0.99,0.95,0.97,0.95,0.89
291,0.94,0.96,0.94,0.99,0.96,0.97,0.95,0.89
292,0.94,0.96,0.94,0.99,0.95,0.98,0.95,0.89
293,0.94,0.96,0.94,0.99,0.96,0.97,0.95,0.9
294,0.95,0.97,0.95,0.99,0.96,0.98,0.95,0.9
295,0.96,0.96,0.95,0.99,0.96,0.98,0.95,0.9
296,0.95,0.96,0.95,0.99,0.95,0.98,0.95,0.9
297,0.96,0.96,0.95,1.0,0.96,0.97,0.95,0.9
298,0.96,0.96,0.95,0.99,0.96,0.97,0.95,0.9
299,0.96,0.96,0.95,0.99,0.96,0.97,0.95,0.9
300,0.96,0.96,0.95,0.99,0.96,0.97,0.95,0.91
301,0.96,0.95,0.95,0.99,0.96,0.97,0.95,0.9
302,0.96,0.95,0.95,0.99,0.96,0.97,0.95,0.91
303,0.96,0.96,0.94,0.99,0.96,0.97,0.96,0.91
304,0.96,0.97,0.95,1.0,0.96,0.98,0.96,0.91
305,0.96,0.97,0.95,0.99,0.96,0.98,0.96,0.91
306,0.96,0.96,0.95,0.99,0.96,0.98,0.96,0.91
307,0.96,0.96,0.95,0.99,0.96,0.98,0.95,0.91
308,0.95,0.96,0.95,1.0,0.96,0.98,0.96,0.91
309,0.96,0.96,0.95,0.99,0.96,0.98,0.96,0.91
310,0.95,0.96,0.95,0.99,0.96,0.98,0.96,0.91
311,0.95,0.96,0.95,1.0,0.96,0.98,0.96,0.91
312,0.95,0.97,0.95,1.0,0.96,0.98,0.96,0.91
313,0.96,0.96,0.95,1.0,0.96,0.98,0.96,0.91
314,0.95,0.97,0.95,0.99,0.96,0.98,0.96,0.92
315,0.94,0.97,0.94,0.99,0.96,0.98,0.96,0.92
316,0.94,0.97,0.94,0.99,0.96,0.98,0.96,0.92
317,0.94,0.97,0.94,0.99,0.96,0.99,0.95,0.92
318,0.94,0.98,0.94,0.99,0.96,0.98,0.96,0.92
319,0.94,0.97,0.95,0.99,0.96,0.99,0.96,0.92
320,0.94,0.97,0.95,1.0,0.96,0.98,0.95,0.92
321,0.94,0.97,0.94,1.0,0.96,0.98,0.95,0.92
322,0.94,0.97,0.94,0.99,0.96,0.98,0.96,0.93
323,0.94,0.97,0.94,0.99,0.96,0.98,0.96,0.92
324,0.95,0.97,0.95,1.0,0.96,0.98,0.96,0.92
325,0.95,0.97,0.95,1.0,0.96,0.98,0.95,0.93
326,0.95,0.97,0.95,1.0,0.96,0.98,0.96,0.93
327,0.95,0.98,0.95,1.0,0.96,0.98,0.96,0.93
328,0.96,0.98,0.95,1.0,0.96,0.98,0.96,0.93
329,0.96,0.98,0.95,1.0,0.96,0.99,0.96,0.93
330,0.96,0.98,0.95,1.0,0.96,0.98,0.96,0.93
331,0.95,0.97,0.95,1.0,0.96,0.98,0.96,0.93
332,0.96,0.97,0.95,1.0,0.96,0.98,0.96,0.93
333,0.96,0.97,0.96,1.0,0.96,0.99,0.96,0.93
334,0.96,0.98,0.95,1.0,0.96,0.98,0.96,0.93
335,0.96,0.97,0.96,1.0,0.96,0.98,0.96,0.93
336,0.96,0.97,0.96,1.0,0.96,0.98,0.96,0.93
337,0.96,0.97,0.95,1.0,0.96,0.98,0.96,0.93
338,0.96,0.97,0.96,1.0,0.96,0.98,0.96,0.94
339,0.96,0.97,0.95,0.99,0.96,0.98,0.96,0.93
340,0.96,0.98,0.96,1.0,0.96,0.98,0.96,0.93
341,0.96,0.97,0.95,1.0,0.96,0.98,0.96,0.94
342,0.95,0.97,0.95,1.0,0.96,0.98,0.96,0.94
343,0.96,0.97,0.95,1.0,0.96,0.98,0.96,0.94
344,0.96,0.97,0.95,1.0,0.96,0.98,0.96,0.94
345,0.95,0.97,0.95,0.99,0.96,0.98,0.96,0.94
346,0.95,0.97,0.95,1.0,0.96,0.98,0.96,0.94
347,0.95,0.97,0.95,1.0,0.96,0.97,0.96,0.94
348,0.94,0.95,0.94,1.0,0.96,0.97,0.96,0.94
349,0.94,0.95,0.94,0.99,0.96,0.98,0.96,0.94
350,0.95,0.96,0.95,0.99,0.96,0.97,0.96,0.94
351,0.94,0.96,0.95,0.99,0.96,0.97,0.96,0.94
352,0.95,0.96,0.94,0.99,0.96,0.97,0.96,0.94
353,0.95,0.96,0.95,0.99,0.96,0.97,0.96,0.94
354,0.95,0.96,0.95,0.99,0.96,0.97,0.96,0.94
355,0.96,0.96,0.95,1.0,0.96,0.98,0.96,0.94
356,0.95,0.97,0.95,1.0,0.96,0.98,0.96,0.94
357,0.95,0.97,0.95,1.0,0.96,0.99,0.97,0.94
358,0.95,0.97,0.95,1.0,0.96,0.98,0.96,0.94
359,0.96,0.97,0.95,1.0,0.96,0.98,0.96,0.95
360,0.96,0.98,0.96,1.0,0.97,0.99,0.97,0.95
361,0.96,0.97,0.96,1.0,0.97,0.98,0.97,0.95
362,0.97,0.98,0.96,1.0,0.96,0.99,0.97,0.95
363,0.97,0.98,0.96,1.0,0.97,0.99,0.97,0.95
364,0.97,0.98,0.97,1.0,0.97,0.99,0.98,0.95
365,0.97,0.98,0.96,1.0,0.97,0.99,0.97,0.95
366,0.97,0.98,0.97,1.0,0.97,0.99,0.98,0.95
367,0.97,0.98,0.97,1.0,0.97,0.99,0.98,0.95
368,0.97,0.98,0.97,1.0,0.97,0.99,0.98,0.95
369,0.97,0.98,0.97,1.0,0.97,0.98,0.98,0.95
370,0.97,0.97,0.96,1.0,0.98,0.98,0.98,0.95
371,0.97,0.97,0.97,1.0,0.97,0.98,0.98,0.95
372,0.97,0.96,0.96,1.0,0.97,0.98,0.97,0.95
373,0.97,0.96,0.96,0.99,0.97,0.98,0.97,0.95
374,0.97,0.96,0.96,1.0,0.97,0.98,0.97,0.95
375,0.96,0.95,0.96,1.0,0.97,0.97,0.97,0.95
376,0.96,0.95,0.95,0.99,0.96,0.97,0.97,0.95
377,0.96,0.94,0.95,0.99,0.96,0.96,0.96,0.95
378,0.96,0.95,0.95,0.99,0.96,0.97,0.96,0.95
379,0.95,0.94,0.95,0.99,0.96,0.96,0.97,0.95
380,0.95,0.94,0.95,0.99,0.96,0.96,0.97,0.95
381,0.95,0.95,0.95,0.99,0.96,0.96,0.96,0.95
382,0.96,0.95,0.95,0.99,0.96,0.96,0.97,0.95
383,0.96,0.95,0.95,0.99,0.96,0.97,0.97,0.95
384,0.96,0.95,0.95,0.99,0.96,0.97,0.97,0.95
385,0.96,0.95,0.95,0.99,0.96,0.97,0.97,0.95
386,0.96,0.95,0.95,0.99,0.96,0.97,0.97,0.95
387,0.96,0.94,0.95,0.99,0.96,0.97,0.97,0.95
388,0.96,0.95,0.95,0.99,0.96,0.97,0.97,0.95
389,0.96,0.94,0.95,0.99,0.96,0.97,0.96,0.95
390,0.94,0.94,0.95,0.99,0.96,0.96,0.96,0.95
391,0.94,0.95,0.95,0.99,0.96,0.96,0.97,0.95
392,0.94,0.94,0.95,0.99,0.96,0.97,0.97,0.96
393,0.94,0.95,0.95,0.99,0.96,0.97,0.96,0.96
394,0.94,0.95,0.95,0.99,0.96,0.97,0.97,0.95
395,0.94,0.95,0.95,0.99,0.96,0.97,0.97,0.96
396,0.95,0.95,0.95,0.99,0.96,0.97,0.97,0.96
397,0.94,0.95,0.95,0.99,0.96,0.97,0.97,0.95
398,0.95,0.95,0.95,0.99,0.96,0.97,0.97,0.96
399,0.94,0.95,0.95,0.99,0.96,0.97,0.97,0.96
400,0.94,0.95,0.95,0.99,0.96,0.96,0.97,0.96
401,0.95,0.96,0.95,1.0,0.96,0.97,0.97,0.96
402,0.96,0.95,0.95,0.99,0.96,0.97,0.97,0.96
403,0.96,0.96,0.96,0.99,0.96,0.96,0.98,0.96
404,0.96,0.97,0.96,1.0,0.96,0.98,0.97,0.96
405,0.96,0.96,0.96,0.99,0.96,0.98,0.98,0.96
406,0.96,0.96,0.96,0.99,0.96,0.98,0.98,0.96
407,0.96,0.96,0.96,0.99,0.96,0.96,0.98,0.96
408,0.96,0.96,0.96,0.99,0.96,0.97,0.97,0.96
409,0.96,0.96,0.96,0.99,0.96,0.98,0.98,0.96
410,0.95,0.95,0.96,0.99,0.96,0.96,0.98,0.96
411,0.95,0.95,0.95,0.99,0.96,0.97,0.97,0.96
412,0.94,0.95,0.95,0.99,0.96,0.97,0.97,0.96
413,0.94,0.95,0.95,0.99,0.96,0.96,0.97,0.96
414,0.94,0.95,0.95,0.99,0.96,0.97,0.97,0.96
415,0.95,0.95,0.95,0.99,0.96,0.97,0.97,0.96
416,0.94,0.95,0.95,0.99,0.96,0.97,0.97,0.96
417,0.95,0.95,0.95,0.99,0.96,0.98,0.97,0.96
418,0.95,0.95,0.96,0.99,0.96,0.96,0.97,0.96
419,0.95,0.95,0.95,0.99,0.96,0.96,0.97,0.96
420,0.95,0.95,0.95,0.99,0.96,0.97,0.97,0.96
421,0.95,0.94,0.95,0.99,0.96,0.96,0.97,0.96
422,0.95,0.94,0.95,0.99,0.96,0.96,0.97,0.96
423,0.96,0.95,0.95,0.99,0.96,0.96,0.97,0.96
424,0.96,0.94,0.95,0.99,0.96,0.97,0.97,0.96
425,0.96,0.95,0.95,0.99,0.96,0.97,0.97,0.96
426,0.96,0.95,0.96,0.99,0.96,0.97,0.98,0.96
427,0.96,0.95,0.96,0.99,0.97,0.98,0.98,0.96
428,0.95,0.96,0.96,1.0,0.97,0.98,0.97,0.96
429,0.96,0.96,0.96,0.99,0.97,0.97,0.98,0.96
430,0.96,0.96,0.96,0.99,0.97,0.98,0.98,0.96
431,0.96,0.96,0.96,0.99,0.97,0.98,0.98,0.96
432,0.96,0.96,0.96,0.99,0.97,0.97,0.98,0.97
433,0.96,0.96,0.96,0.99,0.97,0.97,0.98,0.96
434,0.96,0.97,0.96,0.99,0.97,0.98,0.98,0.97
435,0.96,0.96,0.96,1.0,0.97,0.97,0.98,0.97
436,0.96,0.96,0.96,0.99,0.97,0.98,0.98,0.97
437,0.96,0.97,0.96,0.99,0.97,0.98,0.98,0.97
438,0.96,0.97,0.96,1.0,0.97,0.98,0.98,0.97
439,0.96,0.97,0.96,0.99,0.98,0.98,0.98,0.97
440,0.96,0.97,0.96,0.99,0.97,0.98,0.98,0.97
441,0.96,0.97,0.96,1.0,0.97,0.99,0.98,0.97
442,0.96,0.97,0.96,0.99,0.97,0.98,0.98,0.97
443,0.96,0.97,0.96,1.0,0.97,0.98,0.98,0.97
444,0.96,0.96,0.96,0.99,0.97,0.98,0.98,0.97
445,0.96,0.97,0.96,1.0,0.97,0.98,0.98,0.97
446,0.96,0.95,0.96,0.99,0.96,0.98,0.98,0.97
447,0.96,0.97,0.96,0.99,0.97,0.98,0.98,0.97
448,0.96,0.97,0.95,0.99,0.96,0.97,0.98,0.97
449,0.96,0.96,0.95,0.99,0.96,0.97,0.98,0.97
450,0.94,0.95,0.95,1.0,0.96,0.98,0.97,0.97
451,0.95,0.96,0.95,1.0,0.96,0.97,0.98,0.97
452,0.95,0.97,0.95,1.0,0.96,0.97,0.98,0.97
453,0.94,0.96,0.96,1.0,0.96,0.98,0.98,0.97
454,0.95,0.97,0.95,0.99,0.96,0.98,0.98,0.97
455,0.96,0.97,0.96,1.0,0.97,0.98,0.98,0.97
456,0.96,0.97,0.96,1.0,0.98,0.98,0.98,0.97
457,0.96,0.98,0.96,1.0,0.97,0.99,0.98,0.97
458,0.97,0.98,0.96,0.99,0.98,0.99,0.99,0.97
459,0.97,0.98,0.96,1.0,0.98,0.99,0.98,0.98
460,0.97,0.99,0.97,1.0,0.98,1.0,0.99,0.97
461,0.97,0.99,0.97,1.0,0.98,1.0,0.99,0.98
462,0.98,1.0,0.98,1.0,0.99,1.0,0.99,0.98
463,0.98,0.99,0.98,1.0,0.99,1.0,0.99,0.98
464,0.98,0.99,0.98,1.0,0.99,1.0,0.99,0.98
465,0.98,1.0,0.98,1.0,0.99,1.0,0.99,0.98
466,0.98,1.0,0.98,1.0,0.98,1.0,0.99,0.98
467,0.98,0.99,0.98,1.0,0.99,1.0,0.98,0.98
468,0.98,0.99,0.98,1.0,0.99,0.99,0.99,0.98
469,0.98,0.99,0.98,1.0,0.99,1.0,0.99,0.98
470,0.98,0.99,0.98,1.0,0.99,0.99,0.99,0.98
471,0.97,0.99,0.98,0.99,0.99,1.0,0.99,0.98
472,0.98,0.99,0.98,1.0,0.99,0.99,0.99,0.98
473,0.98,0.98,0.97,1.0,0.99,0.99,0.99,0.98
474,0.97,0.99,0.98,1.0,0.99,0.99,0.99,0.98
475,0.97,0.98,0.98,1.0,0.98,1.0,0.99,0.98
476,0.97,0.97,0.98,1.0,0.98,0.99,0.99,0.98
477,0.97,0.97,0.97,1.0,0.98,0.98,0.99,0.98
478,0.97,0.97,0.97,1.0,0.98,0.98,0.99,0.98
479,0.98,0.98,0.98,0.99,0.98,0.99,0.99,0.98
480,0.98,0.97,0.97,1.0,0.98,0.98,0.99,0.98
481,0.97,0.97,0.98,1.0,0.98,0.99,0.99,0.98
482,0.97,0.97,0.97,1.0,0.98,0.98,0.99,0.98
483,0.97,0.98,0.97,0.99,0.98,0.98,0.99,0.98
484,0.97,0.97,0.97,1.0,0.98,0.99,0.99,0.98
485,0.97,0.98,0.97,1.0,0.98,0.98,0.99,0.98
486,0.97,0.97,0.97,1.0,0.98,0.99,0.99,0.98
487,0.97,0.98,0.97,1.0,0.97,0.98,0.99,0.98
488,0.97,0.97,0.97,1.0,0.98,0.98,0.99,0.98
489,0.97,0.97,0.97,0.99,0.97,0.98,0.99,0.98
490,0.96,0.97,0.96,0.99,0.97,0.98,0.98,0.98
491,0.96,0.96,0.96,0.99,0.98,0.96,0.98,0.98
492,0.96,0.96,0.96,0.99,0.97,0.98,0.99,0.98
493,0.96,0.96,0.96,1.0,0.97,0.98,0.98,0.98
494,0.96,0.96,0.96,0.99,0.96,0.98,0.98,0.98
495,0.96,0.97,0.96,1.0,0.97,0.98,0.99,0.98
496,0.96,0.97,0.96,0.99,0.97,0.98,0.99,0.98
497,0.96,0.96,0.96,0.99,0.98,0.98,0.98,0.98
498,0.96,0.97,0.96,1.0,0.96,0.98,0.98,0.98
499,0.96,0.96,0.96,0.99,0.96,0.97,0.98,0.98
500,0.96,0.96,0.96,0.99,0.96,0.98,0.98,0.98
501,0.96,0.95,0.96,0.99,0.96,0.97,0.98,0.98
502,0.96,0.95,0.96,0.99,0.96,0.97,0.98,0.98
503,0.96,0.96,0.96,1.0,0.97,0.97,0.98,0.98
504,0.96,0.96,0.96,0.99,0.96,0.97,0.98,0.98
505,0.96,0.96,0.96,1.0,0.97,0.98,0.99,0.98
506,0.96,0.96,0.96,0.99,0.97,0.98,0.99,0.98
507,0.96,0.96,0.96,0.99,0.97,0.98,0.99,0.98
508,0.97,0.96,0.96,0.99,0.97,0.97,0.99,0.98
509,0.96,0.96,0.96,0.99,0.97,0.97,0.98,0.98
510,0.96,0.96,0.96,0.99,0.97,0.97,0.98,0.98
511,0.96,0.96,0.96,0.99,0.97,0.97,0.99,0.98
512,0.96,0.96,0.96,0.99,0.98,0.98,0.98,0.98
513,0.96,0.96,0.96,1.0,0.97,0.97,0.99,0.98
514,0.96,0.95,0.96,0.99,0.97,0.96,0.99,0.98
515,0.96,0.96,0.96,0.99,0.97,0.98,0.99,0.98
516,0.96,0.96,0.96,0.99,0.97,0.99,0.99,0.98
517,0.96,0.96,0.97,0.99,0.98,0.98,0.99,0.98
518,0.96,0.96,0.97,0.99,0.98,0.98,0.99,0.98
519,0.96,0.97,0.96,0.99,0.97,0.98,0.99,0.98
520,0.96,0.96,0.96,0.99,0.97,0.98,0.99,0.98
521,0.96,0.97,0.96,0.99,0.97,0.98,0.99,0.98
522,0.96,0.96,0.96,0.99,0.97,0.98,0.99,0.98
523,0.96,0.97,0.96,0.99,0.97,0.98,0.99,0.98
524,0.96,0.97,0.97,0.99,0.97,0.98,0.99,0.98
525,0.97,0.97,0.97,0.99,0.98,0.98,0.99,0.98
526,0.96,0.97,0.96,0.99,0.97,0.98,0.99,0.98
527,0.96,0.97,0.97,0.99,0.97,0.99,0.99,0.98
528,0.96,0.97,0.96,0.99,0.98,0.98,0.99,0.98
529,0.97,0.97,0.96,0.99,0.97,0.98,0.99,0.98
530,0.96,0.97,0.96,0.99,0.98,0.98,0.99,0.98
531,0.96,0.96,0.96,0.99,0.97,0.98,0.99,0.98
532,0.96,0.97,0.96,0.99,0.97,0.98,0.98,0.98
533,0.96,0.96,0.96,0.99,0.97,0.99,0.99,0.98
534,0.96,0.97,0.96,0.99,0.97,0.98,0.99,0.98
535,0.96,0.97,0.96,0.99,0.97,0.99,0.99,0.98
536,0.96,0.98,0.96,0.99,0.97,0.98,0.99,0.98
537,0.96,0.97,0.96,0.99,0.97,0.99,0.99,0.99
538,0.95,0.98,0.96,0.99,0.97,0.98,0.99,0.98
539,0.95,0.97,0.96,0.99,0.97,0.99,0.99,0.98
540,0.95,0.97,0.96,0.99,0.97,0.99,0.99,0.98
541,0.95,0.98,0.96,0.99,0.98,0.98,0.99,0.98
542,0.95,0.97,0.96,0.99,0.97,0.99,0.99,0.98
543,0.95,0.97,0.96,0.99,0.96,0.98,0.99,0.98
544,0.95,0.97,0.96,0.99,0.96,0.99,0.99,0.98
545,0.95,0.97,0.96,0.99,0.97,0.98,0.99,0.98
546,0.95,0.97,0.96,0.99,0.96,0.98,0.99,0.98
547,0.95,0.97,0.96,0.99,0.96,0.99,0.99,0.98
548,0.96,0.97,0.96,0.99,0.97,0.99,0.99,0.98
549,0.96,0.97,0.96,0.99,0.97,0.98,0.98,0.98
550,0.96,0.97,0.96,0.99,0.97,0.99,0.99,0.98
551,0.96,0.98,0.96,0.99,0.97,0.99,0.99,0.99
552,0.96,0.98,0.96,0.99,0.97,0.99,0.99,0.99
553,0.95,0.97,0.96,0.99,0.97,0.98,0.99,0.98
554,0.95,0.96,0.96,0.99,0.97,0.99,0.98,0.99
555,0.94,0.96,0.96,0.99,0.97,0.98,0.98,0.98
556,0.94,0.96,0.95,0.99,0.96,0.99,0.98,0.99
557,0.94,0.96,0.95,0.99,0.96,0.98,0.98,0.99
558,0.94,0.97,0.96,0.99,0.96,0.99,0.98,0.98
559,0.94,0.97,0.95,0.99,0.96,0.99,0.99,0.99
560,0.94,0.98,0.96,0.99,0.96,0.99,0.99,0.98
561,0.95,0.99,0.96,0.99,0.97,1.0,0.99,0.99
562,0.95,0.98,0.96,0.99,0.97,0.99,0.98,0.99
563,0.95,0.98,0.96,0.99,0.97,0.99,0.99,0.99
564,0.96,0.98,0.96,0.99,0.97,0.99,0.99,0.99
565,0.94,0.98,0.96,0.99,0.96,0.99,0.98,0.99
566,0.96,0.98,0.96,1.0,0.96,0.99,0.99,0.99
567,0.96,0.98,0.96,0.99,0.97,0.99,0.98,0.99
568,0.96,0.98,0.96,0.99,0.96,0.99,0.99,0.99
569,0.96,0.98,0.96,0.99,0.97,0.99,0.99,0.99
570,0.96,0.98,0.96,0.99,0.97,0.99,0.99,0.99
571,0.96,0.98,0.96,0.99,0.97,0.99,0.99,0.99
572,0.96,0.98,0.96,0.99,0.97,0.99,0.99,0.99
573,0.96,0.98,0.96,0.99,0.96,1.0,0.99,0.99
574,0.96,0.98,0.96,0.99,0.97,0.99,0.99,0.99
575,0.96,0.98,0.96,1.0,0.97,0.99,0.99,0.99
576,0.96,0.97,0.96,1.0,0.97,0.99,0.99,0.99
577,0.96,0.98,0.96,0.99,0.97,0.99,0.99,0.99
578,0.96,0.98,0.96,0.99,0.97,0.99,0.99,0.99
579,0.96,0.98,0.96,0.99,0.97,0.99,0.99,0.99
580,0.96,0.97,0.96,0.99,0.97,0.98,0.98,0.99
581,0.96,0.98,0.96,0.99,0.97,0.99,0.99,0.99
582,0.95,0.97,0.96,0.99,0.96,0.99,0.99,0.99
583,0.95,0.97,0.96,0.99,0.97,0.99,0.99,0.99
584,0.95,0.98,0.96,0.99,0.96,0.98,0.99,0.99
585,0.95,0.97,0.96,0.99,0.96,0.98,0.98,0.99
586,0.94,0.97,0.95,0.99,0.96,0.99,0.98,0.99
587,0.95,0.96,0.95,0.99,0.96,0.99,0.99,0.99
588,0.94,0.96,0.95,0.99,0.96,0.98,0.98,0.99
589,0.94,0.95,0.95,0.99,0.96,0.98,0.98,0.99
590,0.94,0.95,0.95,0.99,0.96,0.97,0.98,0.99
591,0.94,0.95,0.95,0.99,0.96,0.97,0.98,0.99
592,0.95,0.94,0.95,0.99,0.96,0.97,0.98,0.98
593,0.94,0.94,0.95,0.99,0.96,0.97,0.98,0.99
594,0.95,0.95,0.95,0.99,0.96,0.97,0.98,0.99
595,0.95,0.95,0.95,0.99,0.96,0.97,0.98,0.99
596,0.95,0.94,0.95,0.98,0.96,0.97,0.98,0.99
597,0.95,0.94,0.95,0.99,0.96,0.97,0.98,0.99
598,0.95,0.94,0.95,0.98,0.96,0.97,0.98,0.99
