0,0.98,0.98,0.98,0.89,0.98,0.97,0.99,0.94
1,0.98,0.98,0.97,0.89,0.98,0.97,0.99,0.93
2,0.98,0.99,0.98,0.89,0.98,0.98,0.99,0.95
3,0.98,0.99,0.98,0.9,0.98,0.98,0.99,0.95
4,0.98,0.99,0.98,0.9,0.98,0.97,0.99,0.95
5,0.98,0.99,0.98,0.89,0.98,0.98,0.99,0.95
6,0.98,0.99,0.98,0.9,0.99,0.98,0.99,0.95
7,0.99,0.99,0.98,0.9,0.98,0.98,0.99,0.95
8,0.99,0.99,0.98,0.9,0.99,0.98,0.99,0.95
9,0.99,0.99,0.98,0.9,0.99,0.98,0.99,0.95
10,0.99,0.99,0.98,0.9,0.98,0.98,0.99,0.95
11,0.99,0.99,0.98,0.92,0.99,0.98,0.99,0.95
12,0.99,0.99,0.99,0.9,0.99,0.98,0.99,0.96
13,0.99,0.99,0.99,0.92,0.99,0.98,0.99,0.96
14,0.99,0.99,0.99,0.92,0.99,0.98,0.99,0.95
15,0.99,0.99,0.99,0.92,0.99,0.98,0.99,0.96
16,0.99,0.99,0.99,0.92,0.99,0.98,0.99,0.96
17,0.99,0.99,0.98,0.92,0.99,0.98,0.99,0.96
18,0.99,0.99,0.98,0.92,0.99,0.98,0.99,0.96
19,0.98,0.99,0.98,0.92,0.98,0.98,0.99,0.96
20,0.98,0.99,0.98,0.92,0.98,0.98,0.99,0.96
21,0.98,0.99,0.98,0.9,0.99,0.98,0.99,0.95
22,0.98,0.99,0.98,0.92,0.98,0.98,0.99,0.96
23,0.98,0.99,0.98,0.92,0.98,0.98,0.99,0.96
24,0.98,0.99,0.98,0.9,0.98,0.98,0.99,0.97
25,0.98,0.99,0.98,0.92,0.98,0.98,0.99,0.96
26,0.98,0.99,0.98,0.92,0.98,0.98,0.99,0.97
27,0.98,0.99,0.98,0.92,0.98,0.98,0.99,0.96
28,0.98,0.99,0.98,0.92,0.99,0.98,0.99,0.97
29,0.98,0.99,0.98,0.92,0.98,0.98,0.99,0.96
30,0.98,0.99,0.98,0.92,0.99,0.98,0.99,0.97
31,0.98,0.99,0.98,0.92,0.98,0.98,0.99,0.97
32,0.99,0.99,0.98,0.93,0.99,0.98,0.99,0.97
33,0.99,0.99,0.98,0.92,0.99,0.99,0.99,0.98
34,0.99,0.99,0.99,0.92,0.99,0.99,0.99,0.98
35,0.99,0.99,0.99,0.93,0.99,0.98,0.99,0.97
36,0.99,0.99,0.99,0.93,0.99,0.99,1.0,0.98
37,0.99,1.0,0.99,0.93,0.99,0.99,1.0,0.98
38,0.99,1.0,0.99,0.93,0.99,0.99,1.0,0.98
39,0.99,1.0,0.99,0.93,0.99,0.99,1.0,0.98
40,0.99,1.0,0.99,0.93,0.99,0.99,1.0,0.98
41,0.99,1.0,0.99,0.92,0.99,0.99,1.0,0.98
42,0.99,1.0,0.99,0.94,1.0,0.99,1.0,0.99
43,1.0,1.0,0.99,0.94,1.0,0.99,1.0,0.99
44,1.0,1.0,0.99,0.94,1.0,0.99,1.0,0.99
45,1.0,1.0,0.99,0.94,0.99,0.99,1.0,0.99
46,1.0,1.0,0.99,0.94,0.99,0.99,1.0,0.98
47,0.99,1.0,0.99,0.94,1.0,0.99,1.0,0.99
48,0.99,1.0,0.99,0.94,1.0,0.99,1.0,0.98
49,1.0,1.0,0.99,0.94,1.0,0.99,1.0,0.99
50,1.0,1.0,1.0,0.94,1.0,0.99,1.0,0.99
51,1.0,1.0,1.0,0.94,1.0,0.99,1.0,0.99
52,0.96,0.98,0.97,0.95,0.97,0.98,0.94,1.0
53,0.83,0.92,0.85,0.95,0.84,0.94,0.79,0.99
54,0.62,0.79,0.64,0.95,0.59,0.82,0.53,0.99
55,0.57,0.75,0.59,0.94,0.53,0.78,0.47,0.99
56,0.4,0.59,0.4,0.93,0.31,0.59,0.29,0.98
57,0.35,0.53,0.35,0.93,0.25,0.52,0.24,0.98
58,0.26,0.42,0.26,0.9,0.16,0.39,0.17,0.97
59,0.22,0.37,0.22,0.89,0.13,0.32,0.14,0.96
60,0.18,0.32,0.19,0.88,0.11,0.27,0.12,0.95
61,0.15,0.27,0.16,0.86,0.08,0.22,0.1,0.94
62,0.13,0.24,0.14,0.85,0.07,0.19,0.08,0.93
63,0.1,0.19,0.11,0.8,0.05,0.14,0.06,0.91
64,0.09,0.17,0.1,0.79,0.05,0.12,0.06,0.91
65,0.07,0.14,0.08,0.77,0.04,0.1,0.05,0.88
66,0.07,0.14,0.08,0.76,0.04,0.1,0.05,0.88
67,0.06,0.11,0.06,0.72,0.03,0.08,0.04,0.86
68,0.05,0.1,0.06,0.71,0.03,0.07,0.04,0.85
69,0.05,0.1,0.05,0.7,0.03,0.06,0.03,0.84
70,0.04,0.08,0.04,0.68,0.02,0.05,0.03,0.82
71,0.04,0.07,0.04,0.66,0.02,0.05,0.03,0.81
72,0.03,0.06,0.03,0.63,0.02,0.04,0.02,0.78
73,0.03,0.05,0.03,0.62,0.02,0.04,0.02,0.78
74,0.02,0.05,0.03,0.59,0.01,0.03,0.02,0.76
75,0.02,0.04,0.02,0.58,0.01,0.03,0.02,0.75
76,0.02,0.04,0.02,0.56,0.01,0.03,0.02,0.73
77,0.02,0.03,0.02,0.55,0.01,0.02,0.01,0.72
78,0.02,0.03,0.02,0.53,0.01,0.02,0.01,0.71
79,0.01,0.03,0.02,0.52,0.01,0.02,0.01,0.69
80,0.01,0.03,0.02,0.51,0.01,0.02,0.01,0.68
81,0.01,0.03,0.01,0.5,0.01,0.02,0.01,0.67
82,0.01,0.02,0.01,0.49,0.01,0.02,0.01,0.66
83,0.01,0.02,0.01,0.48,0.01,0.02,0.01,0.65
84,0.01,0.02,0.01,0.46,0.01,0.01,0.01,0.64
85,0.01,0.02,0.01,0.46,0.01,0.01,0.01,0.62
86,0.01,0.02,0.01,0.44,0.01,0.01,0.01,0.62
87,0.01,0.02,0.01,0.44,0.01,0.01,0.01,0.59
88,0.01,0.02,0.01,0.42,0.01,0.01,0.01,0.59
89,0.01,0.02,0.01,0.42,0.01,0.01,0.01,0.59
90,0.01,0.02,0.01,0.41,0.01,0.01,0.01,0.57
91,0.01,0.02,0.01,0.4,0.01,0.01,0.01,0.56
92,0.01,0.01,0.01,0.39,0.01,0.01,0.01,0.55
93,0.01,0.02,0.01,0.4,0.01,0.01,0.01,0.54
94,0.01,0.01,0.01,0.39,0.01,0.01,0.01,0.53
95,0.01,0.01,0.01,0.38,0.01,0.01,0.01,0.52
96,0.0,0.01,0.01,0.37,0.01,0.01,0.01,0.51
97,0.0,0.01,0.01,0.37,0.0,0.01,0.01,0.51
98,0.0,0.01,0.01,0.37,0.0,0.01,0.01,0.5
99,0.0,0.01,0.01,0.36,0.0,0.01,0.01,0.48
100,0.0,0.01,0.01,0.35,0.0,0.01,0.01,0.48
101,0.0,0.01,0.01,0.35,0.0,0.01,0.01,0.47
102,0.0,0.01,0.01,0.34,0.0,0.01,0.01,0.45
103,0.0,0.01,0.01,0.34,0.0,0.01,0.01,0.45
104,0.0,0.01,0.01,0.33,0.0,0.01,0.0,0.44
105,0.0,0.01,0.01,0.33,0.0,0.01,0.0,0.43
106,0.0,0.01,0.01,0.33,0.0,0.01,0.0,0.42
107,0.0,0.01,0.01,0.32,0.0,0.01,0.0,0.42
108,0.0,0.01,0.01,0.32,0.0,0.01,0.0,0.41
109,0.0,0.01,0.01,0.32,0.0,0.0,0.0,0.4
110,0.0,0.01,0.01,0.31,0.0,0.0,0.0,0.4
111,0.0,0.01,0.01,0.31,0.0,0.0,0.0,0.39
112,0.0,0.01,0.0,0.31,0.0,0.0,0.0,0.38
113,0.0,0.01,0.01,0.3,0.0,0.0,0.0,0.38
114,0.0,0.01,0.01,0.3,0.0,0.0,0.0,0.37
115,0.0,0.01,0.01,0.3,0.0,0.0,0.0,0.36
116,0.0,0.0,0.01,0.3,0.0,0.0,0.0,0.36
117,0.0,0.0,0.01,0.28,0.0,0.0,0.0,0.35
118,0.0,0.0,0.01,0.28,0.0,0.0,0.0,0.34
119,0.0,0.0,0.0,0.28,0.0,0.0,0.0,0.33
120,0.0,0.0,0.0,0.27,0.0,0.0,0.0,0.32
121,0.0,0.0,0.0,0.27,0.0,0.0,0.0,0.31
122,0.0,0.0,0.0,0.27,0.0,0.0,0.0,0.31
123,0.0,0.0,0.0,0.25,0.0,0.0,0.0,0.3
124,0.0,0.0,0.0,0.25,0.0,0.0,0.0,0.3
125,0.0,0.0,0.0,0.25,0.0,0.0,0.0,0.29
126,0.0,0.0,0.0,0.25,0.0,0.0,0.0,0.27
127,0.0,0.0,0.0,0.24,0.0,0.0,0.0,0.27
128,0.0,0.0,0.0,0.24,0.0,0.0,0.0,0.27
129,0.0,0.0,0.0,0.24,0.0,0.0,0.0,0.26
130,0.0,0.0,0.0,0.22,0.0,0.0,0.0,0.25
131,0.0,0.0,0.0,0.22,0.0,0.0,0.0,0.25
132,0.0,0.0,0.0,0.22,0.0,0.0,0.0,0.24
133,0.0,0.0,0.0,0.21,0.0,0.0,0.0,0.23
134,0.0,0.0,0.0,0.21,0.0,0.0,0.0,0.23
135,0.0,0.0,0.0,0.2,0.0,0.0,0.0,0.22
136,0.0,0.0,0.0,0.19,0.0,0.0,0.0,0.2
137,0.0,0.0,0.0,0.19,0.0,0.0,0.0,0.2
138,0.0,0.0,0.0,0.18,0.0,0.0,0.0,0.19
139,0.0,0.0,0.0,0.17,0.0,0.0,0.0,0.18
140,0.0,0.0,0.0,0.17,0.0,0.0,0.0,0.18
141,0.0,0.0,0.0,0.16,0.0,0.0,0.0,0.16
142,0.0,0.0,0.0,0.15,0.0,0.0,0.0,0.15
143,0.0,0.0,0.0,0.14,0.0,0.0,0.0,0.15
144,0.0,0.0,0.0,0.13,0.0,0.0,0.0,0.14
145,0.0,0.0,0.0,0.12,0.0,0.0,0.0,0.12
146,0.0,0.0,0.0,0.11,0.0,0.0,0.0,0.12
147,0.0,0.0,0.0,0.11,0.0,0.0,0.0,0.11
148,0.0,0.0,0.0,0.09,0.0,0.0,0.0,0.09
149,0.0,0.0,0.0,0.08,0.0,0.0,0.0,0.08
150,0.0,0.0,0.0,0.06,0.0,0.0,0.0,0.07
151,0.01,0.0,0.0,0.04,0.0,0.0,0.0,0.05
152,0.02,0.01,0.01,0.04,0.01,0.0,0.01,0.05
153,0.03,0.02,0.02,0.03,0.01,0.01,0.02,0.03
154,0.05,0.03,0.04,0.02,0.02,0.01,0.03,0.03
155,0.09,0.07,0.07,0.01,0.04,0.02,0.05,0.02
156,0.15,0.11,0.11,0.0,0.07,0.04,0.07,0.01
157,0.18,0.14,0.13,0.0,0.09,0.05,0.09,0.01
158,0.22,0.18,0.17,0.0,0.11,0.07,0.11,0.0
159,0.25,0.21,0.2,0.0,0.13,0.09,0.13,0.0
160,0.3,0.26,0.24,0.01,0.16,0.11,0.16,0.0
161,0.34,0.29,0.27,0.01,0.18,0.13,0.18,0.0
162,0.4,0.36,0.33,0.03,0.23,0.17,0.22,0.0
163,0.43,0.39,0.35,0.04,0.25,0.19,0.24,0.0
164,0.47,0.42,0.38,0.05,0.27,0.21,0.26,0.01
165,0.51,0.48,0.43,0.07,0.31,0.24,0.29,0.01
166,0.53,0.49,0.44,0.08,0.32,0.26,0.31,0.01
167,0.56,0.52,0.47,0.09,0.34,0.27,0.32,0.02
168,0.6,0.57,0.51,0.11,0.38,0.31,0.36,0.02
169,0.64,0.61,0.54,0.13,0.41,0.35,0.39,0.03
170,0.66,0.64,0.57,0.14,0.44,0.37,0.41,0.03
171,0.68,0.65,0.58,0.16,0.45,0.39,0.42,0.03
172,0.71,0.69,0.62,0.18,0.48,0.42,0.45,0.04
173,0.73,0.71,0.63,0.19,0.5,0.44,0.47,0.05
174,0.74,0.73,0.65,0.2,0.52,0.46,0.49,0.05
175,0.77,0.76,0.68,0.22,0.55,0.49,0.51,0.05
176,0.78,0.77,0.69,0.24,0.57,0.51,0.53,0.06
177,0.79,0.79,0.71,0.25,0.59,0.54,0.55,0.07
178,0.8,0.8,0.72,0.27,0.6,0.54,0.56,0.07
179,0.82,0.82,0.75,0.3,0.63,0.58,0.59,0.08
180,0.83,0.83,0.76,0.3,0.64,0.6,0.6,0.08
181,0.84,0.84,0.77,0.32,0.66,0.62,0.61,0.09
182,0.85,0.85,0.78,0.33,0.67,0.63,0.63,0.09
183,0.85,0.86,0.79,0.34,0.68,0.64,0.64,0.1
184,0.87,0.87,0.8,0.35,0.7,0.66,0.65,0.11
185,0.87,0.88,0.81,0.36,0.71,0.67,0.66,0.11
186,0.87,0.88,0.82,0.37,0.72,0.69,0.67,0.12
187,0.88,0.89,0.82,0.38,0.73,0.7,0.68,0.12
188,0.88,0.9,0.83,0.39,0.74,0.71,0.7,0.13
189,0.89,0.9,0.84,0.41,0.75,0.73,0.71,0.14
190,0.9,0.91,0.85,0.41,0.76,0.74,0.72,0.14
191,0.9,0.91,0.85,0.42,0.77,0.75,0.72,0.14
192,0.9,0.92,0.86,0.44,0.77,0.76,0.73,0.15
193,0.91,0.92,0.86,0.44,0.78,0.76,0.74,0.15
194,0.91,0.92,0.86,0.44,0.79,0.77,0.75,0.16
195,0.92,0.93,0.87,0.46,0.8,0.78,0.76,0.16
196,0.92,0.93,0.88,0.48,0.8,0.79,0.76,0.17
197,0.92,0.93,0.88,0.48,0.81,0.79,0.77,0.18
198,0.92,0.94,0.89,0.5,0.82,0.81,0.78,0.19
199,0.93,0.94,0.89,0.5,0.82,0.81,0.78,0.19
200,0.93,0.94,0.9,0.51,0.83,0.82,0.79,0.2
201,0.93,0.94,0.9,0.52,0.83,0.82,0.79,0.2
202,0.93,0.95,0.9,0.52,0.84,0.83,0.8,0.2
203,0.94,0.95,0.91,0.53,0.84,0.83,0.8,0.21
204,0.94,0.95,0.91,0.54,0.84,0.83,0.81,0.21
205,0.94,0.95,0.91,0.55,0.85,0.84,0.81,0.22
206,0.95,0.96,0.91,0.56,0.85,0.84,0.82,0.23
207,0.95,0.96,0.92,0.56,0.86,0.85,0.82,0.23
208,0.95,0.96,0.92,0.58,0.86,0.85,0.83,0.23
209,0.95,0.96,0.92,0.58,0.86,0.85,0.83,0.23
210,0.95,0.96,0.92,0.59,0.86,0.86,0.83,0.24
211,0.95,0.96,0.92,0.59,0.87,0.86,0.83,0.25
212,0.95,0.96,0.93,0.6,0.87,0.86,0.84,0.26
213,0.95,0.96,0.93,0.6,0.87,0.86,0.84,0.26
214,0.95,0.96,0.93,0.61,0.87,0.87,0.84,0.26
215,0.95,0.96,0.93,0.61,0.87,0.87,0.85,0.27
216,0.95,0.97,0.93,0.61,0.87,0.87,0.85,0.27
217,0.95,0.97,0.93,0.61,0.88,0.88,0.85,0.27
218,0.96,0.97,0.93,0.62,0.88,0.88,0.85,0.28
219,0.95,0.97,0.93,0.62,0.88,0.88,0.85,0.28
220,0.95,0.97,0.93,0.63,0.88,0.88,0.86,0.28
221,0.95,0.97,0.93,0.63,0.88,0.88,0.86,0.29
222,0.95,0.97,0.93,0.63,0.88,0.88,0.86,0.29
223,0.95,0.96,0.93,0.63,0.88,0.88,0.86,0.29
224,0.95,0.97,0.93,0.64,0.88,0.89,0.86,0.3
225,0.95,0.97,0.93,0.64,0.88,0.89,0.87,0.31
226,0.95,0.97,0.93,0.65,0.89,0.89,0.87,0.31
227,0.95,0.97,0.93,0.65,0.88,0.89,0.87,0.31
228,0.95,0.97,0.93,0.65,0.89,0.89,0.87,0.32
229,0.95,0.97,0.93,0.65,0.89,0.89,0.87,0.32
230,0.95,0.97,0.93,0.66,0.89,0.89,0.87,0.32
231,0.96,0.97,0.93,0.66,0.89,0.89,0.87,0.32
232,0.95,0.97,0.93,0.66,0.89,0.9,0.87,0.32
233,0.95,0.97,0.93,0.66,0.89,0.9,0.88,0.33
234,0.95,0.97,0.94,0.68,0.9,0.9,0.88,0.34
235,0.95,0.97,0.94,0.68,0.9,0.9,0.88,0.34
236,0.96,0.97,0.94,0.68,0.9,0.9,0.88,0.34
237,0.96,0.97,0.94,0.68,0.9,0.9,0.88,0.35
238,0.96,0.97,0.94,0.69,0.9,0.9,0.88,0.35
239,0.96,0.97,0.94,0.69,0.9,0.9,0.88,0.36
240,0.96,0.97,0.94,0.69,0.9,0.91,0.89,0.36
241,0.96,0.97,0.94,0.7,0.91,0.91,0.89,0.36
242,0.96,0.97,0.95,0.7,0.91,0.91,0.89,0.37
243,0.96,0.97,0.95,0.7,0.91,0.91,0.89,0.37
244,0.96,0.97,0.95,0.71,0.91,0.91,0.89,0.37
245,0.96,0.97,0.95,0.71,0.91,0.91,0.9,0.37
246,0.96,0.97,0.95,0.71,0.91,0.91,0.9,0.38
247,0.96,0.97,0.95,0.71,0.91,0.92,0.9,0.39
248,0.96,0.97,0.95,0.71,0.92,0.92,0.9,0.39
249,0.97,0.98,0.95,0.71,0.92,0.92,0.9,0.39
250,0.97,0.98,0.95,0.72,0.92,0.92,0.9,0.4
251,0.97,0.98,0.95,0.72,0.92,0.92,0.9,0.4
252,0.97,0.98,0.95,0.72,0.92,0.92,0.91,0.41
253,0.97,0.98,0.95,0.73,0.92,0.92,0.91,0.41
254,0.97,0.98,0.95,0.72,0.92,0.92,0.91,0.41
255,0.97,0.98,0.95,0.72,0.92,0.92,0.91,0.41
256,0.97,0.98,0.95,0.73,0.92,0.92,0.91,0.42
257,0.97,0.98,0.95,0.73,0.92,0.92,0.91,0.42
258,0.97,0.98,0.95,0.74,0.92,0.92,0.91,0.42
259,0.97,0.98,0.95,0.74,0.92,0.93,0.91,0.42
260,0.97,0.98,0.95,0.74,0.92,0.93,0.91,0.42
261,0.97,0.98,0.96,0.74,0.92,0.93,0.92,0.44
262,0.97,0.98,0.96,0.74,0.92,0.93,0.91,0.44
263,0.97,0.98,0.95,0.76,0.92,0.93,0.92,0.44
264,0.97,0.98,0.95,0.74,0.92,0.93,0.92,0.44
265,0.97,0.98,0.95,0.74,0.92,0.93,0.92,0.44
266,0.97,0.98,0.96,0.76,0.92,0.94,0.92,0.45
267,0.97,0.98,0.95,0.76,0.92,0.93,0.92,0.45
268,0.97,0.98,0.95,0.76,0.92,0.94,0.92,0.46
269,0.97,0.98,0.95,0.76,0.92,0.94,0.92,0.46
270,0.97,0.99,0.95,0.76,0.93,0.94,0.92,0.46
271,0.97,0.98,0.96,0.76,0.92,0.94,0.92,0.46
272,0.97,0.98,0.95,0.76,0.93,0.94,0.92,0.46
273,0.97,0.98,0.96,0.76,0.93,0.94,0.92,0.47
274,0.97,0.98,0.96,0.76,0.93,0.94,0.92,0.48
275,0.97,0.98,0.96,0.77,0.93,0.94,0.92,0.48
276,0.97,0.98,0.96,0.77,0.93,0.94,0.92,0.48
277,0.97,0.98,0.96,0.77,0.93,0.94,0.92,0.48
278,0.97,0.98,0.96,0.78,0.93,0.94,0.92,0.48
279,0.97,0.98,0.96,0.77,0.93,0.94,0.92,0.48
280,0.97,0.98,0.96,0.77,0.93,0.94,0.92,0.49
281,0.97,0.98,0.96,0.78,0.93,0.94,0.93,0.49
282,0.97,0.98,0.96,0.78,0.93,0.94,0.93,0.5
283,0.97,0.99,0.96,0.79,0.93,0.95,0.93,0.5
284,0.97,0.99,0.96,0.79,0.94,0.95,0.93,0.5
285,0.98,0.99,0.96,0.79,0.94,0.95,0.93,0.5
286,0.98,0.99,0.96,0.79,0.94,0.95,0.93,0.5
287,0.97,0.99,0.96,0.79,0.94,0.95,0.93,0.51
288,0.98,0.99,0.96,0.79,0.94,0.95,0.93,0.51
289,0.97,0.99,0.96,0.79,0.94,0.95,0.93,0.51
290,0.97,0.98,0.96,0.79,0.94,0.95,0.93,0.51
291,0.97,0.98,0.96,0.8,0.94,0.95,0.93,0.51
292,0.97,0.98,0.96,0.8,0.94,0.95,0.93,0.52
293,0.97,0.98,0.96,0.8,0.94,0.95,0.93,0.52
294,0.97,0.98,0.96,0.79,0.94,0.95,0.93,0.52
295,0.97,0.98,0.96,0.8,0.94,0.95,0.93,0.52
296,0.97,0.98,0.96,0.8,0.94,0.95,0.93,0.53
297,0.97,0.98,0.96,0.8,0.94,0.95,0.93,0.52
298,0.97,0.98,0.96,0.8,0.94,0.95,0.93,0.53
299,0.97,0.98,0.96,0.8,0.94,0.95,0.93,0.54
300,0.97,0.98,0.95,0.8,0.93,0.95,0.93,0.54
301,0.97,0.97,0.95,0.8,0.93,0.95,0.93,0.54
302,0.96,0.97,0.95,0.79,0.93,0.95,0.93,0.54
303,0.96,0.98,0.95,0.79,0.93,0.95,0.93,0.54
304,0.96,0.98,0.95,0.79,0.93,0.95,0.93,0.54
305,0.96,0.98,0.95,0.8,0.93,0.95,0.93,0.54
306,0.96,0.98,0.95,0.8,0.93,0.95,0.93,0.54
307,0.96,0.98,0.95,0.8,0.94,0.95,0.93,0.55
308,0.96,0.98,0.95,0.8,0.94,0.95,0.93,0.55
309,0.97,0.98,0.95,0.81,0.94,0.95,0.93,0.55
310,0.97,0.98,0.96,0.81,0.94,0.95,0.94,0.55
311,0.97,0.98,0.96,0.81,0.94,0.95,0.94,0.55
312,0.97,0.98,0.96,0.8,0.94,0.95,0.94,0.56
313,0.97,0.98,0.96,0.81,0.94,0.95,0.94,0.56
314,0.97,0.98,0.96,0.81,0.94,0.95,0.94,0.57
315,0.97,0.98,0.96,0.81,0.94,0.95,0.94,0.57
316,0.97,0.98,0.96,0.81,0.94,0.95,0.94,0.57
317,0.97,0.98,0.96,0.82,0.94,0.95,0.94,0.58
318,0.97,0.98,0.96,0.81,0.94,0.95,0.93,0.58
319,0.97,0.98,0.96,0.81,0.94,0.95,0.94,0.58
320,0.97,0.98,0.96,0.81,0.94,0.95,0.94,0.58
321,0.97,0.98,0.96,0.82,0.94,0.95,0.94,0.58
322,0.97,0.98,0.96,0.82,0.94,0.95,0.94,0.58
323,0.97,0.98,0.96,0.82,0.94,0.96,0.94,0.59
324,0.97,0.98,0.96,0.82,0.95,0.96,0.94,0.59
325,0.97,0.98,0.96,0.83,0.94,0.96,0.94,0.59
326,0.97,0.98,0.96,0.82,0.94,0.96,0.94,0.59
327,0.97,0.98,0.96,0.82,0.94,0.95,0.94,0.59
328,0.97,0.98,0.96,0.82,0.94,0.95,0.94,0.59
329,0.97,0.97,0.96,0.82,0.94,0.95,0.94,0.59
330,0.97,0.98,0.96,0.82,0.95,0.96,0.94,0.6
331,0.97,0.98,0.96,0.82,0.94,0.96,0.94,0.6
332,0.97,0.97,0.96,0.82,0.94,0.95,0.94,0.6
333,0.97,0.98,0.96,0.83,0.94,0.96,0.94,0.61
334,0.97,0.98,0.96,0.83,0.94,0.96,0.94,0.61
335,0.97,0.98,0.96,0.83,0.95,0.96,0.94,0.61
336,0.97,0.98,0.96,0.83,0.95,0.96,0.94,0.62
337,0.97,0.98,0.96,0.83,0.94,0.96,0.94,0.62
338,0.96,0.98,0.96,0.83,0.95,0.96,0.94,0.62
339,0.97,0.98,0.96,0.83,0.94,0.96,0.95,0.62
340,0.97,0.98,0.96,0.83,0.95,0.96,0.95,0.62
341,0.97,0.98,0.96,0.83,0.94,0.96,0.95,0.63
342,0.97,0.98,0.96,0.85,0.95,0.96,0.94,0.63
343,0.97,0.98,0.96,0.85,0.95,0.96,0.95,0.63
344,0.97,0.98,0.96,0.85,0.95,0.96,0.95,0.63
345,0.97,0.98,0.96,0.85,0.95,0.96,0.95,0.63
346,0.97,0.98,0.96,0.85,0.95,0.96,0.95,0.64
347,0.97,0.98,0.96,0.85,0.95,0.96,0.95,0.64
348,0.97,0.98,0.96,0.85,0.95,0.96,0.95,0.64
349,0.97,0.98,0.96,0.85,0.95,0.96,0.95,0.64
350,0.97,0.98,0.96,0.85,0.95,0.96,0.95,0.64
351,0.97,0.98,0.96,0.85,0.95,0.96,0.95,0.64
352,0.97,0.98,0.96,0.85,0.95,0.96,0.95,0.65
353,0.97,0.98,0.96,0.86,0.95,0.97,0.95,0.65
354,0.97,0.99,0.97,0.86,0.95,0.97,0.95,0.66
355,0.97,0.99,0.97,0.85,0.95,0.97,0.96,0.66
356,0.97,0.98,0.97,0.86,0.95,0.96,0.95,0.66
357,0.97,0.98,0.97,0.86,0.96,0.96,0.96,0.66
358,0.97,0.98,0.96,0.86,0.95,0.96,0.95,0.66
359,0.97,0.98,0.96,0.86,0.95,0.96,0.96,0.66
360,0.97,0.98,0.96,0.85,0.95,0.96,0.95,0.66
361,0.97,0.98,0.96,0.86,0.95,0.96,0.95,0.66
362,0.97,0.98,0.96,0.86,0.95,0.97,0.96,0.66
363,0.97,0.98,0.96,0.86,0.96,0.96,0.96,0.68
364,0.97,0.98,0.97,0.86,0.95,0.97,0.96,0.68
365,0.97,0.98,0.97,0.86,0.96,0.97,0.96,0.68
366,0.97,0.98,0.97,0.86,0.96,0.97,0.96,0.68
367,0.98,0.98,0.97,0.86,0.96,0.97,0.96,0.68
368,0.97,0.98,0.97,0.86,0.96,0.97,0.96,0.68
369,0.98,0.98,0.97,0.86,0.96,0.97,0.96,0.68
370,0.98,0.98,0.97,0.86,0.96,0.97,0.96,0.68
371,0.98,0.98,0.97,0.86,0.96,0.97,0.96,0.68
372,0.98,0.98,0.97,0.87,0.96,0.97,0.96,0.69
373,0.98,0.98,0.97,0.86,0.96,0.97,0.96,0.69
374,0.98,0.98,0.97,0.87,0.96,0.97,0.96,0.69
375,0.98,0.98,0.97,0.87,0.96,0.97,0.96,0.7
376,0.98,0.98,0.97,0.87,0.96,0.96,0.96,0.69
377,0.98,0.98,0.97,0.87,0.96,0.97,0.96,0.7
378,0.98,0.98,0.97,0.87,0.96,0.97,0.97,0.7
379,0.98,0.98,0.97,0.87,0.96,0.97,0.96,0.71
380,0.98,0.98,0.97,0.87,0.96,0.97,0.96,0.71
381,0.98,0.98,0.97,0.88,0.96,0.97,0.96,0.71
382,0.97,0.98,0.97,0.88,0.96,0.97,0.96,0.71
383,0.98,0.98,0.97,0.88,0.97,0.97,0.97,0.71
384,0.98,0.98,0.98,0.88,0.97,0.97,0.97,0.71
385,0.98,0.98,0.98,0.88,0.97,0.97,0.97,0.72
386,0.98,0.99,0.98,0.88,0.97,0.98,0.97,0.72
387,0.98,0.99,0.98,0.88,0.97,0.97,0.97,0.72
388,0.98,0.99,0.98,0.88,0.97,0.97,0.97,0.72
389,0.98,0.99,0.98,0.88,0.97,0.97,0.97,0.73
390,0.98,0.99,0.98,0.89,0.97,0.98,0.97,0.73
391,0.98,0.99,0.98,0.89,0.97,0.98,0.97,0.73
392,0.98,0.99,0.98,0.89,0.97,0.98,0.97,0.73
393,0.98,0.99,0.98,0.89,0.97,0.98,0.97,0.73
394,0.98,0.99,0.98,0.9,0.97,0.98,0.97,0.73
395,0.98,0.99,0.98,0.9,0.97,0.98,0.97,0.74
396,0.98,0.99,0.98,0.9,0.97,0.98,0.97,0.74
397,0.98,0.99,0.98,0.9,0.98,0.98,0.97,0.74
398,0.98,0.99,0.98,0.9,0.97,0.98,0.97,0.74
399,0.98,0.99,0.98,0.9,0.97,0.98,0.97,0.74
400,0.98,0.99,0.98,0.9,0.97,0.98,0.97,0.74
401,0.98,0.99,0.98,0.9,0.97,0.97,0.97,0.74
402,0.98,0.99,0.98,0.9,0.97,0.98,0.97,0.75
403,0.98,0.99,0.98,0.9,0.97,0.98,0.97,0.75
404,0.98,0.99,0.98,0.9,0.97,0.98,0.97,0.75
405,0.98,0.99,0.98,0.92,0.97,0.98,0.97,0.75
406,0.98,0.99,0.98,0.92,0.97,0.98,0.97,0.75
407,0.98,0.99,0.98,0.92,0.97,0.98,0.97,0.75
408,0.98,0.99,0.98,0.92,0.98,0.98,0.97,0.75
409,0.98,0.99,0.98,0.92,0.98,0.98,0.98,0.76
410,0.98,0.99,0.98,0.92,0.98,0.98,0.98,0.76
411,0.98,0.99,0.98,0.92,0.98,0.99,0.98,0.76
412,0.99,0.99,0.98,0.93,0.98,0.99,0.98,0.77
413,0.98,0.99,0.98,0.93,0.98,0.98,0.98,0.77
414,0.99,0.99,0.98,0.93,0.98,0.98,0.98,0.77
415,0.98,0.99,0.98,0.93,0.97,0.99,0.97,0.75
416,0.98,0.99,0.98,0.93,0.97,0.98,0.98,0.77
417,0.98,0.99,0.98,0.93,0.97,0.98,0.97,0.77
418,0.98,0.99,0.98,0.93,0.97,0.99,0.98,0.78
419,0.98,0.99,0.98,0.93,0.98,0.98,0.98,0.78
420,0.98,0.99,0.98,0.93,0.97,0.99,0.98,0.78
421,0.98,0.99,0.98,0.93,0.98,0.99,0.98,0.78
422,0.98,0.99,0.98,0.93,0.98,0.99,0.98,0.78
423,0.98,0.99,0.98,0.93,0.97,0.99,0.98,0.78
424,0.99,0.99,0.98,0.93,0.98,0.99,0.98,0.78
425,0.98,0.99,0.98,0.93,0.97,0.98,0.97,0.78
426,0.98,0.99,0.98,0.93,0.97,0.98,0.97,0.79
427,0.98,0.99,0.98,0.93,0.98,0.99,0.97,0.78
428,0.98,0.99,0.98,0.93,0.97,0.99,0.98,0.79
429,0.98,0.99,0.98,0.93,0.97,0.99,0.98,0.79
430,0.98,0.99,0.98,0.93,0.97,0.99,0.98,0.79
431,0.98,0.99,0.98,0.93,0.97,0.99,0.97,0.79
432,0.98,0.99,0.98,0.93,0.97,0.99,0.98,0.8
433,0.98,0.99,0.98,0.93,0.98,0.99,0.98,0.8
434,0.98,0.99,0.98,0.93,0.97,0.99,0.98,0.79
435,0.98,0.99,0.98,0.93,0.98,0.99,0.97,0.8
436,0.98,0.99,0.98,0.93,0.97,0.99,0.98,0.81
437,0.98,0.99,0.98,0.93,0.98,0.99,0.98,0.8
438,0.98,0.99,0.98,0.94,0.98,0.99,0.98,0.81
439,0.98,0.99,0.98,0.93,0.98,0.99,0.98,0.8
440,0.98,0.99,0.98,0.93,0.97,0.99,0.97,0.81
441,0.98,0.99,0.98,0.93,0.98,0.99,0.98,0.81
442,0.98,0.99,0.98,0.93,0.98,0.99,0.98,0.81
443,0.99,0.99,0.98,0.93,0.97,0.99,0.98,0.81
444,0.98,0.99,0.98,0.93,0.98,0.99,0.98,0.81
445,0.98,0.99,0.98,0.94,0.98,0.99,0.97,0.81
446,0.98,0.99,0.98,0.94,0.98,0.99,0.98,0.82
447,0.98,0.99,0.98,0.93,0.98,0.99,0.98,0.81
448,0.98,0.99,0.98,0.94,0.98,0.99,0.98,0.82
449,0.98,0.99,0.98,0.94,0.98,0.99,0.98,0.82
450,0.98,0.99,0.98,0.93,0.98,0.99,0.98,0.83
451,0.98,0.99,0.98,0.94,0.98,0.99,0.98,0.83
452,0.98,1.0,0.98,0.94,0.98,0.99,0.98,0.83
453,0.99,1.0,0.98,0.95,0.98,0.99,0.98,0.83
454,0.99,1.0,0.98,0.94,0.98,0.99,0.98,0.83
455,0.99,1.0,0.98,0.94,0.98,0.99,0.98,0.83
456,0.99,1.0,0.98,0.94,0.98,1.0,0.98,0.84
457,0.98,0.99,0.98,0.94,0.98,0.99,0.98,0.83
458,0.98,0.99,0.98,0.94,0.98,0.99,0.98,0.83
459,0.98,0.99,0.98,0.94,0.98,0.99,0.98,0.83
460,0.98,0.99,0.98,0.94,0.98,0.99,0.98,0.83
461,0.98,0.99,0.98,0.94,0.98,0.99,0.98,0.83
462,0.98,1.0,0.98,0.94,0.98,0.99,0.98,0.83
463,0.98,1.0,0.98,0.94,0.98,0.99,0.98,0.84
464,0.98,1.0,0.98,0.94,0.98,0.99,0.98,0.84
465,0.98,0.99,0.98,0.94,0.98,0.99,0.98,0.83
466,0.98,0.99,0.98,0.94,0.98,0.99,0.98,0.84
467,0.98,0.99,0.98,0.94,0.98,0.99,0.98,0.84
468,0.98,0.99,0.98,0.94,0.98,0.99,0.98,0.84
469,0.98,0.99,0.98,0.95,0.98,0.99,0.98,0.85
470,0.98,0.99,0.98,0.94,0.97,0.99,0.98,0.84
471,0.98,0.99,0.98,0.94,0.98,0.99,0.98,0.85
472,0.98,0.99,0.98,0.94,0.98,0.99,0.98,0.85
473,0.98,0.99,0.98,0.95,0.98,0.99,0.98,0.86
474,0.98,0.99,0.98,0.95,0.97,0.99,0.98,0.85
475,0.98,0.99,0.98,0.95,0.98,0.99,0.98,0.85
476,0.98,0.99,0.98,0.95,0.98,0.99,0.98,0.86
477,0.98,0.99,0.98,0.95,0.98,0.99,0.98,0.85
478,0.98,0.99,0.98,0.95,0.98,0.99,0.98,0.86
479,0.98,0.99,0.98,0.95,0.98,0.99,0.98,0.86
480,0.98,0.99,0.98,0.95,0.98,0.99,0.98,0.86
481,0.99,0.99,0.98,0.95,0.98,0.99,0.98,0.86
482,0.99,1.0,0.98,0.95,0.98,0.99,0.98,0.86
483,0.99,0.99,0.98,0.96,0.98,0.99,0.98,0.86
484,0.98,0.99,0.98,0.96,0.98,0.99,0.98,0.87
485,0.99,0.99,0.98,0.95,0.98,0.99,0.98,0.86
486,0.98,0.99,0.98,0.96,0.98,0.99,0.98,0.86
487,0.98,0.99,0.98,0.96,0.98,0.99,0.98,0.87
488,0.98,1.0,0.98,0.96,0.98,0.99,0.98,0.87
489,0.98,0.99,0.98,0.96,0.98,0.99,0.99,0.87
490,0.98,0.99,0.98,0.96,0.98,0.99,0.98,0.88
491,0.99,0.99,0.98,0.96,0.98,0.99,0.98,0.88
492,0.99,0.99,0.98,0.96,0.98,0.99,0.98,0.88
493,0.99,1.0,0.98,0.96,0.98,0.99,0.98,0.88
494,0.99,1.0,0.98,0.97,0.98,0.99,0.99,0.89
495,0.99,1.0,0.99,0.97,0.98,0.99,0.99,0.89
496,0.99,1.0,0.99,0.96,0.99,0.99,0.99,0.89
497,0.99,1.0,0.99,0.96,0.98,0.99,0.99,0.89
498,0.99,1.0,0.99,0.97,0.98,0.99,0.99,0.89
499,0.99,1.0,0.99,0.96,0.98,0.99,0.99,0.89
500,0.99,1.0,0.99,0.96,0.98,1.0,0.99,0.89
501,0.99,1.0,0.99,0.97,0.99,0.99,0.99,0.89
502,0.99,1.0,0.99,0.97,0.99,1.0,0.99,0.89
503,0.99,1.0,0.99,0.97,0.99,0.99,0.99,0.89
504,0.99,0.99,0.98,0.96,0.99,0.99,0.99,0.89
505,0.98,1.0,0.98,0.97,0.98,0.99,0.98,0.89
506,0.99,1.0,0.98,0.96,0.98,0.99,0.99,0.89
507,0.98,1.0,0.98,0.96,0.98,0.99,0.99,0.89
508,0.98,1.0,0.98,0.96,0.98,0.99,0.99,0.9
509,0.98,1.0,0.98,0.96,0.98,0.99,0.99,0.89
510,0.98,1.0,0.98,0.96,0.98,0.99,0.99,0.89
511,0.98,1.0,0.98,0.97,0.98,1.0,0.99,0.9
512,0.98,1.0,0.98,0.97,0.98,0.99,0.98,0.91
513,0.98,0.99,0.98,0.97,0.98,0.99,0.98,0.9
514,0.98,0.99,0.98,0.96,0.98,0.99,0.98,0.9
515,0.98,0.99,0.98,0.96,0.98,0.99,0.98,0.9
516,0.98,0.99,0.97,0.96,0.98,0.99,0.98,0.91
517,0.98,0.99,0.98,0.96,0.98,0.99,0.98,0.9
518,0.98,0.99,0.97,0.96,0.98,0.99,0.98,0.91
519,0.98,0.99,0.97,0.96,0.98,0.99,0.98,0.9
520,0.98,0.99,0.97,0.96,0.97,0.99,0.98,0.9
521,0.98,0.99,0.97,0.96,0.98,0.99,0.98,0.91
522,0.98,0.99,0.98,0.96,0.98,0.99,0.98,0.91
523,0.98,0.99,0.98,0.96,0.98,1.0,0.98,0.91
524,0.98,1.0,0.98,0.97,0.98,0.99,0.98,0.92
525,0.98,1.0,0.98,0.97,0.98,0.99,0.98,0.92
526,0.98,1.0,0.98,0.97,0.98,1.0,0.99,0.92
527,0.98,1.0,0.98,0.96,0.98,1.0,0.99,0.92
528,0.99,1.0,0.98,0.97,0.98,0.99,0.99,0.92
529,0.99,1.0,0.98,0.97,0.98,1.0,0.99,0.92
530,0.99,1.0,0.98,0.97,0.98,1.0,0.99,0.92
531,0.99,1.0,0.98,0.97,0.99,1.0,0.99,0.92
532,0.99,1.0,0.98,0.97,0.98,1.0,0.99,0.92
533,0.99,1.0,0.98,0.97,0.98,1.0,0.99,0.92
534,0.98,1.0,0.98,0.97,0.98,1.0,0.99,0.92
535,0.99,1.0,0.98,0.97,0.98,1.0,0.99,0.93
536,0.98,1.0,0.98,0.97,0.98,0.99,0.99,0.93
537,0.98,1.0,0.98,0.97,0.98,1.0,0.98,0.93
538,0.98,0.99,0.98,0.97,0.98,1.0,0.99,0.93
539,0.98,0.99,0.98,0.97,0.98,0.99,0.98,0.93
540,0.98,1.0,0.98,0.97,0.98,1.0,0.98,0.93
541,0.98,0.99,0.98,0.97,0.98,0.99,0.98,0.93
542,0.98,1.0,0.98,0.97,0.98,1.0,0.98,0.93
543,0.98,0.99,0.98,0.97,0.98,0.99,0.98,0.93
544,0.98,1.0,0.98,0.97,0.98,0.99,0.98,0.93
545,0.98,1.0,0.98,0.97,0.98,0.99,0.99,0.93
546,0.98,1.0,0.98,0.97,0.98,1.0,0.98,0.94
547,0.98,1.0,0.98,0.97,0.98,1.0,0.98,0.94
548,0.98,1.0,0.98,0.97,0.98,1.0,0.99,0.94
549,0.98,1.0,0.98,0.97,0.98,1.0,0.98,0.94
550,0.98,1.0,0.98,0.97,0.98,1.0,0.99,0.95
551,0.98,1.0,0.98,0.97,0.98,1.0,0.99,0.95
552,0.98,1.0,0.98,0.97,0.98,0.99,0.99,0.93
553,0.98,1.0,0.98,0.96,0.98,1.0,0.98,0.94
554,0.98,1.0,0.97,0.96,0.98,1.0,0.98,0.95
555,0.98,1.0,0.98,0.97,0.98,1.0,0.98,0.95
556,0.98,0.99,0.97,0.97,0.98,0.99,0.98,0.95
557,0.98,1.0,0.97,0.97,0.98,1.0,0.98,0.95
558,0.98,1.0,0.98,0.97,0.98,1.0,0.99,0.95
559,0.98,1.0,0.98,0.97,0.98,1.0,0.99,0.95
560,0.98,1.0,0.98,0.97,0.98,1.0,0.99,0.95
561,0.98,1.0,0.98,0.97,0.98,1.0,0.99,0.95
562,0.98,1.0,0.98,0.99,0.98,1.0,0.99,0.95
563,0.98,1.0,0.98,0.97,0.98,1.0,0.99,0.95
564,0.98,1.0,0.98,0.99,0.98,1.0,0.99,0.95
565,0.98,1.0,0.98,0.99,0.98,1.0,0.99,0.95
566,0.98,1.0,0.98,0.99,0.98,1.0,0.99,0.96
567,0.98,1.0,0.98,0.97,0.98,1.0,0.99,0.96
568,0.98,1.0,0.98,0.97,0.98,1.0,0.99,0.96
569,0.98,1.0,0.98,0.97,0.98,1.0,0.99,0.96
570,0.98,1.0,0.98,0.97,0.98,0.99,0.99,0.96
571,0.98,1.0,0.98,0.97,0.98,1.0,0.99,0.96
572,0.98,1.0,0.98,0.99,0.98,1.0,0.99,0.96
573,0.98,1.0,0.98,0.99,0.98,1.0,0.99,0.97
574,0.98,1.0,0.98,0.97,0.98,1.0,0.99,0.96
575,0.98,1.0,0.98,0.99,0.98,1.0,0.99,0.97
576,0.98,1.0,0.98,0.99,0.98,1.0,0.99,0.96
577,0.98,1.0,0.98,0.99,0.98,1.0,0.99,0.97
578,0.98,1.0,0.98,0.99,0.98,1.0,0.99,0.97
579,0.98,1.0,0.98,0.99,0.98,0.99,0.99,0.97
580,0.98,1.0,0.98,0.99,0.98,1.0,0.99,0.97
581,0.98,1.0,0.98,0.99,0.98,1.0,0.99,0.98
582,0.98,0.99,0.97,0.99,0.98,1.0,0.98,0.97
583,0.98,0.99,0.97,0.99,0.98,1.0,0.98,0.97
584,0.98,0.99,0.97,0.99,0.98,1.0,0.98,0.97
585,0.98,0.99,0.97,0.99,0.98,0.99,0.98,0.98
586,0.98,0.99,0.97,0.99,0.98,0.99,0.98,0.98
587,0.97,0.99,0.97,0.99,0.98,1.0,0.98,0.98
588,0.97,0.99,0.97,0.99,0.98,1.0,0.98,0.98
589,0.98,0.99,0.97,0.99,0.98,1.0,0.98,0.98
590,0.98,0.99,0.97,0.99,0.98,1.0,0.98,0.98
591,0.97,1.0,0.97,0.99,0.98,0.99,0.98,0.98
592,0.98,1.0,0.97,0.99,0.98,1.0,0.98,0.98
593,0.98,1.0,0.97,1.0,0.98,1.0,0.98,0.98
594,0.98,0.99,0.97,1.0,0.98,1.0,0.98,0.98
595,0.97,0.99,0.97,1.0,0.98,1.0,0.98,0.98
596,0.98,0.99,0.97,1.0,0.98,1.0,0.98,0.98
597,0.98,0.99,0.97,1.0,0.98,1.0,0.98,0.98
598,0.98,1.0,0.97,1.0,0.98,1.0,0.98,0.98
599,0.98,0.99,0.97,1.0,0.98,1.0,0.98,0.98
