0,0.98,0.62,1.0,0.98,0.99,0.8,1.0,0.95
1,0.98,0.62,0.99,0.98,0.99,1.0,1.0,0.95
2,0.98,0.62,0.99,0.98,0.98,0.8,1.0,0.96
3,0.97,0.62,0.99,0.98,0.98,0.8,0.99,0.95
4,0.98,0.48,0.99,0.98,0.99,0.8,0.99,0.96
5,0.97,0.62,0.99,0.98,0.98,1.0,0.99,0.96
6,0.98,0.76,0.99,0.98,0.98,0.8,0.99,0.96
7,0.97,0.62,0.99,0.98,0.98,0.8,0.99,0.96
8,0.97,0.62,0.99,0.98,0.98,0.8,0.99,0.96
9,0.98,0.48,0.99,0.98,0.97,0.8,0.99,0.96
10,0.96,0.48,0.99,0.98,0.98,0.8,0.99,0.96
11,0.97,0.48,0.99,0.98,0.98,0.8,0.99,0.96
12,0.97,0.48,0.99,0.98,0.98,0.8,0.99,0.96
13,0.97,0.48,0.99,0.98,0.98,0.8,0.99,0.96
14,0.96,0.38,0.99,0.98,0.98,0.6,0.99,0.96
15,0.98,0.62,0.99,0.98,0.98,0.8,0.99,0.97
16,0.98,0.48,0.99,0.98,0.98,0.8,0.99,0.97
17,0.98,0.62,0.99,0.98,0.98,0.8,1.0,0.97
18,0.98,0.48,0.99,0.98,0.98,0.8,0.99,0.97
19,0.97,0.48,0.99,0.98,0.99,0.8,1.0,0.97
20,0.97,0.48,0.99,0.98,0.98,0.8,0.99,0.97
21,0.97,0.48,0.99,0.98,0.98,0.6,1.0,0.97
22,0.97,0.38,0.99,0.99,0.98,0.8,0.99,0.97
23,0.98,0.48,0.99,0.99,0.98,0.8,0.99,0.97
24,0.98,0.48,0.99,0.99,0.99,0.6,1.0,0.98
25,0.97,0.48,0.99,0.99,0.98,0.8,1.0,0.98
26,0.98,0.62,0.99,0.99,0.99,0.8,1.0,0.98
27,0.98,0.48,1.0,0.99,0.99,0.8,1.0,0.98
28,0.98,0.76,0.99,0.99,0.99,1.0,1.0,0.98
29,0.97,0.62,0.99,0.99,0.99,0.8,1.0,0.98
30,0.97,0.48,0.99,0.99,0.98,0.6,1.0,0.98
31,0.97,0.62,0.99,0.99,0.99,0.8,1.0,0.98
32,0.98,0.62,0.99,0.99,0.99,0.8,1.0,0.98
33,0.98,0.48,0.99,0.99,0.99,0.8,1.0,0.99
34,0.97,0.62,1.0,0.99,0.98,0.8,1.0,0.98
35,0.98,0.48,0.99,0.99,0.98,0.6,1.0,0.99
36,0.97,0.38,0.99,0.99,0.98,0.6,0.99,0.99
37,0.96,0.38,0.99,0.99,0.98,0.6,0.99,0.99
38,0.96,0.48,0.99,0.99,0.98,0.8,0.99,0.99
39,0.96,0.48,0.99,0.99,0.98,0.8,1.0,0.99
40,0.95,0.48,0.99,0.99,0.98,0.8,0.99,0.99
41,0.96,0.38,0.99,0.99,0.98,0.6,0.99,0.99
42,0.96,0.48,0.99,0.99,0.98,0.6,0.99,0.99
43,0.94,0.38,0.99,1.0,0.98,1.0,0.99,0.99
44,0.95,0.38,0.99,0.99,0.98,0.6,0.99,0.99
45,0.96,0.38,0.99,0.99,0.98,0.6,0.99,1.0
46,0.96,0.48,0.99,1.0,0.98,0.6,0.99,1.0
47,0.96,0.38,0.99,1.0,0.98,0.6,0.99,1.0
48,0.96,0.48,0.99,1.0,0.98,0.6,0.99,1.0
49,0.96,0.48,0.99,1.0,0.98,0.6,0.99,1.0
50,0.97,0.48,0.99,1.0,0.99,0.8,0.99,1.0
51,0.98,0.48,1.0,1.0,0.99,0.8,0.98,1.0
52,0.98,0.62,1.0,1.0,0.99,0.8,0.98,1.0
53,0.95,0.48,0.96,0.99,0.96,0.6,0.86,0.98
54,0.87,0.38,0.81,0.96,0.85,0.8,0.57,0.92
55,0.72,0.62,0.41,0.84,0.62,0.8,0.28,0.7
56,0.65,0.62,0.31,0.78,0.54,0.8,0.23,0.61
57,0.61,0.62,0.27,0.74,0.49,1.0,0.2,0.56
58,0.52,0.62,0.2,0.65,0.42,0.8,0.15,0.45
59,0.44,0.48,0.15,0.57,0.34,0.8,0.12,0.37
60,0.37,0.48,0.12,0.5,0.29,0.8,0.1,0.31
61,0.32,0.48,0.11,0.46,0.26,0.6,0.09,0.27
62,0.32,0.38,0.1,0.45,0.25,0.6,0.09,0.26
63,0.27,0.48,0.09,0.4,0.22,0.8,0.08,0.22
64,0.24,0.48,0.08,0.36,0.19,0.6,0.07,0.2
65,0.21,0.62,0.07,0.33,0.18,0.6,0.06,0.18
66,0.18,0.48,0.06,0.3,0.16,0.8,0.06,0.16
67,0.18,0.48,0.06,0.29,0.15,0.6,0.05,0.15
68,0.16,0.48,0.05,0.27,0.14,0.6,0.05,0.14
69,0.15,0.48,0.05,0.26,0.13,0.6,0.05,0.13
70,0.13,0.62,0.04,0.23,0.12,0.8,0.04,0.12
71,0.13,0.62,0.04,0.22,0.11,0.8,0.04,0.11
72,0.12,0.76,0.04,0.21,0.1,0.8,0.04,0.1
73,0.12,0.76,0.04,0.2,0.1,0.8,0.04,0.1
74,0.1,0.48,0.03,0.18,0.09,0.6,0.03,0.09
75,0.1,0.48,0.03,0.17,0.08,0.39,0.03,0.08
76,0.09,0.48,0.03,0.16,0.08,0.6,0.03,0.08
77,0.09,0.48,0.03,0.15,0.08,0.39,0.03,0.07
78,0.08,0.38,0.03,0.15,0.07,0.6,0.03,0.07
79,0.08,0.38,0.03,0.14,0.07,0.2,0.03,0.07
80,0.08,0.38,0.02,0.13,0.07,0.39,0.03,0.06
81,0.07,0.48,0.02,0.12,0.06,0.6,0.03,0.06
82,0.08,0.48,0.02,0.12,0.06,0.39,0.02,0.06
83,0.07,0.48,0.02,0.11,0.06,0.39,0.02,0.05
84,0.06,0.48,0.02,0.11,0.06,0.6,0.02,0.05
85,0.06,0.48,0.02,0.1,0.05,0.39,0.02,0.05
86,0.06,0.48,0.02,0.1,0.05,0.39,0.02,0.05
87,0.06,0.38,0.02,0.09,0.05,0.2,0.02,0.05
88,0.06,0.48,0.02,0.09,0.05,0.39,0.02,0.04
89,0.06,0.38,0.02,0.09,0.05,0.6,0.02,0.04
90,0.05,0.38,0.02,0.08,0.05,0.39,0.02,0.04
91,0.05,0.48,0.02,0.08,0.05,0.39,0.02,0.04
92,0.04,0.38,0.02,0.08,0.05,0.39,0.02,0.04
93,0.04,0.38,0.02,0.07,0.04,0.2,0.02,0.04
94,0.04,0.24,0.01,0.07,0.04,0.39,0.02,0.04
95,0.04,0.24,0.01,0.07,0.04,0.2,0.02,0.03
96,0.04,0.24,0.01,0.07,0.04,0.2,0.02,0.03
97,0.04,0.24,0.01,0.06,0.03,0.2,0.01,0.03
98,0.04,0.24,0.01,0.06,0.04,0.2,0.01,0.03
99,0.04,0.38,0.01,0.06,0.04,0.2,0.01,0.03
100,0.04,0.38,0.01,0.06,0.03,0.2,0.01,0.03
101,0.04,0.38,0.01,0.05,0.03,0.2,0.01,0.03
102,0.04,0.48,0.01,0.05,0.03,0.39,0.01,0.03
103,0.04,0.48,0.01,0.05,0.03,0.39,0.01,0.03
104,0.04,0.38,0.01,0.05,0.03,0.39,0.01,0.02
105,0.04,0.48,0.01,0.05,0.03,0.39,0.01,0.02
106,0.04,0.48,0.01,0.05,0.03,0.39,0.01,0.02
107,0.04,0.38,0.01,0.04,0.03,0.39,0.01,0.02
108,0.03,0.48,0.01,0.04,0.03,0.39,0.01,0.02
109,0.03,0.38,0.01,0.04,0.03,0.39,0.01,0.02
110,0.03,0.38,0.01,0.04,0.03,0.39,0.01,0.02
111,0.03,0.48,0.01,0.04,0.02,0.39,0.01,0.02
112,0.03,0.48,0.01,0.04,0.02,0.2,0.01,0.02
113,0.04,0.38,0.01,0.03,0.02,0.39,0.01,0.02
114,0.03,0.38,0.01,0.03,0.02,0.39,0.01,0.02
115,0.03,0.38,0.01,0.03,0.02,0.39,0.01,0.02
116,0.03,0.48,0.01,0.03,0.02,0.39,0.01,0.02
117,0.03,0.48,0.01,0.03,0.02,0.2,0.01,0.01
118,0.02,0.38,0.01,0.03,0.02,0.39,0.01,0.01
119,0.03,0.38,0.01,0.03,0.02,0.2,0.01,0.01
120,0.02,0.24,0.01,0.03,0.02,0.39,0.01,0.01
121,0.02,0.24,0.0,0.02,0.02,0.39,0.01,0.01
122,0.02,0.24,0.0,0.02,0.02,0.2,0.01,0.01
123,0.02,0.38,0.0,0.02,0.02,0.2,0.0,0.01
124,0.02,0.38,0.0,0.02,0.01,0.39,0.0,0.01
125,0.02,0.48,0.0,0.02,0.01,0.39,0.0,0.01
126,0.02,0.48,0.0,0.02,0.01,0.39,0.0,0.01
127,0.02,0.38,0.0,0.02,0.01,0.39,0.0,0.01
128,0.02,0.48,0.0,0.02,0.01,0.39,0.0,0.01
129,0.02,0.38,0.0,0.02,0.01,0.39,0.0,0.01
130,0.02,0.38,0.0,0.02,0.01,0.39,0.0,0.01
131,0.01,0.38,0.0,0.01,0.01,0.39,0.0,0.01
132,0.02,0.38,0.0,0.01,0.01,0.2,0.0,0.01
133,0.02,0.38,0.0,0.01,0.01,0.2,0.0,0.01
134,0.02,0.38,0.0,0.01,0.01,0.39,0.0,0.01
135,0.01,0.38,0.0,0.01,0.01,0.2,0.0,0.01
136,0.01,0.24,0.0,0.01,0.01,0.2,0.0,0.01
137,0.01,0.24,0.0,0.01,0.01,0.2,0.0,0.0
138,0.01,0.38,0.0,0.01,0.01,0.2,0.0,0.0
139,0.02,0.38,0.0,0.01,0.01,0.2,0.0,0.0
140,0.02,0.24,0.0,0.01,0.0,0.2,0.0,0.0
141,0.01,0.24,0.0,0.01,0.0,0.2,0.0,0.0
142,0.01,0.14,0.0,0.01,0.0,0.2,0.0,0.0
143,0.01,0.14,0.0,0.01,0.0,0.2,0.0,0.0
144,0.01,0.24,0.0,0.0,0.0,0.2,0.0,0.0
145,0.01,0.24,0.0,0.0,0.0,0.2,0.0,0.0
146,0.01,0.24,0.0,0.0,0.0,0.2,0.0,0.0
147,0.0,0.14,0.0,0.0,0.0,0.0,0.0,0.0
148,0.01,0.14,0.0,0.0,0.0,0.0,0.0,0.0
149,0.0,0.14,0.0,0.0,0.0,0.2,0.0,0.0
150,0.01,0.14,0.0,0.0,0.0,0.0,0.0,0.0
151,0.01,0.24,0.0,0.0,0.0,0.0,0.0,0.0
152,0.01,0.24,0.0,0.0,0.0,0.0,0.0,0.0
153,0.02,0.24,0.01,0.0,0.02,0.2,0.02,0.0
154,0.05,0.14,0.03,0.0,0.06,0.0,0.04,0.0
155,0.07,0.14,0.04,0.0,0.08,0.0,0.05,0.0
156,0.16,0.14,0.09,0.0,0.16,0.2,0.09,0.01
157,0.18,0.14,0.11,0.0,0.19,0.0,0.11,0.01
158,0.27,0.14,0.16,0.01,0.25,0.2,0.15,0.01
159,0.27,0.14,0.16,0.01,0.25,0.2,0.15,0.01
160,0.31,0.14,0.19,0.01,0.3,0.0,0.18,0.01
161,0.38,0.14,0.24,0.02,0.36,0.0,0.21,0.02
162,0.45,0.14,0.29,0.02,0.42,0.0,0.26,0.02
163,0.48,0.14,0.31,0.03,0.44,0.0,0.27,0.03
164,0.52,0.14,0.34,0.03,0.47,0.0,0.3,0.03
165,0.56,0.14,0.38,0.04,0.51,0.2,0.33,0.04
166,0.58,0.14,0.39,0.04,0.54,0.0,0.34,0.04
167,0.63,0.14,0.44,0.05,0.58,0.0,0.38,0.04
168,0.65,0.14,0.46,0.05,0.6,0.0,0.4,0.05
169,0.68,0.14,0.49,0.06,0.63,0.0,0.43,0.05
170,0.69,0.0,0.5,0.06,0.65,0.0,0.44,0.06
171,0.74,0.0,0.54,0.08,0.68,0.2,0.48,0.06
172,0.74,0.14,0.55,0.08,0.68,0.2,0.49,0.07
173,0.76,0.14,0.57,0.09,0.71,0.2,0.51,0.07
174,0.78,0.14,0.59,0.09,0.73,0.2,0.53,0.08
175,0.79,0.14,0.61,0.1,0.74,0.2,0.55,0.08
176,0.8,0.14,0.64,0.11,0.77,0.0,0.58,0.09
177,0.83,0.14,0.66,0.12,0.78,0.2,0.6,0.09
178,0.83,0.24,0.67,0.12,0.78,0.2,0.61,0.1
179,0.85,0.24,0.69,0.13,0.8,0.39,0.62,0.1
180,0.85,0.14,0.7,0.14,0.81,0.39,0.64,0.11
181,0.86,0.14,0.72,0.15,0.82,0.39,0.66,0.11
182,0.88,0.24,0.73,0.15,0.84,0.39,0.67,0.12
183,0.89,0.24,0.74,0.16,0.84,0.39,0.68,0.12
184,0.9,0.14,0.75,0.17,0.85,0.39,0.69,0.13
185,0.9,0.0,0.76,0.18,0.86,0.2,0.7,0.14
186,0.9,0.14,0.77,0.19,0.86,0.2,0.72,0.14
187,0.9,0.0,0.78,0.19,0.86,0.39,0.72,0.14
188,0.9,0.0,0.78,0.2,0.87,0.2,0.73,0.15
189,0.9,0.0,0.8,0.21,0.88,0.2,0.75,0.16
190,0.91,0.0,0.8,0.21,0.88,0.2,0.75,0.16
191,0.91,0.0,0.81,0.22,0.88,0.39,0.76,0.16
192,0.92,0.0,0.82,0.23,0.89,0.2,0.77,0.17
193,0.91,0.0,0.82,0.23,0.89,0.2,0.77,0.17
194,0.92,0.0,0.82,0.24,0.9,0.39,0.78,0.18
195,0.94,0.0,0.84,0.25,0.9,0.39,0.79,0.18
196,0.94,0.14,0.84,0.26,0.9,0.39,0.8,0.19
197,0.94,0.14,0.84,0.26,0.91,0.39,0.8,0.19
198,0.93,0.14,0.85,0.27,0.91,0.39,0.81,0.2
199,0.94,0.14,0.85,0.28,0.92,0.2,0.81,0.2
200,0.94,0.14,0.86,0.28,0.92,0.39,0.81,0.2
201,0.94,0.14,0.86,0.29,0.92,0.39,0.82,0.21
202,0.94,0.14,0.87,0.3,0.93,0.39,0.83,0.21
203,0.95,0.14,0.87,0.3,0.93,0.2,0.83,0.22
204,0.95,0.24,0.87,0.31,0.93,0.39,0.83,0.22
205,0.94,0.14,0.88,0.31,0.93,0.39,0.84,0.22
206,0.95,0.14,0.88,0.32,0.94,0.39,0.84,0.23
207,0.96,0.14,0.88,0.33,0.94,0.39,0.85,0.23
208,0.96,0.24,0.89,0.33,0.94,0.6,0.85,0.23
209,0.97,0.24,0.89,0.34,0.95,0.8,0.86,0.24
210,0.96,0.24,0.9,0.35,0.95,0.6,0.86,0.24
211,0.98,0.38,0.9,0.35,0.96,0.6,0.87,0.24
212,0.98,0.38,0.9,0.35,0.95,0.6,0.87,0.25
213,0.97,0.38,0.91,0.36,0.96,0.6,0.87,0.25
214,0.97,0.38,0.91,0.37,0.96,0.6,0.87,0.26
215,0.98,0.48,0.91,0.37,0.96,0.8,0.88,0.26
216,0.98,0.48,0.91,0.37,0.96,0.8,0.88,0.26
217,0.98,0.48,0.91,0.38,0.96,0.8,0.88,0.26
218,0.98,0.48,0.91,0.38,0.96,0.6,0.88,0.27
219,0.98,0.38,0.92,0.39,0.96,0.8,0.88,0.27
220,0.98,0.48,0.92,0.39,0.96,0.8,0.89,0.28
221,0.98,0.38,0.92,0.4,0.97,0.6,0.89,0.28
222,0.99,0.48,0.92,0.4,0.97,0.6,0.89,0.28
223,0.98,0.38,0.92,0.41,0.97,0.6,0.89,0.29
224,0.98,0.48,0.92,0.41,0.97,0.6,0.89,0.29
225,0.99,0.38,0.93,0.41,0.97,0.6,0.9,0.29
226,0.98,0.48,0.93,0.42,0.97,0.6,0.9,0.3
227,0.99,0.48,0.93,0.42,0.97,0.6,0.9,0.3
228,0.99,0.48,0.93,0.43,0.97,0.6,0.9,0.3
229,0.99,0.38,0.93,0.43,0.97,0.6,0.9,0.3
230,0.98,0.24,0.93,0.43,0.96,0.6,0.9,0.31
231,0.98,0.14,0.93,0.43,0.97,0.6,0.91,0.31
232,0.98,0.24,0.93,0.44,0.97,0.39,0.91,0.31
233,0.98,0.24,0.93,0.44,0.96,0.8,0.91,0.31
234,0.98,0.38,0.93,0.45,0.97,0.39,0.91,0.32
235,0.98,0.38,0.93,0.45,0.97,0.6,0.91,0.32
236,0.98,0.24,0.93,0.46,0.97,0.8,0.91,0.32
237,0.99,0.24,0.94,0.46,0.97,0.6,0.91,0.33
238,0.98,0.38,0.94,0.46,0.97,0.39,0.91,0.33
239,0.99,0.38,0.94,0.46,0.98,0.6,0.91,0.33
240,0.99,0.24,0.94,0.46,0.97,0.39,0.92,0.33
241,0.98,0.24,0.94,0.47,0.97,0.8,0.92,0.34
242,0.99,0.38,0.94,0.47,0.98,0.6,0.92,0.34
243,0.98,0.24,0.94,0.47,0.98,0.6,0.92,0.34
244,0.98,0.38,0.94,0.48,0.97,0.6,0.92,0.35
245,0.98,0.38,0.94,0.48,0.97,0.6,0.92,0.35
246,0.98,0.38,0.94,0.48,0.97,0.6,0.92,0.35
247,0.98,0.24,0.94,0.49,0.97,0.6,0.92,0.35
248,0.98,0.24,0.94,0.49,0.97,0.6,0.92,0.36
249,0.98,0.38,0.94,0.49,0.97,0.6,0.92,0.36
250,0.98,0.38,0.94,0.49,0.98,0.6,0.93,0.36
251,0.98,0.48,0.94,0.5,0.97,0.6,0.93,0.36
252,0.98,0.48,0.94,0.5,0.98,0.6,0.93,0.37
253,0.98,0.48,0.94,0.5,0.98,0.8,0.93,0.37
254,0.98,0.48,0.95,0.51,0.98,0.8,0.93,0.37
255,0.98,0.48,0.95,0.51,0.98,0.8,0.93,0.37
256,0.99,0.48,0.95,0.51,0.98,0.8,0.93,0.38
257,0.98,0.62,0.95,0.51,0.98,0.8,0.93,0.38
258,0.98,0.62,0.95,0.52,0.98,0.8,0.93,0.38
259,0.98,0.48,0.95,0.52,0.98,0.8,0.93,0.38
260,0.98,0.62,0.95,0.52,0.98,0.6,0.93,0.38
261,0.98,0.48,0.95,0.52,0.98,0.8,0.93,0.39
262,0.98,0.48,0.95,0.53,0.98,0.6,0.93,0.39
263,0.97,0.38,0.95,0.53,0.97,0.8,0.93,0.39
264,0.98,0.48,0.95,0.53,0.97,0.6,0.93,0.39
265,0.98,0.38,0.95,0.53,0.97,0.6,0.93,0.4
266,0.97,0.38,0.95,0.54,0.97,0.6,0.93,0.4
267,0.98,0.38,0.95,0.54,0.97,0.6,0.94,0.4
268,0.98,0.38,0.95,0.54,0.97,0.6,0.94,0.4
269,0.98,0.38,0.95,0.54,0.97,0.6,0.94,0.4
270,0.98,0.38,0.95,0.55,0.97,0.6,0.94,0.41
271,0.98,0.38,0.95,0.55,0.97,0.6,0.94,0.41
272,0.98,0.38,0.95,0.55,0.97,0.6,0.94,0.41
273,0.98,0.38,0.95,0.55,0.98,0.6,0.94,0.41
274,0.98,0.24,0.96,0.56,0.98,0.6,0.94,0.42
275,0.98,0.14,0.96,0.56,0.98,0.6,0.94,0.42
276,0.98,0.24,0.95,0.56,0.98,0.6,0.94,0.42
277,0.98,0.38,0.96,0.56,0.98,0.6,0.94,0.42
278,0.98,0.24,0.96,0.56,0.98,0.39,0.94,0.43
279,0.98,0.14,0.96,0.57,0.97,0.2,0.94,0.43
280,0.97,0.24,0.96,0.57,0.97,0.39,0.94,0.43
281,0.98,0.24,0.96,0.57,0.98,0.6,0.94,0.43
282,0.98,0.24,0.96,0.57,0.97,0.39,0.94,0.43
283,0.98,0.24,0.96,0.57,0.98,0.2,0.94,0.44
284,0.97,0.24,0.96,0.58,0.97,0.39,0.94,0.44
285,0.97,0.24,0.95,0.58,0.97,0.39,0.94,0.44
286,0.97,0.14,0.96,0.58,0.97,0.2,0.94,0.44
287,0.98,0.24,0.96,0.58,0.97,0.2,0.94,0.45
288,0.98,0.24,0.96,0.58,0.97,0.39,0.94,0.45
289,0.98,0.38,0.96,0.59,0.98,0.6,0.94,0.45
290,0.98,0.38,0.96,0.59,0.98,0.39,0.94,0.45
291,0.98,0.38,0.96,0.59,0.98,0.6,0.94,0.45
292,0.98,0.38,0.96,0.59,0.98,0.39,0.94,0.45
293,0.98,0.38,0.96,0.59,0.98,0.6,0.95,0.46
294,0.98,0.38,0.96,0.6,0.97,0.39,0.95,0.46
295,0.98,0.38,0.96,0.6,0.98,0.39,0.94,0.46
296,0.97,0.38,0.96,0.6,0.98,0.39,0.95,0.46
297,0.98,0.24,0.96,0.6,0.98,0.39,0.95,0.47
298,0.98,0.24,0.96,0.6,0.97,0.39,0.95,0.47
299,0.97,0.24,0.96,0.6,0.98,0.39,0.95,0.47
300,0.98,0.24,0.96,0.61,0.98,0.39,0.95,0.47
301,0.98,0.24,0.96,0.61,0.98,0.39,0.95,0.47
302,0.97,0.24,0.96,0.61,0.98,0.39,0.95,0.47
303,0.98,0.38,0.96,0.61,0.97,0.39,0.95,0.48
304,0.97,0.38,0.96,0.61,0.98,0.39,0.95,0.48
305,0.97,0.24,0.96,0.62,0.97,0.39,0.95,0.48
306,0.98,0.24,0.96,0.62,0.97,0.39,0.95,0.48
307,0.98,0.38,0.96,0.62,0.98,0.39,0.95,0.49
308,0.98,0.38,0.96,0.62,0.98,0.6,0.95,0.49
309,0.98,0.38,0.96,0.63,0.98,0.6,0.95,0.49
310,0.98,0.38,0.96,0.63,0.98,0.39,0.95,0.49
311,0.98,0.38,0.96,0.63,0.98,0.39,0.95,0.49
312,0.98,0.24,0.96,0.63,0.98,0.6,0.95,0.5
313,0.98,0.38,0.96,0.63,0.98,0.6,0.95,0.5
314,0.97,0.38,0.96,0.63,0.97,0.6,0.95,0.5
315,0.98,0.38,0.96,0.63,0.98,0.6,0.95,0.5
316,0.98,0.38,0.96,0.64,0.98,0.6,0.95,0.5
317,0.98,0.24,0.96,0.64,0.98,0.39,0.95,0.5
318,0.97,0.14,0.96,0.64,0.97,0.39,0.95,0.51
319,0.97,0.24,0.96,0.64,0.97,0.39,0.95,0.51
320,0.98,0.24,0.96,0.64,0.97,0.6,0.95,0.51
321,0.97,0.14,0.96,0.64,0.97,0.2,0.95,0.51
322,0.97,0.14,0.96,0.64,0.97,0.2,0.95,0.51
323,0.98,0.14,0.96,0.65,0.98,0.2,0.95,0.52
324,0.97,0.24,0.96,0.65,0.97,0.39,0.96,0.52
325,0.98,0.24,0.96,0.65,0.97,0.39,0.95,0.52
326,0.97,0.14,0.96,0.65,0.97,0.2,0.95,0.52
327,0.98,0.14,0.96,0.65,0.97,0.39,0.95,0.52
328,0.98,0.24,0.96,0.65,0.97,0.39,0.95,0.52
329,0.97,0.24,0.96,0.66,0.97,0.39,0.96,0.53
330,0.96,0.24,0.97,0.66,0.98,0.6,0.96,0.53
331,0.98,0.24,0.97,0.66,0.98,0.39,0.96,0.53
332,0.98,0.24,0.97,0.66,0.98,0.39,0.96,0.54
333,0.98,0.38,0.97,0.67,0.98,0.6,0.96,0.54
334,0.98,0.38,0.97,0.67,0.98,0.6,0.96,0.54
335,0.97,0.38,0.97,0.67,0.98,0.39,0.96,0.54
336,0.97,0.38,0.97,0.68,0.98,0.39,0.96,0.55
337,0.98,0.48,0.97,0.68,0.98,0.6,0.96,0.55
338,0.98,0.48,0.97,0.68,0.98,0.6,0.96,0.55
339,0.97,0.48,0.97,0.68,0.98,0.6,0.96,0.56
340,0.98,0.48,0.97,0.69,0.98,0.6,0.96,0.56
341,0.98,0.48,0.97,0.69,0.98,0.6,0.97,0.56
342,0.97,0.48,0.97,0.69,0.98,0.39,0.96,0.57
343,0.98,0.48,0.97,0.69,0.98,0.6,0.96,0.57
344,0.98,0.48,0.97,0.7,0.98,0.6,0.96,0.57
345,0.97,0.38,0.97,0.7,0.98,0.39,0.96,0.58
346,0.97,0.38,0.97,0.7,0.98,0.6,0.96,0.58
347,0.98,0.48,0.97,0.7,0.98,0.8,0.96,0.58
348,0.98,0.48,0.97,0.71,0.98,0.8,0.97,0.59
349,0.98,0.48,0.98,0.71,0.98,0.39,0.97,0.59
350,0.98,0.38,0.97,0.71,0.98,0.39,0.97,0.59
351,0.98,0.48,0.98,0.71,0.98,0.6,0.97,0.6
352,0.98,0.48,0.97,0.72,0.98,0.39,0.97,0.6
353,0.98,0.38,0.97,0.72,0.98,0.6,0.97,0.6
354,0.98,0.38,0.97,0.72,0.98,0.6,0.96,0.6
355,0.98,0.38,0.97,0.73,0.98,0.39,0.97,0.61
356,0.97,0.38,0.98,0.73,0.98,0.6,0.97,0.61
357,0.98,0.48,0.98,0.73,0.98,0.6,0.97,0.62
358,0.98,0.48,0.98,0.73,0.99,0.6,0.97,0.62
359,0.98,0.38,0.98,0.73,0.98,0.6,0.97,0.62
360,0.98,0.48,0.98,0.74,0.99,0.8,0.97,0.62
361,0.98,0.48,0.98,0.74,0.98,0.6,0.97,0.63
362,0.98,0.62,0.98,0.74,0.99,0.8,0.97,0.63
363,0.98,0.76,0.98,0.74,0.99,0.8,0.98,0.63
364,0.98,0.86,0.98,0.75,0.99,0.8,0.98,0.63
365,0.98,0.86,0.98,0.75,0.99,1.0,0.98,0.64
366,0.98,1.0,0.98,0.75,0.99,0.8,0.98,0.64
367,0.99,0.86,0.98,0.75,1.0,1.0,0.98,0.64
368,0.99,0.76,0.98,0.75,0.99,0.8,0.98,0.64
369,0.99,0.76,0.98,0.75,0.99,0.8,0.98,0.64
370,0.99,0.76,0.98,0.75,1.0,0.6,0.98,0.64
371,0.98,0.76,0.98,0.75,0.99,0.6,0.98,0.64
372,1.0,0.76,0.98,0.75,0.99,0.8,0.98,0.65
373,1.0,0.76,0.98,0.76,0.99,0.8,0.98,0.65
374,1.0,0.76,0.98,0.76,1.0,0.8,0.98,0.65
375,1.0,0.62,0.98,0.76,0.99,0.8,0.98,0.65
376,0.99,0.62,0.98,0.76,0.99,0.6,0.98,0.65
377,1.0,0.76,0.98,0.76,0.99,0.8,0.98,0.65
378,0.99,0.62,0.98,0.76,0.99,0.8,0.98,0.66
379,0.98,0.48,0.98,0.76,1.0,0.6,0.98,0.66
380,0.99,0.62,0.98,0.77,0.99,0.8,0.98,0.66
381,0.98,0.62,0.98,0.77,0.99,0.8,0.97,0.66
382,0.98,0.76,0.98,0.77,0.99,0.8,0.97,0.66
383,0.99,0.62,0.98,0.77,0.99,0.6,0.98,0.66
384,0.99,0.62,0.98,0.77,0.99,0.8,0.97,0.66
385,0.98,0.62,0.98,0.77,0.98,0.6,0.98,0.67
386,0.98,0.48,0.98,0.77,0.98,0.8,0.97,0.67
387,0.98,0.62,0.98,0.77,0.99,0.6,0.98,0.67
388,0.98,0.48,0.98,0.77,0.98,0.6,0.97,0.67
389,0.98,0.48,0.98,0.77,0.98,0.6,0.97,0.67
390,0.98,0.48,0.98,0.77,0.98,0.6,0.97,0.67
391,0.98,0.48,0.98,0.77,0.97,0.6,0.97,0.67
392,0.98,0.48,0.98,0.78,0.98,0.6,0.98,0.68
393,0.97,0.48,0.98,0.78,0.98,0.6,0.97,0.68
394,0.98,0.48,0.98,0.78,0.98,0.39,0.97,0.68
395,0.97,0.38,0.98,0.78,0.98,0.39,0.97,0.68
396,0.97,0.24,0.98,0.78,0.98,0.6,0.97,0.68
397,0.96,0.24,0.97,0.78,0.97,0.2,0.97,0.68
398,0.96,0.24,0.97,0.78,0.97,0.2,0.97,0.68
399,0.94,0.14,0.97,0.78,0.97,0.39,0.97,0.68
400,0.96,0.14,0.97,0.78,0.96,0.2,0.97,0.68
401,0.94,0.14,0.97,0.78,0.97,0.2,0.97,0.68
402,0.95,0.24,0.97,0.78,0.97,0.39,0.97,0.69
403,0.95,0.14,0.97,0.78,0.97,0.39,0.97,0.69
404,0.95,0.24,0.97,0.79,0.97,0.2,0.97,0.69
405,0.95,0.14,0.97,0.79,0.97,0.2,0.97,0.69
406,0.94,0.14,0.97,0.79,0.97,0.39,0.97,0.69
407,0.96,0.14,0.97,0.79,0.97,0.2,0.97,0.69
408,0.96,0.24,0.97,0.79,0.97,0.2,0.97,0.7
409,0.96,0.24,0.97,0.79,0.97,0.2,0.97,0.7
410,0.96,0.24,0.97,0.79,0.97,0.2,0.97,0.7
411,0.97,0.24,0.97,0.79,0.97,0.39,0.97,0.7
412,0.97,0.14,0.98,0.79,0.98,0.2,0.97,0.7
413,0.98,0.24,0.98,0.79,0.97,0.2,0.97,0.7
414,0.96,0.24,0.98,0.8,0.98,0.2,0.97,0.7
415,0.96,0.24,0.98,0.8,0.98,0.2,0.97,0.7
416,0.97,0.24,0.98,0.8,0.98,0.2,0.97,0.71
417,0.97,0.38,0.98,0.8,0.98,0.39,0.97,0.71
418,0.97,0.38,0.98,0.8,0.98,0.39,0.97,0.71
419,0.98,0.24,0.98,0.8,0.98,0.39,0.98,0.71
420,0.97,0.38,0.98,0.8,0.98,0.39,0.98,0.71
421,0.97,0.38,0.98,0.8,0.98,0.39,0.98,0.71
422,0.98,0.24,0.98,0.8,0.98,0.39,0.98,0.71
423,0.98,0.14,0.98,0.81,0.99,0.39,0.98,0.72
424,0.98,0.38,0.98,0.81,0.98,0.6,0.98,0.72
425,0.98,0.48,0.99,0.81,0.99,0.6,0.98,0.72
426,0.99,0.48,0.99,0.81,0.99,0.6,0.98,0.72
427,0.98,0.48,0.99,0.81,0.99,0.6,0.98,0.72
428,0.98,0.38,0.99,0.81,0.99,0.6,0.98,0.72
429,0.98,0.48,0.99,0.81,0.99,0.6,0.98,0.73
430,0.98,0.48,0.99,0.81,0.99,0.6,0.98,0.73
431,0.98,0.48,0.99,0.82,0.99,0.6,0.98,0.73
432,0.98,0.48,0.99,0.82,0.99,0.6,0.98,0.73
433,0.98,0.38,0.99,0.82,0.99,0.39,0.98,0.73
434,0.98,0.38,0.99,0.82,0.99,0.39,0.98,0.73
435,0.98,0.24,0.99,0.82,0.99,0.39,0.98,0.73
436,0.98,0.48,0.99,0.82,0.99,0.6,0.98,0.73
437,0.98,0.48,0.99,0.82,0.99,0.6,0.98,0.74
438,0.98,0.48,0.99,0.82,0.99,0.39,0.98,0.74
439,0.98,0.48,0.99,0.82,0.99,0.39,0.98,0.74
440,0.97,0.48,0.99,0.82,0.99,0.6,0.98,0.74
441,0.98,0.38,0.99,0.82,0.99,0.6,0.98,0.74
442,0.97,0.38,0.98,0.82,0.98,0.39,0.98,0.74
443,0.97,0.38,0.98,0.82,0.98,0.39,0.98,0.74
444,0.98,0.24,0.98,0.82,0.98,0.39,0.98,0.74
445,0.97,0.24,0.98,0.83,0.98,0.39,0.98,0.74
446,0.96,0.24,0.98,0.83,0.98,0.6,0.98,0.75
447,0.97,0.24,0.98,0.83,0.98,0.2,0.98,0.75
448,0.97,0.38,0.98,0.83,0.98,0.39,0.98,0.75
449,0.97,0.38,0.98,0.83,0.98,0.6,0.98,0.75
450,0.97,0.38,0.98,0.83,0.98,0.39,0.98,0.75
451,0.98,0.38,0.98,0.83,0.98,0.39,0.98,0.75
452,0.97,0.48,0.99,0.83,0.99,0.6,0.98,0.75
453,0.97,0.48,0.98,0.83,0.99,0.39,0.98,0.75
454,0.98,0.62,0.99,0.83,0.99,0.6,0.98,0.75
455,0.98,0.62,0.99,0.84,0.99,0.8,0.98,0.75
456,0.98,0.48,0.99,0.84,0.99,0.8,0.99,0.76
457,0.98,0.62,0.99,0.84,0.99,0.6,0.99,0.76
458,0.98,0.62,0.99,0.84,0.99,0.8,0.98,0.76
459,0.98,0.62,0.99,0.84,0.99,0.8,0.99,0.76
460,0.98,0.48,0.99,0.84,0.99,0.8,0.98,0.76
461,0.98,0.48,0.99,0.84,0.99,0.8,0.99,0.76
462,0.98,0.62,0.99,0.84,0.99,0.39,0.99,0.76
463,0.98,0.62,0.99,0.84,0.99,0.8,0.98,0.77
464,0.98,0.76,0.99,0.84,0.99,0.8,0.99,0.77
465,0.98,0.62,0.99,0.84,0.99,0.8,0.99,0.77
466,0.98,0.62,0.99,0.84,1.0,0.6,0.99,0.77
467,0.98,0.62,0.99,0.85,0.99,0.6,0.99,0.77
468,0.98,0.48,0.99,0.85,0.99,0.6,0.99,0.77
469,0.98,0.62,0.99,0.85,0.99,0.8,0.98,0.77
470,0.98,0.38,0.98,0.85,0.98,0.6,0.98,0.77
471,0.98,0.38,0.98,0.85,0.98,0.39,0.98,0.77
472,0.97,0.24,0.98,0.85,0.98,0.39,0.98,0.78
473,0.97,0.24,0.98,0.85,0.98,0.6,0.98,0.78
474,0.97,0.24,0.98,0.85,0.98,0.39,0.98,0.78
475,0.97,0.38,0.98,0.85,0.98,0.6,0.98,0.78
476,0.96,0.38,0.98,0.85,0.98,0.39,0.98,0.78
477,0.97,0.38,0.98,0.85,0.98,0.39,0.98,0.78
478,0.97,0.38,0.98,0.85,0.98,0.39,0.98,0.78
479,0.97,0.24,0.98,0.85,0.97,0.39,0.98,0.78
480,0.96,0.24,0.98,0.85,0.97,0.39,0.98,0.78
481,0.96,0.14,0.98,0.85,0.98,0.2,0.98,0.78
482,0.96,0.24,0.98,0.85,0.97,0.39,0.98,0.78
483,0.96,0.24,0.98,0.86,0.97,0.2,0.98,0.79
484,0.96,0.14,0.98,0.86,0.98,0.39,0.98,0.79
485,0.97,0.24,0.98,0.86,0.97,0.2,0.99,0.79
486,0.97,0.38,0.98,0.86,0.97,0.39,0.98,0.79
487,0.97,0.38,0.98,0.86,0.98,0.39,0.98,0.79
488,0.97,0.38,0.98,0.86,0.98,0.6,0.98,0.79
489,0.96,0.38,0.98,0.86,0.98,0.6,0.98,0.79
490,0.97,0.24,0.98,0.86,0.98,0.6,0.98,0.8
491,0.96,0.38,0.98,0.86,0.98,0.6,0.98,0.8
492,0.97,0.38,0.98,0.86,0.98,0.6,0.98,0.8
493,0.96,0.38,0.98,0.86,0.98,0.39,0.98,0.8
494,0.97,0.48,0.98,0.87,0.98,0.6,0.98,0.8
495,0.97,0.48,0.99,0.87,0.98,0.2,0.98,0.8
496,0.97,0.38,0.98,0.87,0.98,0.39,0.98,0.8
497,0.97,0.38,0.98,0.87,0.98,0.39,0.98,0.8
498,0.97,0.38,0.98,0.87,0.97,0.2,0.98,0.8
499,0.96,0.24,0.98,0.87,0.97,0.2,0.98,0.81
500,0.96,0.14,0.98,0.87,0.97,0.2,0.98,0.81
501,0.96,0.24,0.98,0.87,0.97,0.2,0.98,0.81
502,0.96,0.24,0.98,0.87,0.97,0.39,0.98,0.81
503,0.96,0.24,0.98,0.87,0.97,0.2,0.98,0.81
504,0.96,0.24,0.98,0.87,0.97,0.2,0.98,0.81
505,0.96,0.24,0.98,0.87,0.97,0.39,0.98,0.81
506,0.95,0.24,0.98,0.87,0.97,0.39,0.98,0.81
507,0.96,0.24,0.98,0.87,0.97,0.39,0.98,0.81
508,0.96,0.38,0.98,0.88,0.98,0.39,0.98,0.82
509,0.97,0.38,0.98,0.88,0.98,0.6,0.98,0.82
510,0.97,0.38,0.98,0.88,0.98,0.39,0.98,0.82
511,0.97,0.38,0.99,0.88,0.98,0.39,0.98,0.82
512,0.97,0.24,0.99,0.88,0.98,0.2,0.98,0.82
513,0.97,0.38,0.98,0.88,0.98,0.39,0.98,0.82
514,0.97,0.38,0.99,0.88,0.98,0.39,0.98,0.82
515,0.97,0.38,0.99,0.88,0.99,0.39,0.99,0.82
516,0.98,0.38,0.99,0.88,0.99,0.6,0.98,0.83
517,0.98,0.48,0.99,0.88,0.98,0.6,0.99,0.83
518,0.98,0.48,0.99,0.88,0.98,0.6,0.99,0.83
519,0.98,0.48,0.99,0.89,0.98,0.6,0.99,0.83
520,0.98,0.48,0.99,0.89,0.99,0.6,0.99,0.83
521,0.98,0.48,0.99,0.89,0.98,0.6,0.99,0.83
522,0.98,0.48,0.99,0.89,0.98,0.6,0.99,0.83
523,0.98,0.48,0.99,0.89,0.99,0.6,0.99,0.83
524,0.98,0.48,0.99,0.89,0.99,0.6,0.99,0.83
525,0.98,0.48,0.99,0.89,0.99,0.6,0.99,0.84
526,0.98,0.48,0.99,0.89,0.99,0.39,0.99,0.84
527,0.99,0.48,0.99,0.89,0.99,0.6,0.99,0.84
528,0.99,0.48,0.99,0.89,0.99,0.6,0.99,0.84
529,0.98,0.48,0.99,0.89,0.99,0.6,0.99,0.84
530,0.98,0.48,0.99,0.89,1.0,0.39,0.99,0.84
531,0.98,0.62,0.99,0.9,0.99,0.6,0.99,0.84
532,0.99,0.62,1.0,0.9,0.99,0.6,0.99,0.84
533,0.99,0.62,1.0,0.9,0.99,0.6,0.99,0.84
534,0.99,0.62,0.99,0.9,0.99,0.8,0.99,0.85
535,0.99,0.62,0.99,0.9,0.99,0.8,0.99,0.85
536,0.98,0.62,1.0,0.9,0.99,0.6,0.99,0.85
537,0.98,0.76,0.99,0.9,0.99,0.8,0.99,0.85
538,0.98,0.62,0.99,0.9,0.99,0.6,0.99,0.85
539,0.98,0.48,0.99,0.9,0.99,0.8,0.99,0.85
540,0.98,0.62,0.99,0.9,0.99,0.6,0.99,0.85
541,0.98,0.48,0.99,0.9,0.99,0.6,0.99,0.85
542,0.98,0.62,0.99,0.9,0.99,0.8,0.99,0.85
543,0.98,0.76,0.99,0.9,0.99,0.8,0.99,0.86
544,0.98,0.76,0.99,0.9,0.99,0.8,0.99,0.86
545,0.98,0.76,0.99,0.9,0.99,0.8,0.99,0.86
546,0.98,0.76,0.99,0.9,0.99,0.8,0.99,0.86
547,0.98,0.76,0.99,0.91,0.99,1.0,0.99,0.86
548,0.98,0.62,0.99,0.91,0.99,0.8,0.99,0.86
549,0.98,0.76,0.99,0.91,0.99,0.6,0.99,0.86
550,0.98,0.76,1.0,0.91,0.99,0.8,0.99,0.86
551,0.98,0.62,0.99,0.91,0.99,0.8,0.99,0.86
552,0.98,0.76,1.0,0.91,0.99,0.8,0.99,0.86
553,0.99,0.86,1.0,0.91,0.99,0.8,0.99,0.87
554,0.98,0.76,1.0,0.91,0.99,1.0,0.99,0.87
555,0.98,0.76,0.99,0.91,0.99,0.8,0.99,0.87
556,0.98,0.62,0.99,0.91,0.99,0.6,0.99,0.87
557,0.98,0.62,0.99,0.91,0.98,0.6,0.99,0.87
558,0.98,0.62,0.99,0.91,0.98,0.6,0.99,0.87
559,0.98,0.62,0.99,0.91,0.99,0.6,0.99,0.87
560,0.98,0.62,0.99,0.91,0.98,0.6,0.99,0.87
561,0.98,0.62,0.99,0.91,0.98,0.6,0.99,0.87
562,0.97,0.62,0.99,0.91,0.99,0.6,0.99,0.87
563,0.98,0.62,0.99,0.91,0.98,0.6,0.99,0.87
564,0.97,0.38,0.99,0.91,0.98,0.6,0.99,0.87
565,0.97,0.48,0.99,0.91,0.98,0.6,0.99,0.88
