0,0.93,0.41,0.97,0.83,0.93,0.29,0.98,0.8
1,0.91,0.3,0.97,0.84,0.95,0.2,0.98,0.8
2,0.91,0.3,0.97,0.84,0.93,0.2,0.98,0.8
3,0.91,0.3,0.97,0.84,0.95,0.2,0.98,0.8
4,0.93,0.41,0.97,0.84,0.95,0.29,0.98,0.81
5,0.91,0.41,0.97,0.84,0.93,0.29,0.98,0.81
6,0.93,0.51,0.97,0.84,0.93,0.29,0.98,0.81
7,0.93,0.51,0.97,0.84,0.95,0.29,0.98,0.81
8,0.93,0.41,0.97,0.84,0.95,0.29,0.98,0.81
9,0.93,0.41,0.97,0.84,0.95,0.2,0.99,0.81
10,0.93,0.41,0.97,0.85,0.93,0.29,0.98,0.81
11,0.93,0.41,0.97,0.85,0.95,0.2,0.98,0.81
12,0.93,0.41,0.97,0.85,0.95,0.2,0.98,0.82
13,0.93,0.41,0.97,0.85,0.95,0.39,0.98,0.82
14,0.94,0.51,0.97,0.85,0.95,0.29,0.98,0.82
15,0.96,0.51,0.98,0.85,0.95,0.29,0.99,0.82
16,0.96,0.51,0.98,0.85,0.95,0.39,0.99,0.82
17,0.94,0.59,0.98,0.85,0.97,0.29,0.99,0.82
18,0.94,0.59,0.98,0.85,0.97,0.39,0.99,0.83
19,0.96,0.7,0.98,0.85,0.98,0.39,0.99,0.83
20,0.96,0.7,0.98,0.86,0.97,0.39,0.99,0.83
21,0.96,0.7,0.98,0.85,0.97,0.39,0.99,0.83
22,0.96,0.7,0.99,0.86,0.97,0.39,0.99,0.83
23,0.97,0.59,0.98,0.86,0.98,0.39,0.99,0.83
24,0.97,0.7,0.99,0.86,0.97,0.5,0.99,0.83
25,0.97,0.7,0.99,0.86,0.97,0.39,0.99,0.83
26,0.99,0.7,0.99,0.86,0.98,0.39,0.99,0.84
27,0.97,0.7,0.99,0.86,0.98,0.39,0.99,0.84
28,0.96,0.7,0.99,0.86,0.98,0.5,1.0,0.84
29,0.97,0.7,0.99,0.87,0.98,0.39,1.0,0.84
30,0.97,0.7,0.99,0.87,0.98,0.5,1.0,0.84
31,0.96,0.7,0.99,0.87,0.98,0.5,0.99,0.84
32,0.97,0.7,0.99,0.87,0.98,0.39,1.0,0.84
33,0.96,0.59,0.99,0.87,0.98,0.39,0.99,0.84
34,0.97,0.7,0.99,0.87,0.97,0.39,1.0,0.84
35,0.97,0.7,0.99,0.87,0.98,0.5,1.0,0.85
36,0.96,0.81,0.99,0.87,0.97,0.5,1.0,0.85
37,0.97,0.81,0.99,0.87,0.98,0.5,1.0,0.85
38,0.97,0.81,0.99,0.87,0.97,0.5,1.0,0.85
39,0.97,0.81,0.99,0.87,0.98,0.6,1.0,0.85
40,0.96,0.81,0.99,0.87,0.97,0.5,1.0,0.85
41,0.97,0.81,0.99,0.87,0.98,0.5,0.99,0.85
42,0.96,0.81,0.99,0.87,0.97,0.5,1.0,0.85
43,0.94,0.81,0.98,0.87,0.97,0.6,0.99,0.85
44,0.94,0.81,0.98,0.87,0.97,0.5,1.0,0.85
45,0.96,0.7,0.98,0.87,0.97,0.5,0.99,0.85
46,0.96,0.81,0.98,0.87,0.97,0.5,0.99,0.85
47,0.96,0.7,0.99,0.88,0.98,0.39,0.99,0.86
48,1.0,0.7,0.99,0.88,0.98,0.39,0.99,0.86
49,1.0,0.7,1.0,0.88,1.0,0.29,0.99,0.86
50,1.0,0.7,0.99,0.88,0.98,0.39,0.96,0.85
51,1.0,0.7,0.98,0.88,0.97,0.5,0.91,0.84
52,0.84,0.7,0.8,0.84,0.8,0.5,0.58,0.76
53,0.67,0.59,0.49,0.77,0.61,0.5,0.34,0.65
54,0.67,0.59,0.47,0.76,0.6,0.5,0.33,0.64
55,0.52,0.59,0.26,0.66,0.44,0.39,0.21,0.52
56,0.46,0.59,0.21,0.62,0.38,0.39,0.18,0.47
57,0.41,0.59,0.17,0.57,0.33,0.39,0.15,0.43
58,0.36,0.59,0.13,0.51,0.29,0.5,0.12,0.36
59,0.31,0.59,0.11,0.45,0.24,0.5,0.11,0.32
60,0.28,0.59,0.1,0.42,0.22,0.39,0.1,0.29
61,0.27,0.51,0.09,0.41,0.2,0.39,0.09,0.28
62,0.23,0.51,0.08,0.38,0.19,0.39,0.08,0.26
63,0.18,0.41,0.06,0.33,0.16,0.39,0.07,0.22
64,0.17,0.51,0.06,0.32,0.15,0.39,0.07,0.21
65,0.14,0.41,0.05,0.29,0.12,0.29,0.06,0.19
66,0.14,0.51,0.05,0.27,0.12,0.39,0.05,0.17
67,0.12,0.51,0.05,0.26,0.1,0.29,0.05,0.17
68,0.12,0.51,0.04,0.24,0.09,0.39,0.05,0.15
69,0.11,0.51,0.04,0.23,0.08,0.29,0.04,0.14
70,0.08,0.51,0.03,0.21,0.07,0.29,0.04,0.13
71,0.1,0.41,0.03,0.2,0.07,0.39,0.04,0.13
72,0.06,0.41,0.03,0.19,0.06,0.29,0.03,0.11
73,0.07,0.41,0.03,0.18,0.06,0.29,0.03,0.11
74,0.07,0.41,0.03,0.17,0.05,0.29,0.03,0.11
75,0.06,0.41,0.02,0.16,0.05,0.39,0.03,0.1
76,0.05,0.41,0.02,0.15,0.04,0.39,0.03,0.09
77,0.07,0.51,0.02,0.15,0.04,0.29,0.03,0.09
78,0.06,0.51,0.02,0.14,0.04,0.29,0.03,0.08
79,0.06,0.51,0.02,0.13,0.04,0.29,0.03,0.08
80,0.06,0.59,0.02,0.13,0.04,0.29,0.03,0.08
81,0.06,0.51,0.02,0.12,0.04,0.39,0.02,0.07
82,0.06,0.59,0.02,0.12,0.04,0.29,0.02,0.07
83,0.05,0.51,0.02,0.11,0.04,0.39,0.02,0.07
84,0.06,0.51,0.02,0.1,0.04,0.29,0.02,0.06
85,0.05,0.51,0.02,0.1,0.04,0.39,0.02,0.06
86,0.05,0.59,0.02,0.1,0.05,0.39,0.02,0.06
87,0.06,0.59,0.02,0.09,0.04,0.29,0.02,0.06
88,0.04,0.59,0.01,0.09,0.03,0.39,0.02,0.05
89,0.05,0.51,0.01,0.08,0.03,0.39,0.02,0.05
90,0.04,0.51,0.01,0.08,0.03,0.29,0.02,0.05
91,0.0,0.41,0.01,0.08,0.02,0.29,0.02,0.05
92,0.02,0.41,0.01,0.08,0.02,0.29,0.02,0.04
93,0.01,0.3,0.01,0.07,0.02,0.29,0.01,0.04
94,0.02,0.3,0.01,0.07,0.01,0.2,0.01,0.04
95,0.02,0.3,0.01,0.06,0.02,0.2,0.01,0.04
96,0.01,0.3,0.01,0.06,0.01,0.29,0.01,0.04
97,0.01,0.3,0.01,0.06,0.02,0.2,0.01,0.04
98,0.01,0.41,0.01,0.06,0.01,0.29,0.01,0.03
99,0.02,0.3,0.01,0.06,0.01,0.2,0.01,0.03
100,0.01,0.3,0.01,0.05,0.02,0.2,0.01,0.03
101,0.0,0.22,0.01,0.05,0.0,0.2,0.01,0.03
102,0.0,0.11,0.01,0.05,0.0,0.2,0.01,0.03
103,0.0,0.22,0.01,0.05,0.01,0.2,0.01,0.03
104,0.0,0.22,0.01,0.04,0.0,0.2,0.01,0.03
105,0.0,0.22,0.01,0.04,0.0,0.1,0.01,0.03
106,0.0,0.22,0.01,0.04,0.01,0.1,0.01,0.02
107,0.0,0.11,0.01,0.04,0.0,0.1,0.01,0.02
108,0.01,0.11,0.01,0.04,0.0,0.0,0.01,0.02
109,0.0,0.0,0.01,0.04,0.0,0.1,0.01,0.02
110,0.01,0.11,0.01,0.04,0.0,0.1,0.01,0.02
111,0.02,0.22,0.01,0.03,0.0,0.2,0.01,0.02
112,0.02,0.22,0.01,0.03,0.01,0.2,0.01,0.02
113,0.05,0.3,0.01,0.03,0.01,0.1,0.01,0.02
114,0.02,0.3,0.01,0.03,0.01,0.2,0.01,0.02
115,0.04,0.3,0.01,0.03,0.0,0.1,0.01,0.02
116,0.04,0.41,0.01,0.03,0.02,0.2,0.01,0.02
117,0.04,0.3,0.01,0.03,0.02,0.2,0.01,0.02
118,0.05,0.3,0.01,0.03,0.02,0.2,0.01,0.02
119,0.04,0.3,0.01,0.03,0.02,0.2,0.01,0.02
120,0.04,0.3,0.01,0.03,0.02,0.2,0.01,0.02
121,0.05,0.41,0.01,0.02,0.02,0.29,0.01,0.01
122,0.04,0.3,0.01,0.02,0.02,0.2,0.01,0.01
123,0.04,0.3,0.01,0.02,0.02,0.2,0.01,0.01
124,0.04,0.41,0.01,0.02,0.02,0.29,0.01,0.01
125,0.02,0.41,0.01,0.02,0.02,0.29,0.01,0.01
126,0.04,0.41,0.01,0.02,0.01,0.29,0.01,0.01
127,0.04,0.41,0.01,0.02,0.01,0.29,0.01,0.01
128,0.02,0.3,0.01,0.02,0.01,0.29,0.01,0.01
129,0.02,0.3,0.01,0.02,0.02,0.29,0.01,0.01
130,0.02,0.22,0.01,0.01,0.01,0.29,0.01,0.01
131,0.02,0.3,0.01,0.01,0.01,0.2,0.01,0.01
132,0.02,0.3,0.01,0.01,0.01,0.2,0.01,0.01
133,0.01,0.3,0.01,0.01,0.0,0.2,0.01,0.01
134,0.02,0.3,0.01,0.01,0.0,0.29,0.01,0.01
135,0.01,0.3,0.01,0.01,0.01,0.2,0.01,0.01
136,0.0,0.3,0.0,0.01,0.0,0.2,0.0,0.01
137,0.0,0.3,0.0,0.01,0.0,0.29,0.0,0.01
138,0.01,0.3,0.0,0.01,0.0,0.29,0.0,0.01
139,0.0,0.3,0.0,0.01,0.0,0.29,0.0,0.0
140,0.01,0.3,0.0,0.01,0.0,0.29,0.0,0.0
141,0.0,0.3,0.0,0.01,0.0,0.2,0.0,0.0
142,0.0,0.3,0.0,0.01,0.0,0.29,0.0,0.0
143,0.02,0.41,0.0,0.01,0.0,0.29,0.0,0.0
144,0.0,0.41,0.0,0.0,0.0,0.29,0.0,0.0
145,0.01,0.41,0.0,0.0,0.0,0.29,0.0,0.0
146,0.02,0.41,0.0,0.0,0.0,0.29,0.0,0.0
147,0.01,0.41,0.0,0.0,0.0,0.39,0.0,0.0
148,0.01,0.41,0.0,0.0,0.0,0.39,0.0,0.0
149,0.01,0.41,0.0,0.0,0.0,0.29,0.0,0.0
150,0.01,0.3,0.0,0.0,0.0,0.29,0.01,0.0
151,0.01,0.3,0.01,0.0,0.01,0.29,0.01,0.0
152,0.05,0.3,0.04,0.0,0.06,0.29,0.05,0.0
153,0.08,0.3,0.06,0.0,0.09,0.29,0.07,0.0
154,0.12,0.3,0.09,0.0,0.14,0.29,0.1,0.01
155,0.17,0.3,0.12,0.01,0.17,0.29,0.13,0.01
156,0.19,0.3,0.15,0.01,0.2,0.29,0.15,0.01
157,0.27,0.41,0.2,0.01,0.27,0.39,0.19,0.01
158,0.33,0.3,0.25,0.02,0.32,0.29,0.24,0.02
159,0.36,0.3,0.28,0.02,0.36,0.29,0.26,0.02
160,0.42,0.3,0.32,0.03,0.41,0.29,0.3,0.03
161,0.46,0.3,0.35,0.03,0.44,0.29,0.33,0.03
162,0.5,0.41,0.39,0.04,0.47,0.39,0.36,0.04
163,0.52,0.41,0.41,0.05,0.5,0.39,0.38,0.04
164,0.58,0.51,0.45,0.06,0.54,0.39,0.42,0.05
165,0.59,0.51,0.48,0.06,0.57,0.5,0.44,0.06
166,0.65,0.51,0.5,0.07,0.58,0.5,0.46,0.06
167,0.63,0.59,0.51,0.07,0.6,0.5,0.48,0.06
168,0.7,0.59,0.56,0.09,0.65,0.5,0.51,0.07
169,0.71,0.51,0.58,0.1,0.67,0.5,0.54,0.08
170,0.74,0.59,0.6,0.11,0.7,0.5,0.56,0.09
171,0.74,0.59,0.61,0.11,0.7,0.5,0.56,0.09
172,0.74,0.59,0.63,0.12,0.71,0.5,0.59,0.1
173,0.77,0.59,0.65,0.13,0.73,0.5,0.61,0.1
174,0.78,0.59,0.67,0.14,0.74,0.5,0.63,0.11
175,0.78,0.51,0.69,0.15,0.77,0.5,0.65,0.12
176,0.8,0.51,0.7,0.16,0.76,0.5,0.65,0.12
177,0.81,0.41,0.71,0.17,0.79,0.5,0.67,0.13
178,0.8,0.41,0.72,0.17,0.79,0.39,0.68,0.13
179,0.81,0.41,0.74,0.19,0.8,0.39,0.7,0.14
180,0.84,0.41,0.74,0.19,0.8,0.5,0.7,0.15
181,0.84,0.41,0.75,0.2,0.8,0.39,0.71,0.15
182,0.84,0.41,0.76,0.21,0.82,0.5,0.72,0.16
183,0.86,0.41,0.77,0.22,0.82,0.39,0.74,0.17
184,0.86,0.51,0.78,0.23,0.84,0.5,0.74,0.17
185,0.87,0.51,0.79,0.24,0.84,0.39,0.76,0.18
186,0.86,0.41,0.79,0.24,0.84,0.5,0.76,0.18
187,0.86,0.51,0.8,0.25,0.85,0.39,0.77,0.19
188,0.87,0.51,0.81,0.26,0.85,0.5,0.78,0.19
189,0.9,0.51,0.82,0.27,0.85,0.5,0.79,0.2
190,0.87,0.51,0.83,0.28,0.87,0.6,0.8,0.21
191,0.9,0.59,0.83,0.29,0.88,0.5,0.8,0.21
192,0.88,0.59,0.83,0.3,0.88,0.5,0.8,0.21
193,0.9,0.59,0.85,0.31,0.88,0.5,0.81,0.22
194,0.91,0.7,0.85,0.32,0.9,0.5,0.82,0.23
195,0.9,0.59,0.86,0.32,0.9,0.6,0.83,0.23
196,0.9,0.7,0.86,0.33,0.9,0.6,0.83,0.24
197,0.9,0.59,0.86,0.34,0.92,0.6,0.83,0.24
198,0.91,0.59,0.86,0.34,0.9,0.6,0.83,0.24
199,0.9,0.59,0.87,0.35,0.9,0.6,0.84,0.25
200,0.9,0.59,0.87,0.35,0.9,0.6,0.84,0.25
201,0.9,0.59,0.87,0.36,0.9,0.6,0.85,0.26
202,0.88,0.59,0.87,0.37,0.9,0.5,0.85,0.26
203,0.9,0.59,0.88,0.38,0.9,0.5,0.86,0.27
204,0.9,0.59,0.88,0.39,0.92,0.6,0.86,0.27
205,0.9,0.59,0.88,0.39,0.92,0.5,0.86,0.28
206,0.9,0.51,0.88,0.4,0.9,0.5,0.86,0.28
207,0.9,0.59,0.88,0.4,0.9,0.6,0.86,0.29
208,0.9,0.59,0.88,0.41,0.9,0.5,0.87,0.29
209,0.9,0.51,0.88,0.41,0.9,0.5,0.87,0.3
210,0.88,0.51,0.89,0.42,0.9,0.5,0.87,0.3
211,0.9,0.51,0.89,0.42,0.9,0.5,0.87,0.3
212,0.9,0.59,0.89,0.43,0.9,0.5,0.87,0.3
213,0.9,0.51,0.89,0.43,0.9,0.5,0.88,0.31
214,0.88,0.59,0.89,0.44,0.9,0.5,0.88,0.31
215,0.88,0.59,0.89,0.44,0.9,0.5,0.88,0.32
216,0.87,0.51,0.89,0.45,0.92,0.5,0.88,0.32
217,0.88,0.51,0.89,0.45,0.9,0.5,0.89,0.32
218,0.88,0.51,0.9,0.45,0.9,0.5,0.88,0.33
219,0.88,0.41,0.9,0.46,0.9,0.5,0.89,0.33
220,0.9,0.41,0.9,0.46,0.9,0.39,0.89,0.33
221,0.88,0.41,0.9,0.47,0.9,0.39,0.89,0.34
222,0.87,0.41,0.9,0.47,0.9,0.39,0.89,0.34
223,0.88,0.41,0.9,0.48,0.92,0.5,0.89,0.35
224,0.9,0.3,0.9,0.48,0.9,0.5,0.89,0.35
225,0.88,0.41,0.9,0.48,0.9,0.39,0.89,0.35
226,0.88,0.41,0.9,0.49,0.9,0.39,0.9,0.36
227,0.88,0.41,0.9,0.49,0.92,0.39,0.9,0.36
228,0.88,0.41,0.91,0.5,0.92,0.5,0.9,0.36
229,0.9,0.41,0.91,0.5,0.9,0.5,0.9,0.37
230,0.9,0.41,0.91,0.5,0.92,0.5,0.9,0.37
231,0.9,0.41,0.91,0.51,0.92,0.5,0.9,0.37
232,0.88,0.41,0.91,0.51,0.9,0.5,0.9,0.37
233,0.87,0.41,0.91,0.52,0.92,0.29,0.9,0.38
234,0.87,0.41,0.91,0.52,0.92,0.39,0.9,0.38
235,0.88,0.3,0.91,0.52,0.9,0.39,0.9,0.39
236,0.88,0.3,0.91,0.52,0.9,0.39,0.9,0.39
237,0.9,0.3,0.91,0.53,0.9,0.39,0.9,0.39
238,0.87,0.41,0.91,0.53,0.9,0.39,0.91,0.4
239,0.87,0.41,0.91,0.54,0.9,0.39,0.91,0.4
240,0.88,0.41,0.91,0.54,0.9,0.5,0.91,0.4
241,0.88,0.41,0.92,0.54,0.92,0.5,0.91,0.4
242,0.88,0.51,0.92,0.54,0.92,0.5,0.91,0.41
243,0.9,0.41,0.92,0.55,0.92,0.5,0.91,0.41
244,0.88,0.41,0.92,0.55,0.92,0.5,0.91,0.41
245,0.9,0.51,0.92,0.56,0.92,0.5,0.92,0.42
246,0.88,0.51,0.92,0.56,0.92,0.39,0.92,0.42
247,0.9,0.41,0.92,0.56,0.92,0.5,0.92,0.42
248,0.9,0.41,0.92,0.56,0.92,0.6,0.92,0.43
249,0.88,0.51,0.92,0.56,0.92,0.5,0.92,0.43
250,0.9,0.51,0.92,0.57,0.92,0.5,0.92,0.43
251,0.9,0.41,0.92,0.57,0.92,0.5,0.92,0.43
252,0.9,0.51,0.92,0.58,0.92,0.5,0.92,0.44
253,0.9,0.51,0.93,0.58,0.92,0.5,0.92,0.44
254,0.9,0.51,0.93,0.58,0.92,0.6,0.92,0.44
255,0.91,0.51,0.93,0.58,0.93,0.5,0.93,0.45
256,0.91,0.51,0.93,0.58,0.93,0.5,0.92,0.45
257,0.9,0.51,0.93,0.59,0.92,0.5,0.93,0.45
258,0.91,0.41,0.93,0.59,0.92,0.5,0.93,0.46
259,0.91,0.51,0.93,0.59,0.92,0.5,0.93,0.46
260,0.88,0.41,0.93,0.6,0.92,0.39,0.93,0.46
261,0.9,0.41,0.93,0.6,0.92,0.39,0.93,0.46
262,0.9,0.3,0.93,0.6,0.92,0.39,0.92,0.46
263,0.9,0.3,0.93,0.6,0.92,0.39,0.92,0.47
264,0.88,0.3,0.93,0.61,0.92,0.5,0.92,0.47
265,0.88,0.3,0.93,0.61,0.92,0.39,0.92,0.47
266,0.88,0.3,0.93,0.61,0.92,0.39,0.92,0.48
267,0.87,0.3,0.93,0.61,0.9,0.39,0.93,0.48
268,0.87,0.3,0.93,0.61,0.92,0.39,0.93,0.48
269,0.88,0.41,0.93,0.62,0.92,0.5,0.93,0.48
270,0.88,0.41,0.93,0.62,0.92,0.5,0.93,0.49
271,0.9,0.51,0.94,0.62,0.92,0.5,0.93,0.49
272,0.9,0.51,0.94,0.62,0.92,0.5,0.93,0.49
273,0.9,0.59,0.94,0.63,0.92,0.6,0.94,0.49
274,0.9,0.59,0.94,0.63,0.92,0.6,0.94,0.5
275,0.91,0.7,0.94,0.63,0.93,0.6,0.94,0.5
276,0.9,0.59,0.94,0.63,0.93,0.6,0.94,0.5
277,0.91,0.59,0.94,0.64,0.93,0.6,0.94,0.5
278,0.91,0.59,0.94,0.64,0.93,0.6,0.94,0.51
279,0.91,0.59,0.94,0.64,0.92,0.6,0.94,0.51
280,0.9,0.59,0.94,0.64,0.93,0.6,0.94,0.51
281,0.93,0.59,0.94,0.65,0.93,0.6,0.94,0.51
282,0.91,0.51,0.94,0.65,0.93,0.6,0.94,0.51
283,0.91,0.51,0.94,0.65,0.93,0.5,0.94,0.52
284,0.91,0.59,0.94,0.65,0.93,0.5,0.94,0.52
285,0.91,0.51,0.94,0.65,0.93,0.5,0.94,0.52
286,0.91,0.51,0.94,0.66,0.93,0.5,0.94,0.53
287,0.9,0.51,0.94,0.66,0.93,0.6,0.94,0.53
288,0.91,0.41,0.94,0.66,0.93,0.5,0.94,0.53
289,0.91,0.51,0.94,0.66,0.93,0.6,0.94,0.53
290,0.91,0.51,0.95,0.66,0.93,0.5,0.94,0.53
291,0.93,0.51,0.95,0.67,0.93,0.5,0.94,0.54
292,0.93,0.51,0.95,0.67,0.93,0.5,0.94,0.54
293,0.91,0.51,0.95,0.67,0.93,0.6,0.95,0.54
294,0.93,0.59,0.95,0.67,0.93,0.6,0.95,0.55
295,0.93,0.59,0.95,0.68,0.93,0.6,0.95,0.55
296,0.93,0.51,0.95,0.68,0.93,0.6,0.95,0.55
297,0.93,0.51,0.95,0.68,0.95,0.6,0.95,0.55
298,0.93,0.41,0.95,0.68,0.95,0.5,0.95,0.55
299,0.94,0.59,0.95,0.68,0.93,0.5,0.95,0.56
300,0.91,0.51,0.95,0.68,0.93,0.5,0.95,0.56
301,0.91,0.41,0.95,0.68,0.93,0.5,0.95,0.56
302,0.93,0.41,0.95,0.69,0.93,0.5,0.94,0.56
303,0.88,0.3,0.94,0.69,0.92,0.39,0.94,0.56
304,0.9,0.41,0.94,0.69,0.92,0.39,0.94,0.57
305,0.88,0.41,0.94,0.69,0.92,0.39,0.94,0.57
306,0.9,0.3,0.94,0.69,0.92,0.39,0.94,0.57
307,0.88,0.41,0.94,0.69,0.92,0.5,0.94,0.57
308,0.87,0.41,0.94,0.69,0.92,0.5,0.94,0.57
309,0.87,0.51,0.94,0.7,0.92,0.5,0.95,0.58
310,0.87,0.51,0.94,0.7,0.92,0.5,0.95,0.58
311,0.9,0.51,0.94,0.7,0.92,0.5,0.95,0.58
312,0.9,0.51,0.94,0.7,0.92,0.6,0.95,0.58
313,0.88,0.51,0.94,0.7,0.92,0.5,0.95,0.58
314,0.9,0.51,0.94,0.71,0.92,0.5,0.95,0.59
315,0.88,0.51,0.94,0.71,0.92,0.6,0.95,0.59
316,0.88,0.51,0.95,0.71,0.92,0.5,0.95,0.59
317,0.88,0.51,0.94,0.71,0.92,0.5,0.95,0.59
318,0.88,0.51,0.95,0.71,0.93,0.5,0.95,0.6
319,0.9,0.41,0.95,0.71,0.92,0.5,0.95,0.6
320,0.9,0.51,0.95,0.72,0.93,0.5,0.95,0.6
321,0.88,0.51,0.95,0.72,0.93,0.6,0.95,0.6
322,0.9,0.51,0.95,0.72,0.93,0.6,0.95,0.6
323,0.9,0.51,0.95,0.72,0.93,0.6,0.95,0.61
324,0.9,0.51,0.95,0.72,0.92,0.6,0.95,0.61
325,0.88,0.51,0.95,0.73,0.93,0.6,0.95,0.61
326,0.88,0.51,0.95,0.73,0.93,0.5,0.95,0.61
327,0.88,0.51,0.95,0.73,0.93,0.6,0.95,0.61
328,0.88,0.41,0.95,0.73,0.93,0.5,0.95,0.62
329,0.88,0.51,0.95,0.73,0.93,0.5,0.95,0.62
330,0.88,0.51,0.95,0.73,0.92,0.5,0.95,0.62
331,0.88,0.51,0.95,0.73,0.93,0.5,0.95,0.62
332,0.88,0.51,0.95,0.74,0.93,0.5,0.95,0.62
333,0.88,0.51,0.95,0.74,0.93,0.6,0.95,0.62
334,0.88,0.59,0.95,0.74,0.93,0.6,0.95,0.63
335,0.9,0.51,0.95,0.74,0.93,0.5,0.95,0.63
336,0.88,0.59,0.95,0.74,0.93,0.6,0.95,0.63
337,0.88,0.59,0.95,0.75,0.93,0.6,0.95,0.63
338,0.9,0.59,0.95,0.75,0.93,0.6,0.95,0.64
339,0.9,0.59,0.95,0.75,0.93,0.6,0.96,0.64
340,0.91,0.7,0.96,0.75,0.93,0.69,0.96,0.64
341,0.91,0.7,0.96,0.75,0.93,0.6,0.95,0.64
342,0.91,0.7,0.96,0.75,0.93,0.69,0.96,0.64
343,0.93,0.59,0.96,0.75,0.93,0.69,0.96,0.64
344,0.93,0.7,0.96,0.76,0.93,0.69,0.96,0.65
345,0.93,0.59,0.96,0.76,0.95,0.69,0.96,0.65
346,0.93,0.59,0.96,0.76,0.93,0.6,0.96,0.65
347,0.94,0.7,0.96,0.76,0.95,0.69,0.96,0.65
348,0.93,0.7,0.96,0.76,0.95,0.69,0.96,0.65
349,0.94,0.81,0.96,0.76,0.95,0.69,0.96,0.66
350,0.94,0.7,0.96,0.76,0.93,0.69,0.96,0.66
351,0.94,0.7,0.96,0.76,0.95,0.69,0.96,0.66
352,0.94,0.7,0.96,0.77,0.95,0.69,0.96,0.66
353,0.93,0.7,0.96,0.77,0.95,0.8,0.96,0.66
354,0.93,0.59,0.96,0.77,0.93,0.69,0.96,0.66
355,0.91,0.7,0.96,0.77,0.93,0.6,0.96,0.67
356,0.91,0.59,0.96,0.77,0.93,0.69,0.96,0.67
357,0.9,0.59,0.96,0.77,0.93,0.6,0.96,0.67
358,0.9,0.59,0.96,0.78,0.93,0.6,0.96,0.67
359,0.9,0.59,0.96,0.78,0.93,0.6,0.96,0.67
360,0.9,0.59,0.96,0.78,0.93,0.69,0.96,0.67
361,0.91,0.81,0.96,0.78,0.93,0.69,0.96,0.68
362,0.91,0.7,0.96,0.78,0.93,0.69,0.96,0.68
363,0.91,0.7,0.96,0.78,0.93,0.69,0.96,0.68
364,0.93,0.81,0.96,0.78,0.95,0.69,0.96,0.68
365,0.93,0.7,0.96,0.78,0.95,0.69,0.96,0.68
366,0.93,0.7,0.96,0.79,0.93,0.69,0.96,0.68
367,0.91,0.7,0.96,0.79,0.93,0.69,0.96,0.69
368,0.91,0.7,0.96,0.79,0.95,0.69,0.96,0.69
369,0.91,0.81,0.96,0.79,0.93,0.69,0.96,0.69
370,0.91,0.7,0.96,0.79,0.95,0.69,0.96,0.69
371,0.93,0.81,0.96,0.79,0.95,0.69,0.96,0.69
372,0.94,0.81,0.96,0.79,0.93,0.69,0.96,0.69
373,0.93,0.7,0.96,0.79,0.93,0.69,0.96,0.7
374,0.9,0.7,0.96,0.8,0.95,0.69,0.96,0.7
375,0.9,0.7,0.96,0.8,0.93,0.69,0.96,0.7
376,0.9,0.7,0.96,0.8,0.93,0.69,0.97,0.7
377,0.9,0.7,0.96,0.8,0.93,0.69,0.96,0.7
378,0.9,0.7,0.96,0.8,0.93,0.69,0.96,0.7
379,0.91,0.7,0.96,0.8,0.93,0.69,0.96,0.71
380,0.91,0.7,0.96,0.8,0.93,0.69,0.96,0.71
381,0.91,0.7,0.96,0.8,0.95,0.69,0.96,0.71
382,0.9,0.7,0.96,0.81,0.93,0.69,0.96,0.71
383,0.9,0.7,0.96,0.81,0.93,0.69,0.96,0.71
384,0.9,0.7,0.96,0.81,0.93,0.6,0.96,0.71
385,0.88,0.59,0.95,0.81,0.92,0.6,0.96,0.72
386,0.88,0.59,0.95,0.81,0.92,0.6,0.96,0.72
387,0.88,0.51,0.95,0.81,0.92,0.6,0.96,0.72
388,0.88,0.59,0.95,0.81,0.92,0.6,0.96,0.72
389,0.88,0.51,0.95,0.81,0.92,0.6,0.96,0.72
390,0.9,0.59,0.95,0.81,0.92,0.6,0.96,0.72
391,0.9,0.7,0.95,0.82,0.92,0.69,0.96,0.73
392,0.87,0.7,0.95,0.82,0.92,0.6,0.96,0.73
393,0.88,0.7,0.96,0.82,0.92,0.6,0.96,0.73
394,0.87,0.59,0.95,0.82,0.93,0.69,0.96,0.73
395,0.88,0.7,0.95,0.82,0.92,0.69,0.96,0.73
396,0.88,0.7,0.95,0.82,0.92,0.6,0.96,0.73
397,0.87,0.59,0.95,0.82,0.92,0.6,0.96,0.73
398,0.87,0.51,0.95,0.82,0.92,0.6,0.96,0.74
399,0.9,0.59,0.95,0.82,0.92,0.6,0.96,0.74
400,0.88,0.59,0.95,0.82,0.92,0.69,0.96,0.74
401,0.9,0.59,0.96,0.83,0.92,0.6,0.96,0.74
402,0.88,0.59,0.95,0.83,0.92,0.6,0.96,0.74
403,0.88,0.59,0.95,0.83,0.93,0.6,0.96,0.74
404,0.88,0.59,0.96,0.83,0.92,0.6,0.96,0.74
405,0.88,0.59,0.96,0.83,0.92,0.6,0.96,0.75
406,0.9,0.59,0.96,0.83,0.93,0.69,0.96,0.75
407,0.87,0.59,0.95,0.83,0.92,0.6,0.96,0.75
408,0.88,0.59,0.96,0.84,0.93,0.6,0.96,0.75
409,0.9,0.59,0.96,0.84,0.92,0.69,0.96,0.76
410,0.88,0.59,0.96,0.84,0.92,0.6,0.96,0.76
411,0.9,0.59,0.96,0.84,0.92,0.69,0.96,0.76
412,0.88,0.59,0.96,0.84,0.93,0.6,0.96,0.76
413,0.9,0.7,0.96,0.84,0.93,0.69,0.96,0.76
414,0.88,0.59,0.96,0.84,0.93,0.6,0.96,0.76
415,0.88,0.59,0.96,0.84,0.93,0.6,0.97,0.76
416,0.9,0.59,0.96,0.84,0.93,0.6,0.96,0.76
417,0.88,0.59,0.96,0.85,0.93,0.6,0.96,0.77
418,0.87,0.59,0.96,0.85,0.93,0.6,0.96,0.77
419,0.88,0.51,0.96,0.85,0.93,0.6,0.96,0.77
420,0.88,0.51,0.96,0.85,0.92,0.6,0.96,0.77
421,0.88,0.41,0.96,0.85,0.92,0.5,0.96,0.77
422,0.88,0.41,0.96,0.85,0.92,0.5,0.96,0.77
423,0.87,0.41,0.96,0.85,0.92,0.6,0.96,0.78
424,0.87,0.41,0.96,0.85,0.92,0.6,0.96,0.78
425,0.88,0.51,0.96,0.85,0.92,0.6,0.96,0.78
426,0.88,0.51,0.96,0.85,0.92,0.6,0.96,0.78
427,0.88,0.51,0.96,0.85,0.92,0.6,0.97,0.78
428,0.88,0.59,0.96,0.86,0.92,0.6,0.97,0.78
429,0.87,0.51,0.96,0.86,0.93,0.6,0.97,0.78
430,0.88,0.59,0.96,0.86,0.93,0.6,0.97,0.78
431,0.88,0.59,0.96,0.86,0.93,0.6,0.97,0.79
432,0.88,0.51,0.96,0.86,0.92,0.6,0.96,0.79
433,0.88,0.41,0.95,0.86,0.92,0.6,0.96,0.79
434,0.87,0.41,0.96,0.86,0.92,0.5,0.96,0.79
435,0.87,0.41,0.95,0.86,0.92,0.5,0.96,0.79
436,0.86,0.3,0.95,0.86,0.9,0.6,0.96,0.79
437,0.87,0.41,0.96,0.87,0.9,0.5,0.96,0.8
438,0.88,0.41,0.95,0.87,0.92,0.5,0.96,0.8
439,0.87,0.3,0.95,0.87,0.9,0.6,0.96,0.8
440,0.87,0.3,0.95,0.87,0.92,0.5,0.96,0.8
441,0.87,0.41,0.95,0.87,0.92,0.39,0.96,0.8
442,0.88,0.3,0.95,0.87,0.92,0.5,0.96,0.8
443,0.87,0.41,0.95,0.87,0.92,0.5,0.96,0.8
444,0.87,0.3,0.95,0.87,0.9,0.39,0.96,0.8
445,0.87,0.3,0.95,0.87,0.9,0.39,0.96,0.8
446,0.87,0.3,0.95,0.87,0.92,0.5,0.96,0.81
447,0.84,0.41,0.95,0.87,0.9,0.5,0.96,0.81
448,0.84,0.3,0.95,0.87,0.9,0.5,0.96,0.81
449,0.86,0.3,0.95,0.88,0.9,0.5,0.96,0.81
450,0.86,0.3,0.95,0.88,0.9,0.5,0.96,0.81
451,0.88,0.41,0.95,0.88,0.9,0.5,0.96,0.81
452,0.86,0.41,0.95,0.88,0.92,0.5,0.96,0.82
453,0.87,0.41,0.96,0.88,0.92,0.5,0.97,0.82
454,0.86,0.41,0.96,0.88,0.92,0.6,0.97,0.82
455,0.86,0.51,0.96,0.88,0.92,0.6,0.97,0.82
456,0.87,0.41,0.96,0.88,0.92,0.6,0.97,0.82
457,0.86,0.51,0.96,0.88,0.93,0.6,0.97,0.82
458,0.86,0.51,0.96,0.89,0.92,0.6,0.97,0.82
459,0.88,0.51,0.96,0.89,0.92,0.6,0.97,0.83
460,0.88,0.51,0.96,0.89,0.92,0.6,0.97,0.83
461,0.88,0.51,0.96,0.89,0.92,0.6,0.97,0.83
462,0.88,0.59,0.96,0.89,0.93,0.69,0.97,0.83
463,0.88,0.59,0.96,0.89,0.93,0.6,0.98,0.83
464,0.87,0.59,0.96,0.89,0.93,0.6,0.97,0.83
465,0.88,0.51,0.96,0.89,0.92,0.6,0.97,0.84
466,0.87,0.51,0.96,0.89,0.92,0.6,0.97,0.84
467,0.87,0.59,0.96,0.9,0.93,0.6,0.97,0.84
468,0.87,0.59,0.96,0.9,0.92,0.6,0.97,0.84
469,0.88,0.59,0.96,0.9,0.93,0.69,0.97,0.84
470,0.88,0.59,0.96,0.9,0.93,0.69,0.97,0.84
471,0.88,0.7,0.96,0.9,0.93,0.69,0.97,0.84
472,0.88,0.7,0.96,0.9,0.93,0.69,0.98,0.85
473,0.87,0.81,0.96,0.9,0.93,0.69,0.98,0.85
474,0.88,0.7,0.96,0.9,0.93,0.8,0.98,0.85
475,0.87,0.59,0.96,0.9,0.92,0.8,0.98,0.85
476,0.9,0.7,0.96,0.9,0.93,0.69,0.98,0.85
477,0.88,0.7,0.96,0.9,0.93,0.69,0.98,0.85
478,0.88,0.59,0.96,0.9,0.93,0.69,0.98,0.85
479,0.9,0.59,0.96,0.9,0.93,0.69,0.97,0.85
480,0.9,0.59,0.96,0.9,0.93,0.69,0.97,0.85
481,0.88,0.59,0.96,0.91,0.93,0.69,0.97,0.85
482,0.88,0.51,0.96,0.91,0.92,0.69,0.97,0.86
483,0.88,0.51,0.96,0.91,0.93,0.6,0.97,0.86
484,0.87,0.51,0.96,0.91,0.92,0.6,0.97,0.86
485,0.88,0.41,0.96,0.91,0.93,0.6,0.97,0.86
486,0.87,0.41,0.96,0.91,0.93,0.6,0.97,0.86
487,0.87,0.41,0.96,0.91,0.92,0.6,0.97,0.86
488,0.88,0.51,0.96,0.91,0.93,0.6,0.97,0.86
489,0.88,0.51,0.96,0.91,0.93,0.69,0.97,0.87
490,0.9,0.59,0.96,0.92,0.93,0.6,0.98,0.87
491,0.9,0.59,0.97,0.92,0.95,0.69,0.98,0.87
492,0.9,0.7,0.97,0.92,0.93,0.69,0.98,0.87
493,0.9,0.7,0.97,0.92,0.95,0.8,0.98,0.87
494,0.9,0.7,0.97,0.92,0.95,0.69,0.98,0.87
495,0.88,0.7,0.97,0.92,0.93,0.8,0.98,0.87
496,0.9,0.7,0.97,0.92,0.95,0.8,0.98,0.87
497,0.91,0.7,0.97,0.92,0.95,0.8,0.98,0.88
498,0.91,0.81,0.97,0.92,0.95,0.8,0.98,0.88
499,0.93,0.81,0.98,0.93,0.95,0.8,0.98,0.88
500,0.93,0.81,0.98,0.93,0.97,0.8,0.98,0.88
501,0.93,0.92,0.98,0.93,0.97,0.9,0.99,0.88
502,0.94,0.81,0.98,0.93,0.95,0.8,0.99,0.88
503,0.91,0.92,0.98,0.93,0.97,0.9,0.98,0.89
504,0.94,0.92,0.98,0.93,0.97,0.9,0.99,0.89
505,0.94,0.92,0.98,0.93,0.97,0.9,0.99,0.89
506,0.93,0.92,0.99,0.93,0.97,0.9,0.99,0.89
507,0.94,0.92,0.99,0.93,0.97,0.9,0.99,0.89
508,0.94,0.92,0.98,0.94,0.97,1.0,0.99,0.89
509,0.96,0.92,0.98,0.94,0.97,0.9,0.99,0.89
510,0.96,0.92,0.98,0.94,0.97,1.0,0.99,0.9
511,0.94,1.0,0.98,0.94,0.97,1.0,0.99,0.9
512,0.94,0.92,0.98,0.94,0.95,0.9,0.99,0.9
513,0.94,0.92,0.98,0.94,0.97,1.0,0.99,0.9
514,0.93,0.92,0.98,0.94,0.97,0.9,0.99,0.9
515,0.93,0.81,0.98,0.94,0.97,0.9,0.99,0.9
516,0.93,0.92,0.98,0.94,0.95,0.9,0.99,0.9
517,0.91,0.92,0.98,0.94,0.95,0.9,0.99,0.9
518,0.9,0.7,0.98,0.94,0.95,0.9,0.98,0.91
519,0.91,0.7,0.97,0.94,0.95,0.8,0.98,0.91
520,0.9,0.81,0.97,0.95,0.95,0.8,0.98,0.91
521,0.91,0.7,0.97,0.95,0.93,0.9,0.98,0.91
522,0.91,0.81,0.97,0.95,0.95,0.9,0.98,0.91
523,0.91,0.81,0.97,0.94,0.95,0.9,0.98,0.91
524,0.93,0.81,0.97,0.95,0.95,0.9,0.98,0.91
525,0.93,0.92,0.98,0.95,0.95,0.9,0.99,0.91
526,0.91,0.92,0.98,0.95,0.95,0.9,0.99,0.91
527,0.93,0.92,0.97,0.95,0.95,1.0,0.99,0.92
528,0.91,0.92,0.98,0.95,0.95,0.9,0.99,0.92
529,0.93,0.92,0.97,0.95,0.95,0.9,0.98,0.92
530,0.93,0.81,0.97,0.95,0.95,0.9,0.98,0.92
531,0.93,0.81,0.97,0.95,0.93,0.9,0.98,0.92
532,0.91,0.81,0.97,0.95,0.93,0.8,0.98,0.92
533,0.91,0.7,0.97,0.95,0.95,0.8,0.98,0.92
534,0.9,0.7,0.97,0.96,0.93,0.8,0.98,0.92
535,0.9,0.59,0.97,0.96,0.92,0.8,0.98,0.93
536,0.9,0.59,0.97,0.96,0.93,0.8,0.98,0.93
537,0.9,0.51,0.97,0.96,0.93,0.8,0.98,0.93
538,0.9,0.59,0.97,0.96,0.93,0.8,0.98,0.93
539,0.88,0.59,0.96,0.96,0.93,0.8,0.98,0.93
540,0.88,0.59,0.96,0.96,0.93,0.69,0.98,0.93
541,0.88,0.51,0.96,0.96,0.92,0.69,0.98,0.93
542,0.88,0.51,0.96,0.96,0.92,0.69,0.98,0.93
543,0.88,0.51,0.96,0.96,0.93,0.69,0.98,0.93
544,0.9,0.51,0.96,0.96,0.92,0.69,0.98,0.93
545,0.88,0.51,0.96,0.96,0.92,0.69,0.98,0.94
546,0.88,0.51,0.96,0.96,0.93,0.69,0.98,0.94
547,0.88,0.59,0.96,0.96,0.92,0.8,0.98,0.94
548,0.88,0.51,0.96,0.96,0.92,0.8,0.98,0.94
549,0.87,0.51,0.96,0.96,0.92,0.69,0.98,0.94
550,0.86,0.41,0.96,0.96,0.92,0.69,0.98,0.94
551,0.87,0.3,0.96,0.96,0.92,0.6,0.97,0.94
552,0.87,0.51,0.96,0.96,0.92,0.6,0.97,0.94
553,0.87,0.41,0.96,0.97,0.92,0.69,0.98,0.94
554,0.86,0.41,0.96,0.97,0.9,0.6,0.97,0.94
555,0.86,0.41,0.96,0.97,0.9,0.6,0.97,0.94
556,0.86,0.3,0.96,0.97,0.9,0.6,0.97,0.95
557,0.86,0.3,0.96,0.97,0.9,0.6,0.97,0.95
558,0.84,0.3,0.96,0.97,0.9,0.5,0.97,0.95
559,0.87,0.41,0.96,0.97,0.9,0.6,0.97,0.95
560,0.84,0.41,0.96,0.97,0.9,0.6,0.97,0.95
561,0.87,0.41,0.96,0.97,0.9,0.69,0.97,0.95
562,0.87,0.41,0.96,0.97,0.92,0.6,0.97,0.95
563,0.88,0.41,0.96,0.97,0.92,0.6,0.97,0.96
564,0.88,0.3,0.96,0.97,0.92,0.6,0.98,0.96
565,0.87,0.3,0.96,0.97,0.9,0.6,0.97,0.96
566,0.86,0.41,0.96,0.97,0.92,0.6,0.97,0.96
567,0.87,0.3,0.96,0.97,0.92,0.6,0.97,0.96
568,0.86,0.3,0.96,0.97,0.92,0.6,0.97,0.96
569,0.86,0.3,0.96,0.98,0.9,0.6,0.97,0.96
570,0.86,0.3,0.96,0.98,0.9,0.6,0.97,0.96
571,0.87,0.41,0.96,0.98,0.92,0.69,0.97,0.96
572,0.87,0.41,0.96,0.98,0.92,0.6,0.97,0.97
573,0.86,0.41,0.96,0.98,0.92,0.6,0.97,0.97
574,0.87,0.41,0.96,0.98,0.92,0.69,0.98,0.97
575,0.86,0.41,0.96,0.98,0.92,0.6,0.98,0.97
576,0.86,0.41,0.96,0.98,0.92,0.5,0.97,0.97
577,0.86,0.41,0.96,0.98,0.92,0.6,0.98,0.97
578,0.87,0.41,0.96,0.98,0.92,0.6,0.98,0.97
579,0.87,0.3,0.96,0.98,0.9,0.6,0.98,0.97
580,0.86,0.3,0.96,0.99,0.92,0.6,0.97,0.98
581,0.87,0.22,0.96,0.99,0.92,0.5,0.97,0.98
582,0.86,0.3,0.96,0.99,0.9,0.6,0.98,0.98
583,0.87,0.3,0.96,0.99,0.92,0.6,0.98,0.98
584,0.87,0.41,0.96,0.99,0.92,0.6,0.98,0.98
585,0.87,0.41,0.97,0.99,0.92,0.6,0.98,0.98
586,0.87,0.41,0.97,0.99,0.92,0.6,0.98,0.98
587,0.87,0.51,0.97,0.99,0.92,0.69,0.98,0.98
588,0.88,0.51,0.97,0.99,0.92,0.6,0.98,0.98
589,0.88,0.59,0.97,0.99,0.93,0.69,0.98,0.99
590,0.87,0.51,0.97,0.99,0.92,0.69,0.98,0.99
591,0.87,0.51,0.97,0.99,0.92,0.6,0.98,0.99
592,0.87,0.41,0.97,1.0,0.92,0.69,0.98,0.99
593,0.88,0.41,0.97,1.0,0.93,0.6,0.98,0.99
594,0.88,0.41,0.97,1.0,0.93,0.6,0.98,0.99
595,0.9,0.41,0.97,1.0,0.93,0.6,0.98,0.99
596,0.9,0.3,0.97,1.0,0.93,0.6,0.98,1.0
597,0.88,0.41,0.97,1.0,0.93,0.6,0.98,1.0
598,0.9,0.3,0.97,1.0,0.93,0.5,0.98,1.0
599,0.88,0.3,0.97,1.0,0.92,0.5,0.98,1.0
