0,0.81,0.87,0.94,0.67,0.9,0.87,0.96,0.77
1,0.81,0.86,0.95,0.67,0.9,0.91,0.95,0.81
2,0.81,0.87,0.95,0.67,0.85,0.87,0.96,0.77
3,0.85,0.87,0.94,0.67,0.9,0.91,0.96,0.77
4,0.81,0.82,0.94,0.67,0.9,0.87,0.96,0.81
5,0.81,0.87,0.95,0.67,0.9,0.87,0.98,0.81
6,0.89,0.87,0.95,0.67,0.9,0.91,0.98,0.81
7,0.89,0.87,0.96,0.67,0.85,0.91,0.98,0.81
8,0.89,0.87,0.96,0.67,0.9,0.91,0.98,0.81
9,0.93,0.87,0.97,0.67,0.95,0.91,0.99,0.81
10,0.93,0.9,0.96,0.67,0.95,0.91,0.98,0.77
11,0.89,0.9,0.97,0.67,0.95,0.91,0.99,0.81
12,0.89,0.9,0.97,0.67,0.95,0.91,0.98,0.85
13,0.85,0.87,0.96,0.67,0.9,0.91,0.99,0.81
14,0.89,0.87,0.97,0.67,0.95,0.87,0.99,0.81
15,0.89,0.87,0.97,0.67,0.95,0.91,0.99,0.85
16,0.89,0.87,0.96,0.67,0.9,0.87,0.98,0.81
17,0.85,0.87,0.96,0.67,0.9,0.87,0.98,0.81
18,0.85,0.87,0.95,0.67,0.9,0.91,0.98,0.81
19,0.81,0.87,0.95,0.67,0.9,0.87,0.98,0.81
20,0.85,0.87,0.95,0.67,0.9,0.91,0.96,0.85
21,0.85,0.86,0.96,0.61,0.9,0.87,0.98,0.81
22,0.85,0.86,0.96,0.61,0.9,0.91,0.98,0.85
23,0.89,0.87,0.96,0.67,0.9,0.87,0.98,0.81
24,0.85,0.86,0.96,0.67,0.9,0.91,0.98,0.85
25,0.81,0.87,0.96,0.67,0.9,0.87,0.98,0.81
26,0.81,0.87,0.95,0.67,0.9,0.87,0.98,0.85
27,0.85,0.87,0.95,0.67,0.9,0.87,0.98,0.81
28,0.85,0.87,0.96,0.67,0.9,0.87,0.98,0.85
29,0.89,0.9,0.96,0.67,0.9,0.91,0.99,0.85
30,0.85,0.9,0.96,0.67,0.9,0.91,0.98,0.81
31,0.89,0.9,0.97,0.76,0.95,0.91,0.99,0.81
32,0.93,0.92,0.97,0.67,0.95,0.94,0.99,0.85
33,0.89,0.92,0.97,0.76,0.95,0.91,0.99,0.85
34,0.93,0.92,0.98,0.76,0.95,0.91,0.99,0.85
35,0.93,0.92,0.98,0.76,0.95,0.94,0.99,0.85
36,0.93,0.92,0.98,0.67,0.95,0.91,0.99,0.85
37,0.89,0.92,0.98,0.67,0.95,0.91,0.99,0.85
38,0.93,0.92,0.97,0.76,0.95,0.94,0.99,0.85
39,0.93,0.9,0.97,0.76,0.95,0.91,1.0,0.85
40,0.93,0.9,0.98,0.67,0.95,0.91,0.99,0.85
41,0.93,0.92,0.98,0.67,1.0,0.91,0.99,0.85
42,0.93,0.92,0.98,0.76,0.95,0.94,0.99,0.85
43,0.96,0.9,0.97,0.67,0.95,0.91,0.99,0.85
44,0.93,0.9,0.98,0.67,0.95,0.91,0.99,0.85
45,0.89,0.9,0.97,0.67,0.95,0.91,0.99,0.85
46,0.93,0.9,0.98,0.67,0.95,0.91,0.99,0.85
47,0.85,0.92,0.97,0.67,0.95,0.94,0.99,0.85
48,0.89,0.92,0.96,0.76,0.95,0.91,0.98,0.81
49,0.89,0.9,0.97,0.67,0.95,0.91,0.96,0.77
50,0.93,0.9,0.97,0.76,0.95,0.91,0.95,0.81
51,0.96,0.9,0.99,0.76,0.95,0.94,0.96,0.81
52,1.0,0.9,1.0,0.76,1.0,0.91,0.95,0.77
53,1.0,0.81,0.95,0.76,0.95,0.84,0.87,0.81
54,0.93,0.73,0.9,0.92,0.95,0.81,0.8,0.81
55,0.85,0.61,0.78,0.92,0.85,0.72,0.71,0.81
56,0.81,0.53,0.68,0.92,0.81,0.66,0.62,0.77
57,0.74,0.42,0.55,0.92,0.71,0.54,0.5,0.77
58,0.67,0.37,0.47,1.0,0.66,0.48,0.44,0.77
59,0.63,0.3,0.41,0.92,0.62,0.42,0.37,0.77
60,0.56,0.25,0.33,0.84,0.57,0.36,0.3,0.73
61,0.49,0.23,0.29,0.92,0.53,0.34,0.27,0.69
62,0.49,0.21,0.26,0.92,0.48,0.28,0.25,0.69
63,0.42,0.18,0.23,0.84,0.48,0.28,0.22,0.69
64,0.42,0.18,0.21,0.84,0.39,0.25,0.19,0.69
65,0.42,0.16,0.18,0.84,0.39,0.25,0.17,0.65
66,0.38,0.16,0.17,0.84,0.35,0.22,0.16,0.65
67,0.35,0.11,0.16,0.76,0.35,0.22,0.16,0.62
68,0.31,0.11,0.14,0.76,0.35,0.19,0.14,0.62
69,0.31,0.11,0.13,0.76,0.3,0.19,0.13,0.58
70,0.28,0.11,0.12,0.76,0.26,0.19,0.12,0.58
71,0.21,0.09,0.1,0.67,0.26,0.17,0.11,0.54
72,0.17,0.09,0.09,0.67,0.26,0.17,0.1,0.54
73,0.17,0.09,0.08,0.67,0.21,0.17,0.09,0.51
74,0.14,0.09,0.07,0.67,0.21,0.14,0.08,0.51
75,0.14,0.07,0.06,0.67,0.17,0.14,0.07,0.47
76,0.1,0.07,0.05,0.61,0.17,0.14,0.07,0.47
77,0.1,0.04,0.04,0.53,0.13,0.08,0.05,0.47
78,0.07,0.03,0.03,0.61,0.08,0.08,0.04,0.43
79,0.0,0.03,0.02,0.53,0.04,0.06,0.02,0.43
80,0.0,0.0,0.02,0.53,0.0,0.06,0.02,0.4
81,0.0,0.0,0.02,0.45,0.04,0.06,0.01,0.4
82,0.03,0.03,0.01,0.53,0.0,0.03,0.01,0.4
83,0.0,0.03,0.01,0.53,0.0,0.03,0.01,0.36
84,0.0,0.0,0.0,0.53,0.0,0.03,0.0,0.36
85,0.0,0.0,0.0,0.45,0.0,0.03,0.0,0.36
86,0.03,0.0,0.01,0.45,0.0,0.03,0.0,0.36
87,0.03,0.0,0.01,0.45,0.0,0.03,0.0,0.32
88,0.03,0.0,0.0,0.45,0.0,0.0,0.0,0.32
89,0.03,0.0,0.01,0.45,0.0,0.03,0.0,0.32
90,0.07,0.0,0.01,0.45,0.0,0.03,0.01,0.32
91,0.03,0.0,0.02,0.37,0.04,0.03,0.01,0.29
92,0.07,0.03,0.02,0.45,0.04,0.03,0.0,0.29
93,0.07,0.03,0.02,0.45,0.04,0.03,0.02,0.29
94,0.03,0.03,0.02,0.37,0.04,0.06,0.02,0.29
95,0.07,0.03,0.02,0.45,0.04,0.06,0.02,0.29
96,0.0,0.03,0.02,0.45,0.08,0.06,0.02,0.29
97,0.03,0.04,0.02,0.45,0.08,0.06,0.02,0.29
98,0.07,0.04,0.02,0.45,0.08,0.06,0.02,0.25
99,0.03,0.04,0.02,0.37,0.08,0.08,0.02,0.25
100,0.0,0.04,0.01,0.45,0.08,0.06,0.02,0.25
101,0.03,0.04,0.02,0.37,0.08,0.08,0.02,0.25
102,0.03,0.04,0.02,0.37,0.08,0.06,0.03,0.21
103,0.03,0.07,0.02,0.37,0.08,0.08,0.02,0.21
104,0.03,0.07,0.02,0.37,0.08,0.08,0.02,0.21
105,0.03,0.07,0.02,0.37,0.13,0.11,0.03,0.21
106,0.0,0.07,0.02,0.37,0.08,0.11,0.03,0.18
107,0.07,0.07,0.02,0.37,0.08,0.11,0.03,0.21
108,0.0,0.09,0.02,0.37,0.13,0.11,0.03,0.21
109,0.03,0.09,0.02,0.37,0.13,0.11,0.03,0.21
110,0.07,0.07,0.02,0.37,0.13,0.11,0.03,0.21
111,0.07,0.09,0.02,0.37,0.13,0.11,0.04,0.18
112,0.07,0.07,0.02,0.37,0.08,0.14,0.04,0.18
113,0.07,0.09,0.02,0.45,0.13,0.14,0.04,0.18
114,0.07,0.09,0.02,0.45,0.13,0.14,0.03,0.18
115,0.1,0.09,0.03,0.45,0.13,0.14,0.04,0.14
116,0.1,0.11,0.03,0.45,0.13,0.14,0.04,0.18
117,0.07,0.11,0.03,0.45,0.13,0.14,0.05,0.18
118,0.07,0.11,0.03,0.45,0.13,0.14,0.05,0.18
119,0.07,0.11,0.03,0.45,0.13,0.14,0.04,0.18
120,0.07,0.09,0.02,0.37,0.13,0.14,0.04,0.18
121,0.03,0.09,0.02,0.37,0.13,0.14,0.04,0.14
122,0.07,0.09,0.02,0.37,0.13,0.11,0.04,0.14
123,0.07,0.09,0.02,0.37,0.13,0.11,0.03,0.14
124,0.07,0.09,0.02,0.45,0.13,0.11,0.03,0.14
125,0.07,0.09,0.02,0.45,0.13,0.11,0.03,0.14
126,0.1,0.09,0.02,0.37,0.13,0.14,0.04,0.14
127,0.1,0.11,0.02,0.45,0.13,0.14,0.04,0.14
128,0.1,0.09,0.03,0.45,0.13,0.11,0.04,0.14
129,0.1,0.09,0.03,0.37,0.13,0.14,0.04,0.11
130,0.1,0.09,0.03,0.45,0.13,0.14,0.04,0.14
131,0.1,0.09,0.03,0.45,0.13,0.11,0.04,0.11
132,0.07,0.09,0.03,0.37,0.13,0.11,0.04,0.11
133,0.1,0.09,0.03,0.37,0.13,0.11,0.04,0.11
134,0.07,0.07,0.03,0.37,0.13,0.11,0.04,0.11
135,0.07,0.07,0.03,0.37,0.13,0.11,0.04,0.11
136,0.07,0.09,0.03,0.37,0.13,0.14,0.04,0.07
137,0.07,0.07,0.03,0.37,0.13,0.11,0.04,0.07
138,0.1,0.07,0.03,0.37,0.13,0.11,0.05,0.07
139,0.1,0.07,0.03,0.37,0.13,0.14,0.05,0.07
140,0.14,0.09,0.03,0.37,0.13,0.14,0.05,0.11
141,0.1,0.07,0.03,0.37,0.13,0.11,0.05,0.07
142,0.07,0.07,0.03,0.37,0.13,0.14,0.05,0.07
143,0.1,0.09,0.03,0.37,0.13,0.14,0.05,0.07
144,0.1,0.07,0.03,0.37,0.13,0.14,0.06,0.07
145,0.1,0.09,0.03,0.37,0.13,0.14,0.06,0.07
146,0.1,0.09,0.03,0.31,0.17,0.14,0.06,0.03
147,0.1,0.09,0.03,0.37,0.17,0.14,0.06,0.03
148,0.1,0.09,0.03,0.31,0.17,0.14,0.06,0.03
149,0.07,0.09,0.03,0.37,0.17,0.14,0.06,0.07
150,0.1,0.09,0.03,0.37,0.17,0.14,0.06,0.03
151,0.07,0.09,0.03,0.31,0.17,0.17,0.06,0.03
152,0.1,0.09,0.04,0.31,0.17,0.17,0.07,0.03
153,0.14,0.11,0.05,0.31,0.17,0.17,0.07,0.03
154,0.14,0.14,0.06,0.31,0.21,0.17,0.08,0.03
155,0.21,0.18,0.11,0.31,0.26,0.19,0.12,0.0
156,0.24,0.23,0.14,0.31,0.26,0.22,0.15,0.03
157,0.24,0.28,0.17,0.31,0.3,0.25,0.17,0.03
158,0.31,0.3,0.22,0.31,0.39,0.31,0.21,0.03
159,0.38,0.37,0.26,0.37,0.39,0.34,0.25,0.03
160,0.45,0.44,0.32,0.37,0.48,0.39,0.29,0.07
161,0.49,0.47,0.36,0.37,0.48,0.42,0.34,0.07
162,0.45,0.49,0.37,0.37,0.48,0.42,0.35,0.07
163,0.53,0.53,0.41,0.31,0.53,0.48,0.38,0.07
164,0.53,0.53,0.43,0.37,0.53,0.48,0.4,0.07
165,0.56,0.61,0.47,0.37,0.57,0.54,0.44,0.11
166,0.6,0.64,0.5,0.37,0.62,0.54,0.47,0.11
167,0.63,0.68,0.54,0.45,0.62,0.6,0.5,0.14
168,0.63,0.68,0.55,0.45,0.66,0.6,0.52,0.14
169,0.67,0.7,0.57,0.45,0.66,0.63,0.53,0.14
170,0.63,0.7,0.59,0.45,0.66,0.66,0.56,0.18
171,0.63,0.75,0.62,0.53,0.71,0.66,0.59,0.18
172,0.63,0.75,0.64,0.45,0.71,0.69,0.6,0.18
173,0.67,0.75,0.64,0.53,0.71,0.69,0.61,0.18
174,0.7,0.75,0.67,0.53,0.71,0.69,0.63,0.18
175,0.67,0.78,0.68,0.45,0.76,0.72,0.65,0.21
176,0.7,0.81,0.7,0.53,0.76,0.75,0.66,0.21
177,0.78,0.82,0.73,0.53,0.81,0.75,0.68,0.25
178,0.78,0.82,0.74,0.45,0.76,0.75,0.69,0.25
179,0.78,0.82,0.76,0.53,0.81,0.78,0.71,0.25
180,0.78,0.86,0.76,0.53,0.81,0.78,0.72,0.29
181,0.85,0.82,0.78,0.53,0.85,0.81,0.74,0.29
182,0.85,0.86,0.8,0.53,0.85,0.81,0.76,0.29
183,0.85,0.87,0.82,0.61,0.85,0.84,0.78,0.25
184,0.89,0.86,0.82,0.53,0.9,0.81,0.78,0.29
185,0.89,0.87,0.83,0.61,0.81,0.84,0.79,0.32
186,0.85,0.87,0.85,0.61,0.85,0.84,0.79,0.36
187,0.89,0.87,0.84,0.61,0.85,0.84,0.8,0.36
188,0.89,0.87,0.85,0.61,0.85,0.84,0.82,0.36
189,0.85,0.87,0.85,0.61,0.85,0.84,0.82,0.36
190,0.81,0.87,0.85,0.61,0.9,0.84,0.82,0.36
191,0.89,0.87,0.86,0.67,0.85,0.84,0.83,0.4
192,0.89,0.9,0.87,0.61,0.85,0.84,0.84,0.4
193,0.89,0.9,0.87,0.61,0.85,0.87,0.84,0.36
194,0.89,0.95,0.88,0.67,0.9,0.87,0.85,0.4
195,0.89,0.92,0.88,0.61,0.9,0.87,0.85,0.4
196,0.89,0.87,0.9,0.61,0.9,0.87,0.85,0.4
197,0.85,0.9,0.88,0.67,0.9,0.87,0.86,0.4
198,0.93,0.9,0.88,0.67,0.9,0.87,0.86,0.4
199,0.89,0.9,0.88,0.67,0.9,0.87,0.86,0.47
200,0.85,0.9,0.88,0.61,0.9,0.84,0.87,0.43
201,0.85,0.9,0.88,0.61,0.85,0.87,0.86,0.43
202,0.85,0.9,0.88,0.61,0.9,0.84,0.87,0.43
203,0.85,0.9,0.9,0.61,0.9,0.87,0.87,0.43
204,0.81,0.92,0.9,0.61,0.85,0.87,0.88,0.43
205,0.85,0.9,0.88,0.61,0.9,0.87,0.87,0.47
206,0.89,0.87,0.9,0.61,0.9,0.84,0.88,0.43
207,0.89,0.9,0.9,0.61,0.85,0.87,0.87,0.43
208,0.85,0.86,0.88,0.53,0.85,0.84,0.88,0.47
209,0.85,0.87,0.88,0.61,0.85,0.87,0.88,0.51
210,0.85,0.87,0.9,0.53,0.85,0.84,0.88,0.47
211,0.85,0.87,0.88,0.61,0.85,0.84,0.87,0.47
212,0.85,0.87,0.88,0.53,0.85,0.84,0.88,0.43
213,0.85,0.9,0.9,0.53,0.85,0.84,0.89,0.47
214,0.85,0.87,0.9,0.53,0.9,0.87,0.89,0.47
215,0.85,0.87,0.9,0.53,0.85,0.84,0.89,0.51
216,0.85,0.9,0.9,0.53,0.85,0.84,0.89,0.51
217,0.89,0.9,0.9,0.53,0.9,0.87,0.89,0.51
218,0.93,0.9,0.92,0.53,0.9,0.87,0.91,0.54
219,0.89,0.9,0.92,0.61,0.9,0.87,0.92,0.51
220,0.89,0.87,0.92,0.61,0.9,0.84,0.91,0.51
221,0.89,0.9,0.91,0.61,0.9,0.87,0.91,0.54
222,0.89,0.9,0.92,0.61,0.9,0.91,0.91,0.54
223,0.89,0.87,0.91,0.53,0.9,0.87,0.92,0.54
224,0.85,0.9,0.91,0.61,0.9,0.91,0.92,0.54
225,0.85,0.9,0.92,0.61,0.9,0.87,0.92,0.58
226,0.85,0.92,0.92,0.61,0.9,0.91,0.92,0.54
227,0.89,0.9,0.91,0.61,0.9,0.87,0.92,0.58
228,0.89,0.9,0.92,0.61,0.9,0.91,0.92,0.54
229,0.89,0.92,0.92,0.61,0.85,0.91,0.93,0.58
230,0.89,0.95,0.93,0.61,0.9,0.91,0.93,0.58
231,0.93,0.92,0.93,0.61,0.9,0.91,0.93,0.58
232,0.89,0.9,0.93,0.61,0.9,0.91,0.93,0.58
233,0.93,0.9,0.94,0.61,0.95,0.91,0.93,0.58
234,0.89,0.92,0.94,0.61,0.9,0.87,0.93,0.58
235,0.89,0.9,0.94,0.61,0.9,0.91,0.93,0.58
236,0.85,0.9,0.93,0.61,0.9,0.87,0.93,0.58
237,0.93,0.92,0.94,0.61,0.95,0.91,0.94,0.62
238,0.93,0.92,0.94,0.61,0.95,0.91,0.94,0.62
239,0.96,0.92,0.95,0.61,0.95,0.91,0.94,0.58
240,0.93,0.92,0.94,0.61,0.95,0.91,0.94,0.62
241,0.93,0.92,0.95,0.61,0.95,0.91,0.95,0.62
242,0.96,0.92,0.95,0.61,0.95,0.87,0.93,0.62
243,0.89,0.9,0.94,0.61,0.95,0.87,0.95,0.62
244,0.89,0.9,0.94,0.61,0.95,0.87,0.94,0.62
245,0.93,0.9,0.94,0.61,0.9,0.87,0.94,0.62
246,0.89,0.87,0.93,0.45,0.9,0.87,0.94,0.62
247,0.93,0.9,0.94,0.61,0.9,0.87,0.94,0.62
248,0.93,0.9,0.93,0.53,0.9,0.84,0.94,0.62
249,0.93,0.9,0.93,0.61,0.9,0.87,0.94,0.62
250,0.93,0.92,0.94,0.61,0.95,0.91,0.94,0.65
251,0.89,0.9,0.93,0.61,0.9,0.87,0.94,0.62
252,0.89,0.92,0.93,0.61,0.9,0.87,0.94,0.65
253,0.89,0.87,0.93,0.53,0.9,0.84,0.94,0.62
254,0.85,0.87,0.93,0.61,0.85,0.84,0.94,0.62
255,0.85,0.9,0.92,0.61,0.85,0.84,0.94,0.65
256,0.89,0.87,0.93,0.61,0.9,0.87,0.94,0.62
257,0.85,0.87,0.92,0.61,0.9,0.87,0.94,0.65
258,0.89,0.9,0.92,0.61,0.9,0.87,0.94,0.65
259,0.85,0.87,0.93,0.53,0.9,0.87,0.94,0.65
260,0.85,0.9,0.93,0.53,0.85,0.87,0.94,0.65
261,0.81,0.92,0.92,0.53,0.9,0.87,0.94,0.65
262,0.89,0.92,0.93,0.61,0.9,0.87,0.95,0.65
263,0.85,0.92,0.93,0.53,0.9,0.87,0.95,0.69
264,0.85,0.92,0.94,0.53,0.95,0.91,0.95,0.69
265,0.89,0.92,0.94,0.61,0.95,0.91,0.95,0.65
266,0.89,0.95,0.94,0.53,0.9,0.91,0.95,0.69
267,0.89,0.92,0.94,0.61,0.95,0.91,0.95,0.69
268,0.89,0.9,0.94,0.53,0.9,0.87,0.95,0.69
269,0.89,0.92,0.94,0.61,0.95,0.87,0.95,0.69
270,0.93,0.95,0.94,0.61,0.95,0.91,0.95,0.69
271,0.89,0.95,0.95,0.53,0.95,0.94,0.95,0.69
272,0.85,0.92,0.95,0.53,0.95,0.91,0.96,0.69
273,0.89,0.95,0.94,0.53,0.95,0.91,0.96,0.69
274,0.89,0.92,0.94,0.53,0.95,0.91,0.96,0.69
275,0.85,0.95,0.94,0.53,0.9,0.87,0.96,0.69
276,0.89,0.92,0.94,0.53,0.95,0.91,0.96,0.69
277,0.85,0.95,0.94,0.53,0.95,0.91,0.96,0.73
278,0.89,0.92,0.94,0.53,0.9,0.91,0.95,0.69
279,0.89,0.92,0.94,0.53,0.9,0.91,0.95,0.69
280,0.85,0.92,0.93,0.45,0.9,0.91,0.95,0.73
281,0.85,0.9,0.94,0.53,0.9,0.87,0.95,0.69
282,0.81,0.9,0.93,0.53,0.9,0.91,0.94,0.73
283,0.81,0.92,0.93,0.53,0.9,0.87,0.95,0.73
284,0.89,0.92,0.93,0.53,0.9,0.91,0.95,0.73
285,0.89,0.92,0.93,0.45,0.9,0.91,0.94,0.73
286,0.85,0.9,0.93,0.45,0.9,0.91,0.95,0.69
287,0.89,0.92,0.93,0.53,0.9,0.91,0.95,0.73
288,0.89,0.95,0.93,0.53,0.9,0.91,0.95,0.69
289,0.85,0.9,0.92,0.45,0.9,0.87,0.94,0.73
290,0.85,0.9,0.92,0.53,0.85,0.87,0.94,0.73
291,0.85,0.9,0.92,0.45,0.85,0.84,0.94,0.73
292,0.81,0.9,0.92,0.45,0.85,0.84,0.94,0.73
293,0.85,0.92,0.93,0.45,0.9,0.87,0.95,0.73
294,0.85,0.92,0.93,0.45,0.9,0.91,0.95,0.73
295,0.85,0.95,0.94,0.45,0.9,0.91,0.95,0.73
296,0.85,0.95,0.94,0.45,0.9,0.91,0.96,0.73
297,0.89,0.95,0.95,0.53,0.95,0.91,0.96,0.73
298,0.89,0.95,0.95,0.53,0.95,0.91,0.96,0.73
299,0.93,0.95,0.95,0.53,0.9,0.91,0.96,0.73
300,0.93,0.92,0.96,0.45,0.95,0.91,0.96,0.73
301,0.93,0.95,0.96,0.53,0.95,0.94,0.98,0.73
302,0.93,0.95,0.96,0.53,0.95,0.94,0.98,0.77
303,0.93,0.95,0.96,0.53,0.95,0.87,0.98,0.73
304,0.93,0.95,0.96,0.45,0.95,0.94,0.96,0.77
305,0.93,0.95,0.96,0.53,0.95,0.94,0.98,0.73
306,0.96,0.97,0.97,0.53,0.95,0.94,0.98,0.77
307,0.96,0.97,0.97,0.53,1.0,0.94,0.99,0.77
308,0.96,0.97,0.97,0.45,1.0,0.91,0.99,0.73
309,0.96,0.97,0.97,0.45,0.95,0.91,0.99,0.77
310,0.93,0.97,0.98,0.53,0.95,0.94,0.98,0.77
311,0.93,0.97,0.97,0.53,1.0,0.94,0.98,0.77
312,0.93,0.97,0.97,0.53,0.95,0.94,1.0,0.77
313,0.96,0.97,0.97,0.53,0.95,0.94,0.98,0.77
314,0.96,0.97,0.97,0.53,0.95,0.94,0.98,0.77
315,0.93,0.95,0.96,0.53,0.95,0.91,0.98,0.77
316,0.89,0.95,0.96,0.53,0.95,0.94,0.98,0.77
317,0.93,0.92,0.95,0.45,0.95,0.94,0.96,0.77
318,0.89,0.95,0.95,0.45,0.95,0.94,0.98,0.77
319,0.93,0.92,0.95,0.45,0.95,0.91,0.96,0.77
320,0.85,0.92,0.95,0.45,0.9,0.91,0.96,0.77
321,0.85,0.92,0.94,0.45,0.9,0.91,0.96,0.77
322,0.85,0.92,0.94,0.45,0.95,0.91,0.95,0.77
323,0.89,0.92,0.94,0.45,0.9,0.91,0.96,0.77
324,0.89,0.92,0.94,0.45,0.95,0.91,0.96,0.77
325,0.85,0.92,0.94,0.37,0.9,0.94,0.96,0.77
326,0.89,0.92,0.94,0.37,0.95,0.87,0.96,0.77
327,0.93,0.9,0.95,0.37,0.95,0.91,0.96,0.77
328,0.89,0.95,0.95,0.45,0.9,0.91,0.96,0.81
329,0.89,0.95,0.95,0.45,0.95,0.94,0.98,0.85
330,0.93,0.97,0.96,0.45,0.95,0.94,0.98,0.81
331,0.93,0.95,0.96,0.37,0.95,0.91,0.98,0.81
332,0.93,0.95,0.96,0.45,0.95,0.94,0.98,0.81
333,0.89,0.97,0.96,0.45,0.95,0.94,0.96,0.81
334,0.89,0.97,0.96,0.45,0.95,0.94,0.96,0.81
335,0.89,0.95,0.96,0.37,0.95,0.94,0.98,0.81
336,0.96,0.95,0.96,0.37,0.95,0.94,0.96,0.81
337,0.89,0.95,0.96,0.37,0.95,0.94,0.98,0.81
338,0.93,0.95,0.96,0.45,0.95,0.91,0.98,0.81
339,0.89,0.95,0.96,0.45,0.95,0.94,0.98,0.81
340,0.93,0.95,0.95,0.45,0.95,0.91,0.98,0.81
341,0.89,0.92,0.95,0.45,0.9,0.94,0.96,0.81
342,0.85,0.95,0.94,0.45,0.95,0.91,0.96,0.81
343,0.85,0.95,0.94,0.37,0.9,0.91,0.96,0.81
344,0.85,0.92,0.93,0.45,0.9,0.91,0.96,0.81
345,0.85,0.92,0.94,0.37,0.9,0.94,0.96,0.81
346,0.85,0.95,0.94,0.37,0.9,0.91,0.96,0.81
347,0.85,0.95,0.94,0.37,0.9,0.91,0.95,0.81
348,0.85,0.95,0.94,0.37,0.9,0.94,0.96,0.81
349,0.89,0.95,0.94,0.37,0.9,0.94,0.96,0.81
350,0.85,0.95,0.94,0.37,0.9,0.91,0.96,0.81
351,0.89,0.92,0.94,0.45,0.9,0.94,0.95,0.85
352,0.85,0.95,0.94,0.37,0.9,0.91,0.96,0.81
353,0.89,0.92,0.94,0.37,0.9,0.91,0.96,0.81
354,0.85,0.92,0.94,0.37,0.9,0.91,0.96,0.81
355,0.93,0.95,0.95,0.37,0.9,0.91,0.96,0.81
356,0.93,0.92,0.96,0.37,0.9,0.94,0.96,0.81
357,0.93,0.95,0.96,0.37,0.95,0.94,0.98,0.85
358,0.96,0.92,0.96,0.45,0.95,0.94,0.98,0.85
359,0.96,0.95,0.96,0.37,0.95,0.94,0.98,0.85
360,0.96,0.97,0.97,0.37,0.95,0.91,0.98,0.85
361,0.93,0.95,0.96,0.37,0.95,0.91,0.96,0.85
362,0.96,0.95,0.97,0.37,0.95,0.94,0.96,0.85
363,0.93,0.95,0.97,0.37,0.95,0.94,0.98,0.85
364,0.96,0.92,0.97,0.37,0.95,0.91,0.98,0.85
365,0.96,0.92,0.96,0.37,0.95,0.91,0.98,0.85
366,0.96,0.92,0.96,0.37,0.95,0.91,0.98,0.85
367,0.89,0.92,0.96,0.45,0.95,0.91,0.98,0.81
368,0.89,0.92,0.96,0.37,0.95,0.94,0.96,0.85
369,0.93,0.92,0.95,0.37,0.9,0.87,0.96,0.85
370,0.85,0.92,0.95,0.37,0.9,0.91,0.96,0.85
371,0.89,0.92,0.96,0.37,0.95,0.91,0.96,0.85
372,0.89,0.95,0.96,0.37,0.95,0.94,0.98,0.85
373,0.89,0.95,0.96,0.37,0.95,0.94,0.98,0.85
374,0.89,0.95,0.96,0.37,0.9,0.91,0.96,0.81
375,0.89,0.95,0.96,0.31,0.95,0.91,0.96,0.85
376,0.93,0.92,0.96,0.45,1.0,0.91,0.96,0.85
377,0.85,0.95,0.96,0.37,0.95,0.91,0.96,0.81
378,0.89,0.92,0.95,0.37,0.95,0.91,0.96,0.81
379,0.89,0.92,0.95,0.37,0.9,0.87,0.96,0.88
380,0.85,0.92,0.95,0.37,0.9,0.91,0.96,0.85
381,0.85,0.92,0.95,0.31,0.9,0.91,0.96,0.88
382,0.85,0.9,0.94,0.37,0.9,0.91,0.96,0.88
383,0.85,0.92,0.94,0.31,0.9,0.91,0.96,0.85
384,0.85,0.9,0.94,0.37,0.9,0.91,0.95,0.85
385,0.85,0.9,0.94,0.31,0.9,0.87,0.96,0.85
386,0.89,0.9,0.94,0.31,0.9,0.87,0.95,0.85
387,0.89,0.9,0.94,0.31,0.9,0.87,0.96,0.85
388,0.85,0.9,0.93,0.31,0.85,0.87,0.95,0.85
389,0.85,0.9,0.93,0.31,0.85,0.91,0.96,0.85
390,0.81,0.87,0.93,0.22,0.85,0.87,0.95,0.85
391,0.81,0.9,0.93,0.22,0.85,0.87,0.95,0.85
392,0.85,0.9,0.93,0.22,0.9,0.87,0.95,0.77
393,0.85,0.9,0.93,0.22,0.85,0.84,0.95,0.85
394,0.81,0.87,0.93,0.22,0.85,0.87,0.95,0.85
395,0.81,0.87,0.93,0.31,0.85,0.87,0.95,0.85
396,0.81,0.87,0.93,0.22,0.85,0.87,0.95,0.81
397,0.81,0.86,0.92,0.22,0.85,0.84,0.94,0.85
398,0.81,0.87,0.92,0.22,0.85,0.84,0.94,0.85
399,0.81,0.86,0.92,0.22,0.85,0.84,0.94,0.85
400,0.78,0.82,0.92,0.22,0.85,0.84,0.94,0.81
401,0.78,0.82,0.92,0.22,0.85,0.84,0.94,0.85
402,0.81,0.86,0.92,0.22,0.85,0.81,0.94,0.88
403,0.81,0.86,0.92,0.22,0.85,0.87,0.94,0.85
404,0.81,0.87,0.92,0.22,0.85,0.87,0.94,0.85
405,0.81,0.87,0.92,0.22,0.85,0.84,0.94,0.85
406,0.81,0.87,0.92,0.22,0.85,0.84,0.95,0.88
407,0.81,0.87,0.93,0.22,0.85,0.87,0.95,0.85
408,0.85,0.9,0.93,0.22,0.9,0.87,0.95,0.85
409,0.85,0.86,0.93,0.22,0.85,0.84,0.95,0.85
410,0.85,0.87,0.93,0.22,0.85,0.87,0.95,0.85
411,0.85,0.86,0.93,0.22,0.85,0.87,0.95,0.88
412,0.85,0.87,0.93,0.22,0.85,0.87,0.95,0.88
413,0.85,0.9,0.94,0.14,0.9,0.87,0.95,0.85
414,0.85,0.87,0.94,0.22,0.9,0.87,0.95,0.88
415,0.81,0.9,0.93,0.22,0.85,0.87,0.95,0.88
416,0.85,0.9,0.94,0.22,0.85,0.84,0.95,0.88
417,0.81,0.9,0.94,0.22,0.85,0.87,0.96,0.88
418,0.89,0.9,0.94,0.22,0.9,0.91,0.96,0.88
419,0.85,0.87,0.94,0.22,0.9,0.84,0.96,0.88
420,0.85,0.9,0.94,0.22,0.9,0.87,0.96,0.88
421,0.85,0.87,0.94,0.22,0.9,0.87,0.96,0.88
422,0.81,0.92,0.95,0.22,0.9,0.87,0.96,0.88
423,0.85,0.9,0.95,0.14,0.9,0.87,0.96,0.88
424,0.85,0.87,0.95,0.22,0.9,0.91,0.96,0.92
425,0.85,0.9,0.94,0.22,0.9,0.87,0.96,0.88
426,0.81,0.9,0.94,0.22,0.9,0.87,0.96,0.88
427,0.81,0.9,0.94,0.22,0.9,0.87,0.96,0.88
428,0.81,0.9,0.94,0.22,0.9,0.91,0.95,0.88
429,0.81,0.9,0.94,0.22,0.9,0.91,0.96,0.88
430,0.81,0.92,0.94,0.22,0.9,0.87,0.96,0.88
431,0.85,0.9,0.95,0.14,0.95,0.87,0.96,0.88
432,0.81,0.92,0.95,0.14,0.9,0.91,0.96,0.92
433,0.81,0.92,0.94,0.22,0.9,0.91,0.96,0.88
434,0.85,0.92,0.95,0.22,0.9,0.91,0.96,0.92
435,0.85,0.92,0.95,0.22,0.9,0.91,0.96,0.92
436,0.85,0.92,0.95,0.22,0.9,0.91,0.96,0.88
437,0.81,0.95,0.94,0.22,0.9,0.91,0.96,0.88
438,0.85,0.92,0.94,0.14,0.9,0.94,0.96,0.88
439,0.81,0.92,0.94,0.22,0.9,0.91,0.96,0.92
440,0.85,0.95,0.94,0.22,0.9,0.91,0.96,0.88
441,0.85,0.95,0.95,0.22,0.95,0.94,0.98,0.92
442,0.85,0.95,0.95,0.22,0.9,0.94,0.98,0.92
443,0.85,0.92,0.95,0.22,0.95,0.91,0.98,0.92
444,0.89,0.97,0.96,0.22,0.9,0.91,0.98,0.92
445,0.89,0.97,0.96,0.22,0.95,0.91,0.96,0.92
446,0.89,0.95,0.96,0.22,0.9,0.94,0.98,0.92
447,0.85,0.97,0.96,0.22,0.95,1.0,0.98,0.88
448,0.89,0.97,0.96,0.22,0.9,0.94,0.98,0.92
449,0.85,0.95,0.96,0.31,0.9,0.91,0.98,0.92
450,0.89,0.95,0.96,0.22,0.9,0.94,0.98,0.88
451,0.89,0.92,0.95,0.31,0.9,0.94,0.98,0.92
452,0.85,0.92,0.95,0.22,0.9,0.91,0.96,0.92
453,0.85,0.92,0.95,0.22,0.95,0.91,0.96,0.92
454,0.89,0.92,0.95,0.22,0.9,0.87,0.98,0.92
455,0.85,0.95,0.95,0.22,0.9,0.91,0.96,0.92
456,0.89,0.95,0.95,0.22,0.95,0.94,0.98,0.92
457,0.93,0.95,0.96,0.22,0.95,0.91,0.98,0.92
458,0.93,0.95,0.96,0.22,0.95,0.94,0.96,0.96
459,0.93,0.92,0.96,0.22,0.9,0.94,0.98,0.92
460,0.89,0.92,0.95,0.22,0.9,0.91,0.96,0.92
461,0.81,0.92,0.95,0.22,0.9,0.91,0.96,0.96
462,0.85,0.92,0.95,0.22,0.9,0.91,0.96,0.96
463,0.93,0.92,0.96,0.22,0.9,0.91,0.96,0.96
464,0.85,0.92,0.95,0.14,0.9,0.91,0.96,0.92
465,0.85,0.92,0.94,0.22,0.9,0.91,0.96,0.96
466,0.85,0.92,0.94,0.22,0.9,0.91,0.96,0.92
467,0.85,0.95,0.94,0.22,0.9,0.91,0.96,0.92
468,0.85,0.95,0.95,0.22,0.9,0.94,0.96,0.96
469,0.89,0.95,0.95,0.22,0.95,0.94,0.98,0.96
470,0.89,0.92,0.95,0.22,0.9,0.91,0.98,0.96
471,0.89,0.95,0.96,0.22,0.9,0.91,0.98,0.92
472,0.89,0.95,0.96,0.22,0.9,0.94,0.98,0.96
473,0.89,0.95,0.96,0.22,0.9,0.91,0.98,0.96
474,0.85,0.95,0.95,0.22,0.9,0.94,0.96,0.96
475,0.89,0.95,0.96,0.22,0.9,0.91,0.96,0.96
476,0.89,0.95,0.96,0.22,0.9,0.91,0.96,0.92
477,0.89,0.92,0.95,0.22,0.95,0.91,0.96,0.92
478,0.89,0.92,0.95,0.22,0.9,0.91,0.96,0.92
479,0.85,0.92,0.95,0.22,0.9,0.91,0.96,0.92
480,0.89,0.92,0.94,0.22,0.9,0.91,0.96,0.96
481,0.81,0.92,0.95,0.22,0.9,0.91,0.98,0.96
482,0.89,0.9,0.94,0.14,0.9,0.91,0.96,0.96
483,0.85,0.92,0.94,0.14,0.9,0.91,0.96,0.92
484,0.85,0.92,0.94,0.22,0.9,0.91,0.96,0.96
485,0.85,0.95,0.94,0.14,0.9,0.91,0.96,0.92
486,0.85,0.95,0.94,0.22,0.9,0.94,0.96,0.96
487,0.85,0.95,0.94,0.22,0.9,0.91,0.96,0.92
488,0.85,0.92,0.94,0.14,0.9,0.91,0.96,0.96
489,0.81,0.92,0.94,0.14,0.85,0.91,0.96,0.92
490,0.81,0.92,0.94,0.22,0.9,0.84,0.95,0.92
491,0.81,0.92,0.94,0.14,0.85,0.91,0.96,0.96
492,0.81,0.92,0.93,0.14,0.9,0.87,0.95,0.92
493,0.81,0.92,0.93,0.22,0.85,0.91,0.95,0.96
494,0.81,0.95,0.93,0.08,0.85,0.91,0.96,0.92
495,0.78,0.92,0.94,0.14,0.9,0.91,0.96,0.96
496,0.81,0.92,0.94,0.14,0.85,0.91,0.95,0.92
497,0.85,0.92,0.94,0.14,0.85,0.87,0.95,0.92
498,0.85,0.92,0.93,0.14,0.9,0.91,0.95,0.96
499,0.85,0.95,0.95,0.22,0.85,0.91,0.96,0.92
500,0.85,0.95,0.94,0.14,0.9,0.91,0.96,0.96
501,0.89,0.95,0.95,0.22,0.9,0.94,0.96,0.96
502,0.89,0.97,0.95,0.22,0.9,0.94,0.96,0.96
503,0.85,0.97,0.95,0.14,0.9,0.94,0.96,0.96
504,0.85,0.95,0.95,0.22,0.9,0.94,0.96,0.96
505,0.89,0.97,0.94,0.14,0.9,0.94,0.98,0.96
506,0.85,0.95,0.95,0.14,0.9,0.91,0.98,0.96
507,0.85,0.95,0.95,0.22,0.9,0.94,0.98,0.96
508,0.85,0.95,0.94,0.22,0.9,0.91,0.96,0.96
509,0.85,0.95,0.95,0.14,0.85,0.91,0.96,1.0
510,0.85,0.97,0.95,0.14,0.9,0.91,0.96,0.96
511,0.85,0.92,0.94,0.22,0.9,0.91,0.96,0.96
512,0.89,0.97,0.95,0.14,0.9,0.91,0.96,0.96
513,0.85,0.95,0.94,0.22,0.85,0.94,0.96,0.96
514,0.85,0.95,0.94,0.22,0.85,0.94,0.96,0.96
515,0.81,0.92,0.94,0.14,0.9,0.91,0.96,0.96
516,0.85,0.95,0.93,0.14,0.85,0.94,0.95,0.96
517,0.85,0.95,0.94,0.14,0.85,0.91,0.95,0.96
518,0.85,0.95,0.94,0.22,0.9,0.91,0.96,0.96
519,0.78,0.95,0.94,0.22,0.85,0.91,0.95,0.96
520,0.81,0.95,0.94,0.14,0.9,0.91,0.98,0.96
521,0.85,0.95,0.94,0.22,0.85,0.91,0.96,0.96
522,0.85,0.95,0.94,0.14,0.9,0.94,0.96,0.96
523,0.81,0.95,0.94,0.22,0.85,0.94,0.96,0.96
524,0.85,0.97,0.94,0.22,0.9,0.94,0.96,0.96
525,0.85,0.97,0.94,0.14,0.9,0.94,0.96,0.96
526,0.78,0.95,0.93,0.14,0.85,0.91,0.95,0.96
527,0.85,0.95,0.93,0.22,0.85,0.91,0.96,0.96
528,0.81,0.92,0.94,0.14,0.9,0.91,0.96,0.96
529,0.81,0.97,0.94,0.22,0.85,0.94,0.96,1.0
530,0.81,0.97,0.94,0.22,0.9,0.94,0.96,0.96
531,0.81,0.97,0.94,0.14,0.9,0.91,0.98,0.96
532,0.78,0.97,0.93,0.14,0.85,0.91,0.96,0.96
533,0.81,1.0,0.93,0.14,0.85,0.94,0.96,0.96
534,0.78,0.95,0.93,0.14,0.85,0.94,0.96,0.96
535,0.81,0.95,0.93,0.22,0.85,0.94,0.95,0.96
536,0.81,0.92,0.93,0.14,0.85,0.91,0.95,0.96
537,0.78,0.92,0.92,0.14,0.85,0.91,0.95,0.96
538,0.78,0.92,0.92,0.14,0.85,0.91,0.95,0.96
539,0.78,0.92,0.92,0.14,0.85,0.94,0.95,0.96
540,0.74,0.92,0.92,0.08,0.81,0.91,0.94,0.92
541,0.78,0.9,0.92,0.08,0.85,0.91,0.95,0.92
542,0.81,0.92,0.92,0.08,0.85,0.91,0.95,0.96
543,0.81,0.95,0.92,0.08,0.85,0.91,0.94,0.96
544,0.78,0.92,0.91,0.08,0.85,0.91,0.94,0.96
545,0.78,0.95,0.92,0.08,0.81,0.94,0.94,0.96
546,0.78,0.95,0.92,0.0,0.85,0.87,0.95,0.96
547,0.81,0.92,0.92,0.08,0.85,0.91,0.94,0.96
548,0.78,0.95,0.92,0.14,0.85,0.91,0.95,0.96
549,0.78,0.92,0.92,0.0,0.9,0.87,0.94,0.96
550,0.78,0.95,0.93,0.14,0.85,0.91,0.95,0.96
551,0.81,0.92,0.93,0.08,0.85,0.91,0.95,1.0
552,0.78,0.92,0.92,0.08,0.85,0.91,0.95,0.96
553,0.81,0.92,0.92,0.08,0.85,0.87,0.94,0.96
554,0.78,0.9,0.92,0.08,0.85,0.87,0.95,0.96
555,0.78,0.92,0.92,0.08,0.85,0.91,0.94,0.96
556,0.81,0.92,0.93,0.08,0.85,0.91,0.96,0.96
557,0.81,0.92,0.93,0.08,0.85,0.91,0.95,0.96
558,0.81,0.95,0.93,0.08,0.85,0.91,0.95,0.96
559,0.81,0.95,0.93,0.08,0.85,0.91,0.95,0.96
560,0.81,0.95,0.94,0.08,0.85,0.91,0.96,0.96
561,0.81,0.95,0.94,0.08,0.9,0.91,0.96,0.96
562,0.85,0.97,0.94,0.08,0.9,0.94,0.95,0.96
563,0.81,0.95,0.94,0.08,0.9,0.94,0.96,0.96
564,0.81,0.97,0.94,0.14,0.9,0.91,0.95,0.96
565,0.85,0.95,0.93,0.08,0.9,0.91,0.95,0.96
566,0.85,0.92,0.93,0.08,0.85,0.91,0.95,0.96
567,0.78,0.92,0.93,0.08,0.9,0.91,0.95,0.96
568,0.81,0.92,0.93,0.08,0.85,0.91,0.95,0.96
569,0.78,0.92,0.93,0.14,0.85,0.91,0.95,0.96
570,0.81,0.92,0.93,0.14,0.85,0.91,0.95,0.96
571,0.81,0.95,0.93,0.08,0.85,0.91,0.94,0.96
572,0.78,0.95,0.93,0.08,0.85,0.91,0.95,0.96
573,0.78,0.92,0.92,0.08,0.85,0.91,0.94,1.0
574,0.78,0.92,0.92,0.08,0.85,0.91,0.94,0.96
575,0.81,0.92,0.92,0.08,0.85,0.87,0.94,0.96
576,0.78,0.95,0.93,0.14,0.85,0.91,0.95,0.96
577,0.78,0.92,0.93,0.14,0.85,0.91,0.94,0.96
578,0.81,0.95,0.93,0.08,0.85,0.91,0.95,0.96
579,0.81,0.92,0.92,0.08,0.85,0.91,0.95,0.96
580,0.78,0.92,0.92,0.08,0.85,0.91,0.95,0.96
581,0.81,0.92,0.92,0.08,0.85,0.91,0.95,0.96
582,0.78,0.92,0.92,0.08,0.85,0.91,0.95,0.96
583,0.81,0.92,0.93,0.08,0.85,0.91,0.95,0.96
584,0.81,0.92,0.92,0.08,0.85,0.91,0.94,0.96
585,0.78,0.92,0.93,0.08,0.85,0.91,0.95,0.96
586,0.81,0.92,0.92,0.08,0.9,0.91,0.95,0.96
587,0.85,0.97,0.93,0.08,0.85,0.94,0.95,0.96
588,0.81,0.97,0.93,0.08,0.85,0.91,0.95,0.96
589,0.81,0.95,0.94,0.08,0.9,0.91,0.95,0.96
590,0.81,0.95,0.94,0.0,0.9,0.91,0.95,1.0
591,0.81,0.95,0.94,0.14,0.85,0.94,0.96,1.0
592,0.85,0.97,0.94,0.14,0.9,0.94,0.96,1.0
593,0.85,0.95,0.94,0.08,0.9,0.91,0.96,1.0
594,0.89,0.97,0.95,0.08,0.9,0.91,0.96,0.92
595,0.85,0.97,0.95,0.14,0.9,0.94,0.96,0.96
596,0.85,0.97,0.95,0.08,0.9,0.94,0.96,1.0
597,0.85,0.97,0.95,0.14,0.9,0.94,0.95,1.0
598,0.85,0.97,0.96,0.08,0.9,0.94,0.98,1.0
599,0.93,0.97,0.96,0.14,0.95,0.94,0.96,1.0
