0,0.99,0.98,0.98,0.09,0.98,0.95,0.98,0.2
1,0.99,0.98,0.98,0.11,0.98,0.95,0.99,0.22
2,0.99,0.98,0.98,0.09,0.98,0.95,0.99,0.22
3,0.99,0.98,0.99,0.11,0.98,0.95,0.98,0.22
4,0.99,0.98,0.99,0.11,0.98,0.95,0.99,0.2
5,0.99,0.98,0.98,0.09,0.98,0.95,0.99,0.22
6,0.99,0.98,0.98,0.09,0.99,0.95,0.99,0.22
7,0.99,0.98,0.98,0.11,0.98,0.95,0.99,0.22
8,0.99,0.98,0.98,0.11,0.98,0.95,0.99,0.22
9,0.99,0.98,0.98,0.09,0.98,0.95,0.99,0.23
10,0.99,0.98,0.98,0.11,0.98,0.95,0.99,0.22
11,0.99,0.98,0.99,0.11,0.99,0.95,0.99,0.23
12,0.99,0.98,0.99,0.11,0.99,0.95,0.99,0.2
13,0.99,0.98,0.99,0.11,0.99,0.95,0.99,0.23
14,0.99,0.98,0.99,0.14,0.98,0.95,0.98,0.23
15,0.99,0.98,0.99,0.14,0.99,0.95,0.99,0.23
16,0.99,0.98,0.99,0.14,0.99,0.95,0.99,0.23
17,0.99,0.98,0.99,0.11,0.98,0.95,0.99,0.25
18,0.99,0.98,0.99,0.14,0.99,0.95,0.99,0.25
19,0.99,0.98,0.99,0.14,0.99,0.95,0.99,0.25
20,0.99,0.98,0.99,0.14,0.99,0.95,0.99,0.25
21,0.99,0.98,0.99,0.16,0.99,0.95,0.99,0.25
22,0.99,0.98,0.99,0.16,0.99,0.95,0.99,0.27
23,0.99,0.98,0.99,0.16,0.99,0.95,0.99,0.25
24,0.99,0.98,0.99,0.16,0.99,0.95,0.99,0.27
25,0.99,0.99,0.99,0.16,0.99,0.95,1.0,0.27
26,1.0,0.99,0.99,0.16,0.99,0.96,0.99,0.27
27,0.99,0.99,1.0,0.16,0.99,0.95,0.99,0.28
28,1.0,0.99,1.0,0.18,0.99,0.96,1.0,0.28
29,1.0,0.99,0.99,0.16,0.99,0.96,1.0,0.27
30,0.99,0.99,1.0,0.18,0.99,0.96,1.0,0.28
31,1.0,0.99,1.0,0.18,0.99,0.96,1.0,0.28
32,0.99,0.99,1.0,0.18,0.99,0.96,1.0,0.28
33,0.99,0.99,1.0,0.21,0.99,0.96,1.0,0.3
34,0.99,0.99,1.0,0.18,0.99,0.96,1.0,0.28
35,0.99,0.99,0.99,0.18,0.99,0.96,1.0,0.28
36,0.99,0.99,0.99,0.21,0.99,0.96,1.0,0.3
37,0.99,0.99,1.0,0.21,0.99,0.96,1.0,0.3
38,0.99,0.99,0.99,0.18,0.99,0.96,1.0,0.3
39,1.0,0.99,0.99,0.21,0.99,0.96,1.0,0.3
40,1.0,0.99,1.0,0.18,1.0,0.96,1.0,0.3
41,0.99,0.99,0.99,0.21,0.99,0.96,1.0,0.3
42,1.0,0.99,0.99,0.21,0.99,0.96,1.0,0.3
43,0.99,0.99,0.99,0.21,0.99,0.96,1.0,0.32
44,0.99,0.99,0.99,0.21,0.99,0.96,1.0,0.3
45,0.99,1.0,0.99,0.21,0.99,0.96,1.0,0.32
46,1.0,0.99,1.0,0.21,1.0,0.96,1.0,0.32
47,1.0,0.99,1.0,0.23,1.0,0.96,1.0,0.32
48,1.0,1.0,1.0,0.23,0.99,0.96,1.0,0.32
49,1.0,1.0,1.0,0.21,0.99,0.96,1.0,0.32
50,0.99,0.99,0.99,0.21,0.99,0.96,1.0,0.32
51,1.0,0.99,0.99,0.21,0.99,0.96,0.99,0.3
52,0.99,0.99,1.0,0.21,0.99,0.96,0.99,0.3
53,1.0,0.99,1.0,0.21,0.99,0.96,0.99,0.3
54,1.0,0.99,1.0,0.23,1.0,0.96,0.99,0.3
55,0.99,0.99,0.99,0.23,0.99,0.96,0.98,0.3
56,0.89,0.94,0.91,0.23,0.91,0.93,0.84,0.3
57,0.81,0.9,0.83,0.25,0.82,0.9,0.73,0.3
58,0.53,0.71,0.52,0.25,0.48,0.71,0.38,0.3
59,0.47,0.65,0.47,0.25,0.41,0.66,0.32,0.3
60,0.33,0.5,0.32,0.23,0.23,0.47,0.2,0.3
61,0.28,0.44,0.27,0.23,0.18,0.39,0.16,0.3
62,0.23,0.37,0.22,0.23,0.14,0.31,0.13,0.3
63,0.19,0.32,0.18,0.23,0.11,0.26,0.11,0.3
64,0.14,0.24,0.14,0.21,0.08,0.19,0.08,0.28
65,0.13,0.22,0.12,0.21,0.07,0.17,0.07,0.28
66,0.11,0.19,0.1,0.18,0.06,0.14,0.06,0.28
67,0.09,0.16,0.09,0.18,0.05,0.11,0.05,0.27
68,0.08,0.15,0.08,0.18,0.05,0.1,0.05,0.27
69,0.07,0.12,0.06,0.16,0.04,0.08,0.04,0.25
70,0.06,0.12,0.06,0.16,0.04,0.08,0.04,0.25
71,0.05,0.09,0.05,0.14,0.03,0.07,0.03,0.23
72,0.05,0.08,0.04,0.14,0.03,0.06,0.03,0.23
73,0.04,0.07,0.04,0.11,0.02,0.05,0.02,0.23
74,0.04,0.07,0.04,0.14,0.02,0.05,0.02,0.23
75,0.03,0.06,0.03,0.11,0.02,0.04,0.02,0.22
76,0.03,0.06,0.03,0.11,0.02,0.04,0.02,0.22
77,0.03,0.05,0.02,0.11,0.02,0.03,0.02,0.2
78,0.02,0.04,0.02,0.11,0.02,0.03,0.01,0.2
79,0.02,0.04,0.02,0.11,0.01,0.03,0.01,0.2
80,0.02,0.04,0.02,0.11,0.01,0.03,0.01,0.2
81,0.02,0.03,0.01,0.09,0.01,0.02,0.01,0.19
82,0.02,0.03,0.01,0.09,0.01,0.02,0.01,0.19
83,0.01,0.03,0.01,0.09,0.01,0.02,0.01,0.19
84,0.01,0.03,0.01,0.09,0.01,0.02,0.01,0.19
85,0.01,0.02,0.01,0.07,0.01,0.02,0.01,0.17
86,0.01,0.02,0.01,0.07,0.01,0.02,0.01,0.16
87,0.01,0.02,0.01,0.07,0.01,0.01,0.01,0.16
88,0.01,0.02,0.01,0.07,0.01,0.01,0.01,0.16
89,0.01,0.02,0.01,0.05,0.01,0.01,0.01,0.16
90,0.01,0.02,0.0,0.05,0.01,0.01,0.01,0.14
91,0.01,0.02,0.0,0.07,0.01,0.01,0.0,0.14
92,0.01,0.01,0.0,0.07,0.01,0.01,0.0,0.16
93,0.01,0.01,0.0,0.07,0.01,0.01,0.0,0.14
94,0.01,0.01,0.0,0.05,0.01,0.01,0.0,0.14
95,0.01,0.01,0.0,0.07,0.01,0.01,0.0,0.12
96,0.01,0.01,0.0,0.05,0.01,0.01,0.0,0.12
97,0.01,0.01,0.0,0.07,0.01,0.01,0.0,0.12
98,0.01,0.01,0.0,0.05,0.01,0.01,0.0,0.12
99,0.01,0.01,0.0,0.07,0.0,0.01,0.0,0.12
100,0.01,0.01,0.0,0.07,0.0,0.01,0.0,0.11
101,0.01,0.01,0.0,0.05,0.0,0.01,0.0,0.11
102,0.0,0.01,0.0,0.07,0.0,0.01,0.0,0.11
103,0.01,0.01,0.0,0.07,0.0,0.01,0.0,0.12
104,0.0,0.01,0.0,0.07,0.0,0.01,0.0,0.11
105,0.01,0.01,0.0,0.05,0.0,0.01,0.0,0.11
106,0.01,0.01,0.0,0.07,0.0,0.01,0.0,0.11
107,0.0,0.01,0.0,0.07,0.0,0.01,0.0,0.11
108,0.0,0.01,0.0,0.07,0.0,0.01,0.0,0.11
109,0.0,0.01,0.0,0.05,0.0,0.01,0.0,0.12
110,0.0,0.01,0.0,0.07,0.0,0.01,0.0,0.09
111,0.0,0.01,0.0,0.07,0.0,0.01,0.0,0.09
112,0.0,0.01,0.0,0.07,0.0,0.01,0.0,0.09
113,0.0,0.01,0.0,0.07,0.0,0.01,0.0,0.09
114,0.0,0.01,0.0,0.07,0.0,0.01,0.0,0.11
115,0.0,0.01,0.0,0.07,0.0,0.0,0.0,0.09
116,0.0,0.01,0.0,0.05,0.0,0.0,0.0,0.09
117,0.0,0.01,0.0,0.05,0.0,0.0,0.0,0.09
118,0.0,0.01,0.0,0.05,0.0,0.0,0.0,0.09
119,0.0,0.01,0.0,0.05,0.0,0.0,0.0,0.08
120,0.0,0.01,0.0,0.05,0.0,0.0,0.0,0.09
121,0.0,0.01,0.0,0.05,0.0,0.0,0.0,0.09
122,0.0,0.0,0.0,0.02,0.0,0.0,0.0,0.08
123,0.0,0.01,0.0,0.05,0.0,0.0,0.0,0.08
124,0.0,0.0,0.0,0.05,0.0,0.0,0.0,0.08
125,0.0,0.0,0.0,0.05,0.0,0.0,0.0,0.08
126,0.0,0.0,0.0,0.05,0.0,0.0,0.0,0.06
127,0.0,0.01,0.0,0.05,0.0,0.0,0.0,0.08
128,0.0,0.01,0.0,0.02,0.0,0.0,0.0,0.06
129,0.0,0.0,0.0,0.02,0.0,0.0,0.0,0.06
130,0.0,0.0,0.0,0.02,0.0,0.0,0.0,0.06
131,0.0,0.0,0.0,0.02,0.0,0.0,0.0,0.06
132,0.0,0.0,0.0,0.02,0.0,0.0,0.0,0.05
133,0.0,0.0,0.0,0.02,0.0,0.0,0.0,0.03
134,0.0,0.0,0.0,0.02,0.0,0.0,0.0,0.05
135,0.0,0.0,0.0,0.02,0.0,0.0,0.0,0.05
136,0.0,0.0,0.0,0.0,0.0,0.0,0.0,0.05
137,0.0,0.0,0.0,0.02,0.0,0.0,0.0,0.03
138,0.0,0.0,0.0,0.02,0.0,0.0,0.0,0.05
139,0.0,0.0,0.0,0.02,0.0,0.0,0.0,0.03
140,0.0,0.0,0.0,0.02,0.0,0.0,0.0,0.03
141,0.0,0.0,0.0,0.02,0.0,0.0,0.0,0.03
142,0.0,0.0,0.0,0.02,0.0,0.0,0.0,0.03
143,0.0,0.0,0.0,0.02,0.0,0.0,0.0,0.01
144,0.0,0.0,0.0,0.02,0.0,0.0,0.0,0.01
145,0.0,0.0,0.0,0.02,0.0,0.0,0.0,0.03
146,0.0,0.0,0.0,0.02,0.0,0.0,0.0,0.01
147,0.0,0.0,0.0,0.02,0.0,0.0,0.0,0.01
148,0.0,0.0,0.0,0.02,0.0,0.0,0.0,0.01
149,0.0,0.0,0.0,0.0,0.0,0.0,0.0,0.01
150,0.0,0.0,0.0,0.02,0.0,0.0,0.0,0.01
151,0.0,0.0,0.0,0.02,0.0,0.0,0.0,0.01
152,0.0,0.0,0.0,0.0,0.0,0.0,0.0,0.01
153,0.0,0.0,0.0,0.02,0.0,0.0,0.0,0.01
154,0.0,0.0,0.0,0.0,0.0,0.0,0.0,0.01
155,0.02,0.01,0.01,0.0,0.01,0.0,0.01,0.01
156,0.05,0.03,0.03,0.02,0.02,0.01,0.03,0.01
157,0.05,0.03,0.04,0.02,0.02,0.01,0.03,0.0
158,0.12,0.08,0.09,0.02,0.06,0.03,0.06,0.01
159,0.14,0.1,0.11,0.0,0.07,0.04,0.08,0.0
160,0.18,0.13,0.14,0.02,0.1,0.06,0.1,0.01
161,0.21,0.15,0.16,0.02,0.11,0.07,0.11,0.01
162,0.24,0.18,0.19,0.02,0.13,0.08,0.13,0.01
163,0.31,0.25,0.25,0.05,0.18,0.12,0.17,0.03
164,0.33,0.26,0.27,0.05,0.19,0.13,0.18,0.03
165,0.39,0.32,0.32,0.05,0.23,0.16,0.22,0.03
166,0.44,0.36,0.36,0.07,0.26,0.19,0.25,0.03
167,0.45,0.38,0.37,0.07,0.27,0.2,0.26,0.03
168,0.51,0.44,0.42,0.07,0.32,0.24,0.3,0.05
169,0.51,0.44,0.43,0.07,0.32,0.24,0.3,0.05
170,0.55,0.48,0.46,0.07,0.35,0.27,0.33,0.06
171,0.59,0.52,0.49,0.07,0.38,0.29,0.36,0.05
172,0.62,0.55,0.52,0.09,0.41,0.32,0.38,0.08
173,0.64,0.59,0.55,0.09,0.43,0.35,0.41,0.08
174,0.68,0.63,0.59,0.11,0.47,0.39,0.44,0.08
175,0.69,0.64,0.6,0.11,0.48,0.39,0.45,0.08
176,0.7,0.66,0.62,0.11,0.5,0.42,0.47,0.08
177,0.73,0.68,0.64,0.11,0.53,0.44,0.49,0.09
178,0.75,0.71,0.66,0.11,0.55,0.47,0.51,0.09
179,0.77,0.73,0.68,0.14,0.57,0.49,0.53,0.09
180,0.78,0.75,0.7,0.14,0.59,0.51,0.55,0.09
181,0.8,0.77,0.73,0.14,0.62,0.55,0.58,0.11
182,0.82,0.79,0.74,0.16,0.64,0.57,0.6,0.12
183,0.82,0.79,0.74,0.14,0.65,0.58,0.6,0.11
184,0.83,0.81,0.76,0.16,0.67,0.6,0.61,0.12
185,0.83,0.82,0.77,0.16,0.67,0.61,0.63,0.12
186,0.84,0.83,0.78,0.18,0.69,0.63,0.64,0.12
187,0.85,0.84,0.8,0.18,0.71,0.65,0.66,0.14
188,0.86,0.84,0.8,0.16,0.71,0.66,0.67,0.14
189,0.86,0.85,0.81,0.18,0.73,0.68,0.68,0.14
190,0.87,0.86,0.82,0.18,0.74,0.69,0.7,0.14
191,0.88,0.87,0.83,0.18,0.76,0.71,0.71,0.16
192,0.89,0.88,0.84,0.21,0.76,0.71,0.72,0.16
193,0.89,0.88,0.85,0.21,0.78,0.73,0.73,0.16
194,0.89,0.89,0.85,0.21,0.78,0.74,0.73,0.16
195,0.89,0.89,0.85,0.21,0.78,0.74,0.74,0.17
196,0.9,0.89,0.86,0.23,0.8,0.75,0.75,0.17
197,0.9,0.9,0.87,0.23,0.8,0.76,0.76,0.17
198,0.91,0.9,0.87,0.23,0.81,0.77,0.77,0.19
199,0.91,0.9,0.87,0.23,0.81,0.77,0.77,0.19
200,0.91,0.91,0.88,0.23,0.82,0.79,0.78,0.19
201,0.91,0.91,0.88,0.23,0.83,0.79,0.79,0.2
202,0.91,0.91,0.89,0.25,0.83,0.8,0.79,0.2
203,0.91,0.92,0.89,0.25,0.84,0.81,0.8,0.22
204,0.92,0.92,0.89,0.25,0.84,0.81,0.8,0.22
205,0.92,0.92,0.9,0.27,0.84,0.81,0.8,0.2
206,0.92,0.92,0.9,0.27,0.85,0.82,0.81,0.22
207,0.92,0.92,0.9,0.27,0.85,0.82,0.81,0.22
208,0.92,0.92,0.91,0.25,0.85,0.82,0.82,0.23
209,0.93,0.92,0.91,0.27,0.85,0.83,0.82,0.23
210,0.93,0.92,0.91,0.3,0.86,0.83,0.83,0.23
211,0.93,0.93,0.91,0.27,0.86,0.84,0.83,0.23
212,0.93,0.93,0.91,0.27,0.86,0.84,0.83,0.23
213,0.93,0.93,0.91,0.3,0.87,0.84,0.84,0.25
214,0.93,0.93,0.91,0.3,0.87,0.84,0.84,0.25
215,0.93,0.93,0.91,0.3,0.87,0.85,0.84,0.25
216,0.93,0.93,0.91,0.3,0.87,0.85,0.84,0.25
217,0.93,0.93,0.91,0.3,0.87,0.85,0.85,0.25
218,0.93,0.93,0.92,0.3,0.88,0.85,0.85,0.27
219,0.93,0.93,0.92,0.3,0.88,0.85,0.85,0.27
220,0.93,0.93,0.92,0.3,0.88,0.86,0.85,0.28
221,0.94,0.93,0.92,0.32,0.88,0.86,0.86,0.27
222,0.93,0.93,0.92,0.32,0.88,0.86,0.86,0.28
223,0.93,0.93,0.92,0.3,0.88,0.86,0.86,0.28
224,0.93,0.93,0.92,0.32,0.88,0.86,0.86,0.28
225,0.93,0.93,0.92,0.3,0.88,0.87,0.86,0.28
226,0.93,0.93,0.92,0.32,0.88,0.87,0.86,0.3
227,0.93,0.93,0.92,0.32,0.89,0.87,0.86,0.28
228,0.93,0.93,0.92,0.32,0.89,0.87,0.86,0.28
229,0.93,0.93,0.92,0.3,0.89,0.87,0.86,0.3
230,0.94,0.94,0.92,0.32,0.89,0.87,0.87,0.3
231,0.94,0.94,0.93,0.32,0.89,0.88,0.87,0.3
232,0.94,0.94,0.93,0.34,0.89,0.88,0.87,0.32
233,0.94,0.94,0.93,0.34,0.9,0.88,0.88,0.32
234,0.94,0.94,0.93,0.34,0.9,0.88,0.88,0.32
235,0.94,0.94,0.93,0.32,0.9,0.88,0.88,0.32
236,0.94,0.94,0.93,0.34,0.9,0.88,0.88,0.32
237,0.94,0.94,0.93,0.34,0.9,0.88,0.88,0.32
238,0.94,0.95,0.94,0.34,0.9,0.88,0.88,0.33
239,0.94,0.95,0.94,0.37,0.91,0.89,0.89,0.33
240,0.94,0.95,0.94,0.34,0.91,0.89,0.89,0.33
241,0.94,0.95,0.94,0.37,0.91,0.89,0.89,0.35
242,0.94,0.95,0.94,0.37,0.91,0.89,0.89,0.35
243,0.94,0.95,0.94,0.37,0.91,0.89,0.89,0.35
244,0.94,0.95,0.94,0.34,0.91,0.89,0.89,0.35
245,0.94,0.94,0.94,0.37,0.91,0.89,0.89,0.35
246,0.94,0.94,0.94,0.37,0.91,0.89,0.89,0.32
247,0.94,0.95,0.94,0.37,0.91,0.89,0.89,0.35
248,0.95,0.95,0.94,0.37,0.91,0.9,0.89,0.37
249,0.94,0.95,0.94,0.37,0.91,0.9,0.9,0.37
250,0.94,0.95,0.94,0.37,0.91,0.89,0.9,0.35
251,0.95,0.94,0.94,0.39,0.92,0.9,0.9,0.37
252,0.95,0.95,0.94,0.39,0.91,0.89,0.9,0.37
253,0.95,0.94,0.94,0.39,0.91,0.9,0.9,0.37
254,0.95,0.95,0.94,0.39,0.91,0.9,0.9,0.38
255,0.95,0.95,0.94,0.39,0.91,0.9,0.9,0.38
256,0.95,0.94,0.94,0.39,0.92,0.9,0.9,0.38
257,0.94,0.95,0.94,0.39,0.91,0.91,0.9,0.38
258,0.95,0.95,0.94,0.42,0.92,0.9,0.91,0.38
259,0.95,0.95,0.95,0.39,0.92,0.91,0.91,0.4
260,0.95,0.95,0.95,0.42,0.92,0.91,0.91,0.4
261,0.95,0.95,0.95,0.42,0.92,0.91,0.91,0.4
262,0.95,0.95,0.95,0.42,0.92,0.91,0.91,0.4
263,0.95,0.95,0.95,0.44,0.92,0.91,0.91,0.4
264,0.95,0.95,0.95,0.44,0.92,0.91,0.91,0.42
265,0.95,0.95,0.95,0.44,0.93,0.91,0.92,0.42
266,0.96,0.96,0.95,0.44,0.93,0.91,0.92,0.42
267,0.96,0.96,0.95,0.44,0.93,0.92,0.92,0.42
268,0.96,0.96,0.95,0.47,0.93,0.92,0.92,0.43
269,0.96,0.96,0.96,0.47,0.93,0.92,0.92,0.45
270,0.95,0.96,0.95,0.47,0.93,0.92,0.92,0.45
271,0.96,0.95,0.95,0.44,0.93,0.92,0.92,0.43
272,0.96,0.95,0.95,0.47,0.93,0.92,0.92,0.43
273,0.96,0.96,0.95,0.47,0.93,0.92,0.92,0.45
274,0.96,0.95,0.95,0.47,0.93,0.92,0.92,0.45
275,0.95,0.96,0.95,0.47,0.93,0.92,0.92,0.43
276,0.95,0.96,0.95,0.47,0.93,0.91,0.92,0.43
277,0.96,0.96,0.95,0.47,0.93,0.92,0.92,0.45
278,0.95,0.96,0.95,0.47,0.93,0.92,0.92,0.45
279,0.95,0.96,0.95,0.47,0.93,0.92,0.93,0.47
280,0.95,0.96,0.96,0.47,0.94,0.92,0.93,0.47
281,0.96,0.96,0.96,0.49,0.93,0.92,0.93,0.47
282,0.96,0.96,0.96,0.47,0.94,0.93,0.93,0.48
283,0.95,0.96,0.96,0.47,0.94,0.92,0.93,0.47
284,0.95,0.96,0.96,0.49,0.93,0.92,0.93,0.47
285,0.96,0.96,0.95,0.47,0.94,0.92,0.93,0.48
286,0.95,0.96,0.95,0.47,0.94,0.92,0.93,0.48
287,0.95,0.96,0.95,0.47,0.93,0.93,0.93,0.48
288,0.95,0.96,0.95,0.47,0.93,0.93,0.93,0.48
289,0.95,0.96,0.95,0.49,0.93,0.92,0.93,0.48
290,0.95,0.96,0.95,0.44,0.93,0.93,0.93,0.48
291,0.95,0.95,0.95,0.44,0.94,0.92,0.93,0.48
292,0.95,0.95,0.95,0.47,0.93,0.92,0.93,0.48
293,0.95,0.96,0.95,0.44,0.93,0.92,0.93,0.48
294,0.95,0.95,0.95,0.44,0.93,0.93,0.93,0.48
295,0.95,0.96,0.95,0.47,0.94,0.93,0.93,0.48
296,0.95,0.96,0.95,0.47,0.94,0.93,0.93,0.48
297,0.95,0.95,0.95,0.47,0.94,0.93,0.93,0.5
298,0.95,0.96,0.95,0.47,0.94,0.93,0.93,0.5
299,0.95,0.96,0.95,0.44,0.94,0.93,0.94,0.5
300,0.95,0.96,0.95,0.47,0.94,0.93,0.94,0.5
301,0.95,0.96,0.96,0.49,0.94,0.93,0.94,0.5
302,0.95,0.96,0.96,0.49,0.94,0.93,0.94,0.5
303,0.95,0.96,0.96,0.49,0.94,0.93,0.93,0.5
304,0.95,0.96,0.96,0.49,0.94,0.93,0.94,0.52
305,0.95,0.96,0.96,0.47,0.94,0.93,0.94,0.52
306,0.96,0.96,0.96,0.49,0.94,0.93,0.94,0.52
307,0.95,0.96,0.96,0.49,0.94,0.93,0.94,0.52
308,0.95,0.96,0.96,0.49,0.94,0.93,0.94,0.52
309,0.96,0.96,0.96,0.51,0.94,0.93,0.94,0.52
310,0.95,0.96,0.96,0.49,0.94,0.93,0.94,0.53
311,0.95,0.96,0.96,0.49,0.94,0.93,0.94,0.53
312,0.95,0.96,0.96,0.51,0.94,0.94,0.94,0.53
313,0.95,0.96,0.96,0.51,0.94,0.94,0.94,0.53
314,0.95,0.96,0.96,0.51,0.94,0.94,0.94,0.53
315,0.96,0.96,0.96,0.51,0.95,0.94,0.94,0.53
316,0.96,0.96,0.96,0.53,0.95,0.94,0.94,0.53
317,0.96,0.96,0.96,0.53,0.95,0.94,0.94,0.55
318,0.96,0.96,0.96,0.53,0.95,0.94,0.94,0.55
319,0.96,0.96,0.96,0.53,0.95,0.95,0.94,0.55
320,0.96,0.96,0.96,0.53,0.95,0.94,0.94,0.55
321,0.96,0.96,0.96,0.51,0.95,0.94,0.94,0.55
322,0.96,0.96,0.96,0.53,0.95,0.94,0.94,0.55
323,0.95,0.96,0.96,0.53,0.95,0.94,0.94,0.55
324,0.95,0.96,0.96,0.53,0.95,0.94,0.94,0.55
325,0.96,0.96,0.96,0.53,0.95,0.94,0.94,0.53
326,0.96,0.96,0.96,0.53,0.95,0.94,0.94,0.55
327,0.96,0.96,0.96,0.53,0.95,0.94,0.94,0.57
328,0.96,0.96,0.96,0.56,0.96,0.95,0.95,0.55
329,0.96,0.97,0.96,0.53,0.95,0.94,0.95,0.57
330,0.96,0.97,0.96,0.56,0.95,0.95,0.95,0.59
331,0.96,0.96,0.96,0.56,0.95,0.95,0.95,0.57
332,0.96,0.97,0.96,0.56,0.95,0.95,0.95,0.57
333,0.96,0.97,0.97,0.56,0.96,0.95,0.95,0.57
334,0.96,0.97,0.96,0.56,0.96,0.95,0.95,0.59
335,0.96,0.97,0.97,0.56,0.96,0.95,0.95,0.59
336,0.96,0.97,0.97,0.56,0.96,0.95,0.95,0.57
337,0.96,0.97,0.97,0.58,0.96,0.95,0.95,0.59
338,0.96,0.97,0.97,0.56,0.96,0.95,0.95,0.6
339,0.96,0.97,0.97,0.56,0.96,0.95,0.95,0.59
340,0.96,0.97,0.97,0.56,0.96,0.95,0.95,0.59
341,0.96,0.97,0.97,0.58,0.96,0.95,0.95,0.6
342,0.96,0.97,0.96,0.58,0.96,0.95,0.95,0.6
343,0.96,0.97,0.96,0.58,0.96,0.95,0.95,0.6
344,0.96,0.97,0.96,0.56,0.96,0.95,0.95,0.6
345,0.95,0.96,0.96,0.58,0.95,0.95,0.95,0.59
346,0.96,0.96,0.96,0.58,0.96,0.95,0.95,0.6
347,0.96,0.97,0.96,0.56,0.96,0.95,0.95,0.59
348,0.96,0.97,0.96,0.58,0.96,0.95,0.95,0.6
349,0.96,0.97,0.96,0.58,0.96,0.95,0.95,0.6
350,0.96,0.97,0.96,0.58,0.96,0.95,0.95,0.6
351,0.96,0.97,0.96,0.58,0.96,0.95,0.95,0.6
352,0.96,0.97,0.97,0.58,0.96,0.95,0.96,0.62
353,0.96,0.97,0.96,0.6,0.96,0.95,0.96,0.6
354,0.96,0.97,0.97,0.6,0.96,0.96,0.95,0.62
355,0.96,0.97,0.96,0.58,0.96,0.95,0.96,0.62
356,0.96,0.97,0.96,0.58,0.96,0.95,0.95,0.62
357,0.96,0.97,0.96,0.58,0.96,0.95,0.95,0.62
358,0.96,0.97,0.96,0.58,0.97,0.95,0.96,0.62
359,0.96,0.97,0.96,0.58,0.96,0.96,0.96,0.62
360,0.96,0.97,0.96,0.58,0.96,0.95,0.95,0.62
361,0.96,0.97,0.96,0.6,0.96,0.96,0.96,0.62
362,0.96,0.97,0.96,0.58,0.96,0.95,0.95,0.64
363,0.96,0.97,0.96,0.58,0.96,0.95,0.96,0.62
364,0.96,0.97,0.96,0.6,0.96,0.96,0.96,0.64
365,0.96,0.96,0.96,0.58,0.96,0.96,0.96,0.62
366,0.96,0.97,0.96,0.6,0.96,0.96,0.96,0.64
367,0.96,0.97,0.97,0.6,0.96,0.96,0.96,0.64
368,0.96,0.97,0.96,0.6,0.96,0.96,0.96,0.66
369,0.96,0.97,0.96,0.6,0.96,0.96,0.96,0.64
370,0.95,0.97,0.96,0.6,0.96,0.96,0.96,0.64
371,0.96,0.97,0.96,0.6,0.96,0.95,0.96,0.66
372,0.96,0.97,0.96,0.63,0.96,0.96,0.96,0.66
373,0.96,0.97,0.96,0.63,0.96,0.96,0.96,0.66
374,0.96,0.97,0.96,0.6,0.96,0.96,0.96,0.66
375,0.96,0.97,0.96,0.6,0.96,0.96,0.96,0.66
376,0.96,0.97,0.96,0.6,0.96,0.96,0.96,0.66
377,0.96,0.97,0.97,0.63,0.96,0.96,0.96,0.66
378,0.96,0.97,0.97,0.63,0.97,0.96,0.96,0.67
379,0.96,0.97,0.97,0.66,0.97,0.96,0.96,0.67
380,0.96,0.98,0.97,0.66,0.97,0.96,0.97,0.69
381,0.97,0.98,0.97,0.66,0.97,0.96,0.97,0.69
382,0.97,0.98,0.97,0.66,0.97,0.96,0.97,0.69
383,0.97,0.98,0.98,0.68,0.97,0.96,0.97,0.71
384,0.97,0.98,0.97,0.68,0.97,0.97,0.97,0.69
385,0.97,0.98,0.97,0.68,0.97,0.96,0.97,0.69
386,0.97,0.98,0.97,0.68,0.97,0.96,0.97,0.71
387,0.97,0.98,0.97,0.68,0.97,0.97,0.97,0.71
388,0.97,0.98,0.97,0.7,0.97,0.96,0.97,0.71
389,0.97,0.98,0.98,0.7,0.97,0.97,0.97,0.71
390,0.97,0.98,0.98,0.73,0.98,0.97,0.97,0.71
391,0.97,0.98,0.98,0.7,0.97,0.97,0.97,0.73
392,0.98,0.98,0.98,0.73,0.98,0.97,0.97,0.73
393,0.97,0.99,0.98,0.73,0.98,0.97,0.98,0.73
394,0.98,0.99,0.98,0.73,0.98,0.97,0.98,0.73
395,0.97,0.98,0.98,0.7,0.98,0.97,0.97,0.74
396,0.97,0.98,0.98,0.7,0.97,0.97,0.97,0.73
397,0.97,0.98,0.98,0.73,0.98,0.97,0.97,0.73
398,0.97,0.98,0.98,0.73,0.98,0.97,0.98,0.73
399,0.97,0.98,0.98,0.73,0.98,0.97,0.98,0.73
400,0.97,0.99,0.98,0.73,0.98,0.97,0.98,0.74
401,0.98,0.99,0.98,0.75,0.98,0.98,0.98,0.74
402,0.98,0.99,0.98,0.73,0.98,0.98,0.98,0.74
403,0.97,0.99,0.98,0.75,0.98,0.98,0.98,0.74
404,0.98,0.99,0.98,0.75,0.98,0.98,0.98,0.74
405,0.98,0.99,0.98,0.75,0.98,0.98,0.98,0.76
406,0.97,0.99,0.98,0.75,0.98,0.98,0.98,0.76
407,0.98,0.99,0.98,0.75,0.98,0.98,0.98,0.76
408,0.98,0.99,0.98,0.75,0.98,0.98,0.98,0.76
409,0.98,0.99,0.98,0.75,0.98,0.98,0.98,0.76
410,0.98,0.99,0.98,0.75,0.98,0.98,0.98,0.76
411,0.98,0.99,0.98,0.75,0.98,0.98,0.98,0.78
412,0.98,0.99,0.98,0.78,0.98,0.98,0.98,0.76
413,0.97,0.99,0.98,0.75,0.98,0.98,0.98,0.78
414,0.97,0.99,0.98,0.75,0.98,0.98,0.98,0.78
415,0.98,0.99,0.98,0.75,0.98,0.98,0.98,0.78
416,0.97,0.99,0.98,0.78,0.98,0.98,0.98,0.78
417,0.98,0.99,0.98,0.75,0.98,0.98,0.98,0.78
418,0.97,0.99,0.98,0.75,0.98,0.98,0.98,0.78
419,0.97,0.99,0.98,0.78,0.98,0.98,0.98,0.78
420,0.98,0.99,0.98,0.78,0.98,0.98,0.98,0.78
421,0.98,0.99,0.98,0.75,0.98,0.98,0.98,0.8
422,0.98,0.99,0.98,0.75,0.98,0.98,0.98,0.78
423,0.98,0.99,0.98,0.78,0.98,0.98,0.98,0.8
424,0.98,0.99,0.98,0.78,0.98,0.98,0.98,0.78
425,0.97,0.99,0.98,0.78,0.98,0.98,0.98,0.8
426,0.97,0.99,0.98,0.78,0.98,0.98,0.98,0.82
427,0.98,0.99,0.98,0.78,0.98,0.98,0.98,0.8
428,0.98,0.99,0.98,0.78,0.98,0.98,0.98,0.8
429,0.98,0.99,0.98,0.78,0.98,0.98,0.98,0.8
430,0.98,0.98,0.98,0.78,0.98,0.98,0.98,0.8
431,0.98,0.98,0.98,0.78,0.98,0.98,0.98,0.8
432,0.98,0.98,0.98,0.78,0.98,0.98,0.98,0.8
433,0.98,0.99,0.98,0.78,0.98,0.98,0.98,0.8
434,0.98,0.99,0.98,0.78,0.98,0.98,0.98,0.8
435,0.97,0.99,0.98,0.78,0.98,0.98,0.98,0.8
436,0.98,0.99,0.98,0.78,0.98,0.98,0.98,0.8
437,0.97,0.99,0.98,0.78,0.98,0.98,0.98,0.8
438,0.97,0.99,0.98,0.78,0.98,0.98,0.98,0.8
439,0.97,0.99,0.97,0.78,0.98,0.98,0.98,0.8
440,0.97,0.99,0.98,0.78,0.98,0.98,0.98,0.8
441,0.97,0.99,0.98,0.78,0.98,0.98,0.98,0.8
442,0.97,0.98,0.98,0.78,0.98,0.98,0.98,0.8
443,0.97,0.99,0.98,0.78,0.98,0.98,0.98,0.82
444,0.96,0.99,0.98,0.78,0.98,0.98,0.98,0.82
445,0.96,0.99,0.98,0.8,0.98,0.98,0.98,0.8
446,0.97,0.98,0.98,0.8,0.98,0.98,0.98,0.82
447,0.97,0.99,0.98,0.78,0.98,0.98,0.98,0.82
448,0.97,0.99,0.98,0.8,0.98,0.98,0.98,0.82
449,0.97,0.99,0.98,0.8,0.98,0.98,0.98,0.82
450,0.97,0.99,0.98,0.8,0.98,0.98,0.98,0.82
451,0.97,0.99,0.98,0.8,0.98,0.98,0.98,0.82
452,0.97,0.99,0.98,0.8,0.98,0.98,0.98,0.83
453,0.97,0.99,0.98,0.8,0.98,0.98,0.98,0.83
454,0.97,0.99,0.98,0.8,0.98,0.98,0.98,0.83
455,0.96,0.98,0.98,0.8,0.98,0.98,0.98,0.82
456,0.96,0.99,0.98,0.8,0.98,0.98,0.98,0.82
457,0.97,0.99,0.98,0.8,0.98,0.98,0.98,0.83
458,0.97,0.99,0.98,0.8,0.98,0.98,0.98,0.82
459,0.97,0.99,0.98,0.8,0.98,0.98,0.98,0.83
460,0.97,0.99,0.98,0.8,0.98,0.98,0.98,0.83
461,0.98,0.99,0.98,0.8,0.98,0.98,0.99,0.83
462,0.98,0.99,0.98,0.82,0.98,0.98,0.99,0.83
463,0.98,0.99,0.98,0.82,0.98,0.98,0.99,0.83
464,0.98,0.99,0.98,0.82,0.99,0.98,0.99,0.85
465,0.98,0.99,0.98,0.82,0.99,0.99,0.99,0.85
466,0.98,0.99,0.99,0.82,0.99,0.99,0.99,0.85
467,0.98,1.0,0.99,0.82,0.99,0.99,0.99,0.85
468,0.98,0.99,0.99,0.82,0.99,0.99,0.99,0.85
469,0.98,0.99,0.99,0.85,0.99,0.99,0.99,0.85
470,0.98,0.99,0.99,0.85,0.99,0.99,0.99,0.87
471,0.98,1.0,0.99,0.85,0.99,0.99,0.99,0.87
472,0.98,1.0,0.99,0.85,0.99,0.99,0.99,0.85
473,0.98,0.99,0.99,0.85,0.99,0.98,0.99,0.87
474,0.98,0.99,0.98,0.85,0.99,0.98,0.99,0.87
475,0.98,0.99,0.98,0.85,0.99,0.99,0.99,0.85
476,0.97,0.99,0.98,0.85,0.99,0.98,0.99,0.87
477,0.98,0.99,0.98,0.82,0.99,0.99,0.99,0.87
478,0.98,0.99,0.98,0.85,0.98,0.98,0.99,0.87
479,0.98,0.99,0.98,0.85,0.98,0.98,0.99,0.85
480,0.98,0.99,0.98,0.85,0.98,0.99,0.99,0.87
481,0.97,0.99,0.98,0.85,0.98,0.98,0.99,0.87
482,0.97,0.99,0.98,0.85,0.98,0.98,0.99,0.87
483,0.97,0.99,0.98,0.85,0.98,0.98,0.98,0.87
484,0.97,0.99,0.98,0.85,0.98,0.98,0.99,0.87
485,0.97,0.99,0.98,0.85,0.98,0.99,0.98,0.87
486,0.97,0.99,0.98,0.85,0.98,0.98,0.99,0.87
487,0.98,0.99,0.98,0.82,0.98,0.98,0.99,0.87
488,0.97,0.99,0.98,0.85,0.98,0.98,0.99,0.87
489,0.98,0.99,0.98,0.85,0.98,0.99,0.99,0.87
490,0.97,0.99,0.98,0.85,0.98,0.99,0.99,0.89
491,0.98,0.99,0.98,0.85,0.98,0.99,0.99,0.89
492,0.97,0.99,0.98,0.85,0.98,0.99,0.99,0.89
493,0.97,0.99,0.98,0.87,0.98,0.99,0.99,0.89
494,0.97,0.99,0.98,0.87,0.98,0.99,0.99,0.89
495,0.98,0.99,0.98,0.87,0.99,0.99,0.99,0.89
496,0.98,0.99,0.98,0.87,0.99,0.99,0.99,0.89
497,0.97,1.0,0.98,0.87,0.98,0.99,0.99,0.89
498,0.98,1.0,0.98,0.87,0.99,0.99,0.99,0.89
499,0.98,1.0,0.98,0.87,0.98,0.99,0.99,0.91
500,0.97,0.99,0.98,0.85,0.99,0.99,0.99,0.89
501,0.97,0.99,0.98,0.87,0.98,0.99,0.99,0.89
502,0.97,0.99,0.98,0.87,0.98,0.99,0.99,0.89
503,0.97,0.99,0.98,0.87,0.98,0.99,0.99,0.91
504,0.98,0.99,0.98,0.87,0.98,0.99,0.99,0.89
505,0.97,0.99,0.98,0.87,0.99,0.99,0.99,0.91
506,0.97,0.99,0.98,0.87,0.98,0.99,0.99,0.91
507,0.98,0.99,0.98,0.85,0.98,0.99,0.99,0.91
508,0.97,0.99,0.98,0.87,0.99,0.99,0.99,0.91
509,0.97,0.99,0.98,0.85,0.98,0.99,0.99,0.89
510,0.97,0.99,0.98,0.87,0.98,0.99,0.99,0.91
511,0.97,0.99,0.98,0.87,0.98,0.99,0.99,0.91
512,0.97,0.99,0.98,0.87,0.98,0.99,0.99,0.91
513,0.97,0.99,0.98,0.87,0.98,0.98,0.99,0.91
514,0.97,0.99,0.98,0.87,0.98,0.99,0.99,0.91
515,0.97,0.99,0.98,0.85,0.98,0.99,0.99,0.93
516,0.97,0.99,0.98,0.87,0.98,0.99,0.99,0.91
517,0.97,0.99,0.98,0.87,0.98,0.99,0.99,0.91
518,0.96,0.99,0.97,0.87,0.98,0.99,0.99,0.91
519,0.97,0.99,0.97,0.87,0.98,0.99,0.98,0.91
520,0.96,0.99,0.97,0.87,0.98,0.99,0.98,0.93
521,0.96,0.99,0.97,0.87,0.98,0.99,0.99,0.93
522,0.97,0.99,0.98,0.9,0.98,0.98,0.99,0.93
523,0.97,0.99,0.98,0.9,0.99,0.99,0.99,0.93
524,0.96,0.99,0.98,0.9,0.98,0.99,0.99,0.93
525,0.97,0.99,0.98,0.9,0.98,0.99,0.99,0.93
526,0.97,0.99,0.98,0.9,0.98,0.99,0.99,0.93
527,0.97,0.99,0.98,0.92,0.98,0.99,0.99,0.93
528,0.97,0.99,0.98,0.9,0.98,0.99,0.99,0.93
529,0.97,0.99,0.98,0.9,0.99,0.99,0.99,0.93
530,0.97,0.99,0.98,0.92,0.98,0.99,0.99,0.93
531,0.97,0.99,0.98,0.92,0.98,0.99,0.99,0.94
532,0.97,0.99,0.98,0.92,0.98,0.99,0.99,0.94
533,0.97,0.99,0.98,0.92,0.99,0.99,0.99,0.93
534,0.97,0.99,0.98,0.92,0.98,0.99,0.99,0.94
535,0.97,0.99,0.98,0.92,0.98,0.99,0.99,0.93
536,0.97,0.99,0.98,0.92,0.98,0.99,0.99,0.94
537,0.97,0.99,0.98,0.9,0.98,0.99,0.99,0.93
538,0.97,0.99,0.98,0.92,0.98,0.99,0.99,0.94
539,0.97,0.99,0.98,0.92,0.98,0.99,0.99,0.94
540,0.97,0.99,0.98,0.9,0.98,0.99,0.99,0.94
541,0.98,0.99,0.98,0.92,0.98,0.99,0.99,0.94
542,0.98,0.99,0.98,0.92,0.98,0.99,0.99,0.94
543,0.97,0.99,0.98,0.92,0.98,1.0,0.99,0.94
544,0.98,0.99,0.98,0.92,0.99,0.99,0.99,0.96
545,0.97,1.0,0.98,0.92,0.99,0.99,0.99,0.96
546,0.98,1.0,0.98,0.95,0.99,1.0,0.99,0.96
547,0.98,1.0,0.98,0.95,0.99,0.99,0.99,0.96
548,0.98,1.0,0.98,0.95,0.99,1.0,0.99,0.96
549,0.98,1.0,0.98,0.97,0.99,1.0,1.0,0.96
550,0.98,1.0,0.98,0.95,0.99,1.0,0.99,0.96
551,0.98,1.0,0.99,0.97,0.99,1.0,1.0,0.96
552,0.98,1.0,0.98,0.97,0.99,1.0,0.99,0.96
553,0.98,1.0,0.99,1.0,0.99,1.0,0.99,0.98
554,0.98,1.0,0.99,0.97,0.99,1.0,0.99,0.96
555,0.98,1.0,0.99,0.97,0.99,1.0,1.0,0.98
556,0.98,1.0,0.99,0.97,0.99,1.0,1.0,0.98
557,0.98,1.0,0.99,0.97,0.99,1.0,1.0,0.98
558,0.98,1.0,0.98,0.97,0.99,1.0,0.99,0.98
559,0.97,1.0,0.98,0.97,0.99,1.0,0.99,0.96
560,0.98,1.0,0.98,0.97,0.99,1.0,0.99,0.96
561,0.97,0.99,0.98,0.97,0.99,1.0,0.99,0.98
562,0.97,1.0,0.98,0.97,0.99,1.0,0.99,0.96
563,0.97,1.0,0.98,0.97,0.99,0.99,0.99,0.98
564,0.98,1.0,0.98,0.95,0.99,1.0,0.99,0.98
565,0.98,1.0,0.98,0.97,0.99,0.99,0.99,0.96
566,0.97,0.99,0.98,0.97,0.99,0.99,0.99,0.96
567,0.97,1.0,0.98,1.0,0.99,1.0,0.99,0.98
568,0.97,1.0,0.98,1.0,0.99,1.0,0.99,0.98
569,0.97,1.0,0.98,0.97,0.99,1.0,0.99,0.98
570,0.98,0.99,0.98,1.0,0.99,1.0,0.99,0.98
571,0.97,1.0,0.98,0.97,0.99,1.0,0.99,0.98
572,0.98,1.0,0.98,1.0,0.99,1.0,0.99,0.98
573,0.98,1.0,0.98,1.0,0.99,1.0,0.99,0.98
574,0.97,1.0,0.98,1.0,0.99,1.0,0.99,0.98
575,0.98,1.0,0.98,1.0,0.99,1.0,0.99,1.0
576,0.98,1.0,0.98,1.0,0.99,1.0,0.99,1.0
