0,1.0,1.0,1.0,0.96,0.99,0.99,0.99,0.91
1,1.0,1.0,1.0,0.97,0.99,0.99,0.99,0.91
2,1.0,1.0,1.0,0.97,0.99,0.99,0.99,0.92
3,0.99,0.99,1.0,0.98,0.99,0.99,0.99,0.94
4,0.99,0.99,1.0,0.98,0.99,0.99,0.99,0.95
5,1.0,1.0,1.0,0.98,0.99,1.0,1.0,0.95
6,1.0,1.0,1.0,0.98,0.99,1.0,0.99,0.97
7,0.99,1.0,1.0,0.99,0.99,0.99,0.99,0.98
8,0.99,1.0,1.0,0.99,1.0,1.0,1.0,0.99
9,1.0,1.0,1.0,1.0,0.99,1.0,1.0,1.0
10,1.0,1.0,1.0,1.0,1.0,1.0,1.0,1.0
11,0.99,0.99,1.0,1.0,0.99,1.0,0.99,1.0
12,0.07,0.14,0.07,0.65,0.04,0.1,0.04,0.78
13,0.01,0.03,0.01,0.27,0.01,0.02,0.01,0.47
14,0.0,0.01,0.0,0.1,0.0,0.01,0.0,0.28
15,0.0,0.0,0.0,0.03,0.0,0.0,0.0,0.17
16,0.0,0.0,0.0,0.01,0.0,0.0,0.0,0.11
17,0.0,0.0,0.0,0.02,0.0,0.0,0.0,0.06
18,0.0,0.0,0.0,0.01,0.0,0.0,0.0,0.03
19,0.25,0.21,0.2,0.0,0.13,0.09,0.13,0.0
20,0.29,0.25,0.24,0.01,0.15,0.11,0.15,0.0
21,0.72,0.7,0.63,0.19,0.49,0.43,0.46,0.06
22,0.93,0.92,0.9,0.48,0.81,0.8,0.77,0.19
23,0.95,0.95,0.92,0.56,0.86,0.85,0.83,0.24
24,0.95,0.95,0.92,0.56,0.86,0.85,0.83,0.25
25,0.95,0.95,0.93,0.57,0.86,0.86,0.84,0.25
26,0.95,0.95,0.93,0.58,0.86,0.86,0.84,0.26
27,0.95,0.95,0.93,0.58,0.87,0.86,0.84,0.26
28,0.96,0.95,0.93,0.59,0.87,0.87,0.84,0.26
29,0.95,0.95,0.93,0.59,0.87,0.87,0.84,0.26
30,0.95,0.95,0.94,0.59,0.87,0.87,0.85,0.27
31,0.95,0.95,0.94,0.6,0.87,0.87,0.85,0.27
32,0.95,0.95,0.94,0.6,0.88,0.87,0.85,0.28
33,0.96,0.95,0.94,0.61,0.88,0.87,0.85,0.28
34,0.96,0.95,0.94,0.61,0.88,0.88,0.86,0.29
35,0.96,0.95,0.94,0.61,0.88,0.88,0.86,0.29
36,0.96,0.95,0.94,0.61,0.88,0.88,0.86,0.29
37,0.96,0.95,0.94,0.62,0.88,0.88,0.86,0.29
38,0.96,0.95,0.94,0.62,0.89,0.88,0.86,0.3
39,0.96,0.96,0.95,0.62,0.89,0.89,0.87,0.3
40,0.96,0.96,0.95,0.63,0.89,0.89,0.87,0.3
41,0.96,0.96,0.95,0.63,0.89,0.89,0.87,0.31
42,0.97,0.96,0.95,0.64,0.89,0.89,0.87,0.31
43,0.96,0.96,0.95,0.63,0.89,0.89,0.87,0.31
44,0.97,0.96,0.95,0.65,0.9,0.9,0.87,0.32
45,0.97,0.96,0.95,0.65,0.9,0.9,0.88,0.32
46,0.97,0.96,0.95,0.65,0.9,0.9,0.88,0.33
47,0.97,0.96,0.95,0.65,0.9,0.9,0.88,0.33
48,0.97,0.96,0.96,0.66,0.9,0.9,0.89,0.33
49,0.97,0.97,0.96,0.66,0.9,0.9,0.89,0.33
50,0.97,0.97,0.96,0.66,0.91,0.9,0.89,0.34
51,0.97,0.97,0.96,0.67,0.91,0.9,0.89,0.34
52,0.97,0.96,0.96,0.68,0.91,0.9,0.89,0.34
53,0.97,0.96,0.96,0.68,0.91,0.91,0.89,0.34
54,0.97,0.96,0.96,0.68,0.91,0.91,0.89,0.35
55,0.97,0.96,0.96,0.68,0.91,0.91,0.89,0.35
56,0.97,0.96,0.96,0.68,0.91,0.91,0.89,0.35
57,0.97,0.96,0.96,0.68,0.91,0.91,0.89,0.36
58,0.97,0.96,0.96,0.68,0.91,0.91,0.9,0.36
59,0.97,0.96,0.96,0.69,0.91,0.91,0.9,0.36
60,0.97,0.96,0.96,0.69,0.91,0.91,0.9,0.36
61,0.97,0.96,0.96,0.69,0.92,0.91,0.9,0.37
62,0.97,0.96,0.96,0.7,0.92,0.91,0.9,0.37
63,0.97,0.97,0.96,0.7,0.92,0.92,0.9,0.37
64,0.97,0.97,0.96,0.7,0.92,0.92,0.9,0.37
65,0.97,0.97,0.96,0.7,0.92,0.92,0.9,0.38
66,0.97,0.96,0.96,0.7,0.92,0.92,0.9,0.38
67,0.97,0.96,0.96,0.7,0.92,0.92,0.9,0.38
68,0.97,0.96,0.96,0.7,0.92,0.92,0.9,0.38
69,0.97,0.96,0.96,0.7,0.92,0.92,0.9,0.39
70,0.97,0.96,0.96,0.71,0.92,0.92,0.9,0.39
71,0.97,0.96,0.96,0.71,0.92,0.92,0.9,0.39
72,0.97,0.96,0.96,0.71,0.92,0.92,0.91,0.39
73,0.97,0.97,0.96,0.71,0.92,0.92,0.91,0.4
74,0.97,0.97,0.96,0.72,0.92,0.92,0.91,0.4
75,0.98,0.97,0.96,0.72,0.92,0.92,0.91,0.4
76,0.97,0.96,0.96,0.72,0.92,0.92,0.91,0.4
77,0.97,0.96,0.96,0.72,0.92,0.92,0.91,0.41
78,0.97,0.96,0.96,0.72,0.92,0.92,0.91,0.41
79,0.97,0.96,0.96,0.72,0.92,0.92,0.91,0.41
80,0.97,0.96,0.96,0.72,0.92,0.93,0.9,0.41
81,0.97,0.96,0.96,0.73,0.92,0.93,0.91,0.41
82,0.97,0.96,0.96,0.73,0.92,0.93,0.91,0.41
83,0.97,0.96,0.96,0.73,0.92,0.93,0.91,0.42
84,0.97,0.97,0.96,0.74,0.92,0.93,0.91,0.42
85,0.97,0.97,0.96,0.74,0.93,0.93,0.91,0.43
86,0.97,0.97,0.96,0.74,0.92,0.93,0.91,0.43
87,0.97,0.97,0.96,0.74,0.93,0.93,0.92,0.43
88,0.97,0.97,0.96,0.74,0.93,0.93,0.92,0.43
89,0.97,0.97,0.97,0.74,0.93,0.93,0.92,0.43
90,0.97,0.97,0.97,0.74,0.93,0.93,0.92,0.43
91,0.97,0.97,0.96,0.74,0.93,0.93,0.92,0.44
92,0.97,0.96,0.96,0.74,0.93,0.93,0.92,0.44
93,0.97,0.97,0.97,0.75,0.93,0.93,0.92,0.44
94,0.97,0.97,0.96,0.75,0.93,0.94,0.92,0.45
95,0.97,0.97,0.97,0.75,0.93,0.94,0.92,0.45
96,0.97,0.97,0.97,0.75,0.93,0.94,0.92,0.45
97,0.98,0.97,0.97,0.76,0.93,0.94,0.93,0.45
98,0.97,0.97,0.97,0.76,0.94,0.94,0.92,0.46
99,0.98,0.97,0.97,0.75,0.94,0.94,0.93,0.46
100,0.98,0.97,0.97,0.76,0.94,0.94,0.93,0.46
101,0.98,0.97,0.97,0.76,0.94,0.94,0.93,0.46
102,0.98,0.97,0.97,0.76,0.94,0.94,0.93,0.46
103,0.98,0.97,0.97,0.76,0.94,0.94,0.93,0.47
104,0.98,0.97,0.97,0.76,0.94,0.94,0.93,0.47
105,0.98,0.97,0.97,0.76,0.94,0.94,0.93,0.47
106,0.98,0.97,0.97,0.76,0.94,0.94,0.93,0.47
107,0.98,0.97,0.97,0.76,0.94,0.94,0.93,0.48
108,0.98,0.97,0.97,0.77,0.94,0.94,0.93,0.48
109,0.97,0.97,0.97,0.76,0.94,0.94,0.93,0.48
110,0.97,0.97,0.97,0.77,0.94,0.94,0.93,0.48
111,0.98,0.97,0.97,0.77,0.94,0.94,0.93,0.48
112,0.98,0.97,0.97,0.78,0.94,0.95,0.93,0.49
113,0.98,0.97,0.97,0.77,0.94,0.95,0.93,0.49
114,0.98,0.97,0.97,0.77,0.95,0.95,0.94,0.49
115,0.98,0.97,0.97,0.78,0.95,0.95,0.94,0.49
116,0.98,0.97,0.97,0.78,0.95,0.95,0.94,0.49
117,0.98,0.97,0.97,0.78,0.95,0.95,0.94,0.5
118,0.98,0.97,0.97,0.78,0.95,0.95,0.94,0.5
119,0.98,0.97,0.97,0.79,0.95,0.95,0.94,0.5
120,0.98,0.97,0.98,0.79,0.95,0.95,0.94,0.5
121,0.98,0.97,0.98,0.79,0.95,0.95,0.94,0.5
122,0.98,0.97,0.98,0.79,0.95,0.95,0.94,0.51
123,0.98,0.97,0.98,0.79,0.95,0.95,0.94,0.51
124,0.98,0.97,0.98,0.79,0.95,0.95,0.94,0.51
125,0.98,0.97,0.98,0.79,0.95,0.95,0.94,0.51
126,0.98,0.97,0.98,0.79,0.95,0.95,0.94,0.51
127,0.98,0.97,0.98,0.79,0.95,0.95,0.94,0.51
128,0.98,0.97,0.98,0.79,0.96,0.95,0.94,0.52
129,0.98,0.97,0.98,0.8,0.95,0.95,0.94,0.52
130,0.98,0.97,0.98,0.8,0.96,0.96,0.95,0.52
131,0.98,0.97,0.98,0.8,0.96,0.96,0.95,0.52
132,0.98,0.98,0.98,0.81,0.96,0.96,0.95,0.53
133,0.98,0.98,0.98,0.81,0.96,0.96,0.95,0.53
134,0.98,0.98,0.98,0.81,0.96,0.96,0.95,0.53
135,0.98,0.98,0.98,0.81,0.96,0.96,0.95,0.53
136,0.99,0.98,0.98,0.81,0.96,0.96,0.95,0.53
137,0.99,0.98,0.98,0.81,0.96,0.96,0.95,0.54
138,0.99,0.98,0.98,0.81,0.96,0.96,0.95,0.54
139,0.98,0.98,0.98,0.81,0.96,0.96,0.95,0.54
140,0.98,0.98,0.98,0.82,0.96,0.96,0.95,0.55
141,0.98,0.98,0.98,0.82,0.96,0.96,0.95,0.55
142,0.99,0.98,0.98,0.82,0.96,0.96,0.95,0.55
143,0.98,0.98,0.98,0.82,0.96,0.96,0.95,0.55
144,0.98,0.98,0.98,0.82,0.96,0.96,0.95,0.55
145,0.99,0.98,0.98,0.82,0.96,0.96,0.95,0.55
146,0.99,0.98,0.98,0.82,0.96,0.96,0.95,0.56
147,0.98,0.98,0.98,0.82,0.96,0.96,0.95,0.56
148,0.98,0.98,0.98,0.82,0.96,0.96,0.95,0.56
149,0.99,0.98,0.98,0.82,0.96,0.96,0.95,0.56
150,0.98,0.98,0.98,0.82,0.96,0.96,0.95,0.56
151,0.98,0.98,0.98,0.82,0.96,0.96,0.95,0.57
152,0.98,0.98,0.98,0.82,0.96,0.96,0.95,0.57
153,0.98,0.98,0.98,0.82,0.96,0.96,0.95,0.57
154,0.98,0.97,0.98,0.83,0.96,0.96,0.95,0.57
155,0.98,0.98,0.98,0.83,0.96,0.96,0.95,0.57
156,0.98,0.97,0.98,0.83,0.96,0.96,0.95,0.57
157,0.98,0.97,0.98,0.83,0.96,0.96,0.95,0.57
158,0.98,0.98,0.98,0.83,0.96,0.96,0.96,0.57
159,0.98,0.98,0.98,0.84,0.96,0.96,0.95,0.58
160,0.98,0.98,0.98,0.84,0.96,0.96,0.96,0.58
161,0.98,0.98,0.98,0.83,0.96,0.96,0.96,0.58
162,0.98,0.98,0.98,0.84,0.96,0.96,0.96,0.58
163,0.98,0.98,0.98,0.83,0.96,0.97,0.96,0.58
164,0.98,0.98,0.98,0.84,0.96,0.97,0.96,0.59
165,0.98,0.98,0.98,0.83,0.96,0.96,0.96,0.59
166,0.98,0.98,0.98,0.84,0.96,0.97,0.96,0.59
167,0.99,0.98,0.98,0.84,0.97,0.97,0.96,0.6
168,0.98,0.98,0.98,0.84,0.97,0.97,0.96,0.6
169,0.99,0.98,0.98,0.85,0.97,0.97,0.96,0.59
170,0.98,0.98,0.98,0.84,0.97,0.97,0.96,0.6
171,0.98,0.98,0.98,0.85,0.97,0.97,0.96,0.6
172,0.99,0.98,0.99,0.85,0.97,0.97,0.96,0.6
173,0.99,0.98,0.99,0.85,0.97,0.97,0.96,0.6
174,0.99,0.98,0.99,0.85,0.97,0.97,0.96,0.6
175,0.99,0.98,0.99,0.85,0.97,0.97,0.96,0.61
176,0.99,0.98,0.99,0.85,0.97,0.97,0.96,0.61
177,0.99,0.98,0.99,0.85,0.97,0.97,0.96,0.61
178,0.99,0.99,0.99,0.85,0.97,0.97,0.97,0.61
179,0.99,0.99,0.99,0.85,0.97,0.97,0.97,0.61
180,0.99,0.98,0.99,0.85,0.98,0.97,0.97,0.61
181,0.99,0.98,0.99,0.85,0.97,0.97,0.96,0.62
182,0.99,0.98,0.99,0.85,0.98,0.97,0.97,0.62
183,0.99,0.98,0.99,0.85,0.98,0.97,0.97,0.62
184,0.99,0.98,0.99,0.85,0.98,0.97,0.97,0.62
185,0.99,0.98,0.99,0.85,0.98,0.97,0.97,0.62
186,0.99,0.98,0.99,0.85,0.97,0.97,0.97,0.62
187,0.99,0.98,0.99,0.85,0.98,0.97,0.97,0.62
188,0.99,0.99,0.99,0.86,0.98,0.97,0.97,0.62
189,1.0,0.98,0.99,0.86,0.98,0.97,0.97,0.63
190,0.99,0.98,0.99,0.86,0.98,0.97,0.97,0.63
191,0.99,0.99,0.99,0.86,0.98,0.97,0.97,0.63
192,0.99,0.98,0.99,0.86,0.98,0.98,0.97,0.63
193,0.99,0.98,0.99,0.86,0.97,0.97,0.97,0.63
194,0.99,0.98,0.99,0.86,0.98,0.97,0.97,0.64
195,0.99,0.98,0.99,0.85,0.98,0.97,0.97,0.64
196,0.99,0.98,0.99,0.86,0.98,0.97,0.97,0.64
197,0.99,0.99,0.99,0.87,0.98,0.98,0.97,0.64
198,0.99,0.98,0.99,0.87,0.98,0.98,0.97,0.64
199,0.99,0.98,0.99,0.87,0.98,0.98,0.97,0.64
200,0.99,0.98,0.99,0.87,0.98,0.97,0.97,0.64
201,0.99,0.98,0.99,0.86,0.98,0.97,0.97,0.64
202,0.99,0.98,0.99,0.86,0.97,0.97,0.97,0.65
203,0.99,0.98,0.99,0.86,0.97,0.97,0.97,0.65
204,0.99,0.98,0.99,0.86,0.97,0.98,0.97,0.65
205,0.99,0.98,0.99,0.86,0.97,0.97,0.97,0.65
206,0.99,0.98,0.99,0.87,0.98,0.97,0.97,0.65
207,0.99,0.98,0.99,0.86,0.98,0.97,0.97,0.65
208,0.99,0.98,0.99,0.87,0.98,0.97,0.97,0.65
209,0.99,0.98,0.99,0.87,0.98,0.97,0.97,0.65
210,0.99,0.98,0.99,0.87,0.98,0.98,0.97,0.66
211,0.99,0.98,0.99,0.87,0.98,0.98,0.97,0.66
212,0.99,0.98,0.99,0.87,0.98,0.98,0.97,0.66
213,0.99,0.98,0.99,0.87,0.98,0.97,0.97,0.66
214,0.99,0.98,0.99,0.87,0.98,0.97,0.97,0.67
215,0.99,0.98,0.99,0.87,0.98,0.98,0.97,0.67
216,0.99,0.98,0.99,0.87,0.98,0.97,0.97,0.67
217,0.99,0.99,0.99,0.87,0.98,0.98,0.97,0.67
218,0.99,0.98,0.99,0.87,0.98,0.98,0.97,0.67
219,0.99,0.98,0.99,0.87,0.98,0.98,0.97,0.67
220,0.99,0.98,0.99,0.87,0.98,0.97,0.97,0.67
221,0.99,0.98,0.99,0.87,0.98,0.98,0.97,0.67
222,0.99,0.98,0.99,0.87,0.98,0.98,0.97,0.67
223,0.99,0.98,0.99,0.87,0.98,0.98,0.97,0.68
224,0.99,0.98,0.99,0.87,0.97,0.98,0.97,0.68
225,0.99,0.98,0.99,0.87,0.98,0.98,0.97,0.68
226,0.99,0.98,0.99,0.87,0.98,0.98,0.97,0.68
227,0.99,0.98,0.99,0.87,0.98,0.97,0.97,0.68
228,0.99,0.98,0.99,0.87,0.98,0.98,0.97,0.68
229,0.99,0.98,0.99,0.87,0.98,0.97,0.97,0.68
230,0.99,0.98,0.99,0.87,0.98,0.98,0.97,0.68
231,0.98,0.98,0.99,0.87,0.98,0.97,0.97,0.69
232,0.99,0.98,0.98,0.88,0.98,0.97,0.97,0.69
233,0.99,0.98,0.99,0.88,0.98,0.97,0.97,0.69
234,0.98,0.98,0.99,0.88,0.98,0.98,0.97,0.69
235,0.98,0.98,0.99,0.88,0.98,0.98,0.97,0.69
236,0.99,0.98,0.99,0.88,0.98,0.98,0.97,0.69
237,0.99,0.98,0.99,0.88,0.98,0.98,0.97,0.69
238,0.99,0.98,0.99,0.88,0.98,0.98,0.97,0.69
239,0.99,0.98,0.99,0.87,0.98,0.98,0.98,0.7
240,0.99,0.98,0.99,0.88,0.98,0.98,0.98,0.7
241,0.99,0.98,0.99,0.89,0.98,0.98,0.98,0.7
242,0.99,0.98,0.99,0.88,0.98,0.98,0.98,0.7
243,0.99,0.98,0.99,0.89,0.98,0.98,0.98,0.7
244,0.99,0.98,0.99,0.88,0.98,0.98,0.98,0.7
245,0.99,0.98,0.99,0.89,0.98,0.98,0.98,0.7
246,0.99,0.98,0.99,0.89,0.98,0.97,0.98,0.7
247,0.99,0.98,0.99,0.89,0.98,0.98,0.98,0.7
248,0.98,0.98,0.99,0.89,0.98,0.98,0.97,0.71
249,0.99,0.98,0.99,0.89,0.98,0.98,0.98,0.71
250,0.98,0.98,0.99,0.89,0.98,0.98,0.98,0.71
251,0.99,0.98,0.99,0.9,0.98,0.98,0.98,0.71
252,0.99,0.99,0.99,0.9,0.98,0.98,0.98,0.71
253,0.99,0.98,0.99,0.9,0.98,0.98,0.98,0.72
254,0.99,0.98,0.99,0.9,0.98,0.98,0.98,0.72
255,0.99,0.99,0.99,0.9,0.99,0.98,0.98,0.72
256,0.99,0.98,0.99,0.9,0.98,0.98,0.98,0.72
257,0.99,0.98,0.99,0.9,0.99,0.98,0.98,0.72
258,0.99,0.98,0.99,0.9,0.99,0.98,0.98,0.72
259,0.99,0.98,0.99,0.9,0.99,0.98,0.98,0.72
260,0.99,0.98,0.99,0.9,0.98,0.98,0.98,0.72
261,0.99,0.98,0.99,0.9,0.98,0.98,0.98,0.73
262,0.99,0.98,0.99,0.9,0.98,0.98,0.98,0.73
263,0.98,0.98,0.99,0.9,0.98,0.98,0.98,0.73
264,0.98,0.98,0.99,0.9,0.98,0.98,0.98,0.73
265,0.98,0.98,0.99,0.9,0.98,0.98,0.98,0.73
266,0.99,0.98,0.99,0.9,0.98,0.98,0.98,0.73
267,0.98,0.98,0.99,0.9,0.98,0.98,0.98,0.73
268,0.98,0.98,0.99,0.9,0.98,0.98,0.98,0.74
269,0.98,0.99,0.99,0.9,0.99,0.98,0.98,0.74
270,0.99,0.99,0.99,0.9,0.99,0.98,0.98,0.74
271,0.99,0.99,0.99,0.91,0.98,0.98,0.98,0.74
272,0.99,0.99,0.99,0.91,0.98,0.98,0.98,0.74
273,0.99,0.99,0.99,0.91,0.99,0.99,0.98,0.74
274,0.99,0.99,0.99,0.91,0.99,0.98,0.99,0.74
275,0.99,0.99,0.99,0.91,0.99,0.98,0.99,0.74
276,0.99,0.99,1.0,0.91,0.99,0.99,0.99,0.75
277,1.0,0.99,1.0,0.91,0.99,0.98,0.99,0.75
278,1.0,0.99,1.0,0.91,0.99,0.99,0.99,0.75
279,1.0,0.99,1.0,0.91,0.99,0.99,0.99,0.75
280,1.0,0.99,1.0,0.91,0.99,0.99,0.99,0.75
281,1.0,0.99,1.0,0.91,0.99,0.99,0.99,0.75
282,1.0,0.99,1.0,0.91,0.99,0.99,0.99,0.76
283,0.99,0.99,1.0,0.92,0.99,0.98,0.99,0.76
284,1.0,0.99,1.0,0.92,0.99,0.99,0.99,0.76
285,1.0,0.99,1.0,0.92,0.99,0.99,0.99,0.76
286,1.0,0.99,1.0,0.92,0.99,0.99,0.99,0.76
287,0.99,0.99,1.0,0.92,0.99,0.99,0.99,0.76
288,0.99,0.99,1.0,0.92,0.99,0.99,0.99,0.76
289,1.0,0.99,1.0,0.92,0.99,0.99,0.99,0.76
290,1.0,0.99,1.0,0.92,0.99,0.99,0.99,0.76
291,0.99,0.99,1.0,0.92,0.99,0.99,0.99,0.77
292,1.0,0.99,1.0,0.92,0.99,0.99,0.99,0.77
293,1.0,0.99,1.0,0.93,0.99,0.99,0.99,0.77
294,0.99,0.99,1.0,0.93,0.99,0.99,0.99,0.77
295,1.0,0.99,1.0,0.93,0.99,0.99,0.99,0.77
296,1.0,0.99,1.0,0.93,0.99,0.99,0.99,0.78
297,0.99,0.99,1.0,0.93,0.99,0.99,0.99,0.77
298,0.99,0.99,1.0,0.92,0.99,0.99,0.99,0.78
299,0.99,0.99,0.99,0.92,0.99,0.98,0.99,0.78
300,1.0,0.99,1.0,0.92,0.99,0.99,0.99,0.78
301,0.99,0.99,0.99,0.92,0.99,0.99,0.99,0.78
302,0.99,0.99,0.99,0.92,0.99,0.99,0.99,0.78
303,0.99,0.99,0.99,0.93,0.99,0.99,0.99,0.78
304,0.99,0.99,1.0,0.92,0.99,0.99,0.99,0.78
305,1.0,0.99,0.99,0.93,0.99,0.99,0.99,0.78
306,0.99,0.99,0.99,0.93,0.99,0.99,0.99,0.78
307,0.99,0.99,1.0,0.93,0.99,0.99,0.99,0.78
308,0.99,0.99,1.0,0.93,0.99,0.99,0.99,0.78
309,1.0,0.99,1.0,0.93,0.99,0.99,0.99,0.78
310,1.0,0.99,1.0,0.93,0.99,0.99,0.99,0.78
311,1.0,0.99,1.0,0.93,0.99,0.99,0.99,0.78
312,0.99,0.99,1.0,0.93,0.99,0.99,0.99,0.79
313,1.0,0.99,1.0,0.92,0.99,0.99,0.99,0.78
314,0.99,0.99,1.0,0.93,0.99,0.99,0.99,0.79
315,0.99,0.99,1.0,0.93,0.99,0.99,0.99,0.79
316,1.0,0.99,0.99,0.93,0.99,0.99,0.99,0.79
317,0.99,0.99,0.99,0.92,0.99,0.99,0.99,0.79
318,0.99,0.99,1.0,0.93,0.99,0.99,0.99,0.79
319,1.0,0.99,0.99,0.92,0.99,0.99,0.99,0.8
320,0.99,0.99,0.99,0.93,0.99,0.99,0.99,0.8
321,1.0,0.99,0.99,0.93,0.99,0.99,0.99,0.8
322,0.99,0.99,1.0,0.93,0.99,0.99,0.99,0.8
323,0.99,0.99,0.99,0.93,0.99,0.99,0.99,0.8
324,0.99,0.99,0.99,0.93,0.99,0.99,0.99,0.8
325,1.0,0.99,0.99,0.93,0.99,0.99,0.99,0.8
326,0.99,0.99,1.0,0.92,0.99,0.99,0.99,0.8
327,0.99,0.99,1.0,0.93,0.99,0.99,0.99,0.8
328,0.99,0.99,0.99,0.93,0.99,0.99,0.99,0.8
329,1.0,0.99,0.99,0.93,0.99,0.99,0.99,0.8
330,1.0,0.99,0.99,0.93,0.99,0.99,0.99,0.8
331,0.99,0.99,0.99,0.93,0.99,0.99,0.99,0.8
332,0.99,0.99,0.99,0.93,0.99,0.99,0.99,0.8
333,0.99,0.99,0.99,0.93,0.99,0.99,0.99,0.81
334,0.99,0.99,0.99,0.93,0.99,0.99,0.99,0.8
335,0.99,0.99,0.99,0.92,0.99,0.99,0.99,0.81
336,0.99,0.99,0.99,0.92,0.99,0.99,0.99,0.81
337,0.99,0.99,0.99,0.93,0.99,0.99,0.99,0.81
338,0.99,0.98,0.99,0.92,0.99,0.99,0.99,0.81
339,0.99,0.99,0.99,0.93,0.99,0.99,0.99,0.81
340,0.99,0.99,0.99,0.93,0.99,0.99,0.99,0.82
341,0.99,0.99,0.99,0.93,0.99,0.99,0.99,0.82
342,0.99,0.99,0.99,0.93,0.99,0.99,0.99,0.82
343,0.99,0.99,0.99,0.93,0.99,0.99,0.99,0.82
344,0.99,0.99,0.99,0.93,0.99,0.99,0.99,0.82
345,0.99,0.99,0.99,0.93,0.99,0.99,0.99,0.82
346,0.99,0.99,0.99,0.93,0.99,0.99,0.99,0.82
347,0.99,0.99,0.99,0.93,0.99,0.99,0.99,0.82
348,0.99,0.99,0.99,0.93,0.99,0.99,0.99,0.82
349,0.99,0.99,0.99,0.93,0.99,0.99,0.99,0.82
350,0.99,0.99,0.99,0.93,0.99,0.99,0.99,0.83
351,0.99,0.99,0.99,0.93,0.99,0.99,0.99,0.83
352,0.99,0.99,0.99,0.93,0.99,0.99,0.99,0.83
353,0.99,0.99,0.99,0.93,0.99,0.99,0.99,0.83
354,0.99,0.99,0.99,0.93,0.99,0.99,0.99,0.83
355,0.99,0.99,0.99,0.93,0.99,0.99,0.99,0.83
356,0.99,0.99,0.99,0.93,0.99,0.99,0.99,0.83
357,0.99,0.98,0.99,0.93,0.99,0.98,0.99,0.83
358,0.99,0.98,0.99,0.93,0.99,0.98,0.99,0.83
359,0.99,0.98,0.99,0.93,0.99,0.98,0.99,0.83
360,0.99,0.98,0.99,0.93,0.99,0.98,0.98,0.83
361,0.99,0.99,0.99,0.93,0.99,0.98,0.98,0.83
362,0.98,0.99,0.99,0.93,0.99,0.99,0.99,0.83
363,0.99,0.99,0.99,0.93,0.99,0.99,0.99,0.83
364,0.99,0.99,0.99,0.93,0.99,0.99,0.98,0.84
365,0.98,0.99,0.99,0.93,0.98,0.99,0.99,0.84
366,0.99,0.99,0.99,0.93,0.99,0.99,0.99,0.84
367,0.99,0.99,0.99,0.93,0.99,0.99,0.99,0.84
368,0.99,0.99,0.99,0.93,0.99,0.99,0.99,0.84
369,0.99,0.99,0.99,0.93,0.99,0.99,0.99,0.85
370,0.99,0.99,0.99,0.93,0.99,0.99,0.99,0.84
371,0.99,0.99,0.99,0.93,0.99,0.99,0.99,0.85
372,0.99,0.99,0.99,0.93,0.99,0.99,0.99,0.85
373,0.99,0.99,0.99,0.93,0.99,0.99,0.99,0.85
374,0.99,0.99,0.99,0.93,0.99,0.99,0.99,0.85
375,0.99,0.99,0.99,0.94,0.99,0.99,0.99,0.85
376,0.99,0.99,0.99,0.94,0.99,0.99,0.99,0.85
377,0.99,0.99,0.99,0.94,0.99,0.99,0.99,0.85
378,0.99,0.99,0.99,0.94,0.99,0.99,0.99,0.85
379,0.99,0.99,0.99,0.94,0.99,0.98,0.99,0.85
380,0.99,0.99,0.99,0.94,0.99,0.99,0.99,0.85
381,0.99,0.99,0.99,0.94,0.99,0.99,0.99,0.85
382,0.99,0.98,0.99,0.93,0.99,0.99,0.99,0.85
383,0.99,0.99,0.99,0.93,0.99,0.98,0.99,0.85
384,0.99,0.98,0.99,0.93,0.99,0.99,0.99,0.85
385,0.99,0.98,0.99,0.93,0.99,0.99,0.99,0.86
386,0.99,0.98,0.99,0.93,0.99,0.99,0.99,0.86
387,0.99,0.99,0.99,0.93,0.99,0.99,0.99,0.86
388,0.99,0.99,0.99,0.93,0.99,0.99,0.99,0.86
389,0.98,0.99,0.99,0.94,0.99,0.99,0.99,0.86
390,0.98,0.99,0.99,0.93,0.99,0.99,0.99,0.86
391,0.99,0.99,0.99,0.94,0.99,0.99,0.99,0.86
392,0.99,0.99,0.99,0.94,0.99,0.99,0.99,0.87
393,0.99,0.99,0.99,0.94,0.99,0.99,0.99,0.87
394,0.98,0.99,0.99,0.94,0.99,0.99,0.99,0.87
395,0.98,0.99,0.99,0.94,0.99,0.99,0.99,0.87
396,0.99,0.99,0.99,0.94,0.99,0.99,0.99,0.87
397,0.98,0.99,0.98,0.94,0.99,0.99,0.99,0.87
398,0.98,0.98,0.98,0.94,0.99,0.99,0.99,0.87
399,0.98,0.98,0.98,0.94,0.99,0.99,0.99,0.87
400,0.98,0.99,0.98,0.94,0.99,0.99,0.99,0.87
401,0.98,0.98,0.98,0.94,0.99,0.99,0.99,0.87
402,0.98,0.99,0.98,0.95,0.99,0.99,0.99,0.87
403,0.98,0.99,0.98,0.94,0.99,0.99,0.99,0.87
404,0.98,0.99,0.98,0.94,0.99,0.99,0.99,0.87
405,0.98,0.99,0.98,0.94,0.99,0.99,0.99,0.87
406,0.98,0.99,0.98,0.94,0.99,0.99,0.99,0.87
407,0.98,0.99,0.98,0.94,0.99,0.99,0.99,0.87
408,0.98,0.99,0.98,0.94,0.99,0.99,0.99,0.87
409,0.98,0.99,0.98,0.94,0.99,0.99,0.99,0.87
410,0.98,0.99,0.98,0.94,0.99,0.99,0.99,0.87
411,0.98,0.99,0.98,0.94,0.99,0.99,0.99,0.87
412,0.98,0.99,0.98,0.94,0.99,0.99,0.99,0.87
413,0.98,0.99,0.98,0.94,0.99,0.99,0.99,0.87
414,0.98,0.99,0.98,0.94,0.99,0.99,0.99,0.87
415,0.98,0.99,0.98,0.94,0.99,0.99,0.99,0.87
416,0.98,0.99,0.98,0.94,0.99,0.99,0.99,0.87
417,0.98,0.99,0.98,0.94,0.99,0.99,0.99,0.87
418,0.98,0.99,0.98,0.94,0.99,0.99,0.99,0.87
419,0.98,0.99,0.98,0.94,0.99,0.99,0.99,0.87
420,0.98,0.99,0.98,0.94,0.99,0.99,0.99,0.87
421,0.98,0.99,0.98,0.94,0.99,0.99,0.99,0.87
422,0.98,0.99,0.98,0.94,0.99,0.99,0.99,0.87
423,0.98,0.99,0.98,0.94,0.99,0.99,0.99,0.87
424,0.98,0.99,0.98,0.94,0.99,0.99,0.99,0.87
425,0.98,0.99,0.98,0.94,0.99,0.99,0.99,0.87
426,0.98,0.99,0.98,0.94,0.99,0.99,0.99,0.87
427,0.98,0.99,0.98,0.94,0.99,0.99,0.99,0.87
428,0.98,0.99,0.98,0.94,0.99,0.99,0.99,0.87
429,0.98,0.99,0.98,0.94,0.99,0.99,0.99,0.87
430,0.98,0.99,0.98,0.94,0.99,0.99,0.99,0.87
431,0.98,0.99,0.98,0.94,0.99,0.99,0.99,0.87
432,0.98,0.99,0.98,0.94,0.99,0.99,0.99,0.87
433,0.98,0.99,0.98,0.94,0.99,0.99,0.99,0.87
434,0.98,0.99,0.98,0.94,0.99,0.99,0.99,0.87
435,0.98,0.99,0.98,0.94,0.99,0.99,0.99,0.87
436,0.98,0.99,0.98,0.94,0.99,0.99,0.99,0.87
437,0.98,0.99,0.98,0.94,0.99,0.99,0.99,0.87
438,0.98,0.99,0.98,0.94,0.99,0.99,0.99,0.87
439,0.98,0.99,0.98,0.94,0.99,0.99,0.99,0.87
440,0.98,0.99,0.98,0.94,0.99,0.99,0.99,0.87
441,0.98,0.99,0.98,0.94,0.99,0.99,0.99,0.87
442,0.98,0.99,0.98,0.94,0.99,0.99,0.99,0.87
443,0.98,0.99,0.98,0.94,0.99,0.99,0.99,0.87
444,0.98,0.99,0.98,0.94,0.99,0.99,0.99,0.87
445,0.98,0.99,0.98,0.94,0.99,0.99,0.99,0.87
446,0.98,0.99,0.98,0.94,0.99,0.99,0.99,0.87
447,0.98,0.99,0.98,0.94,0.99,0.99,0.99,0.87
448,0.98,0.99,0.98,0.94,0.99,0.99,0.99,0.87
449,0.98,0.99,0.98,0.94,0.99,0.99,0.99,0.87
450,0.98,0.99,0.98,0.94,0.99,0.99,0.99,0.87
451,0.98,0.99,0.98,0.94,0.99,0.99,0.99,0.87
452,0.98,0.99,0.98,0.94,0.99,0.99,0.99,0.87
453,0.98,0.99,0.98,0.94,0.99,0.99,0.99,0.87
454,0.98,0.99,0.98,0.94,0.99,0.99,0.99,0.87
455,0.98,0.99,0.98,0.94,0.99,0.99,0.99,0.87
456,0.98,0.99,0.98,0.94,0.99,0.99,0.99,0.87
457,0.98,0.99,0.98,0.94,0.99,0.99,0.99,0.87
458,0.98,0.99,0.98,0.94,0.99,0.99,0.99,0.87
459,0.98,0.99,0.98,0.94,0.99,0.99,0.99,0.87
460,0.98,0.99,0.98,0.94,0.99,0.99,0.99,0.87
461,0.98,0.99,0.98,0.94,0.99,0.99,0.99,0.87
462,0.98,0.99,0.98,0.94,0.99,0.99,0.99,0.87
463,0.98,0.99,0.98,0.94,0.99,0.99,0.99,0.87
464,0.98,0.99,0.98,0.94,0.99,0.99,0.99,0.87
465,0.98,0.99,0.98,0.94,0.99,0.99,0.99,0.87
466,0.98,0.99,0.98,0.94,0.99,0.99,0.99,0.87
467,0.98,0.99,0.98,0.94,0.99,0.99,0.99,0.87
468,0.98,0.99,0.98,0.94,0.99,0.99,0.99,0.87
469,0.98,0.99,0.98,0.94,0.99,0.99,0.99,0.87
470,0.98,0.99,0.98,0.94,0.99,0.99,0.99,0.87
471,0.98,0.99,0.98,0.94,0.99,0.99,0.99,0.87
472,0.98,0.99,0.98,0.94,0.99,0.99,0.99,0.87
473,0.98,0.99,0.98,0.94,0.99,0.99,0.99,0.87
474,0.98,0.99,0.98,0.94,0.99,0.99,0.99,0.87
475,0.98,0.99,0.98,0.94,0.99,0.99,0.99,0.87
476,0.98,0.99,0.98,0.94,0.99,0.99,0.99,0.87
477,0.98,0.99,0.98,0.94,0.99,0.99,0.99,0.87
478,0.98,0.99,0.98,0.94,0.99,0.99,0.99,0.87
479,0.98,0.99,0.98,0.94,0.99,0.99,0.99,0.87
480,0.98,0.99,0.98,0.94,0.99,0.99,0.99,0.87
481,0.98,0.99,0.98,0.94,0.99,0.99,0.99,0.87
482,0.98,0.99,0.98,0.94,0.99,0.99,0.99,0.87
483,0.98,0.99,0.98,0.94,0.99,0.99,0.99,0.87
484,0.98,0.99,0.98,0.94,0.99,0.99,0.99,0.87
485,0.98,0.99,0.98,0.94,0.99,0.99,0.99,0.87
486,0.98,0.99,0.98,0.94,0.99,0.99,0.99,0.87
487,0.98,0.99,0.98,0.94,0.99,0.99,0.99,0.87
488,0.98,0.99,0.98,0.94,0.99,0.99,0.99,0.87
489,0.98,0.99,0.98,0.94,0.99,0.99,0.99,0.87
490,0.98,0.99,0.98,0.94,0.99,0.99,0.99,0.87
491,0.98,0.99,0.98,0.94,0.99,0.99,0.99,0.87
492,0.98,0.99,0.98,0.94,0.99,0.99,0.99,0.87
493,0.98,0.99,0.98,0.94,0.99,0.99,0.99,0.87
494,0.98,0.99,0.98,0.94,0.99,0.99,0.99,0.87
495,0.98,0.99,0.98,0.94,0.99,0.99,0.99,0.87
496,0.98,0.99,0.98,0.94,0.99,0.99,0.99,0.87
497,0.98,0.99,0.98,0.94,0.99,0.99,0.99,0.87
498,0.98,0.99,0.98,0.94,0.99,0.99,0.99,0.87
499,0.98,0.99,0.98,0.94,0.99,0.99,0.99,0.87
500,0.98,0.99,0.98,0.94,0.99,0.99,0.99,0.87
501,0.98,0.99,0.98,0.94,0.99,0.99,0.99,0.87
502,0.98,0.99,0.98,0.94,0.99,0.99,0.99,0.87
503,0.98,0.99,0.98,0.94,0.99,0.99,0.99,0.87
504,0.98,0.99,0.98,0.94,0.99,0.99,0.99,0.87
505,0.98,0.99,0.98,0.94,0.99,0.99,0.99,0.87
506,0.98,0.99,0.98,0.94,0.99,0.99,0.99,0.87
507,0.98,0.99,0.98,0.94,0.99,0.99,0.99,0.87
508,0.98,0.99,0.98,0.94,0.99,0.99,0.99,0.87
509,0.98,0.99,0.98,0.94,0.99,0.99,0.99,0.87
510,0.98,0.99,0.98,0.94,0.99,0.99,0.99,0.87
511,0.98,0.99,0.98,0.94,0.99,0.99,0.99,0.87
