0,0.98,0.88,1.0,0.98,0.99,0.8,1.0,0.95
1,0.98,0.72,1.0,0.98,0.99,0.8,1.0,0.95
2,0.98,0.88,1.0,0.98,0.99,1.0,1.0,0.95
3,0.98,0.72,1.0,0.98,0.98,0.8,0.99,0.95
4,0.98,0.56,1.0,0.98,0.99,0.6,1.0,0.96
5,0.98,0.72,1.0,0.98,0.98,0.8,0.99,0.96
6,0.98,0.72,1.0,0.98,0.98,1.0,1.0,0.96
7,0.98,0.72,1.0,0.98,0.98,0.8,0.99,0.96
8,0.97,0.56,1.0,0.98,0.98,0.8,0.99,0.96
9,0.98,0.72,1.0,0.98,0.98,0.8,0.99,0.96
10,0.98,0.72,1.0,0.98,0.98,0.8,0.99,0.96
11,0.98,0.56,1.0,0.98,0.98,0.8,0.99,0.96
12,0.98,0.72,1.0,0.98,0.98,0.8,0.99,0.96
13,0.98,0.56,1.0,0.98,0.98,0.6,1.0,0.96
14,0.98,0.56,1.0,0.98,0.98,0.8,0.99,0.96
15,0.98,0.72,1.0,0.98,0.98,0.8,0.99,0.96
16,0.98,0.72,1.0,0.98,0.98,0.8,0.99,0.97
17,0.98,0.56,1.0,0.98,0.98,0.8,0.99,0.97
18,0.98,0.56,1.0,0.98,0.98,0.8,0.99,0.97
19,0.98,0.56,1.0,0.98,0.99,0.8,1.0,0.97
20,0.98,0.44,1.0,0.98,0.98,0.8,1.0,0.97
21,0.98,0.56,1.0,0.98,0.98,0.8,0.99,0.97
22,0.98,0.44,1.0,0.99,0.98,0.8,0.99,0.97
23,0.98,0.56,1.0,0.99,0.99,0.8,1.0,0.97
24,0.98,0.56,1.0,0.99,0.99,0.8,1.0,0.97
25,0.98,0.72,1.0,0.99,0.99,0.8,1.0,0.98
26,0.98,0.72,1.0,0.99,0.98,0.8,1.0,0.98
27,0.98,0.56,1.0,0.99,0.99,0.8,1.0,0.98
28,0.98,0.72,1.0,0.99,0.99,0.8,1.0,0.98
29,0.98,0.72,1.0,0.99,0.99,1.0,1.0,0.98
30,0.98,0.72,1.0,0.99,0.99,1.0,1.0,0.98
31,0.97,0.72,1.0,0.99,0.99,0.6,0.99,0.98
32,0.98,0.72,1.0,0.99,0.99,0.8,1.0,0.98
33,0.98,0.88,1.0,0.99,0.99,0.8,1.0,0.98
34,0.98,0.56,1.0,0.99,0.99,0.8,1.0,0.99
35,0.98,0.56,1.0,0.99,0.98,0.6,1.0,0.99
36,0.98,0.44,1.0,0.99,0.98,0.6,0.99,0.99
37,0.97,0.44,0.99,0.99,0.98,0.6,0.99,0.99
38,0.98,0.44,0.99,0.99,0.98,0.6,1.0,0.99
39,0.97,0.56,0.99,0.99,0.98,0.6,0.99,0.99
40,0.98,0.56,1.0,0.99,0.98,0.6,1.0,0.99
41,0.97,0.56,1.0,0.99,0.98,0.6,1.0,0.99
42,0.98,0.56,1.0,0.99,0.98,0.6,0.99,0.99
43,0.97,0.56,0.99,0.99,0.98,0.6,0.99,0.99
44,0.96,0.44,0.99,0.99,0.97,0.8,0.99,0.99
45,0.97,0.56,0.99,1.0,0.98,0.6,0.99,1.0
46,0.97,0.56,0.99,1.0,0.98,0.6,0.99,1.0
47,0.97,0.56,0.99,1.0,0.97,0.8,0.99,1.0
48,0.96,0.56,0.99,1.0,0.98,0.6,0.99,1.0
49,0.95,0.56,0.99,1.0,0.98,0.6,0.99,1.0
50,0.98,0.56,1.0,1.0,0.98,0.6,0.99,1.0
51,0.99,0.56,1.0,1.0,0.99,0.8,0.99,1.0
52,0.98,0.56,0.99,1.0,0.98,0.8,0.93,0.99
53,0.93,0.56,0.91,0.98,0.91,0.8,0.73,0.96
54,0.82,0.56,0.6,0.91,0.73,0.8,0.4,0.83
55,0.75,0.72,0.46,0.86,0.65,0.8,0.31,0.74
56,0.7,0.56,0.38,0.82,0.6,0.8,0.27,0.68
57,0.56,0.72,0.22,0.69,0.44,0.8,0.17,0.49
58,0.49,0.56,0.17,0.61,0.38,0.8,0.14,0.41
59,0.42,0.56,0.15,0.56,0.33,0.8,0.12,0.36
60,0.38,0.56,0.12,0.5,0.29,0.8,0.1,0.31
61,0.33,0.44,0.11,0.47,0.26,0.8,0.09,0.27
62,0.3,0.44,0.1,0.43,0.24,0.8,0.08,0.25
63,0.26,0.44,0.09,0.4,0.21,0.6,0.07,0.22
64,0.23,0.56,0.07,0.35,0.19,0.6,0.07,0.19
65,0.21,0.56,0.07,0.33,0.17,0.8,0.06,0.17
66,0.19,0.72,0.06,0.31,0.16,0.6,0.06,0.16
67,0.18,0.72,0.06,0.29,0.15,0.6,0.05,0.15
68,0.16,0.56,0.05,0.27,0.14,0.6,0.05,0.14
69,0.16,0.56,0.05,0.26,0.13,0.6,0.05,0.13
70,0.13,0.72,0.04,0.23,0.12,0.8,0.04,0.11
71,0.13,0.72,0.04,0.22,0.11,0.8,0.04,0.11
72,0.12,0.88,0.04,0.2,0.1,0.8,0.04,0.1
73,0.11,0.72,0.04,0.19,0.1,0.8,0.04,0.09
74,0.11,0.56,0.03,0.18,0.09,0.6,0.03,0.09
75,0.1,0.56,0.03,0.17,0.08,0.39,0.03,0.08
76,0.09,0.56,0.03,0.16,0.08,0.6,0.03,0.08
77,0.08,0.56,0.03,0.15,0.08,0.39,0.03,0.07
78,0.08,0.56,0.03,0.15,0.07,0.39,0.03,0.07
79,0.08,0.56,0.03,0.14,0.07,0.39,0.03,0.07
80,0.08,0.56,0.03,0.13,0.07,0.6,0.03,0.06
81,0.08,0.44,0.03,0.13,0.07,0.2,0.02,0.06
82,0.08,0.56,0.02,0.12,0.06,0.39,0.02,0.06
83,0.07,0.56,0.02,0.12,0.06,0.39,0.02,0.06
84,0.07,0.44,0.02,0.11,0.06,0.39,0.02,0.05
85,0.07,0.56,0.02,0.1,0.06,0.39,0.02,0.05
86,0.06,0.56,0.02,0.1,0.05,0.39,0.02,0.05
87,0.06,0.44,0.02,0.09,0.05,0.39,0.02,0.05
88,0.05,0.44,0.02,0.09,0.05,0.2,0.02,0.04
89,0.07,0.56,0.02,0.09,0.05,0.39,0.02,0.04
90,0.05,0.44,0.02,0.09,0.05,0.39,0.02,0.04
91,0.05,0.44,0.02,0.08,0.05,0.39,0.02,0.04
92,0.05,0.44,0.02,0.08,0.04,0.0,0.02,0.04
93,0.04,0.44,0.02,0.08,0.04,0.2,0.02,0.04
94,0.04,0.44,0.02,0.07,0.04,0.2,0.02,0.03
95,0.04,0.28,0.02,0.07,0.04,0.2,0.02,0.03
96,0.04,0.44,0.02,0.07,0.04,0.2,0.02,0.03
97,0.04,0.28,0.02,0.06,0.04,0.2,0.01,0.03
98,0.04,0.28,0.01,0.06,0.03,0.2,0.01,0.03
99,0.03,0.44,0.01,0.06,0.03,0.39,0.01,0.03
100,0.04,0.44,0.01,0.06,0.03,0.2,0.01,0.03
101,0.04,0.44,0.01,0.05,0.03,0.39,0.01,0.03
102,0.04,0.56,0.01,0.05,0.03,0.39,0.01,0.03
103,0.04,0.56,0.01,0.05,0.03,0.39,0.01,0.02
104,0.04,0.56,0.01,0.05,0.03,0.39,0.01,0.02
105,0.04,0.56,0.01,0.05,0.03,0.39,0.01,0.02
106,0.04,0.44,0.01,0.05,0.03,0.39,0.01,0.02
107,0.04,0.44,0.01,0.04,0.03,0.39,0.01,0.02
108,0.03,0.44,0.01,0.04,0.03,0.39,0.01,0.02
109,0.03,0.44,0.01,0.04,0.03,0.39,0.01,0.02
110,0.03,0.44,0.01,0.04,0.03,0.39,0.01,0.02
111,0.03,0.56,0.01,0.04,0.03,0.39,0.01,0.02
112,0.03,0.44,0.01,0.04,0.02,0.39,0.01,0.02
113,0.04,0.44,0.01,0.04,0.02,0.39,0.01,0.02
114,0.03,0.56,0.01,0.03,0.02,0.39,0.01,0.02
115,0.03,0.56,0.01,0.03,0.02,0.39,0.01,0.02
116,0.03,0.56,0.01,0.03,0.02,0.39,0.01,0.02
117,0.03,0.56,0.01,0.03,0.02,0.2,0.01,0.01
118,0.02,0.56,0.01,0.03,0.02,0.39,0.01,0.01
119,0.03,0.44,0.01,0.03,0.02,0.2,0.01,0.01
120,0.02,0.28,0.01,0.03,0.02,0.39,0.01,0.01
121,0.02,0.44,0.01,0.03,0.02,0.2,0.0,0.01
122,0.02,0.44,0.01,0.02,0.02,0.2,0.0,0.01
123,0.02,0.44,0.01,0.02,0.02,0.39,0.0,0.01
124,0.02,0.44,0.01,0.02,0.02,0.2,0.0,0.01
125,0.02,0.44,0.01,0.02,0.01,0.39,0.0,0.01
126,0.02,0.44,0.01,0.02,0.01,0.39,0.0,0.01
127,0.02,0.44,0.01,0.02,0.01,0.39,0.0,0.01
128,0.02,0.56,0.01,0.02,0.01,0.39,0.0,0.01
129,0.02,0.44,0.0,0.02,0.01,0.39,0.0,0.01
130,0.02,0.44,0.0,0.02,0.01,0.39,0.0,0.01
131,0.02,0.44,0.0,0.02,0.01,0.2,0.0,0.01
132,0.02,0.44,0.0,0.01,0.01,0.2,0.0,0.01
133,0.02,0.44,0.0,0.01,0.01,0.2,0.0,0.01
134,0.02,0.44,0.0,0.01,0.01,0.2,0.0,0.01
135,0.01,0.28,0.0,0.01,0.01,0.2,0.0,0.01
136,0.01,0.28,0.0,0.01,0.01,0.2,0.0,0.0
137,0.01,0.28,0.0,0.01,0.0,0.2,0.0,0.0
138,0.01,0.28,0.0,0.01,0.0,0.2,0.0,0.0
139,0.01,0.28,0.0,0.01,0.01,0.2,0.0,0.0
140,0.01,0.28,0.0,0.01,0.01,0.2,0.0,0.0
141,0.01,0.16,0.0,0.01,0.0,0.2,0.0,0.0
142,0.01,0.28,0.0,0.01,0.0,0.2,0.0,0.0
143,0.01,0.16,0.0,0.01,0.0,0.2,0.0,0.0
144,0.01,0.28,0.0,0.01,0.0,0.2,0.0,0.0
145,0.01,0.28,0.0,0.0,0.0,0.2,0.0,0.0
146,0.01,0.16,0.0,0.0,0.0,0.2,0.0,0.0
147,0.01,0.16,0.0,0.0,0.0,0.0,0.0,0.0
148,0.01,0.16,0.0,0.0,0.0,0.0,0.0,0.0
149,0.0,0.16,0.0,0.0,0.0,0.0,0.0,0.0
150,0.01,0.16,0.0,0.0,0.0,0.0,0.0,0.0
151,0.01,0.28,0.0,0.0,0.0,0.0,0.0,0.0
152,0.01,0.28,0.0,0.0,0.01,0.2,0.0,0.0
153,0.02,0.16,0.01,0.0,0.02,0.2,0.01,0.0
154,0.07,0.16,0.04,0.0,0.07,0.0,0.04,0.0
155,0.09,0.16,0.06,0.0,0.1,0.0,0.06,0.0
156,0.14,0.28,0.08,0.0,0.15,0.0,0.08,0.0
157,0.19,0.16,0.12,0.01,0.2,0.0,0.11,0.01
158,0.22,0.16,0.13,0.01,0.21,0.0,0.12,0.01
159,0.3,0.16,0.19,0.01,0.29,0.0,0.17,0.01
160,0.31,0.16,0.19,0.01,0.3,0.0,0.18,0.01
161,0.37,0.16,0.23,0.02,0.35,0.0,0.21,0.02
162,0.43,0.16,0.27,0.02,0.4,0.0,0.24,0.02
163,0.48,0.16,0.31,0.03,0.44,0.0,0.27,0.03
164,0.53,0.16,0.35,0.03,0.49,0.0,0.31,0.03
165,0.57,0.28,0.38,0.04,0.52,0.2,0.33,0.04
166,0.58,0.16,0.39,0.04,0.54,0.0,0.34,0.04
167,0.62,0.28,0.43,0.05,0.58,0.2,0.38,0.04
168,0.66,0.16,0.47,0.06,0.61,0.0,0.41,0.05
169,0.69,0.16,0.5,0.06,0.64,0.2,0.44,0.05
170,0.7,0.16,0.51,0.07,0.65,0.0,0.45,0.06
171,0.72,0.16,0.53,0.07,0.67,0.0,0.47,0.06
172,0.76,0.16,0.57,0.08,0.7,0.2,0.5,0.07
173,0.76,0.16,0.58,0.09,0.71,0.2,0.51,0.07
174,0.79,0.16,0.6,0.1,0.73,0.39,0.54,0.08
175,0.8,0.16,0.62,0.1,0.74,0.2,0.55,0.08
176,0.82,0.28,0.65,0.11,0.77,0.2,0.58,0.09
177,0.82,0.28,0.66,0.12,0.78,0.2,0.59,0.09
178,0.84,0.28,0.68,0.13,0.79,0.39,0.61,0.1
179,0.85,0.16,0.69,0.13,0.81,0.39,0.63,0.1
180,0.86,0.16,0.7,0.14,0.81,0.39,0.64,0.11
181,0.87,0.16,0.71,0.14,0.82,0.39,0.65,0.11
182,0.89,0.16,0.73,0.15,0.84,0.2,0.67,0.12
183,0.89,0.28,0.74,0.16,0.84,0.39,0.68,0.12
184,0.9,0.28,0.75,0.17,0.85,0.39,0.69,0.13
185,0.9,0.0,0.76,0.18,0.86,0.2,0.7,0.14
186,0.9,0.0,0.77,0.18,0.86,0.2,0.71,0.14
187,0.91,0.0,0.78,0.19,0.86,0.2,0.72,0.15
188,0.91,0.0,0.79,0.2,0.87,0.39,0.73,0.15
189,0.91,0.0,0.8,0.21,0.88,0.2,0.75,0.16
190,0.92,0.16,0.8,0.21,0.88,0.2,0.75,0.16
191,0.92,0.0,0.81,0.22,0.88,0.2,0.76,0.16
192,0.92,0.0,0.82,0.23,0.9,0.39,0.77,0.17
193,0.93,0.0,0.83,0.24,0.89,0.2,0.77,0.17
194,0.93,0.0,0.83,0.24,0.89,0.2,0.78,0.18
195,0.93,0.0,0.84,0.25,0.9,0.39,0.79,0.18
196,0.93,0.16,0.84,0.26,0.91,0.39,0.79,0.19
197,0.94,0.0,0.84,0.26,0.91,0.39,0.8,0.19
198,0.93,0.16,0.85,0.27,0.92,0.2,0.81,0.2
199,0.94,0.16,0.86,0.28,0.91,0.39,0.81,0.2
200,0.94,0.16,0.86,0.28,0.92,0.39,0.82,0.2
201,0.94,0.16,0.86,0.29,0.92,0.39,0.82,0.21
202,0.95,0.16,0.87,0.3,0.93,0.39,0.83,0.21
203,0.94,0.16,0.87,0.3,0.93,0.39,0.83,0.21
204,0.95,0.16,0.88,0.31,0.93,0.39,0.83,0.22
205,0.96,0.16,0.88,0.31,0.93,0.39,0.84,0.22
206,0.97,0.28,0.88,0.32,0.94,0.39,0.85,0.23
207,0.96,0.16,0.89,0.33,0.94,0.6,0.85,0.23
208,0.96,0.28,0.89,0.33,0.94,0.39,0.85,0.23
209,0.98,0.28,0.9,0.34,0.95,0.6,0.86,0.24
210,0.98,0.28,0.9,0.34,0.95,0.39,0.86,0.24
211,0.98,0.44,0.9,0.35,0.95,0.6,0.86,0.25
212,0.98,0.44,0.91,0.36,0.96,0.6,0.87,0.25
213,0.98,0.44,0.91,0.36,0.96,0.6,0.87,0.25
214,0.98,0.44,0.91,0.37,0.96,0.6,0.87,0.26
215,0.98,0.56,0.91,0.37,0.96,0.8,0.88,0.26
216,1.0,0.56,0.91,0.37,0.96,0.8,0.88,0.26
217,0.99,0.44,0.92,0.38,0.97,0.8,0.88,0.27
218,0.98,0.56,0.92,0.38,0.97,0.6,0.88,0.27
219,0.98,0.56,0.92,0.39,0.97,0.6,0.88,0.27
220,0.99,0.44,0.92,0.39,0.97,0.39,0.89,0.27
221,0.99,0.44,0.92,0.4,0.97,0.6,0.89,0.28
222,0.99,0.44,0.92,0.4,0.96,0.8,0.89,0.28
223,0.99,0.56,0.93,0.41,0.96,0.6,0.89,0.29
224,0.99,0.44,0.93,0.41,0.97,0.8,0.9,0.29
225,0.99,0.56,0.93,0.41,0.97,0.8,0.9,0.29
226,1.0,0.56,0.93,0.42,0.97,0.8,0.9,0.3
227,1.0,0.56,0.93,0.42,0.97,0.8,0.9,0.3
228,0.99,0.44,0.93,0.43,0.97,0.6,0.9,0.3
229,0.99,0.44,0.93,0.43,0.97,0.6,0.9,0.31
230,0.99,0.44,0.93,0.43,0.97,0.6,0.9,0.31
231,1.0,0.28,0.93,0.44,0.97,0.6,0.9,0.31
232,0.98,0.28,0.93,0.44,0.97,0.6,0.91,0.31
233,0.99,0.28,0.93,0.44,0.97,0.6,0.91,0.32
234,0.99,0.28,0.93,0.45,0.97,0.6,0.91,0.32
235,0.98,0.44,0.94,0.45,0.97,0.6,0.91,0.32
236,0.99,0.44,0.94,0.46,0.97,0.6,0.91,0.32
237,0.98,0.28,0.94,0.46,0.97,0.6,0.91,0.33
238,0.99,0.16,0.94,0.46,0.97,0.39,0.91,0.33
239,1.0,0.44,0.94,0.46,0.97,0.6,0.91,0.33
240,0.99,0.44,0.94,0.47,0.98,0.6,0.92,0.34
241,1.0,0.44,0.94,0.47,0.97,0.6,0.92,0.34
242,1.0,0.44,0.95,0.47,0.98,0.6,0.92,0.34
243,1.0,0.44,0.95,0.48,0.97,0.6,0.92,0.34
244,0.99,0.44,0.95,0.48,0.97,0.6,0.92,0.35
245,0.99,0.28,0.94,0.48,0.97,0.6,0.92,0.35
246,0.99,0.28,0.94,0.48,0.97,0.6,0.92,0.35
247,0.98,0.44,0.95,0.49,0.97,0.6,0.92,0.35
248,0.98,0.44,0.95,0.49,0.97,0.6,0.92,0.35
249,1.0,0.44,0.95,0.49,0.97,0.6,0.92,0.36
250,0.99,0.44,0.95,0.5,0.98,0.6,0.93,0.36
251,0.99,0.44,0.95,0.5,0.97,0.6,0.93,0.36
252,0.99,0.44,0.95,0.5,0.97,0.6,0.93,0.37
253,0.99,0.56,0.95,0.5,0.98,0.8,0.93,0.37
254,0.98,0.56,0.95,0.51,0.98,0.8,0.93,0.37
255,0.98,0.56,0.95,0.51,0.98,0.8,0.93,0.37
256,0.99,0.72,0.95,0.51,0.98,0.8,0.93,0.37
257,0.99,0.56,0.95,0.52,0.98,0.8,0.93,0.38
258,0.99,0.72,0.95,0.52,0.98,0.6,0.93,0.38
259,0.98,0.56,0.95,0.52,0.98,0.8,0.93,0.38
260,0.98,0.56,0.95,0.52,0.98,0.6,0.93,0.39
261,0.98,0.56,0.95,0.53,0.98,0.8,0.93,0.39
262,0.98,0.44,0.95,0.53,0.98,0.6,0.93,0.39
263,0.98,0.56,0.95,0.53,0.97,0.8,0.93,0.39
264,0.98,0.44,0.95,0.53,0.97,0.6,0.93,0.39
265,0.98,0.44,0.95,0.53,0.97,0.39,0.93,0.4
266,0.98,0.44,0.95,0.54,0.97,0.6,0.93,0.4
267,0.98,0.44,0.95,0.54,0.97,0.8,0.94,0.4
268,0.98,0.44,0.95,0.54,0.97,0.6,0.93,0.4
269,0.98,0.44,0.95,0.54,0.97,0.6,0.94,0.41
270,0.98,0.44,0.95,0.55,0.98,0.6,0.94,0.41
271,0.99,0.44,0.95,0.55,0.97,0.6,0.94,0.41
272,0.99,0.44,0.96,0.55,0.97,0.6,0.94,0.41
273,0.99,0.56,0.96,0.55,0.98,0.6,0.94,0.41
274,0.98,0.44,0.96,0.56,0.97,0.6,0.94,0.42
275,0.99,0.44,0.96,0.56,0.98,0.6,0.94,0.42
276,0.99,0.28,0.96,0.56,0.98,0.2,0.94,0.42
277,0.99,0.44,0.96,0.56,0.98,0.6,0.94,0.42
278,0.99,0.44,0.96,0.56,0.98,0.39,0.94,0.42
279,0.99,0.16,0.96,0.56,0.97,0.2,0.94,0.43
280,0.98,0.28,0.96,0.57,0.98,0.6,0.94,0.43
281,0.99,0.16,0.96,0.57,0.97,0.39,0.94,0.43
282,0.98,0.28,0.96,0.57,0.98,0.39,0.94,0.43
283,0.98,0.28,0.96,0.57,0.97,0.39,0.94,0.44
284,0.97,0.28,0.96,0.58,0.97,0.39,0.94,0.44
285,0.98,0.28,0.96,0.58,0.97,0.39,0.94,0.44
286,0.98,0.28,0.96,0.58,0.98,0.39,0.94,0.44
287,0.98,0.28,0.96,0.58,0.97,0.39,0.94,0.45
288,0.99,0.28,0.96,0.58,0.97,0.6,0.94,0.45
289,0.99,0.28,0.96,0.59,0.98,0.39,0.94,0.45
290,0.98,0.28,0.96,0.59,0.98,0.39,0.95,0.45
291,0.99,0.44,0.96,0.59,0.98,0.39,0.94,0.45
292,0.99,0.28,0.96,0.59,0.98,0.6,0.94,0.46
293,0.98,0.44,0.96,0.59,0.97,0.39,0.95,0.46
294,0.98,0.28,0.97,0.6,0.98,0.39,0.95,0.46
295,0.99,0.44,0.96,0.6,0.98,0.39,0.95,0.46
296,0.99,0.44,0.96,0.6,0.98,0.6,0.95,0.46
297,0.98,0.28,0.96,0.6,0.97,0.39,0.95,0.47
298,0.98,0.28,0.96,0.6,0.97,0.39,0.94,0.47
299,0.98,0.28,0.96,0.61,0.97,0.2,0.95,0.47
300,0.98,0.28,0.96,0.61,0.97,0.39,0.95,0.47
301,0.98,0.28,0.96,0.61,0.98,0.39,0.95,0.47
302,0.98,0.28,0.96,0.61,0.98,0.39,0.95,0.48
303,0.98,0.28,0.96,0.61,0.98,0.39,0.95,0.48
304,0.98,0.28,0.97,0.61,0.98,0.2,0.95,0.48
305,0.98,0.16,0.96,0.62,0.97,0.39,0.95,0.48
306,0.98,0.28,0.97,0.62,0.97,0.6,0.95,0.48
307,0.98,0.28,0.97,0.62,0.98,0.39,0.95,0.48
308,0.98,0.44,0.97,0.62,0.98,0.6,0.95,0.49
309,0.98,0.44,0.97,0.62,0.98,0.39,0.95,0.49
310,0.98,0.44,0.97,0.63,0.98,0.6,0.95,0.49
311,0.98,0.44,0.97,0.63,0.98,0.6,0.95,0.49
312,0.99,0.44,0.97,0.63,0.98,0.39,0.96,0.5
313,0.98,0.44,0.97,0.63,0.98,0.6,0.95,0.5
314,0.98,0.44,0.97,0.63,0.98,0.39,0.95,0.5
315,0.99,0.28,0.97,0.63,0.98,0.6,0.95,0.5
316,0.98,0.44,0.97,0.64,0.98,0.39,0.95,0.5
317,0.98,0.16,0.97,0.64,0.98,0.39,0.95,0.5
318,0.98,0.28,0.97,0.64,0.97,0.39,0.95,0.51
319,0.98,0.16,0.97,0.64,0.97,0.39,0.95,0.51
320,0.98,0.16,0.97,0.64,0.97,0.2,0.95,0.51
321,0.98,0.16,0.97,0.64,0.97,0.2,0.95,0.51
322,0.98,0.16,0.97,0.64,0.97,0.2,0.95,0.51
323,0.98,0.16,0.97,0.65,0.97,0.39,0.95,0.52
324,0.98,0.16,0.97,0.65,0.97,0.39,0.95,0.52
325,0.98,0.16,0.97,0.65,0.97,0.39,0.95,0.52
326,0.98,0.0,0.97,0.65,0.97,0.2,0.95,0.52
327,0.98,0.16,0.97,0.65,0.97,0.2,0.95,0.52
328,0.98,0.28,0.97,0.66,0.98,0.2,0.95,0.52
329,0.98,0.28,0.97,0.66,0.98,0.39,0.96,0.53
330,0.98,0.28,0.97,0.66,0.97,0.39,0.96,0.53
331,0.98,0.28,0.97,0.66,0.98,0.39,0.96,0.53
332,0.98,0.44,0.97,0.67,0.98,0.39,0.96,0.54
333,0.98,0.44,0.97,0.67,0.98,0.6,0.96,0.54
334,0.97,0.28,0.97,0.67,0.98,0.39,0.96,0.54
335,0.98,0.44,0.97,0.67,0.98,0.6,0.96,0.54
336,0.98,0.56,0.97,0.68,0.98,0.6,0.96,0.55
337,0.98,0.56,0.98,0.68,0.99,0.6,0.96,0.55
338,0.98,0.72,0.98,0.68,0.98,0.6,0.96,0.55
339,0.98,0.72,0.98,0.68,0.98,0.6,0.96,0.56
340,0.98,0.44,0.98,0.69,0.98,0.39,0.96,0.56
341,0.98,0.56,0.97,0.69,0.98,0.39,0.96,0.57
342,0.98,0.56,0.97,0.69,0.98,0.6,0.96,0.57
343,0.98,0.56,0.97,0.69,0.97,0.6,0.96,0.57
344,0.98,0.44,0.98,0.7,0.98,0.6,0.96,0.58
345,0.98,0.28,0.98,0.7,0.98,0.39,0.96,0.58
346,0.98,0.28,0.98,0.7,0.98,0.6,0.96,0.58
347,0.99,0.56,0.98,0.71,0.98,0.6,0.96,0.59
348,0.99,0.56,0.98,0.71,0.98,0.6,0.97,0.59
349,0.99,0.44,0.98,0.71,0.99,0.6,0.97,0.59
350,0.98,0.44,0.98,0.71,0.98,0.6,0.97,0.59
351,0.99,0.56,0.98,0.71,0.98,0.6,0.97,0.6
352,0.99,0.44,0.98,0.72,0.98,0.6,0.97,0.6
353,0.99,0.56,0.98,0.72,0.98,0.6,0.97,0.6
354,0.98,0.44,0.98,0.72,0.98,0.39,0.97,0.61
355,0.98,0.44,0.98,0.72,0.98,0.39,0.97,0.61
356,0.99,0.44,0.98,0.73,0.98,0.6,0.97,0.61
357,0.99,0.56,0.98,0.73,0.99,0.6,0.97,0.61
358,0.98,0.44,0.98,0.73,0.99,0.6,0.97,0.62
359,0.98,0.56,0.98,0.74,0.99,0.6,0.97,0.62
360,0.98,0.72,0.98,0.74,0.98,0.6,0.97,0.62
361,0.98,0.72,0.98,0.74,0.99,0.8,0.97,0.63
362,0.98,0.88,0.98,0.74,0.99,0.8,0.97,0.63
363,0.99,0.88,0.99,0.74,0.99,1.0,0.98,0.63
364,1.0,0.88,0.99,0.75,0.99,0.8,0.98,0.64
365,1.0,1.0,0.99,0.75,0.99,0.8,0.97,0.64
366,1.0,1.0,0.99,0.75,0.99,1.0,0.98,0.64
367,0.99,1.0,0.99,0.75,0.99,0.8,0.98,0.64
368,1.0,0.88,0.99,0.75,1.0,0.8,0.98,0.64
369,0.99,0.88,0.99,0.75,0.99,0.6,0.98,0.64
370,1.0,0.88,0.99,0.75,0.99,0.8,0.98,0.64
371,1.0,0.88,0.99,0.75,1.0,0.8,0.98,0.64
372,1.0,1.0,0.99,0.75,1.0,0.8,0.98,0.65
373,1.0,0.88,0.99,0.76,0.99,1.0,0.98,0.65
374,1.0,1.0,0.99,0.76,0.99,0.8,0.98,0.65
375,1.0,0.88,0.99,0.76,0.99,0.8,0.98,0.65
376,1.0,0.88,0.99,0.76,0.99,0.8,0.98,0.65
377,1.0,0.72,0.99,0.76,0.99,0.8,0.98,0.66
378,0.99,0.72,0.99,0.76,0.99,0.6,0.98,0.66
379,1.0,0.72,0.99,0.76,0.99,0.8,0.97,0.66
380,1.0,0.72,0.99,0.76,0.99,0.8,0.97,0.66
381,0.99,0.72,0.99,0.77,0.99,0.8,0.97,0.66
382,1.0,0.72,0.99,0.77,0.99,0.8,0.97,0.66
383,0.99,0.72,0.99,0.77,0.99,0.8,0.98,0.66
384,1.0,0.72,0.99,0.77,0.99,0.6,0.98,0.66
385,0.99,0.72,0.99,0.77,0.99,1.0,0.97,0.66
386,0.99,0.72,0.99,0.77,0.99,0.6,0.98,0.67
387,0.99,0.44,0.98,0.77,0.98,0.6,0.97,0.67
388,0.98,0.56,0.98,0.77,0.98,0.6,0.97,0.67
389,0.98,0.56,0.98,0.77,0.98,0.6,0.97,0.67
390,0.98,0.44,0.98,0.77,0.98,0.6,0.97,0.67
391,0.98,0.56,0.98,0.77,0.98,0.6,0.97,0.67
392,0.98,0.56,0.98,0.78,0.98,0.39,0.98,0.67
393,0.98,0.56,0.98,0.78,0.98,0.6,0.97,0.68
394,0.98,0.56,0.98,0.78,0.98,0.6,0.97,0.68
395,0.98,0.44,0.98,0.78,0.98,0.6,0.97,0.68
396,0.98,0.56,0.98,0.78,0.98,0.6,0.97,0.68
397,0.96,0.28,0.98,0.78,0.97,0.39,0.97,0.68
398,0.97,0.44,0.98,0.78,0.97,0.2,0.97,0.68
399,0.95,0.16,0.97,0.78,0.97,0.39,0.97,0.68
400,0.97,0.16,0.97,0.78,0.96,0.2,0.97,0.68
401,0.95,0.28,0.97,0.78,0.97,0.39,0.97,0.68
402,0.96,0.16,0.97,0.78,0.97,0.2,0.97,0.69
403,0.96,0.16,0.97,0.79,0.97,0.2,0.97,0.69
404,0.96,0.28,0.97,0.79,0.97,0.2,0.97,0.69
405,0.95,0.16,0.97,0.79,0.96,0.2,0.97,0.69
406,0.95,0.16,0.98,0.79,0.96,0.2,0.97,0.69
407,0.97,0.16,0.98,0.79,0.97,0.2,0.97,0.69
408,0.97,0.28,0.98,0.79,0.97,0.39,0.97,0.7
409,0.97,0.28,0.98,0.79,0.97,0.39,0.97,0.7
410,0.98,0.28,0.98,0.79,0.97,0.6,0.97,0.7
411,0.98,0.28,0.98,0.79,0.97,0.39,0.97,0.7
412,0.98,0.28,0.98,0.79,0.97,0.2,0.97,0.7
413,0.98,0.28,0.98,0.79,0.98,0.39,0.97,0.7
414,0.97,0.16,0.98,0.8,0.98,0.39,0.97,0.7
415,0.98,0.28,0.98,0.8,0.97,0.39,0.97,0.7
416,0.98,0.16,0.98,0.8,0.98,0.2,0.97,0.71
417,0.98,0.16,0.98,0.8,0.98,0.2,0.97,0.71
418,0.98,0.28,0.98,0.8,0.98,0.39,0.97,0.71
419,0.98,0.28,0.98,0.8,0.98,0.39,0.97,0.71
420,0.99,0.44,0.99,0.8,0.98,0.39,0.97,0.71
421,0.98,0.44,0.99,0.8,0.98,0.39,0.97,0.71
422,0.98,0.44,0.99,0.8,0.98,0.39,0.98,0.71
423,0.98,0.44,0.99,0.81,0.99,0.39,0.98,0.72
424,0.98,0.44,0.99,0.81,0.99,0.39,0.98,0.72
425,0.98,0.44,0.99,0.81,0.98,0.6,0.98,0.72
426,0.99,0.56,0.99,0.81,0.99,0.6,0.98,0.72
427,0.99,0.56,0.99,0.81,0.99,0.6,0.98,0.72
428,0.99,0.44,0.99,0.81,0.99,0.6,0.98,0.72
429,0.99,0.56,0.99,0.81,0.99,0.6,0.98,0.73
430,0.99,0.56,0.99,0.81,0.99,0.6,0.98,0.73
431,0.99,0.56,0.99,0.82,0.99,0.6,0.98,0.73
432,0.99,0.28,0.99,0.82,0.99,0.39,0.98,0.73
433,1.0,0.56,1.0,0.82,0.99,0.6,0.98,0.73
434,0.99,0.44,0.99,0.82,1.0,0.6,0.98,0.73
435,0.99,0.28,0.99,0.82,0.99,0.39,0.98,0.73
436,0.99,0.44,0.99,0.82,0.99,0.39,0.98,0.73
437,0.99,0.44,0.99,0.82,0.99,0.6,0.98,0.74
438,0.99,0.56,0.99,0.82,0.99,0.6,0.98,0.74
439,0.98,0.56,0.99,0.82,0.99,0.6,0.98,0.74
440,0.98,0.56,0.99,0.82,0.99,0.6,0.99,0.74
441,0.98,0.44,0.99,0.82,0.99,0.39,0.98,0.74
442,0.98,0.44,0.99,0.82,0.98,0.39,0.98,0.74
443,0.98,0.44,0.99,0.82,0.98,0.39,0.98,0.74
444,0.98,0.28,0.99,0.83,0.98,0.2,0.98,0.74
445,0.98,0.28,0.99,0.83,0.98,0.39,0.98,0.74
446,0.97,0.28,0.99,0.83,0.98,0.6,0.98,0.75
447,0.98,0.44,0.99,0.83,0.98,0.2,0.98,0.75
448,0.97,0.44,0.99,0.83,0.98,0.39,0.98,0.75
449,0.98,0.44,0.99,0.83,0.98,0.39,0.98,0.75
450,0.98,0.44,0.99,0.83,0.98,0.6,0.98,0.75
451,0.98,0.28,0.99,0.83,0.98,0.6,0.98,0.75
452,0.98,0.56,0.99,0.83,0.99,0.6,0.98,0.75
453,0.99,0.56,0.99,0.83,0.99,0.6,0.98,0.75
454,0.98,0.56,0.99,0.84,0.99,0.6,0.98,0.75
455,0.98,0.56,0.99,0.84,0.99,0.6,0.98,0.75
456,0.99,0.72,0.99,0.84,0.99,0.8,0.99,0.76
457,0.99,0.72,1.0,0.84,0.99,0.6,0.99,0.76
458,0.99,0.72,1.0,0.84,0.99,0.8,0.99,0.76
459,0.98,0.72,1.0,0.84,0.99,0.8,0.98,0.76
460,0.98,0.72,0.99,0.84,0.99,0.6,0.99,0.76
461,0.99,0.56,0.99,0.84,0.99,0.6,0.98,0.76
462,0.99,0.72,0.99,0.84,0.99,0.8,0.99,0.76
463,0.99,0.72,0.99,0.84,0.99,0.6,0.98,0.77
464,0.99,0.72,0.99,0.84,0.99,0.6,0.98,0.77
465,0.98,0.72,0.99,0.84,0.99,0.8,0.99,0.77
466,0.99,0.72,0.99,0.84,0.99,0.6,0.99,0.77
467,0.98,0.72,1.0,0.85,0.99,0.6,0.99,0.77
468,0.99,0.56,0.99,0.85,0.99,0.8,0.99,0.77
469,0.99,0.56,0.99,0.85,0.99,0.39,0.98,0.77
470,0.98,0.44,0.99,0.85,0.98,0.6,0.98,0.77
471,0.98,0.56,0.99,0.85,0.99,0.39,0.98,0.77
472,0.98,0.44,0.99,0.85,0.99,0.6,0.98,0.78
473,0.98,0.28,0.99,0.85,0.98,0.39,0.98,0.78
474,0.98,0.28,0.99,0.85,0.98,0.39,0.98,0.78
475,0.98,0.28,0.99,0.85,0.97,0.39,0.98,0.78
476,0.98,0.44,0.99,0.85,0.98,0.39,0.98,0.78
477,0.98,0.56,0.99,0.85,0.98,0.39,0.98,0.78
478,0.98,0.44,0.99,0.85,0.98,0.39,0.98,0.78
479,0.98,0.44,0.99,0.85,0.97,0.39,0.98,0.78
480,0.97,0.28,0.99,0.85,0.97,0.2,0.98,0.78
481,0.97,0.44,0.99,0.85,0.97,0.39,0.98,0.78
482,0.98,0.28,0.99,0.86,0.98,0.39,0.98,0.79
483,0.97,0.28,0.99,0.86,0.97,0.2,0.98,0.79
484,0.96,0.28,0.99,0.86,0.98,0.39,0.98,0.79
485,0.97,0.28,0.99,0.86,0.97,0.39,0.98,0.79
486,0.97,0.44,0.99,0.86,0.97,0.39,0.98,0.79
487,0.97,0.44,0.99,0.86,0.97,0.2,0.98,0.79
488,0.97,0.44,0.99,0.86,0.98,0.39,0.98,0.79
489,0.98,0.44,0.99,0.86,0.98,0.39,0.98,0.8
490,0.98,0.44,0.99,0.86,0.98,0.6,0.98,0.8
491,0.98,0.56,0.99,0.86,0.98,0.39,0.98,0.8
492,0.97,0.56,0.99,0.86,0.97,0.39,0.98,0.8
493,0.98,0.56,0.99,0.87,0.98,0.6,0.98,0.8
494,0.97,0.44,0.99,0.87,0.98,0.6,0.98,0.8
495,0.98,0.56,0.99,0.87,0.98,0.6,0.98,0.8
496,0.98,0.44,0.99,0.87,0.98,0.39,0.98,0.8
497,0.97,0.44,0.99,0.87,0.98,0.39,0.98,0.8
498,0.97,0.28,0.99,0.87,0.98,0.39,0.98,0.8
499,0.96,0.16,0.98,0.87,0.97,0.39,0.98,0.81
500,0.97,0.16,0.98,0.87,0.97,0.39,0.98,0.81
501,0.97,0.28,0.98,0.87,0.97,0.2,0.98,0.81
502,0.96,0.28,0.98,0.87,0.97,0.39,0.98,0.81
503,0.97,0.28,0.98,0.87,0.97,0.2,0.98,0.81
504,0.97,0.16,0.99,0.87,0.97,0.39,0.98,0.81
505,0.97,0.16,0.98,0.87,0.97,0.2,0.98,0.81
506,0.96,0.28,0.99,0.87,0.97,0.39,0.98,0.81
507,0.98,0.16,0.99,0.87,0.97,0.2,0.98,0.81
508,0.97,0.28,0.99,0.87,0.98,0.39,0.98,0.82
509,0.98,0.44,0.99,0.88,0.98,0.6,0.98,0.82
510,0.98,0.44,0.99,0.88,0.98,0.2,0.98,0.82
511,0.98,0.44,0.99,0.88,0.98,0.6,0.98,0.82
512,0.98,0.28,0.99,0.88,0.98,0.39,0.98,0.82
513,0.98,0.44,0.99,0.88,0.98,0.39,0.98,0.82
514,0.98,0.44,0.99,0.88,0.98,0.39,0.98,0.82
515,0.98,0.44,0.99,0.88,0.98,0.39,0.99,0.82
516,0.98,0.44,0.99,0.88,0.99,0.6,0.98,0.83
517,0.99,0.56,0.99,0.88,0.99,0.6,0.99,0.83
518,0.98,0.56,0.99,0.89,0.98,0.6,0.99,0.83
519,0.98,0.56,0.99,0.89,0.98,0.6,0.99,0.83
520,0.98,0.56,0.99,0.89,0.99,0.6,0.98,0.83
521,0.98,0.72,1.0,0.89,0.99,0.6,0.99,0.83
522,0.99,0.44,1.0,0.89,0.99,0.6,0.99,0.83
523,1.0,0.56,1.0,0.89,0.99,0.6,0.99,0.83
524,0.99,0.56,1.0,0.89,0.99,0.6,0.99,0.83
525,0.98,0.56,1.0,0.89,0.99,0.6,0.99,0.84
526,0.99,0.56,1.0,0.89,0.99,0.6,0.99,0.84
527,1.0,0.56,1.0,0.89,0.99,0.6,0.99,0.84
528,0.99,0.56,1.0,0.89,0.99,0.6,0.99,0.84
529,0.99,0.56,1.0,0.89,0.99,0.6,0.99,0.84
530,0.99,0.72,1.0,0.89,0.99,0.6,0.99,0.84
531,0.99,0.56,1.0,0.89,0.99,0.39,0.99,0.84
532,0.99,0.56,1.0,0.9,0.99,0.6,0.99,0.84
533,1.0,0.72,1.0,0.9,1.0,0.8,0.99,0.84
534,1.0,0.72,1.0,0.9,0.99,0.6,0.99,0.84
535,0.99,0.72,1.0,0.9,0.99,0.8,0.99,0.85
536,0.99,0.56,1.0,0.9,0.99,1.0,0.99,0.85
537,1.0,0.72,1.0,0.9,0.99,0.6,0.99,0.85
538,0.99,0.72,1.0,0.9,0.99,0.8,0.99,0.85
539,0.99,0.72,1.0,0.9,0.99,0.8,0.99,0.85
540,0.99,0.72,1.0,0.9,0.99,0.6,0.99,0.85
541,0.99,0.56,1.0,0.9,0.99,0.6,0.99,0.85
542,0.99,0.72,1.0,0.9,0.99,0.6,0.99,0.85
543,0.98,0.72,1.0,0.9,0.99,0.6,0.99,0.85
544,0.99,0.72,1.0,0.91,0.99,0.8,0.99,0.86
545,0.99,0.88,1.0,0.9,0.99,0.6,0.99,0.86
546,0.99,0.88,1.0,0.91,0.99,0.8,0.99,0.86
547,0.99,0.88,1.0,0.91,0.99,1.0,0.99,0.86
548,0.99,0.72,1.0,0.91,0.99,0.8,0.99,0.86
549,0.99,0.88,1.0,0.91,0.99,0.6,0.99,0.86
550,0.99,1.0,1.0,0.91,0.99,0.8,0.99,0.86
551,0.99,1.0,1.0,0.91,1.0,0.8,0.99,0.86
552,0.98,1.0,1.0,0.91,0.99,0.8,0.99,0.86
553,0.99,0.88,1.0,0.91,0.99,1.0,0.99,0.87
554,0.98,0.88,1.0,0.91,0.99,0.8,0.99,0.87
555,0.99,0.88,1.0,0.91,0.99,0.8,0.99,0.87
556,0.98,0.88,1.0,0.91,0.99,0.8,0.99,0.87
557,0.98,0.72,1.0,0.91,0.98,0.6,0.99,0.87
558,0.98,0.72,1.0,0.91,0.98,0.6,0.99,0.87
559,0.98,0.72,0.99,0.91,0.98,0.8,0.99,0.87
560,0.98,0.72,0.99,0.91,0.98,0.6,0.99,0.87
561,0.98,0.72,0.99,0.91,0.98,0.8,0.99,0.87
562,0.98,0.72,0.99,0.91,0.98,0.6,0.99,0.87
563,0.98,0.72,1.0,0.91,0.98,0.6,0.99,0.87
564,0.98,0.72,0.99,0.91,0.98,0.39,0.99,0.87
565,0.98,0.56,0.99,0.91,0.98,0.6,0.99,0.88
