0,0.98,0.35,0.98,0.89,0.98,0.19,0.99,0.86
1,0.97,0.35,0.99,0.89,0.98,0.19,0.99,0.86
2,0.98,0.35,0.99,0.89,0.98,0.26,0.99,0.86
3,0.97,0.35,0.99,0.89,0.98,0.26,0.99,0.86
4,0.98,0.35,0.99,0.89,0.99,0.19,0.99,0.86
5,0.97,0.28,0.98,0.89,0.96,0.19,0.99,0.87
6,0.97,0.28,0.98,0.89,0.98,0.19,0.99,0.87
7,0.97,0.21,0.98,0.89,0.98,0.13,0.98,0.87
8,0.96,0.21,0.98,0.89,0.96,0.19,0.99,0.87
9,0.96,0.14,0.98,0.9,0.96,0.13,0.99,0.87
10,0.96,0.21,0.98,0.9,0.96,0.19,0.98,0.87
11,0.96,0.28,0.98,0.9,0.96,0.19,0.99,0.87
12,0.95,0.21,0.98,0.9,0.96,0.19,0.98,0.87
13,0.95,0.35,0.98,0.9,0.96,0.19,0.98,0.88
14,0.96,0.28,0.98,0.9,0.96,0.26,0.99,0.88
15,0.96,0.35,0.98,0.9,0.98,0.19,0.99,0.88
16,0.97,0.35,0.98,0.9,0.96,0.19,0.99,0.88
17,0.96,0.35,0.98,0.9,0.98,0.19,0.99,0.88
18,0.96,0.35,0.98,0.9,0.96,0.26,0.99,0.88
19,0.96,0.28,0.98,0.9,0.98,0.19,0.99,0.88
20,0.96,0.28,0.98,0.9,0.96,0.26,0.99,0.88
21,0.95,0.28,0.98,0.91,0.98,0.19,0.99,0.88
22,0.96,0.28,0.98,0.91,0.96,0.19,0.99,0.89
23,0.96,0.28,0.98,0.91,0.96,0.19,0.99,0.89
24,0.97,0.28,0.98,0.91,0.96,0.19,0.99,0.89
25,0.97,0.28,0.98,0.91,0.96,0.19,0.99,0.89
26,0.97,0.28,0.98,0.91,0.96,0.19,0.99,0.89
27,0.96,0.35,0.98,0.91,0.98,0.19,0.99,0.89
28,0.97,0.35,0.98,0.91,0.96,0.26,0.99,0.89
29,0.97,0.35,0.99,0.91,0.98,0.26,0.99,0.89
30,0.98,0.42,0.99,0.91,0.98,0.33,0.99,0.9
31,0.98,0.42,0.99,0.91,0.98,0.33,0.99,0.9
32,0.97,0.42,0.99,0.91,0.98,0.33,0.99,0.9
33,0.97,0.42,0.99,0.91,0.98,0.26,0.99,0.9
34,0.97,0.42,0.99,0.92,0.98,0.33,0.99,0.9
35,0.97,0.42,0.99,0.92,0.98,0.26,0.99,0.9
36,0.98,0.42,0.99,0.92,0.98,0.33,0.99,0.9
37,0.96,0.35,0.99,0.92,0.98,0.26,0.99,0.9
38,0.96,0.35,0.98,0.92,0.96,0.26,0.99,0.91
39,0.96,0.35,0.98,0.92,0.98,0.33,0.99,0.91
40,0.97,0.35,0.99,0.92,0.98,0.26,0.99,0.91
41,0.97,0.35,0.98,0.92,0.98,0.33,0.99,0.91
42,0.97,0.42,0.99,0.92,0.98,0.33,0.99,0.91
43,0.96,0.49,0.99,0.92,0.98,0.33,0.99,0.91
44,0.98,0.42,0.99,0.92,0.98,0.33,0.99,0.91
45,0.97,0.49,0.99,0.93,0.98,0.33,0.99,0.91
46,0.98,0.49,0.99,0.93,0.98,0.33,0.99,0.92
47,0.97,0.49,0.99,0.93,0.98,0.39,0.99,0.92
48,0.98,0.49,0.99,0.93,0.98,0.39,0.99,0.92
49,0.99,0.49,0.99,0.93,0.99,0.33,0.99,0.92
50,0.99,0.49,1.0,0.93,0.99,0.33,0.99,0.92
51,0.99,0.42,1.0,0.93,0.99,0.33,1.0,0.92
52,1.0,0.42,1.0,0.93,1.0,0.33,0.99,0.92
53,0.98,0.35,0.98,0.92,0.99,0.33,0.93,0.9
54,0.85,0.35,0.79,0.84,0.85,0.26,0.6,0.8
55,0.78,0.35,0.63,0.78,0.76,0.33,0.45,0.74
56,0.68,0.35,0.42,0.67,0.63,0.33,0.3,0.63
57,0.57,0.35,0.28,0.56,0.52,0.26,0.21,0.51
58,0.49,0.28,0.2,0.47,0.43,0.26,0.16,0.43
59,0.45,0.35,0.18,0.43,0.39,0.26,0.14,0.39
60,0.39,0.28,0.14,0.37,0.33,0.19,0.11,0.34
61,0.32,0.28,0.11,0.32,0.28,0.26,0.09,0.29
62,0.29,0.28,0.1,0.28,0.25,0.26,0.08,0.26
63,0.26,0.35,0.08,0.26,0.22,0.26,0.07,0.23
64,0.22,0.35,0.07,0.22,0.19,0.19,0.06,0.21
65,0.2,0.35,0.06,0.2,0.17,0.19,0.05,0.18
66,0.17,0.28,0.05,0.18,0.15,0.19,0.05,0.17
67,0.16,0.28,0.05,0.17,0.14,0.19,0.04,0.16
68,0.15,0.35,0.05,0.16,0.13,0.13,0.04,0.15
69,0.13,0.35,0.04,0.14,0.11,0.19,0.03,0.13
70,0.12,0.28,0.03,0.14,0.11,0.19,0.03,0.13
71,0.11,0.28,0.03,0.13,0.09,0.19,0.03,0.12
72,0.11,0.28,0.03,0.12,0.09,0.13,0.03,0.11
73,0.08,0.28,0.02,0.11,0.07,0.13,0.02,0.1
74,0.08,0.21,0.02,0.1,0.07,0.13,0.02,0.1
75,0.07,0.21,0.02,0.09,0.06,0.13,0.02,0.09
76,0.06,0.21,0.02,0.09,0.07,0.13,0.02,0.09
77,0.06,0.21,0.02,0.08,0.05,0.13,0.02,0.08
78,0.06,0.21,0.02,0.08,0.05,0.13,0.02,0.08
79,0.04,0.21,0.02,0.08,0.05,0.06,0.02,0.07
80,0.05,0.28,0.01,0.07,0.04,0.06,0.01,0.07
81,0.04,0.21,0.01,0.07,0.04,0.13,0.01,0.06
82,0.05,0.28,0.01,0.06,0.04,0.06,0.01,0.06
83,0.04,0.28,0.01,0.06,0.04,0.13,0.01,0.06
84,0.05,0.21,0.01,0.06,0.04,0.06,0.01,0.05
85,0.04,0.21,0.01,0.06,0.04,0.06,0.01,0.05
86,0.04,0.28,0.01,0.05,0.03,0.06,0.01,0.05
87,0.05,0.28,0.01,0.05,0.04,0.13,0.01,0.05
88,0.04,0.28,0.01,0.05,0.04,0.13,0.01,0.05
89,0.04,0.28,0.01,0.05,0.03,0.13,0.01,0.05
90,0.04,0.28,0.01,0.04,0.03,0.06,0.01,0.04
91,0.05,0.28,0.01,0.04,0.03,0.13,0.01,0.04
92,0.04,0.28,0.01,0.04,0.03,0.06,0.01,0.04
93,0.04,0.28,0.01,0.04,0.03,0.13,0.01,0.04
94,0.04,0.28,0.01,0.04,0.03,0.06,0.01,0.04
95,0.03,0.28,0.01,0.03,0.03,0.06,0.01,0.04
96,0.03,0.28,0.01,0.03,0.03,0.13,0.01,0.03
97,0.03,0.21,0.01,0.03,0.03,0.06,0.01,0.03
98,0.03,0.28,0.01,0.03,0.03,0.13,0.01,0.03
99,0.03,0.28,0.01,0.03,0.03,0.06,0.01,0.03
100,0.04,0.28,0.01,0.03,0.02,0.13,0.01,0.03
101,0.03,0.28,0.01,0.03,0.02,0.13,0.01,0.03
102,0.04,0.21,0.01,0.03,0.02,0.13,0.0,0.03
103,0.03,0.28,0.01,0.03,0.02,0.13,0.0,0.03
104,0.03,0.35,0.01,0.02,0.03,0.19,0.0,0.02
105,0.03,0.35,0.01,0.02,0.02,0.06,0.0,0.02
106,0.02,0.28,0.01,0.02,0.02,0.13,0.0,0.02
107,0.03,0.28,0.0,0.02,0.02,0.13,0.0,0.02
108,0.02,0.28,0.01,0.02,0.02,0.13,0.0,0.02
109,0.02,0.35,0.0,0.02,0.02,0.19,0.0,0.02
110,0.02,0.28,0.0,0.02,0.02,0.13,0.0,0.02
111,0.02,0.28,0.0,0.02,0.02,0.13,0.0,0.02
112,0.03,0.28,0.0,0.02,0.01,0.13,0.0,0.02
113,0.03,0.28,0.0,0.02,0.01,0.06,0.0,0.02
114,0.02,0.28,0.0,0.02,0.01,0.13,0.0,0.02
115,0.01,0.21,0.0,0.02,0.01,0.13,0.0,0.02
116,0.03,0.28,0.0,0.01,0.01,0.13,0.0,0.02
117,0.01,0.35,0.0,0.01,0.02,0.19,0.0,0.01
118,0.03,0.35,0.0,0.01,0.02,0.19,0.0,0.01
119,0.03,0.35,0.0,0.01,0.01,0.13,0.0,0.01
120,0.03,0.28,0.0,0.01,0.02,0.13,0.0,0.01
121,0.03,0.28,0.0,0.01,0.01,0.13,0.0,0.01
122,0.02,0.28,0.0,0.01,0.01,0.13,0.0,0.01
123,0.02,0.28,0.0,0.01,0.01,0.13,0.0,0.01
124,0.01,0.21,0.0,0.01,0.01,0.06,0.0,0.01
125,0.01,0.14,0.0,0.01,0.01,0.06,0.0,0.01
126,0.01,0.14,0.0,0.01,0.0,0.06,0.0,0.01
127,0.01,0.14,0.0,0.01,0.01,0.0,0.0,0.01
128,0.01,0.07,0.0,0.01,0.01,0.06,0.0,0.01
129,0.01,0.14,0.0,0.01,0.01,0.06,0.0,0.01
130,0.0,0.07,0.0,0.01,0.01,0.06,0.0,0.01
131,0.01,0.14,0.0,0.01,0.01,0.06,0.0,0.01
132,0.01,0.21,0.0,0.01,0.01,0.06,0.0,0.01
133,0.01,0.14,0.0,0.01,0.01,0.06,0.0,0.01
134,0.01,0.14,0.0,0.01,0.01,0.06,0.0,0.01
135,0.01,0.14,0.0,0.0,0.01,0.06,0.0,0.0
136,0.01,0.21,0.0,0.0,0.01,0.06,0.0,0.0
137,0.01,0.21,0.0,0.0,0.01,0.06,0.0,0.0
138,0.01,0.14,0.0,0.0,0.01,0.06,0.0,0.0
139,0.01,0.14,0.0,0.0,0.01,0.06,0.0,0.0
140,0.01,0.14,0.0,0.0,0.01,0.06,0.0,0.0
141,0.01,0.14,0.0,0.0,0.01,0.06,0.0,0.0
142,0.01,0.14,0.0,0.0,0.01,0.06,0.0,0.0
143,0.01,0.07,0.0,0.0,0.01,0.0,0.0,0.0
144,0.01,0.07,0.0,0.0,0.01,0.06,0.0,0.0
145,0.01,0.07,0.0,0.0,0.01,0.06,0.0,0.0
146,0.01,0.14,0.0,0.0,0.01,0.06,0.0,0.0
147,0.01,0.07,0.0,0.0,0.01,0.06,0.0,0.0
148,0.01,0.07,0.0,0.0,0.01,0.06,0.0,0.0
149,0.01,0.07,0.01,0.0,0.02,0.06,0.01,0.0
150,0.04,0.07,0.02,0.0,0.05,0.06,0.03,0.0
151,0.07,0.07,0.03,0.0,0.08,0.06,0.04,0.0
152,0.14,0.07,0.07,0.0,0.14,0.06,0.07,0.01
153,0.15,0.07,0.08,0.0,0.17,0.06,0.08,0.01
154,0.23,0.07,0.13,0.01,0.24,0.06,0.12,0.01
155,0.28,0.07,0.16,0.01,0.28,0.06,0.14,0.02
156,0.33,0.0,0.2,0.02,0.33,0.13,0.17,0.02
157,0.38,0.07,0.22,0.02,0.36,0.06,0.19,0.02
158,0.44,0.07,0.27,0.03,0.42,0.13,0.23,0.03
159,0.49,0.07,0.31,0.03,0.47,0.13,0.26,0.04
160,0.52,0.07,0.34,0.04,0.5,0.06,0.29,0.04
161,0.59,0.07,0.39,0.04,0.55,0.13,0.33,0.05
162,0.61,0.07,0.41,0.05,0.58,0.13,0.35,0.05
163,0.61,0.07,0.42,0.05,0.59,0.13,0.36,0.06
164,0.67,0.07,0.47,0.06,0.63,0.13,0.4,0.07
165,0.7,0.07,0.5,0.07,0.66,0.13,0.43,0.07
166,0.72,0.07,0.53,0.08,0.69,0.13,0.46,0.08
167,0.75,0.07,0.56,0.09,0.71,0.13,0.48,0.09
168,0.76,0.07,0.58,0.1,0.72,0.19,0.51,0.1
169,0.78,0.07,0.6,0.1,0.75,0.13,0.53,0.1
170,0.79,0.07,0.61,0.11,0.75,0.13,0.54,0.11
171,0.8,0.0,0.63,0.12,0.77,0.13,0.56,0.12
172,0.81,0.07,0.64,0.12,0.78,0.19,0.57,0.12
173,0.83,0.0,0.68,0.14,0.8,0.19,0.61,0.13
174,0.83,0.0,0.69,0.15,0.81,0.13,0.62,0.14
175,0.85,0.0,0.7,0.15,0.82,0.26,0.64,0.15
176,0.86,0.07,0.71,0.16,0.82,0.13,0.64,0.15
177,0.87,0.07,0.73,0.17,0.84,0.19,0.67,0.16
178,0.87,0.07,0.74,0.18,0.84,0.19,0.67,0.16
179,0.88,0.14,0.75,0.19,0.86,0.19,0.69,0.17
180,0.89,0.14,0.76,0.2,0.86,0.19,0.71,0.18
181,0.88,0.14,0.77,0.21,0.87,0.19,0.71,0.19
182,0.89,0.14,0.78,0.21,0.87,0.26,0.72,0.19
183,0.89,0.07,0.79,0.22,0.87,0.19,0.73,0.2
184,0.91,0.14,0.8,0.23,0.89,0.26,0.74,0.21
185,0.9,0.14,0.81,0.24,0.89,0.26,0.75,0.21
186,0.91,0.21,0.81,0.25,0.9,0.33,0.76,0.22
187,0.91,0.28,0.82,0.25,0.9,0.33,0.76,0.22
188,0.92,0.21,0.83,0.27,0.91,0.33,0.77,0.23
189,0.92,0.21,0.83,0.27,0.91,0.33,0.78,0.23
190,0.93,0.21,0.83,0.28,0.91,0.33,0.78,0.24
191,0.92,0.21,0.84,0.29,0.92,0.33,0.79,0.25
192,0.93,0.28,0.85,0.3,0.92,0.39,0.8,0.26
193,0.93,0.28,0.85,0.31,0.92,0.33,0.81,0.26
194,0.93,0.28,0.85,0.31,0.92,0.33,0.81,0.26
195,0.92,0.28,0.85,0.32,0.92,0.33,0.81,0.27
196,0.93,0.21,0.86,0.33,0.92,0.39,0.82,0.28
197,0.93,0.21,0.86,0.33,0.92,0.33,0.82,0.28
198,0.93,0.28,0.86,0.34,0.92,0.33,0.83,0.28
199,0.93,0.21,0.87,0.35,0.93,0.33,0.83,0.29
200,0.92,0.28,0.87,0.36,0.92,0.39,0.84,0.3
201,0.92,0.21,0.87,0.36,0.93,0.39,0.84,0.3
202,0.92,0.28,0.87,0.37,0.93,0.33,0.84,0.3
203,0.93,0.28,0.88,0.38,0.93,0.39,0.84,0.31
204,0.93,0.21,0.88,0.39,0.93,0.39,0.85,0.32
205,0.93,0.28,0.88,0.39,0.93,0.39,0.85,0.32
206,0.94,0.28,0.88,0.4,0.93,0.39,0.85,0.32
207,0.93,0.21,0.88,0.4,0.93,0.33,0.86,0.33
208,0.93,0.21,0.89,0.41,0.93,0.39,0.86,0.33
209,0.93,0.21,0.89,0.41,0.93,0.33,0.86,0.34
210,0.93,0.21,0.89,0.42,0.93,0.33,0.86,0.34
211,0.94,0.21,0.89,0.43,0.93,0.33,0.87,0.35
212,0.93,0.21,0.89,0.43,0.93,0.33,0.87,0.35
213,0.94,0.28,0.9,0.44,0.94,0.39,0.87,0.35
214,0.95,0.28,0.9,0.44,0.94,0.39,0.87,0.36
215,0.94,0.28,0.9,0.45,0.94,0.39,0.88,0.36
216,0.95,0.28,0.9,0.45,0.95,0.46,0.88,0.37
217,0.94,0.28,0.91,0.45,0.95,0.39,0.88,0.37
218,0.95,0.28,0.9,0.46,0.94,0.39,0.88,0.37
219,0.94,0.28,0.91,0.46,0.94,0.39,0.88,0.38
220,0.94,0.28,0.91,0.47,0.94,0.39,0.88,0.38
221,0.95,0.28,0.91,0.47,0.94,0.39,0.89,0.38
222,0.95,0.28,0.91,0.48,0.95,0.39,0.89,0.39
223,0.94,0.28,0.91,0.48,0.94,0.39,0.89,0.39
224,0.95,0.28,0.91,0.48,0.94,0.39,0.89,0.39
225,0.95,0.28,0.91,0.49,0.95,0.39,0.89,0.4
226,0.95,0.28,0.91,0.49,0.95,0.39,0.89,0.4
227,0.95,0.28,0.92,0.5,0.95,0.39,0.9,0.4
228,0.94,0.28,0.92,0.5,0.95,0.46,0.9,0.41
229,0.95,0.28,0.92,0.5,0.95,0.46,0.9,0.41
230,0.94,0.35,0.92,0.51,0.95,0.39,0.89,0.41
231,0.95,0.28,0.92,0.51,0.95,0.39,0.9,0.42
232,0.94,0.28,0.92,0.52,0.94,0.39,0.9,0.42
233,0.93,0.28,0.92,0.52,0.94,0.33,0.9,0.42
234,0.93,0.28,0.92,0.52,0.94,0.39,0.9,0.43
235,0.93,0.28,0.92,0.53,0.94,0.39,0.9,0.43
236,0.94,0.28,0.92,0.53,0.95,0.39,0.91,0.43
237,0.95,0.28,0.92,0.53,0.94,0.39,0.91,0.44
238,0.94,0.28,0.92,0.53,0.95,0.33,0.91,0.44
239,0.92,0.21,0.92,0.54,0.94,0.39,0.91,0.44
240,0.93,0.21,0.92,0.54,0.94,0.39,0.91,0.45
241,0.94,0.28,0.92,0.54,0.94,0.39,0.91,0.45
242,0.93,0.28,0.92,0.55,0.95,0.46,0.91,0.45
243,0.93,0.28,0.92,0.55,0.94,0.39,0.91,0.45
244,0.93,0.28,0.92,0.56,0.95,0.46,0.91,0.46
245,0.94,0.35,0.92,0.56,0.94,0.46,0.91,0.46
246,0.94,0.35,0.93,0.56,0.95,0.46,0.91,0.46
247,0.94,0.28,0.93,0.56,0.95,0.46,0.91,0.47
248,0.94,0.35,0.93,0.57,0.95,0.39,0.92,0.47
249,0.95,0.28,0.93,0.57,0.95,0.46,0.91,0.47
250,0.95,0.28,0.93,0.57,0.95,0.46,0.92,0.47
251,0.96,0.35,0.93,0.58,0.95,0.46,0.92,0.48
252,0.95,0.35,0.93,0.58,0.95,0.46,0.92,0.48
253,0.95,0.35,0.93,0.58,0.95,0.46,0.92,0.48
254,0.94,0.35,0.93,0.58,0.95,0.46,0.92,0.49
255,0.96,0.42,0.93,0.59,0.95,0.53,0.92,0.49
256,0.96,0.42,0.94,0.59,0.95,0.46,0.92,0.49
257,0.96,0.35,0.94,0.59,0.95,0.53,0.92,0.5
258,0.96,0.42,0.94,0.59,0.95,0.46,0.93,0.5
259,0.97,0.42,0.94,0.6,0.95,0.53,0.93,0.5
260,0.96,0.42,0.94,0.6,0.96,0.53,0.93,0.5
261,0.97,0.42,0.94,0.6,0.96,0.53,0.93,0.5
262,0.96,0.49,0.94,0.6,0.96,0.46,0.93,0.51
263,0.96,0.42,0.94,0.61,0.96,0.53,0.93,0.51
264,0.97,0.49,0.94,0.61,0.96,0.53,0.93,0.51
265,0.96,0.42,0.94,0.61,0.95,0.53,0.93,0.52
266,0.95,0.35,0.94,0.61,0.95,0.53,0.93,0.52
267,0.94,0.42,0.94,0.62,0.95,0.53,0.93,0.52
268,0.95,0.42,0.94,0.62,0.95,0.53,0.93,0.52
269,0.95,0.42,0.94,0.62,0.95,0.53,0.93,0.52
270,0.96,0.42,0.94,0.62,0.95,0.53,0.93,0.53
271,0.94,0.35,0.94,0.63,0.95,0.53,0.93,0.53
272,0.94,0.42,0.94,0.63,0.95,0.53,0.93,0.53
273,0.95,0.42,0.94,0.63,0.95,0.53,0.93,0.54
274,0.95,0.49,0.94,0.63,0.95,0.53,0.93,0.54
275,0.96,0.42,0.94,0.63,0.95,0.53,0.93,0.54
276,0.95,0.42,0.94,0.64,0.96,0.53,0.93,0.54
277,0.95,0.49,0.94,0.64,0.96,0.59,0.94,0.54
278,0.96,0.49,0.94,0.64,0.96,0.59,0.94,0.55
279,0.95,0.49,0.95,0.64,0.96,0.59,0.94,0.55
280,0.96,0.49,0.95,0.65,0.96,0.59,0.94,0.55
281,0.97,0.49,0.95,0.65,0.95,0.59,0.94,0.55
282,0.97,0.49,0.95,0.65,0.96,0.59,0.94,0.55
283,0.96,0.56,0.95,0.65,0.96,0.59,0.94,0.56
284,0.95,0.56,0.95,0.66,0.96,0.59,0.94,0.56
285,0.97,0.56,0.95,0.66,0.96,0.59,0.94,0.56
286,0.97,0.56,0.95,0.66,0.96,0.59,0.94,0.56
287,0.96,0.49,0.95,0.66,0.96,0.59,0.94,0.57
288,0.96,0.56,0.95,0.66,0.96,0.59,0.94,0.57
289,0.96,0.56,0.95,0.66,0.96,0.59,0.94,0.57
290,0.96,0.49,0.95,0.67,0.98,0.59,0.94,0.57
291,0.97,0.49,0.95,0.67,0.96,0.59,0.94,0.57
292,0.96,0.49,0.95,0.67,0.98,0.53,0.95,0.57
293,0.96,0.49,0.95,0.67,0.96,0.59,0.94,0.58
294,0.96,0.56,0.95,0.67,0.98,0.59,0.95,0.58
295,0.96,0.56,0.95,0.68,0.98,0.66,0.95,0.58
296,0.97,0.56,0.95,0.68,0.98,0.66,0.95,0.59
297,0.96,0.63,0.95,0.68,0.96,0.66,0.95,0.59
298,0.96,0.56,0.95,0.68,0.96,0.66,0.95,0.59
299,0.96,0.63,0.95,0.69,0.98,0.66,0.95,0.59
300,0.95,0.56,0.95,0.69,0.96,0.66,0.95,0.59
301,0.96,0.63,0.95,0.69,0.98,0.66,0.95,0.59
302,0.96,0.63,0.95,0.69,0.98,0.66,0.95,0.6
303,0.97,0.63,0.95,0.69,0.96,0.66,0.95,0.6
304,0.96,0.63,0.96,0.69,0.96,0.59,0.95,0.6
305,0.96,0.63,0.96,0.7,0.98,0.66,0.95,0.6
306,0.96,0.63,0.95,0.7,0.98,0.66,0.95,0.6
307,0.97,0.56,0.96,0.7,0.98,0.66,0.95,0.61
308,0.97,0.63,0.95,0.7,0.96,0.66,0.95,0.61
309,0.96,0.56,0.95,0.7,0.98,0.66,0.95,0.61
310,0.96,0.63,0.96,0.7,0.96,0.66,0.95,0.61
311,0.96,0.56,0.95,0.7,0.96,0.59,0.95,0.61
312,0.96,0.56,0.95,0.71,0.96,0.66,0.95,0.62
313,0.96,0.56,0.95,0.71,0.95,0.66,0.95,0.62
314,0.96,0.56,0.95,0.71,0.96,0.66,0.95,0.62
315,0.95,0.63,0.96,0.71,0.96,0.66,0.95,0.62
316,0.96,0.72,0.96,0.71,0.96,0.66,0.95,0.62
317,0.97,0.63,0.96,0.72,0.98,0.66,0.95,0.63
318,0.96,0.63,0.96,0.72,0.98,0.66,0.96,0.63
319,0.98,0.63,0.96,0.72,0.98,0.66,0.96,0.63
320,0.97,0.63,0.96,0.72,0.98,0.66,0.96,0.63
321,0.97,0.63,0.96,0.72,0.98,0.66,0.96,0.63
322,0.96,0.56,0.96,0.72,0.98,0.66,0.96,0.64
323,0.98,0.63,0.96,0.73,0.98,0.73,0.96,0.64
324,0.97,0.72,0.96,0.73,0.98,0.66,0.95,0.64
325,0.96,0.63,0.96,0.73,0.96,0.66,0.96,0.64
326,0.96,0.63,0.96,0.73,0.98,0.66,0.96,0.64
327,0.96,0.63,0.96,0.73,0.98,0.66,0.96,0.65
328,0.95,0.63,0.96,0.73,0.96,0.66,0.96,0.65
329,0.97,0.63,0.96,0.74,0.98,0.73,0.96,0.65
330,0.96,0.63,0.96,0.74,0.98,0.73,0.96,0.65
331,0.97,0.63,0.96,0.74,0.98,0.66,0.96,0.65
332,0.97,0.63,0.96,0.74,0.98,0.66,0.96,0.65
333,0.97,0.63,0.96,0.74,0.98,0.66,0.96,0.66
334,0.96,0.72,0.96,0.75,0.98,0.66,0.96,0.66
335,0.96,0.63,0.96,0.75,0.98,0.73,0.96,0.66
336,0.96,0.63,0.96,0.75,0.96,0.66,0.96,0.66
337,0.96,0.72,0.96,0.75,0.96,0.66,0.96,0.66
338,0.96,0.72,0.96,0.75,0.98,0.66,0.96,0.66
339,0.96,0.72,0.96,0.75,0.98,0.66,0.96,0.67
340,0.96,0.72,0.96,0.75,0.98,0.73,0.96,0.67
341,0.97,0.63,0.96,0.76,0.98,0.73,0.96,0.67
342,0.98,0.79,0.97,0.76,0.98,0.73,0.96,0.67
343,0.98,0.72,0.97,0.76,0.98,0.73,0.96,0.67
344,0.97,0.79,0.97,0.76,0.98,0.73,0.97,0.68
345,0.98,0.79,0.97,0.76,0.98,0.73,0.97,0.68
346,0.98,0.79,0.97,0.76,0.98,0.73,0.97,0.68
347,0.97,0.79,0.97,0.76,0.99,0.73,0.97,0.68
348,0.99,0.86,0.97,0.76,0.99,0.73,0.97,0.68
349,0.99,0.86,0.97,0.77,0.99,0.8,0.97,0.68
350,0.99,0.86,0.97,0.77,0.99,0.73,0.97,0.69
351,0.98,0.79,0.97,0.77,0.99,0.8,0.97,0.69
352,0.98,0.86,0.97,0.77,0.99,0.8,0.97,0.69
353,0.98,0.79,0.97,0.77,0.99,0.8,0.97,0.69
354,0.99,0.79,0.97,0.77,0.99,0.8,0.97,0.69
355,0.98,0.79,0.97,0.78,0.99,0.73,0.97,0.7
356,0.98,0.79,0.97,0.78,0.98,0.8,0.97,0.7
357,0.97,0.79,0.97,0.78,0.99,0.73,0.97,0.7
358,0.96,0.79,0.97,0.78,0.98,0.73,0.97,0.7
359,0.97,0.79,0.97,0.78,0.96,0.73,0.97,0.7
360,0.97,0.79,0.96,0.78,0.98,0.73,0.97,0.7
361,0.97,0.79,0.96,0.78,0.98,0.66,0.97,0.7
362,0.96,0.79,0.96,0.79,0.98,0.73,0.97,0.71
363,0.96,0.79,0.96,0.79,0.98,0.73,0.97,0.71
364,0.96,0.79,0.96,0.79,0.98,0.73,0.97,0.71
365,0.97,0.79,0.96,0.79,0.98,0.8,0.97,0.71
366,0.97,0.79,0.96,0.79,0.96,0.8,0.97,0.71
367,0.97,0.79,0.96,0.79,0.98,0.73,0.97,0.71
368,0.98,0.79,0.97,0.79,0.98,0.73,0.97,0.71
369,0.96,0.79,0.97,0.79,0.98,0.73,0.97,0.72
370,0.96,0.79,0.97,0.8,0.98,0.8,0.97,0.72
371,0.98,0.79,0.97,0.8,0.98,0.8,0.97,0.72
372,0.96,0.79,0.97,0.8,0.96,0.73,0.97,0.72
373,0.97,0.72,0.97,0.8,0.98,0.73,0.97,0.72
374,0.95,0.72,0.96,0.8,0.96,0.73,0.97,0.73
375,0.96,0.72,0.96,0.8,0.96,0.73,0.97,0.72
376,0.95,0.72,0.96,0.8,0.96,0.73,0.97,0.73
377,0.95,0.63,0.96,0.8,0.96,0.66,0.96,0.73
378,0.94,0.63,0.96,0.81,0.96,0.66,0.96,0.73
379,0.95,0.63,0.96,0.81,0.96,0.66,0.96,0.73
380,0.95,0.63,0.96,0.81,0.96,0.66,0.96,0.73
381,0.94,0.63,0.96,0.81,0.96,0.66,0.96,0.73
382,0.94,0.56,0.96,0.81,0.95,0.66,0.96,0.74
383,0.93,0.56,0.96,0.81,0.95,0.59,0.96,0.74
384,0.92,0.56,0.96,0.81,0.95,0.59,0.96,0.74
385,0.92,0.49,0.96,0.81,0.95,0.59,0.96,0.74
386,0.93,0.56,0.96,0.81,0.95,0.59,0.96,0.74
387,0.94,0.49,0.96,0.81,0.95,0.59,0.96,0.74
388,0.93,0.56,0.96,0.82,0.95,0.59,0.96,0.75
389,0.93,0.49,0.96,0.82,0.95,0.59,0.96,0.75
390,0.93,0.56,0.96,0.82,0.95,0.59,0.96,0.75
391,0.93,0.56,0.96,0.82,0.95,0.66,0.96,0.75
392,0.93,0.63,0.96,0.82,0.95,0.66,0.96,0.75
393,0.93,0.63,0.96,0.82,0.95,0.66,0.97,0.75
394,0.94,0.72,0.96,0.82,0.95,0.66,0.97,0.75
395,0.95,0.63,0.96,0.83,0.96,0.66,0.97,0.76
396,0.95,0.63,0.96,0.83,0.96,0.66,0.97,0.76
397,0.94,0.63,0.97,0.83,0.96,0.66,0.97,0.76
398,0.96,0.63,0.97,0.83,0.96,0.66,0.97,0.76
399,0.96,0.72,0.97,0.83,0.96,0.73,0.97,0.76
400,0.95,0.63,0.97,0.83,0.96,0.66,0.97,0.76
401,0.94,0.56,0.97,0.83,0.96,0.66,0.97,0.76
402,0.95,0.63,0.97,0.83,0.96,0.66,0.97,0.77
403,0.95,0.63,0.97,0.84,0.96,0.66,0.97,0.77
404,0.95,0.72,0.97,0.84,0.98,0.66,0.97,0.77
405,0.96,0.63,0.97,0.84,0.96,0.73,0.97,0.77
406,0.95,0.63,0.97,0.84,0.96,0.66,0.97,0.77
407,0.94,0.63,0.97,0.84,0.96,0.73,0.97,0.77
408,0.96,0.63,0.97,0.84,0.98,0.66,0.97,0.77
409,0.95,0.72,0.97,0.84,0.96,0.66,0.97,0.78
410,0.94,0.63,0.97,0.84,0.96,0.66,0.97,0.78
411,0.95,0.63,0.97,0.85,0.96,0.66,0.97,0.78
412,0.95,0.63,0.97,0.85,0.96,0.66,0.97,0.78
413,0.94,0.63,0.97,0.85,0.96,0.73,0.97,0.78
414,0.95,0.72,0.97,0.85,0.96,0.66,0.97,0.78
415,0.95,0.72,0.97,0.85,0.96,0.73,0.97,0.78
416,0.95,0.72,0.97,0.85,0.96,0.73,0.98,0.79
417,0.95,0.72,0.97,0.85,0.98,0.73,0.98,0.79
418,0.95,0.79,0.97,0.85,0.98,0.73,0.98,0.79
419,0.95,0.72,0.97,0.86,0.98,0.73,0.98,0.79
420,0.96,0.79,0.97,0.86,0.98,0.73,0.98,0.79
421,0.97,0.86,0.97,0.86,0.96,0.8,0.98,0.79
422,0.96,0.86,0.98,0.86,0.98,0.8,0.98,0.8
423,0.97,0.86,0.98,0.86,0.98,0.8,0.98,0.8
424,0.97,0.86,0.98,0.86,0.98,0.8,0.98,0.8
425,0.98,0.93,0.98,0.86,0.99,0.86,0.98,0.8
426,0.97,0.93,0.98,0.86,0.99,0.86,0.98,0.8
427,0.99,0.93,0.98,0.87,0.99,0.8,0.98,0.8
428,0.97,0.93,0.98,0.87,0.99,0.86,0.98,0.81
429,0.97,0.93,0.98,0.87,0.99,0.8,0.98,0.81
430,0.98,0.86,0.98,0.87,0.99,0.86,0.98,0.81
431,0.98,0.86,0.98,0.87,0.99,0.8,0.98,0.81
432,0.98,0.86,0.98,0.87,0.98,0.8,0.98,0.81
433,0.98,0.79,0.98,0.87,0.98,0.8,0.98,0.81
434,0.97,0.79,0.97,0.87,0.98,0.8,0.98,0.81
435,0.96,0.79,0.97,0.87,0.98,0.73,0.98,0.82
436,0.97,0.79,0.97,0.87,0.98,0.73,0.98,0.82
437,0.96,0.79,0.97,0.87,0.98,0.8,0.98,0.82
438,0.96,0.86,0.97,0.88,0.98,0.73,0.98,0.82
439,0.97,0.86,0.97,0.88,0.98,0.8,0.98,0.82
440,0.96,0.79,0.97,0.88,0.96,0.8,0.98,0.82
441,0.95,0.79,0.97,0.88,0.98,0.8,0.98,0.82
442,0.95,0.79,0.97,0.88,0.96,0.73,0.98,0.83
443,0.95,0.79,0.97,0.88,0.96,0.73,0.98,0.83
444,0.95,0.79,0.97,0.88,0.96,0.73,0.98,0.83
445,0.94,0.72,0.97,0.88,0.96,0.73,0.98,0.83
446,0.94,0.72,0.97,0.88,0.96,0.73,0.98,0.83
447,0.95,0.79,0.97,0.89,0.96,0.73,0.98,0.83
448,0.96,0.86,0.97,0.89,0.98,0.8,0.98,0.83
449,0.95,0.86,0.97,0.89,0.96,0.8,0.98,0.83
450,0.96,0.86,0.97,0.89,0.98,0.8,0.98,0.84
451,0.95,0.86,0.97,0.89,0.98,0.8,0.98,0.84
452,0.95,0.93,0.97,0.89,0.98,0.8,0.98,0.84
453,0.95,0.86,0.97,0.89,0.98,0.8,0.98,0.84
454,0.95,0.86,0.97,0.89,0.98,0.8,0.98,0.84
455,0.95,0.93,0.97,0.89,0.96,0.8,0.98,0.84
456,0.95,0.79,0.97,0.9,0.96,0.8,0.98,0.84
457,0.95,0.86,0.97,0.9,0.96,0.8,0.98,0.84
458,0.95,0.79,0.97,0.9,0.96,0.8,0.98,0.85
459,0.94,0.86,0.97,0.9,0.96,0.8,0.98,0.85
460,0.94,0.86,0.97,0.9,0.98,0.8,0.98,0.85
461,0.96,0.93,0.97,0.9,0.96,0.86,0.98,0.85
462,0.95,0.86,0.97,0.9,0.98,0.8,0.98,0.85
463,0.96,0.86,0.97,0.9,0.96,0.8,0.98,0.85
464,0.95,0.86,0.97,0.9,0.98,0.8,0.98,0.86
465,0.97,0.86,0.97,0.9,0.98,0.8,0.98,0.86
466,0.97,0.86,0.98,0.91,0.98,0.8,0.98,0.86
467,0.97,0.93,0.98,0.91,0.99,0.86,0.98,0.86
468,0.97,0.93,0.98,0.91,0.99,0.86,0.98,0.86
469,0.97,0.93,0.98,0.91,0.99,0.86,0.99,0.86
470,0.97,0.86,0.98,0.91,0.98,0.86,0.99,0.86
471,0.98,0.93,0.98,0.91,0.99,0.86,0.99,0.86
472,0.97,0.86,0.98,0.91,0.98,0.8,0.98,0.87
473,0.95,0.86,0.98,0.91,0.98,0.73,0.98,0.87
474,0.95,0.79,0.98,0.91,0.98,0.8,0.98,0.87
475,0.95,0.72,0.97,0.91,0.96,0.73,0.98,0.87
476,0.95,0.72,0.97,0.91,0.96,0.73,0.98,0.87
477,0.94,0.63,0.97,0.92,0.96,0.73,0.98,0.87
478,0.94,0.72,0.97,0.92,0.96,0.73,0.98,0.87
479,0.94,0.63,0.97,0.92,0.96,0.73,0.98,0.87
480,0.95,0.63,0.97,0.92,0.95,0.66,0.98,0.88
481,0.94,0.63,0.97,0.92,0.95,0.66,0.98,0.88
482,0.93,0.63,0.97,0.92,0.95,0.66,0.98,0.88
483,0.93,0.63,0.97,0.92,0.96,0.66,0.98,0.88
484,0.93,0.56,0.97,0.92,0.95,0.66,0.98,0.88
485,0.94,0.56,0.97,0.92,0.95,0.66,0.98,0.88
486,0.92,0.56,0.96,0.92,0.95,0.59,0.97,0.88
487,0.92,0.56,0.96,0.92,0.95,0.59,0.97,0.88
488,0.91,0.49,0.96,0.92,0.95,0.59,0.97,0.88
489,0.91,0.56,0.96,0.92,0.95,0.66,0.97,0.89
490,0.92,0.56,0.96,0.93,0.95,0.59,0.98,0.89
491,0.93,0.56,0.96,0.93,0.95,0.66,0.98,0.89
492,0.92,0.56,0.97,0.93,0.95,0.73,0.98,0.89
493,0.92,0.56,0.97,0.93,0.95,0.66,0.98,0.89
494,0.93,0.63,0.97,0.93,0.95,0.66,0.98,0.89
495,0.93,0.56,0.97,0.93,0.95,0.66,0.98,0.89
496,0.93,0.56,0.97,0.93,0.95,0.66,0.98,0.9
497,0.92,0.56,0.97,0.93,0.95,0.66,0.98,0.9
498,0.93,0.56,0.97,0.93,0.95,0.66,0.98,0.9
499,0.92,0.56,0.97,0.93,0.95,0.66,0.98,0.9
500,0.92,0.63,0.97,0.93,0.94,0.66,0.98,0.9
501,0.92,0.63,0.97,0.93,0.96,0.66,0.98,0.9
502,0.93,0.63,0.97,0.94,0.95,0.66,0.98,0.9
503,0.94,0.56,0.97,0.94,0.95,0.66,0.98,0.91
504,0.93,0.63,0.97,0.94,0.96,0.66,0.98,0.91
505,0.92,0.63,0.97,0.94,0.96,0.66,0.98,0.91
506,0.94,0.63,0.97,0.94,0.96,0.66,0.98,0.91
507,0.94,0.56,0.97,0.94,0.96,0.66,0.98,0.91
508,0.94,0.63,0.97,0.94,0.96,0.66,0.98,0.91
509,0.93,0.63,0.97,0.94,0.96,0.66,0.98,0.91
510,0.93,0.63,0.97,0.94,0.96,0.66,0.98,0.91
511,0.94,0.63,0.97,0.94,0.96,0.66,0.98,0.92
512,0.93,0.63,0.97,0.95,0.96,0.66,0.99,0.92
513,0.93,0.63,0.97,0.95,0.96,0.66,0.98,0.92
514,0.93,0.63,0.97,0.95,0.96,0.73,0.99,0.92
515,0.93,0.72,0.98,0.95,0.96,0.73,0.99,0.92
516,0.94,0.72,0.98,0.95,0.96,0.73,0.99,0.92
517,0.94,0.79,0.98,0.95,0.98,0.73,0.99,0.92
518,0.95,0.79,0.98,0.95,0.96,0.8,0.99,0.93
519,0.94,0.86,0.98,0.95,0.98,0.8,0.99,0.93
520,0.94,0.86,0.98,0.95,0.98,0.8,0.99,0.93
521,0.95,0.93,0.98,0.96,0.98,0.86,0.99,0.93
522,0.96,0.86,0.98,0.96,0.98,0.8,0.99,0.93
523,0.95,0.86,0.98,0.96,0.98,0.8,0.99,0.93
524,0.95,0.93,0.98,0.96,0.98,0.86,0.99,0.94
525,0.96,0.93,0.98,0.96,0.98,0.86,0.99,0.94
526,0.97,0.93,0.98,0.96,0.99,0.86,1.0,0.94
527,0.95,0.93,0.98,0.96,0.99,0.86,1.0,0.94
528,0.96,1.0,0.98,0.96,0.99,0.86,0.99,0.94
529,0.96,0.86,0.98,0.96,0.99,0.86,1.0,0.94
530,0.97,0.93,0.98,0.97,0.99,0.86,1.0,0.94
531,0.97,1.0,0.98,0.97,0.99,0.86,1.0,0.94
532,0.97,1.0,0.99,0.97,0.99,0.93,1.0,0.95
533,0.97,1.0,0.98,0.97,0.99,0.86,1.0,0.95
534,0.97,1.0,0.98,0.97,0.99,0.86,1.0,0.95
535,0.96,0.93,0.98,0.97,0.99,0.86,1.0,0.95
536,0.97,0.93,0.98,0.97,0.99,0.93,1.0,0.95
537,0.96,0.93,0.98,0.97,0.99,0.93,0.99,0.95
538,0.96,0.93,0.98,0.97,0.99,0.86,1.0,0.95
539,0.97,1.0,0.98,0.97,0.98,0.93,1.0,0.95
540,0.96,1.0,0.98,0.97,0.99,0.93,1.0,0.96
541,0.96,1.0,0.99,0.97,0.99,0.93,1.0,0.96
542,0.96,1.0,0.98,0.98,0.98,0.93,1.0,0.96
543,0.97,1.0,0.98,0.98,0.99,0.93,1.0,0.96
544,0.96,1.0,0.98,0.98,0.98,0.93,1.0,0.96
545,0.97,1.0,0.98,0.98,0.99,0.93,1.0,0.96
546,0.97,1.0,0.98,0.98,0.98,0.93,0.99,0.96
547,0.96,0.93,0.98,0.98,0.99,0.93,1.0,0.96
548,0.96,1.0,0.99,0.98,0.99,0.93,1.0,0.96
549,0.97,1.0,0.99,0.98,0.99,0.93,1.0,0.96
550,0.97,1.0,0.99,0.98,0.99,0.93,1.0,0.97
551,0.97,1.0,0.99,0.98,0.99,0.93,0.99,0.97
552,0.98,1.0,0.99,0.98,0.99,1.0,1.0,0.97
553,0.97,1.0,0.99,0.98,0.99,0.93,1.0,0.97
554,0.97,1.0,0.99,0.98,0.99,1.0,1.0,0.97
555,0.97,1.0,0.99,0.98,0.99,1.0,1.0,0.97
556,0.97,0.93,0.99,0.98,0.99,0.93,1.0,0.97
557,0.96,0.93,0.98,0.99,0.98,0.93,1.0,0.97
558,0.95,0.93,0.98,0.98,0.98,0.86,1.0,0.98
559,0.96,0.93,0.98,0.99,0.98,0.93,1.0,0.98
560,0.96,0.86,0.98,0.99,0.98,0.86,0.99,0.98
561,0.95,0.86,0.98,0.99,0.98,0.86,0.99,0.98
562,0.94,0.86,0.98,0.99,0.96,0.86,0.99,0.98
563,0.94,0.86,0.98,0.99,0.96,0.86,0.99,0.98
564,0.94,0.79,0.98,0.99,0.96,0.86,0.99,0.98
565,0.94,0.72,0.98,0.99,0.96,0.8,0.99,0.98
566,0.94,0.86,0.98,0.99,0.98,0.86,0.99,0.98
567,0.95,0.86,0.98,0.99,0.98,0.86,0.99,0.99
568,0.95,0.86,0.98,0.99,0.98,0.86,0.99,0.99
569,0.95,0.79,0.98,0.99,0.96,0.73,0.99,0.99
570,0.95,0.79,0.98,0.99,0.96,0.8,0.99,0.99
571,0.93,0.79,0.98,0.99,0.96,0.8,0.99,0.99
572,0.94,0.72,0.97,0.99,0.96,0.8,0.99,0.99
573,0.93,0.72,0.97,0.99,0.96,0.8,0.99,0.99
574,0.94,0.72,0.97,0.99,0.96,0.8,0.99,0.99
575,0.94,0.72,0.97,0.99,0.96,0.8,0.99,0.99
576,0.93,0.72,0.97,1.0,0.95,0.8,0.99,0.99
577,0.94,0.72,0.97,1.0,0.96,0.8,0.99,1.0
578,0.94,0.79,0.97,1.0,0.95,0.8,0.99,1.0
579,0.93,0.72,0.97,1.0,0.96,0.8,0.99,1.0
580,0.94,0.72,0.98,1.0,0.96,0.8,0.99,1.0
