0,0.99,0.98,0.99,0.87,0.99,0.98,1.0,0.86
1,0.99,0.98,0.99,0.85,0.99,0.98,1.0,0.86
2,0.99,0.98,0.99,0.85,0.99,0.98,1.0,0.86
3,0.99,0.99,0.99,0.87,0.99,0.98,1.0,0.86
4,0.98,0.98,0.99,0.87,0.99,0.98,1.0,0.86
5,0.99,0.98,0.99,0.87,0.98,0.98,0.99,0.86
6,0.99,0.98,0.99,0.85,0.98,0.98,0.99,0.86
7,0.99,0.98,0.98,0.85,0.98,0.97,0.99,0.86
8,0.98,0.98,0.98,0.87,0.98,0.98,0.99,0.86
9,0.98,0.98,0.98,0.85,0.98,0.98,0.99,0.86
10,0.98,0.98,0.98,0.85,0.98,0.97,0.99,0.85
11,0.99,0.98,0.98,0.85,0.98,0.98,0.99,0.86
12,0.99,0.98,0.98,0.87,0.98,0.98,0.99,0.86
13,0.99,0.98,0.98,0.87,0.98,0.98,0.99,0.86
14,0.99,0.98,0.98,0.87,0.98,0.98,0.99,0.86
15,0.98,0.98,0.98,0.85,0.98,0.98,0.99,0.86
16,0.99,0.99,0.98,0.87,0.98,0.98,0.99,0.86
17,0.99,0.98,0.98,0.87,0.98,0.98,0.99,0.87
18,0.99,0.99,0.98,0.85,0.99,0.98,0.99,0.86
19,0.99,0.99,0.98,0.85,0.98,0.98,0.99,0.87
20,0.99,0.99,0.98,0.87,0.98,0.98,0.99,0.87
21,0.99,0.99,0.98,0.87,0.98,0.98,0.99,0.87
22,0.99,0.99,0.99,0.87,0.98,0.98,0.99,0.87
23,0.99,0.99,0.99,0.87,0.98,0.98,0.99,0.87
24,0.99,0.99,0.99,0.85,0.99,0.98,1.0,0.87
25,0.99,0.99,0.99,0.87,0.99,0.98,0.99,0.88
26,0.98,0.98,0.99,0.85,0.98,0.98,0.99,0.87
27,0.98,0.98,0.99,0.85,0.99,0.98,0.99,0.87
28,0.98,0.98,0.98,0.87,0.99,0.98,0.99,0.87
29,0.99,0.99,0.98,0.87,0.98,0.98,0.99,0.87
30,0.99,0.99,0.99,0.85,0.99,0.98,0.99,0.88
31,0.99,0.99,0.99,0.87,0.99,0.98,1.0,0.88
32,0.99,0.99,0.99,0.87,0.99,0.98,1.0,0.88
33,0.99,0.99,0.99,0.87,0.99,0.98,1.0,0.88
34,0.99,0.99,0.99,0.87,0.99,0.98,1.0,0.89
35,0.99,0.99,0.99,0.89,0.99,0.98,1.0,0.89
36,0.99,0.99,0.99,0.89,0.99,0.98,1.0,0.88
37,1.0,0.99,0.99,0.89,0.99,0.98,1.0,0.89
38,0.99,0.99,0.99,0.89,0.99,0.98,1.0,0.89
39,1.0,0.99,0.99,0.89,0.99,0.98,1.0,0.89
40,1.0,0.99,0.99,0.87,0.99,0.98,1.0,0.89
41,1.0,0.99,0.99,0.89,0.99,0.98,1.0,0.89
42,1.0,0.99,0.99,0.89,0.99,0.98,1.0,0.89
43,0.99,0.99,0.99,0.89,0.99,0.98,1.0,0.89
44,1.0,0.99,0.99,0.89,0.99,0.98,1.0,0.89
45,0.99,0.99,0.99,0.89,0.99,0.98,1.0,0.89
46,0.99,0.99,0.99,0.89,0.99,0.98,1.0,0.89
47,0.99,0.99,0.99,0.89,0.99,0.98,1.0,0.89
48,0.99,0.99,0.99,0.89,0.99,0.98,1.0,0.89
49,0.99,0.99,0.99,0.9,0.99,0.98,1.0,0.89
50,0.99,0.99,0.99,0.9,0.99,0.98,1.0,0.9
51,1.0,0.99,1.0,0.9,1.0,0.98,1.0,0.9
52,0.96,0.97,0.97,0.92,0.97,0.98,0.95,0.89
53,0.82,0.9,0.84,0.9,0.83,0.93,0.78,0.89
54,0.71,0.84,0.74,0.9,0.71,0.88,0.65,0.89
55,0.57,0.74,0.59,0.9,0.54,0.78,0.48,0.89
56,0.44,0.63,0.45,0.89,0.38,0.65,0.34,0.89
57,0.34,0.52,0.34,0.87,0.25,0.52,0.24,0.88
58,0.28,0.44,0.28,0.85,0.19,0.43,0.19,0.87
59,0.19,0.33,0.2,0.82,0.12,0.29,0.13,0.86
60,0.17,0.29,0.17,0.79,0.1,0.25,0.11,0.84
61,0.15,0.26,0.16,0.79,0.08,0.22,0.1,0.83
62,0.12,0.22,0.12,0.74,0.07,0.17,0.08,0.81
63,0.1,0.19,0.11,0.73,0.06,0.15,0.07,0.8
64,0.09,0.16,0.09,0.69,0.05,0.12,0.06,0.78
65,0.08,0.15,0.09,0.68,0.04,0.12,0.05,0.77
66,0.06,0.12,0.07,0.65,0.04,0.09,0.04,0.76
67,0.06,0.11,0.06,0.62,0.03,0.08,0.04,0.74
68,0.06,0.11,0.06,0.62,0.03,0.08,0.04,0.74
69,0.05,0.09,0.05,0.59,0.03,0.07,0.03,0.72
70,0.04,0.09,0.05,0.55,0.03,0.06,0.03,0.72
71,0.03,0.07,0.04,0.54,0.02,0.05,0.02,0.69
72,0.03,0.06,0.03,0.52,0.02,0.04,0.02,0.68
73,0.03,0.06,0.03,0.49,0.02,0.04,0.02,0.67
74,0.03,0.05,0.03,0.48,0.02,0.04,0.02,0.65
75,0.02,0.05,0.02,0.46,0.01,0.03,0.02,0.64
76,0.02,0.04,0.02,0.45,0.01,0.03,0.02,0.62
77,0.02,0.04,0.02,0.43,0.01,0.03,0.01,0.62
78,0.02,0.03,0.02,0.41,0.01,0.03,0.01,0.61
79,0.02,0.03,0.02,0.4,0.01,0.02,0.01,0.59
80,0.01,0.03,0.01,0.37,0.01,0.02,0.01,0.57
81,0.01,0.03,0.01,0.35,0.01,0.02,0.01,0.55
82,0.01,0.03,0.01,0.35,0.01,0.02,0.01,0.55
83,0.01,0.02,0.01,0.34,0.01,0.02,0.01,0.54
84,0.01,0.02,0.01,0.33,0.01,0.02,0.01,0.52
85,0.01,0.02,0.01,0.3,0.01,0.01,0.01,0.5
86,0.01,0.02,0.01,0.3,0.01,0.01,0.01,0.49
87,0.01,0.02,0.01,0.26,0.01,0.01,0.01,0.48
88,0.01,0.01,0.01,0.26,0.01,0.01,0.01,0.47
89,0.01,0.01,0.01,0.25,0.01,0.01,0.01,0.46
90,0.01,0.02,0.01,0.25,0.01,0.01,0.01,0.44
91,0.01,0.01,0.0,0.23,0.0,0.01,0.01,0.43
92,0.0,0.01,0.0,0.22,0.0,0.01,0.0,0.42
93,0.0,0.01,0.0,0.21,0.0,0.01,0.0,0.4
94,0.0,0.01,0.0,0.21,0.0,0.01,0.0,0.4
95,0.0,0.01,0.0,0.21,0.0,0.01,0.0,0.39
96,0.0,0.01,0.0,0.21,0.0,0.01,0.0,0.38
97,0.0,0.01,0.0,0.19,0.0,0.01,0.0,0.38
98,0.0,0.01,0.0,0.19,0.0,0.01,0.0,0.36
99,0.0,0.01,0.0,0.19,0.0,0.01,0.0,0.35
100,0.0,0.01,0.0,0.18,0.0,0.01,0.0,0.35
101,0.0,0.01,0.0,0.18,0.0,0.01,0.0,0.35
102,0.0,0.01,0.0,0.16,0.0,0.01,0.0,0.32
103,0.0,0.01,0.0,0.15,0.0,0.01,0.0,0.32
104,0.0,0.01,0.0,0.15,0.0,0.01,0.0,0.31
105,0.0,0.01,0.0,0.15,0.0,0.01,0.0,0.3
106,0.0,0.01,0.0,0.15,0.0,0.01,0.0,0.3
107,0.0,0.01,0.0,0.13,0.0,0.01,0.0,0.28
108,0.0,0.01,0.0,0.11,0.0,0.01,0.0,0.27
109,0.0,0.01,0.0,0.11,0.0,0.01,0.0,0.27
110,0.0,0.01,0.0,0.11,0.0,0.01,0.0,0.27
111,0.0,0.01,0.0,0.11,0.0,0.0,0.0,0.25
112,0.0,0.01,0.0,0.11,0.0,0.0,0.0,0.25
113,0.0,0.01,0.0,0.1,0.0,0.0,0.0,0.23
114,0.0,0.01,0.0,0.1,0.0,0.0,0.0,0.23
115,0.0,0.01,0.0,0.1,0.0,0.0,0.0,0.23
116,0.0,0.0,0.0,0.1,0.0,0.0,0.0,0.22
117,0.0,0.0,0.0,0.09,0.0,0.0,0.0,0.2
118,0.0,0.01,0.0,0.09,0.0,0.0,0.0,0.2
119,0.0,0.0,0.0,0.09,0.0,0.0,0.0,0.2
120,0.0,0.0,0.0,0.07,0.0,0.0,0.0,0.19
121,0.0,0.0,0.0,0.07,0.0,0.0,0.0,0.18
122,0.0,0.0,0.0,0.07,0.0,0.0,0.0,0.17
123,0.0,0.0,0.0,0.07,0.0,0.0,0.0,0.16
124,0.0,0.0,0.0,0.06,0.0,0.0,0.0,0.16
125,0.0,0.0,0.0,0.06,0.0,0.0,0.0,0.15
126,0.0,0.0,0.0,0.06,0.0,0.0,0.0,0.14
127,0.0,0.0,0.0,0.04,0.0,0.0,0.0,0.14
128,0.0,0.0,0.0,0.04,0.0,0.0,0.0,0.13
129,0.0,0.0,0.0,0.04,0.0,0.0,0.0,0.13
130,0.0,0.0,0.0,0.04,0.0,0.0,0.0,0.12
131,0.0,0.0,0.0,0.04,0.0,0.0,0.0,0.12
132,0.0,0.0,0.0,0.03,0.0,0.0,0.0,0.11
133,0.0,0.0,0.0,0.03,0.0,0.0,0.0,0.1
134,0.0,0.0,0.0,0.03,0.0,0.0,0.0,0.1
135,0.0,0.0,0.0,0.03,0.0,0.0,0.0,0.09
136,0.0,0.0,0.0,0.03,0.0,0.0,0.0,0.08
137,0.0,0.0,0.0,0.02,0.0,0.0,0.0,0.08
138,0.0,0.0,0.0,0.03,0.0,0.0,0.0,0.08
139,0.0,0.0,0.0,0.02,0.0,0.0,0.0,0.07
140,0.0,0.0,0.0,0.02,0.0,0.0,0.0,0.07
141,0.0,0.0,0.0,0.02,0.0,0.0,0.0,0.06
142,0.0,0.0,0.0,0.02,0.0,0.0,0.0,0.05
143,0.0,0.0,0.0,0.02,0.0,0.0,0.0,0.05
144,0.0,0.0,0.0,0.02,0.0,0.0,0.0,0.04
145,0.0,0.0,0.0,0.02,0.0,0.0,0.0,0.04
146,0.0,0.0,0.0,0.02,0.0,0.0,0.0,0.04
147,0.0,0.0,0.0,0.02,0.0,0.0,0.0,0.04
148,0.0,0.0,0.0,0.0,0.0,0.0,0.0,0.02
149,0.0,0.0,0.0,0.0,0.0,0.0,0.0,0.02
150,0.0,0.0,0.0,0.0,0.0,0.0,0.0,0.01
151,0.0,0.0,0.0,0.0,0.0,0.0,0.0,0.01
152,0.03,0.02,0.02,0.0,0.01,0.0,0.02,0.01
153,0.04,0.03,0.03,0.0,0.02,0.01,0.02,0.0
154,0.06,0.04,0.04,0.0,0.03,0.01,0.03,0.0
155,0.1,0.08,0.08,0.0,0.05,0.03,0.05,0.0
156,0.15,0.11,0.12,0.0,0.07,0.04,0.08,0.0
157,0.2,0.16,0.16,0.02,0.1,0.06,0.11,0.0
158,0.25,0.2,0.2,0.02,0.13,0.09,0.13,0.0
159,0.3,0.25,0.24,0.03,0.16,0.11,0.16,0.0
160,0.33,0.28,0.27,0.04,0.18,0.13,0.18,0.0
161,0.37,0.31,0.3,0.04,0.2,0.15,0.2,0.01
162,0.42,0.37,0.34,0.06,0.24,0.18,0.23,0.01
163,0.43,0.38,0.35,0.06,0.24,0.18,0.24,0.01
164,0.5,0.45,0.41,0.09,0.3,0.23,0.29,0.01
165,0.51,0.46,0.42,0.1,0.31,0.24,0.29,0.01
166,0.54,0.5,0.45,0.11,0.33,0.26,0.31,0.02
167,0.59,0.56,0.5,0.13,0.38,0.31,0.36,0.03
168,0.6,0.57,0.51,0.15,0.38,0.32,0.36,0.02
169,0.64,0.62,0.56,0.18,0.42,0.36,0.4,0.03
170,0.67,0.64,0.58,0.18,0.45,0.38,0.42,0.04
171,0.7,0.67,0.61,0.21,0.48,0.41,0.45,0.05
172,0.72,0.69,0.63,0.21,0.5,0.44,0.47,0.05
173,0.74,0.72,0.65,0.22,0.52,0.46,0.49,0.06
174,0.75,0.73,0.67,0.23,0.54,0.48,0.51,0.06
175,0.76,0.75,0.68,0.25,0.56,0.5,0.52,0.07
176,0.79,0.77,0.7,0.26,0.58,0.53,0.54,0.07
177,0.81,0.79,0.73,0.28,0.6,0.55,0.56,0.08
178,0.81,0.8,0.73,0.28,0.61,0.56,0.57,0.08
179,0.82,0.81,0.75,0.31,0.63,0.58,0.59,0.1
180,0.84,0.83,0.77,0.33,0.66,0.61,0.62,0.1
181,0.85,0.84,0.78,0.34,0.67,0.62,0.63,0.1
182,0.86,0.85,0.79,0.35,0.68,0.64,0.64,0.11
183,0.87,0.86,0.8,0.37,0.7,0.66,0.66,0.12
184,0.87,0.86,0.81,0.37,0.7,0.67,0.66,0.12
185,0.87,0.87,0.82,0.38,0.72,0.68,0.68,0.13
186,0.88,0.88,0.83,0.38,0.73,0.7,0.69,0.14
187,0.89,0.89,0.83,0.41,0.74,0.71,0.7,0.13
188,0.89,0.9,0.85,0.43,0.76,0.73,0.71,0.15
189,0.9,0.9,0.85,0.43,0.76,0.74,0.72,0.16
190,0.9,0.9,0.85,0.43,0.77,0.74,0.73,0.16
191,0.9,0.9,0.86,0.45,0.77,0.75,0.73,0.16
192,0.91,0.91,0.86,0.46,0.79,0.76,0.74,0.16
193,0.9,0.91,0.87,0.46,0.79,0.77,0.75,0.17
194,0.91,0.91,0.87,0.48,0.79,0.78,0.76,0.17
195,0.91,0.92,0.87,0.48,0.8,0.78,0.77,0.18
196,0.91,0.92,0.88,0.48,0.8,0.79,0.77,0.18
197,0.92,0.92,0.88,0.49,0.81,0.79,0.78,0.19
198,0.92,0.92,0.89,0.49,0.82,0.8,0.78,0.19
199,0.92,0.92,0.89,0.51,0.82,0.81,0.79,0.2
200,0.92,0.93,0.89,0.51,0.82,0.82,0.79,0.2
201,0.92,0.93,0.89,0.51,0.82,0.82,0.79,0.2
202,0.92,0.93,0.89,0.52,0.83,0.82,0.8,0.21
203,0.92,0.93,0.89,0.52,0.83,0.83,0.81,0.21
204,0.93,0.93,0.9,0.52,0.83,0.83,0.81,0.22
205,0.92,0.93,0.9,0.54,0.84,0.83,0.81,0.23
206,0.92,0.93,0.9,0.54,0.84,0.84,0.81,0.23
207,0.93,0.93,0.9,0.54,0.84,0.84,0.82,0.23
208,0.93,0.93,0.9,0.55,0.85,0.85,0.82,0.23
209,0.93,0.93,0.9,0.54,0.85,0.85,0.82,0.23
210,0.93,0.93,0.91,0.55,0.85,0.85,0.83,0.24
211,0.93,0.93,0.91,0.55,0.85,0.85,0.83,0.25
212,0.93,0.94,0.91,0.55,0.86,0.86,0.83,0.25
213,0.93,0.94,0.91,0.57,0.86,0.86,0.84,0.26
214,0.94,0.94,0.91,0.57,0.86,0.86,0.84,0.26
215,0.94,0.94,0.92,0.59,0.87,0.87,0.84,0.27
216,0.94,0.94,0.92,0.59,0.87,0.87,0.84,0.27
217,0.94,0.94,0.92,0.6,0.87,0.87,0.85,0.28
218,0.94,0.94,0.92,0.6,0.87,0.87,0.85,0.28
219,0.94,0.95,0.92,0.6,0.87,0.88,0.85,0.29
220,0.94,0.95,0.92,0.62,0.87,0.88,0.86,0.29
221,0.94,0.95,0.93,0.62,0.87,0.88,0.86,0.29
222,0.95,0.95,0.93,0.62,0.88,0.88,0.86,0.3
223,0.94,0.95,0.93,0.63,0.88,0.89,0.86,0.31
224,0.94,0.95,0.93,0.63,0.88,0.89,0.87,0.31
225,0.95,0.96,0.93,0.65,0.88,0.89,0.87,0.31
226,0.95,0.96,0.93,0.65,0.88,0.89,0.87,0.31
227,0.95,0.96,0.93,0.66,0.89,0.9,0.87,0.32
228,0.95,0.96,0.93,0.66,0.89,0.9,0.88,0.33
229,0.96,0.96,0.94,0.66,0.89,0.9,0.88,0.34
230,0.96,0.96,0.94,0.68,0.89,0.9,0.88,0.34
231,0.96,0.97,0.94,0.68,0.9,0.9,0.89,0.35
232,0.96,0.96,0.94,0.66,0.9,0.9,0.88,0.35
233,0.96,0.96,0.95,0.68,0.9,0.9,0.88,0.35
234,0.96,0.96,0.94,0.68,0.9,0.9,0.89,0.35
235,0.96,0.96,0.94,0.68,0.9,0.91,0.89,0.35
236,0.96,0.96,0.94,0.68,0.9,0.9,0.89,0.36
237,0.96,0.96,0.95,0.69,0.9,0.91,0.89,0.37
238,0.96,0.97,0.95,0.69,0.9,0.91,0.89,0.37
239,0.96,0.96,0.95,0.69,0.9,0.91,0.89,0.37
240,0.96,0.96,0.95,0.69,0.91,0.91,0.89,0.38
241,0.96,0.96,0.95,0.71,0.91,0.91,0.9,0.38
242,0.96,0.96,0.95,0.71,0.91,0.91,0.89,0.38
243,0.96,0.97,0.95,0.71,0.91,0.91,0.9,0.39
244,0.96,0.97,0.95,0.71,0.91,0.92,0.9,0.4
245,0.96,0.97,0.95,0.71,0.91,0.92,0.9,0.4
246,0.96,0.96,0.95,0.71,0.91,0.92,0.9,0.4
247,0.97,0.97,0.95,0.71,0.91,0.92,0.9,0.4
248,0.96,0.97,0.95,0.71,0.91,0.92,0.9,0.4
249,0.96,0.97,0.95,0.73,0.91,0.92,0.9,0.4
250,0.96,0.97,0.95,0.73,0.91,0.92,0.91,0.41
251,0.96,0.97,0.95,0.73,0.91,0.92,0.91,0.41
252,0.96,0.97,0.95,0.73,0.92,0.92,0.91,0.42
253,0.97,0.97,0.95,0.73,0.92,0.93,0.91,0.42
254,0.96,0.97,0.96,0.74,0.92,0.93,0.91,0.43
255,0.97,0.97,0.96,0.73,0.92,0.93,0.91,0.43
256,0.97,0.98,0.96,0.74,0.92,0.93,0.91,0.43
257,0.97,0.97,0.96,0.76,0.92,0.93,0.92,0.43
258,0.97,0.97,0.96,0.74,0.92,0.93,0.91,0.44
259,0.97,0.97,0.96,0.74,0.92,0.93,0.92,0.44
260,0.96,0.97,0.96,0.76,0.92,0.93,0.92,0.44
261,0.97,0.97,0.96,0.76,0.92,0.93,0.92,0.45
262,0.97,0.98,0.96,0.77,0.92,0.93,0.92,0.45
263,0.96,0.97,0.96,0.76,0.93,0.93,0.92,0.45
264,0.97,0.97,0.96,0.76,0.92,0.93,0.92,0.46
265,0.96,0.97,0.96,0.76,0.92,0.93,0.92,0.45
266,0.96,0.97,0.96,0.76,0.92,0.93,0.92,0.46
267,0.96,0.97,0.95,0.76,0.92,0.93,0.92,0.46
268,0.97,0.97,0.96,0.77,0.92,0.93,0.92,0.47
269,0.97,0.98,0.96,0.77,0.93,0.94,0.92,0.47
270,0.98,0.98,0.96,0.77,0.93,0.94,0.92,0.48
271,0.97,0.98,0.96,0.77,0.93,0.94,0.92,0.48
272,0.97,0.98,0.96,0.79,0.93,0.94,0.92,0.48
273,0.97,0.98,0.96,0.79,0.93,0.94,0.92,0.49
274,0.98,0.98,0.96,0.77,0.93,0.94,0.93,0.49
275,0.97,0.98,0.96,0.77,0.93,0.94,0.93,0.49
276,0.97,0.98,0.96,0.77,0.93,0.94,0.93,0.49
277,0.97,0.98,0.96,0.77,0.93,0.94,0.93,0.49
278,0.97,0.98,0.96,0.79,0.93,0.94,0.93,0.49
279,0.97,0.98,0.96,0.79,0.93,0.94,0.93,0.5
280,0.97,0.98,0.96,0.79,0.94,0.94,0.93,0.5
281,0.97,0.98,0.97,0.81,0.94,0.95,0.93,0.5
282,0.98,0.98,0.97,0.79,0.93,0.95,0.93,0.51
283,0.98,0.98,0.97,0.79,0.94,0.95,0.93,0.51
284,0.98,0.98,0.96,0.81,0.94,0.95,0.93,0.52
285,0.98,0.98,0.96,0.81,0.94,0.95,0.93,0.52
286,0.98,0.98,0.96,0.81,0.94,0.95,0.93,0.52
287,0.98,0.98,0.96,0.81,0.94,0.95,0.93,0.52
288,0.97,0.98,0.96,0.81,0.94,0.95,0.93,0.52
289,0.97,0.98,0.96,0.81,0.94,0.95,0.94,0.53
290,0.97,0.98,0.96,0.81,0.94,0.95,0.93,0.53
291,0.97,0.98,0.96,0.81,0.93,0.95,0.93,0.53
292,0.97,0.98,0.96,0.81,0.93,0.95,0.93,0.54
293,0.97,0.98,0.96,0.81,0.93,0.95,0.93,0.54
294,0.97,0.98,0.96,0.81,0.93,0.95,0.93,0.54
295,0.97,0.98,0.96,0.81,0.93,0.95,0.93,0.53
296,0.97,0.98,0.96,0.81,0.94,0.95,0.93,0.54
297,0.97,0.98,0.96,0.81,0.94,0.95,0.93,0.54
298,0.97,0.98,0.96,0.81,0.94,0.95,0.93,0.55
299,0.97,0.98,0.96,0.82,0.93,0.95,0.93,0.55
300,0.96,0.98,0.96,0.81,0.94,0.95,0.93,0.55
301,0.96,0.98,0.96,0.81,0.93,0.95,0.94,0.55
302,0.97,0.97,0.96,0.81,0.94,0.95,0.93,0.55
303,0.97,0.98,0.96,0.81,0.93,0.95,0.93,0.55
304,0.96,0.98,0.96,0.81,0.94,0.96,0.94,0.55
305,0.97,0.97,0.96,0.82,0.94,0.95,0.94,0.56
306,0.96,0.97,0.96,0.81,0.94,0.96,0.94,0.56
307,0.96,0.97,0.96,0.81,0.94,0.95,0.94,0.56
308,0.96,0.98,0.96,0.82,0.94,0.96,0.94,0.57
309,0.97,0.98,0.96,0.82,0.94,0.95,0.94,0.57
310,0.96,0.98,0.96,0.82,0.94,0.96,0.94,0.57
311,0.97,0.98,0.96,0.81,0.94,0.95,0.94,0.57
312,0.97,0.98,0.96,0.82,0.94,0.96,0.94,0.57
313,0.97,0.98,0.96,0.82,0.94,0.96,0.94,0.57
314,0.98,0.98,0.96,0.82,0.94,0.96,0.94,0.58
315,0.97,0.98,0.97,0.82,0.94,0.96,0.94,0.58
316,0.97,0.98,0.96,0.82,0.95,0.96,0.94,0.59
317,0.97,0.98,0.96,0.82,0.95,0.96,0.95,0.59
318,0.97,0.98,0.96,0.84,0.95,0.96,0.95,0.59
319,0.97,0.98,0.97,0.84,0.94,0.96,0.95,0.6
320,0.97,0.98,0.96,0.84,0.95,0.96,0.95,0.6
321,0.97,0.98,0.96,0.84,0.95,0.96,0.95,0.6
322,0.97,0.98,0.97,0.84,0.95,0.97,0.95,0.6
323,0.97,0.98,0.97,0.84,0.95,0.96,0.95,0.61
324,0.97,0.98,0.97,0.84,0.95,0.97,0.95,0.61
325,0.97,0.98,0.97,0.84,0.95,0.96,0.95,0.61
326,0.97,0.98,0.97,0.84,0.95,0.96,0.95,0.61
327,0.97,0.98,0.97,0.84,0.95,0.96,0.95,0.62
328,0.97,0.98,0.96,0.82,0.95,0.96,0.95,0.62
329,0.97,0.98,0.96,0.84,0.95,0.96,0.95,0.62
330,0.97,0.98,0.96,0.84,0.95,0.96,0.95,0.62
331,0.97,0.98,0.96,0.84,0.95,0.97,0.95,0.62
332,0.97,0.98,0.96,0.84,0.95,0.97,0.95,0.62
333,0.97,0.98,0.96,0.84,0.95,0.97,0.95,0.62
334,0.97,0.98,0.97,0.84,0.95,0.97,0.95,0.63
335,0.97,0.98,0.96,0.84,0.95,0.97,0.95,0.62
336,0.97,0.98,0.96,0.84,0.95,0.97,0.95,0.62
337,0.98,0.98,0.97,0.85,0.95,0.97,0.95,0.64
338,0.97,0.98,0.96,0.85,0.95,0.97,0.95,0.63
339,0.97,0.98,0.96,0.85,0.95,0.97,0.95,0.64
340,0.97,0.98,0.96,0.85,0.95,0.97,0.95,0.64
341,0.96,0.98,0.96,0.85,0.95,0.97,0.95,0.63
342,0.97,0.98,0.96,0.84,0.95,0.97,0.95,0.64
343,0.97,0.98,0.96,0.85,0.95,0.97,0.95,0.65
344,0.97,0.99,0.97,0.85,0.95,0.97,0.95,0.65
345,0.97,0.98,0.97,0.87,0.95,0.97,0.95,0.65
346,0.97,0.98,0.96,0.87,0.95,0.97,0.95,0.65
347,0.97,0.99,0.97,0.85,0.95,0.97,0.95,0.66
348,0.97,0.99,0.97,0.85,0.95,0.97,0.95,0.65
349,0.98,0.98,0.97,0.87,0.95,0.97,0.95,0.66
350,0.97,0.98,0.97,0.85,0.95,0.97,0.95,0.67
351,0.98,0.98,0.97,0.87,0.95,0.97,0.95,0.66
352,0.98,0.99,0.97,0.87,0.95,0.97,0.96,0.67
353,0.97,0.99,0.97,0.87,0.95,0.97,0.95,0.67
354,0.97,0.99,0.97,0.87,0.95,0.97,0.95,0.67
355,0.98,0.98,0.97,0.87,0.96,0.98,0.96,0.67
356,0.98,0.99,0.97,0.87,0.95,0.97,0.96,0.68
357,0.98,0.99,0.97,0.87,0.96,0.97,0.96,0.67
358,0.98,0.99,0.97,0.87,0.96,0.98,0.96,0.68
359,0.98,0.99,0.97,0.87,0.96,0.97,0.96,0.68
360,0.98,0.98,0.97,0.87,0.96,0.97,0.96,0.68
361,0.98,0.99,0.97,0.87,0.95,0.97,0.96,0.68
362,0.98,0.99,0.97,0.87,0.96,0.97,0.96,0.68
363,0.97,0.99,0.97,0.87,0.96,0.98,0.96,0.68
364,0.97,0.99,0.97,0.89,0.96,0.97,0.96,0.68
365,0.97,0.99,0.97,0.89,0.96,0.98,0.96,0.68
366,0.97,0.98,0.97,0.87,0.96,0.98,0.96,0.69
367,0.98,0.99,0.97,0.87,0.96,0.98,0.96,0.69
368,0.98,0.99,0.97,0.87,0.96,0.98,0.96,0.69
369,0.97,0.99,0.97,0.87,0.95,0.98,0.96,0.7
370,0.98,0.99,0.97,0.89,0.96,0.98,0.96,0.69
371,0.98,0.99,0.97,0.89,0.96,0.98,0.96,0.7
372,0.98,0.99,0.97,0.89,0.96,0.98,0.96,0.7
373,0.98,0.99,0.97,0.89,0.96,0.98,0.96,0.71
374,0.99,0.99,0.97,0.89,0.96,0.98,0.96,0.7
375,0.99,0.99,0.98,0.9,0.97,0.98,0.96,0.71
376,0.98,0.99,0.98,0.9,0.96,0.98,0.97,0.72
377,0.98,0.99,0.98,0.9,0.96,0.98,0.97,0.71
378,0.98,0.99,0.98,0.9,0.97,0.98,0.96,0.72
379,0.98,0.99,0.98,0.9,0.96,0.98,0.97,0.71
380,0.98,0.99,0.98,0.9,0.96,0.98,0.96,0.72
381,0.98,0.99,0.97,0.9,0.96,0.98,0.96,0.72
382,0.98,0.99,0.97,0.89,0.96,0.98,0.96,0.72
383,0.98,0.99,0.97,0.9,0.96,0.98,0.96,0.72
384,0.98,0.99,0.97,0.9,0.96,0.98,0.96,0.72
385,0.98,0.99,0.97,0.9,0.96,0.98,0.96,0.72
386,0.98,0.99,0.98,0.89,0.97,0.98,0.97,0.73
387,0.98,0.99,0.98,0.9,0.97,0.98,0.97,0.73
388,0.98,0.99,0.98,0.9,0.96,0.98,0.97,0.74
389,0.98,0.99,0.98,0.9,0.97,0.98,0.97,0.74
390,0.99,0.99,0.98,0.9,0.97,0.98,0.97,0.74
391,0.99,1.0,0.98,0.9,0.97,0.99,0.97,0.74
392,0.98,1.0,0.98,0.92,0.97,0.99,0.97,0.75
393,0.99,0.99,0.98,0.92,0.97,0.98,0.97,0.74
394,0.99,1.0,0.98,0.92,0.97,0.99,0.97,0.75
395,0.99,1.0,0.98,0.92,0.97,0.99,0.97,0.75
396,0.99,1.0,0.98,0.92,0.97,0.99,0.97,0.75
397,0.99,0.99,0.98,0.92,0.97,0.99,0.97,0.76
398,0.99,0.99,0.98,0.92,0.97,0.98,0.97,0.76
399,0.99,0.99,0.98,0.92,0.97,0.98,0.97,0.76
400,0.99,1.0,0.98,0.92,0.97,0.99,0.97,0.76
401,0.99,1.0,0.98,0.92,0.97,0.99,0.97,0.76
402,0.98,1.0,0.98,0.94,0.97,0.99,0.97,0.76
403,0.99,1.0,0.98,0.94,0.97,0.99,0.97,0.77
404,0.98,0.99,0.98,0.92,0.97,0.99,0.97,0.77
405,0.98,0.99,0.98,0.94,0.97,0.99,0.97,0.77
406,0.98,0.99,0.98,0.92,0.97,0.98,0.97,0.77
407,0.98,0.99,0.98,0.94,0.97,0.99,0.97,0.77
408,0.98,0.99,0.98,0.94,0.97,0.99,0.97,0.77
409,0.98,0.99,0.97,0.94,0.97,0.98,0.97,0.77
410,0.98,0.99,0.97,0.92,0.97,0.98,0.97,0.77
411,0.98,0.99,0.97,0.92,0.97,0.98,0.97,0.77
412,0.98,0.99,0.97,0.92,0.97,0.98,0.97,0.77
413,0.98,0.99,0.97,0.94,0.97,0.99,0.97,0.77
414,0.98,0.99,0.97,0.92,0.96,0.99,0.97,0.77
415,0.98,0.99,0.97,0.92,0.97,0.99,0.97,0.77
416,0.98,1.0,0.98,0.92,0.97,0.99,0.97,0.78
417,0.98,0.99,0.98,0.92,0.97,0.99,0.97,0.78
418,0.98,1.0,0.98,0.94,0.97,1.0,0.97,0.78
419,0.99,1.0,0.98,0.94,0.97,0.99,0.97,0.78
420,0.98,1.0,0.98,0.94,0.97,0.99,0.97,0.78
421,0.98,1.0,0.98,0.94,0.97,0.99,0.97,0.78
422,0.98,1.0,0.98,0.94,0.97,0.99,0.97,0.79
423,0.98,1.0,0.98,0.94,0.97,0.99,0.97,0.79
424,0.99,1.0,0.98,0.94,0.97,0.99,0.97,0.79
425,0.99,1.0,0.98,0.95,0.97,0.99,0.97,0.79
426,0.99,0.99,0.98,0.94,0.97,0.99,0.98,0.79
427,0.99,1.0,0.98,0.94,0.97,1.0,0.98,0.8
428,0.99,1.0,0.98,0.94,0.97,0.99,0.98,0.8
429,0.99,1.0,0.98,0.94,0.97,0.99,0.97,0.8
430,0.98,1.0,0.98,0.95,0.97,0.99,0.98,0.8
431,0.99,1.0,0.98,0.94,0.97,1.0,0.98,0.8
432,0.99,1.0,0.98,0.94,0.97,0.99,0.98,0.81
433,0.98,1.0,0.98,0.94,0.97,0.99,0.98,0.81
434,0.98,0.99,0.97,0.94,0.97,1.0,0.97,0.81
435,0.98,0.99,0.97,0.94,0.97,0.99,0.97,0.81
436,0.98,0.99,0.97,0.94,0.97,0.99,0.97,0.81
437,0.98,0.99,0.97,0.94,0.97,0.99,0.97,0.81
438,0.98,0.99,0.97,0.94,0.96,0.99,0.97,0.8
439,0.98,0.99,0.97,0.94,0.96,0.99,0.97,0.81
440,0.98,0.99,0.97,0.94,0.97,0.99,0.97,0.81
441,0.98,0.99,0.97,0.94,0.97,0.99,0.97,0.81
442,0.98,0.99,0.97,0.94,0.97,0.99,0.97,0.82
443,0.97,0.99,0.97,0.94,0.97,0.99,0.97,0.81
444,0.98,0.99,0.97,0.94,0.97,0.99,0.97,0.82
445,0.98,0.99,0.97,0.94,0.97,0.99,0.97,0.82
446,0.98,0.99,0.97,0.94,0.97,0.99,0.97,0.83
447,0.98,0.99,0.97,0.94,0.97,0.99,0.97,0.82
448,0.98,0.99,0.97,0.94,0.97,0.99,0.97,0.82
449,0.98,0.99,0.97,0.94,0.97,0.99,0.97,0.83
450,0.98,0.99,0.98,0.95,0.97,0.99,0.97,0.83
451,0.98,1.0,0.98,0.95,0.97,0.99,0.98,0.82
452,0.98,0.99,0.98,0.94,0.97,0.99,0.98,0.84
453,0.98,0.99,0.98,0.95,0.97,0.99,0.98,0.83
454,0.98,0.99,0.98,0.95,0.97,0.99,0.97,0.83
455,0.98,0.99,0.98,0.95,0.97,0.99,0.97,0.83
456,0.98,0.99,0.97,0.95,0.97,0.99,0.97,0.84
457,0.98,0.99,0.97,0.94,0.97,0.99,0.97,0.84
458,0.98,0.99,0.97,0.95,0.97,0.99,0.97,0.84
459,0.98,0.99,0.97,0.94,0.97,0.99,0.97,0.83
460,0.98,0.99,0.97,0.94,0.97,0.99,0.97,0.84
461,0.98,0.99,0.97,0.95,0.97,0.99,0.97,0.84
462,0.98,0.99,0.97,0.95,0.97,0.99,0.97,0.84
463,0.98,0.99,0.97,0.94,0.97,0.99,0.97,0.84
464,0.98,0.99,0.97,0.95,0.96,0.99,0.97,0.84
465,0.97,0.99,0.97,0.94,0.97,0.99,0.97,0.84
466,0.97,0.99,0.97,0.94,0.97,0.99,0.97,0.85
467,0.97,0.99,0.97,0.94,0.96,0.99,0.97,0.85
468,0.97,0.99,0.97,0.94,0.97,0.99,0.97,0.85
469,0.98,0.99,0.97,0.94,0.97,0.99,0.97,0.85
470,0.98,0.99,0.97,0.94,0.97,0.99,0.97,0.85
471,0.97,0.99,0.97,0.94,0.97,0.99,0.97,0.85
472,0.98,0.99,0.97,0.94,0.97,0.99,0.97,0.85
473,0.98,0.99,0.97,0.94,0.97,0.99,0.97,0.86
474,0.97,0.99,0.97,0.94,0.96,0.99,0.97,0.86
475,0.98,0.99,0.97,0.94,0.97,0.99,0.97,0.85
476,0.97,0.99,0.97,0.94,0.96,0.99,0.97,0.85
477,0.98,0.99,0.97,0.94,0.97,0.99,0.97,0.85
478,0.97,0.98,0.97,0.94,0.96,0.99,0.97,0.86
479,0.97,0.98,0.97,0.94,0.96,0.99,0.97,0.86
480,0.97,0.98,0.97,0.94,0.97,0.99,0.97,0.86
481,0.97,0.98,0.97,0.92,0.97,0.99,0.97,0.86
482,0.97,0.98,0.97,0.94,0.96,0.99,0.97,0.87
483,0.97,0.99,0.97,0.94,0.96,0.99,0.97,0.86
484,0.97,0.98,0.97,0.94,0.96,0.99,0.97,0.87
485,0.97,0.99,0.97,0.94,0.97,0.99,0.97,0.87
486,0.97,0.99,0.97,0.94,0.97,0.98,0.97,0.87
487,0.97,0.98,0.97,0.94,0.97,0.99,0.97,0.87
488,0.97,0.98,0.97,0.94,0.96,0.98,0.97,0.87
489,0.97,0.98,0.97,0.94,0.96,0.99,0.97,0.87
490,0.97,0.98,0.97,0.94,0.96,0.99,0.97,0.87
491,0.97,0.99,0.97,0.94,0.96,0.99,0.97,0.88
492,0.97,0.99,0.97,0.94,0.96,0.99,0.97,0.88
493,0.97,0.99,0.97,0.94,0.97,0.99,0.97,0.88
494,0.97,0.99,0.97,0.95,0.96,0.99,0.97,0.88
495,0.97,0.99,0.96,0.94,0.96,0.99,0.97,0.88
496,0.97,0.98,0.96,0.94,0.96,0.99,0.97,0.88
497,0.96,0.98,0.96,0.94,0.96,0.99,0.97,0.88
498,0.96,0.99,0.96,0.94,0.96,1.0,0.97,0.89
499,0.96,0.99,0.96,0.95,0.96,0.99,0.97,0.88
500,0.96,0.99,0.96,0.94,0.96,1.0,0.97,0.89
501,0.97,0.99,0.96,0.95,0.96,0.99,0.97,0.89
502,0.96,0.99,0.96,0.95,0.96,0.99,0.97,0.88
503,0.97,0.99,0.96,0.95,0.96,0.99,0.97,0.89
504,0.96,0.99,0.96,0.95,0.97,0.99,0.97,0.89
505,0.97,0.99,0.96,0.95,0.96,0.99,0.97,0.89
506,0.96,0.99,0.96,0.95,0.96,0.99,0.97,0.89
507,0.96,0.99,0.96,0.95,0.96,0.99,0.97,0.89
508,0.97,0.99,0.97,0.95,0.96,1.0,0.97,0.89
509,0.97,0.99,0.97,0.95,0.97,1.0,0.97,0.89
510,0.97,0.99,0.96,0.95,0.96,1.0,0.97,0.89
511,0.97,0.99,0.97,0.95,0.97,0.99,0.97,0.89
512,0.97,0.98,0.96,0.95,0.96,0.99,0.97,0.89
513,0.97,0.98,0.96,0.94,0.96,0.99,0.97,0.9
514,0.96,0.98,0.96,0.95,0.96,0.99,0.97,0.89
515,0.96,0.98,0.96,0.95,0.96,0.99,0.97,0.89
516,0.97,0.98,0.96,0.95,0.96,0.99,0.97,0.89
517,0.97,0.98,0.97,0.95,0.97,0.99,0.97,0.9
518,0.97,0.98,0.97,0.95,0.97,0.99,0.97,0.89
519,0.97,0.98,0.97,0.95,0.97,0.99,0.97,0.9
520,0.97,0.98,0.97,0.95,0.97,0.99,0.97,0.9
521,0.97,0.98,0.97,0.95,0.97,0.99,0.97,0.9
522,0.97,0.98,0.97,0.95,0.97,0.99,0.97,0.91
523,0.97,0.98,0.97,0.95,0.97,0.99,0.98,0.91
524,0.97,0.98,0.97,0.97,0.97,0.99,0.98,0.91
525,0.97,0.99,0.97,0.97,0.97,1.0,0.98,0.92
526,0.98,0.99,0.97,0.97,0.97,1.0,0.97,0.92
527,0.98,0.99,0.97,0.97,0.97,1.0,0.98,0.92
528,0.98,0.99,0.97,0.97,0.97,1.0,0.98,0.92
529,0.98,0.98,0.97,0.97,0.97,0.99,0.98,0.92
530,0.98,0.99,0.97,0.97,0.97,0.99,0.97,0.92
531,0.98,0.98,0.97,0.97,0.97,1.0,0.98,0.92
532,0.97,0.98,0.97,0.97,0.97,0.99,0.97,0.92
533,0.97,0.98,0.97,0.97,0.97,0.99,0.97,0.92
534,0.98,0.98,0.97,0.97,0.97,0.99,0.97,0.92
535,0.97,0.98,0.97,0.97,0.97,0.99,0.98,0.92
536,0.97,0.98,0.97,0.97,0.97,0.99,0.97,0.93
537,0.97,0.98,0.97,0.97,0.97,0.99,0.97,0.93
538,0.96,0.98,0.97,0.95,0.97,0.99,0.97,0.92
539,0.98,0.98,0.97,0.97,0.97,0.99,0.97,0.93
540,0.97,0.98,0.97,0.97,0.97,0.99,0.97,0.93
541,0.97,0.98,0.97,0.97,0.97,0.99,0.97,0.93
542,0.97,0.98,0.97,0.97,0.97,1.0,0.98,0.93
543,0.97,0.98,0.97,0.97,0.97,0.99,0.98,0.93
544,0.97,0.98,0.97,0.97,0.97,1.0,0.97,0.93
545,0.97,0.98,0.97,0.97,0.97,0.99,0.98,0.94
546,0.97,0.98,0.97,0.97,0.97,1.0,0.98,0.94
547,0.98,0.99,0.97,0.97,0.97,1.0,0.98,0.94
548,0.97,0.98,0.97,0.97,0.97,1.0,0.98,0.94
549,0.97,0.98,0.97,0.97,0.97,1.0,0.98,0.94
550,0.97,0.98,0.97,0.98,0.97,1.0,0.98,0.94
551,0.97,0.98,0.97,0.98,0.97,1.0,0.98,0.95
552,0.97,0.98,0.97,0.97,0.97,0.99,0.98,0.95
553,0.97,0.98,0.97,0.98,0.97,0.99,0.98,0.95
554,0.97,0.98,0.97,0.97,0.97,1.0,0.97,0.95
555,0.97,0.98,0.97,0.98,0.97,1.0,0.98,0.95
556,0.97,0.98,0.97,0.98,0.97,1.0,0.98,0.95
557,0.97,0.98,0.97,0.98,0.97,1.0,0.98,0.95
558,0.97,0.98,0.97,0.97,0.97,0.99,0.98,0.95
559,0.97,0.98,0.97,0.97,0.97,0.99,0.97,0.95
560,0.97,0.98,0.97,0.98,0.97,1.0,0.98,0.96
561,0.97,0.98,0.97,0.98,0.97,0.99,0.97,0.96
562,0.97,0.98,0.97,0.98,0.97,1.0,0.98,0.96
563,0.97,0.98,0.97,0.98,0.97,1.0,0.98,0.96
564,0.97,0.98,0.97,0.98,0.97,0.99,0.98,0.96
565,0.97,0.98,0.97,0.98,0.97,1.0,0.98,0.97
566,0.97,0.98,0.97,0.98,0.97,1.0,0.98,0.96
567,0.97,0.98,0.97,1.0,0.97,1.0,0.98,0.97
568,0.97,0.98,0.97,0.98,0.97,1.0,0.98,0.97
569,0.97,0.98,0.97,0.98,0.97,1.0,0.98,0.96
570,0.97,0.98,0.97,0.98,0.97,1.0,0.98,0.97
571,0.97,0.98,0.97,0.98,0.97,1.0,0.98,0.97
572,0.97,0.98,0.97,0.98,0.97,1.0,0.98,0.97
573,0.97,0.98,0.97,0.98,0.97,1.0,0.98,0.98
574,0.97,0.98,0.97,0.98,0.97,1.0,0.98,0.97
575,0.97,0.98,0.97,0.98,0.97,1.0,0.98,0.98
576,0.97,0.98,0.97,0.98,0.97,1.0,0.98,0.97
577,0.97,0.98,0.97,0.98,0.97,1.0,0.98,0.97
578,0.97,0.98,0.97,0.98,0.97,1.0,0.98,0.98
579,0.96,0.98,0.97,1.0,0.97,1.0,0.98,0.98
580,0.96,0.98,0.97,1.0,0.97,1.0,0.98,0.98
581,0.97,0.98,0.97,1.0,0.97,1.0,0.98,0.98
582,0.97,0.98,0.97,0.98,0.97,1.0,0.98,0.98
583,0.96,0.98,0.97,0.98,0.97,1.0,0.98,0.98
584,0.97,0.98,0.97,1.0,0.97,1.0,0.98,0.99
585,0.96,0.98,0.97,1.0,0.97,1.0,0.98,0.99
586,0.96,0.98,0.97,0.98,0.97,1.0,0.98,0.98
587,0.96,0.98,0.97,1.0,0.97,0.99,0.98,0.98
588,0.96,0.98,0.97,1.0,0.97,1.0,0.98,0.98
589,0.96,0.98,0.97,1.0,0.97,1.0,0.98,0.98
590,0.96,0.98,0.97,0.98,0.97,1.0,0.98,0.99
591,0.96,0.98,0.97,0.98,0.97,1.0,0.98,0.99
592,0.97,0.98,0.97,0.98,0.97,1.0,0.98,0.99
593,0.96,0.98,0.97,0.98,0.97,1.0,0.97,0.99
594,0.96,0.97,0.96,0.98,0.97,1.0,0.97,0.98
595,0.96,0.97,0.96,0.98,0.97,1.0,0.97,0.99
596,0.96,0.97,0.96,0.98,0.97,0.99,0.97,0.99
597,0.96,0.97,0.96,0.98,0.97,0.99,0.97,0.98
598,0.96,0.97,0.96,0.98,0.96,0.99,0.97,0.99
599,0.96,0.97,0.96,0.98,0.97,1.0,0.97,1.0
