0,0.97,0.76,0.99,0.92,0.98,0.3,1.0,0.89
1,0.97,0.76,0.99,0.92,0.98,0.4,1.0,0.89
2,0.96,0.67,0.99,0.92,0.98,0.3,1.0,0.89
3,0.97,0.67,0.99,0.92,1.0,0.4,1.0,0.9
4,0.97,0.67,0.99,0.92,0.97,0.4,1.0,0.9
5,1.0,0.67,0.99,0.92,0.98,0.4,1.0,0.9
6,0.97,0.67,0.99,0.92,0.98,0.4,1.0,0.9
7,0.97,0.67,1.0,0.92,0.98,0.4,1.0,0.9
8,0.96,0.67,0.99,0.92,0.98,0.4,1.0,0.9
9,0.96,0.67,0.99,0.92,0.98,0.4,1.0,0.9
10,0.97,0.67,0.99,0.93,0.98,0.4,1.0,0.9
11,0.96,0.67,0.99,0.93,0.97,0.3,1.0,0.9
12,0.96,0.57,0.99,0.92,0.98,0.3,1.0,0.91
13,0.96,0.57,0.99,0.93,0.98,0.3,1.0,0.91
14,0.96,0.67,0.99,0.93,0.97,0.4,1.0,0.91
15,0.96,0.67,0.99,0.93,0.97,0.4,1.0,0.91
16,0.94,0.67,0.99,0.93,0.97,0.4,1.0,0.91
17,0.94,0.67,0.99,0.93,0.97,0.4,1.0,0.91
18,0.94,0.67,0.99,0.93,0.97,0.4,1.0,0.91
19,0.94,0.67,0.99,0.93,0.97,0.4,1.0,0.91
20,0.94,0.57,0.99,0.93,0.97,0.4,1.0,0.92
21,0.96,0.57,0.99,0.93,0.97,0.4,1.0,0.92
22,0.94,0.57,0.99,0.93,0.97,0.4,1.0,0.92
23,0.94,0.49,0.99,0.93,0.97,0.3,1.0,0.92
24,0.93,0.49,0.99,0.93,0.97,0.3,1.0,0.92
25,0.94,0.57,0.99,0.94,0.97,0.3,0.99,0.92
26,0.94,0.57,0.99,0.94,0.97,0.4,1.0,0.92
27,0.96,0.57,0.99,0.94,0.97,0.3,1.0,0.92
28,0.94,0.49,0.99,0.94,0.97,0.3,1.0,0.92
29,0.96,0.57,0.99,0.94,0.97,0.3,1.0,0.92
30,0.96,0.57,0.99,0.94,0.97,0.3,1.0,0.93
31,0.96,0.57,0.99,0.94,0.97,0.3,0.99,0.93
32,0.94,0.57,0.99,0.94,0.97,0.3,1.0,0.93
33,0.94,0.57,0.99,0.94,0.97,0.3,1.0,0.93
34,0.93,0.49,0.99,0.94,0.95,0.3,1.0,0.93
35,0.93,0.49,0.99,0.94,0.95,0.2,1.0,0.93
36,0.93,0.33,0.99,0.94,0.95,0.2,0.99,0.93
37,0.93,0.41,0.98,0.94,0.97,0.2,0.99,0.93
38,0.93,0.41,0.99,0.94,0.95,0.2,0.99,0.93
39,0.94,0.41,0.98,0.94,0.95,0.2,0.99,0.94
40,0.91,0.41,0.98,0.95,0.95,0.2,0.99,0.94
41,0.93,0.41,0.99,0.95,0.95,0.3,0.99,0.94
42,0.91,0.41,0.99,0.95,0.95,0.2,0.99,0.94
43,0.93,0.49,0.99,0.95,0.95,0.3,1.0,0.94
44,0.93,0.49,0.99,0.95,0.97,0.3,1.0,0.94
45,0.94,0.49,0.99,0.95,0.97,0.3,0.99,0.94
46,0.93,0.49,0.99,0.95,0.97,0.3,1.0,0.94
47,0.93,0.49,0.99,0.95,0.97,0.2,1.0,0.94
48,0.94,0.41,0.99,0.95,0.97,0.2,0.99,0.94
49,0.94,0.41,0.99,0.95,0.97,0.2,0.99,0.95
50,0.96,0.33,0.99,0.95,0.97,0.2,1.0,0.95
51,0.96,0.33,1.0,0.96,1.0,0.2,1.0,0.95
52,0.97,0.33,1.0,0.96,1.0,0.2,1.0,0.95
53,0.93,0.24,0.97,0.94,0.97,0.1,0.91,0.92
54,0.81,0.24,0.86,0.89,0.85,0.2,0.7,0.86
55,0.64,0.16,0.53,0.76,0.64,0.1,0.39,0.73
56,0.55,0.16,0.39,0.69,0.56,0.1,0.3,0.66
57,0.47,0.24,0.27,0.59,0.45,0.2,0.22,0.57
58,0.4,0.24,0.22,0.53,0.39,0.2,0.18,0.5
59,0.35,0.16,0.17,0.47,0.34,0.1,0.15,0.45
60,0.33,0.24,0.15,0.43,0.32,0.1,0.13,0.41
61,0.29,0.33,0.13,0.39,0.28,0.1,0.12,0.37
62,0.28,0.24,0.11,0.36,0.26,0.1,0.1,0.34
63,0.23,0.16,0.09,0.32,0.22,0.1,0.09,0.3
64,0.18,0.16,0.07,0.27,0.18,0.1,0.07,0.26
65,0.17,0.16,0.07,0.26,0.17,0.0,0.07,0.25
66,0.14,0.16,0.06,0.23,0.15,0.1,0.06,0.21
67,0.14,0.16,0.06,0.22,0.13,0.1,0.05,0.21
68,0.12,0.16,0.05,0.2,0.12,0.1,0.05,0.19
69,0.11,0.16,0.04,0.18,0.1,0.1,0.04,0.17
70,0.11,0.16,0.04,0.17,0.1,0.1,0.04,0.17
71,0.11,0.08,0.04,0.16,0.09,0.0,0.04,0.16
72,0.08,0.16,0.03,0.14,0.08,0.0,0.03,0.14
73,0.07,0.16,0.03,0.14,0.08,0.0,0.03,0.13
74,0.06,0.16,0.03,0.13,0.07,0.0,0.03,0.13
75,0.06,0.16,0.03,0.12,0.07,0.0,0.03,0.12
76,0.06,0.16,0.02,0.11,0.06,0.1,0.03,0.11
77,0.05,0.16,0.02,0.1,0.06,0.0,0.02,0.1
78,0.06,0.16,0.02,0.1,0.05,0.1,0.02,0.1
79,0.05,0.24,0.02,0.1,0.06,0.1,0.02,0.1
80,0.06,0.24,0.02,0.09,0.05,0.1,0.02,0.09
81,0.06,0.24,0.02,0.09,0.05,0.0,0.02,0.09
82,0.03,0.24,0.02,0.08,0.05,0.1,0.02,0.08
83,0.03,0.16,0.02,0.08,0.04,0.0,0.02,0.08
84,0.02,0.16,0.01,0.07,0.04,0.1,0.02,0.07
85,0.02,0.16,0.01,0.07,0.04,0.0,0.02,0.07
86,0.03,0.16,0.01,0.06,0.03,0.1,0.01,0.06
87,0.02,0.16,0.01,0.06,0.03,0.1,0.01,0.06
88,0.02,0.24,0.01,0.06,0.03,0.1,0.01,0.06
89,0.02,0.24,0.01,0.06,0.02,0.1,0.01,0.06
90,0.01,0.24,0.01,0.06,0.03,0.2,0.01,0.06
91,0.02,0.16,0.01,0.05,0.03,0.1,0.01,0.06
92,0.02,0.16,0.01,0.05,0.03,0.0,0.01,0.05
93,0.01,0.16,0.01,0.05,0.03,0.1,0.01,0.05
94,0.02,0.24,0.01,0.05,0.03,0.1,0.01,0.05
95,0.03,0.16,0.01,0.04,0.03,0.1,0.01,0.05
96,0.03,0.24,0.01,0.04,0.03,0.1,0.01,0.04
97,0.02,0.24,0.01,0.04,0.03,0.1,0.01,0.04
98,0.03,0.24,0.01,0.04,0.03,0.2,0.01,0.04
99,0.01,0.24,0.01,0.04,0.03,0.1,0.01,0.04
100,0.02,0.24,0.01,0.04,0.03,0.1,0.01,0.04
101,0.02,0.24,0.01,0.03,0.03,0.1,0.01,0.04
102,0.02,0.24,0.01,0.03,0.02,0.1,0.01,0.04
103,0.01,0.16,0.01,0.03,0.02,0.1,0.01,0.03
104,0.01,0.16,0.01,0.03,0.02,0.0,0.01,0.03
105,0.0,0.08,0.01,0.03,0.02,0.1,0.01,0.03
106,0.01,0.16,0.01,0.03,0.02,0.1,0.01,0.03
107,0.0,0.16,0.01,0.03,0.02,0.1,0.01,0.03
108,0.02,0.16,0.01,0.03,0.01,0.0,0.01,0.03
109,0.0,0.08,0.01,0.02,0.01,0.0,0.01,0.03
110,0.0,0.08,0.01,0.02,0.02,0.0,0.01,0.03
111,0.01,0.08,0.01,0.02,0.02,0.0,0.01,0.02
112,0.0,0.16,0.01,0.02,0.01,0.1,0.01,0.02
113,0.02,0.16,0.01,0.02,0.02,0.1,0.01,0.02
114,0.02,0.16,0.01,0.02,0.02,0.1,0.01,0.02
115,0.01,0.16,0.01,0.02,0.02,0.1,0.01,0.02
116,0.01,0.08,0.01,0.02,0.01,0.1,0.01,0.02
117,0.02,0.08,0.01,0.02,0.01,0.1,0.01,0.02
118,0.01,0.08,0.0,0.02,0.01,0.0,0.0,0.02
119,0.0,0.08,0.0,0.02,0.01,0.1,0.0,0.02
120,0.0,0.08,0.0,0.02,0.01,0.0,0.0,0.02
121,0.01,0.0,0.0,0.01,0.01,0.0,0.0,0.02
122,0.0,0.08,0.0,0.01,0.01,0.0,0.0,0.01
123,0.0,0.08,0.0,0.01,0.01,0.0,0.0,0.01
124,0.02,0.08,0.0,0.01,0.01,0.0,0.0,0.01
125,0.0,0.08,0.0,0.01,0.01,0.1,0.0,0.01
126,0.0,0.08,0.0,0.01,0.01,0.1,0.0,0.01
127,0.01,0.08,0.0,0.01,0.01,0.1,0.0,0.01
128,0.01,0.08,0.0,0.01,0.01,0.1,0.0,0.01
129,0.02,0.08,0.0,0.01,0.01,0.1,0.0,0.01
130,0.0,0.08,0.0,0.01,0.01,0.1,0.0,0.01
131,0.01,0.08,0.0,0.01,0.01,0.1,0.0,0.01
132,0.01,0.08,0.0,0.01,0.01,0.1,0.0,0.01
133,0.01,0.08,0.0,0.01,0.01,0.1,0.0,0.01
134,0.02,0.16,0.0,0.01,0.01,0.1,0.0,0.01
135,0.0,0.08,0.0,0.01,0.01,0.1,0.0,0.01
136,0.01,0.16,0.0,0.01,0.01,0.1,0.0,0.01
137,0.01,0.16,0.0,0.0,0.01,0.1,0.0,0.01
138,0.01,0.16,0.0,0.0,0.01,0.1,0.0,0.01
139,0.01,0.16,0.0,0.0,0.01,0.1,0.0,0.0
140,0.0,0.16,0.0,0.0,0.01,0.1,0.0,0.0
141,0.01,0.24,0.0,0.0,0.0,0.2,0.0,0.0
142,0.02,0.24,0.0,0.0,0.01,0.1,0.0,0.0
143,0.02,0.24,0.0,0.0,0.01,0.2,0.0,0.0
144,0.02,0.24,0.0,0.0,0.01,0.2,0.0,0.0
145,0.01,0.24,0.0,0.0,0.01,0.2,0.0,0.0
146,0.01,0.24,0.0,0.0,0.01,0.2,0.0,0.0
147,0.02,0.24,0.0,0.0,0.01,0.2,0.0,0.0
148,0.02,0.24,0.0,0.0,0.02,0.3,0.0,0.0
149,0.06,0.33,0.01,0.0,0.04,0.3,0.02,0.0
150,0.08,0.41,0.04,0.0,0.09,0.3,0.04,0.0
151,0.14,0.41,0.06,0.0,0.13,0.4,0.06,0.0
152,0.14,0.41,0.07,0.0,0.13,0.4,0.07,0.0
153,0.22,0.49,0.12,0.01,0.21,0.4,0.11,0.01
154,0.3,0.41,0.17,0.01,0.29,0.4,0.15,0.01
155,0.3,0.41,0.18,0.01,0.3,0.5,0.16,0.02
156,0.37,0.49,0.22,0.02,0.35,0.4,0.19,0.02
157,0.42,0.49,0.26,0.02,0.4,0.4,0.23,0.03
158,0.5,0.49,0.33,0.03,0.48,0.4,0.29,0.04
159,0.51,0.41,0.35,0.04,0.51,0.4,0.3,0.04
160,0.55,0.41,0.37,0.04,0.52,0.4,0.33,0.04
161,0.59,0.41,0.4,0.05,0.55,0.4,0.35,0.05
162,0.62,0.33,0.44,0.05,0.59,0.4,0.38,0.06
163,0.64,0.33,0.48,0.06,0.63,0.4,0.42,0.07
164,0.69,0.33,0.52,0.07,0.66,0.4,0.46,0.07
165,0.7,0.33,0.54,0.08,0.69,0.3,0.48,0.08
166,0.7,0.33,0.55,0.08,0.69,0.4,0.48,0.08
167,0.73,0.41,0.58,0.1,0.72,0.4,0.51,0.09
168,0.74,0.33,0.59,0.1,0.73,0.4,0.53,0.1
169,0.75,0.33,0.61,0.11,0.73,0.4,0.55,0.1
170,0.75,0.33,0.63,0.12,0.76,0.3,0.57,0.11
171,0.78,0.33,0.67,0.14,0.79,0.4,0.6,0.12
172,0.8,0.41,0.68,0.14,0.79,0.4,0.61,0.13
173,0.81,0.41,0.7,0.15,0.81,0.3,0.63,0.14
174,0.84,0.41,0.71,0.16,0.82,0.6,0.65,0.15
175,0.84,0.41,0.73,0.17,0.84,0.5,0.67,0.15
176,0.85,0.41,0.74,0.18,0.84,0.4,0.68,0.16
177,0.85,0.49,0.75,0.19,0.85,0.5,0.69,0.17
178,0.85,0.49,0.76,0.19,0.85,0.5,0.7,0.17
179,0.88,0.57,0.77,0.21,0.87,0.5,0.71,0.18
180,0.88,0.49,0.78,0.22,0.88,0.5,0.73,0.19
181,0.88,0.49,0.79,0.23,0.88,0.6,0.74,0.19
182,0.88,0.49,0.8,0.24,0.88,0.6,0.75,0.2
183,0.9,0.49,0.8,0.24,0.9,0.6,0.75,0.2
184,0.9,0.49,0.81,0.25,0.9,0.5,0.76,0.21
185,0.88,0.49,0.82,0.26,0.9,0.6,0.77,0.22
186,0.88,0.33,0.82,0.27,0.9,0.5,0.77,0.22
187,0.88,0.33,0.82,0.28,0.9,0.4,0.78,0.23
188,0.88,0.33,0.83,0.28,0.9,0.4,0.78,0.23
189,0.87,0.24,0.83,0.3,0.88,0.5,0.79,0.24
190,0.87,0.33,0.84,0.31,0.88,0.4,0.8,0.25
191,0.87,0.24,0.84,0.31,0.9,0.4,0.8,0.25
192,0.87,0.24,0.84,0.32,0.9,0.4,0.81,0.26
193,0.87,0.24,0.85,0.32,0.88,0.3,0.81,0.26
194,0.88,0.33,0.85,0.33,0.9,0.4,0.81,0.27
195,0.87,0.33,0.85,0.34,0.9,0.4,0.82,0.27
196,0.88,0.33,0.86,0.35,0.9,0.4,0.83,0.28
197,0.87,0.33,0.86,0.35,0.9,0.4,0.83,0.28
198,0.88,0.33,0.87,0.36,0.9,0.4,0.83,0.29
199,0.88,0.41,0.87,0.37,0.92,0.5,0.84,0.3
200,0.87,0.33,0.87,0.38,0.9,0.4,0.84,0.3
201,0.87,0.33,0.87,0.38,0.9,0.5,0.84,0.3
202,0.88,0.41,0.87,0.39,0.9,0.4,0.85,0.31
203,0.9,0.41,0.88,0.39,0.92,0.5,0.85,0.31
204,0.9,0.41,0.88,0.4,0.92,0.4,0.86,0.32
205,0.9,0.41,0.88,0.41,0.93,0.5,0.86,0.32
206,0.88,0.33,0.89,0.41,0.92,0.5,0.86,0.32
207,0.88,0.33,0.89,0.42,0.92,0.4,0.87,0.33
208,0.9,0.33,0.89,0.42,0.92,0.4,0.87,0.33
209,0.88,0.33,0.89,0.43,0.92,0.4,0.87,0.34
210,0.9,0.24,0.89,0.44,0.92,0.4,0.87,0.34
211,0.9,0.24,0.9,0.44,0.92,0.4,0.87,0.35
212,0.91,0.33,0.9,0.45,0.93,0.4,0.88,0.35
213,0.91,0.41,0.9,0.45,0.92,0.4,0.88,0.35
214,0.91,0.41,0.9,0.45,0.93,0.5,0.88,0.36
215,0.9,0.41,0.9,0.46,0.93,0.5,0.88,0.36
216,0.9,0.41,0.9,0.46,0.93,0.5,0.88,0.36
217,0.9,0.33,0.9,0.47,0.93,0.5,0.89,0.37
218,0.9,0.33,0.9,0.47,0.92,0.4,0.88,0.37
219,0.88,0.33,0.9,0.48,0.93,0.5,0.89,0.38
220,0.88,0.24,0.9,0.48,0.92,0.4,0.89,0.38
221,0.87,0.33,0.9,0.49,0.92,0.4,0.89,0.38
222,0.88,0.33,0.9,0.49,0.93,0.4,0.89,0.39
223,0.87,0.33,0.91,0.49,0.92,0.3,0.89,0.39
224,0.87,0.24,0.91,0.5,0.92,0.4,0.89,0.39
225,0.88,0.33,0.91,0.5,0.93,0.5,0.9,0.4
226,0.88,0.41,0.91,0.51,0.92,0.4,0.9,0.4
227,0.9,0.41,0.91,0.51,0.93,0.4,0.9,0.4
228,0.88,0.41,0.91,0.51,0.93,0.5,0.9,0.41
229,0.9,0.41,0.92,0.52,0.93,0.5,0.9,0.41
230,0.91,0.41,0.92,0.52,0.93,0.5,0.9,0.41
231,0.91,0.49,0.92,0.52,0.93,0.5,0.91,0.42
232,0.9,0.41,0.92,0.53,0.93,0.5,0.91,0.42
233,0.9,0.49,0.92,0.53,0.93,0.5,0.91,0.42
234,0.91,0.49,0.92,0.53,0.93,0.5,0.91,0.43
235,0.9,0.41,0.92,0.54,0.93,0.5,0.91,0.43
236,0.9,0.49,0.92,0.54,0.95,0.6,0.91,0.43
237,0.91,0.49,0.93,0.55,0.95,0.5,0.91,0.44
238,0.91,0.49,0.93,0.55,0.95,0.5,0.92,0.44
239,0.91,0.49,0.93,0.55,0.95,0.5,0.92,0.44
240,0.91,0.49,0.93,0.56,0.95,0.5,0.92,0.45
241,0.91,0.49,0.93,0.56,0.95,0.5,0.92,0.45
242,0.93,0.49,0.93,0.56,0.95,0.6,0.92,0.45
243,0.91,0.49,0.93,0.57,0.93,0.5,0.92,0.46
244,0.91,0.49,0.93,0.57,0.95,0.5,0.92,0.46
245,0.91,0.49,0.93,0.57,0.95,0.6,0.92,0.46
246,0.91,0.49,0.93,0.57,0.95,0.6,0.92,0.46
247,0.94,0.57,0.93,0.58,0.95,0.5,0.92,0.47
248,0.91,0.49,0.93,0.58,0.95,0.5,0.92,0.47
249,0.9,0.41,0.93,0.58,0.95,0.5,0.92,0.47
250,0.9,0.41,0.93,0.58,0.93,0.5,0.92,0.47
251,0.9,0.41,0.93,0.59,0.95,0.5,0.92,0.48
252,0.9,0.49,0.93,0.59,0.95,0.5,0.92,0.48
253,0.9,0.49,0.93,0.59,0.95,0.6,0.93,0.48
254,0.91,0.49,0.93,0.59,0.95,0.6,0.93,0.48
255,0.9,0.57,0.94,0.6,0.95,0.6,0.93,0.49
256,0.91,0.49,0.94,0.6,0.95,0.7,0.93,0.49
257,0.9,0.57,0.94,0.6,0.95,0.6,0.93,0.49
258,0.91,0.57,0.94,0.61,0.95,0.6,0.93,0.5
259,0.9,0.57,0.94,0.61,0.95,0.6,0.93,0.5
260,0.91,0.57,0.94,0.61,0.95,0.6,0.94,0.5
261,0.91,0.57,0.94,0.61,0.95,0.6,0.94,0.5
262,0.93,0.57,0.94,0.62,0.95,0.7,0.94,0.51
263,0.94,0.57,0.94,0.62,0.95,0.7,0.94,0.51
264,0.91,0.49,0.94,0.62,0.95,0.6,0.94,0.51
265,0.91,0.57,0.94,0.62,0.95,0.6,0.94,0.51
266,0.91,0.49,0.94,0.63,0.95,0.6,0.94,0.52
267,0.91,0.57,0.94,0.63,0.95,0.6,0.94,0.52
268,0.91,0.49,0.94,0.63,0.95,0.6,0.94,0.52
269,0.93,0.49,0.94,0.63,0.95,0.8,0.94,0.52
270,0.93,0.57,0.94,0.63,0.95,0.7,0.94,0.52
271,0.91,0.57,0.94,0.64,0.95,0.6,0.94,0.53
272,0.91,0.67,0.94,0.64,0.95,0.6,0.94,0.53
273,0.93,0.57,0.95,0.64,0.95,0.6,0.94,0.53
274,0.91,0.49,0.94,0.64,0.95,0.6,0.94,0.53
275,0.9,0.57,0.94,0.65,0.95,0.7,0.94,0.54
276,0.9,0.49,0.94,0.65,0.95,0.6,0.94,0.54
277,0.9,0.49,0.94,0.65,0.93,0.6,0.94,0.54
278,0.9,0.41,0.94,0.65,0.93,0.6,0.94,0.54
279,0.9,0.49,0.94,0.65,0.93,0.5,0.94,0.54
280,0.88,0.41,0.94,0.66,0.93,0.5,0.94,0.55
281,0.88,0.41,0.94,0.66,0.93,0.5,0.94,0.55
282,0.88,0.33,0.93,0.66,0.93,0.5,0.94,0.55
283,0.87,0.41,0.93,0.66,0.93,0.5,0.93,0.55
284,0.87,0.33,0.93,0.66,0.93,0.5,0.94,0.56
285,0.87,0.33,0.93,0.67,0.93,0.3,0.93,0.56
286,0.88,0.33,0.94,0.67,0.93,0.4,0.94,0.56
287,0.88,0.41,0.94,0.67,0.92,0.5,0.94,0.56
288,0.85,0.24,0.93,0.67,0.92,0.4,0.94,0.56
289,0.87,0.33,0.93,0.68,0.92,0.5,0.94,0.57
290,0.87,0.24,0.93,0.68,0.93,0.4,0.94,0.57
291,0.85,0.33,0.93,0.68,0.92,0.5,0.94,0.57
292,0.85,0.33,0.93,0.68,0.92,0.4,0.94,0.57
293,0.85,0.33,0.93,0.68,0.93,0.5,0.94,0.57
294,0.87,0.41,0.94,0.69,0.93,0.5,0.94,0.58
295,0.87,0.41,0.94,0.69,0.93,0.5,0.94,0.58
296,0.87,0.49,0.94,0.69,0.93,0.5,0.94,0.58
297,0.87,0.49,0.94,0.69,0.93,0.6,0.94,0.58
298,0.88,0.49,0.94,0.69,0.93,0.6,0.94,0.59
299,0.88,0.49,0.94,0.69,0.93,0.6,0.95,0.59
300,0.87,0.49,0.94,0.7,0.93,0.6,0.95,0.59
301,0.9,0.49,0.95,0.7,0.93,0.5,0.95,0.59
302,0.9,0.49,0.95,0.7,0.95,0.6,0.95,0.59
303,0.9,0.49,0.95,0.7,0.95,0.6,0.95,0.6
304,0.9,0.49,0.95,0.71,0.95,0.5,0.95,0.6
305,0.9,0.41,0.95,0.71,0.95,0.6,0.95,0.6
306,0.9,0.41,0.95,0.71,0.95,0.5,0.95,0.6
307,0.9,0.41,0.95,0.71,0.95,0.6,0.95,0.61
308,0.91,0.49,0.95,0.71,0.95,0.5,0.95,0.61
309,0.9,0.41,0.95,0.71,0.93,0.5,0.95,0.61
310,0.88,0.41,0.95,0.72,0.95,0.5,0.95,0.61
311,0.88,0.41,0.95,0.72,0.93,0.5,0.95,0.61
312,0.9,0.41,0.95,0.72,0.93,0.5,0.95,0.61
313,0.88,0.33,0.95,0.72,0.93,0.4,0.95,0.62
314,0.87,0.33,0.95,0.72,0.93,0.5,0.95,0.62
315,0.88,0.33,0.95,0.72,0.93,0.4,0.95,0.62
316,0.87,0.33,0.94,0.73,0.93,0.5,0.95,0.62
317,0.87,0.33,0.95,0.73,0.93,0.5,0.95,0.62
318,0.87,0.24,0.94,0.73,0.93,0.4,0.95,0.63
319,0.87,0.33,0.94,0.73,0.92,0.4,0.95,0.63
320,0.87,0.24,0.94,0.73,0.93,0.4,0.95,0.63
321,0.87,0.24,0.95,0.73,0.93,0.4,0.95,0.63
322,0.87,0.33,0.94,0.74,0.93,0.4,0.95,0.63
323,0.87,0.24,0.94,0.74,0.93,0.4,0.95,0.63
324,0.87,0.24,0.95,0.74,0.93,0.4,0.95,0.64
325,0.87,0.24,0.95,0.74,0.93,0.4,0.95,0.64
326,0.88,0.24,0.95,0.74,0.93,0.4,0.95,0.64
327,0.87,0.24,0.95,0.74,0.95,0.5,0.95,0.64
328,0.88,0.33,0.95,0.75,0.95,0.5,0.95,0.65
329,0.9,0.33,0.95,0.75,0.95,0.5,0.96,0.65
330,0.9,0.33,0.95,0.75,0.93,0.5,0.96,0.65
331,0.87,0.33,0.95,0.75,0.93,0.5,0.96,0.65
332,0.88,0.41,0.95,0.75,0.93,0.5,0.96,0.65
333,0.88,0.33,0.95,0.75,0.95,0.7,0.96,0.65
334,0.9,0.41,0.96,0.76,0.95,0.6,0.96,0.66
335,0.9,0.41,0.96,0.76,0.95,0.5,0.96,0.66
336,0.91,0.49,0.96,0.76,0.95,0.6,0.97,0.66
337,0.91,0.49,0.96,0.76,0.95,0.6,0.97,0.66
338,0.9,0.49,0.96,0.76,0.97,0.6,0.97,0.66
339,0.9,0.49,0.96,0.76,0.95,0.6,0.97,0.67
340,0.9,0.49,0.96,0.77,0.95,0.7,0.97,0.67
341,0.9,0.49,0.96,0.77,0.97,0.7,0.97,0.67
342,0.9,0.49,0.96,0.77,0.95,0.6,0.97,0.67
343,0.9,0.57,0.96,0.77,0.97,0.6,0.97,0.67
344,0.9,0.57,0.96,0.77,0.97,0.7,0.97,0.68
345,0.91,0.57,0.96,0.77,0.97,0.7,0.97,0.68
346,0.9,0.67,0.96,0.77,0.97,0.7,0.97,0.68
347,0.91,0.67,0.96,0.77,0.97,0.7,0.97,0.68
348,0.91,0.57,0.96,0.78,0.97,0.7,0.97,0.68
349,0.91,0.67,0.96,0.78,0.97,0.7,0.97,0.69
350,0.91,0.57,0.96,0.78,0.97,0.7,0.97,0.69
351,0.91,0.67,0.96,0.78,0.97,0.7,0.97,0.69
352,0.91,0.57,0.96,0.78,0.97,0.8,0.97,0.69
353,0.91,0.67,0.96,0.78,0.97,0.7,0.97,0.69
354,0.91,0.67,0.97,0.79,0.97,0.7,0.97,0.69
355,0.93,0.57,0.97,0.79,0.97,0.7,0.97,0.7
356,0.93,0.67,0.97,0.79,0.97,0.8,0.97,0.7
357,0.91,0.67,0.96,0.79,0.97,0.8,0.97,0.7
358,0.91,0.57,0.96,0.79,0.97,0.7,0.97,0.7
359,0.9,0.67,0.96,0.79,0.95,0.7,0.97,0.7
360,0.88,0.57,0.96,0.79,0.97,0.7,0.97,0.7
361,0.88,0.49,0.96,0.8,0.95,0.7,0.97,0.7
362,0.9,0.49,0.96,0.8,0.95,0.7,0.97,0.71
363,0.9,0.49,0.96,0.8,0.95,0.7,0.97,0.71
364,0.91,0.49,0.96,0.8,0.95,0.7,0.96,0.71
365,0.9,0.49,0.96,0.8,0.95,0.7,0.97,0.71
366,0.9,0.49,0.96,0.8,0.97,0.7,0.97,0.71
367,0.91,0.57,0.96,0.8,0.95,0.7,0.97,0.72
368,0.91,0.57,0.96,0.81,0.95,0.8,0.97,0.71
369,0.91,0.57,0.96,0.81,0.97,0.7,0.97,0.72
370,0.91,0.67,0.96,0.81,0.97,0.7,0.97,0.72
371,0.91,0.67,0.97,0.81,0.97,0.8,0.97,0.72
372,0.93,0.67,0.97,0.81,0.97,0.8,0.97,0.72
373,0.94,0.76,0.97,0.81,0.97,0.8,0.98,0.72
374,0.94,0.76,0.97,0.81,0.98,0.8,0.98,0.73
375,0.94,0.76,0.98,0.81,0.98,0.9,0.98,0.73
376,0.94,0.84,0.98,0.82,0.98,0.9,0.98,0.73
377,0.96,0.84,0.98,0.82,0.98,0.9,0.98,0.73
378,0.94,0.84,0.98,0.82,0.98,0.9,0.98,0.73
379,0.94,0.76,0.98,0.82,0.98,0.9,0.98,0.74
380,0.96,0.84,0.98,0.82,0.97,0.9,0.98,0.74
381,0.93,0.84,0.98,0.82,0.98,0.9,0.98,0.74
382,0.94,0.76,0.98,0.82,0.98,0.9,0.98,0.74
383,0.94,0.84,0.98,0.83,0.98,0.9,0.98,0.74
384,0.94,0.84,0.98,0.83,0.98,0.9,0.98,0.74
385,0.96,0.84,0.98,0.83,1.0,0.9,0.98,0.74
386,0.94,0.84,0.98,0.83,0.98,0.9,0.98,0.75
387,0.96,0.84,0.98,0.83,0.98,0.9,0.98,0.75
388,0.93,0.76,0.98,0.83,0.98,0.9,0.98,0.75
389,0.94,0.76,0.97,0.83,0.98,0.8,0.98,0.75
390,0.94,0.76,0.97,0.83,0.97,0.9,0.98,0.75
391,0.93,0.76,0.97,0.84,0.97,0.9,0.98,0.75
392,0.94,0.76,0.97,0.84,0.97,0.8,0.98,0.76
393,0.93,0.84,0.97,0.84,0.97,0.9,0.98,0.76
394,0.93,0.76,0.97,0.84,0.97,0.9,0.98,0.76
395,0.91,0.84,0.97,0.84,0.97,0.9,0.98,0.76
396,0.93,0.84,0.97,0.84,0.97,0.9,0.98,0.76
397,0.91,0.84,0.97,0.84,0.97,0.9,0.98,0.77
398,0.93,0.76,0.97,0.84,0.97,0.9,0.98,0.77
399,0.91,0.84,0.97,0.84,0.97,0.9,0.98,0.77
400,0.93,0.84,0.97,0.85,0.97,0.9,0.98,0.77
401,0.93,0.84,0.97,0.85,0.97,0.8,0.98,0.77
402,0.93,0.84,0.97,0.85,0.97,0.9,0.98,0.77
403,0.93,0.92,0.97,0.85,0.97,0.9,0.98,0.77
404,0.93,0.84,0.97,0.85,0.98,0.9,0.98,0.77
405,0.96,0.84,0.97,0.85,0.97,0.9,0.98,0.77
406,0.93,0.84,0.98,0.85,0.98,1.0,0.98,0.78
407,0.96,0.92,0.98,0.85,0.97,1.0,0.98,0.78
408,0.94,0.92,0.98,0.86,0.98,1.0,0.98,0.78
409,0.94,0.92,0.98,0.86,0.98,1.0,0.98,0.78
410,0.94,0.92,0.98,0.86,0.98,1.0,0.98,0.78
411,0.94,0.92,0.98,0.86,0.98,1.0,0.98,0.79
412,0.96,0.92,0.98,0.86,0.98,1.0,0.98,0.79
413,0.94,0.84,0.98,0.86,0.97,0.9,0.98,0.79
414,0.94,0.84,0.97,0.86,0.97,0.9,0.98,0.79
415,0.93,0.84,0.97,0.86,0.97,0.9,0.98,0.79
416,0.9,0.76,0.97,0.86,0.97,0.9,0.98,0.79
417,0.93,0.84,0.97,0.86,0.97,0.9,0.98,0.79
418,0.94,0.84,0.97,0.87,0.97,0.9,0.98,0.79
419,0.93,0.84,0.97,0.87,0.97,1.0,0.98,0.8
420,0.93,0.84,0.98,0.87,0.97,0.9,0.98,0.8
421,0.91,0.84,0.98,0.87,0.97,0.9,0.98,0.8
422,0.93,0.84,0.98,0.87,0.97,1.0,0.98,0.8
423,0.94,0.92,0.98,0.87,0.97,1.0,0.99,0.8
424,0.94,1.0,0.98,0.87,0.97,1.0,0.98,0.8
425,0.94,0.92,0.98,0.87,0.98,1.0,0.99,0.8
426,0.96,0.92,0.98,0.87,0.98,1.0,0.99,0.81
427,0.93,0.92,0.98,0.87,0.97,1.0,0.98,0.81
428,0.93,0.84,0.98,0.87,0.97,0.9,0.98,0.81
429,0.94,0.84,0.98,0.88,0.97,0.9,0.98,0.81
430,0.93,0.76,0.98,0.88,0.97,0.9,0.98,0.81
431,0.93,0.84,0.98,0.88,0.98,1.0,0.98,0.81
432,0.93,0.92,0.98,0.88,0.98,0.9,0.98,0.81
433,0.94,0.92,0.98,0.88,0.97,1.0,0.98,0.82
434,0.93,0.92,0.98,0.88,0.97,1.0,0.99,0.82
435,0.94,0.84,0.98,0.88,0.97,0.9,0.98,0.82
436,0.93,0.84,0.97,0.88,0.97,1.0,0.98,0.82
437,0.91,0.76,0.97,0.88,0.97,0.9,0.98,0.82
438,0.91,0.67,0.97,0.88,0.97,0.9,0.98,0.82
439,0.93,0.76,0.97,0.89,0.97,0.9,0.98,0.82
440,0.91,0.76,0.97,0.89,0.97,0.8,0.98,0.83
441,0.93,0.67,0.97,0.89,0.97,0.8,0.98,0.83
442,0.91,0.76,0.97,0.89,0.97,0.9,0.98,0.83
443,0.93,0.76,0.97,0.89,0.97,0.9,0.98,0.83
444,0.91,0.67,0.97,0.89,0.95,0.8,0.98,0.83
445,0.91,0.67,0.97,0.89,0.95,0.8,0.98,0.83
446,0.9,0.76,0.97,0.89,0.95,0.8,0.98,0.83
447,0.9,0.57,0.96,0.89,0.95,0.8,0.98,0.83
448,0.9,0.67,0.97,0.89,0.95,0.7,0.98,0.83
449,0.9,0.57,0.96,0.89,0.93,0.7,0.98,0.84
450,0.88,0.57,0.96,0.89,0.95,0.8,0.98,0.84
451,0.88,0.57,0.96,0.9,0.95,0.7,0.98,0.84
452,0.87,0.57,0.96,0.9,0.95,0.7,0.98,0.84
453,0.88,0.57,0.96,0.9,0.95,0.7,0.98,0.84
454,0.88,0.57,0.96,0.9,0.95,0.7,0.98,0.84
455,0.87,0.57,0.96,0.9,0.95,0.7,0.98,0.85
456,0.88,0.57,0.96,0.9,0.95,0.7,0.98,0.85
457,0.87,0.57,0.97,0.9,0.93,0.7,0.98,0.85
458,0.87,0.67,0.97,0.9,0.93,0.7,0.98,0.85
459,0.87,0.49,0.97,0.9,0.95,0.7,0.98,0.85
460,0.88,0.57,0.97,0.9,0.95,0.7,0.98,0.85
461,0.88,0.57,0.97,0.9,0.95,0.7,0.98,0.85
462,0.88,0.57,0.97,0.91,0.95,0.7,0.98,0.85
463,0.91,0.57,0.97,0.91,0.97,0.8,0.98,0.86
464,0.88,0.57,0.97,0.91,0.95,0.7,0.98,0.86
465,0.9,0.57,0.97,0.91,0.95,0.7,0.98,0.86
466,0.9,0.67,0.97,0.91,0.95,0.7,0.98,0.86
467,0.9,0.76,0.97,0.91,0.97,0.8,0.98,0.86
468,0.9,0.67,0.97,0.91,0.97,0.8,0.98,0.86
469,0.9,0.76,0.98,0.91,0.97,0.8,0.98,0.87
470,0.91,0.76,0.98,0.92,0.97,0.8,0.99,0.87
471,0.91,0.76,0.98,0.92,0.97,0.8,0.99,0.87
472,0.93,0.76,0.98,0.92,0.97,0.8,0.99,0.87
473,0.93,0.76,0.98,0.92,0.97,0.8,0.99,0.87
474,0.93,0.76,0.98,0.92,0.97,0.8,0.99,0.87
475,0.91,0.76,0.98,0.92,0.98,0.9,0.99,0.87
476,0.93,0.76,0.98,0.92,0.98,0.8,0.98,0.88
477,0.94,0.76,0.98,0.92,0.97,0.8,0.99,0.88
478,0.93,0.84,0.98,0.92,0.97,0.9,0.99,0.88
479,0.93,0.76,0.98,0.92,0.97,0.8,0.99,0.88
480,0.93,0.67,0.98,0.92,0.97,0.8,0.99,0.88
481,0.93,0.67,0.98,0.93,0.97,0.8,0.99,0.88
482,0.9,0.67,0.98,0.93,0.97,0.8,0.99,0.89
483,0.9,0.67,0.98,0.93,0.95,0.8,0.98,0.89
484,0.9,0.67,0.98,0.93,0.97,0.8,0.98,0.89
485,0.91,0.67,0.97,0.93,0.97,0.8,0.98,0.89
486,0.91,0.67,0.98,0.93,0.97,0.7,0.98,0.89
487,0.9,0.76,0.98,0.93,0.97,0.8,0.99,0.89
488,0.91,0.76,0.98,0.93,0.97,0.8,0.99,0.89
489,0.93,0.76,0.98,0.93,0.97,0.8,0.99,0.89
490,0.91,0.76,0.98,0.93,0.97,0.8,0.99,0.9
491,0.93,0.76,0.98,0.94,0.97,0.8,0.99,0.9
492,0.9,0.67,0.98,0.94,0.97,0.8,0.99,0.9
493,0.91,0.76,0.97,0.94,0.97,0.8,0.99,0.9
494,0.9,0.67,0.98,0.94,0.95,0.8,0.99,0.9
495,0.9,0.57,0.97,0.94,0.97,0.8,0.98,0.9
496,0.9,0.67,0.97,0.94,0.95,0.8,0.99,0.9
497,0.88,0.67,0.97,0.94,0.95,0.7,0.99,0.9
498,0.9,0.76,0.97,0.94,0.95,0.8,0.99,0.91
499,0.9,0.67,0.97,0.94,0.95,0.8,0.99,0.91
500,0.9,0.67,0.97,0.94,0.95,0.7,0.98,0.91
501,0.9,0.67,0.97,0.94,0.95,0.8,0.98,0.91
502,0.9,0.67,0.97,0.94,0.95,0.7,0.98,0.91
503,0.88,0.67,0.97,0.94,0.95,0.8,0.98,0.91
504,0.9,0.67,0.97,0.94,0.95,0.7,0.98,0.91
505,0.9,0.67,0.97,0.95,0.95,0.8,0.99,0.91
506,0.88,0.67,0.97,0.95,0.95,0.7,0.98,0.91
507,0.87,0.57,0.97,0.95,0.95,0.8,0.98,0.92
508,0.88,0.57,0.97,0.95,0.95,0.7,0.98,0.92
509,0.88,0.57,0.97,0.95,0.95,0.7,0.98,0.92
510,0.9,0.57,0.97,0.95,0.95,0.7,0.98,0.92
511,0.88,0.57,0.97,0.95,0.97,0.7,0.99,0.92
512,0.88,0.67,0.97,0.95,0.95,0.7,0.98,0.92
513,0.88,0.57,0.97,0.95,0.95,0.7,0.98,0.92
514,0.88,0.49,0.97,0.95,0.93,0.6,0.98,0.92
515,0.85,0.41,0.97,0.95,0.93,0.7,0.98,0.93
516,0.88,0.57,0.96,0.95,0.93,0.6,0.98,0.93
517,0.85,0.49,0.96,0.96,0.93,0.7,0.98,0.93
518,0.84,0.41,0.96,0.96,0.93,0.6,0.98,0.93
519,0.85,0.49,0.96,0.96,0.93,0.6,0.98,0.93
520,0.85,0.49,0.96,0.96,0.93,0.6,0.98,0.93
521,0.85,0.49,0.96,0.96,0.93,0.6,0.98,0.93
522,0.87,0.49,0.96,0.96,0.93,0.6,0.98,0.93
523,0.85,0.49,0.96,0.96,0.93,0.6,0.98,0.93
524,0.84,0.41,0.96,0.96,0.93,0.6,0.98,0.94
525,0.84,0.41,0.96,0.96,0.92,0.7,0.98,0.94
526,0.84,0.33,0.96,0.96,0.92,0.5,0.98,0.94
527,0.84,0.33,0.96,0.96,0.93,0.6,0.98,0.94
528,0.83,0.33,0.96,0.96,0.93,0.6,0.98,0.94
529,0.83,0.33,0.96,0.96,0.92,0.5,0.98,0.94
530,0.83,0.33,0.96,0.96,0.93,0.6,0.98,0.94
531,0.81,0.33,0.96,0.96,0.92,0.6,0.98,0.94
532,0.83,0.33,0.95,0.97,0.92,0.6,0.98,0.94
533,0.83,0.41,0.95,0.97,0.92,0.5,0.98,0.94
534,0.83,0.41,0.96,0.97,0.92,0.6,0.98,0.95
535,0.84,0.41,0.96,0.97,0.92,0.6,0.98,0.95
536,0.84,0.41,0.96,0.97,0.92,0.4,0.98,0.95
537,0.81,0.41,0.96,0.97,0.92,0.5,0.98,0.95
538,0.83,0.41,0.96,0.97,0.92,0.6,0.97,0.95
539,0.84,0.33,0.95,0.97,0.92,0.6,0.98,0.95
540,0.84,0.33,0.95,0.97,0.9,0.6,0.97,0.95
541,0.83,0.33,0.95,0.97,0.92,0.5,0.97,0.96
542,0.81,0.33,0.95,0.97,0.9,0.5,0.97,0.96
543,0.81,0.33,0.95,0.97,0.9,0.5,0.97,0.96
544,0.83,0.33,0.95,0.98,0.9,0.5,0.97,0.96
545,0.83,0.24,0.95,0.98,0.9,0.5,0.97,0.96
546,0.81,0.33,0.95,0.97,0.9,0.6,0.97,0.96
547,0.81,0.33,0.95,0.98,0.9,0.6,0.97,0.96
548,0.81,0.41,0.95,0.98,0.9,0.6,0.97,0.96
549,0.81,0.33,0.95,0.98,0.92,0.5,0.98,0.97
550,0.81,0.41,0.95,0.98,0.92,0.6,0.97,0.97
551,0.83,0.41,0.96,0.98,0.92,0.5,0.98,0.97
552,0.83,0.41,0.96,0.98,0.92,0.6,0.98,0.97
553,0.83,0.41,0.96,0.98,0.92,0.6,0.98,0.97
554,0.84,0.41,0.96,0.98,0.92,0.5,0.97,0.97
555,0.84,0.33,0.96,0.98,0.92,0.6,0.98,0.97
556,0.84,0.41,0.96,0.98,0.92,0.5,0.97,0.97
557,0.83,0.41,0.96,0.99,0.92,0.6,0.98,0.98
558,0.84,0.49,0.96,0.99,0.92,0.6,0.98,0.98
559,0.84,0.49,0.96,0.99,0.92,0.6,0.98,0.98
560,0.83,0.41,0.96,0.99,0.92,0.6,0.98,0.98
561,0.81,0.41,0.96,0.99,0.92,0.6,0.98,0.98
562,0.83,0.41,0.96,0.99,0.93,0.6,0.98,0.98
563,0.84,0.49,0.96,0.99,0.93,0.6,0.98,0.98
564,0.84,0.49,0.96,0.99,0.93,0.7,0.98,0.99
565,0.87,0.57,0.97,0.99,0.93,0.6,0.98,0.99
566,0.85,0.41,0.97,0.99,0.93,0.7,0.98,0.99
567,0.87,0.57,0.97,0.99,0.95,0.6,0.98,0.99
568,0.87,0.49,0.97,0.99,0.93,0.7,0.98,0.99
569,0.85,0.49,0.97,0.99,0.93,0.6,0.99,0.99
570,0.85,0.41,0.97,1.0,0.93,0.8,0.98,0.99
571,0.85,0.49,0.97,1.0,0.95,0.7,0.99,0.99
572,0.87,0.57,0.97,1.0,0.93,0.7,0.99,0.99
573,0.85,0.57,0.97,1.0,0.95,0.7,0.99,1.0
574,0.87,0.57,0.97,1.0,0.95,0.8,0.99,1.0
575,0.87,0.49,0.97,1.0,0.93,0.7,0.98,1.0
576,0.87,0.49,0.97,1.0,0.93,0.7,0.98,1.0
