0,0.98,0.76,0.99,0.99,0.99,0.82,1.0,0.99
1,0.98,0.76,0.99,0.99,0.99,0.84,1.0,0.99
2,0.98,0.76,0.99,0.99,0.99,0.81,1.0,0.99
3,0.98,0.76,0.99,0.99,0.99,0.83,1.0,0.99
4,0.98,0.71,0.99,0.99,0.99,0.79,1.0,0.99
5,0.98,0.68,0.99,0.99,0.99,0.79,1.0,0.99
6,0.98,0.68,0.99,0.99,0.99,0.77,1.0,0.99
7,0.98,0.66,0.99,0.99,0.99,0.75,0.99,0.99
8,0.97,0.66,0.99,0.99,0.99,0.76,0.99,0.99
9,0.97,0.66,0.99,0.99,0.99,0.74,0.99,0.99
10,0.97,0.66,0.99,0.99,0.99,0.75,0.99,0.99
11,0.96,0.66,0.98,0.99,0.99,0.75,0.99,0.99
12,0.96,0.68,0.98,1.0,0.98,0.77,0.99,0.99
13,0.96,0.68,0.98,0.99,0.98,0.8,0.99,0.99
14,0.96,0.66,0.98,0.99,0.99,0.77,0.99,0.99
15,0.96,0.71,0.98,1.0,0.99,0.79,0.99,0.99
16,0.96,0.74,0.98,1.0,0.99,0.82,0.99,0.99
17,0.96,0.74,0.98,1.0,0.99,0.8,0.99,0.99
18,0.96,0.74,0.98,1.0,0.98,0.79,0.99,0.99
19,0.96,0.71,0.98,1.0,0.98,0.79,0.99,0.99
20,0.96,0.71,0.98,1.0,0.98,0.79,0.99,0.99
21,0.96,0.71,0.98,1.0,0.98,0.79,0.99,0.99
22,0.97,0.74,0.98,1.0,0.99,0.83,0.99,0.99
23,0.97,0.74,0.98,1.0,0.98,0.83,0.99,0.99
24,0.97,0.76,0.98,1.0,0.99,0.78,0.99,1.0
25,0.97,0.76,0.98,1.0,0.99,0.84,0.99,1.0
26,0.97,0.71,0.98,1.0,0.99,0.82,0.99,1.0
27,0.97,0.71,0.98,1.0,0.98,0.8,0.99,0.99
28,0.97,0.68,0.98,1.0,0.99,0.78,0.99,1.0
29,0.97,0.66,0.98,1.0,0.98,0.77,0.99,1.0
30,0.97,0.61,0.98,1.0,0.98,0.72,0.99,1.0
31,0.96,0.61,0.98,1.0,0.98,0.72,0.99,1.0
32,0.96,0.55,0.98,1.0,0.98,0.72,0.99,0.99
33,0.97,0.55,0.98,1.0,0.98,0.7,0.99,1.0
34,0.97,0.58,0.98,1.0,0.98,0.72,0.99,1.0
35,0.97,0.55,0.98,1.0,0.98,0.72,0.99,1.0
36,0.97,0.58,0.98,1.0,0.99,0.72,0.99,1.0
37,0.97,0.61,0.98,1.0,0.98,0.71,0.99,1.0
38,0.97,0.55,0.98,1.0,0.98,0.73,0.99,1.0
39,0.97,0.61,0.98,1.0,0.98,0.7,0.99,1.0
40,0.97,0.61,0.98,1.0,0.99,0.7,0.99,1.0
41,0.97,0.58,0.98,1.0,0.98,0.69,0.99,1.0
42,0.96,0.58,0.98,1.0,0.98,0.71,0.99,1.0
43,0.97,0.58,0.98,1.0,0.99,0.72,0.99,1.0
44,0.96,0.61,0.98,1.0,0.98,0.72,0.99,1.0
45,0.96,0.61,0.98,1.0,0.98,0.72,0.99,1.0
46,0.96,0.58,0.98,1.0,0.98,0.72,0.99,1.0
47,0.96,0.61,0.98,1.0,0.98,0.72,0.99,1.0
48,0.98,0.58,0.98,1.0,0.99,0.71,0.98,1.0
49,0.99,0.61,0.99,1.0,0.99,0.73,0.98,1.0
50,1.0,0.63,1.0,1.0,1.0,0.79,0.98,1.0
51,1.0,0.66,0.99,0.99,1.0,0.75,0.93,0.98
52,0.95,0.63,0.9,0.91,0.93,0.74,0.78,0.89
53,0.86,0.58,0.77,0.74,0.81,0.72,0.63,0.72
54,0.76,0.55,0.65,0.54,0.69,0.74,0.51,0.53
55,0.66,0.58,0.55,0.38,0.58,0.75,0.42,0.38
56,0.57,0.61,0.48,0.27,0.49,0.75,0.36,0.27
57,0.5,0.58,0.42,0.19,0.42,0.75,0.31,0.2
58,0.44,0.61,0.37,0.14,0.37,0.75,0.27,0.15
59,0.38,0.66,0.33,0.11,0.32,0.75,0.24,0.11
60,0.34,0.61,0.29,0.09,0.28,0.74,0.21,0.09
61,0.29,0.61,0.26,0.07,0.25,0.75,0.18,0.07
62,0.26,0.61,0.24,0.06,0.22,0.73,0.16,0.06
63,0.23,0.58,0.21,0.05,0.2,0.7,0.15,0.05
64,0.2,0.58,0.19,0.04,0.18,0.7,0.13,0.05
65,0.18,0.53,0.17,0.04,0.16,0.65,0.12,0.04
66,0.16,0.53,0.16,0.03,0.14,0.63,0.11,0.03
67,0.15,0.5,0.14,0.03,0.13,0.61,0.1,0.03
68,0.13,0.53,0.13,0.03,0.12,0.61,0.09,0.03
69,0.12,0.53,0.12,0.02,0.11,0.58,0.08,0.02
70,0.1,0.45,0.11,0.02,0.1,0.54,0.07,0.02
71,0.09,0.39,0.1,0.02,0.09,0.49,0.07,0.02
72,0.09,0.34,0.09,0.02,0.08,0.42,0.06,0.02
73,0.08,0.37,0.09,0.01,0.08,0.42,0.06,0.02
74,0.07,0.34,0.08,0.01,0.07,0.4,0.05,0.02
75,0.07,0.34,0.07,0.01,0.07,0.37,0.05,0.01
76,0.06,0.32,0.07,0.01,0.06,0.33,0.05,0.01
77,0.06,0.29,0.06,0.01,0.06,0.34,0.04,0.01
78,0.05,0.26,0.06,0.01,0.05,0.32,0.04,0.01
79,0.05,0.26,0.06,0.01,0.05,0.28,0.04,0.01
80,0.05,0.32,0.05,0.01,0.05,0.27,0.04,0.01
81,0.05,0.29,0.05,0.01,0.04,0.27,0.03,0.01
82,0.04,0.32,0.05,0.01,0.04,0.27,0.03,0.01
83,0.04,0.29,0.05,0.01,0.04,0.28,0.03,0.01
84,0.04,0.29,0.04,0.01,0.04,0.25,0.03,0.01
85,0.03,0.26,0.04,0.0,0.03,0.23,0.03,0.01
86,0.03,0.29,0.04,0.0,0.03,0.22,0.02,0.01
87,0.03,0.34,0.03,0.0,0.03,0.23,0.02,0.01
88,0.02,0.34,0.03,0.0,0.03,0.24,0.02,0.01
89,0.02,0.34,0.03,0.0,0.03,0.24,0.02,0.01
90,0.02,0.42,0.03,0.0,0.02,0.26,0.02,0.01
91,0.02,0.37,0.03,0.0,0.02,0.27,0.02,0.01
92,0.02,0.37,0.03,0.0,0.02,0.24,0.02,0.01
93,0.02,0.34,0.02,0.0,0.02,0.21,0.01,0.0
94,0.02,0.29,0.02,0.0,0.02,0.18,0.01,0.0
95,0.02,0.29,0.02,0.0,0.02,0.18,0.01,0.0
96,0.02,0.29,0.02,0.0,0.02,0.17,0.01,0.0
97,0.01,0.26,0.02,0.0,0.01,0.18,0.01,0.0
98,0.01,0.24,0.02,0.0,0.01,0.15,0.01,0.0
99,0.01,0.26,0.02,0.0,0.01,0.14,0.01,0.0
100,0.01,0.21,0.01,0.0,0.01,0.14,0.01,0.0
101,0.01,0.24,0.01,0.0,0.01,0.15,0.01,0.0
102,0.01,0.26,0.01,0.0,0.01,0.12,0.01,0.0
103,0.01,0.21,0.01,0.0,0.01,0.11,0.01,0.0
104,0.01,0.18,0.01,0.0,0.01,0.11,0.01,0.0
105,0.0,0.21,0.01,0.0,0.01,0.11,0.0,0.0
106,0.0,0.18,0.01,0.0,0.01,0.11,0.0,0.0
107,0.0,0.21,0.01,0.0,0.01,0.12,0.0,0.0
108,0.0,0.24,0.01,0.0,0.0,0.13,0.0,0.0
109,0.0,0.26,0.01,0.0,0.01,0.15,0.0,0.0
110,0.01,0.26,0.01,0.0,0.0,0.15,0.0,0.0
111,0.0,0.26,0.01,0.0,0.0,0.15,0.0,0.0
112,0.01,0.21,0.01,0.0,0.0,0.15,0.0,0.0
113,0.01,0.26,0.01,0.0,0.0,0.11,0.0,0.0
114,0.0,0.21,0.0,0.0,0.0,0.14,0.0,0.0
115,0.0,0.16,0.0,0.0,0.0,0.09,0.0,0.0
116,0.0,0.18,0.0,0.0,0.0,0.08,0.0,0.0
117,0.0,0.18,0.0,0.0,0.0,0.08,0.0,0.0
118,0.0,0.18,0.0,0.0,0.0,0.1,0.0,0.0
119,0.0,0.16,0.0,0.0,0.0,0.09,0.0,0.0
120,0.0,0.16,0.0,0.0,0.0,0.1,0.0,0.0
121,0.01,0.16,0.0,0.0,0.0,0.09,0.0,0.0
122,0.01,0.18,0.01,0.0,0.0,0.1,0.0,0.0
123,0.01,0.18,0.01,0.0,0.0,0.1,0.0,0.0
124,0.01,0.18,0.01,0.0,0.01,0.11,0.0,0.0
125,0.01,0.16,0.01,0.0,0.01,0.09,0.0,0.0
126,0.01,0.13,0.01,0.0,0.0,0.05,0.0,0.0
127,0.01,0.08,0.0,0.0,0.0,0.05,0.0,0.0
128,0.01,0.03,0.0,0.0,0.0,0.05,0.0,0.0
129,0.01,0.0,0.0,0.0,0.0,0.03,0.0,0.0
130,0.01,0.03,0.0,0.0,0.0,0.0,0.0,0.0
131,0.0,0.0,0.0,0.0,0.0,0.01,0.0,0.0
132,0.0,0.08,0.0,0.0,0.0,0.01,0.0,0.0
133,0.01,0.08,0.0,0.0,0.0,0.04,0.0,0.0
134,0.01,0.08,0.0,0.0,0.0,0.04,0.0,0.0
135,0.01,0.05,0.0,0.0,0.0,0.04,0.0,0.0
136,0.0,0.03,0.0,0.0,0.0,0.03,0.0,0.0
137,0.0,0.03,0.0,0.0,0.0,0.03,0.0,0.0
138,0.01,0.05,0.0,0.0,0.0,0.05,0.0,0.0
139,0.0,0.08,0.0,0.0,0.0,0.06,0.0,0.0
140,0.0,0.05,0.0,0.0,0.0,0.04,0.0,0.0
141,0.0,0.05,0.0,0.0,0.0,0.04,0.0,0.0
142,0.0,0.03,0.0,0.0,0.0,0.06,0.0,0.0
143,0.0,0.08,0.0,0.0,0.0,0.04,0.0,0.0
144,0.0,0.08,0.0,0.0,0.0,0.05,0.0,0.0
145,0.0,0.08,0.0,0.0,0.0,0.06,0.0,0.0
146,0.0,0.11,0.0,0.0,0.0,0.08,0.0,0.0
147,0.0,0.16,0.0,0.0,0.0,0.11,0.0,0.0
148,0.0,0.18,0.0,0.0,0.0,0.15,0.0,0.0
149,0.0,0.21,0.0,0.0,0.0,0.15,0.0,0.0
150,0.0,0.26,0.0,0.0,0.0,0.15,0.0,0.0
151,0.0,0.24,0.01,0.0,0.01,0.13,0.02,0.0
152,0.02,0.26,0.02,0.0,0.03,0.15,0.05,0.0
153,0.04,0.26,0.05,0.0,0.06,0.17,0.09,0.0
154,0.08,0.18,0.09,0.0,0.1,0.13,0.13,0.0
155,0.12,0.16,0.13,0.01,0.14,0.11,0.17,0.01
156,0.16,0.13,0.17,0.01,0.19,0.09,0.22,0.01
157,0.21,0.13,0.22,0.01,0.23,0.11,0.26,0.01
158,0.25,0.11,0.26,0.02,0.28,0.06,0.3,0.02
159,0.3,0.11,0.31,0.02,0.32,0.08,0.34,0.02
160,0.35,0.11,0.35,0.03,0.36,0.1,0.38,0.02
161,0.39,0.13,0.39,0.03,0.4,0.11,0.42,0.03
162,0.43,0.11,0.43,0.04,0.44,0.11,0.45,0.03
163,0.47,0.11,0.46,0.05,0.47,0.11,0.49,0.04
164,0.51,0.13,0.5,0.05,0.51,0.11,0.52,0.04
165,0.54,0.05,0.53,0.06,0.54,0.15,0.55,0.05
166,0.57,0.11,0.56,0.07,0.57,0.13,0.58,0.06
167,0.6,0.08,0.59,0.07,0.59,0.15,0.6,0.06
168,0.63,0.08,0.62,0.08,0.62,0.15,0.63,0.07
169,0.66,0.05,0.64,0.09,0.64,0.18,0.65,0.08
170,0.68,0.05,0.67,0.1,0.67,0.19,0.67,0.08
171,0.7,0.08,0.69,0.11,0.69,0.21,0.69,0.09
172,0.72,0.05,0.71,0.12,0.7,0.2,0.71,0.1
173,0.74,0.11,0.73,0.13,0.72,0.24,0.73,0.11
174,0.76,0.08,0.75,0.14,0.74,0.28,0.74,0.11
175,0.77,0.11,0.76,0.15,0.76,0.29,0.76,0.12
176,0.79,0.13,0.78,0.16,0.77,0.3,0.77,0.13
177,0.8,0.13,0.79,0.17,0.79,0.34,0.79,0.14
178,0.82,0.13,0.8,0.18,0.8,0.36,0.8,0.15
179,0.83,0.16,0.82,0.19,0.81,0.39,0.81,0.16
180,0.84,0.18,0.83,0.2,0.83,0.42,0.82,0.17
181,0.85,0.21,0.84,0.22,0.84,0.45,0.83,0.18
182,0.86,0.26,0.85,0.23,0.85,0.46,0.85,0.19
183,0.87,0.26,0.86,0.24,0.86,0.51,0.85,0.2
184,0.88,0.34,0.87,0.25,0.87,0.53,0.86,0.21
185,0.89,0.29,0.88,0.26,0.87,0.58,0.87,0.22
186,0.89,0.29,0.89,0.28,0.88,0.54,0.88,0.23
187,0.9,0.29,0.89,0.29,0.89,0.56,0.88,0.24
188,0.9,0.29,0.9,0.3,0.89,0.55,0.89,0.25
189,0.91,0.29,0.9,0.31,0.9,0.59,0.89,0.26
190,0.92,0.32,0.91,0.32,0.9,0.62,0.9,0.27
191,0.92,0.32,0.91,0.33,0.91,0.61,0.91,0.28
192,0.92,0.32,0.92,0.35,0.91,0.61,0.91,0.29
193,0.93,0.32,0.92,0.36,0.92,0.62,0.91,0.3
194,0.93,0.29,0.92,0.37,0.92,0.61,0.92,0.3
195,0.93,0.24,0.93,0.38,0.92,0.58,0.92,0.31
196,0.93,0.24,0.93,0.39,0.92,0.61,0.92,0.32
197,0.93,0.26,0.93,0.4,0.93,0.58,0.92,0.33
198,0.93,0.26,0.93,0.41,0.93,0.6,0.93,0.34
199,0.93,0.29,0.93,0.42,0.93,0.63,0.93,0.35
200,0.93,0.34,0.94,0.43,0.93,0.63,0.93,0.36
201,0.94,0.34,0.94,0.44,0.94,0.66,0.94,0.37
202,0.94,0.32,0.94,0.45,0.94,0.65,0.94,0.38
203,0.93,0.29,0.94,0.46,0.94,0.64,0.94,0.38
204,0.93,0.29,0.94,0.47,0.94,0.63,0.94,0.39
205,0.94,0.29,0.94,0.48,0.94,0.62,0.94,0.4
206,0.94,0.26,0.94,0.49,0.94,0.63,0.94,0.41
207,0.94,0.21,0.94,0.5,0.94,0.6,0.94,0.42
208,0.93,0.21,0.94,0.5,0.94,0.58,0.94,0.42
209,0.93,0.18,0.94,0.51,0.94,0.59,0.94,0.43
210,0.93,0.21,0.94,0.52,0.94,0.59,0.94,0.44
211,0.93,0.18,0.94,0.53,0.94,0.59,0.94,0.45
212,0.93,0.21,0.94,0.54,0.94,0.55,0.94,0.45
213,0.93,0.16,0.94,0.54,0.94,0.58,0.94,0.46
214,0.93,0.13,0.94,0.55,0.94,0.57,0.95,0.47
215,0.93,0.13,0.94,0.56,0.94,0.55,0.94,0.48
216,0.93,0.13,0.94,0.56,0.94,0.54,0.95,0.48
217,0.94,0.16,0.94,0.57,0.94,0.56,0.95,0.49
218,0.94,0.18,0.95,0.58,0.95,0.58,0.95,0.5
219,0.94,0.21,0.95,0.58,0.95,0.59,0.95,0.5
220,0.94,0.21,0.95,0.59,0.95,0.61,0.96,0.51
221,0.95,0.21,0.95,0.59,0.95,0.62,0.96,0.51
222,0.95,0.21,0.95,0.6,0.95,0.6,0.96,0.52
223,0.95,0.21,0.95,0.61,0.96,0.63,0.96,0.52
224,0.95,0.29,0.95,0.61,0.96,0.61,0.96,0.53
225,0.95,0.26,0.96,0.62,0.96,0.65,0.96,0.54
226,0.95,0.26,0.96,0.62,0.96,0.62,0.96,0.54
227,0.95,0.26,0.96,0.63,0.96,0.61,0.96,0.55
228,0.95,0.26,0.96,0.63,0.96,0.66,0.96,0.55
229,0.96,0.29,0.96,0.64,0.96,0.65,0.97,0.56
230,0.96,0.29,0.96,0.64,0.97,0.66,0.97,0.56
231,0.96,0.32,0.97,0.65,0.96,0.68,0.97,0.57
232,0.96,0.32,0.97,0.65,0.97,0.68,0.97,0.57
233,0.96,0.32,0.97,0.66,0.97,0.7,0.97,0.58
234,0.96,0.32,0.97,0.66,0.97,0.69,0.97,0.58
235,0.96,0.32,0.97,0.66,0.97,0.66,0.97,0.59
236,0.95,0.29,0.96,0.67,0.96,0.66,0.97,0.59
237,0.95,0.26,0.96,0.67,0.96,0.65,0.97,0.6
238,0.95,0.21,0.96,0.67,0.96,0.62,0.96,0.6
239,0.95,0.26,0.96,0.68,0.96,0.63,0.96,0.61
240,0.95,0.21,0.96,0.68,0.96,0.62,0.96,0.61
241,0.95,0.21,0.96,0.69,0.96,0.59,0.96,0.61
242,0.95,0.24,0.96,0.69,0.96,0.61,0.96,0.62
243,0.95,0.29,0.96,0.69,0.96,0.65,0.97,0.62
244,0.95,0.29,0.96,0.7,0.96,0.64,0.97,0.63
245,0.95,0.29,0.96,0.7,0.96,0.63,0.97,0.63
246,0.95,0.32,0.96,0.7,0.96,0.65,0.97,0.63
247,0.95,0.29,0.96,0.7,0.96,0.62,0.97,0.64
248,0.95,0.29,0.96,0.71,0.96,0.65,0.97,0.64
249,0.95,0.29,0.96,0.71,0.96,0.62,0.97,0.64
250,0.95,0.29,0.96,0.71,0.96,0.63,0.97,0.65
251,0.95,0.29,0.96,0.72,0.96,0.64,0.97,0.65
252,0.95,0.34,0.96,0.72,0.96,0.64,0.97,0.66
253,0.96,0.37,0.97,0.72,0.97,0.69,0.97,0.66
254,0.96,0.42,0.97,0.73,0.97,0.73,0.98,0.66
255,0.96,0.42,0.97,0.73,0.97,0.72,0.98,0.67
256,0.97,0.42,0.97,0.73,0.97,0.71,0.98,0.67
257,0.97,0.47,0.97,0.73,0.98,0.73,0.98,0.67
258,0.97,0.45,0.97,0.74,0.98,0.73,0.98,0.68
259,0.97,0.45,0.98,0.74,0.98,0.72,0.98,0.68
260,0.97,0.42,0.98,0.74,0.98,0.73,0.98,0.68
261,0.97,0.47,0.98,0.74,0.98,0.72,0.98,0.69
262,0.97,0.45,0.97,0.75,0.98,0.72,0.98,0.69
263,0.97,0.45,0.98,0.75,0.98,0.75,0.98,0.69
264,0.98,0.47,0.98,0.75,0.98,0.75,0.98,0.69
265,0.98,0.5,0.98,0.75,0.98,0.73,0.98,0.7
266,0.98,0.5,0.98,0.75,0.98,0.75,0.99,0.7
267,0.98,0.45,0.98,0.76,0.98,0.71,0.98,0.7
268,0.97,0.39,0.98,0.76,0.98,0.68,0.98,0.7
269,0.97,0.37,0.98,0.76,0.98,0.69,0.98,0.71
270,0.97,0.37,0.98,0.76,0.98,0.69,0.98,0.71
271,0.97,0.42,0.98,0.77,0.98,0.72,0.98,0.71
272,0.97,0.45,0.98,0.77,0.98,0.73,0.99,0.71
273,0.96,0.42,0.98,0.77,0.98,0.74,0.98,0.72
274,0.96,0.53,0.98,0.77,0.98,0.74,0.98,0.72
275,0.96,0.55,0.98,0.77,0.98,0.74,0.98,0.72
276,0.96,0.55,0.98,0.78,0.98,0.77,0.98,0.72
277,0.96,0.55,0.98,0.78,0.98,0.77,0.98,0.73
278,0.96,0.58,0.98,0.78,0.98,0.8,0.98,0.73
279,0.96,0.58,0.98,0.78,0.98,0.79,0.98,0.73
280,0.96,0.55,0.97,0.78,0.98,0.8,0.98,0.73
281,0.96,0.55,0.97,0.78,0.97,0.76,0.98,0.74
282,0.96,0.55,0.97,0.79,0.98,0.74,0.98,0.74
283,0.96,0.55,0.97,0.79,0.98,0.78,0.98,0.74
284,0.96,0.58,0.98,0.79,0.98,0.8,0.98,0.74
285,0.96,0.63,0.97,0.79,0.98,0.85,0.98,0.74
286,0.96,0.68,0.98,0.8,0.98,0.84,0.98,0.75
287,0.96,0.66,0.98,0.8,0.98,0.87,0.98,0.75
288,0.96,0.71,0.98,0.8,0.98,0.88,0.98,0.75
289,0.96,0.63,0.98,0.8,0.98,0.88,0.98,0.75
290,0.96,0.63,0.98,0.8,0.98,0.82,0.98,0.76
291,0.96,0.61,0.97,0.8,0.98,0.79,0.98,0.76
292,0.96,0.58,0.97,0.81,0.97,0.8,0.98,0.76
293,0.96,0.55,0.97,0.81,0.98,0.78,0.98,0.76
294,0.96,0.58,0.97,0.81,0.97,0.77,0.98,0.76
295,0.96,0.55,0.97,0.81,0.98,0.75,0.98,0.76
296,0.96,0.55,0.97,0.81,0.97,0.75,0.98,0.77
297,0.96,0.5,0.97,0.81,0.97,0.75,0.97,0.77
298,0.96,0.47,0.97,0.81,0.97,0.74,0.97,0.77
299,0.96,0.45,0.97,0.81,0.97,0.73,0.97,0.77
300,0.96,0.42,0.97,0.81,0.97,0.71,0.97,0.77
301,0.96,0.42,0.97,0.81,0.97,0.66,0.97,0.77
302,0.96,0.42,0.97,0.82,0.97,0.69,0.97,0.78
303,0.96,0.39,0.97,0.82,0.97,0.7,0.97,0.78
304,0.96,0.39,0.97,0.82,0.97,0.7,0.97,0.78
305,0.96,0.42,0.97,0.82,0.97,0.71,0.98,0.78
306,0.97,0.45,0.97,0.82,0.97,0.72,0.98,0.78
307,0.97,0.5,0.97,0.82,0.98,0.72,0.98,0.78
308,0.97,0.5,0.98,0.82,0.97,0.74,0.98,0.79
309,0.97,0.47,0.98,0.83,0.98,0.72,0.98,0.79
310,0.97,0.5,0.98,0.83,0.98,0.73,0.98,0.79
311,0.97,0.53,0.98,0.83,0.98,0.77,0.98,0.79
312,0.97,0.53,0.98,0.83,0.98,0.73,0.99,0.79
313,0.98,0.55,0.98,0.83,0.98,0.75,0.99,0.79
314,0.97,0.55,0.98,0.83,0.98,0.78,0.98,0.8
315,0.97,0.58,0.98,0.83,0.98,0.79,0.99,0.8
316,0.97,0.55,0.98,0.83,0.98,0.75,0.99,0.8
317,0.97,0.55,0.98,0.83,0.98,0.78,0.98,0.8
318,0.96,0.53,0.98,0.83,0.98,0.75,0.98,0.8
319,0.96,0.53,0.98,0.83,0.98,0.75,0.98,0.8
320,0.96,0.5,0.98,0.84,0.98,0.73,0.98,0.81
321,0.96,0.5,0.97,0.84,0.98,0.73,0.98,0.81
322,0.96,0.47,0.97,0.84,0.98,0.73,0.98,0.81
323,0.96,0.5,0.97,0.84,0.98,0.73,0.98,0.81
324,0.96,0.47,0.97,0.84,0.97,0.72,0.98,0.81
325,0.96,0.47,0.97,0.84,0.97,0.73,0.98,0.81
326,0.96,0.45,0.97,0.84,0.97,0.68,0.98,0.81
327,0.96,0.45,0.97,0.84,0.97,0.7,0.98,0.81
328,0.96,0.45,0.97,0.84,0.97,0.71,0.98,0.81
329,0.96,0.47,0.97,0.85,0.98,0.72,0.98,0.82
330,0.96,0.45,0.97,0.85,0.98,0.7,0.98,0.82
331,0.97,0.45,0.97,0.85,0.97,0.7,0.98,0.82
332,0.97,0.45,0.97,0.85,0.98,0.7,0.98,0.82
333,0.97,0.42,0.98,0.85,0.98,0.7,0.98,0.82
334,0.97,0.39,0.97,0.85,0.98,0.66,0.98,0.82
335,0.96,0.37,0.97,0.85,0.98,0.65,0.98,0.82
336,0.96,0.37,0.97,0.85,0.98,0.65,0.98,0.82
337,0.96,0.34,0.97,0.85,0.97,0.66,0.98,0.83
338,0.96,0.37,0.97,0.85,0.97,0.66,0.98,0.83
339,0.96,0.37,0.97,0.85,0.97,0.65,0.98,0.83
340,0.96,0.37,0.97,0.86,0.97,0.68,0.98,0.83
341,0.96,0.37,0.97,0.86,0.97,0.66,0.98,0.83
342,0.96,0.34,0.97,0.86,0.97,0.66,0.98,0.83
343,0.96,0.39,0.97,0.86,0.97,0.66,0.98,0.83
344,0.96,0.42,0.97,0.86,0.98,0.71,0.98,0.83
345,0.96,0.5,0.97,0.86,0.98,0.72,0.98,0.84
346,0.96,0.53,0.97,0.86,0.98,0.73,0.98,0.84
347,0.96,0.58,0.98,0.86,0.98,0.77,0.99,0.84
348,0.96,0.58,0.98,0.86,0.98,0.8,0.99,0.84
349,0.96,0.61,0.98,0.86,0.98,0.83,0.99,0.84
350,0.96,0.61,0.98,0.87,0.98,0.8,0.99,0.84
351,0.96,0.61,0.97,0.87,0.98,0.77,0.99,0.84
352,0.95,0.58,0.97,0.87,0.98,0.77,0.98,0.84
353,0.95,0.55,0.97,0.87,0.98,0.77,0.98,0.85
354,0.96,0.61,0.97,0.87,0.98,0.78,0.98,0.85
355,0.96,0.61,0.97,0.87,0.98,0.79,0.98,0.85
356,0.96,0.63,0.97,0.87,0.98,0.8,0.98,0.85
357,0.96,0.66,0.97,0.87,0.98,0.85,0.98,0.85
358,0.96,0.68,0.98,0.87,0.98,0.85,0.98,0.85
359,0.96,0.71,0.98,0.88,0.98,0.87,0.98,0.85
360,0.96,0.74,0.98,0.88,0.98,0.86,0.98,0.85
361,0.96,0.76,0.98,0.88,0.98,0.91,0.98,0.86
362,0.97,0.76,0.98,0.88,0.98,0.91,0.99,0.86
363,0.96,0.76,0.98,0.88,0.98,0.89,0.98,0.86
364,0.96,0.71,0.98,0.88,0.98,0.87,0.98,0.86
365,0.96,0.71,0.98,0.88,0.98,0.85,0.98,0.86
366,0.96,0.66,0.98,0.88,0.98,0.85,0.98,0.86
367,0.96,0.63,0.97,0.88,0.98,0.82,0.98,0.86
368,0.96,0.63,0.98,0.88,0.98,0.84,0.98,0.86
369,0.96,0.68,0.98,0.88,0.98,0.84,0.98,0.86
370,0.96,0.71,0.98,0.89,0.98,0.84,0.98,0.86
371,0.96,0.68,0.97,0.89,0.98,0.86,0.98,0.87
372,0.96,0.71,0.97,0.89,0.98,0.87,0.98,0.87
373,0.95,0.68,0.97,0.89,0.98,0.84,0.98,0.87
374,0.95,0.71,0.97,0.89,0.97,0.85,0.98,0.87
375,0.96,0.74,0.97,0.89,0.97,0.85,0.98,0.87
376,0.96,0.68,0.97,0.89,0.97,0.88,0.98,0.87
377,0.95,0.71,0.97,0.89,0.97,0.84,0.98,0.87
378,0.95,0.66,0.97,0.89,0.97,0.87,0.98,0.87
379,0.95,0.66,0.97,0.89,0.97,0.85,0.98,0.87
380,0.95,0.66,0.97,0.89,0.97,0.8,0.98,0.87
381,0.95,0.61,0.97,0.89,0.97,0.78,0.98,0.87
382,0.96,0.58,0.97,0.89,0.97,0.77,0.97,0.87
383,0.95,0.55,0.97,0.89,0.97,0.77,0.98,0.87
384,0.96,0.55,0.97,0.89,0.97,0.78,0.98,0.87
385,0.96,0.58,0.97,0.89,0.97,0.79,0.98,0.88
386,0.96,0.63,0.97,0.89,0.97,0.79,0.98,0.88
387,0.96,0.66,0.97,0.9,0.98,0.82,0.98,0.88
388,0.96,0.66,0.97,0.9,0.98,0.84,0.98,0.88
389,0.96,0.66,0.97,0.9,0.98,0.8,0.98,0.88
390,0.96,0.66,0.97,0.9,0.98,0.81,0.98,0.88
391,0.96,0.68,0.97,0.9,0.98,0.84,0.98,0.88
392,0.96,0.68,0.97,0.9,0.98,0.83,0.99,0.88
393,0.96,0.68,0.97,0.9,0.98,0.85,0.98,0.88
394,0.96,0.66,0.98,0.9,0.98,0.87,0.99,0.88
395,0.96,0.68,0.98,0.9,0.98,0.84,0.98,0.88
396,0.97,0.71,0.98,0.9,0.98,0.85,0.98,0.89
397,0.97,0.71,0.98,0.9,0.98,0.85,0.99,0.89
398,0.97,0.71,0.98,0.9,0.98,0.85,0.99,0.89
399,0.97,0.71,0.98,0.9,0.98,0.85,0.99,0.89
400,0.97,0.68,0.98,0.9,0.98,0.85,0.99,0.89
401,0.97,0.68,0.98,0.9,0.98,0.83,0.99,0.89
402,0.97,0.63,0.98,0.9,0.98,0.8,0.99,0.89
403,0.97,0.61,0.98,0.91,0.98,0.77,0.99,0.89
404,0.97,0.61,0.98,0.91,0.98,0.75,0.98,0.89
405,0.97,0.61,0.98,0.91,0.98,0.78,0.99,0.89
406,0.97,0.61,0.98,0.91,0.98,0.77,0.99,0.89
407,0.97,0.61,0.98,0.91,0.98,0.78,0.99,0.89
408,0.97,0.63,0.98,0.91,0.98,0.8,0.99,0.89
409,0.97,0.63,0.98,0.91,0.98,0.79,0.99,0.89
410,0.97,0.61,0.98,0.91,0.98,0.8,0.99,0.9
411,0.97,0.63,0.98,0.91,0.98,0.81,0.99,0.9
412,0.97,0.68,0.98,0.91,0.99,0.83,0.99,0.9
413,0.97,0.71,0.99,0.91,0.99,0.86,0.99,0.9
414,0.98,0.74,0.99,0.91,0.99,0.87,0.99,0.9
415,0.98,0.76,0.99,0.91,0.99,0.91,0.99,0.9
416,0.98,0.76,0.99,0.91,0.99,0.9,0.99,0.9
417,0.98,0.79,0.99,0.91,0.99,0.86,1.0,0.9
418,0.98,0.76,0.99,0.91,0.99,0.87,0.99,0.9
419,0.98,0.74,0.99,0.92,0.99,0.86,0.99,0.9
420,0.98,0.74,0.99,0.92,0.99,0.86,0.99,0.9
421,0.98,0.71,0.99,0.92,0.99,0.86,0.99,0.9
422,0.98,0.76,0.99,0.92,0.99,0.86,0.99,0.9
423,0.98,0.76,0.99,0.92,0.99,0.85,0.99,0.9
424,0.98,0.79,0.99,0.92,0.99,0.87,1.0,0.9
425,0.99,0.87,0.99,0.92,0.99,0.92,1.0,0.91
426,0.98,0.89,0.99,0.92,1.0,0.97,1.0,0.91
427,0.99,0.95,0.99,0.92,0.99,0.95,1.0,0.91
428,0.98,0.95,0.99,0.92,1.0,1.0,1.0,0.91
429,0.98,1.0,0.99,0.92,1.0,0.99,1.0,0.91
430,0.99,1.0,1.0,0.92,0.99,0.99,1.0,0.91
431,0.98,1.0,0.99,0.92,0.99,0.99,1.0,0.91
432,0.98,0.97,0.99,0.93,0.99,0.99,1.0,0.91
433,0.98,0.95,0.99,0.93,0.99,0.97,1.0,0.91
434,0.98,0.95,0.99,0.93,0.99,0.97,1.0,0.91
435,0.99,0.95,0.99,0.93,0.99,0.97,1.0,0.91
436,0.99,0.95,0.99,0.93,0.99,0.98,0.99,0.91
437,0.99,0.92,0.99,0.93,0.99,0.96,1.0,0.91
438,0.99,0.97,0.99,0.93,0.99,0.97,1.0,0.91
439,0.99,0.95,0.99,0.93,0.99,0.99,1.0,0.92
440,0.98,0.95,0.99,0.93,0.99,0.97,1.0,0.92
441,0.98,0.92,0.99,0.93,0.99,0.96,0.99,0.92
442,0.98,0.89,0.99,0.93,0.99,0.96,1.0,0.92
443,0.98,0.92,0.99,0.93,0.99,0.97,0.99,0.92
444,0.98,0.89,0.99,0.93,0.99,0.96,1.0,0.92
445,0.98,0.92,0.99,0.93,0.99,0.96,1.0,0.92
446,0.98,0.92,0.99,0.93,0.99,0.97,1.0,0.92
447,0.98,0.89,0.99,0.93,0.99,0.93,1.0,0.92
448,0.98,0.92,0.99,0.93,0.99,0.94,1.0,0.92
449,0.98,0.89,0.99,0.93,0.99,0.91,0.99,0.92
450,0.98,0.82,0.99,0.93,0.99,0.89,0.99,0.92
451,0.98,0.79,0.99,0.93,0.99,0.89,0.99,0.92
452,0.98,0.74,0.99,0.93,0.99,0.87,0.99,0.92
453,0.98,0.76,0.98,0.93,0.98,0.87,0.99,0.92
454,0.98,0.79,0.99,0.93,0.98,0.89,0.99,0.92
455,0.97,0.82,0.99,0.93,0.99,0.89,0.99,0.92
456,0.97,0.82,0.98,0.93,0.99,0.89,0.99,0.92
457,0.97,0.87,0.99,0.94,0.99,0.93,0.99,0.93
458,0.97,0.84,0.98,0.94,0.99,0.92,0.99,0.93
459,0.97,0.84,0.98,0.94,0.98,0.91,0.99,0.93
460,0.96,0.82,0.98,0.94,0.99,0.93,0.99,0.93
461,0.96,0.89,0.98,0.94,0.99,0.92,0.99,0.93
462,0.97,0.95,0.98,0.94,0.99,0.95,0.99,0.93
463,0.97,0.95,0.98,0.94,0.99,0.96,0.99,0.93
464,0.97,0.95,0.98,0.94,0.99,0.98,0.99,0.93
465,0.97,0.92,0.98,0.94,0.99,0.99,0.99,0.93
466,0.97,0.95,0.99,0.94,0.99,0.97,0.99,0.93
467,0.97,0.92,0.99,0.94,0.99,0.94,0.99,0.93
468,0.97,0.95,0.99,0.94,0.99,0.94,0.99,0.93
469,0.97,0.84,0.98,0.94,0.99,0.91,0.99,0.93
470,0.97,0.79,0.98,0.94,0.98,0.91,0.99,0.93
471,0.97,0.76,0.98,0.94,0.98,0.89,0.99,0.93
472,0.97,0.79,0.98,0.94,0.98,0.86,0.99,0.93
473,0.97,0.79,0.98,0.94,0.98,0.86,0.99,0.93
474,0.97,0.76,0.98,0.94,0.98,0.89,0.99,0.93
475,0.97,0.79,0.98,0.94,0.98,0.88,0.99,0.93
476,0.97,0.76,0.98,0.94,0.98,0.87,0.99,0.93
477,0.97,0.79,0.98,0.94,0.99,0.88,0.99,0.93
478,0.97,0.76,0.98,0.94,0.98,0.89,0.99,0.93
479,0.97,0.79,0.98,0.94,0.99,0.86,0.99,0.94
480,0.97,0.84,0.98,0.94,0.99,0.89,0.99,0.94
481,0.96,0.84,0.98,0.94,0.98,0.92,0.99,0.94
482,0.96,0.84,0.98,0.94,0.98,0.91,0.99,0.94
483,0.96,0.87,0.98,0.94,0.98,0.92,0.99,0.94
484,0.97,0.89,0.98,0.95,0.99,0.93,0.99,0.94
485,0.96,0.92,0.98,0.95,0.98,0.94,0.99,0.94
486,0.96,0.95,0.98,0.95,0.99,0.97,0.99,0.94
487,0.96,0.89,0.98,0.95,0.98,0.94,0.99,0.94
488,0.96,0.87,0.98,0.95,0.98,0.94,0.99,0.94
489,0.96,0.87,0.98,0.95,0.98,0.94,0.99,0.94
490,0.96,0.87,0.98,0.95,0.98,0.91,0.99,0.94
491,0.97,0.87,0.98,0.95,0.98,0.94,0.99,0.94
492,0.97,0.84,0.98,0.95,0.98,0.92,0.99,0.94
493,0.96,0.79,0.98,0.95,0.98,0.89,0.99,0.94
494,0.96,0.79,0.97,0.95,0.98,0.87,0.99,0.94
495,0.96,0.79,0.97,0.95,0.98,0.87,0.99,0.94
496,0.96,0.71,0.97,0.95,0.98,0.85,0.98,0.94
497,0.96,0.74,0.97,0.95,0.98,0.83,0.98,0.94
498,0.96,0.68,0.97,0.95,0.98,0.8,0.98,0.94
499,0.95,0.71,0.97,0.95,0.98,0.82,0.98,0.94
500,0.96,0.71,0.97,0.95,0.98,0.81,0.98,0.94
501,0.96,0.68,0.97,0.95,0.98,0.85,0.98,0.94
502,0.96,0.74,0.97,0.95,0.98,0.83,0.98,0.95
503,0.96,0.71,0.97,0.95,0.98,0.82,0.99,0.95
504,0.96,0.76,0.98,0.95,0.98,0.87,0.99,0.95
505,0.97,0.76,0.98,0.95,0.98,0.86,0.98,0.95
506,0.97,0.74,0.98,0.95,0.98,0.85,0.99,0.95
507,0.97,0.68,0.98,0.95,0.98,0.84,0.99,0.95
508,0.97,0.68,0.98,0.95,0.98,0.81,0.99,0.95
509,0.98,0.68,0.98,0.95,0.98,0.8,0.99,0.95
510,0.98,0.68,0.98,0.95,0.99,0.8,0.99,0.95
511,0.98,0.66,0.98,0.95,0.98,0.8,0.99,0.95
512,0.98,0.66,0.98,0.95,0.98,0.82,0.99,0.95
513,0.98,0.61,0.98,0.95,0.99,0.81,0.99,0.95
514,0.97,0.63,0.98,0.95,0.98,0.79,0.99,0.95
515,0.97,0.63,0.98,0.95,0.98,0.77,0.99,0.95
516,0.97,0.63,0.98,0.95,0.98,0.8,0.99,0.95
517,0.97,0.66,0.98,0.96,0.99,0.79,0.99,0.95
518,0.97,0.66,0.98,0.96,0.99,0.8,0.99,0.95
519,0.98,0.66,0.99,0.96,0.99,0.79,0.99,0.95
520,0.98,0.68,0.99,0.96,0.99,0.82,0.99,0.95
521,0.98,0.68,0.99,0.96,0.99,0.84,0.99,0.95
522,0.98,0.68,0.99,0.96,0.99,0.81,0.99,0.95
523,0.98,0.68,0.99,0.96,0.99,0.85,0.99,0.95
524,0.98,0.68,0.99,0.96,0.99,0.83,0.99,0.95
525,0.98,0.66,0.99,0.96,0.99,0.81,0.99,0.95
526,0.98,0.61,0.98,0.96,0.99,0.75,0.99,0.95
527,0.97,0.58,0.98,0.96,0.98,0.75,0.99,0.95
528,0.97,0.55,0.98,0.96,0.98,0.76,0.99,0.95
529,0.97,0.58,0.98,0.96,0.98,0.75,0.99,0.95
530,0.97,0.58,0.98,0.96,0.98,0.75,0.99,0.96
531,0.97,0.61,0.98,0.96,0.98,0.77,0.99,0.96
532,0.97,0.63,0.98,0.96,0.98,0.77,0.99,0.96
533,0.96,0.63,0.98,0.96,0.98,0.78,0.99,0.96
534,0.97,0.66,0.98,0.96,0.98,0.8,0.99,0.96
535,0.97,0.63,0.98,0.96,0.98,0.8,0.99,0.96
536,0.97,0.61,0.98,0.96,0.98,0.78,0.99,0.96
537,0.96,0.61,0.98,0.96,0.98,0.79,0.99,0.96
538,0.96,0.63,0.98,0.96,0.98,0.78,0.99,0.96
539,0.96,0.61,0.98,0.96,0.98,0.78,0.99,0.96
540,0.96,0.61,0.98,0.96,0.98,0.81,0.99,0.96
541,0.96,0.61,0.98,0.96,0.98,0.77,0.99,0.96
542,0.96,0.61,0.98,0.96,0.98,0.79,0.99,0.96
543,0.96,0.61,0.98,0.96,0.98,0.77,0.98,0.96
544,0.96,0.61,0.97,0.96,0.98,0.78,0.98,0.96
545,0.96,0.61,0.97,0.96,0.98,0.77,0.98,0.96
546,0.96,0.55,0.97,0.96,0.98,0.75,0.98,0.96
547,0.95,0.55,0.97,0.96,0.97,0.75,0.98,0.96
548,0.95,0.5,0.97,0.96,0.97,0.73,0.98,0.96
549,0.95,0.53,0.97,0.96,0.97,0.73,0.98,0.96
550,0.95,0.55,0.97,0.97,0.97,0.75,0.98,0.96
551,0.95,0.58,0.97,0.97,0.97,0.77,0.98,0.96
552,0.95,0.58,0.97,0.97,0.97,0.77,0.98,0.97
553,0.95,0.63,0.97,0.97,0.97,0.84,0.98,0.97
554,0.95,0.66,0.97,0.97,0.98,0.82,0.98,0.97
555,0.96,0.66,0.97,0.97,0.98,0.84,0.99,0.97
556,0.96,0.68,0.97,0.97,0.98,0.86,0.99,0.97
557,0.95,0.66,0.97,0.97,0.98,0.83,0.98,0.97
558,0.95,0.66,0.97,0.97,0.98,0.84,0.99,0.97
559,0.95,0.61,0.97,0.97,0.98,0.8,0.98,0.97
560,0.95,0.61,0.97,0.97,0.98,0.8,0.98,0.97
561,0.95,0.61,0.97,0.97,0.97,0.8,0.98,0.97
562,0.95,0.58,0.97,0.97,0.97,0.78,0.98,0.97
563,0.95,0.61,0.97,0.97,0.97,0.78,0.98,0.97
564,0.95,0.58,0.96,0.97,0.97,0.78,0.98,0.97
565,0.95,0.61,0.96,0.97,0.97,0.78,0.98,0.97
566,0.95,0.61,0.97,0.97,0.97,0.8,0.98,0.97
567,0.94,0.61,0.96,0.97,0.97,0.81,0.98,0.97
568,0.95,0.61,0.96,0.97,0.97,0.81,0.98,0.97
569,0.95,0.61,0.96,0.97,0.97,0.82,0.98,0.97
570,0.95,0.61,0.97,0.97,0.97,0.83,0.98,0.97
571,0.95,0.61,0.96,0.97,0.97,0.8,0.98,0.97
572,0.95,0.61,0.97,0.97,0.97,0.82,0.98,0.97
573,0.95,0.61,0.96,0.97,0.97,0.78,0.98,0.97
574,0.95,0.58,0.96,0.97,0.97,0.78,0.98,0.97
575,0.95,0.55,0.96,0.97,0.97,0.77,0.98,0.97
576,0.95,0.53,0.97,0.97,0.97,0.77,0.98,0.97
577,0.95,0.53,0.97,0.97,0.97,0.77,0.98,0.97
578,0.95,0.53,0.97,0.97,0.97,0.75,0.98,0.97
579,0.95,0.53,0.97,0.97,0.97,0.77,0.98,0.98
580,0.95,0.53,0.97,0.97,0.97,0.75,0.98,0.97
581,0.95,0.5,0.97,0.97,0.97,0.75,0.98,0.98
582,0.95,0.5,0.97,0.97,0.97,0.75,0.98,0.98
583,0.95,0.5,0.97,0.97,0.97,0.73,0.98,0.98
584,0.95,0.47,0.97,0.97,0.97,0.72,0.98,0.98
585,0.95,0.53,0.97,0.98,0.97,0.77,0.98,0.98
586,0.95,0.53,0.97,0.98,0.97,0.8,0.98,0.98
587,0.95,0.5,0.97,0.98,0.97,0.75,0.98,0.98
588,0.95,0.5,0.97,0.98,0.97,0.74,0.98,0.98
589,0.95,0.47,0.97,0.98,0.97,0.74,0.98,0.98
590,0.95,0.47,0.96,0.98,0.97,0.71,0.98,0.98
591,0.95,0.5,0.96,0.98,0.97,0.73,0.98,0.98
592,0.95,0.45,0.97,0.98,0.97,0.7,0.98,0.98
593,0.95,0.5,0.97,0.98,0.97,0.75,0.98,0.98
594,0.95,0.53,0.97,0.98,0.97,0.75,0.98,0.98
595,0.96,0.55,0.97,0.98,0.98,0.78,0.98,0.98
596,0.96,0.61,0.97,0.98,0.98,0.84,0.99,0.98
597,0.96,0.61,0.98,0.98,0.98,0.83,0.99,0.98
598,0.96,0.63,0.98,0.98,0.98,0.85,0.99,0.98
599,0.97,0.63,0.98,0.98,0.98,0.84,0.99,0.98
