0,0.85,0.92,0.93,0.96,0.91,0.96,0.99,0.93
1,0.84,0.9,0.92,0.96,0.9,0.95,0.98,0.93
2,0.82,0.88,0.92,0.96,0.89,0.95,0.97,0.93
3,0.83,0.89,0.92,0.96,0.88,0.94,0.97,0.93
4,0.84,0.92,0.92,0.96,0.89,0.95,0.98,0.93
5,0.84,0.92,0.93,0.96,0.9,0.97,0.98,0.93
6,0.84,0.94,0.94,0.96,0.9,0.97,0.98,0.93
7,0.84,0.94,0.94,0.96,0.91,0.98,0.99,0.93
8,0.84,0.94,0.94,0.96,0.92,0.97,0.98,0.93
9,0.84,0.94,0.94,0.96,0.91,0.98,0.99,0.93
10,0.84,0.94,0.94,0.96,0.92,0.98,0.98,0.93
11,0.83,0.94,0.94,0.96,0.9,0.98,0.98,0.93
12,0.82,0.93,0.93,0.96,0.9,0.97,0.98,0.93
13,0.82,0.92,0.93,0.96,0.89,0.97,0.97,0.93
14,0.81,0.92,0.92,0.96,0.87,0.97,0.96,0.93
15,0.81,0.92,0.92,0.96,0.88,0.96,0.96,0.93
16,0.81,0.92,0.92,0.96,0.87,0.96,0.96,0.93
17,0.82,0.92,0.92,0.96,0.87,0.96,0.96,0.93
18,0.82,0.92,0.91,0.96,0.87,0.96,0.96,0.93
19,0.82,0.92,0.92,0.96,0.87,0.96,0.96,0.93
20,0.82,0.93,0.92,0.96,0.88,0.97,0.96,0.93
21,0.83,0.93,0.92,0.96,0.87,0.96,0.96,0.93
22,0.84,0.92,0.92,0.96,0.87,0.97,0.96,0.93
23,0.83,0.92,0.91,0.96,0.87,0.96,0.96,0.93
24,0.81,0.92,0.91,0.96,0.85,0.96,0.95,0.93
25,0.81,0.91,0.9,0.96,0.85,0.96,0.95,0.93
26,0.81,0.92,0.91,0.96,0.85,0.97,0.96,0.93
27,0.82,0.93,0.9,0.96,0.86,0.97,0.96,0.93
28,0.82,0.94,0.91,0.96,0.85,0.97,0.96,0.93
29,0.82,0.93,0.91,0.96,0.85,0.96,0.96,0.93
30,0.82,0.93,0.9,0.96,0.86,0.96,0.96,0.93
31,0.82,0.93,0.91,0.96,0.85,0.96,0.96,0.93
32,0.81,0.92,0.9,0.96,0.85,0.97,0.96,0.93
33,0.82,0.92,0.9,0.96,0.85,0.95,0.96,0.93
34,0.8,0.92,0.9,0.96,0.86,0.96,0.96,0.93
35,0.8,0.92,0.9,0.96,0.85,0.96,0.96,0.93
36,0.8,0.92,0.9,0.96,0.84,0.96,0.95,0.93
37,0.8,0.92,0.89,0.96,0.84,0.96,0.95,0.93
38,0.78,0.92,0.89,0.96,0.84,0.95,0.95,0.93
39,0.8,0.93,0.9,0.96,0.85,0.97,0.96,0.93
40,0.8,0.94,0.9,0.96,0.85,0.97,0.96,0.93
41,0.8,0.95,0.91,0.96,0.86,0.98,0.96,0.93
42,0.8,0.96,0.91,0.96,0.87,0.98,0.96,0.93
43,0.81,0.96,0.91,0.96,0.86,0.98,0.96,0.93
44,0.8,0.94,0.91,0.96,0.86,0.98,0.96,0.93
45,0.81,0.94,0.91,0.96,0.85,0.97,0.96,0.93
46,0.82,0.95,0.92,0.96,0.87,0.97,0.96,0.93
47,0.84,0.97,0.92,0.96,0.88,0.98,0.97,0.93
48,0.84,0.97,0.93,0.96,0.88,0.99,0.97,0.93
49,0.84,0.97,0.93,0.97,0.88,0.99,0.98,0.93
50,0.86,0.99,0.94,0.97,0.91,0.99,0.98,0.93
51,0.91,0.99,0.96,0.97,0.92,1.0,0.97,0.93
52,0.95,1.0,0.99,0.97,0.95,1.0,0.96,0.93
53,0.98,0.98,1.0,0.97,1.0,1.0,0.96,0.93
54,1.0,0.97,1.0,0.96,1.0,0.99,0.96,0.93
55,0.97,0.92,0.96,0.95,0.96,0.95,0.89,0.92
56,0.89,0.8,0.83,0.93,0.91,0.86,0.75,0.89
57,0.78,0.67,0.68,0.88,0.77,0.72,0.61,0.84
58,0.67,0.55,0.55,0.82,0.66,0.59,0.49,0.79
59,0.57,0.47,0.46,0.76,0.57,0.5,0.41,0.74
60,0.49,0.4,0.38,0.7,0.49,0.41,0.35,0.69
61,0.43,0.34,0.33,0.64,0.43,0.35,0.3,0.64
62,0.37,0.31,0.29,0.58,0.38,0.29,0.26,0.6
63,0.33,0.27,0.26,0.52,0.34,0.26,0.24,0.55
64,0.29,0.23,0.23,0.47,0.3,0.22,0.22,0.52
65,0.26,0.2,0.21,0.43,0.27,0.19,0.19,0.48
66,0.24,0.19,0.19,0.38,0.25,0.17,0.18,0.44
67,0.22,0.18,0.18,0.34,0.24,0.16,0.16,0.41
68,0.21,0.16,0.16,0.31,0.22,0.14,0.14,0.38
69,0.18,0.14,0.15,0.27,0.19,0.12,0.13,0.35
70,0.16,0.12,0.13,0.25,0.17,0.11,0.11,0.33
71,0.15,0.11,0.12,0.22,0.16,0.09,0.1,0.3
72,0.14,0.11,0.11,0.2,0.15,0.08,0.1,0.28
73,0.13,0.1,0.1,0.18,0.15,0.08,0.09,0.26
74,0.13,0.09,0.09,0.16,0.14,0.08,0.09,0.24
75,0.12,0.09,0.09,0.14,0.13,0.07,0.08,0.23
76,0.12,0.07,0.09,0.13,0.12,0.06,0.07,0.21
77,0.13,0.08,0.09,0.12,0.12,0.06,0.08,0.2
78,0.13,0.08,0.09,0.1,0.12,0.06,0.07,0.18
79,0.13,0.09,0.08,0.09,0.12,0.06,0.07,0.17
80,0.13,0.08,0.08,0.08,0.12,0.06,0.07,0.16
81,0.12,0.07,0.08,0.08,0.1,0.05,0.07,0.15
82,0.13,0.07,0.07,0.07,0.11,0.05,0.07,0.14
83,0.12,0.07,0.08,0.06,0.1,0.04,0.07,0.13
84,0.12,0.06,0.08,0.05,0.1,0.05,0.07,0.12
85,0.11,0.07,0.07,0.05,0.1,0.05,0.06,0.11
86,0.11,0.07,0.07,0.04,0.11,0.05,0.07,0.11
87,0.1,0.07,0.07,0.04,0.11,0.05,0.06,0.1
88,0.09,0.07,0.07,0.04,0.1,0.04,0.06,0.09
89,0.08,0.04,0.06,0.03,0.08,0.03,0.05,0.09
90,0.08,0.04,0.05,0.03,0.08,0.03,0.04,0.08
91,0.07,0.04,0.05,0.02,0.07,0.03,0.03,0.08
92,0.06,0.03,0.04,0.02,0.05,0.03,0.03,0.07
93,0.05,0.02,0.04,0.02,0.05,0.02,0.03,0.07
94,0.05,0.02,0.03,0.02,0.04,0.01,0.02,0.06
95,0.05,0.02,0.03,0.02,0.03,0.01,0.02,0.06
96,0.04,0.02,0.02,0.01,0.02,0.01,0.02,0.05
97,0.03,0.03,0.02,0.01,0.01,0.01,0.02,0.05
98,0.03,0.02,0.02,0.01,0.01,0.01,0.02,0.05
99,0.02,0.02,0.02,0.01,0.01,0.01,0.01,0.04
100,0.0,0.0,0.01,0.01,0.0,0.01,0.01,0.04
101,0.0,0.01,0.0,0.01,0.0,0.01,0.01,0.04
102,0.0,0.01,0.0,0.01,0.0,0.01,0.01,0.03
103,0.0,0.03,0.0,0.01,0.01,0.01,0.01,0.03
104,0.0,0.03,0.01,0.01,0.0,0.02,0.01,0.03
105,0.01,0.04,0.01,0.01,0.01,0.03,0.01,0.03
106,0.01,0.03,0.01,0.01,0.01,0.03,0.01,0.03
107,0.01,0.04,0.01,0.01,0.01,0.02,0.01,0.03
108,0.01,0.04,0.01,0.01,0.0,0.02,0.0,0.02
109,0.01,0.04,0.01,0.01,0.0,0.02,0.01,0.02
110,0.02,0.03,0.01,0.0,0.0,0.01,0.0,0.02
111,0.02,0.04,0.01,0.0,0.01,0.01,0.01,0.02
112,0.02,0.03,0.01,0.0,0.01,0.01,0.01,0.02
113,0.02,0.04,0.01,0.0,0.01,0.02,0.0,0.02
114,0.02,0.04,0.01,0.0,0.0,0.01,0.01,0.02
115,0.02,0.03,0.02,0.0,0.0,0.01,0.0,0.02
116,0.03,0.04,0.01,0.0,0.0,0.01,0.01,0.01
117,0.04,0.03,0.02,0.0,0.01,0.02,0.01,0.01
118,0.05,0.04,0.02,0.0,0.01,0.02,0.01,0.01
119,0.04,0.03,0.02,0.0,0.01,0.01,0.01,0.01
120,0.03,0.03,0.02,0.0,0.01,0.01,0.01,0.01
121,0.04,0.02,0.02,0.0,0.01,0.01,0.01,0.01
122,0.03,0.02,0.02,0.0,0.01,0.0,0.01,0.01
123,0.03,0.03,0.01,0.0,0.01,0.01,0.01,0.01
124,0.03,0.01,0.02,0.0,0.0,0.01,0.01,0.01
125,0.02,0.03,0.02,0.0,0.0,0.01,0.01,0.01
126,0.02,0.03,0.02,0.0,0.01,0.01,0.01,0.01
127,0.03,0.04,0.02,0.0,0.01,0.02,0.01,0.01
128,0.02,0.04,0.02,0.0,0.01,0.01,0.02,0.01
129,0.03,0.05,0.02,0.0,0.02,0.02,0.02,0.01
130,0.02,0.06,0.03,0.0,0.04,0.03,0.03,0.01
131,0.05,0.07,0.04,0.0,0.05,0.04,0.03,0.0
132,0.05,0.08,0.04,0.0,0.04,0.04,0.04,0.0
133,0.06,0.07,0.04,0.0,0.04,0.04,0.04,0.0
134,0.06,0.08,0.05,0.0,0.05,0.04,0.04,0.0
135,0.07,0.07,0.04,0.0,0.05,0.04,0.04,0.0
136,0.07,0.07,0.04,0.0,0.06,0.03,0.04,0.0
137,0.07,0.07,0.05,0.0,0.05,0.04,0.03,0.0
138,0.08,0.07,0.05,0.0,0.06,0.03,0.04,0.0
139,0.08,0.07,0.06,0.0,0.06,0.03,0.05,0.0
140,0.08,0.09,0.06,0.0,0.05,0.04,0.04,0.0
141,0.07,0.09,0.06,0.0,0.08,0.04,0.05,0.0
142,0.08,0.08,0.06,0.0,0.06,0.04,0.04,0.0
143,0.09,0.09,0.06,0.0,0.08,0.04,0.05,0.0
144,0.1,0.1,0.07,0.0,0.09,0.05,0.06,0.0
145,0.12,0.1,0.07,0.0,0.09,0.05,0.06,0.0
146,0.12,0.09,0.07,0.0,0.09,0.04,0.07,0.0
147,0.13,0.08,0.07,0.0,0.09,0.05,0.06,0.0
148,0.13,0.09,0.08,0.0,0.09,0.05,0.07,0.0
149,0.13,0.09,0.08,0.0,0.1,0.05,0.07,0.0
150,0.12,0.09,0.08,0.0,0.09,0.04,0.07,0.0
151,0.11,0.07,0.07,0.0,0.09,0.03,0.06,0.0
152,0.09,0.07,0.06,0.0,0.08,0.03,0.05,0.0
153,0.07,0.06,0.05,0.0,0.06,0.03,0.06,0.0
154,0.07,0.04,0.05,0.0,0.06,0.03,0.05,0.0
155,0.07,0.06,0.06,0.0,0.05,0.03,0.07,0.0
156,0.08,0.09,0.08,0.01,0.09,0.05,0.11,0.0
157,0.11,0.13,0.12,0.01,0.11,0.08,0.16,0.01
158,0.15,0.19,0.17,0.02,0.15,0.12,0.2,0.02
159,0.18,0.23,0.21,0.04,0.19,0.17,0.24,0.03
160,0.22,0.28,0.25,0.06,0.22,0.21,0.29,0.04
161,0.25,0.33,0.29,0.08,0.26,0.25,0.33,0.05
162,0.28,0.36,0.34,0.1,0.29,0.3,0.37,0.06
163,0.32,0.41,0.37,0.12,0.32,0.34,0.4,0.08
164,0.35,0.43,0.41,0.15,0.35,0.38,0.43,0.1
165,0.38,0.47,0.44,0.18,0.37,0.42,0.47,0.11
166,0.41,0.51,0.47,0.2,0.4,0.45,0.49,0.13
167,0.43,0.52,0.49,0.23,0.43,0.49,0.52,0.15
168,0.45,0.55,0.52,0.26,0.44,0.51,0.55,0.17
169,0.48,0.57,0.55,0.29,0.47,0.54,0.56,0.19
170,0.5,0.59,0.57,0.32,0.48,0.56,0.6,0.21
171,0.52,0.62,0.6,0.35,0.51,0.59,0.62,0.23
172,0.54,0.63,0.62,0.38,0.53,0.62,0.64,0.25
173,0.57,0.66,0.64,0.41,0.56,0.65,0.67,0.28
174,0.58,0.66,0.66,0.43,0.56,0.66,0.67,0.3
175,0.6,0.66,0.67,0.46,0.6,0.68,0.69,0.32
176,0.61,0.67,0.69,0.49,0.61,0.69,0.71,0.34
177,0.63,0.69,0.71,0.51,0.63,0.72,0.73,0.36
178,0.64,0.71,0.72,0.54,0.64,0.73,0.74,0.38
179,0.66,0.73,0.73,0.56,0.65,0.74,0.76,0.4
180,0.65,0.73,0.74,0.58,0.67,0.75,0.77,0.42
181,0.67,0.73,0.75,0.6,0.68,0.77,0.78,0.44
182,0.66,0.73,0.76,0.62,0.68,0.77,0.79,0.46
183,0.67,0.74,0.76,0.64,0.7,0.78,0.8,0.48
184,0.68,0.76,0.78,0.66,0.71,0.79,0.8,0.5
185,0.69,0.76,0.79,0.68,0.71,0.81,0.81,0.52
186,0.68,0.78,0.79,0.7,0.72,0.81,0.82,0.53
187,0.68,0.77,0.79,0.71,0.72,0.82,0.83,0.55
188,0.68,0.77,0.79,0.73,0.72,0.82,0.82,0.57
189,0.67,0.76,0.79,0.74,0.73,0.82,0.83,0.58
190,0.68,0.76,0.79,0.75,0.72,0.82,0.83,0.6
191,0.68,0.76,0.79,0.76,0.73,0.83,0.83,0.61
192,0.69,0.76,0.8,0.78,0.73,0.82,0.83,0.63
193,0.7,0.77,0.8,0.79,0.74,0.82,0.84,0.64
194,0.7,0.76,0.8,0.8,0.74,0.83,0.84,0.65
195,0.7,0.75,0.8,0.81,0.72,0.83,0.83,0.67
196,0.69,0.74,0.8,0.81,0.71,0.83,0.84,0.68
197,0.68,0.74,0.79,0.82,0.71,0.82,0.83,0.69
198,0.68,0.74,0.79,0.83,0.71,0.82,0.84,0.7
199,0.68,0.72,0.79,0.84,0.71,0.82,0.83,0.71
200,0.68,0.73,0.79,0.84,0.71,0.82,0.84,0.72
201,0.67,0.72,0.79,0.85,0.72,0.82,0.84,0.73
202,0.66,0.71,0.79,0.86,0.71,0.82,0.84,0.74
203,0.66,0.71,0.79,0.86,0.71,0.81,0.83,0.75
204,0.66,0.71,0.79,0.87,0.71,0.82,0.83,0.76
205,0.65,0.71,0.79,0.87,0.71,0.82,0.83,0.77
206,0.64,0.69,0.79,0.88,0.7,0.82,0.83,0.78
207,0.64,0.72,0.79,0.88,0.7,0.82,0.83,0.79
208,0.64,0.72,0.79,0.89,0.71,0.82,0.84,0.8
209,0.65,0.73,0.79,0.89,0.72,0.83,0.84,0.8
210,0.66,0.73,0.79,0.89,0.72,0.83,0.85,0.81
211,0.66,0.73,0.8,0.9,0.71,0.84,0.85,0.82
212,0.66,0.74,0.8,0.91,0.73,0.84,0.86,0.83
213,0.68,0.74,0.81,0.91,0.75,0.85,0.86,0.83
214,0.68,0.74,0.81,0.91,0.75,0.86,0.87,0.84
215,0.69,0.76,0.82,0.91,0.76,0.85,0.87,0.85
216,0.7,0.76,0.82,0.92,0.76,0.86,0.87,0.85
217,0.7,0.77,0.83,0.92,0.76,0.86,0.88,0.86
218,0.7,0.76,0.82,0.92,0.77,0.86,0.88,0.86
219,0.7,0.76,0.82,0.93,0.77,0.86,0.88,0.87
220,0.7,0.76,0.82,0.93,0.76,0.86,0.87,0.87
221,0.69,0.75,0.82,0.93,0.76,0.86,0.87,0.88
222,0.69,0.75,0.82,0.93,0.76,0.86,0.87,0.88
223,0.69,0.73,0.82,0.94,0.74,0.86,0.87,0.89
224,0.7,0.74,0.82,0.94,0.75,0.85,0.87,0.89
225,0.7,0.76,0.82,0.94,0.76,0.86,0.88,0.9
226,0.7,0.76,0.82,0.94,0.76,0.86,0.88,0.9
227,0.71,0.76,0.82,0.94,0.76,0.86,0.88,0.91
228,0.7,0.75,0.82,0.95,0.75,0.86,0.88,0.91
229,0.7,0.75,0.83,0.95,0.76,0.86,0.88,0.91
230,0.73,0.76,0.83,0.95,0.77,0.86,0.89,0.92
231,0.73,0.77,0.84,0.95,0.79,0.87,0.89,0.92
232,0.72,0.77,0.84,0.95,0.79,0.87,0.89,0.92
233,0.73,0.78,0.84,0.95,0.79,0.87,0.9,0.92
234,0.73,0.78,0.84,0.95,0.79,0.87,0.9,0.93
235,0.72,0.77,0.84,0.96,0.79,0.86,0.89,0.93
236,0.73,0.76,0.85,0.96,0.79,0.87,0.89,0.93
237,0.74,0.77,0.85,0.96,0.79,0.87,0.9,0.94
238,0.75,0.77,0.85,0.96,0.79,0.88,0.9,0.94
239,0.73,0.77,0.85,0.96,0.8,0.87,0.9,0.94
240,0.73,0.77,0.85,0.96,0.8,0.87,0.9,0.94
241,0.73,0.77,0.84,0.96,0.79,0.88,0.9,0.94
242,0.74,0.78,0.85,0.96,0.79,0.88,0.9,0.95
243,0.75,0.81,0.86,0.96,0.8,0.89,0.91,0.95
244,0.75,0.81,0.86,0.96,0.81,0.9,0.92,0.95
245,0.75,0.82,0.86,0.97,0.8,0.9,0.92,0.96
246,0.75,0.82,0.86,0.97,0.81,0.9,0.92,0.96
247,0.73,0.82,0.85,0.97,0.8,0.9,0.91,0.96
248,0.73,0.81,0.85,0.97,0.8,0.9,0.9,0.96
249,0.72,0.8,0.85,0.97,0.79,0.9,0.9,0.96
250,0.72,0.81,0.85,0.97,0.79,0.9,0.91,0.96
251,0.72,0.8,0.84,0.97,0.79,0.89,0.9,0.96
252,0.72,0.8,0.85,0.97,0.79,0.9,0.91,0.97
253,0.72,0.79,0.85,0.97,0.79,0.9,0.91,0.97
254,0.74,0.8,0.85,0.97,0.79,0.9,0.91,0.97
255,0.75,0.82,0.86,0.98,0.8,0.91,0.93,0.97
256,0.76,0.84,0.87,0.98,0.81,0.91,0.92,0.97
257,0.77,0.85,0.87,0.98,0.82,0.92,0.93,0.98
258,0.76,0.85,0.87,0.98,0.81,0.92,0.92,0.98
259,0.75,0.84,0.87,0.98,0.82,0.91,0.92,0.98
260,0.75,0.83,0.86,0.98,0.81,0.91,0.91,0.98
261,0.75,0.82,0.86,0.98,0.8,0.9,0.91,0.98
262,0.75,0.82,0.85,0.98,0.79,0.9,0.91,0.98
263,0.75,0.81,0.85,0.98,0.79,0.9,0.91,0.98
264,0.75,0.82,0.86,0.98,0.79,0.91,0.91,0.98
265,0.75,0.83,0.86,0.98,0.8,0.91,0.92,0.98
266,0.75,0.83,0.87,0.98,0.8,0.91,0.91,0.98
267,0.75,0.82,0.86,0.98,0.8,0.91,0.92,0.98
268,0.73,0.81,0.85,0.98,0.79,0.9,0.91,0.98
269,0.72,0.81,0.85,0.98,0.79,0.9,0.9,0.98
270,0.72,0.8,0.84,0.98,0.78,0.9,0.9,0.98
271,0.73,0.8,0.84,0.98,0.79,0.9,0.89,0.98
272,0.74,0.8,0.85,0.98,0.79,0.9,0.9,0.98
273,0.75,0.82,0.86,0.98,0.79,0.9,0.91,0.99
274,0.75,0.81,0.86,0.98,0.8,0.9,0.91,0.99
275,0.76,0.82,0.86,0.98,0.79,0.9,0.91,0.99
276,0.76,0.82,0.86,0.98,0.8,0.9,0.91,0.99
277,0.76,0.82,0.87,0.98,0.79,0.9,0.91,0.99
278,0.76,0.82,0.87,0.98,0.8,0.9,0.92,0.99
279,0.76,0.82,0.86,0.98,0.8,0.91,0.92,0.99
280,0.75,0.82,0.87,0.98,0.8,0.9,0.91,0.99
281,0.77,0.82,0.87,0.98,0.8,0.91,0.91,0.99
282,0.77,0.83,0.87,0.98,0.82,0.91,0.93,0.99
283,0.78,0.83,0.88,0.98,0.83,0.92,0.93,0.99
284,0.77,0.84,0.88,0.98,0.84,0.91,0.92,0.99
285,0.78,0.82,0.88,0.98,0.83,0.9,0.93,0.99
286,0.78,0.82,0.88,0.98,0.83,0.91,0.93,0.99
287,0.77,0.83,0.88,0.98,0.82,0.92,0.93,0.99
288,0.76,0.82,0.87,0.98,0.81,0.9,0.92,0.99
289,0.75,0.82,0.87,0.98,0.8,0.91,0.93,0.99
290,0.75,0.82,0.87,0.98,0.82,0.91,0.92,0.99
291,0.75,0.82,0.87,0.98,0.8,0.91,0.92,0.99
292,0.75,0.81,0.86,0.98,0.8,0.91,0.9,0.99
293,0.75,0.81,0.86,0.98,0.81,0.9,0.9,0.99
294,0.75,0.81,0.86,0.98,0.81,0.9,0.92,0.99
295,0.75,0.82,0.87,0.98,0.81,0.91,0.93,0.99
296,0.76,0.83,0.87,0.98,0.81,0.92,0.93,1.0
297,0.77,0.85,0.88,0.98,0.83,0.93,0.93,0.99
298,0.78,0.87,0.88,0.99,0.83,0.93,0.94,1.0
299,0.77,0.85,0.88,0.98,0.83,0.93,0.94,1.0
300,0.75,0.85,0.88,0.98,0.83,0.94,0.93,1.0
301,0.75,0.86,0.88,0.99,0.83,0.93,0.93,1.0
302,0.75,0.86,0.88,0.99,0.84,0.94,0.94,1.0
303,0.76,0.87,0.89,0.99,0.83,0.94,0.94,1.0
304,0.76,0.88,0.89,0.99,0.83,0.95,0.93,1.0
305,0.76,0.88,0.88,0.99,0.84,0.95,0.94,1.0
306,0.75,0.88,0.89,0.99,0.83,0.95,0.93,1.0
307,0.76,0.89,0.88,0.99,0.83,0.95,0.94,1.0
308,0.76,0.91,0.89,0.99,0.84,0.96,0.95,1.0
309,0.76,0.92,0.89,0.99,0.85,0.97,0.95,1.0
310,0.77,0.93,0.89,0.99,0.85,0.98,0.95,1.0
311,0.78,0.92,0.9,0.99,0.86,0.98,0.96,1.0
312,0.78,0.95,0.89,1.0,0.86,0.99,0.95,1.0
313,0.77,0.94,0.89,0.99,0.86,0.98,0.95,1.0
314,0.76,0.92,0.89,1.0,0.85,0.98,0.95,1.0
315,0.75,0.93,0.89,1.0,0.84,0.97,0.94,1.0
316,0.75,0.92,0.88,1.0,0.83,0.98,0.93,1.0
317,0.74,0.92,0.88,0.99,0.84,0.97,0.93,1.0
318,0.72,0.91,0.87,1.0,0.82,0.96,0.92,1.0
319,0.73,0.91,0.86,1.0,0.8,0.95,0.91,1.0
320,0.74,0.91,0.86,1.0,0.8,0.97,0.91,1.0
321,0.73,0.92,0.87,1.0,0.81,0.97,0.92,1.0
322,0.73,0.92,0.86,1.0,0.8,0.97,0.92,1.0
323,0.72,0.93,0.86,1.0,0.8,0.97,0.91,1.0
324,0.72,0.92,0.86,1.0,0.79,0.97,0.92,1.0
325,0.73,0.92,0.86,1.0,0.79,0.97,0.92,1.0
326,0.72,0.92,0.86,1.0,0.8,0.97,0.91,1.0
327,0.72,0.92,0.85,1.0,0.79,0.96,0.91,1.0
328,0.71,0.91,0.85,1.0,0.79,0.96,0.91,1.0
329,0.72,0.91,0.85,1.0,0.8,0.95,0.9,1.0
330,0.74,0.92,0.85,1.0,0.8,0.96,0.91,1.0
331,0.75,0.93,0.87,1.0,0.8,0.97,0.92,1.0
332,0.76,0.94,0.87,1.0,0.81,0.97,0.92,1.0
333,0.77,0.93,0.87,1.0,0.83,0.97,0.93,1.0
334,0.77,0.94,0.88,1.0,0.83,0.97,0.93,1.0
335,0.77,0.94,0.89,1.0,0.83,0.98,0.93,1.0
336,0.78,0.94,0.89,1.0,0.83,0.97,0.94,1.0
337,0.78,0.96,0.89,1.0,0.85,0.98,0.94,1.0
338,0.79,0.95,0.89,1.0,0.84,0.98,0.94,1.0
339,0.79,0.96,0.89,1.0,0.85,0.98,0.94,1.0
340,0.8,0.95,0.89,1.0,0.84,0.98,0.94,1.0
341,0.8,0.94,0.89,1.0,0.83,0.98,0.94,1.0
342,0.8,0.95,0.9,1.0,0.84,0.98,0.94,1.0
343,0.81,0.94,0.9,1.0,0.84,0.98,0.94,1.0
344,0.83,0.93,0.9,1.0,0.86,0.98,0.95,1.0
345,0.83,0.94,0.9,1.0,0.85,0.98,0.95,1.0
346,0.85,0.95,0.91,1.0,0.85,0.98,0.95,1.0
347,0.84,0.94,0.9,1.0,0.86,0.97,0.96,1.0
348,0.82,0.92,0.9,1.0,0.85,0.96,0.95,1.0
349,0.8,0.9,0.89,1.0,0.84,0.96,0.94,0.99
350,0.79,0.88,0.88,0.99,0.82,0.95,0.94,0.99
351,0.78,0.89,0.87,0.99,0.81,0.94,0.93,0.99
352,0.77,0.87,0.87,0.99,0.81,0.93,0.93,0.99
353,0.76,0.89,0.87,0.99,0.8,0.93,0.93,0.99
354,0.75,0.89,0.86,0.99,0.8,0.94,0.93,0.99
355,0.75,0.89,0.87,0.99,0.81,0.94,0.93,0.99
356,0.75,0.92,0.87,0.99,0.82,0.96,0.93,0.99
357,0.76,0.92,0.87,0.99,0.81,0.96,0.94,0.99
358,0.75,0.92,0.87,0.99,0.81,0.96,0.93,0.99
359,0.75,0.92,0.87,0.99,0.81,0.95,0.93,0.99
360,0.75,0.93,0.88,0.99,0.82,0.95,0.93,0.99
361,0.76,0.94,0.88,0.99,0.82,0.96,0.94,0.99
362,0.77,0.94,0.88,1.0,0.83,0.97,0.94,0.99
363,0.77,0.94,0.88,1.0,0.83,0.97,0.94,0.99
364,0.78,0.96,0.88,1.0,0.84,0.97,0.95,0.99
365,0.77,0.95,0.88,1.0,0.84,0.98,0.95,0.99
366,0.77,0.94,0.88,1.0,0.83,0.97,0.94,0.99
367,0.76,0.94,0.88,1.0,0.83,0.96,0.94,0.99
368,0.77,0.94,0.88,1.0,0.82,0.97,0.94,0.99
369,0.77,0.94,0.88,1.0,0.83,0.97,0.94,0.99
370,0.76,0.95,0.88,1.0,0.82,0.97,0.94,0.99
371,0.77,0.93,0.88,1.0,0.83,0.97,0.94,0.99
372,0.77,0.94,0.87,1.0,0.81,0.96,0.94,0.99
373,0.77,0.94,0.87,0.99,0.8,0.96,0.93,0.99
374,0.77,0.92,0.87,1.0,0.81,0.95,0.93,0.98
375,0.78,0.93,0.87,0.99,0.79,0.95,0.93,0.98
376,0.77,0.92,0.87,0.99,0.8,0.95,0.93,0.98
377,0.77,0.92,0.87,0.99,0.81,0.95,0.93,0.98
378,0.78,0.92,0.87,0.99,0.8,0.94,0.93,0.98
379,0.76,0.91,0.87,0.99,0.8,0.95,0.93,0.98
380,0.77,0.91,0.87,0.99,0.8,0.94,0.93,0.98
381,0.78,0.92,0.88,0.99,0.81,0.95,0.94,0.98
382,0.78,0.92,0.87,0.99,0.83,0.95,0.94,0.98
383,0.77,0.91,0.87,0.99,0.81,0.94,0.94,0.98
384,0.76,0.92,0.87,0.99,0.81,0.94,0.93,0.98
385,0.76,0.9,0.86,0.99,0.79,0.94,0.94,0.98
386,0.76,0.91,0.87,0.99,0.8,0.94,0.93,0.98
387,0.76,0.91,0.87,0.99,0.8,0.93,0.93,0.98
388,0.77,0.91,0.87,0.99,0.8,0.94,0.93,0.98
389,0.78,0.91,0.87,0.99,0.8,0.94,0.93,0.98
390,0.78,0.92,0.88,0.99,0.82,0.94,0.94,0.98
391,0.79,0.94,0.88,0.99,0.83,0.96,0.95,0.98
392,0.78,0.94,0.88,0.99,0.84,0.95,0.96,0.98
393,0.78,0.94,0.88,0.99,0.83,0.96,0.95,0.98
394,0.77,0.94,0.89,0.99,0.84,0.96,0.96,0.98
395,0.78,0.95,0.89,0.99,0.85,0.96,0.96,0.98
396,0.78,0.94,0.89,0.99,0.85,0.97,0.96,0.98
397,0.79,0.94,0.9,0.99,0.86,0.96,0.96,0.98
398,0.8,0.93,0.89,0.99,0.85,0.96,0.96,0.98
399,0.8,0.93,0.89,0.99,0.84,0.95,0.96,0.98
400,0.8,0.94,0.89,0.99,0.85,0.95,0.96,0.98
401,0.8,0.94,0.9,0.99,0.85,0.96,0.95,0.98
402,0.81,0.93,0.9,0.99,0.85,0.96,0.96,0.98
403,0.81,0.93,0.9,0.99,0.86,0.95,0.95,0.98
404,0.81,0.93,0.9,0.99,0.85,0.95,0.96,0.98
405,0.83,0.94,0.91,0.99,0.87,0.95,0.96,0.98
406,0.84,0.96,0.92,0.99,0.88,0.97,0.97,0.98
407,0.84,0.97,0.93,0.99,0.89,0.97,0.98,0.98
408,0.84,0.96,0.92,0.99,0.88,0.96,0.97,0.98
409,0.82,0.96,0.92,0.99,0.88,0.96,0.97,0.98
410,0.81,0.96,0.91,0.99,0.89,0.96,0.97,0.98
411,0.81,0.95,0.91,0.99,0.88,0.95,0.96,0.98
412,0.8,0.94,0.92,0.99,0.88,0.96,0.96,0.98
413,0.81,0.96,0.92,0.99,0.89,0.96,0.97,0.98
414,0.81,0.95,0.92,0.99,0.89,0.97,0.97,0.98
415,0.82,0.95,0.92,0.99,0.88,0.96,0.96,0.98
416,0.82,0.94,0.92,0.99,0.88,0.97,0.97,0.98
417,0.83,0.95,0.92,0.99,0.88,0.96,0.97,0.98
418,0.82,0.94,0.91,0.99,0.88,0.96,0.96,0.97
419,0.82,0.94,0.92,0.99,0.88,0.95,0.96,0.97
420,0.82,0.94,0.92,0.99,0.88,0.96,0.96,0.97
421,0.83,0.94,0.92,0.99,0.88,0.95,0.96,0.97
422,0.83,0.95,0.92,0.99,0.87,0.96,0.98,0.97
423,0.83,0.95,0.92,0.99,0.89,0.96,0.97,0.97
424,0.82,0.94,0.92,0.99,0.88,0.95,0.97,0.97
425,0.83,0.94,0.92,0.99,0.88,0.95,0.96,0.97
426,0.82,0.94,0.92,0.99,0.87,0.95,0.97,0.97
427,0.82,0.93,0.92,0.99,0.87,0.96,0.97,0.97
428,0.82,0.94,0.92,0.99,0.88,0.95,0.98,0.97
429,0.82,0.96,0.92,0.99,0.88,0.96,0.98,0.97
430,0.8,0.96,0.91,0.99,0.88,0.96,0.96,0.97
431,0.8,0.95,0.91,0.99,0.88,0.97,0.97,0.97
432,0.8,0.95,0.91,0.99,0.87,0.95,0.96,0.97
433,0.78,0.93,0.9,0.99,0.87,0.96,0.96,0.97
434,0.78,0.94,0.9,0.99,0.85,0.94,0.95,0.97
435,0.78,0.93,0.89,0.99,0.84,0.94,0.95,0.97
436,0.78,0.92,0.89,0.99,0.83,0.94,0.94,0.97
437,0.78,0.93,0.89,0.99,0.83,0.94,0.94,0.97
438,0.78,0.92,0.89,0.99,0.83,0.93,0.94,0.97
439,0.78,0.93,0.88,0.99,0.83,0.95,0.94,0.97
440,0.78,0.93,0.89,0.99,0.83,0.93,0.93,0.97
441,0.77,0.92,0.88,0.99,0.81,0.94,0.94,0.97
442,0.77,0.92,0.88,0.99,0.82,0.94,0.94,0.97
443,0.76,0.92,0.88,0.99,0.83,0.93,0.94,0.97
444,0.77,0.92,0.88,0.99,0.81,0.94,0.94,0.97
445,0.77,0.92,0.88,0.99,0.82,0.93,0.94,0.97
446,0.78,0.93,0.89,0.99,0.83,0.94,0.94,0.97
447,0.78,0.94,0.89,0.99,0.83,0.95,0.94,0.97
448,0.8,0.94,0.9,0.99,0.83,0.94,0.95,0.97
449,0.8,0.94,0.9,0.99,0.85,0.94,0.95,0.97
450,0.81,0.95,0.9,0.99,0.85,0.95,0.96,0.97
451,0.83,0.95,0.91,0.99,0.86,0.95,0.96,0.97
452,0.83,0.94,0.91,0.99,0.87,0.96,0.96,0.97
453,0.83,0.94,0.92,0.99,0.88,0.95,0.97,0.97
454,0.83,0.96,0.92,0.99,0.88,0.96,0.96,0.97
455,0.84,0.96,0.93,0.99,0.9,0.96,0.97,0.97
456,0.84,0.96,0.93,0.99,0.89,0.97,0.98,0.97
457,0.83,0.97,0.93,0.99,0.89,0.96,0.98,0.97
458,0.84,0.96,0.92,0.99,0.9,0.96,0.97,0.97
459,0.83,0.95,0.92,0.99,0.9,0.95,0.97,0.97
460,0.84,0.95,0.92,0.99,0.88,0.95,0.97,0.97
461,0.84,0.97,0.92,0.99,0.89,0.96,0.97,0.97
462,0.84,0.95,0.92,0.99,0.87,0.94,0.98,0.97
463,0.84,0.95,0.93,0.99,0.9,0.95,0.98,0.97
464,0.86,0.96,0.93,0.99,0.88,0.96,0.98,0.97
465,0.86,0.97,0.93,0.99,0.89,0.96,0.98,0.96
466,0.86,0.96,0.93,0.99,0.89,0.95,0.98,0.96
467,0.86,0.96,0.93,0.99,0.89,0.95,0.97,0.96
468,0.86,0.96,0.93,0.99,0.9,0.95,0.98,0.96
469,0.88,0.96,0.94,0.99,0.92,0.96,0.98,0.96
470,0.88,0.97,0.94,0.99,0.91,0.96,0.98,0.96
471,0.87,0.95,0.94,0.99,0.91,0.96,0.99,0.96
472,0.86,0.94,0.93,0.99,0.89,0.95,0.98,0.96
473,0.85,0.93,0.92,0.99,0.89,0.95,0.97,0.96
474,0.83,0.93,0.92,0.99,0.88,0.94,0.96,0.96
475,0.82,0.94,0.9,0.99,0.87,0.94,0.96,0.96
476,0.8,0.94,0.9,0.99,0.87,0.93,0.96,0.96
477,0.8,0.93,0.9,0.99,0.84,0.94,0.96,0.96
478,0.78,0.94,0.9,0.99,0.86,0.95,0.97,0.96
479,0.79,0.97,0.9,0.99,0.85,0.96,0.96,0.96
480,0.78,0.97,0.9,0.99,0.87,0.96,0.96,0.96
481,0.79,0.98,0.9,0.99,0.86,0.96,0.96,0.96
482,0.8,0.97,0.91,0.99,0.87,0.97,0.96,0.96
483,0.81,0.97,0.91,0.99,0.86,0.96,0.96,0.96
484,0.81,0.97,0.91,0.99,0.87,0.96,0.96,0.96
485,0.82,0.97,0.91,0.99,0.87,0.97,0.96,0.96
486,0.83,0.97,0.91,0.99,0.85,0.97,0.96,0.96
487,0.83,0.97,0.91,0.99,0.86,0.96,0.96,0.96
488,0.83,0.97,0.91,0.99,0.87,0.95,0.96,0.96
489,0.84,0.96,0.92,0.99,0.87,0.95,0.96,0.96
490,0.85,0.97,0.92,0.99,0.88,0.96,0.97,0.96
491,0.86,0.98,0.93,0.99,0.88,0.96,0.98,0.96
492,0.86,0.97,0.93,0.99,0.89,0.96,0.98,0.96
493,0.86,0.97,0.93,0.99,0.88,0.96,0.98,0.96
494,0.87,0.97,0.93,0.99,0.89,0.96,0.97,0.96
495,0.88,0.96,0.93,0.99,0.87,0.96,0.98,0.96
496,0.89,0.97,0.94,0.99,0.91,0.96,0.98,0.96
497,0.89,0.97,0.95,0.99,0.91,0.96,0.98,0.96
498,0.89,0.97,0.95,0.99,0.91,0.97,0.99,0.96
499,0.89,0.98,0.95,0.99,0.91,0.97,0.99,0.96
500,0.88,0.99,0.94,0.99,0.91,0.97,1.0,0.96
501,0.88,0.97,0.95,0.99,0.91,0.97,0.99,0.96
502,0.87,0.98,0.94,0.99,0.91,0.96,0.98,0.96
503,0.89,0.97,0.95,0.99,0.91,0.96,0.99,0.96
504,0.87,0.97,0.94,0.99,0.91,0.95,0.98,0.96
505,0.87,0.96,0.94,0.99,0.91,0.96,0.99,0.96
506,0.86,0.95,0.94,0.99,0.9,0.94,0.98,0.96
507,0.86,0.95,0.93,0.99,0.9,0.94,0.98,0.96
508,0.86,0.95,0.93,0.99,0.89,0.94,0.98,0.96
509,0.86,0.95,0.93,0.99,0.89,0.94,0.98,0.96
510,0.86,0.95,0.93,0.99,0.9,0.94,0.98,0.96
511,0.84,0.94,0.93,0.98,0.89,0.94,0.98,0.95
512,0.83,0.95,0.92,0.98,0.88,0.94,0.98,0.96
513,0.83,0.93,0.91,0.98,0.87,0.94,0.97,0.95
514,0.8,0.92,0.9,0.98,0.86,0.93,0.95,0.95
515,0.8,0.92,0.9,0.98,0.85,0.92,0.96,0.95
516,0.79,0.92,0.9,0.98,0.86,0.93,0.96,0.95
517,0.79,0.93,0.9,0.98,0.87,0.93,0.96,0.95
518,0.78,0.94,0.9,0.98,0.85,0.94,0.96,0.95
519,0.78,0.94,0.89,0.98,0.85,0.94,0.96,0.95
520,0.78,0.94,0.9,0.98,0.86,0.94,0.96,0.95
521,0.78,0.94,0.9,0.98,0.85,0.94,0.96,0.95
522,0.78,0.94,0.9,0.98,0.85,0.94,0.96,0.95
523,0.8,0.94,0.9,0.98,0.84,0.94,0.95,0.95
524,0.8,0.94,0.9,0.98,0.87,0.93,0.96,0.95
525,0.82,0.94,0.9,0.98,0.87,0.94,0.97,0.95
526,0.83,0.93,0.91,0.98,0.86,0.93,0.96,0.95
527,0.82,0.92,0.9,0.98,0.87,0.92,0.96,0.95
528,0.81,0.9,0.9,0.98,0.85,0.92,0.95,0.95
529,0.81,0.88,0.9,0.98,0.84,0.92,0.94,0.95
530,0.81,0.89,0.9,0.98,0.84,0.91,0.95,0.95
531,0.81,0.89,0.9,0.98,0.85,0.91,0.95,0.95
532,0.81,0.89,0.9,0.98,0.85,0.92,0.96,0.95
533,0.81,0.89,0.9,0.98,0.86,0.91,0.95,0.95
534,0.8,0.89,0.9,0.98,0.84,0.91,0.95,0.95
535,0.8,0.88,0.9,0.98,0.84,0.91,0.95,0.95
536,0.8,0.89,0.9,0.98,0.85,0.91,0.95,0.95
537,0.79,0.88,0.89,0.98,0.84,0.91,0.95,0.95
538,0.78,0.88,0.89,0.98,0.84,0.91,0.96,0.95
539,0.78,0.88,0.89,0.98,0.83,0.91,0.94,0.95
540,0.78,0.88,0.89,0.98,0.83,0.91,0.94,0.95
541,0.78,0.89,0.89,0.98,0.84,0.9,0.94,0.95
542,0.78,0.91,0.89,0.98,0.84,0.92,0.95,0.95
543,0.78,0.92,0.9,0.98,0.84,0.92,0.96,0.95
544,0.77,0.92,0.9,0.98,0.85,0.92,0.95,0.95
545,0.77,0.91,0.89,0.98,0.83,0.93,0.95,0.95
546,0.77,0.91,0.89,0.98,0.84,0.92,0.95,0.95
547,0.78,0.91,0.89,0.98,0.84,0.92,0.95,0.95
548,0.78,0.91,0.89,0.98,0.84,0.94,0.95,0.95
549,0.77,0.92,0.9,0.98,0.85,0.93,0.95,0.95
550,0.8,0.93,0.9,0.98,0.85,0.93,0.96,0.95
551,0.8,0.94,0.9,0.98,0.85,0.94,0.96,0.95
552,0.8,0.94,0.91,0.98,0.85,0.94,0.96,0.95
553,0.8,0.92,0.9,0.98,0.85,0.93,0.96,0.95
554,0.8,0.91,0.9,0.98,0.84,0.93,0.95,0.95
555,0.79,0.9,0.89,0.98,0.85,0.93,0.95,0.95
556,0.78,0.91,0.89,0.98,0.84,0.92,0.95,0.95
557,0.79,0.91,0.89,0.98,0.84,0.93,0.95,0.95
558,0.8,0.9,0.9,0.98,0.84,0.92,0.95,0.95
559,0.8,0.9,0.9,0.98,0.83,0.92,0.95,0.95
560,0.8,0.92,0.9,0.98,0.85,0.93,0.95,0.95
561,0.8,0.92,0.9,0.98,0.84,0.94,0.96,0.95
562,0.8,0.93,0.9,0.98,0.85,0.94,0.96,0.95
563,0.78,0.93,0.9,0.98,0.85,0.94,0.96,0.95
564,0.77,0.92,0.89,0.98,0.84,0.93,0.95,0.95
565,0.78,0.92,0.89,0.98,0.84,0.94,0.95,0.95
566,0.78,0.92,0.89,0.98,0.85,0.93,0.95,0.95
567,0.78,0.92,0.9,0.98,0.84,0.94,0.95,0.95
568,0.8,0.94,0.9,0.98,0.86,0.94,0.96,0.95
569,0.8,0.94,0.91,0.98,0.87,0.95,0.96,0.95
570,0.81,0.95,0.91,0.98,0.87,0.95,0.97,0.95
571,0.82,0.96,0.92,0.98,0.87,0.95,0.97,0.95
572,0.81,0.95,0.91,0.98,0.87,0.95,0.96,0.95
573,0.8,0.94,0.91,0.98,0.86,0.95,0.96,0.95
574,0.8,0.93,0.9,0.98,0.87,0.94,0.96,0.95
575,0.8,0.92,0.9,0.98,0.85,0.94,0.95,0.95
576,0.8,0.93,0.9,0.98,0.86,0.94,0.96,0.95
577,0.8,0.92,0.9,0.98,0.85,0.94,0.96,0.95
578,0.8,0.93,0.9,0.98,0.84,0.94,0.96,0.95
579,0.8,0.92,0.9,0.98,0.85,0.94,0.96,0.95
580,0.8,0.93,0.9,0.98,0.85,0.93,0.96,0.95
581,0.8,0.92,0.89,0.98,0.84,0.93,0.95,0.95
582,0.79,0.92,0.89,0.98,0.84,0.93,0.96,0.95
583,0.77,0.92,0.89,0.98,0.83,0.94,0.95,0.95
584,0.77,0.92,0.89,0.98,0.83,0.93,0.95,0.95
585,0.76,0.92,0.87,0.98,0.82,0.92,0.94,0.95
586,0.76,0.89,0.87,0.98,0.81,0.92,0.94,0.95
587,0.75,0.88,0.87,0.98,0.79,0.91,0.94,0.95
588,0.75,0.88,0.86,0.98,0.8,0.92,0.93,0.95
589,0.73,0.88,0.85,0.98,0.79,0.91,0.93,0.94
590,0.73,0.88,0.85,0.98,0.79,0.91,0.93,0.95
591,0.73,0.88,0.85,0.98,0.79,0.92,0.93,0.94
592,0.75,0.89,0.86,0.98,0.8,0.92,0.94,0.94
593,0.75,0.92,0.87,0.98,0.81,0.92,0.94,0.95
594,0.75,0.91,0.87,0.98,0.8,0.92,0.94,0.95
595,0.75,0.88,0.86,0.98,0.8,0.92,0.93,0.95
596,0.75,0.88,0.86,0.98,0.79,0.91,0.93,0.94
597,0.74,0.88,0.86,0.98,0.79,0.91,0.93,0.94
598,0.73,0.88,0.86,0.98,0.79,0.91,0.91,0.94
599,0.74,0.87,0.85,0.98,0.79,0.91,0.91,0.94
