0,0.86,0.39,0.88,0.98,0.91,0.45,0.92,0.99
1,0.85,0.37,0.88,0.98,0.91,0.44,0.92,0.99
2,0.86,0.39,0.88,0.98,0.91,0.46,0.92,0.99
3,0.87,0.43,0.89,0.98,0.92,0.5,0.93,0.99
4,0.88,0.47,0.9,0.99,0.93,0.54,0.94,0.99
5,0.89,0.48,0.91,0.99,0.93,0.55,0.94,0.99
6,0.89,0.51,0.91,0.99,0.94,0.58,0.94,0.99
7,0.89,0.49,0.91,0.99,0.93,0.57,0.94,0.99
8,0.9,0.52,0.92,0.99,0.94,0.6,0.94,0.99
9,0.89,0.51,0.91,0.99,0.94,0.6,0.94,0.99
10,0.89,0.51,0.92,0.99,0.94,0.59,0.94,0.99
11,0.9,0.56,0.92,0.99,0.94,0.63,0.95,0.99
12,0.92,0.65,0.94,1.0,0.96,0.71,0.96,1.0
13,0.93,0.67,0.95,1.0,0.96,0.73,0.97,1.0
14,0.91,0.62,0.94,1.0,0.95,0.69,0.96,1.0
15,0.9,0.56,0.93,1.0,0.94,0.65,0.95,1.0
16,0.89,0.52,0.92,1.0,0.94,0.62,0.94,1.0
17,0.89,0.49,0.91,1.0,0.93,0.59,0.94,1.0
18,0.89,0.51,0.91,1.0,0.93,0.6,0.94,1.0
19,0.88,0.47,0.9,1.0,0.93,0.54,0.94,1.0
20,0.87,0.43,0.89,0.99,0.92,0.52,0.93,0.99
21,0.88,0.46,0.9,0.99,0.93,0.54,0.93,0.99
22,0.88,0.46,0.9,0.99,0.92,0.53,0.93,0.99
23,0.87,0.44,0.89,0.99,0.92,0.52,0.93,0.99
24,0.88,0.47,0.9,0.99,0.93,0.55,0.94,1.0
25,0.89,0.51,0.91,1.0,0.94,0.6,0.94,1.0
26,0.9,0.52,0.91,1.0,0.94,0.61,0.95,1.0
27,0.9,0.52,0.91,1.0,0.94,0.61,0.94,1.0
28,0.88,0.48,0.91,1.0,0.93,0.56,0.94,1.0
29,0.88,0.48,0.9,1.0,0.93,0.55,0.94,1.0
30,0.89,0.52,0.91,1.0,0.94,0.6,0.95,1.0
31,0.9,0.53,0.92,1.0,0.94,0.63,0.95,1.0
32,0.9,0.52,0.92,1.0,0.94,0.61,0.95,1.0
33,0.89,0.49,0.91,1.0,0.94,0.58,0.94,1.0
34,0.88,0.46,0.9,1.0,0.93,0.54,0.93,1.0
35,0.87,0.42,0.89,1.0,0.92,0.51,0.93,1.0
36,0.86,0.39,0.89,0.99,0.92,0.47,0.92,1.0
37,0.86,0.38,0.88,0.99,0.92,0.47,0.92,1.0
38,0.86,0.39,0.88,0.99,0.92,0.48,0.92,1.0
39,0.86,0.4,0.88,0.99,0.92,0.47,0.93,1.0
40,0.86,0.4,0.89,0.99,0.92,0.48,0.92,1.0
41,0.87,0.42,0.89,0.99,0.92,0.5,0.93,1.0
42,0.87,0.44,0.89,0.99,0.92,0.52,0.93,1.0
43,0.87,0.44,0.89,0.99,0.92,0.53,0.93,1.0
44,0.87,0.43,0.89,0.99,0.92,0.52,0.93,1.0
45,0.85,0.39,0.88,0.99,0.91,0.47,0.92,1.0
46,0.85,0.37,0.88,0.99,0.91,0.45,0.92,1.0
47,0.85,0.37,0.88,0.99,0.91,0.45,0.92,1.0
48,0.85,0.4,0.88,0.99,0.91,0.46,0.92,1.0
49,0.86,0.41,0.89,0.99,0.92,0.5,0.92,1.0
50,0.87,0.41,0.89,0.99,0.92,0.49,0.91,1.0
51,0.88,0.4,0.9,0.99,0.92,0.49,0.91,1.0
52,0.89,0.39,0.9,0.99,0.92,0.47,0.91,1.0
53,0.89,0.37,0.9,0.99,0.93,0.46,0.89,0.99
54,0.88,0.36,0.86,0.95,0.9,0.47,0.79,0.95
55,0.81,0.38,0.74,0.84,0.8,0.48,0.61,0.82
56,0.71,0.39,0.61,0.66,0.66,0.49,0.47,0.65
57,0.61,0.39,0.5,0.49,0.54,0.47,0.38,0.49
58,0.51,0.39,0.42,0.35,0.44,0.49,0.32,0.36
59,0.44,0.4,0.37,0.25,0.37,0.49,0.27,0.27
60,0.38,0.4,0.32,0.18,0.32,0.49,0.24,0.21
61,0.32,0.39,0.28,0.14,0.27,0.5,0.2,0.16
62,0.28,0.36,0.25,0.11,0.24,0.48,0.18,0.13
63,0.25,0.36,0.23,0.09,0.21,0.45,0.16,0.1
64,0.21,0.34,0.2,0.07,0.19,0.43,0.14,0.09
65,0.19,0.33,0.18,0.06,0.17,0.44,0.13,0.07
66,0.18,0.33,0.17,0.05,0.15,0.42,0.11,0.06
67,0.16,0.33,0.15,0.04,0.14,0.42,0.1,0.05
68,0.15,0.36,0.14,0.04,0.13,0.44,0.1,0.05
69,0.15,0.4,0.14,0.03,0.12,0.48,0.09,0.04
70,0.14,0.41,0.13,0.03,0.11,0.48,0.08,0.04
71,0.12,0.4,0.12,0.03,0.1,0.47,0.08,0.03
72,0.11,0.38,0.11,0.02,0.09,0.44,0.07,0.03
73,0.1,0.39,0.1,0.02,0.09,0.45,0.07,0.03
74,0.09,0.4,0.1,0.02,0.08,0.48,0.06,0.02
75,0.09,0.4,0.09,0.02,0.07,0.45,0.06,0.02
76,0.08,0.35,0.08,0.01,0.07,0.4,0.05,0.02
77,0.07,0.34,0.08,0.01,0.06,0.38,0.05,0.02
78,0.07,0.31,0.07,0.01,0.05,0.36,0.04,0.02
79,0.06,0.31,0.06,0.01,0.05,0.35,0.04,0.02
80,0.06,0.31,0.06,0.01,0.05,0.35,0.04,0.01
81,0.06,0.33,0.06,0.01,0.05,0.37,0.04,0.01
82,0.06,0.35,0.06,0.01,0.04,0.36,0.03,0.01
83,0.06,0.34,0.06,0.01,0.04,0.36,0.03,0.01
84,0.06,0.35,0.06,0.01,0.04,0.37,0.03,0.01
85,0.06,0.34,0.05,0.01,0.04,0.34,0.03,0.01
86,0.05,0.3,0.05,0.01,0.04,0.3,0.03,0.01
87,0.05,0.29,0.05,0.01,0.03,0.3,0.03,0.01
88,0.04,0.27,0.04,0.0,0.03,0.27,0.02,0.01
89,0.04,0.26,0.04,0.0,0.03,0.28,0.02,0.01
90,0.05,0.28,0.04,0.0,0.03,0.3,0.03,0.01
91,0.05,0.32,0.05,0.0,0.03,0.32,0.03,0.01
92,0.05,0.32,0.05,0.0,0.03,0.31,0.03,0.01
93,0.05,0.27,0.04,0.0,0.03,0.28,0.02,0.01
94,0.04,0.25,0.04,0.0,0.03,0.24,0.02,0.01
95,0.03,0.19,0.03,0.0,0.02,0.19,0.02,0.01
96,0.04,0.19,0.03,0.0,0.02,0.18,0.02,0.01
97,0.04,0.2,0.03,0.0,0.02,0.2,0.02,0.01
98,0.04,0.24,0.04,0.0,0.02,0.22,0.02,0.01
99,0.05,0.27,0.04,0.0,0.03,0.25,0.02,0.01
100,0.04,0.26,0.04,0.0,0.03,0.24,0.02,0.01
101,0.04,0.27,0.04,0.0,0.03,0.28,0.02,0.01
102,0.04,0.29,0.04,0.0,0.03,0.28,0.02,0.0
103,0.04,0.26,0.04,0.0,0.02,0.26,0.02,0.0
104,0.04,0.27,0.04,0.0,0.02,0.26,0.02,0.0
105,0.05,0.28,0.04,0.0,0.02,0.28,0.02,0.0
106,0.05,0.28,0.04,0.0,0.02,0.29,0.02,0.0
107,0.04,0.26,0.03,0.0,0.02,0.26,0.02,0.0
108,0.04,0.24,0.03,0.0,0.02,0.24,0.02,0.0
109,0.05,0.32,0.04,0.0,0.03,0.31,0.02,0.0
110,0.07,0.46,0.05,0.0,0.03,0.43,0.03,0.0
111,0.06,0.44,0.05,0.0,0.03,0.41,0.02,0.0
112,0.05,0.39,0.04,0.0,0.03,0.37,0.02,0.0
113,0.04,0.31,0.03,0.0,0.02,0.3,0.02,0.0
114,0.03,0.26,0.03,0.0,0.02,0.26,0.01,0.0
115,0.03,0.25,0.03,0.0,0.02,0.24,0.01,0.0
116,0.03,0.2,0.02,0.0,0.01,0.2,0.01,0.0
117,0.02,0.19,0.02,0.0,0.01,0.17,0.01,0.0
118,0.02,0.17,0.02,0.0,0.01,0.18,0.01,0.0
119,0.03,0.18,0.02,0.0,0.01,0.17,0.01,0.0
120,0.03,0.18,0.02,0.0,0.01,0.17,0.01,0.0
121,0.02,0.14,0.01,0.0,0.01,0.12,0.01,0.0
122,0.01,0.05,0.0,0.0,0.0,0.05,0.0,0.0
123,0.0,0.0,0.0,0.0,0.0,0.0,0.0,0.0
124,0.01,0.06,0.01,0.0,0.01,0.04,0.01,0.0
125,0.02,0.15,0.02,0.0,0.01,0.13,0.01,0.0
126,0.03,0.23,0.02,0.0,0.02,0.19,0.01,0.0
127,0.04,0.27,0.03,0.0,0.02,0.23,0.01,0.0
128,0.04,0.27,0.03,0.0,0.02,0.26,0.01,0.0
129,0.04,0.28,0.03,0.0,0.02,0.27,0.01,0.0
130,0.04,0.29,0.03,0.0,0.02,0.28,0.01,0.0
131,0.04,0.28,0.03,0.0,0.02,0.28,0.01,0.0
132,0.04,0.34,0.03,0.0,0.02,0.32,0.01,0.0
133,0.06,0.44,0.04,0.0,0.03,0.42,0.02,0.0
134,0.07,0.52,0.05,0.0,0.03,0.5,0.02,0.0
135,0.06,0.48,0.05,0.0,0.02,0.47,0.02,0.0
136,0.05,0.43,0.04,0.0,0.02,0.42,0.02,0.0
137,0.05,0.41,0.04,0.0,0.02,0.4,0.01,0.0
138,0.04,0.35,0.03,0.0,0.01,0.34,0.01,0.0
139,0.03,0.27,0.02,0.0,0.01,0.27,0.01,0.0
140,0.03,0.25,0.02,0.0,0.01,0.24,0.01,0.0
141,0.03,0.25,0.02,0.0,0.01,0.23,0.01,0.0
142,0.03,0.23,0.02,0.0,0.01,0.21,0.01,0.0
143,0.03,0.21,0.02,0.0,0.01,0.19,0.01,0.0
144,0.04,0.25,0.02,0.0,0.01,0.23,0.01,0.0
145,0.04,0.3,0.03,0.0,0.02,0.28,0.01,0.0
146,0.05,0.34,0.03,0.0,0.02,0.32,0.02,0.0
147,0.05,0.35,0.03,0.0,0.02,0.33,0.02,0.0
148,0.05,0.34,0.03,0.0,0.02,0.32,0.01,0.0
149,0.04,0.33,0.03,0.0,0.02,0.31,0.01,0.0
150,0.04,0.29,0.03,0.0,0.02,0.28,0.01,0.0
151,0.03,0.28,0.03,0.0,0.02,0.28,0.01,0.0
152,0.04,0.31,0.03,0.0,0.02,0.3,0.01,0.0
153,0.04,0.34,0.03,0.0,0.02,0.3,0.03,0.0
154,0.06,0.37,0.05,0.0,0.05,0.34,0.06,0.0
155,0.09,0.39,0.08,0.0,0.08,0.37,0.1,0.0
156,0.12,0.37,0.12,0.0,0.12,0.35,0.14,0.01
157,0.15,0.36,0.15,0.01,0.16,0.33,0.18,0.01
158,0.2,0.37,0.2,0.01,0.2,0.35,0.23,0.01
159,0.23,0.34,0.23,0.02,0.24,0.34,0.27,0.02
160,0.27,0.31,0.27,0.02,0.28,0.3,0.3,0.02
161,0.31,0.31,0.31,0.03,0.32,0.3,0.34,0.03
162,0.34,0.28,0.35,0.03,0.36,0.29,0.37,0.03
163,0.37,0.24,0.37,0.04,0.39,0.26,0.4,0.04
164,0.42,0.31,0.42,0.05,0.43,0.31,0.44,0.04
165,0.46,0.35,0.46,0.06,0.47,0.35,0.48,0.05
166,0.5,0.38,0.49,0.07,0.5,0.38,0.51,0.05
167,0.53,0.4,0.52,0.07,0.53,0.38,0.54,0.06
168,0.56,0.4,0.55,0.08,0.56,0.42,0.56,0.07
169,0.59,0.45,0.58,0.09,0.59,0.47,0.59,0.08
170,0.61,0.47,0.61,0.1,0.62,0.5,0.62,0.09
171,0.64,0.49,0.64,0.12,0.64,0.52,0.64,0.09
172,0.65,0.48,0.65,0.13,0.66,0.52,0.66,0.1
173,0.67,0.48,0.67,0.14,0.68,0.51,0.67,0.11
174,0.68,0.44,0.68,0.15,0.69,0.49,0.68,0.12
175,0.67,0.35,0.68,0.16,0.69,0.41,0.69,0.13
176,0.68,0.31,0.68,0.17,0.7,0.37,0.7,0.14
177,0.68,0.27,0.69,0.18,0.71,0.34,0.71,0.15
178,0.68,0.23,0.69,0.2,0.71,0.31,0.71,0.15
179,0.69,0.23,0.7,0.21,0.72,0.29,0.72,0.16
180,0.7,0.24,0.71,0.22,0.74,0.31,0.74,0.18
181,0.73,0.28,0.73,0.24,0.75,0.36,0.75,0.19
182,0.74,0.31,0.75,0.25,0.77,0.38,0.77,0.2
183,0.75,0.31,0.76,0.26,0.78,0.39,0.77,0.21
184,0.75,0.31,0.76,0.28,0.78,0.38,0.78,0.22
185,0.76,0.31,0.77,0.29,0.79,0.4,0.79,0.23
186,0.78,0.35,0.79,0.3,0.81,0.44,0.8,0.24
187,0.8,0.4,0.8,0.32,0.82,0.49,0.82,0.25
188,0.81,0.42,0.81,0.33,0.83,0.5,0.82,0.26
189,0.81,0.4,0.82,0.35,0.83,0.5,0.83,0.27
190,0.82,0.44,0.83,0.36,0.84,0.54,0.84,0.28
191,0.83,0.46,0.83,0.37,0.85,0.55,0.85,0.29
192,0.82,0.44,0.84,0.39,0.85,0.54,0.85,0.3
193,0.82,0.4,0.84,0.4,0.85,0.53,0.85,0.31
194,0.83,0.42,0.84,0.41,0.86,0.53,0.85,0.32
195,0.83,0.42,0.85,0.43,0.86,0.53,0.86,0.34
196,0.82,0.38,0.84,0.44,0.86,0.49,0.85,0.34
197,0.82,0.37,0.84,0.45,0.86,0.49,0.86,0.35
198,0.83,0.39,0.85,0.46,0.87,0.5,0.86,0.36
199,0.83,0.36,0.84,0.47,0.87,0.47,0.86,0.37
200,0.85,0.41,0.86,0.49,0.87,0.53,0.87,0.38
201,0.86,0.47,0.87,0.5,0.89,0.56,0.88,0.39
202,0.86,0.44,0.87,0.51,0.89,0.55,0.88,0.4
203,0.86,0.45,0.87,0.52,0.89,0.57,0.89,0.41
204,0.87,0.48,0.88,0.53,0.9,0.59,0.89,0.42
205,0.87,0.48,0.88,0.54,0.9,0.6,0.9,0.43
206,0.88,0.51,0.89,0.55,0.91,0.64,0.9,0.44
207,0.89,0.54,0.9,0.56,0.92,0.66,0.91,0.45
208,0.88,0.5,0.89,0.57,0.91,0.63,0.9,0.46
209,0.87,0.44,0.88,0.58,0.9,0.57,0.9,0.46
210,0.86,0.4,0.87,0.58,0.9,0.51,0.89,0.47
211,0.85,0.37,0.87,0.59,0.89,0.5,0.89,0.48
212,0.85,0.36,0.86,0.6,0.89,0.48,0.89,0.49
213,0.85,0.36,0.86,0.6,0.89,0.48,0.89,0.49
214,0.86,0.43,0.88,0.62,0.9,0.54,0.9,0.5
215,0.86,0.42,0.88,0.62,0.9,0.54,0.9,0.51
216,0.86,0.44,0.88,0.63,0.91,0.55,0.91,0.52
217,0.87,0.46,0.89,0.64,0.91,0.57,0.91,0.52
218,0.87,0.48,0.89,0.64,0.91,0.6,0.91,0.53
219,0.87,0.48,0.89,0.65,0.92,0.6,0.91,0.54
220,0.87,0.47,0.89,0.66,0.91,0.59,0.91,0.55
221,0.86,0.45,0.89,0.66,0.91,0.58,0.91,0.55
222,0.86,0.42,0.88,0.67,0.91,0.55,0.9,0.56
223,0.85,0.39,0.87,0.67,0.9,0.51,0.9,0.56
224,0.86,0.41,0.87,0.68,0.9,0.54,0.9,0.57
225,0.86,0.43,0.88,0.68,0.91,0.54,0.91,0.57
226,0.86,0.43,0.88,0.69,0.91,0.54,0.91,0.58
227,0.87,0.45,0.88,0.7,0.91,0.56,0.91,0.59
228,0.88,0.49,0.89,0.7,0.92,0.61,0.92,0.59
229,0.89,0.52,0.9,0.71,0.92,0.64,0.92,0.6
230,0.88,0.52,0.9,0.71,0.92,0.64,0.92,0.6
231,0.87,0.47,0.89,0.71,0.91,0.6,0.91,0.61
232,0.88,0.5,0.9,0.72,0.92,0.63,0.92,0.61
233,0.88,0.52,0.9,0.72,0.92,0.63,0.92,0.62
234,0.88,0.49,0.9,0.73,0.92,0.61,0.92,0.62
235,0.87,0.48,0.89,0.73,0.92,0.6,0.91,0.63
236,0.86,0.45,0.88,0.73,0.91,0.56,0.91,0.63
237,0.85,0.4,0.88,0.74,0.9,0.51,0.91,0.64
238,0.85,0.39,0.87,0.74,0.9,0.5,0.9,0.64
239,0.84,0.35,0.86,0.74,0.9,0.47,0.9,0.64
240,0.85,0.39,0.87,0.75,0.9,0.49,0.9,0.65
241,0.86,0.42,0.88,0.75,0.9,0.53,0.91,0.65
242,0.87,0.44,0.88,0.75,0.91,0.53,0.91,0.66
243,0.87,0.45,0.88,0.76,0.91,0.54,0.91,0.66
244,0.88,0.48,0.89,0.76,0.92,0.59,0.92,0.67
245,0.89,0.51,0.9,0.77,0.93,0.62,0.93,0.67
246,0.9,0.53,0.91,0.77,0.93,0.64,0.93,0.68
247,0.91,0.56,0.92,0.77,0.94,0.67,0.94,0.68
248,0.91,0.59,0.92,0.78,0.94,0.7,0.94,0.69
249,0.92,0.6,0.93,0.78,0.95,0.71,0.94,0.69
250,0.93,0.62,0.93,0.79,0.95,0.74,0.95,0.7
251,0.93,0.64,0.94,0.79,0.96,0.76,0.95,0.7
252,0.91,0.56,0.92,0.79,0.94,0.68,0.94,0.7
253,0.89,0.48,0.91,0.79,0.93,0.62,0.93,0.7
254,0.9,0.48,0.91,0.79,0.93,0.62,0.93,0.71
255,0.89,0.47,0.9,0.79,0.93,0.61,0.93,0.71
256,0.89,0.48,0.9,0.8,0.93,0.6,0.93,0.71
257,0.9,0.53,0.91,0.8,0.94,0.65,0.94,0.72
258,0.91,0.54,0.92,0.8,0.94,0.65,0.94,0.72
259,0.91,0.6,0.93,0.8,0.95,0.7,0.94,0.72
260,0.92,0.62,0.93,0.81,0.95,0.73,0.95,0.73
261,0.92,0.63,0.94,0.81,0.95,0.74,0.95,0.73
262,0.92,0.6,0.93,0.81,0.95,0.72,0.94,0.73
263,0.91,0.57,0.92,0.81,0.94,0.69,0.94,0.74
264,0.9,0.52,0.91,0.81,0.94,0.64,0.93,0.74
265,0.89,0.5,0.91,0.82,0.93,0.61,0.93,0.74
266,0.89,0.5,0.91,0.82,0.93,0.62,0.93,0.74
267,0.9,0.54,0.91,0.82,0.93,0.64,0.93,0.75
268,0.92,0.6,0.92,0.82,0.94,0.69,0.94,0.75
269,0.93,0.63,0.93,0.83,0.95,0.74,0.95,0.75
270,0.93,0.63,0.93,0.83,0.95,0.73,0.95,0.75
271,0.92,0.61,0.93,0.83,0.95,0.72,0.95,0.76
272,0.92,0.6,0.93,0.83,0.95,0.71,0.95,0.76
273,0.91,0.57,0.92,0.83,0.94,0.68,0.94,0.76
274,0.9,0.54,0.91,0.83,0.94,0.66,0.94,0.76
275,0.9,0.54,0.91,0.83,0.94,0.65,0.94,0.76
276,0.9,0.53,0.91,0.84,0.94,0.65,0.94,0.77
277,0.9,0.55,0.91,0.84,0.94,0.64,0.94,0.77
278,0.9,0.54,0.91,0.84,0.93,0.63,0.94,0.77
279,0.89,0.52,0.91,0.84,0.93,0.61,0.93,0.77
280,0.88,0.48,0.9,0.84,0.93,0.59,0.93,0.77
281,0.87,0.48,0.89,0.84,0.92,0.57,0.92,0.78
282,0.87,0.45,0.89,0.84,0.92,0.54,0.92,0.78
283,0.87,0.46,0.88,0.84,0.92,0.56,0.92,0.78
284,0.87,0.49,0.89,0.84,0.92,0.59,0.93,0.78
285,0.89,0.56,0.91,0.85,0.93,0.66,0.94,0.79
286,0.9,0.65,0.92,0.85,0.94,0.74,0.95,0.79
287,0.91,0.69,0.93,0.86,0.95,0.76,0.95,0.79
288,0.9,0.66,0.93,0.86,0.95,0.77,0.95,0.79
289,0.9,0.68,0.93,0.86,0.95,0.78,0.95,0.8
290,0.88,0.61,0.91,0.86,0.94,0.72,0.94,0.8
291,0.87,0.56,0.9,0.86,0.93,0.67,0.93,0.8
292,0.86,0.53,0.89,0.86,0.92,0.65,0.93,0.8
293,0.85,0.51,0.88,0.86,0.92,0.64,0.92,0.8
294,0.85,0.5,0.88,0.86,0.92,0.62,0.92,0.8
295,0.86,0.53,0.89,0.86,0.92,0.65,0.92,0.8
296,0.87,0.56,0.89,0.86,0.92,0.66,0.93,0.81
297,0.86,0.53,0.89,0.86,0.92,0.63,0.92,0.81
298,0.87,0.53,0.89,0.86,0.92,0.63,0.92,0.81
299,0.87,0.52,0.89,0.86,0.92,0.62,0.92,0.81
300,0.88,0.56,0.9,0.87,0.93,0.67,0.93,0.81
301,0.9,0.62,0.91,0.87,0.94,0.73,0.94,0.82
302,0.9,0.61,0.91,0.87,0.94,0.71,0.94,0.82
303,0.89,0.57,0.91,0.87,0.93,0.68,0.93,0.82
304,0.89,0.58,0.91,0.87,0.93,0.68,0.94,0.82
305,0.89,0.59,0.91,0.87,0.94,0.69,0.94,0.82
306,0.91,0.63,0.92,0.88,0.94,0.73,0.94,0.83
307,0.91,0.64,0.92,0.88,0.94,0.73,0.94,0.83
308,0.91,0.64,0.92,0.88,0.94,0.71,0.95,0.83
309,0.92,0.67,0.93,0.88,0.95,0.77,0.95,0.83
310,0.93,0.7,0.94,0.88,0.96,0.78,0.96,0.83
311,0.93,0.68,0.93,0.88,0.96,0.77,0.95,0.83
312,0.93,0.69,0.94,0.89,0.95,0.78,0.96,0.84
313,0.94,0.73,0.94,0.89,0.96,0.82,0.96,0.84
314,0.94,0.74,0.95,0.89,0.96,0.83,0.97,0.84
315,0.94,0.75,0.95,0.89,0.97,0.85,0.97,0.84
316,0.93,0.74,0.94,0.89,0.96,0.84,0.96,0.84
317,0.92,0.71,0.94,0.89,0.96,0.81,0.96,0.85
318,0.92,0.71,0.94,0.89,0.96,0.81,0.96,0.85
319,0.91,0.69,0.93,0.9,0.95,0.79,0.95,0.85
320,0.91,0.71,0.93,0.9,0.95,0.79,0.95,0.85
321,0.9,0.68,0.92,0.9,0.95,0.78,0.95,0.85
322,0.9,0.66,0.92,0.9,0.94,0.75,0.94,0.85
323,0.9,0.68,0.92,0.9,0.95,0.76,0.94,0.85
324,0.91,0.67,0.92,0.9,0.94,0.77,0.95,0.85
325,0.92,0.73,0.93,0.9,0.95,0.8,0.95,0.86
326,0.94,0.77,0.94,0.9,0.96,0.84,0.96,0.86
327,0.94,0.78,0.95,0.9,0.96,0.86,0.97,0.86
328,0.94,0.78,0.95,0.91,0.96,0.86,0.96,0.86
329,0.94,0.77,0.94,0.91,0.96,0.85,0.96,0.86
330,0.93,0.73,0.94,0.91,0.96,0.81,0.96,0.86
331,0.93,0.71,0.93,0.91,0.96,0.81,0.95,0.86
332,0.93,0.7,0.93,0.91,0.95,0.79,0.95,0.86
333,0.93,0.7,0.93,0.91,0.96,0.78,0.96,0.86
334,0.94,0.74,0.94,0.91,0.96,0.8,0.96,0.87
335,0.94,0.76,0.94,0.91,0.97,0.82,0.96,0.87
336,0.94,0.76,0.94,0.91,0.97,0.83,0.96,0.87
337,0.94,0.75,0.94,0.91,0.96,0.82,0.96,0.87
338,0.94,0.73,0.94,0.91,0.96,0.8,0.96,0.87
339,0.94,0.73,0.94,0.91,0.96,0.79,0.96,0.87
340,0.93,0.72,0.94,0.91,0.96,0.78,0.96,0.87
341,0.93,0.69,0.93,0.91,0.96,0.77,0.96,0.87
342,0.92,0.68,0.93,0.91,0.95,0.73,0.95,0.87
343,0.92,0.65,0.92,0.91,0.95,0.72,0.95,0.87
344,0.91,0.63,0.92,0.91,0.94,0.69,0.94,0.87
345,0.91,0.62,0.92,0.91,0.94,0.68,0.94,0.87
346,0.92,0.65,0.92,0.91,0.95,0.7,0.95,0.87
347,0.93,0.67,0.93,0.91,0.95,0.73,0.95,0.88
348,0.93,0.69,0.94,0.91,0.96,0.74,0.96,0.88
349,0.94,0.71,0.94,0.91,0.96,0.76,0.96,0.88
350,0.94,0.73,0.95,0.92,0.96,0.77,0.96,0.88
351,0.94,0.73,0.95,0.92,0.96,0.77,0.96,0.88
352,0.94,0.75,0.95,0.92,0.96,0.78,0.96,0.88
353,0.94,0.74,0.95,0.92,0.96,0.78,0.96,0.88
354,0.93,0.69,0.94,0.92,0.96,0.74,0.96,0.88
355,0.92,0.67,0.93,0.92,0.95,0.71,0.95,0.88
356,0.91,0.61,0.92,0.92,0.94,0.66,0.94,0.88
357,0.91,0.63,0.92,0.92,0.95,0.69,0.95,0.88
358,0.91,0.63,0.92,0.92,0.95,0.68,0.95,0.88
359,0.91,0.62,0.92,0.92,0.94,0.68,0.95,0.88
360,0.91,0.63,0.92,0.92,0.94,0.67,0.95,0.89
361,0.91,0.65,0.92,0.92,0.94,0.68,0.95,0.89
362,0.92,0.68,0.93,0.92,0.95,0.71,0.95,0.89
363,0.92,0.69,0.93,0.92,0.95,0.72,0.95,0.89
364,0.92,0.7,0.93,0.92,0.95,0.72,0.95,0.89
365,0.92,0.69,0.93,0.92,0.95,0.73,0.95,0.89
366,0.93,0.68,0.93,0.92,0.95,0.71,0.95,0.89
367,0.93,0.67,0.93,0.92,0.95,0.7,0.95,0.89
368,0.93,0.67,0.93,0.92,0.95,0.7,0.95,0.89
369,0.93,0.65,0.93,0.92,0.95,0.69,0.95,0.89
370,0.92,0.6,0.92,0.92,0.94,0.64,0.94,0.89
371,0.92,0.59,0.92,0.92,0.94,0.63,0.94,0.89
372,0.92,0.59,0.92,0.92,0.94,0.62,0.94,0.89
373,0.91,0.56,0.91,0.92,0.94,0.6,0.94,0.89
374,0.91,0.58,0.92,0.92,0.94,0.61,0.94,0.89
375,0.92,0.59,0.92,0.92,0.94,0.62,0.95,0.9
376,0.92,0.6,0.92,0.92,0.94,0.62,0.95,0.9
377,0.93,0.62,0.93,0.92,0.95,0.65,0.95,0.9
378,0.93,0.63,0.93,0.92,0.95,0.64,0.95,0.9
379,0.94,0.64,0.94,0.93,0.96,0.67,0.96,0.9
380,0.94,0.66,0.94,0.93,0.96,0.68,0.96,0.9
381,0.93,0.63,0.94,0.93,0.96,0.65,0.96,0.9
382,0.93,0.6,0.93,0.93,0.96,0.64,0.95,0.9
383,0.92,0.6,0.93,0.93,0.95,0.64,0.95,0.9
384,0.92,0.6,0.93,0.93,0.95,0.62,0.95,0.9
385,0.92,0.6,0.93,0.93,0.95,0.64,0.95,0.9
386,0.91,0.6,0.92,0.93,0.95,0.63,0.95,0.9
387,0.9,0.6,0.92,0.93,0.94,0.63,0.95,0.9
388,0.9,0.59,0.92,0.93,0.94,0.62,0.95,0.9
389,0.9,0.6,0.92,0.93,0.95,0.64,0.95,0.9
390,0.9,0.61,0.92,0.93,0.95,0.65,0.95,0.91
391,0.91,0.68,0.93,0.93,0.95,0.68,0.96,0.91
392,0.92,0.71,0.94,0.93,0.96,0.72,0.96,0.91
393,0.93,0.74,0.95,0.94,0.97,0.77,0.97,0.91
394,0.93,0.76,0.95,0.94,0.97,0.79,0.97,0.91
395,0.93,0.75,0.95,0.94,0.97,0.78,0.96,0.91
396,0.92,0.74,0.95,0.94,0.97,0.77,0.96,0.91
397,0.93,0.76,0.95,0.94,0.97,0.8,0.96,0.91
398,0.93,0.76,0.95,0.94,0.97,0.78,0.97,0.91
399,0.92,0.75,0.94,0.94,0.96,0.78,0.96,0.92
400,0.91,0.71,0.93,0.94,0.95,0.74,0.95,0.92
401,0.89,0.64,0.92,0.94,0.94,0.67,0.94,0.91
402,0.89,0.62,0.91,0.94,0.94,0.66,0.94,0.91
403,0.91,0.69,0.93,0.94,0.95,0.72,0.95,0.92
404,0.92,0.74,0.94,0.94,0.96,0.76,0.96,0.92
405,0.93,0.75,0.94,0.94,0.96,0.77,0.96,0.92
406,0.93,0.75,0.94,0.94,0.96,0.77,0.96,0.92
407,0.94,0.79,0.95,0.95,0.97,0.8,0.97,0.92
408,0.95,0.82,0.96,0.95,0.97,0.83,0.97,0.92
409,0.95,0.82,0.96,0.95,0.97,0.83,0.97,0.92
410,0.98,0.92,0.98,0.95,0.98,0.93,0.99,0.93
411,1.0,1.0,1.0,0.96,1.0,1.0,1.0,0.93
412,1.0,0.98,1.0,0.96,1.0,1.0,1.0,0.93
413,0.97,0.9,0.98,0.96,0.99,0.92,0.98,0.93
414,0.95,0.81,0.96,0.95,0.97,0.84,0.97,0.93
415,0.94,0.75,0.95,0.95,0.96,0.79,0.97,0.93
416,0.93,0.73,0.94,0.95,0.96,0.78,0.96,0.93
417,0.93,0.71,0.94,0.95,0.96,0.76,0.96,0.93
418,0.93,0.71,0.94,0.95,0.96,0.74,0.96,0.93
419,0.93,0.72,0.94,0.95,0.96,0.74,0.96,0.93
420,0.93,0.69,0.93,0.95,0.96,0.71,0.96,0.93
421,0.93,0.69,0.94,0.95,0.96,0.71,0.96,0.93
422,0.94,0.72,0.94,0.95,0.96,0.74,0.96,0.93
423,0.94,0.7,0.94,0.95,0.96,0.73,0.96,0.93
424,0.93,0.68,0.94,0.95,0.96,0.71,0.96,0.93
425,0.93,0.69,0.94,0.95,0.96,0.72,0.96,0.93
426,0.93,0.71,0.94,0.95,0.96,0.72,0.96,0.93
427,0.93,0.7,0.94,0.95,0.96,0.72,0.96,0.93
428,0.93,0.7,0.94,0.95,0.96,0.73,0.96,0.93
429,0.92,0.68,0.93,0.95,0.96,0.71,0.96,0.93
430,0.92,0.68,0.93,0.95,0.96,0.69,0.95,0.93
431,0.92,0.66,0.93,0.95,0.95,0.69,0.95,0.93
432,0.92,0.66,0.93,0.95,0.95,0.68,0.95,0.93
433,0.91,0.65,0.92,0.95,0.95,0.66,0.95,0.93
434,0.9,0.61,0.92,0.95,0.94,0.65,0.94,0.93
435,0.9,0.6,0.91,0.95,0.94,0.63,0.94,0.93
436,0.9,0.57,0.91,0.95,0.93,0.61,0.94,0.93
437,0.89,0.55,0.9,0.95,0.93,0.59,0.93,0.93
438,0.89,0.56,0.9,0.95,0.93,0.59,0.93,0.93
439,0.9,0.6,0.91,0.95,0.94,0.62,0.94,0.93
440,0.91,0.61,0.92,0.95,0.94,0.63,0.94,0.93
441,0.9,0.59,0.91,0.95,0.94,0.62,0.94,0.93
442,0.91,0.61,0.92,0.95,0.94,0.63,0.94,0.93
443,0.9,0.57,0.91,0.95,0.94,0.6,0.94,0.93
444,0.9,0.56,0.91,0.95,0.94,0.6,0.94,0.93
445,0.9,0.55,0.91,0.95,0.94,0.6,0.94,0.93
446,0.9,0.56,0.91,0.95,0.94,0.6,0.94,0.93
447,0.89,0.52,0.9,0.95,0.93,0.56,0.93,0.93
448,0.9,0.53,0.91,0.95,0.94,0.57,0.94,0.93
449,0.91,0.6,0.92,0.95,0.95,0.63,0.95,0.94
450,0.92,0.64,0.93,0.95,0.95,0.66,0.95,0.94
451,0.92,0.64,0.93,0.95,0.95,0.66,0.95,0.94
452,0.93,0.68,0.94,0.96,0.96,0.7,0.96,0.94
453,0.92,0.68,0.94,0.96,0.96,0.69,0.96,0.94
454,0.92,0.65,0.94,0.96,0.95,0.68,0.95,0.94
455,0.93,0.68,0.94,0.96,0.96,0.7,0.96,0.94
456,0.94,0.71,0.95,0.96,0.96,0.72,0.96,0.94
457,0.94,0.71,0.95,0.96,0.96,0.72,0.96,0.94
458,0.93,0.7,0.95,0.96,0.96,0.71,0.96,0.94
459,0.93,0.69,0.94,0.96,0.96,0.72,0.96,0.94
460,0.93,0.69,0.94,0.96,0.96,0.71,0.96,0.94
461,0.92,0.65,0.93,0.96,0.95,0.67,0.95,0.94
462,0.92,0.62,0.93,0.96,0.95,0.66,0.95,0.94
463,0.91,0.6,0.92,0.96,0.95,0.64,0.95,0.94
464,0.9,0.57,0.92,0.96,0.94,0.62,0.94,0.94
465,0.9,0.56,0.91,0.96,0.94,0.6,0.94,0.94
466,0.9,0.58,0.91,0.96,0.94,0.61,0.94,0.94
467,0.9,0.59,0.91,0.96,0.94,0.62,0.94,0.94
468,0.9,0.57,0.91,0.96,0.94,0.6,0.94,0.94
469,0.89,0.53,0.91,0.96,0.94,0.56,0.93,0.94
470,0.88,0.52,0.9,0.96,0.93,0.54,0.93,0.94
471,0.89,0.54,0.91,0.96,0.94,0.56,0.94,0.94
472,0.9,0.55,0.91,0.96,0.94,0.57,0.94,0.95
473,0.9,0.58,0.92,0.96,0.94,0.62,0.94,0.95
474,0.9,0.56,0.92,0.96,0.94,0.6,0.94,0.95
475,0.9,0.57,0.92,0.96,0.94,0.6,0.94,0.95
476,0.9,0.55,0.91,0.96,0.94,0.59,0.94,0.95
477,0.9,0.56,0.91,0.96,0.94,0.6,0.94,0.95
478,0.9,0.57,0.91,0.96,0.94,0.6,0.94,0.95
479,0.89,0.56,0.91,0.96,0.94,0.6,0.94,0.95
480,0.89,0.55,0.91,0.96,0.94,0.59,0.94,0.95
481,0.89,0.56,0.91,0.96,0.94,0.58,0.94,0.95
482,0.9,0.61,0.92,0.96,0.94,0.63,0.94,0.95
483,0.91,0.63,0.92,0.96,0.94,0.65,0.95,0.95
484,0.93,0.73,0.94,0.97,0.96,0.74,0.96,0.95
485,0.96,0.8,0.96,0.97,0.97,0.81,0.97,0.96
486,0.94,0.73,0.95,0.97,0.96,0.75,0.96,0.95
487,0.92,0.65,0.94,0.97,0.95,0.69,0.95,0.95
488,0.91,0.6,0.92,0.97,0.94,0.63,0.94,0.95
489,0.91,0.58,0.92,0.97,0.94,0.61,0.94,0.95
490,0.91,0.59,0.92,0.97,0.94,0.62,0.94,0.95
491,0.91,0.6,0.92,0.97,0.94,0.63,0.95,0.95
492,0.92,0.63,0.93,0.97,0.95,0.65,0.95,0.95
493,0.92,0.65,0.93,0.97,0.95,0.67,0.96,0.96
494,0.93,0.69,0.94,0.97,0.96,0.7,0.96,0.96
495,0.94,0.7,0.94,0.97,0.96,0.71,0.96,0.96
496,0.93,0.7,0.94,0.97,0.96,0.71,0.96,0.96
497,0.94,0.7,0.94,0.97,0.96,0.72,0.97,0.96
498,0.94,0.71,0.95,0.97,0.96,0.71,0.96,0.96
499,0.94,0.73,0.95,0.97,0.97,0.74,0.97,0.96
500,0.94,0.73,0.95,0.97,0.97,0.74,0.97,0.96
501,0.94,0.71,0.95,0.97,0.97,0.72,0.96,0.96
502,0.94,0.71,0.95,0.97,0.96,0.72,0.97,0.96
503,0.93,0.69,0.94,0.97,0.96,0.71,0.96,0.96
504,0.93,0.69,0.94,0.97,0.96,0.71,0.96,0.96
505,0.93,0.68,0.94,0.97,0.96,0.68,0.96,0.96
506,0.93,0.69,0.94,0.97,0.96,0.69,0.96,0.96
507,0.93,0.67,0.94,0.97,0.95,0.68,0.96,0.96
508,0.92,0.65,0.93,0.97,0.95,0.66,0.95,0.96
509,0.92,0.66,0.93,0.97,0.95,0.66,0.96,0.96
510,0.92,0.64,0.93,0.97,0.95,0.65,0.95,0.96
511,0.92,0.62,0.92,0.97,0.95,0.63,0.95,0.96
512,0.9,0.57,0.91,0.97,0.94,0.59,0.94,0.96
513,0.89,0.53,0.91,0.97,0.93,0.55,0.94,0.96
514,0.89,0.5,0.9,0.97,0.93,0.52,0.93,0.96
515,0.89,0.52,0.9,0.97,0.93,0.53,0.94,0.96
516,0.92,0.64,0.93,0.97,0.95,0.64,0.95,0.96
517,0.92,0.65,0.93,0.97,0.95,0.65,0.95,0.96
518,0.92,0.63,0.93,0.97,0.95,0.64,0.95,0.96
519,0.92,0.63,0.93,0.97,0.95,0.64,0.96,0.96
520,0.94,0.71,0.94,0.98,0.96,0.71,0.97,0.96
521,0.95,0.75,0.96,0.98,0.97,0.76,0.97,0.97
522,0.95,0.77,0.96,0.98,0.97,0.77,0.98,0.97
523,0.96,0.79,0.97,0.98,0.98,0.79,0.98,0.97
524,0.96,0.8,0.97,0.98,0.98,0.8,0.98,0.97
525,0.96,0.79,0.97,0.98,0.98,0.78,0.98,0.97
526,0.96,0.79,0.97,0.99,0.98,0.8,0.98,0.97
527,0.96,0.8,0.97,0.99,0.98,0.82,0.98,0.97
528,0.96,0.79,0.97,0.99,0.98,0.79,0.98,0.97
529,0.95,0.76,0.96,0.99,0.98,0.77,0.98,0.97
530,0.95,0.76,0.96,0.99,0.97,0.78,0.97,0.97
531,0.94,0.77,0.96,0.99,0.98,0.79,0.97,0.97
532,0.94,0.77,0.95,0.99,0.97,0.79,0.97,0.97
533,0.93,0.73,0.95,0.99,0.97,0.77,0.97,0.97
534,0.93,0.74,0.95,0.99,0.97,0.74,0.97,0.97
535,0.93,0.75,0.95,0.99,0.97,0.77,0.97,0.97
536,0.93,0.78,0.95,0.99,0.97,0.79,0.97,0.97
537,0.92,0.76,0.94,0.99,0.97,0.76,0.97,0.97
538,0.91,0.73,0.94,0.99,0.96,0.75,0.96,0.97
539,0.92,0.75,0.94,0.99,0.96,0.76,0.96,0.97
540,0.93,0.79,0.95,0.99,0.97,0.8,0.97,0.98
541,0.93,0.78,0.95,0.99,0.97,0.79,0.97,0.97
542,0.9,0.7,0.93,0.99,0.95,0.71,0.95,0.97
543,0.89,0.63,0.91,0.99,0.94,0.65,0.94,0.97
544,0.89,0.64,0.91,0.99,0.94,0.66,0.94,0.97
545,0.9,0.67,0.92,0.99,0.94,0.68,0.94,0.97
546,0.9,0.67,0.91,0.99,0.94,0.68,0.94,0.97
547,0.9,0.68,0.92,0.99,0.94,0.68,0.94,0.97
548,0.9,0.68,0.92,0.99,0.94,0.69,0.94,0.97
549,0.9,0.65,0.91,0.99,0.94,0.66,0.94,0.97
550,0.89,0.63,0.91,0.99,0.93,0.65,0.94,0.97
551,0.9,0.65,0.91,0.99,0.94,0.65,0.94,0.97
552,0.89,0.61,0.91,0.99,0.93,0.63,0.94,0.97
553,0.89,0.59,0.9,0.98,0.93,0.6,0.94,0.97
554,0.9,0.61,0.91,0.99,0.93,0.63,0.94,0.97
555,0.91,0.64,0.91,0.99,0.94,0.65,0.94,0.97
556,0.93,0.74,0.94,0.99,0.96,0.74,0.96,0.98
557,0.95,0.79,0.95,0.99,0.97,0.79,0.97,0.98
558,0.95,0.79,0.95,0.99,0.97,0.78,0.97,0.98
559,0.95,0.77,0.95,0.99,0.96,0.78,0.97,0.98
560,0.94,0.74,0.94,0.99,0.96,0.76,0.96,0.98
561,0.93,0.69,0.94,0.99,0.96,0.71,0.96,0.98
562,0.92,0.65,0.93,0.99,0.95,0.67,0.95,0.98
563,0.92,0.65,0.93,0.99,0.95,0.67,0.95,0.98
564,0.93,0.68,0.93,0.99,0.95,0.68,0.96,0.98
565,0.93,0.69,0.94,0.99,0.96,0.7,0.96,0.98
566,0.92,0.65,0.93,0.99,0.95,0.67,0.95,0.98
567,0.91,0.58,0.91,0.99,0.94,0.6,0.94,0.98
568,0.9,0.54,0.91,0.98,0.93,0.56,0.94,0.98
569,0.89,0.51,0.9,0.98,0.93,0.54,0.93,0.98
570,0.89,0.49,0.9,0.98,0.93,0.53,0.93,0.97
571,0.89,0.52,0.9,0.98,0.93,0.53,0.93,0.97
572,0.92,0.6,0.92,0.99,0.94,0.62,0.95,0.98
573,0.95,0.75,0.95,0.99,0.97,0.73,0.97,0.98
574,0.97,0.81,0.97,1.0,0.98,0.81,0.98,0.98
575,0.95,0.76,0.96,1.0,0.97,0.74,0.97,0.98
576,0.94,0.72,0.95,0.99,0.96,0.74,0.97,0.98
577,0.93,0.68,0.94,0.99,0.96,0.68,0.96,0.98
578,0.92,0.64,0.93,0.99,0.95,0.66,0.96,0.98
579,0.92,0.61,0.93,0.99,0.95,0.64,0.95,0.98
580,0.92,0.62,0.93,0.99,0.95,0.64,0.95,0.98
581,0.91,0.63,0.92,0.99,0.95,0.63,0.95,0.98
582,0.92,0.66,0.93,0.99,0.95,0.68,0.96,0.98
583,0.91,0.65,0.93,0.99,0.95,0.67,0.96,0.98
584,0.91,0.65,0.93,0.99,0.95,0.66,0.95,0.98
585,0.91,0.64,0.92,0.99,0.95,0.65,0.95,0.98
586,0.91,0.65,0.92,0.99,0.95,0.66,0.95,0.98
587,0.91,0.67,0.93,0.99,0.95,0.68,0.95,0.98
588,0.91,0.66,0.93,0.99,0.95,0.67,0.95,0.98
589,0.91,0.65,0.92,0.99,0.94,0.65,0.95,0.98
590,0.9,0.63,0.92,0.99,0.94,0.65,0.95,0.98
591,0.89,0.6,0.91,0.99,0.94,0.61,0.94,0.98
592,0.88,0.55,0.9,0.99,0.93,0.58,0.93,0.98
593,0.89,0.56,0.9,0.99,0.93,0.56,0.93,0.98
594,0.88,0.56,0.9,0.99,0.93,0.57,0.93,0.98
595,0.88,0.52,0.89,0.99,0.92,0.54,0.93,0.98
596,0.87,0.5,0.89,0.99,0.92,0.52,0.93,0.98
597,0.88,0.52,0.89,0.99,0.92,0.53,0.93,0.98
598,0.89,0.56,0.9,0.99,0.93,0.57,0.94,0.98
