0,0.87,0.87,0.94,0.98,0.94,0.9,0.96,0.98
1,0.88,0.86,0.94,0.98,0.92,0.9,0.96,0.98
2,0.9,0.86,0.94,0.98,0.93,0.9,0.96,0.98
3,0.89,0.87,0.93,0.98,0.92,0.89,0.95,0.98
4,0.87,0.86,0.92,0.98,0.9,0.88,0.95,0.98
5,0.83,0.83,0.91,0.98,0.9,0.87,0.96,0.98
6,0.84,0.83,0.91,0.98,0.9,0.87,0.95,0.98
7,0.85,0.84,0.91,0.98,0.91,0.88,0.96,0.98
8,0.86,0.86,0.92,0.98,0.93,0.9,0.96,0.98
9,0.87,0.87,0.93,0.98,0.93,0.9,0.97,0.98
10,0.88,0.87,0.94,0.98,0.92,0.9,0.98,0.98
11,0.9,0.88,0.95,0.98,0.95,0.89,0.97,0.98
12,0.91,0.87,0.96,0.98,0.96,0.89,0.97,0.98
13,0.94,0.86,0.96,0.98,0.97,0.88,0.98,0.98
14,0.94,0.84,0.96,0.98,0.97,0.88,0.98,0.98
15,0.92,0.84,0.96,0.98,0.97,0.86,0.96,0.98
16,0.88,0.83,0.95,0.97,0.95,0.87,0.96,0.98
17,0.86,0.8,0.93,0.97,0.93,0.86,0.95,0.97
18,0.85,0.79,0.92,0.97,0.91,0.83,0.95,0.97
19,0.83,0.79,0.91,0.97,0.9,0.85,0.95,0.97
20,0.82,0.8,0.91,0.97,0.9,0.83,0.94,0.97
21,0.78,0.79,0.89,0.97,0.89,0.84,0.94,0.97
22,0.78,0.8,0.87,0.97,0.88,0.83,0.93,0.97
23,0.75,0.82,0.86,0.97,0.87,0.85,0.93,0.97
24,0.73,0.82,0.86,0.97,0.85,0.83,0.93,0.97
25,0.71,0.82,0.85,0.97,0.85,0.86,0.93,0.97
26,0.73,0.82,0.86,0.97,0.87,0.85,0.93,0.97
27,0.74,0.86,0.87,0.97,0.89,0.87,0.94,0.97
28,0.75,0.88,0.87,0.97,0.9,0.89,0.95,0.97
29,0.73,0.87,0.88,0.97,0.9,0.87,0.95,0.97
30,0.73,0.84,0.87,0.97,0.89,0.89,0.93,0.97
31,0.72,0.84,0.87,0.97,0.88,0.89,0.94,0.97
32,0.71,0.84,0.87,0.98,0.85,0.88,0.93,0.97
33,0.72,0.86,0.87,0.98,0.85,0.88,0.93,0.97
34,0.71,0.84,0.86,0.97,0.85,0.85,0.92,0.97
35,0.7,0.82,0.85,0.97,0.83,0.85,0.9,0.97
36,0.7,0.8,0.84,0.97,0.83,0.84,0.9,0.97
37,0.71,0.82,0.85,0.97,0.83,0.85,0.9,0.97
38,0.75,0.83,0.85,0.97,0.84,0.85,0.91,0.97
39,0.73,0.83,0.85,0.97,0.83,0.85,0.91,0.97
40,0.73,0.82,0.85,0.97,0.84,0.84,0.9,0.97
41,0.71,0.82,0.85,0.98,0.84,0.83,0.9,0.97
42,0.71,0.8,0.83,0.97,0.83,0.84,0.9,0.97
43,0.68,0.8,0.83,0.97,0.8,0.82,0.89,0.97
44,0.67,0.79,0.81,0.97,0.78,0.83,0.89,0.96
45,0.64,0.78,0.79,0.97,0.78,0.82,0.88,0.96
46,0.63,0.76,0.81,0.97,0.78,0.81,0.88,0.96
47,0.71,0.78,0.86,0.97,0.84,0.82,0.86,0.96
48,0.8,0.75,0.91,0.97,0.87,0.81,0.85,0.96
49,0.89,0.76,0.95,0.97,0.9,0.82,0.86,0.96
50,0.96,0.76,0.99,0.97,0.95,0.81,0.86,0.96
51,1.0,0.76,0.99,0.97,0.97,0.82,0.85,0.96
52,0.96,0.68,0.92,0.95,0.94,0.76,0.77,0.95
53,0.88,0.55,0.78,0.92,0.87,0.66,0.62,0.92
54,0.79,0.45,0.64,0.88,0.77,0.55,0.49,0.87
55,0.71,0.38,0.52,0.83,0.68,0.44,0.4,0.83
56,0.63,0.3,0.44,0.77,0.6,0.37,0.33,0.78
57,0.55,0.28,0.38,0.72,0.54,0.28,0.28,0.73
58,0.5,0.24,0.34,0.67,0.46,0.27,0.24,0.69
59,0.49,0.22,0.31,0.6,0.45,0.22,0.23,0.64
60,0.47,0.24,0.29,0.57,0.41,0.22,0.22,0.6
61,0.44,0.24,0.28,0.52,0.4,0.21,0.21,0.56
62,0.45,0.24,0.26,0.47,0.39,0.21,0.19,0.52
63,0.4,0.24,0.24,0.43,0.35,0.2,0.18,0.48
64,0.37,0.21,0.23,0.38,0.34,0.18,0.17,0.45
65,0.33,0.18,0.21,0.35,0.29,0.16,0.15,0.42
66,0.31,0.17,0.19,0.32,0.28,0.15,0.14,0.39
67,0.29,0.16,0.18,0.28,0.27,0.15,0.13,0.36
68,0.28,0.16,0.16,0.25,0.23,0.15,0.12,0.34
69,0.27,0.16,0.15,0.23,0.23,0.14,0.12,0.31
70,0.25,0.14,0.14,0.2,0.21,0.12,0.11,0.29
71,0.24,0.12,0.13,0.18,0.19,0.11,0.09,0.27
72,0.2,0.09,0.11,0.17,0.17,0.08,0.08,0.25
73,0.17,0.04,0.09,0.15,0.15,0.07,0.07,0.23
74,0.15,0.04,0.09,0.13,0.12,0.06,0.06,0.21
75,0.17,0.03,0.09,0.12,0.11,0.05,0.06,0.2
76,0.17,0.04,0.08,0.1,0.11,0.05,0.05,0.18
77,0.15,0.05,0.09,0.08,0.11,0.07,0.06,0.17
78,0.15,0.07,0.09,0.08,0.11,0.05,0.06,0.16
79,0.17,0.07,0.09,0.07,0.11,0.07,0.06,0.15
80,0.19,0.08,0.09,0.07,0.11,0.07,0.06,0.14
81,0.19,0.11,0.09,0.07,0.11,0.08,0.06,0.13
82,0.19,0.12,0.1,0.07,0.12,0.1,0.06,0.12
83,0.2,0.11,0.1,0.05,0.11,0.07,0.06,0.11
84,0.19,0.09,0.1,0.05,0.12,0.08,0.05,0.1
85,0.19,0.08,0.09,0.05,0.11,0.06,0.04,0.1
86,0.17,0.08,0.09,0.03,0.11,0.09,0.04,0.09
87,0.14,0.07,0.08,0.03,0.11,0.07,0.04,0.08
88,0.14,0.07,0.08,0.03,0.1,0.07,0.04,0.08
89,0.12,0.07,0.07,0.03,0.07,0.06,0.04,0.07
90,0.14,0.07,0.07,0.03,0.06,0.06,0.04,0.07
91,0.14,0.07,0.08,0.02,0.1,0.08,0.04,0.07
92,0.19,0.11,0.09,0.03,0.1,0.08,0.04,0.06
93,0.19,0.08,0.09,0.02,0.11,0.09,0.05,0.06
94,0.18,0.08,0.09,0.02,0.11,0.08,0.04,0.05
95,0.16,0.05,0.09,0.02,0.11,0.06,0.04,0.05
96,0.17,0.08,0.09,0.02,0.11,0.07,0.05,0.05
97,0.17,0.07,0.09,0.02,0.12,0.07,0.06,0.05
98,0.14,0.09,0.09,0.02,0.11,0.07,0.06,0.04
99,0.14,0.08,0.09,0.02,0.12,0.08,0.06,0.04
100,0.11,0.07,0.07,0.02,0.11,0.07,0.06,0.04
101,0.1,0.05,0.07,0.02,0.11,0.07,0.05,0.04
102,0.09,0.05,0.07,0.02,0.09,0.08,0.05,0.04
103,0.07,0.05,0.06,0.02,0.1,0.05,0.04,0.03
104,0.05,0.03,0.05,0.02,0.06,0.03,0.03,0.03
105,0.04,0.01,0.03,0.02,0.05,0.01,0.02,0.03
106,0.04,0.0,0.03,0.02,0.05,0.0,0.01,0.02
107,0.03,0.01,0.01,0.02,0.02,0.01,0.0,0.02
108,0.04,0.0,0.01,0.0,0.03,0.0,0.0,0.02
109,0.04,0.03,0.03,0.0,0.04,0.02,0.01,0.02
110,0.05,0.04,0.03,0.02,0.04,0.02,0.02,0.02
111,0.04,0.04,0.03,0.0,0.04,0.04,0.01,0.02
112,0.04,0.03,0.01,0.0,0.01,0.03,0.01,0.02
113,0.01,0.01,0.01,0.02,0.01,0.01,0.0,0.02
114,0.01,0.01,0.0,0.0,0.0,0.0,0.0,0.01
115,0.0,0.03,0.01,0.0,0.0,0.02,0.0,0.01
116,0.01,0.01,0.01,0.0,0.02,0.02,0.0,0.01
117,0.0,0.01,0.01,0.0,0.0,0.02,0.01,0.01
118,0.01,0.01,0.01,0.02,0.01,0.03,0.01,0.01
119,0.03,0.03,0.03,0.02,0.03,0.05,0.02,0.01
120,0.04,0.05,0.03,0.02,0.05,0.06,0.02,0.01
121,0.04,0.04,0.04,0.02,0.05,0.06,0.03,0.01
122,0.04,0.05,0.05,0.02,0.05,0.05,0.03,0.01
123,0.04,0.05,0.05,0.02,0.07,0.05,0.03,0.01
124,0.04,0.05,0.06,0.02,0.08,0.07,0.02,0.01
125,0.07,0.05,0.06,0.02,0.06,0.05,0.02,0.01
126,0.09,0.03,0.07,0.02,0.08,0.04,0.02,0.01
127,0.11,0.07,0.08,0.02,0.1,0.05,0.03,0.01
128,0.14,0.07,0.09,0.02,0.12,0.07,0.03,0.01
129,0.14,0.04,0.08,0.02,0.11,0.06,0.04,0.01
130,0.14,0.04,0.08,0.02,0.11,0.06,0.04,0.01
131,0.15,0.04,0.09,0.0,0.11,0.05,0.04,0.01
132,0.17,0.05,0.09,0.02,0.11,0.06,0.04,0.01
133,0.15,0.04,0.09,0.02,0.11,0.05,0.05,0.01
134,0.15,0.04,0.08,0.02,0.11,0.05,0.04,0.01
135,0.13,0.05,0.08,0.02,0.12,0.06,0.05,0.01
136,0.14,0.07,0.08,0.02,0.11,0.06,0.05,0.01
137,0.12,0.07,0.08,0.02,0.11,0.07,0.06,0.01
138,0.14,0.08,0.09,0.02,0.11,0.07,0.06,0.01
139,0.17,0.08,0.09,0.02,0.11,0.07,0.06,0.01
140,0.2,0.11,0.11,0.02,0.14,0.1,0.07,0.01
141,0.24,0.12,0.13,0.02,0.16,0.08,0.07,0.01
142,0.24,0.11,0.13,0.02,0.17,0.09,0.07,0.01
143,0.25,0.09,0.13,0.02,0.17,0.1,0.08,0.01
144,0.24,0.11,0.15,0.02,0.17,0.09,0.08,0.01
145,0.24,0.07,0.14,0.02,0.17,0.08,0.07,0.0
146,0.24,0.04,0.13,0.02,0.17,0.05,0.06,0.0
147,0.24,0.05,0.13,0.02,0.16,0.07,0.06,0.0
148,0.22,0.04,0.12,0.0,0.12,0.06,0.06,0.0
149,0.19,0.03,0.09,0.0,0.12,0.05,0.04,0.0
150,0.14,0.01,0.09,0.0,0.11,0.03,0.04,0.0
151,0.13,0.03,0.08,0.0,0.09,0.01,0.04,0.0
152,0.12,0.04,0.09,0.0,0.1,0.04,0.07,0.0
153,0.12,0.08,0.11,0.02,0.1,0.06,0.1,0.0
154,0.12,0.12,0.13,0.03,0.11,0.1,0.14,0.01
155,0.15,0.2,0.17,0.05,0.14,0.17,0.18,0.02
156,0.19,0.25,0.22,0.07,0.18,0.22,0.24,0.03
157,0.22,0.3,0.27,0.1,0.23,0.27,0.28,0.04
158,0.24,0.34,0.32,0.12,0.28,0.32,0.32,0.05
159,0.27,0.38,0.36,0.15,0.3,0.35,0.36,0.07
160,0.31,0.42,0.4,0.18,0.35,0.4,0.39,0.09
161,0.33,0.46,0.44,0.22,0.35,0.43,0.43,0.1
162,0.37,0.47,0.48,0.25,0.41,0.47,0.46,0.12
163,0.42,0.53,0.52,0.28,0.45,0.54,0.49,0.14
164,0.46,0.58,0.56,0.32,0.49,0.56,0.53,0.16
165,0.49,0.59,0.58,0.35,0.52,0.58,0.56,0.18
166,0.51,0.59,0.6,0.38,0.53,0.61,0.57,0.2
167,0.53,0.61,0.62,0.42,0.56,0.62,0.59,0.22
168,0.57,0.63,0.64,0.45,0.59,0.66,0.61,0.24
169,0.59,0.64,0.68,0.47,0.62,0.66,0.64,0.26
170,0.63,0.66,0.7,0.5,0.64,0.68,0.66,0.28
171,0.64,0.68,0.71,0.53,0.65,0.69,0.68,0.3
172,0.64,0.7,0.72,0.55,0.65,0.71,0.69,0.32
173,0.65,0.7,0.74,0.58,0.68,0.73,0.71,0.35
174,0.67,0.72,0.75,0.6,0.7,0.75,0.72,0.36
175,0.69,0.76,0.77,0.62,0.72,0.76,0.75,0.38
176,0.68,0.76,0.78,0.65,0.74,0.79,0.76,0.4
177,0.68,0.78,0.78,0.67,0.76,0.78,0.76,0.42
178,0.68,0.76,0.78,0.68,0.75,0.79,0.77,0.44
179,0.68,0.76,0.79,0.72,0.75,0.79,0.78,0.46
180,0.69,0.8,0.79,0.73,0.77,0.81,0.79,0.48
181,0.73,0.8,0.81,0.73,0.78,0.82,0.81,0.5
182,0.75,0.8,0.82,0.75,0.78,0.83,0.82,0.51
183,0.73,0.8,0.83,0.77,0.79,0.82,0.83,0.53
184,0.76,0.8,0.83,0.78,0.81,0.82,0.84,0.55
185,0.81,0.82,0.85,0.78,0.84,0.83,0.85,0.56
186,0.83,0.83,0.87,0.8,0.85,0.85,0.86,0.57
187,0.83,0.83,0.87,0.82,0.85,0.85,0.86,0.59
188,0.84,0.83,0.87,0.83,0.87,0.85,0.88,0.6
189,0.87,0.83,0.89,0.83,0.89,0.85,0.88,0.62
190,0.9,0.86,0.91,0.83,0.9,0.86,0.9,0.63
191,0.94,0.88,0.93,0.85,0.91,0.89,0.91,0.64
192,0.95,0.91,0.94,0.87,0.93,0.9,0.93,0.65
193,0.96,0.91,0.95,0.88,0.95,0.92,0.93,0.67
194,0.92,0.88,0.94,0.88,0.95,0.9,0.94,0.68
195,0.9,0.88,0.93,0.88,0.95,0.89,0.93,0.69
196,0.87,0.87,0.92,0.9,0.91,0.88,0.93,0.7
197,0.85,0.84,0.91,0.9,0.9,0.86,0.92,0.71
198,0.84,0.83,0.9,0.9,0.91,0.87,0.92,0.72
199,0.85,0.82,0.91,0.9,0.9,0.88,0.92,0.73
200,0.86,0.84,0.91,0.9,0.9,0.88,0.92,0.74
201,0.88,0.84,0.92,0.9,0.9,0.88,0.93,0.75
202,0.87,0.83,0.92,0.9,0.9,0.86,0.92,0.75
203,0.85,0.82,0.92,0.92,0.9,0.85,0.91,0.76
204,0.84,0.82,0.9,0.92,0.9,0.85,0.91,0.77
205,0.83,0.8,0.9,0.92,0.91,0.83,0.9,0.77
206,0.83,0.8,0.89,0.92,0.9,0.85,0.91,0.78
207,0.84,0.8,0.9,0.92,0.9,0.84,0.91,0.79
208,0.83,0.82,0.9,0.92,0.9,0.85,0.91,0.8
209,0.83,0.8,0.9,0.93,0.9,0.83,0.91,0.8
210,0.8,0.79,0.89,0.93,0.89,0.84,0.9,0.81
211,0.79,0.79,0.87,0.93,0.88,0.82,0.9,0.81
212,0.78,0.78,0.87,0.93,0.87,0.83,0.9,0.82
213,0.78,0.78,0.86,0.93,0.85,0.83,0.88,0.82
214,0.76,0.74,0.85,0.93,0.84,0.82,0.89,0.83
215,0.74,0.78,0.84,0.93,0.84,0.83,0.89,0.84
216,0.74,0.79,0.84,0.93,0.83,0.81,0.89,0.84
217,0.75,0.78,0.85,0.95,0.84,0.84,0.89,0.85
218,0.78,0.79,0.87,0.95,0.87,0.84,0.9,0.85
219,0.81,0.79,0.87,0.95,0.88,0.84,0.9,0.86
220,0.8,0.8,0.89,0.95,0.89,0.85,0.9,0.86
221,0.81,0.8,0.89,0.95,0.9,0.85,0.91,0.86
222,0.8,0.78,0.87,0.95,0.89,0.83,0.91,0.87
223,0.79,0.78,0.88,0.95,0.9,0.83,0.91,0.87
224,0.8,0.79,0.89,0.95,0.9,0.83,0.91,0.88
225,0.79,0.76,0.88,0.95,0.9,0.82,0.9,0.88
226,0.8,0.75,0.87,0.95,0.9,0.82,0.9,0.88
227,0.82,0.76,0.89,0.95,0.9,0.83,0.91,0.88
228,0.84,0.79,0.9,0.97,0.9,0.85,0.92,0.89
229,0.84,0.82,0.91,0.97,0.9,0.85,0.93,0.89
230,0.84,0.82,0.9,0.97,0.89,0.86,0.92,0.89
231,0.84,0.82,0.89,0.97,0.9,0.87,0.93,0.9
232,0.83,0.83,0.88,0.97,0.9,0.87,0.93,0.9
233,0.83,0.83,0.87,0.97,0.9,0.86,0.93,0.9
234,0.84,0.83,0.89,0.97,0.9,0.87,0.93,0.91
235,0.83,0.83,0.89,0.97,0.9,0.87,0.94,0.91
236,0.84,0.84,0.91,0.97,0.9,0.88,0.95,0.91
237,0.86,0.86,0.92,0.97,0.91,0.88,0.95,0.92
238,0.88,0.84,0.93,0.97,0.91,0.89,0.95,0.92
239,0.89,0.83,0.93,0.97,0.91,0.87,0.95,0.92
240,0.89,0.83,0.93,0.97,0.9,0.86,0.94,0.92
241,0.89,0.83,0.94,0.97,0.92,0.87,0.94,0.92
242,0.91,0.83,0.94,0.97,0.92,0.86,0.94,0.93
243,0.92,0.84,0.94,0.97,0.92,0.88,0.95,0.93
244,0.91,0.84,0.94,0.97,0.91,0.87,0.95,0.93
245,0.9,0.83,0.93,0.97,0.92,0.88,0.95,0.93
246,0.88,0.83,0.94,0.97,0.91,0.86,0.94,0.93
247,0.85,0.84,0.93,0.97,0.92,0.88,0.95,0.94
248,0.85,0.86,0.93,0.97,0.92,0.89,0.95,0.94
249,0.84,0.88,0.93,0.97,0.93,0.9,0.96,0.94
250,0.84,0.88,0.94,0.98,0.93,0.91,0.95,0.94
251,0.83,0.89,0.94,0.98,0.95,0.92,0.96,0.95
252,0.84,0.88,0.94,0.98,0.93,0.93,0.95,0.95
253,0.85,0.88,0.94,0.98,0.92,0.91,0.95,0.95
254,0.84,0.88,0.94,0.98,0.92,0.91,0.96,0.95
255,0.85,0.88,0.94,0.98,0.92,0.91,0.95,0.95
256,0.84,0.88,0.94,0.98,0.93,0.91,0.95,0.95
257,0.84,0.87,0.94,0.98,0.92,0.9,0.95,0.95
258,0.85,0.87,0.93,0.97,0.92,0.9,0.95,0.95
259,0.84,0.88,0.93,0.98,0.92,0.9,0.95,0.95
260,0.86,0.88,0.94,0.98,0.94,0.93,0.95,0.95
261,0.88,0.89,0.95,0.98,0.95,0.92,0.95,0.96
262,0.89,0.89,0.94,0.98,0.94,0.92,0.95,0.96
263,0.88,0.88,0.94,0.98,0.92,0.91,0.95,0.96
264,0.91,0.89,0.95,0.98,0.95,0.93,0.95,0.96
265,0.94,0.92,0.97,0.98,0.96,0.95,0.96,0.96
266,0.95,0.93,0.97,1.0,0.96,0.95,0.98,0.96
267,0.97,0.93,0.98,0.98,0.97,0.93,0.97,0.96
268,0.99,0.93,0.99,1.0,0.99,0.94,0.98,0.96
269,0.99,0.93,1.0,1.0,0.99,0.94,0.98,0.97
270,0.98,0.93,0.99,0.98,0.99,0.96,0.98,0.97
271,0.96,0.91,0.99,0.98,0.97,0.94,0.98,0.97
272,0.95,0.91,0.98,1.0,0.97,0.93,0.98,0.97
273,0.94,0.89,0.97,1.0,0.96,0.92,0.97,0.97
274,0.91,0.87,0.95,0.98,0.97,0.92,0.96,0.97
275,0.89,0.83,0.94,0.98,0.94,0.88,0.95,0.97
276,0.88,0.82,0.94,0.98,0.91,0.89,0.95,0.97
277,0.87,0.83,0.93,0.98,0.93,0.89,0.95,0.97
278,0.87,0.83,0.93,0.98,0.94,0.89,0.95,0.97
279,0.88,0.83,0.94,0.98,0.93,0.89,0.96,0.97
280,0.88,0.84,0.94,0.98,0.96,0.89,0.95,0.97
281,0.89,0.86,0.94,0.98,0.97,0.9,0.96,0.97
282,0.88,0.88,0.94,0.98,0.96,0.89,0.96,0.97
283,0.84,0.86,0.93,0.98,0.91,0.9,0.96,0.97
284,0.8,0.83,0.9,0.98,0.9,0.9,0.95,0.97
285,0.78,0.83,0.88,0.98,0.9,0.89,0.94,0.97
286,0.76,0.83,0.87,0.98,0.9,0.88,0.94,0.97
287,0.75,0.84,0.88,0.98,0.9,0.89,0.93,0.97
288,0.78,0.86,0.89,0.98,0.9,0.9,0.93,0.97
289,0.78,0.84,0.9,0.98,0.89,0.89,0.93,0.97
290,0.79,0.84,0.9,0.98,0.89,0.88,0.93,0.97
291,0.79,0.84,0.89,0.98,0.9,0.89,0.93,0.97
292,0.78,0.84,0.89,0.98,0.89,0.88,0.93,0.98
293,0.8,0.83,0.88,0.98,0.89,0.88,0.92,0.97
294,0.79,0.82,0.87,0.98,0.85,0.87,0.92,0.97
295,0.78,0.82,0.87,0.98,0.84,0.86,0.9,0.97
296,0.78,0.79,0.85,0.97,0.84,0.85,0.9,0.97
297,0.78,0.79,0.85,0.97,0.83,0.85,0.9,0.97
298,0.78,0.79,0.85,0.97,0.83,0.86,0.9,0.97
299,0.76,0.82,0.85,0.98,0.83,0.85,0.91,0.97
300,0.76,0.82,0.85,0.97,0.83,0.86,0.91,0.97
301,0.75,0.82,0.85,0.97,0.83,0.86,0.91,0.98
302,0.78,0.83,0.85,0.98,0.84,0.86,0.91,0.98
303,0.78,0.84,0.85,0.97,0.83,0.88,0.91,0.98
304,0.78,0.83,0.86,0.97,0.84,0.88,0.92,0.98
305,0.79,0.83,0.86,0.97,0.85,0.89,0.93,0.98
306,0.78,0.83,0.87,0.97,0.85,0.88,0.93,0.98
307,0.79,0.82,0.87,0.97,0.86,0.86,0.93,0.98
308,0.79,0.82,0.87,0.97,0.87,0.85,0.93,0.98
309,0.8,0.83,0.9,0.97,0.9,0.85,0.93,0.98
310,0.84,0.83,0.91,0.97,0.9,0.9,0.94,0.98
311,0.84,0.86,0.91,0.98,0.91,0.9,0.95,0.98
312,0.83,0.86,0.92,0.97,0.9,0.91,0.96,0.98
313,0.83,0.88,0.93,0.97,0.91,0.91,0.95,0.98
314,0.84,0.87,0.93,0.97,0.92,0.9,0.95,0.98
315,0.84,0.86,0.93,0.98,0.94,0.9,0.96,0.98
316,0.85,0.86,0.94,0.97,0.92,0.9,0.95,0.98
317,0.86,0.86,0.94,0.98,0.93,0.91,0.95,0.98
318,0.86,0.88,0.94,0.98,0.93,0.92,0.95,0.98
319,0.86,0.88,0.94,0.98,0.93,0.91,0.96,0.98
320,0.87,0.88,0.94,0.98,0.92,0.93,0.95,0.98
321,0.86,0.88,0.94,0.98,0.92,0.92,0.96,0.98
322,0.86,0.88,0.94,0.97,0.91,0.92,0.95,0.98
323,0.88,0.91,0.94,0.98,0.93,0.93,0.96,0.98
324,0.89,0.89,0.94,0.98,0.94,0.93,0.96,0.98
325,0.88,0.89,0.95,0.98,0.94,0.93,0.97,0.98
326,0.86,0.91,0.94,0.98,0.94,0.92,0.96,0.98
327,0.84,0.88,0.93,0.98,0.93,0.92,0.96,0.98
328,0.8,0.89,0.91,0.98,0.9,0.92,0.96,0.98
329,0.76,0.87,0.88,0.97,0.9,0.9,0.94,0.98
330,0.72,0.86,0.87,0.97,0.87,0.89,0.94,0.98
331,0.69,0.83,0.85,0.98,0.84,0.87,0.93,0.98
332,0.69,0.83,0.84,0.97,0.83,0.88,0.92,0.98
333,0.67,0.83,0.83,0.98,0.83,0.88,0.91,0.98
334,0.64,0.8,0.83,0.97,0.8,0.86,0.9,0.98
335,0.64,0.8,0.82,0.97,0.78,0.84,0.9,0.98
336,0.64,0.8,0.81,0.97,0.78,0.85,0.89,0.98
337,0.64,0.79,0.81,0.97,0.78,0.85,0.88,0.98
338,0.64,0.78,0.81,0.97,0.79,0.83,0.88,0.98
339,0.63,0.82,0.81,0.97,0.78,0.86,0.88,0.98
340,0.65,0.8,0.81,0.97,0.78,0.85,0.88,0.98
341,0.65,0.8,0.81,0.97,0.78,0.87,0.89,0.98
342,0.64,0.82,0.81,0.97,0.78,0.87,0.88,0.98
343,0.65,0.82,0.82,0.97,0.78,0.86,0.88,0.98
344,0.68,0.82,0.83,0.97,0.78,0.87,0.88,0.98
345,0.68,0.8,0.83,0.97,0.78,0.86,0.88,0.98
346,0.73,0.82,0.85,0.97,0.8,0.88,0.88,0.98
347,0.75,0.82,0.87,0.97,0.83,0.87,0.89,0.98
348,0.79,0.83,0.87,0.97,0.84,0.88,0.9,0.98
349,0.82,0.82,0.89,0.97,0.85,0.88,0.91,0.98
350,0.84,0.82,0.9,0.97,0.85,0.88,0.91,0.98
351,0.84,0.82,0.9,0.97,0.87,0.9,0.92,0.98
352,0.83,0.8,0.91,0.97,0.88,0.88,0.93,0.98
353,0.85,0.8,0.91,0.97,0.89,0.87,0.93,0.98
354,0.85,0.79,0.91,0.97,0.89,0.86,0.92,0.98
355,0.86,0.8,0.92,0.97,0.9,0.86,0.93,0.98
356,0.88,0.8,0.93,0.97,0.9,0.86,0.93,0.98
357,0.88,0.82,0.94,0.97,0.92,0.89,0.94,0.98
358,0.94,0.84,0.96,0.97,0.91,0.89,0.95,0.98
359,0.92,0.84,0.95,0.97,0.92,0.88,0.95,0.98
360,0.89,0.83,0.94,0.97,0.9,0.87,0.95,0.98
361,0.87,0.82,0.93,0.97,0.9,0.86,0.95,0.98
362,0.87,0.82,0.93,0.97,0.93,0.87,0.95,0.98
363,0.88,0.82,0.94,0.97,0.92,0.89,0.96,0.98
364,0.89,0.86,0.95,0.97,0.96,0.89,0.98,0.98
365,0.9,0.89,0.95,0.97,0.96,0.92,0.98,0.99
366,0.88,0.89,0.96,0.97,0.97,0.92,0.97,0.99
367,0.86,0.88,0.95,0.97,0.97,0.91,0.98,0.99
368,0.84,0.84,0.93,0.97,0.93,0.89,0.96,0.99
369,0.78,0.82,0.91,0.97,0.92,0.88,0.95,0.99
370,0.78,0.8,0.89,0.97,0.9,0.88,0.94,0.99
371,0.76,0.79,0.87,0.97,0.89,0.84,0.93,0.98
372,0.73,0.79,0.87,0.97,0.87,0.84,0.93,0.98
373,0.73,0.79,0.85,0.97,0.85,0.85,0.93,0.98
374,0.71,0.79,0.85,0.97,0.84,0.85,0.92,0.98
375,0.72,0.8,0.85,0.97,0.83,0.86,0.91,0.98
376,0.73,0.82,0.85,0.97,0.84,0.87,0.92,0.98
377,0.71,0.83,0.84,0.97,0.84,0.87,0.92,0.99
378,0.7,0.83,0.84,0.97,0.83,0.89,0.92,0.99
379,0.71,0.84,0.84,0.97,0.84,0.89,0.93,0.98
380,0.68,0.83,0.83,0.97,0.82,0.87,0.91,0.98
381,0.68,0.82,0.83,0.97,0.8,0.86,0.91,0.98
382,0.68,0.83,0.83,0.97,0.81,0.87,0.9,0.98
383,0.69,0.83,0.83,0.97,0.81,0.88,0.91,0.99
384,0.68,0.83,0.83,0.97,0.8,0.87,0.91,0.99
385,0.68,0.83,0.83,0.97,0.81,0.88,0.91,0.99
386,0.7,0.84,0.83,0.97,0.82,0.88,0.91,0.99
387,0.7,0.83,0.83,0.97,0.82,0.88,0.91,0.98
388,0.7,0.83,0.83,0.97,0.81,0.88,0.9,0.99
389,0.71,0.84,0.85,0.97,0.83,0.88,0.91,0.99
390,0.73,0.83,0.84,0.97,0.82,0.89,0.91,0.98
391,0.72,0.83,0.85,0.97,0.83,0.89,0.91,0.98
392,0.74,0.86,0.85,0.97,0.83,0.9,0.91,0.99
393,0.76,0.88,0.86,0.98,0.83,0.91,0.92,0.99
394,0.75,0.88,0.86,0.97,0.83,0.9,0.92,0.99
395,0.73,0.86,0.85,0.97,0.83,0.88,0.91,0.99
396,0.73,0.83,0.85,0.97,0.82,0.9,0.91,0.99
397,0.73,0.82,0.84,0.97,0.83,0.87,0.9,0.99
398,0.71,0.83,0.85,0.97,0.81,0.87,0.9,0.99
399,0.73,0.84,0.85,0.97,0.84,0.88,0.91,0.99
400,0.74,0.86,0.85,0.97,0.84,0.89,0.92,0.99
401,0.73,0.89,0.85,0.98,0.85,0.93,0.93,0.99
402,0.73,0.89,0.85,0.98,0.85,0.92,0.93,0.99
403,0.7,0.91,0.85,0.98,0.85,0.93,0.93,0.99
404,0.68,0.91,0.85,0.98,0.83,0.93,0.93,0.99
405,0.68,0.91,0.85,0.98,0.85,0.93,0.94,0.99
406,0.67,0.92,0.85,0.98,0.84,0.95,0.93,0.99
407,0.67,0.92,0.85,0.98,0.84,0.95,0.93,0.99
408,0.68,0.91,0.85,0.98,0.84,0.95,0.93,0.99
409,0.68,0.91,0.83,0.98,0.83,0.95,0.92,0.99
410,0.67,0.91,0.84,0.98,0.84,0.94,0.92,0.99
411,0.68,0.89,0.85,0.98,0.83,0.94,0.92,0.99
412,0.68,0.93,0.85,0.98,0.84,0.93,0.92,0.99
413,0.69,0.91,0.85,0.98,0.84,0.95,0.92,0.99
414,0.7,0.91,0.85,0.98,0.84,0.95,0.93,0.99
415,0.71,0.92,0.85,0.98,0.84,0.93,0.92,0.99
416,0.73,0.92,0.85,1.0,0.84,0.95,0.91,0.99
417,0.73,0.91,0.85,1.0,0.85,0.93,0.91,0.99
418,0.73,0.91,0.85,0.98,0.84,0.93,0.92,0.99
419,0.75,0.89,0.85,0.98,0.84,0.93,0.91,0.99
420,0.73,0.89,0.85,0.98,0.84,0.92,0.91,0.99
421,0.74,0.87,0.85,0.98,0.82,0.92,0.91,0.99
422,0.75,0.88,0.85,1.0,0.82,0.9,0.9,0.99
423,0.73,0.88,0.85,0.98,0.83,0.91,0.9,0.99
424,0.75,0.87,0.85,0.98,0.83,0.91,0.9,0.99
425,0.75,0.88,0.85,0.98,0.84,0.91,0.91,0.99
426,0.78,0.89,0.87,0.98,0.85,0.9,0.93,0.99
427,0.78,0.88,0.87,0.98,0.85,0.93,0.93,0.99
428,0.81,0.91,0.87,0.98,0.87,0.93,0.93,0.99
429,0.79,0.88,0.87,0.98,0.87,0.91,0.93,0.99
430,0.83,0.89,0.9,0.98,0.89,0.93,0.93,0.99
431,0.83,0.91,0.91,0.98,0.9,0.94,0.95,0.99
432,0.87,0.91,0.92,0.98,0.9,0.94,0.95,0.99
433,0.87,0.92,0.93,1.0,0.9,0.94,0.96,0.99
434,0.88,0.93,0.94,0.98,0.92,0.95,0.96,0.99
435,0.88,0.95,0.95,1.0,0.92,0.97,0.97,0.99
436,0.9,0.96,0.96,1.0,0.96,0.98,0.98,1.0
437,0.92,0.99,0.97,1.0,0.96,0.98,0.98,1.0
438,0.92,1.0,0.98,1.0,0.97,1.0,1.0,1.0
439,0.91,1.0,0.97,1.0,0.97,1.0,1.0,1.0
440,0.88,1.0,0.97,1.0,0.97,0.99,1.0,1.0
441,0.9,0.99,0.98,1.0,0.98,0.99,1.0,1.0
442,0.89,0.97,0.97,1.0,0.97,0.98,0.99,1.0
443,0.88,0.97,0.96,1.0,0.96,0.97,0.98,1.0
444,0.88,0.96,0.96,1.0,0.96,0.96,0.97,1.0
445,0.85,0.93,0.95,1.0,0.92,0.94,0.96,1.0
446,0.85,0.92,0.93,1.0,0.91,0.95,0.95,1.0
447,0.84,0.91,0.92,1.0,0.9,0.93,0.95,1.0
448,0.83,0.89,0.91,0.98,0.9,0.91,0.93,1.0
449,0.82,0.88,0.9,1.0,0.9,0.91,0.93,0.99
450,0.8,0.88,0.9,0.98,0.87,0.89,0.93,0.99
451,0.83,0.88,0.9,1.0,0.89,0.92,0.94,0.99
452,0.83,0.89,0.91,1.0,0.9,0.92,0.94,0.99
453,0.83,0.88,0.92,0.98,0.9,0.92,0.94,0.99
454,0.87,0.89,0.93,0.98,0.9,0.93,0.95,1.0
455,0.9,0.91,0.94,0.98,0.92,0.93,0.95,1.0
456,0.94,0.91,0.96,0.98,0.94,0.93,0.96,0.99
457,0.95,0.91,0.97,0.98,0.96,0.93,0.97,1.0
458,0.95,0.89,0.97,0.98,0.96,0.93,0.96,0.99
459,0.94,0.88,0.96,0.98,0.95,0.9,0.96,0.99
460,0.95,0.86,0.95,0.98,0.94,0.9,0.96,0.99
461,0.94,0.86,0.96,0.98,0.94,0.9,0.96,0.99
462,0.92,0.83,0.95,0.98,0.96,0.89,0.96,0.99
463,0.94,0.83,0.95,0.98,0.95,0.9,0.95,0.99
464,0.96,0.87,0.97,0.98,0.96,0.89,0.97,0.99
465,0.97,0.89,0.97,0.98,0.97,0.91,0.97,0.99
466,0.96,0.89,0.97,0.98,0.97,0.91,0.98,0.99
467,0.94,0.89,0.96,0.98,0.97,0.92,0.98,0.99
468,0.88,0.88,0.95,0.98,0.95,0.9,0.98,0.99
469,0.87,0.89,0.94,0.98,0.94,0.89,0.98,0.99
470,0.87,0.91,0.94,0.98,0.95,0.92,0.98,0.99
471,0.87,0.91,0.94,0.98,0.94,0.93,0.98,1.0
472,0.84,0.92,0.94,1.0,0.94,0.94,0.98,1.0
473,0.84,0.92,0.93,1.0,0.93,0.94,0.98,1.0
474,0.83,0.89,0.91,1.0,0.91,0.95,0.97,0.99
475,0.82,0.91,0.91,1.0,0.91,0.93,0.98,1.0
476,0.83,0.92,0.91,1.0,0.92,0.93,0.97,0.99
477,0.82,0.92,0.91,1.0,0.91,0.95,0.97,1.0
478,0.83,0.92,0.91,1.0,0.9,0.94,0.97,1.0
479,0.84,0.89,0.91,1.0,0.9,0.92,0.96,0.99
480,0.83,0.88,0.91,1.0,0.9,0.9,0.95,0.99
481,0.83,0.86,0.9,1.0,0.9,0.9,0.95,0.99
482,0.83,0.86,0.9,0.98,0.9,0.91,0.95,0.99
483,0.83,0.87,0.9,0.98,0.9,0.9,0.95,0.99
484,0.84,0.88,0.91,0.98,0.89,0.89,0.95,0.99
485,0.85,0.89,0.91,1.0,0.9,0.89,0.95,0.99
486,0.87,0.88,0.92,1.0,0.9,0.92,0.95,0.99
487,0.86,0.88,0.92,0.98,0.9,0.91,0.95,0.99
488,0.85,0.87,0.91,0.98,0.9,0.91,0.95,0.99
489,0.85,0.86,0.91,1.0,0.9,0.89,0.95,0.99
490,0.85,0.86,0.91,0.98,0.89,0.9,0.95,0.99
491,0.86,0.86,0.91,0.98,0.89,0.88,0.95,0.99
492,0.85,0.84,0.91,0.98,0.89,0.89,0.96,0.99
493,0.86,0.86,0.91,0.98,0.89,0.89,0.95,0.99
494,0.84,0.83,0.91,0.98,0.9,0.86,0.95,0.99
495,0.84,0.83,0.9,0.98,0.88,0.85,0.94,0.99
496,0.83,0.83,0.9,0.98,0.88,0.86,0.95,0.99
497,0.82,0.84,0.9,0.98,0.89,0.86,0.95,0.99
498,0.83,0.84,0.9,0.98,0.88,0.88,0.95,0.99
499,0.82,0.84,0.9,0.98,0.9,0.88,0.95,0.99
500,0.81,0.84,0.89,0.98,0.89,0.88,0.96,0.99
501,0.78,0.84,0.87,0.98,0.87,0.88,0.95,0.99
502,0.77,0.83,0.87,0.98,0.87,0.88,0.94,0.99
503,0.78,0.82,0.87,0.98,0.87,0.86,0.94,0.99
504,0.79,0.83,0.89,0.98,0.87,0.86,0.94,0.99
505,0.82,0.83,0.9,0.98,0.9,0.88,0.95,0.99
506,0.83,0.84,0.91,0.98,0.9,0.9,0.95,0.99
507,0.85,0.86,0.93,0.98,0.9,0.9,0.96,0.99
508,0.88,0.88,0.93,0.98,0.92,0.9,0.97,0.99
509,0.89,0.89,0.94,1.0,0.93,0.92,0.97,0.99
510,0.89,0.89,0.96,0.98,0.92,0.9,0.97,0.99
511,0.94,0.89,0.96,0.98,0.93,0.91,0.97,0.99
512,0.94,0.88,0.96,0.98,0.95,0.91,0.98,1.0
513,0.94,0.88,0.97,0.98,0.97,0.9,0.97,0.99
514,0.95,0.86,0.97,0.98,0.97,0.89,0.98,0.99
515,0.94,0.86,0.97,0.98,0.97,0.9,0.98,0.99
516,0.96,0.86,0.97,0.98,0.98,0.9,0.98,0.99
517,0.98,0.88,0.99,0.98,0.97,0.91,0.98,0.99
518,0.99,0.88,1.0,0.98,1.0,0.93,0.99,0.99
519,0.99,0.88,0.99,0.98,0.99,0.91,1.0,0.99
520,0.99,0.87,0.99,0.98,0.99,0.88,0.99,0.99
521,0.95,0.86,0.98,0.98,0.99,0.9,0.98,0.99
522,0.94,0.84,0.98,0.98,0.98,0.88,0.98,0.99
523,0.95,0.86,0.98,0.98,0.98,0.9,0.99,0.99
524,0.95,0.88,0.98,0.98,1.0,0.9,1.0,0.99
525,0.95,0.88,0.98,0.98,0.97,0.9,1.0,0.99
526,0.92,0.87,0.96,0.98,0.97,0.9,0.99,0.99
527,0.88,0.87,0.95,0.98,0.97,0.89,0.99,1.0
528,0.85,0.88,0.94,0.98,0.96,0.9,0.99,0.99
529,0.81,0.87,0.92,0.98,0.95,0.9,0.98,0.99
530,0.79,0.83,0.92,0.97,0.94,0.89,0.97,0.99
531,0.8,0.88,0.93,0.98,0.96,0.9,0.98,1.0
532,0.83,0.89,0.94,0.98,0.97,0.93,0.98,1.0
533,0.83,0.91,0.94,0.98,0.96,0.93,0.99,1.0
534,0.84,0.92,0.95,1.0,0.95,0.95,1.0,1.0
535,0.84,0.92,0.94,0.98,0.97,0.96,1.0,1.0
536,0.85,0.91,0.94,1.0,0.97,0.95,0.99,1.0
537,0.85,0.88,0.95,0.98,0.97,0.95,0.99,1.0
538,0.88,0.89,0.95,0.98,0.97,0.94,0.99,1.0
539,0.87,0.89,0.95,0.98,0.97,0.93,0.98,1.0
540,0.89,0.88,0.96,0.98,0.97,0.93,0.98,1.0
541,0.88,0.88,0.95,0.98,0.95,0.93,0.97,1.0
542,0.85,0.86,0.94,0.98,0.92,0.92,0.97,1.0
543,0.83,0.83,0.92,0.98,0.92,0.9,0.96,1.0
544,0.78,0.8,0.89,0.98,0.9,0.88,0.95,1.0
545,0.75,0.78,0.87,0.97,0.89,0.86,0.94,0.99
546,0.73,0.76,0.86,0.97,0.87,0.85,0.92,0.99
547,0.68,0.74,0.85,0.97,0.83,0.84,0.91,0.99
548,0.69,0.72,0.84,0.97,0.85,0.83,0.91,0.99
549,0.69,0.74,0.84,0.97,0.83,0.83,0.9,0.99
550,0.68,0.76,0.85,0.97,0.84,0.85,0.91,0.99
551,0.68,0.76,0.84,0.97,0.83,0.85,0.92,0.99
552,0.68,0.75,0.84,0.97,0.84,0.83,0.9,0.99
553,0.66,0.74,0.83,0.97,0.83,0.83,0.9,0.99
554,0.66,0.75,0.83,0.97,0.84,0.84,0.9,0.99
555,0.67,0.74,0.83,0.97,0.83,0.83,0.9,0.99
556,0.68,0.74,0.84,0.97,0.83,0.83,0.91,0.99
557,0.72,0.76,0.86,0.97,0.85,0.85,0.91,0.99
558,0.73,0.78,0.86,0.97,0.85,0.85,0.93,0.99
559,0.74,0.79,0.86,0.97,0.87,0.85,0.93,0.99
560,0.73,0.79,0.87,0.97,0.89,0.87,0.93,0.99
561,0.73,0.79,0.88,0.97,0.89,0.9,0.94,0.99
562,0.76,0.82,0.89,0.97,0.91,0.91,0.95,0.99
563,0.75,0.83,0.89,0.97,0.9,0.91,0.95,1.0
564,0.74,0.82,0.89,0.97,0.9,0.92,0.95,1.0
565,0.73,0.79,0.87,0.97,0.9,0.9,0.94,0.99
566,0.71,0.79,0.87,0.97,0.89,0.88,0.93,0.99
567,0.68,0.78,0.85,0.97,0.87,0.87,0.93,0.99
568,0.68,0.76,0.85,0.97,0.85,0.88,0.92,0.99
569,0.67,0.78,0.85,0.97,0.85,0.86,0.91,0.99
570,0.68,0.78,0.85,0.97,0.83,0.89,0.91,0.99
571,0.67,0.78,0.84,0.97,0.85,0.87,0.91,0.99
572,0.67,0.76,0.83,0.97,0.83,0.88,0.91,0.99
573,0.69,0.75,0.83,0.97,0.84,0.86,0.9,0.99
574,0.69,0.76,0.85,0.97,0.83,0.88,0.91,0.99
575,0.71,0.78,0.85,0.97,0.85,0.88,0.92,0.99
576,0.71,0.78,0.85,0.97,0.84,0.89,0.92,0.99
577,0.69,0.78,0.85,0.97,0.85,0.87,0.92,0.99
578,0.68,0.75,0.84,0.97,0.84,0.87,0.92,0.99
579,0.65,0.74,0.83,0.97,0.84,0.86,0.9,0.99
580,0.63,0.71,0.81,0.97,0.83,0.86,0.9,0.99
581,0.64,0.71,0.81,0.97,0.82,0.87,0.9,0.99
582,0.64,0.71,0.81,0.97,0.81,0.85,0.9,0.99
583,0.63,0.7,0.8,0.97,0.78,0.83,0.88,0.99
584,0.64,0.7,0.81,0.97,0.78,0.84,0.88,0.99
585,0.64,0.7,0.81,0.97,0.78,0.85,0.89,0.99
586,0.65,0.7,0.81,0.97,0.82,0.83,0.89,0.99
587,0.67,0.72,0.82,0.97,0.84,0.85,0.9,0.99
588,0.68,0.74,0.83,0.97,0.84,0.86,0.9,0.99
589,0.69,0.72,0.83,0.97,0.84,0.85,0.9,0.99
590,0.68,0.72,0.83,0.97,0.83,0.85,0.9,0.99
591,0.68,0.72,0.84,0.97,0.83,0.85,0.9,0.99
592,0.73,0.75,0.85,0.97,0.85,0.87,0.91,0.99
593,0.78,0.79,0.87,0.97,0.87,0.9,0.93,0.99
594,0.8,0.82,0.9,0.97,0.9,0.91,0.94,0.99
595,0.84,0.83,0.92,0.97,0.9,0.93,0.95,0.99
596,0.85,0.86,0.93,0.97,0.91,0.94,0.95,0.99
597,0.9,0.88,0.95,0.98,0.95,0.93,0.98,0.99
598,0.9,0.89,0.96,0.98,0.97,0.95,0.98,1.0
599,0.89,0.87,0.96,0.98,0.96,0.94,0.97,0.99
