0,0.96,0.98,0.97,0.88,0.97,0.98,0.98,0.94
1,0.97,0.98,0.97,0.88,0.98,0.99,0.98,0.94
2,0.97,0.98,0.97,0.88,0.97,0.99,0.98,0.94
3,0.97,0.98,0.97,0.88,0.98,0.99,0.98,0.95
4,0.97,0.98,0.97,0.92,0.98,0.99,0.99,0.94
5,0.97,0.98,0.97,0.88,0.98,0.99,0.99,0.95
6,0.97,0.98,0.97,0.88,0.98,0.98,0.99,0.94
7,0.97,0.98,0.97,0.88,0.98,0.98,0.99,0.94
8,0.97,0.98,0.97,0.88,0.98,0.98,0.99,0.94
9,0.97,0.98,0.97,0.88,0.98,0.99,0.99,0.94
10,0.97,0.98,0.97,0.88,0.98,0.99,0.99,0.94
11,0.97,0.98,0.97,0.88,0.98,0.99,0.99,0.94
12,0.97,0.98,0.97,0.88,0.98,0.99,0.99,0.94
13,0.97,0.98,0.97,0.88,0.98,0.99,0.99,0.94
14,0.97,0.98,0.98,0.88,0.98,0.99,0.99,0.95
15,0.97,0.98,0.98,0.88,0.98,0.99,0.99,0.95
16,0.97,0.98,0.98,0.92,0.98,0.99,0.99,0.95
17,0.97,0.99,0.98,0.92,0.98,0.99,0.99,0.95
18,0.97,0.99,0.98,0.92,0.98,0.99,0.99,0.95
19,0.97,0.99,0.98,0.92,0.98,0.99,0.99,0.95
20,0.98,0.99,0.98,0.92,0.98,0.99,0.99,0.95
21,0.98,0.99,0.98,0.92,0.99,0.99,0.99,0.95
22,0.97,0.99,0.98,0.92,0.98,0.99,0.99,0.95
23,0.98,0.99,0.98,0.92,0.98,0.99,0.99,0.95
24,0.98,0.99,0.98,0.92,0.98,0.99,0.99,0.95
25,0.98,0.99,0.98,0.92,0.99,0.99,0.99,0.95
26,0.98,0.99,0.98,0.92,0.99,0.99,0.99,0.95
27,0.98,0.99,0.98,0.92,0.99,0.99,0.99,0.95
28,0.98,0.99,0.98,0.92,0.99,0.99,0.99,0.95
29,0.98,0.99,0.98,0.92,0.99,0.99,1.0,0.95
30,0.98,0.99,0.98,0.92,0.99,0.99,1.0,0.95
31,0.99,0.99,0.99,0.92,0.99,0.99,1.0,0.96
32,0.99,0.99,0.99,0.92,0.99,0.99,1.0,0.96
33,0.99,0.99,0.98,0.92,0.99,1.0,1.0,0.96
34,0.98,0.99,0.98,0.96,0.99,0.99,1.0,0.96
35,0.98,0.99,0.98,0.92,0.99,0.99,1.0,0.96
36,0.98,0.99,0.98,0.96,0.99,1.0,1.0,0.96
37,0.98,0.99,0.98,0.96,0.99,0.99,1.0,0.96
38,0.98,0.99,0.98,0.96,0.99,1.0,1.0,0.96
39,0.98,0.99,0.98,0.92,0.99,1.0,1.0,0.96
40,0.97,0.99,0.98,0.96,0.99,1.0,1.0,0.96
41,0.98,0.99,0.98,0.92,0.99,1.0,1.0,0.96
42,0.98,0.99,0.98,0.96,0.99,1.0,1.0,0.96
43,0.98,0.99,0.98,0.96,0.99,0.99,1.0,0.96
44,0.98,0.99,0.98,0.92,0.99,1.0,1.0,0.96
45,0.98,0.99,0.98,0.96,0.99,0.99,1.0,0.96
46,0.98,0.99,0.98,0.96,0.99,1.0,1.0,0.96
47,0.98,0.99,0.98,0.96,0.99,1.0,1.0,0.96
48,0.98,0.99,0.98,0.96,0.99,1.0,1.0,0.96
49,0.98,0.99,0.98,0.96,0.99,1.0,1.0,0.96
50,0.98,0.99,0.98,0.96,0.99,1.0,1.0,0.96
51,0.98,1.0,0.98,0.96,0.99,1.0,1.0,0.97
52,0.98,1.0,0.98,0.96,0.99,1.0,1.0,0.97
53,0.99,1.0,0.99,0.96,0.99,1.0,1.0,0.97
54,1.0,1.0,1.0,0.96,1.0,1.0,1.0,0.97
55,1.0,1.0,1.0,0.96,1.0,1.0,1.0,0.98
56,0.99,0.99,0.99,0.96,1.0,1.0,0.98,0.98
57,0.94,0.95,0.93,0.96,0.95,0.97,0.87,0.97
58,0.82,0.85,0.77,0.96,0.81,0.89,0.66,0.96
59,0.66,0.72,0.58,0.92,0.61,0.76,0.43,0.95
60,0.51,0.6,0.43,0.88,0.43,0.61,0.29,0.93
61,0.4,0.5,0.32,0.83,0.3,0.47,0.2,0.91
62,0.32,0.42,0.25,0.83,0.21,0.36,0.16,0.88
63,0.26,0.35,0.2,0.75,0.16,0.28,0.12,0.85
64,0.22,0.3,0.17,0.71,0.12,0.23,0.1,0.82
65,0.18,0.26,0.14,0.67,0.1,0.19,0.08,0.78
66,0.16,0.22,0.12,0.63,0.08,0.15,0.07,0.75
67,0.13,0.19,0.1,0.58,0.07,0.13,0.06,0.72
68,0.12,0.17,0.09,0.54,0.06,0.11,0.05,0.68
69,0.1,0.15,0.08,0.5,0.05,0.1,0.05,0.65
70,0.09,0.13,0.07,0.46,0.05,0.09,0.04,0.62
71,0.08,0.12,0.06,0.42,0.04,0.08,0.04,0.59
72,0.07,0.11,0.06,0.42,0.04,0.07,0.03,0.56
73,0.06,0.09,0.05,0.37,0.03,0.06,0.03,0.53
74,0.06,0.08,0.04,0.33,0.03,0.05,0.03,0.5
75,0.05,0.08,0.04,0.33,0.03,0.05,0.03,0.47
76,0.05,0.07,0.04,0.29,0.03,0.04,0.02,0.45
77,0.04,0.06,0.03,0.29,0.02,0.04,0.02,0.42
78,0.04,0.06,0.03,0.25,0.02,0.04,0.02,0.39
79,0.03,0.05,0.03,0.21,0.02,0.03,0.02,0.38
80,0.03,0.05,0.02,0.25,0.02,0.03,0.02,0.35
81,0.03,0.04,0.02,0.21,0.02,0.03,0.01,0.33
82,0.03,0.04,0.02,0.21,0.01,0.03,0.01,0.32
83,0.02,0.04,0.02,0.21,0.01,0.02,0.01,0.3
84,0.02,0.03,0.02,0.17,0.01,0.02,0.01,0.28
85,0.02,0.03,0.02,0.17,0.01,0.02,0.01,0.27
86,0.02,0.03,0.01,0.12,0.01,0.02,0.01,0.25
87,0.02,0.03,0.01,0.12,0.01,0.02,0.01,0.24
88,0.01,0.02,0.01,0.12,0.01,0.02,0.01,0.22
89,0.01,0.02,0.01,0.12,0.01,0.02,0.01,0.21
90,0.01,0.02,0.01,0.08,0.01,0.01,0.01,0.19
91,0.01,0.02,0.01,0.08,0.01,0.01,0.01,0.18
92,0.01,0.02,0.01,0.08,0.01,0.01,0.01,0.17
93,0.01,0.02,0.01,0.08,0.01,0.01,0.01,0.16
94,0.01,0.02,0.01,0.08,0.01,0.01,0.01,0.15
95,0.01,0.02,0.01,0.08,0.01,0.01,0.01,0.14
96,0.01,0.01,0.01,0.08,0.01,0.01,0.01,0.13
97,0.01,0.01,0.01,0.08,0.01,0.01,0.01,0.12
98,0.01,0.01,0.01,0.08,0.01,0.01,0.01,0.12
99,0.01,0.01,0.01,0.08,0.01,0.01,0.01,0.11
100,0.01,0.01,0.01,0.08,0.01,0.01,0.01,0.1
101,0.01,0.01,0.01,0.08,0.01,0.01,0.0,0.1
102,0.01,0.01,0.01,0.04,0.01,0.01,0.0,0.09
103,0.01,0.01,0.01,0.04,0.0,0.01,0.0,0.08
104,0.01,0.01,0.01,0.04,0.0,0.01,0.0,0.08
105,0.01,0.01,0.01,0.04,0.0,0.01,0.0,0.07
106,0.01,0.01,0.01,0.04,0.0,0.01,0.0,0.07
107,0.01,0.01,0.01,0.04,0.0,0.01,0.0,0.06
108,0.01,0.01,0.0,0.04,0.0,0.01,0.0,0.05
109,0.01,0.01,0.0,0.04,0.0,0.01,0.0,0.05
110,0.01,0.01,0.0,0.04,0.0,0.01,0.0,0.04
111,0.01,0.01,0.0,0.04,0.0,0.01,0.0,0.04
112,0.01,0.01,0.0,0.04,0.0,0.01,0.0,0.04
113,0.01,0.01,0.0,0.04,0.0,0.01,0.0,0.04
114,0.01,0.01,0.0,0.04,0.0,0.01,0.0,0.04
115,0.01,0.01,0.0,0.04,0.0,0.01,0.0,0.03
116,0.0,0.01,0.0,0.04,0.0,0.0,0.0,0.02
117,0.0,0.01,0.0,0.04,0.0,0.0,0.0,0.02
118,0.0,0.01,0.0,0.04,0.0,0.0,0.0,0.02
119,0.0,0.01,0.0,0.04,0.0,0.0,0.0,0.02
120,0.0,0.0,0.0,0.0,0.0,0.0,0.0,0.02
121,0.0,0.0,0.0,0.04,0.0,0.0,0.0,0.02
122,0.0,0.0,0.0,0.0,0.0,0.0,0.0,0.01
123,0.0,0.0,0.0,0.04,0.0,0.0,0.0,0.01
124,0.0,0.0,0.0,0.0,0.0,0.0,0.0,0.01
125,0.0,0.0,0.0,0.04,0.0,0.0,0.0,0.01
126,0.0,0.0,0.0,0.0,0.0,0.0,0.0,0.01
127,0.0,0.0,0.0,0.0,0.0,0.0,0.0,0.01
128,0.0,0.0,0.0,0.0,0.0,0.0,0.0,0.0
129,0.0,0.0,0.0,0.0,0.0,0.0,0.0,0.0
130,0.0,0.0,0.0,0.0,0.0,0.0,0.0,0.0
131,0.0,0.0,0.0,0.0,0.0,0.0,0.0,0.0
132,0.0,0.0,0.0,0.0,0.0,0.0,0.0,0.0
133,0.0,0.0,0.0,0.0,0.0,0.0,0.0,0.0
134,0.0,0.0,0.0,0.0,0.0,0.0,0.0,0.01
135,0.0,0.0,0.0,0.0,0.0,0.0,0.0,0.01
136,0.0,0.0,0.0,0.0,0.0,0.0,0.0,0.01
137,0.0,0.0,0.0,0.0,0.0,0.0,0.0,0.01
138,0.0,0.0,0.0,0.0,0.0,0.0,0.0,0.01
139,0.0,0.0,0.0,0.0,0.0,0.0,0.0,0.01
140,0.0,0.0,0.0,0.0,0.0,0.0,0.0,0.01
141,0.0,0.0,0.0,0.0,0.0,0.0,0.0,0.01
142,0.0,0.0,0.0,0.0,0.0,0.0,0.0,0.01
143,0.0,0.0,0.0,0.04,0.0,0.0,0.0,0.01
144,0.0,0.0,0.0,0.04,0.0,0.0,0.0,0.01
145,0.0,0.0,0.0,0.04,0.0,0.0,0.0,0.01
146,0.0,0.0,0.0,0.04,0.0,0.0,0.0,0.01
147,0.0,0.0,0.0,0.04,0.0,0.0,0.0,0.01
148,0.0,0.0,0.0,0.0,0.0,0.0,0.0,0.01
149,0.0,0.0,0.0,0.0,0.0,0.0,0.0,0.01
150,0.0,0.0,0.0,0.0,0.0,0.0,0.0,0.01
151,0.0,0.0,0.0,0.04,0.0,0.0,0.0,0.01
152,0.0,0.0,0.0,0.04,0.0,0.0,0.0,0.01
153,0.0,0.0,0.0,0.04,0.0,0.0,0.0,0.02
154,0.0,0.0,0.0,0.04,0.0,0.0,0.0,0.02
155,0.0,0.0,0.0,0.04,0.0,0.0,0.0,0.02
156,0.01,0.01,0.01,0.04,0.01,0.0,0.01,0.02
157,0.03,0.03,0.03,0.04,0.02,0.01,0.03,0.02
158,0.06,0.05,0.05,0.04,0.03,0.02,0.05,0.02
159,0.09,0.08,0.08,0.04,0.05,0.03,0.07,0.03
160,0.13,0.11,0.11,0.08,0.07,0.04,0.09,0.04
161,0.17,0.14,0.15,0.08,0.09,0.05,0.11,0.05
162,0.21,0.18,0.18,0.08,0.11,0.07,0.13,0.07
163,0.25,0.21,0.22,0.12,0.14,0.09,0.16,0.08
164,0.29,0.25,0.25,0.17,0.16,0.11,0.18,0.09
165,0.33,0.29,0.28,0.17,0.18,0.13,0.2,0.12
166,0.37,0.32,0.32,0.21,0.21,0.15,0.23,0.13
167,0.41,0.36,0.35,0.25,0.23,0.17,0.25,0.15
168,0.45,0.39,0.38,0.29,0.26,0.19,0.27,0.17
169,0.48,0.43,0.42,0.29,0.28,0.21,0.3,0.19
170,0.52,0.47,0.45,0.33,0.31,0.24,0.32,0.21
171,0.55,0.5,0.48,0.33,0.33,0.26,0.35,0.23
172,0.58,0.53,0.5,0.37,0.36,0.28,0.37,0.25
173,0.61,0.56,0.53,0.42,0.38,0.31,0.39,0.27
174,0.63,0.59,0.56,0.42,0.41,0.33,0.41,0.28
175,0.65,0.62,0.58,0.46,0.43,0.35,0.44,0.3
176,0.68,0.64,0.61,0.46,0.45,0.38,0.46,0.32
177,0.7,0.67,0.63,0.5,0.48,0.4,0.48,0.35
178,0.72,0.69,0.65,0.54,0.5,0.42,0.5,0.36
179,0.74,0.71,0.67,0.54,0.52,0.44,0.52,0.38
180,0.76,0.73,0.69,0.54,0.54,0.47,0.54,0.4
181,0.77,0.75,0.71,0.58,0.56,0.49,0.55,0.41
182,0.79,0.76,0.73,0.58,0.58,0.51,0.57,0.43
183,0.8,0.78,0.74,0.63,0.6,0.53,0.59,0.45
184,0.82,0.8,0.76,0.63,0.61,0.55,0.61,0.47
185,0.83,0.81,0.77,0.67,0.63,0.57,0.62,0.48
186,0.84,0.82,0.78,0.67,0.65,0.59,0.64,0.5
187,0.85,0.83,0.79,0.67,0.66,0.6,0.65,0.51
188,0.86,0.84,0.81,0.67,0.68,0.62,0.66,0.53
189,0.86,0.85,0.82,0.67,0.69,0.63,0.68,0.54
190,0.87,0.86,0.83,0.71,0.7,0.65,0.69,0.55
191,0.88,0.87,0.83,0.71,0.72,0.66,0.7,0.56
192,0.88,0.87,0.84,0.71,0.73,0.68,0.71,0.58
193,0.89,0.88,0.85,0.75,0.74,0.69,0.72,0.59
194,0.89,0.89,0.85,0.75,0.75,0.7,0.73,0.6
195,0.89,0.89,0.86,0.75,0.75,0.71,0.74,0.61
196,0.9,0.9,0.86,0.75,0.76,0.72,0.75,0.62
197,0.9,0.9,0.87,0.75,0.77,0.73,0.76,0.63
198,0.9,0.9,0.87,0.75,0.78,0.74,0.76,0.64
199,0.91,0.91,0.88,0.75,0.79,0.75,0.77,0.65
200,0.91,0.91,0.88,0.75,0.79,0.76,0.78,0.65
201,0.91,0.91,0.88,0.75,0.8,0.77,0.78,0.66
202,0.91,0.91,0.88,0.75,0.8,0.77,0.79,0.67
203,0.91,0.91,0.88,0.75,0.81,0.78,0.79,0.68
204,0.91,0.92,0.89,0.75,0.81,0.79,0.8,0.68
205,0.91,0.92,0.89,0.75,0.81,0.79,0.8,0.69
206,0.91,0.92,0.89,0.75,0.82,0.8,0.81,0.7
207,0.91,0.92,0.89,0.75,0.82,0.8,0.81,0.7
208,0.92,0.92,0.89,0.75,0.83,0.81,0.82,0.71
209,0.92,0.93,0.9,0.75,0.83,0.81,0.82,0.72
210,0.92,0.93,0.9,0.75,0.83,0.82,0.82,0.72
211,0.92,0.93,0.9,0.75,0.84,0.82,0.83,0.73
212,0.92,0.93,0.9,0.75,0.84,0.82,0.83,0.73
213,0.92,0.93,0.9,0.75,0.84,0.83,0.83,0.73
214,0.92,0.93,0.91,0.75,0.85,0.83,0.84,0.74
215,0.93,0.93,0.91,0.75,0.85,0.84,0.84,0.74
216,0.93,0.93,0.91,0.75,0.85,0.84,0.84,0.75
217,0.93,0.93,0.91,0.75,0.85,0.84,0.85,0.75
218,0.93,0.93,0.91,0.75,0.86,0.85,0.85,0.75
219,0.93,0.94,0.91,0.75,0.86,0.85,0.85,0.76
220,0.93,0.94,0.91,0.75,0.86,0.85,0.85,0.76
221,0.93,0.94,0.91,0.75,0.87,0.85,0.86,0.76
222,0.93,0.94,0.92,0.75,0.87,0.86,0.86,0.77
223,0.93,0.94,0.92,0.75,0.87,0.86,0.86,0.77
224,0.93,0.94,0.92,0.79,0.87,0.86,0.86,0.78
225,0.93,0.94,0.92,0.79,0.87,0.86,0.87,0.78
226,0.93,0.94,0.92,0.79,0.87,0.86,0.87,0.78
227,0.93,0.94,0.92,0.79,0.87,0.87,0.87,0.78
228,0.93,0.94,0.92,0.79,0.88,0.87,0.87,0.79
229,0.93,0.94,0.92,0.79,0.88,0.87,0.87,0.79
230,0.93,0.94,0.92,0.79,0.88,0.87,0.87,0.79
231,0.93,0.95,0.92,0.79,0.88,0.87,0.88,0.79
232,0.93,0.95,0.92,0.79,0.88,0.88,0.88,0.81
233,0.93,0.95,0.92,0.79,0.89,0.88,0.88,0.81
234,0.93,0.95,0.92,0.79,0.89,0.88,0.88,0.81
235,0.93,0.95,0.92,0.83,0.89,0.88,0.88,0.81
236,0.94,0.95,0.93,0.83,0.89,0.88,0.88,0.82
237,0.94,0.95,0.93,0.83,0.89,0.89,0.89,0.82
238,0.94,0.95,0.93,0.83,0.89,0.89,0.89,0.82
239,0.93,0.95,0.93,0.83,0.89,0.89,0.89,0.82
240,0.93,0.95,0.92,0.83,0.89,0.89,0.89,0.82
241,0.93,0.95,0.92,0.79,0.89,0.89,0.89,0.82
242,0.93,0.95,0.92,0.79,0.89,0.89,0.89,0.82
243,0.93,0.95,0.93,0.79,0.89,0.89,0.89,0.82
244,0.94,0.95,0.92,0.79,0.89,0.89,0.89,0.83
245,0.93,0.95,0.92,0.79,0.89,0.89,0.89,0.82
246,0.93,0.95,0.92,0.79,0.89,0.89,0.89,0.83
247,0.93,0.95,0.92,0.75,0.89,0.89,0.89,0.83
248,0.93,0.95,0.93,0.79,0.9,0.89,0.89,0.83
249,0.94,0.95,0.92,0.75,0.9,0.89,0.89,0.83
250,0.93,0.95,0.93,0.75,0.9,0.9,0.89,0.83
251,0.94,0.95,0.93,0.75,0.9,0.9,0.89,0.83
252,0.94,0.95,0.92,0.75,0.9,0.9,0.89,0.83
253,0.94,0.95,0.93,0.75,0.9,0.9,0.9,0.83
254,0.94,0.95,0.93,0.75,0.9,0.9,0.9,0.83
255,0.94,0.95,0.93,0.75,0.9,0.9,0.9,0.83
256,0.94,0.95,0.93,0.75,0.9,0.9,0.9,0.83
257,0.94,0.95,0.93,0.75,0.9,0.9,0.9,0.83
258,0.94,0.95,0.93,0.75,0.9,0.9,0.9,0.83
259,0.94,0.95,0.93,0.75,0.91,0.9,0.9,0.83
260,0.94,0.95,0.93,0.75,0.91,0.9,0.9,0.83
261,0.94,0.95,0.93,0.75,0.9,0.9,0.9,0.84
262,0.94,0.95,0.93,0.75,0.91,0.9,0.91,0.84
263,0.94,0.95,0.93,0.75,0.91,0.9,0.91,0.84
264,0.94,0.95,0.93,0.75,0.91,0.91,0.91,0.84
265,0.94,0.95,0.93,0.75,0.91,0.91,0.91,0.84
266,0.94,0.95,0.93,0.75,0.91,0.91,0.91,0.84
267,0.94,0.95,0.93,0.75,0.91,0.91,0.91,0.84
268,0.94,0.95,0.93,0.75,0.91,0.91,0.91,0.84
269,0.94,0.95,0.93,0.75,0.91,0.91,0.91,0.84
270,0.94,0.95,0.94,0.75,0.91,0.91,0.91,0.85
271,0.94,0.96,0.94,0.79,0.91,0.91,0.92,0.85
272,0.94,0.96,0.94,0.79,0.91,0.92,0.92,0.85
273,0.94,0.95,0.94,0.75,0.91,0.91,0.91,0.85
274,0.94,0.95,0.94,0.75,0.91,0.91,0.91,0.85
275,0.94,0.95,0.94,0.75,0.91,0.91,0.92,0.85
276,0.94,0.95,0.93,0.75,0.91,0.91,0.91,0.85
277,0.94,0.95,0.93,0.75,0.91,0.91,0.92,0.85
278,0.94,0.95,0.93,0.75,0.91,0.91,0.92,0.85
279,0.94,0.95,0.93,0.75,0.92,0.92,0.92,0.85
280,0.94,0.95,0.93,0.75,0.91,0.92,0.92,0.85
281,0.94,0.95,0.93,0.75,0.92,0.92,0.92,0.85
282,0.94,0.95,0.94,0.75,0.92,0.92,0.92,0.85
283,0.94,0.95,0.94,0.75,0.92,0.92,0.92,0.85
284,0.94,0.95,0.94,0.75,0.92,0.92,0.92,0.85
285,0.94,0.95,0.94,0.75,0.92,0.92,0.92,0.85
286,0.94,0.95,0.94,0.75,0.92,0.92,0.92,0.85
287,0.94,0.95,0.94,0.75,0.92,0.92,0.92,0.85
288,0.94,0.95,0.94,0.75,0.92,0.92,0.92,0.85
289,0.94,0.95,0.94,0.75,0.92,0.92,0.92,0.85
290,0.95,0.95,0.94,0.75,0.92,0.92,0.92,0.85
291,0.95,0.95,0.94,0.75,0.92,0.92,0.93,0.85
292,0.95,0.95,0.94,0.75,0.92,0.92,0.93,0.85
293,0.95,0.95,0.94,0.75,0.93,0.92,0.93,0.85
294,0.95,0.95,0.94,0.75,0.93,0.92,0.93,0.86
295,0.95,0.95,0.94,0.75,0.93,0.92,0.93,0.86
296,0.95,0.95,0.94,0.75,0.93,0.93,0.93,0.86
297,0.95,0.95,0.94,0.75,0.93,0.93,0.93,0.86
298,0.95,0.95,0.94,0.75,0.93,0.93,0.93,0.86
299,0.95,0.95,0.95,0.79,0.93,0.93,0.93,0.87
300,0.95,0.95,0.95,0.75,0.93,0.93,0.93,0.87
301,0.95,0.95,0.95,0.75,0.93,0.93,0.93,0.87
302,0.95,0.95,0.95,0.75,0.93,0.93,0.93,0.87
303,0.95,0.95,0.95,0.79,0.93,0.93,0.93,0.87
304,0.95,0.95,0.95,0.75,0.93,0.93,0.93,0.87
305,0.95,0.95,0.95,0.75,0.93,0.93,0.93,0.87
306,0.95,0.95,0.95,0.79,0.93,0.93,0.94,0.87
307,0.95,0.96,0.95,0.79,0.93,0.93,0.94,0.87
308,0.95,0.96,0.95,0.79,0.93,0.93,0.94,0.87
309,0.95,0.96,0.95,0.79,0.93,0.93,0.94,0.87
310,0.95,0.95,0.94,0.79,0.93,0.93,0.94,0.87
311,0.95,0.95,0.94,0.75,0.93,0.93,0.94,0.87
312,0.95,0.95,0.94,0.79,0.93,0.93,0.94,0.87
313,0.95,0.95,0.94,0.79,0.93,0.93,0.94,0.87
314,0.95,0.95,0.94,0.79,0.93,0.93,0.94,0.87
315,0.95,0.96,0.94,0.79,0.93,0.93,0.94,0.88
316,0.95,0.96,0.94,0.79,0.93,0.93,0.94,0.88
317,0.95,0.96,0.94,0.79,0.93,0.94,0.94,0.88
318,0.95,0.96,0.95,0.79,0.94,0.94,0.94,0.88
319,0.95,0.96,0.95,0.79,0.94,0.94,0.94,0.88
320,0.95,0.96,0.95,0.79,0.94,0.94,0.94,0.88
321,0.95,0.96,0.95,0.79,0.94,0.94,0.94,0.88
322,0.95,0.96,0.95,0.79,0.94,0.94,0.95,0.88
323,0.95,0.96,0.95,0.83,0.94,0.94,0.95,0.89
324,0.95,0.96,0.95,0.83,0.94,0.94,0.95,0.89
325,0.95,0.96,0.95,0.83,0.94,0.94,0.95,0.89
326,0.95,0.96,0.95,0.83,0.94,0.94,0.95,0.89
327,0.95,0.96,0.95,0.83,0.94,0.94,0.95,0.89
328,0.95,0.96,0.95,0.79,0.94,0.94,0.95,0.89
329,0.95,0.96,0.95,0.83,0.94,0.94,0.95,0.9
330,0.95,0.96,0.95,0.83,0.94,0.94,0.95,0.9
331,0.95,0.96,0.95,0.83,0.94,0.94,0.95,0.9
332,0.95,0.96,0.95,0.83,0.94,0.94,0.95,0.9
333,0.95,0.96,0.95,0.79,0.94,0.94,0.95,0.9
334,0.96,0.96,0.95,0.79,0.94,0.94,0.95,0.9
335,0.96,0.96,0.95,0.79,0.94,0.94,0.95,0.9
336,0.96,0.96,0.95,0.79,0.94,0.94,0.95,0.9
337,0.96,0.96,0.95,0.79,0.95,0.94,0.95,0.9
338,0.96,0.96,0.96,0.79,0.95,0.94,0.95,0.91
339,0.96,0.96,0.96,0.83,0.95,0.95,0.95,0.91
340,0.96,0.96,0.96,0.83,0.95,0.95,0.95,0.91
341,0.96,0.96,0.96,0.83,0.95,0.95,0.95,0.91
342,0.96,0.96,0.96,0.83,0.95,0.95,0.95,0.91
343,0.96,0.96,0.96,0.83,0.95,0.95,0.95,0.92
344,0.96,0.97,0.96,0.83,0.95,0.95,0.95,0.92
345,0.96,0.97,0.96,0.83,0.95,0.95,0.95,0.92
346,0.95,0.97,0.96,0.83,0.95,0.95,0.95,0.92
347,0.96,0.97,0.96,0.83,0.95,0.95,0.96,0.92
348,0.96,0.97,0.96,0.83,0.95,0.95,0.96,0.92
349,0.96,0.97,0.96,0.83,0.95,0.95,0.96,0.92
350,0.96,0.97,0.96,0.83,0.95,0.95,0.96,0.92
351,0.96,0.97,0.96,0.83,0.95,0.95,0.96,0.92
352,0.96,0.97,0.96,0.83,0.95,0.95,0.96,0.92
353,0.96,0.97,0.96,0.83,0.95,0.95,0.96,0.93
354,0.96,0.97,0.96,0.83,0.95,0.95,0.96,0.93
355,0.96,0.97,0.96,0.83,0.95,0.95,0.96,0.93
356,0.96,0.97,0.96,0.83,0.95,0.95,0.96,0.93
357,0.96,0.97,0.96,0.83,0.95,0.95,0.96,0.93
358,0.96,0.97,0.96,0.83,0.95,0.95,0.96,0.93
359,0.96,0.97,0.96,0.83,0.95,0.95,0.96,0.93
360,0.96,0.97,0.96,0.83,0.95,0.96,0.96,0.93
361,0.96,0.97,0.96,0.83,0.95,0.95,0.96,0.93
362,0.96,0.97,0.96,0.83,0.95,0.95,0.96,0.93
363,0.96,0.97,0.96,0.83,0.95,0.95,0.96,0.93
364,0.96,0.96,0.96,0.83,0.95,0.95,0.96,0.93
365,0.96,0.96,0.96,0.83,0.95,0.95,0.96,0.93
366,0.96,0.96,0.96,0.83,0.95,0.95,0.96,0.93
367,0.95,0.97,0.96,0.83,0.95,0.95,0.96,0.93
368,0.95,0.97,0.96,0.83,0.95,0.96,0.96,0.93
369,0.95,0.97,0.96,0.83,0.95,0.96,0.96,0.93
370,0.95,0.97,0.96,0.83,0.95,0.96,0.96,0.93
371,0.96,0.97,0.96,0.83,0.95,0.96,0.96,0.93
372,0.96,0.97,0.96,0.83,0.95,0.96,0.96,0.94
373,0.96,0.97,0.96,0.83,0.95,0.96,0.96,0.94
374,0.95,0.97,0.96,0.83,0.96,0.96,0.96,0.94
375,0.96,0.97,0.96,0.83,0.95,0.96,0.96,0.94
376,0.96,0.97,0.96,0.83,0.95,0.96,0.96,0.94
377,0.96,0.97,0.96,0.88,0.95,0.96,0.96,0.94
378,0.95,0.97,0.96,0.83,0.95,0.96,0.96,0.95
379,0.95,0.97,0.96,0.83,0.95,0.96,0.96,0.94
380,0.96,0.97,0.96,0.83,0.95,0.96,0.96,0.94
381,0.96,0.97,0.96,0.83,0.95,0.96,0.96,0.94
382,0.96,0.97,0.96,0.83,0.95,0.96,0.96,0.94
383,0.96,0.97,0.96,0.83,0.95,0.96,0.96,0.94
384,0.96,0.97,0.96,0.83,0.96,0.96,0.96,0.94
385,0.96,0.97,0.96,0.83,0.96,0.96,0.96,0.94
386,0.96,0.97,0.96,0.88,0.96,0.96,0.96,0.95
387,0.96,0.97,0.96,0.88,0.96,0.96,0.96,0.95
388,0.96,0.97,0.96,0.88,0.96,0.96,0.96,0.95
389,0.96,0.97,0.96,0.88,0.96,0.96,0.96,0.95
390,0.96,0.97,0.96,0.88,0.96,0.96,0.97,0.95
391,0.97,0.97,0.96,0.88,0.96,0.97,0.97,0.95
392,0.97,0.97,0.96,0.88,0.96,0.96,0.97,0.95
393,0.97,0.97,0.96,0.88,0.96,0.97,0.97,0.95
394,0.97,0.97,0.96,0.88,0.96,0.97,0.97,0.95
395,0.97,0.97,0.96,0.88,0.96,0.96,0.97,0.95
396,0.96,0.97,0.96,0.88,0.96,0.97,0.97,0.95
397,0.97,0.97,0.96,0.88,0.96,0.97,0.97,0.95
398,0.97,0.97,0.96,0.88,0.96,0.97,0.97,0.95
399,0.96,0.97,0.96,0.88,0.96,0.97,0.97,0.95
400,0.96,0.97,0.96,0.88,0.96,0.97,0.97,0.95
401,0.96,0.97,0.96,0.88,0.96,0.97,0.97,0.95
402,0.96,0.97,0.96,0.83,0.96,0.96,0.97,0.95
403,0.96,0.97,0.96,0.83,0.96,0.96,0.97,0.95
404,0.96,0.97,0.96,0.83,0.96,0.96,0.97,0.94
405,0.96,0.97,0.96,0.83,0.96,0.96,0.97,0.94
406,0.96,0.97,0.96,0.83,0.96,0.96,0.97,0.94
407,0.96,0.97,0.96,0.83,0.96,0.96,0.97,0.94
408,0.96,0.97,0.96,0.83,0.96,0.96,0.97,0.94
409,0.96,0.97,0.96,0.83,0.96,0.96,0.97,0.94
410,0.96,0.97,0.96,0.83,0.96,0.96,0.97,0.93
411,0.96,0.97,0.96,0.83,0.96,0.97,0.97,0.94
412,0.96,0.97,0.96,0.83,0.96,0.97,0.97,0.94
413,0.96,0.97,0.96,0.88,0.96,0.97,0.97,0.94
414,0.96,0.97,0.96,0.88,0.96,0.97,0.97,0.94
415,0.96,0.97,0.96,0.88,0.96,0.97,0.97,0.94
416,0.96,0.97,0.96,0.88,0.96,0.97,0.97,0.94
417,0.96,0.97,0.96,0.83,0.96,0.97,0.97,0.94
418,0.95,0.97,0.96,0.83,0.96,0.96,0.97,0.94
419,0.95,0.96,0.95,0.83,0.96,0.96,0.97,0.94
420,0.95,0.96,0.95,0.83,0.96,0.96,0.96,0.93
421,0.95,0.96,0.95,0.83,0.96,0.96,0.96,0.93
422,0.95,0.96,0.95,0.83,0.96,0.96,0.96,0.93
423,0.95,0.96,0.95,0.83,0.96,0.96,0.96,0.93
424,0.95,0.96,0.95,0.83,0.95,0.96,0.96,0.93
425,0.95,0.96,0.95,0.83,0.96,0.96,0.96,0.93
426,0.95,0.97,0.96,0.83,0.96,0.96,0.97,0.94
427,0.96,0.97,0.96,0.83,0.96,0.97,0.97,0.94
428,0.96,0.97,0.96,0.83,0.96,0.97,0.97,0.94
429,0.96,0.97,0.96,0.83,0.96,0.97,0.97,0.94
430,0.96,0.97,0.96,0.83,0.96,0.97,0.97,0.95
431,0.96,0.97,0.96,0.88,0.96,0.97,0.97,0.95
432,0.96,0.97,0.96,0.88,0.96,0.97,0.97,0.95
433,0.96,0.97,0.96,0.88,0.96,0.97,0.97,0.95
434,0.96,0.97,0.96,0.83,0.96,0.97,0.97,0.95
435,0.96,0.97,0.96,0.88,0.96,0.97,0.97,0.95
436,0.96,0.97,0.96,0.83,0.96,0.97,0.97,0.95
437,0.96,0.97,0.96,0.88,0.96,0.97,0.97,0.95
438,0.96,0.97,0.96,0.88,0.97,0.97,0.97,0.95
439,0.96,0.97,0.96,0.88,0.97,0.97,0.97,0.95
440,0.96,0.97,0.97,0.88,0.97,0.97,0.97,0.95
441,0.96,0.98,0.97,0.88,0.97,0.97,0.97,0.95
442,0.96,0.98,0.97,0.88,0.97,0.97,0.97,0.96
443,0.96,0.97,0.97,0.88,0.97,0.97,0.97,0.96
444,0.96,0.97,0.96,0.88,0.97,0.97,0.97,0.96
445,0.96,0.97,0.96,0.88,0.97,0.97,0.97,0.96
446,0.96,0.97,0.96,0.88,0.97,0.97,0.97,0.96
447,0.96,0.97,0.96,0.88,0.97,0.97,0.97,0.96
448,0.96,0.97,0.96,0.88,0.97,0.97,0.97,0.96
449,0.96,0.97,0.96,0.88,0.97,0.97,0.97,0.96
450,0.96,0.97,0.96,0.88,0.97,0.97,0.97,0.96
451,0.96,0.97,0.96,0.88,0.97,0.97,0.97,0.96
452,0.96,0.97,0.96,0.88,0.97,0.97,0.97,0.96
453,0.96,0.97,0.96,0.92,0.97,0.98,0.97,0.96
454,0.96,0.98,0.97,0.92,0.97,0.98,0.98,0.96
455,0.96,0.98,0.96,0.92,0.97,0.98,0.98,0.96
456,0.96,0.98,0.97,0.92,0.97,0.98,0.98,0.96
457,0.96,0.98,0.97,0.92,0.97,0.98,0.98,0.96
458,0.96,0.98,0.97,0.92,0.97,0.98,0.98,0.96
459,0.96,0.98,0.97,0.92,0.97,0.98,0.98,0.97
460,0.96,0.98,0.96,0.92,0.97,0.98,0.98,0.97
461,0.96,0.98,0.96,0.92,0.97,0.98,0.98,0.96
462,0.96,0.98,0.96,0.92,0.97,0.98,0.97,0.96
463,0.96,0.98,0.96,0.92,0.97,0.98,0.97,0.96
464,0.96,0.98,0.96,0.92,0.97,0.98,0.98,0.96
465,0.96,0.98,0.96,0.92,0.97,0.98,0.98,0.97
466,0.97,0.98,0.97,0.92,0.97,0.98,0.98,0.97
467,0.97,0.98,0.97,0.92,0.97,0.98,0.98,0.97
468,0.97,0.98,0.97,0.92,0.97,0.98,0.98,0.97
469,0.97,0.98,0.97,0.92,0.97,0.98,0.98,0.97
470,0.97,0.98,0.97,0.96,0.97,0.98,0.98,0.98
471,0.97,0.98,0.97,0.96,0.97,0.98,0.98,0.98
472,0.97,0.98,0.97,0.96,0.97,0.98,0.98,0.98
473,0.97,0.98,0.97,0.96,0.97,0.98,0.98,0.97
474,0.97,0.98,0.97,0.96,0.97,0.98,0.98,0.97
475,0.97,0.98,0.97,0.92,0.97,0.98,0.98,0.97
476,0.97,0.98,0.97,0.92,0.97,0.98,0.98,0.97
477,0.97,0.98,0.97,0.92,0.97,0.98,0.98,0.97
478,0.97,0.98,0.97,0.92,0.97,0.98,0.98,0.97
479,0.97,0.98,0.97,0.92,0.97,0.98,0.98,0.97
480,0.97,0.98,0.97,0.92,0.97,0.98,0.98,0.97
481,0.97,0.98,0.97,0.92,0.97,0.98,0.98,0.97
482,0.97,0.98,0.97,0.92,0.97,0.98,0.98,0.97
483,0.97,0.98,0.97,0.92,0.97,0.98,0.98,0.97
484,0.97,0.98,0.97,0.92,0.97,0.98,0.98,0.97
485,0.97,0.98,0.97,0.92,0.97,0.98,0.98,0.97
486,0.96,0.98,0.97,0.92,0.97,0.98,0.98,0.97
487,0.96,0.98,0.97,0.92,0.97,0.98,0.98,0.97
488,0.96,0.98,0.97,0.92,0.97,0.98,0.98,0.97
489,0.96,0.98,0.97,0.92,0.97,0.98,0.98,0.97
490,0.96,0.98,0.97,0.92,0.97,0.98,0.98,0.97
491,0.96,0.98,0.97,0.96,0.97,0.98,0.98,0.97
492,0.96,0.98,0.97,0.92,0.97,0.98,0.98,0.97
493,0.96,0.98,0.97,0.96,0.97,0.98,0.98,0.97
494,0.96,0.98,0.97,0.96,0.97,0.98,0.98,0.97
495,0.96,0.98,0.97,0.96,0.97,0.98,0.98,0.97
496,0.97,0.98,0.97,0.96,0.97,0.98,0.98,0.97
497,0.97,0.98,0.97,0.96,0.97,0.98,0.98,0.97
498,0.97,0.98,0.97,0.96,0.97,0.98,0.98,0.97
499,0.97,0.98,0.97,0.96,0.97,0.98,0.98,0.98
500,0.96,0.98,0.97,0.96,0.97,0.98,0.98,0.97
501,0.97,0.98,0.97,0.96,0.97,0.98,0.98,0.97
502,0.97,0.98,0.97,0.96,0.97,0.98,0.98,0.97
503,0.97,0.98,0.97,0.96,0.97,0.98,0.98,0.97
504,0.97,0.98,0.97,0.96,0.97,0.98,0.98,0.98
505,0.97,0.98,0.97,0.96,0.98,0.99,0.98,0.98
506,0.97,0.99,0.97,0.96,0.98,0.99,0.98,0.98
507,0.97,0.99,0.97,0.96,0.98,0.99,0.98,0.98
508,0.97,0.98,0.97,0.96,0.98,0.99,0.98,0.98
509,0.97,0.99,0.97,0.96,0.98,0.99,0.98,0.98
510,0.97,0.99,0.97,0.96,0.98,0.99,0.99,0.99
511,0.97,0.99,0.97,0.96,0.98,0.99,0.99,0.99
512,0.97,0.99,0.97,0.96,0.98,0.99,0.99,0.99
513,0.97,0.99,0.97,0.96,0.98,0.99,0.99,0.99
514,0.97,0.99,0.98,0.96,0.98,0.99,0.99,0.99
515,0.97,0.99,0.98,0.96,0.98,0.99,0.99,0.99
516,0.98,0.99,0.98,0.96,0.98,0.99,0.99,0.99
517,0.98,0.99,0.98,0.96,0.98,0.99,0.99,0.99
518,0.98,0.99,0.98,0.96,0.98,0.99,0.99,0.99
519,0.98,0.99,0.98,0.96,0.98,0.99,0.99,0.99
520,0.98,0.99,0.98,0.96,0.98,0.99,0.99,0.99
521,0.98,0.99,0.98,0.96,0.98,0.99,0.99,0.99
522,0.98,0.99,0.98,0.96,0.98,0.99,0.99,0.99
523,0.98,0.99,0.98,0.96,0.98,0.99,0.99,0.99
524,0.98,0.99,0.98,0.96,0.98,0.99,0.99,0.99
525,0.98,0.99,0.98,0.96,0.98,0.99,0.99,0.99
526,0.98,0.99,0.98,0.96,0.98,0.99,0.99,0.99
527,0.98,0.99,0.98,0.96,0.98,0.99,0.99,0.99
528,0.98,0.99,0.98,0.96,0.98,0.99,0.99,0.99
529,0.98,0.99,0.98,0.96,0.98,0.99,0.99,0.99
530,0.98,0.99,0.97,0.96,0.98,0.99,0.99,0.99
531,0.97,0.99,0.98,0.96,0.98,0.99,0.99,0.99
532,0.97,0.99,0.98,0.96,0.98,0.99,0.99,0.99
533,0.98,0.99,0.98,0.96,0.98,0.99,0.99,0.99
534,0.98,0.99,0.98,0.96,0.98,0.99,0.99,0.99
535,0.98,0.99,0.98,0.96,0.98,0.99,0.99,0.99
536,0.98,0.99,0.98,1.0,0.98,0.99,0.99,0.99
537,0.99,0.99,0.98,0.96,0.99,1.0,0.99,0.99
538,0.99,1.0,0.98,0.96,0.99,1.0,0.99,0.99
539,0.99,1.0,0.99,1.0,0.99,1.0,1.0,0.99
540,0.99,1.0,0.99,1.0,0.99,1.0,1.0,0.99
541,0.99,1.0,0.99,1.0,0.99,1.0,1.0,0.99
542,0.98,1.0,0.99,1.0,0.99,1.0,1.0,0.99
543,0.98,1.0,0.98,1.0,0.99,0.99,1.0,0.99
544,0.98,1.0,0.98,1.0,0.99,1.0,1.0,0.99
545,0.98,1.0,0.98,1.0,0.99,1.0,1.0,0.99
546,0.98,1.0,0.98,1.0,0.99,1.0,1.0,0.99
547,0.98,1.0,0.98,1.0,0.99,1.0,1.0,1.0
548,0.98,1.0,0.98,1.0,0.99,1.0,1.0,1.0
549,0.98,1.0,0.98,1.0,0.99,1.0,1.0,1.0
550,0.98,1.0,0.98,1.0,0.99,1.0,1.0,1.0
551,0.98,1.0,0.98,1.0,0.99,1.0,1.0,1.0
552,0.98,1.0,0.98,1.0,0.99,1.0,0.99,0.99
553,0.98,1.0,0.98,1.0,0.99,1.0,0.99,0.99
554,0.98,1.0,0.98,1.0,0.99,1.0,0.99,0.99
555,0.98,1.0,0.98,1.0,0.99,1.0,0.99,0.99
556,0.98,1.0,0.98,0.96,0.98,1.0,0.99,0.99
557,0.98,1.0,0.98,0.96,0.99,1.0,0.99,0.99
558,0.98,1.0,0.98,0.96,0.99,1.0,0.99,0.99
559,0.98,1.0,0.98,0.96,0.99,1.0,0.99,0.99
560,0.98,1.0,0.98,0.96,0.99,1.0,0.99,0.99
561,0.98,0.99,0.98,0.96,0.98,0.99,0.99,0.99
562,0.98,0.99,0.98,0.96,0.98,0.99,0.99,0.99
563,0.98,0.99,0.98,0.96,0.98,0.99,0.99,0.98
564,0.98,0.99,0.98,0.96,0.98,0.99,0.99,0.99
565,0.98,0.99,0.98,0.96,0.98,1.0,0.99,0.98
566,0.98,1.0,0.98,0.96,0.98,1.0,0.99,0.99
567,0.98,1.0,0.98,0.96,0.99,1.0,1.0,0.99
568,0.98,1.0,0.98,1.0,0.99,1.0,1.0,0.99
569,0.98,1.0,0.98,0.96,0.99,1.0,0.99,0.99
570,0.98,1.0,0.98,0.96,0.99,1.0,0.99,0.99
571,0.98,1.0,0.98,0.96,0.98,1.0,0.99,0.99
572,0.98,1.0,0.98,0.96,0.99,1.0,0.99,0.99
573,0.98,1.0,0.98,0.96,0.99,1.0,1.0,0.99
574,0.98,1.0,0.98,0.96,0.99,1.0,1.0,0.99
575,0.98,1.0,0.98,0.96,0.99,1.0,1.0,0.99
576,0.98,1.0,0.98,0.96,0.99,1.0,1.0,0.99
577,0.98,1.0,0.98,0.96,0.99,1.0,1.0,0.99
578,0.98,1.0,0.98,0.96,0.99,1.0,1.0,0.99
579,0.98,1.0,0.98,0.96,0.99,1.0,0.99,0.99
580,0.98,1.0,0.98,0.96,0.98,1.0,0.99,0.98
581,0.97,1.0,0.98,0.96,0.98,1.0,0.99,0.98
582,0.97,0.99,0.98,0.96,0.98,0.99,0.99,0.98
583,0.97,0.99,0.98,0.96,0.98,0.99,0.99,0.98
584,0.97,0.99,0.97,0.96,0.98,0.99,0.99,0.97
585,0.97,0.99,0.97,0.96,0.98,0.99,0.99,0.97
586,0.97,0.99,0.97,0.96,0.98,0.99,0.99,0.97
587,0.97,0.99,0.97,0.96,0.98,0.99,0.99,0.97
588,0.97,0.99,0.97,0.96,0.98,0.99,0.99,0.97
589,0.97,0.99,0.97,0.92,0.98,0.99,0.99,0.96
590,0.97,0.99,0.97,0.92,0.98,0.99,0.99,0.96
591,0.97,0.99,0.97,0.92,0.98,0.99,0.99,0.96
592,0.97,0.99,0.97,0.92,0.98,0.99,0.99,0.96
593,0.97,0.99,0.97,0.92,0.98,0.99,0.99,0.96
594,0.97,0.99,0.97,0.92,0.98,0.99,0.99,0.96
595,0.97,0.99,0.98,0.92,0.98,0.99,0.99,0.96
596,0.97,0.99,0.98,0.92,0.98,0.99,0.99,0.96
597,0.97,0.99,0.97,0.92,0.98,0.99,0.99,0.96
598,0.97,0.99,0.98,0.92,0.98,0.99,0.99,0.96
599,0.97,0.99,0.98,0.92,0.98,0.99,0.99,0.96
