0,0.86,0.77,0.96,0.75,0.95,0.85,0.97,0.78
1,0.85,0.77,0.96,0.75,0.94,0.86,0.97,0.79
2,0.86,0.77,0.96,0.75,0.95,0.86,0.97,0.79
3,0.86,0.78,0.96,0.75,0.95,0.86,0.97,0.79
4,0.87,0.8,0.97,0.75,0.95,0.87,0.98,0.79
5,0.86,0.79,0.96,0.75,0.96,0.87,0.98,0.79
6,0.86,0.78,0.97,0.75,0.95,0.87,0.98,0.79
7,0.87,0.79,0.97,0.75,0.96,0.87,0.98,0.79
8,0.87,0.79,0.97,0.76,0.95,0.87,0.97,0.8
9,0.87,0.79,0.97,0.76,0.95,0.87,0.98,0.8
10,0.88,0.8,0.97,0.75,0.96,0.87,0.98,0.8
11,0.88,0.8,0.97,0.76,0.95,0.88,0.98,0.8
12,0.88,0.81,0.97,0.76,0.96,0.87,0.98,0.8
13,0.88,0.81,0.97,0.76,0.95,0.88,0.98,0.8
14,0.86,0.78,0.96,0.75,0.95,0.87,0.97,0.8
15,0.86,0.78,0.96,0.75,0.95,0.86,0.97,0.8
16,0.86,0.78,0.96,0.75,0.95,0.87,0.97,0.8
17,0.86,0.78,0.96,0.75,0.95,0.87,0.97,0.8
18,0.86,0.79,0.96,0.76,0.95,0.87,0.97,0.8
19,0.86,0.79,0.96,0.76,0.95,0.87,0.97,0.8
20,0.86,0.78,0.96,0.75,0.95,0.86,0.97,0.8
21,0.85,0.78,0.96,0.75,0.94,0.86,0.97,0.8
22,0.84,0.77,0.96,0.76,0.94,0.86,0.97,0.8
23,0.84,0.77,0.96,0.75,0.93,0.86,0.97,0.8
24,0.83,0.79,0.95,0.75,0.93,0.87,0.97,0.8
25,0.84,0.79,0.96,0.75,0.94,0.87,0.97,0.81
26,0.83,0.78,0.95,0.76,0.93,0.87,0.97,0.81
27,0.82,0.77,0.95,0.75,0.93,0.86,0.97,0.81
28,0.81,0.77,0.95,0.76,0.92,0.86,0.97,0.81
29,0.81,0.77,0.95,0.75,0.93,0.86,0.97,0.81
30,0.82,0.78,0.95,0.76,0.93,0.87,0.97,0.81
31,0.82,0.78,0.95,0.75,0.93,0.87,0.97,0.81
32,0.82,0.77,0.95,0.75,0.92,0.87,0.96,0.81
33,0.81,0.76,0.95,0.75,0.93,0.85,0.96,0.81
34,0.82,0.77,0.95,0.75,0.92,0.86,0.96,0.81
35,0.83,0.78,0.95,0.75,0.93,0.87,0.96,0.81
36,0.84,0.8,0.95,0.76,0.93,0.88,0.97,0.82
37,0.85,0.8,0.95,0.76,0.94,0.87,0.97,0.82
38,0.85,0.81,0.95,0.77,0.93,0.88,0.97,0.82
39,0.84,0.79,0.95,0.76,0.93,0.87,0.96,0.82
40,0.84,0.79,0.95,0.76,0.92,0.86,0.96,0.82
41,0.84,0.78,0.95,0.77,0.93,0.87,0.96,0.82
42,0.84,0.78,0.95,0.77,0.93,0.87,0.97,0.82
43,0.84,0.78,0.95,0.77,0.93,0.87,0.97,0.82
44,0.84,0.79,0.95,0.77,0.93,0.87,0.97,0.82
45,0.84,0.78,0.96,0.77,0.94,0.87,0.97,0.83
46,0.85,0.78,0.96,0.77,0.93,0.87,0.97,0.83
47,0.86,0.78,0.96,0.77,0.94,0.87,0.97,0.83
48,0.86,0.79,0.96,0.78,0.94,0.87,0.97,0.83
49,0.86,0.8,0.96,0.77,0.94,0.87,0.97,0.83
50,0.87,0.79,0.96,0.78,0.94,0.87,0.97,0.83
51,0.88,0.78,0.97,0.78,0.95,0.87,0.97,0.83
52,0.91,0.78,0.98,0.79,0.96,0.87,0.97,0.83
53,0.94,0.8,0.99,0.8,0.98,0.87,0.97,0.83
54,0.97,0.78,0.99,0.81,0.99,0.87,0.97,0.83
55,0.93,0.78,0.97,0.81,0.97,0.86,0.94,0.83
56,0.78,0.74,0.88,0.82,0.85,0.82,0.81,0.82
57,0.55,0.64,0.68,0.8,0.61,0.73,0.6,0.8
58,0.39,0.51,0.44,0.79,0.38,0.59,0.37,0.77
59,0.28,0.4,0.26,0.76,0.24,0.44,0.22,0.74
60,0.22,0.31,0.15,0.73,0.16,0.32,0.13,0.71
61,0.18,0.24,0.09,0.7,0.12,0.23,0.08,0.68
62,0.15,0.19,0.05,0.67,0.1,0.17,0.05,0.65
63,0.12,0.14,0.04,0.63,0.08,0.12,0.04,0.63
64,0.1,0.1,0.02,0.6,0.07,0.08,0.03,0.6
65,0.08,0.08,0.02,0.57,0.06,0.06,0.03,0.58
66,0.07,0.05,0.02,0.54,0.06,0.05,0.03,0.55
67,0.06,0.03,0.01,0.51,0.05,0.04,0.03,0.54
68,0.06,0.02,0.01,0.49,0.05,0.02,0.03,0.52
69,0.05,0.01,0.01,0.46,0.04,0.02,0.03,0.5
70,0.05,0.01,0.01,0.44,0.04,0.02,0.03,0.48
71,0.05,0.02,0.02,0.42,0.04,0.02,0.03,0.47
72,0.05,0.02,0.02,0.39,0.04,0.02,0.03,0.45
73,0.04,0.01,0.02,0.38,0.04,0.02,0.02,0.43
74,0.03,0.01,0.01,0.36,0.04,0.01,0.02,0.42
75,0.03,0.0,0.01,0.35,0.03,0.01,0.02,0.41
76,0.03,0.0,0.01,0.32,0.03,0.02,0.02,0.4
77,0.03,0.0,0.01,0.31,0.03,0.01,0.02,0.38
78,0.04,0.01,0.02,0.3,0.03,0.02,0.02,0.37
79,0.04,0.02,0.02,0.29,0.03,0.02,0.02,0.36
80,0.04,0.02,0.02,0.28,0.03,0.02,0.02,0.35
81,0.04,0.02,0.02,0.26,0.03,0.03,0.02,0.34
82,0.03,0.01,0.01,0.25,0.03,0.02,0.02,0.33
83,0.02,0.01,0.01,0.24,0.02,0.02,0.02,0.32
84,0.02,0.01,0.01,0.23,0.02,0.02,0.02,0.31
85,0.03,0.02,0.01,0.21,0.02,0.03,0.02,0.3
86,0.04,0.03,0.01,0.21,0.03,0.03,0.02,0.29
87,0.04,0.03,0.01,0.2,0.03,0.03,0.02,0.28
88,0.04,0.03,0.01,0.19,0.03,0.03,0.02,0.27
89,0.04,0.03,0.02,0.19,0.03,0.03,0.02,0.27
90,0.05,0.03,0.02,0.18,0.03,0.03,0.02,0.26
91,0.06,0.03,0.02,0.17,0.04,0.03,0.02,0.25
92,0.06,0.04,0.02,0.17,0.04,0.03,0.02,0.24
93,0.07,0.04,0.02,0.16,0.04,0.03,0.02,0.23
94,0.07,0.05,0.02,0.15,0.04,0.03,0.02,0.23
95,0.06,0.05,0.02,0.15,0.04,0.03,0.02,0.22
96,0.06,0.04,0.02,0.14,0.04,0.03,0.02,0.21
97,0.06,0.04,0.02,0.14,0.04,0.03,0.02,0.21
98,0.05,0.04,0.02,0.14,0.04,0.03,0.02,0.2
99,0.05,0.06,0.02,0.13,0.04,0.03,0.02,0.19
100,0.05,0.05,0.01,0.12,0.03,0.03,0.02,0.19
101,0.03,0.04,0.01,0.11,0.03,0.03,0.02,0.18
102,0.03,0.03,0.01,0.11,0.03,0.03,0.02,0.17
103,0.03,0.03,0.01,0.11,0.03,0.03,0.01,0.17
104,0.03,0.04,0.01,0.1,0.03,0.03,0.01,0.16
105,0.03,0.03,0.01,0.09,0.03,0.03,0.01,0.16
106,0.02,0.03,0.01,0.09,0.02,0.02,0.01,0.15
107,0.02,0.03,0.01,0.09,0.02,0.02,0.01,0.15
108,0.03,0.04,0.01,0.08,0.02,0.03,0.01,0.14
109,0.03,0.05,0.01,0.08,0.03,0.03,0.01,0.14
110,0.03,0.05,0.01,0.08,0.02,0.03,0.01,0.13
111,0.02,0.03,0.01,0.07,0.02,0.03,0.01,0.13
112,0.02,0.04,0.01,0.07,0.02,0.02,0.01,0.12
113,0.03,0.04,0.01,0.07,0.02,0.03,0.01,0.12
114,0.03,0.05,0.01,0.07,0.02,0.03,0.01,0.12
115,0.03,0.05,0.01,0.07,0.02,0.03,0.01,0.11
116,0.04,0.06,0.01,0.06,0.03,0.03,0.01,0.11
117,0.04,0.07,0.01,0.06,0.03,0.04,0.01,0.1
118,0.05,0.07,0.01,0.06,0.03,0.04,0.01,0.1
119,0.06,0.08,0.01,0.06,0.03,0.05,0.01,0.1
120,0.05,0.07,0.01,0.06,0.03,0.04,0.01,0.09
121,0.05,0.07,0.01,0.06,0.03,0.04,0.01,0.09
122,0.05,0.06,0.01,0.06,0.02,0.03,0.01,0.08
123,0.05,0.06,0.01,0.05,0.03,0.03,0.01,0.08
124,0.05,0.06,0.01,0.05,0.02,0.03,0.01,0.08
125,0.05,0.07,0.01,0.06,0.03,0.04,0.01,0.07
126,0.05,0.08,0.01,0.06,0.03,0.05,0.01,0.07
127,0.05,0.08,0.01,0.06,0.03,0.05,0.01,0.07
128,0.05,0.07,0.01,0.05,0.03,0.04,0.01,0.07
129,0.05,0.06,0.01,0.05,0.02,0.03,0.01,0.06
130,0.03,0.05,0.01,0.05,0.02,0.03,0.01,0.06
131,0.03,0.04,0.01,0.05,0.02,0.03,0.01,0.06
132,0.02,0.03,0.01,0.04,0.01,0.01,0.0,0.05
133,0.02,0.02,0.0,0.03,0.01,0.02,0.0,0.05
134,0.01,0.02,0.0,0.03,0.01,0.01,0.0,0.05
135,0.02,0.02,0.0,0.03,0.01,0.01,0.0,0.04
136,0.03,0.04,0.01,0.03,0.01,0.02,0.0,0.04
137,0.03,0.05,0.01,0.03,0.01,0.03,0.01,0.04
138,0.02,0.04,0.0,0.02,0.01,0.02,0.0,0.04
139,0.02,0.03,0.0,0.02,0.01,0.02,0.0,0.03
140,0.01,0.03,0.0,0.02,0.0,0.01,0.0,0.03
141,0.01,0.03,0.0,0.01,0.01,0.02,0.0,0.03
142,0.0,0.02,0.0,0.01,0.0,0.01,0.0,0.02
143,0.01,0.0,0.0,0.01,0.0,0.01,0.0,0.02
144,0.01,0.01,0.0,0.01,0.0,0.01,0.0,0.02
145,0.01,0.01,0.0,0.0,0.0,0.01,0.0,0.02
146,0.01,0.01,0.0,0.0,0.0,0.01,0.0,0.02
147,0.0,0.01,0.0,0.01,0.0,0.01,0.0,0.01
148,0.01,0.02,0.0,0.01,0.0,0.01,0.0,0.01
149,0.01,0.02,0.0,0.01,0.0,0.01,0.0,0.01
150,0.01,0.01,0.0,0.0,0.0,0.01,0.0,0.01
151,0.0,0.0,0.0,0.0,0.0,0.0,0.0,0.01
152,0.01,0.01,0.0,0.0,0.0,0.0,0.0,0.01
153,0.01,0.01,0.0,0.0,0.0,0.0,0.0,0.0
154,0.01,0.01,0.0,0.0,0.0,0.0,0.0,0.0
155,0.03,0.02,0.01,0.0,0.02,0.01,0.01,0.0
156,0.05,0.03,0.03,0.0,0.04,0.02,0.03,0.0
157,0.09,0.04,0.05,0.0,0.08,0.03,0.06,0.0
158,0.12,0.07,0.08,0.0,0.11,0.04,0.09,0.01
159,0.16,0.08,0.11,0.0,0.15,0.06,0.12,0.01
160,0.2,0.1,0.15,0.01,0.19,0.09,0.15,0.01
161,0.24,0.14,0.19,0.01,0.24,0.12,0.19,0.02
162,0.29,0.17,0.22,0.02,0.28,0.15,0.22,0.02
163,0.32,0.2,0.26,0.03,0.32,0.19,0.25,0.03
164,0.35,0.23,0.29,0.04,0.35,0.22,0.28,0.04
165,0.4,0.28,0.33,0.05,0.39,0.26,0.31,0.04
166,0.44,0.31,0.36,0.06,0.43,0.3,0.34,0.05
167,0.47,0.35,0.39,0.08,0.46,0.33,0.37,0.06
168,0.5,0.38,0.42,0.09,0.49,0.36,0.4,0.07
169,0.52,0.4,0.45,0.1,0.52,0.39,0.43,0.08
170,0.54,0.42,0.48,0.12,0.54,0.41,0.45,0.09
171,0.56,0.44,0.5,0.13,0.56,0.44,0.47,0.09
172,0.58,0.45,0.52,0.15,0.59,0.47,0.49,0.1
173,0.6,0.46,0.55,0.16,0.61,0.49,0.52,0.11
174,0.62,0.48,0.56,0.17,0.63,0.5,0.53,0.12
175,0.63,0.49,0.59,0.18,0.64,0.53,0.55,0.13
176,0.65,0.51,0.6,0.19,0.66,0.54,0.57,0.14
177,0.67,0.52,0.62,0.21,0.68,0.57,0.59,0.14
178,0.69,0.55,0.64,0.23,0.69,0.58,0.61,0.15
179,0.69,0.57,0.66,0.24,0.71,0.6,0.62,0.16
180,0.71,0.57,0.67,0.25,0.72,0.62,0.63,0.17
181,0.71,0.59,0.68,0.27,0.74,0.63,0.65,0.18
182,0.72,0.6,0.7,0.28,0.75,0.65,0.66,0.19
183,0.73,0.61,0.71,0.29,0.76,0.66,0.68,0.19
184,0.74,0.62,0.72,0.3,0.77,0.68,0.69,0.2
185,0.75,0.64,0.74,0.31,0.78,0.69,0.7,0.21
186,0.75,0.64,0.74,0.32,0.79,0.69,0.71,0.22
187,0.75,0.64,0.75,0.33,0.79,0.7,0.72,0.22
188,0.74,0.62,0.75,0.33,0.79,0.7,0.72,0.23
189,0.74,0.62,0.76,0.34,0.79,0.7,0.73,0.24
190,0.74,0.63,0.76,0.35,0.79,0.7,0.74,0.24
191,0.74,0.64,0.77,0.36,0.79,0.71,0.74,0.25
192,0.73,0.64,0.77,0.36,0.8,0.71,0.75,0.25
193,0.73,0.63,0.78,0.37,0.8,0.72,0.75,0.26
194,0.73,0.64,0.78,0.37,0.8,0.72,0.76,0.26
195,0.74,0.65,0.79,0.38,0.81,0.73,0.77,0.27
196,0.75,0.67,0.8,0.39,0.82,0.74,0.77,0.28
197,0.75,0.67,0.8,0.4,0.82,0.74,0.78,0.28
198,0.76,0.67,0.8,0.4,0.82,0.74,0.78,0.29
199,0.76,0.67,0.81,0.41,0.82,0.75,0.79,0.29
200,0.76,0.66,0.81,0.42,0.82,0.75,0.79,0.3
201,0.75,0.65,0.81,0.43,0.82,0.75,0.79,0.3
202,0.74,0.64,0.81,0.43,0.81,0.74,0.79,0.31
203,0.75,0.64,0.81,0.44,0.82,0.75,0.8,0.31
204,0.75,0.65,0.81,0.45,0.82,0.75,0.8,0.32
205,0.75,0.65,0.82,0.46,0.82,0.74,0.8,0.32
206,0.75,0.64,0.82,0.46,0.82,0.75,0.81,0.33
207,0.75,0.64,0.82,0.46,0.82,0.74,0.81,0.33
208,0.75,0.65,0.83,0.47,0.83,0.75,0.82,0.34
209,0.78,0.67,0.83,0.49,0.84,0.77,0.82,0.34
210,0.78,0.69,0.84,0.49,0.84,0.77,0.83,0.35
211,0.78,0.69,0.84,0.49,0.85,0.77,0.83,0.35
212,0.78,0.69,0.84,0.49,0.85,0.77,0.83,0.36
213,0.79,0.69,0.84,0.5,0.84,0.78,0.83,0.36
214,0.79,0.69,0.85,0.5,0.85,0.78,0.84,0.37
215,0.79,0.7,0.85,0.51,0.86,0.78,0.84,0.37
216,0.8,0.71,0.85,0.51,0.86,0.79,0.84,0.38
217,0.79,0.7,0.85,0.52,0.86,0.79,0.84,0.38
218,0.78,0.69,0.85,0.53,0.85,0.78,0.84,0.39
219,0.78,0.67,0.85,0.53,0.84,0.77,0.84,0.39
220,0.77,0.67,0.85,0.53,0.84,0.77,0.84,0.39
221,0.76,0.67,0.85,0.53,0.84,0.77,0.85,0.4
222,0.77,0.7,0.86,0.54,0.86,0.78,0.85,0.4
223,0.78,0.71,0.86,0.54,0.86,0.8,0.85,0.41
224,0.78,0.71,0.86,0.54,0.86,0.79,0.85,0.41
225,0.77,0.7,0.86,0.55,0.86,0.79,0.85,0.41
226,0.78,0.72,0.86,0.55,0.86,0.8,0.86,0.42
227,0.79,0.75,0.87,0.56,0.87,0.81,0.86,0.42
228,0.8,0.75,0.87,0.57,0.88,0.82,0.87,0.43
229,0.79,0.75,0.87,0.57,0.87,0.82,0.87,0.43
230,0.79,0.75,0.87,0.57,0.88,0.81,0.87,0.44
231,0.79,0.75,0.87,0.57,0.87,0.82,0.87,0.44
232,0.78,0.75,0.87,0.57,0.86,0.82,0.87,0.44
233,0.78,0.74,0.87,0.58,0.87,0.82,0.87,0.44
234,0.78,0.75,0.87,0.58,0.87,0.82,0.87,0.45
235,0.79,0.76,0.87,0.58,0.88,0.82,0.87,0.45
236,0.8,0.76,0.88,0.58,0.88,0.83,0.87,0.46
237,0.8,0.76,0.88,0.59,0.88,0.83,0.87,0.46
238,0.8,0.75,0.88,0.59,0.87,0.82,0.87,0.46
239,0.79,0.75,0.88,0.6,0.88,0.82,0.87,0.47
240,0.8,0.76,0.88,0.6,0.88,0.82,0.88,0.47
241,0.8,0.76,0.88,0.6,0.88,0.83,0.88,0.47
242,0.79,0.75,0.88,0.6,0.87,0.82,0.88,0.48
243,0.79,0.74,0.88,0.6,0.87,0.81,0.87,0.48
244,0.78,0.73,0.87,0.6,0.86,0.81,0.87,0.48
245,0.77,0.71,0.87,0.6,0.86,0.8,0.87,0.48
246,0.76,0.7,0.87,0.6,0.85,0.8,0.87,0.49
247,0.77,0.71,0.87,0.6,0.86,0.8,0.87,0.49
248,0.77,0.71,0.87,0.61,0.86,0.79,0.87,0.49
249,0.78,0.72,0.87,0.6,0.86,0.8,0.87,0.5
250,0.78,0.72,0.87,0.61,0.86,0.8,0.87,0.5
251,0.79,0.73,0.88,0.61,0.86,0.81,0.88,0.5
252,0.79,0.74,0.88,0.62,0.86,0.81,0.88,0.5
253,0.79,0.74,0.88,0.61,0.86,0.82,0.88,0.51
254,0.8,0.75,0.88,0.62,0.88,0.82,0.88,0.51
255,0.8,0.75,0.88,0.62,0.87,0.82,0.88,0.52
256,0.81,0.75,0.88,0.63,0.88,0.82,0.88,0.52
257,0.8,0.73,0.88,0.63,0.87,0.82,0.88,0.52
258,0.8,0.73,0.88,0.64,0.87,0.81,0.88,0.53
259,0.79,0.73,0.88,0.64,0.87,0.81,0.88,0.53
260,0.78,0.71,0.88,0.64,0.86,0.81,0.88,0.53
261,0.78,0.71,0.88,0.64,0.86,0.8,0.88,0.53
262,0.78,0.71,0.88,0.64,0.86,0.8,0.88,0.54
263,0.77,0.7,0.88,0.64,0.86,0.79,0.88,0.54
264,0.76,0.69,0.87,0.64,0.86,0.79,0.88,0.54
265,0.76,0.69,0.87,0.64,0.86,0.79,0.88,0.54
266,0.76,0.7,0.87,0.64,0.86,0.8,0.88,0.54
267,0.77,0.71,0.88,0.64,0.86,0.79,0.88,0.55
268,0.76,0.7,0.88,0.65,0.86,0.8,0.88,0.55
269,0.76,0.71,0.88,0.65,0.86,0.8,0.88,0.55
270,0.77,0.71,0.88,0.65,0.86,0.8,0.89,0.56
271,0.77,0.71,0.88,0.65,0.86,0.79,0.89,0.56
272,0.76,0.7,0.88,0.65,0.86,0.8,0.88,0.56
273,0.76,0.7,0.88,0.65,0.86,0.79,0.88,0.56
274,0.76,0.7,0.88,0.65,0.86,0.8,0.89,0.57
275,0.76,0.7,0.88,0.65,0.86,0.8,0.89,0.57
276,0.77,0.71,0.88,0.66,0.86,0.79,0.89,0.57
277,0.77,0.7,0.88,0.65,0.86,0.8,0.89,0.57
278,0.76,0.7,0.88,0.65,0.86,0.8,0.89,0.58
279,0.76,0.69,0.88,0.66,0.86,0.78,0.89,0.58
280,0.75,0.69,0.88,0.66,0.85,0.78,0.88,0.58
281,0.75,0.69,0.88,0.66,0.86,0.79,0.89,0.58
282,0.75,0.69,0.88,0.67,0.86,0.79,0.89,0.58
283,0.75,0.69,0.88,0.67,0.86,0.8,0.89,0.59
284,0.75,0.69,0.88,0.67,0.86,0.79,0.89,0.59
285,0.75,0.7,0.88,0.67,0.86,0.79,0.89,0.59
286,0.75,0.7,0.88,0.68,0.86,0.79,0.89,0.6
287,0.75,0.71,0.88,0.68,0.86,0.79,0.89,0.6
288,0.75,0.71,0.88,0.68,0.86,0.8,0.89,0.6
289,0.75,0.71,0.88,0.68,0.86,0.81,0.89,0.6
290,0.75,0.71,0.88,0.68,0.86,0.81,0.89,0.61
291,0.76,0.71,0.89,0.68,0.86,0.81,0.89,0.61
292,0.76,0.71,0.89,0.68,0.86,0.81,0.9,0.61
293,0.76,0.71,0.89,0.69,0.86,0.81,0.9,0.61
294,0.75,0.71,0.89,0.68,0.86,0.8,0.89,0.61
295,0.75,0.71,0.89,0.69,0.86,0.8,0.9,0.62
296,0.75,0.71,0.89,0.69,0.86,0.8,0.9,0.62
297,0.75,0.71,0.89,0.69,0.86,0.81,0.9,0.62
298,0.75,0.71,0.89,0.69,0.86,0.8,0.89,0.62
299,0.74,0.7,0.88,0.69,0.86,0.8,0.89,0.62
300,0.74,0.69,0.88,0.69,0.85,0.79,0.89,0.63
301,0.72,0.68,0.88,0.69,0.85,0.8,0.89,0.63
302,0.72,0.69,0.88,0.69,0.85,0.8,0.89,0.63
303,0.73,0.69,0.88,0.69,0.85,0.8,0.89,0.63
304,0.73,0.69,0.88,0.69,0.85,0.8,0.89,0.64
305,0.73,0.7,0.88,0.69,0.85,0.8,0.89,0.64
306,0.73,0.7,0.88,0.69,0.85,0.8,0.89,0.64
307,0.74,0.7,0.88,0.69,0.85,0.8,0.89,0.64
308,0.73,0.71,0.88,0.69,0.85,0.81,0.9,0.64
309,0.74,0.7,0.88,0.7,0.85,0.8,0.9,0.65
310,0.74,0.71,0.89,0.7,0.86,0.81,0.9,0.65
311,0.75,0.72,0.89,0.7,0.86,0.81,0.9,0.65
312,0.76,0.72,0.89,0.7,0.86,0.82,0.9,0.65
313,0.78,0.73,0.9,0.71,0.87,0.82,0.9,0.65
314,0.78,0.73,0.9,0.71,0.88,0.83,0.9,0.66
315,0.79,0.72,0.9,0.71,0.88,0.82,0.9,0.66
316,0.78,0.72,0.9,0.72,0.88,0.82,0.91,0.66
317,0.78,0.72,0.9,0.72,0.88,0.82,0.91,0.66
318,0.79,0.72,0.9,0.71,0.88,0.82,0.91,0.67
319,0.79,0.71,0.9,0.72,0.88,0.82,0.91,0.67
320,0.79,0.71,0.9,0.73,0.88,0.82,0.91,0.67
321,0.8,0.71,0.9,0.72,0.89,0.82,0.91,0.67
322,0.81,0.72,0.91,0.73,0.89,0.82,0.91,0.68
323,0.81,0.73,0.91,0.74,0.9,0.83,0.91,0.68
324,0.81,0.72,0.91,0.74,0.9,0.83,0.91,0.68
325,0.8,0.71,0.91,0.74,0.89,0.82,0.91,0.68
326,0.79,0.71,0.91,0.74,0.89,0.82,0.91,0.68
327,0.79,0.71,0.91,0.73,0.9,0.81,0.91,0.69
328,0.79,0.71,0.91,0.74,0.89,0.82,0.91,0.69
329,0.8,0.72,0.91,0.74,0.9,0.83,0.92,0.69
330,0.8,0.72,0.91,0.74,0.9,0.83,0.92,0.69
331,0.8,0.72,0.91,0.74,0.9,0.82,0.92,0.7
332,0.8,0.72,0.91,0.74,0.9,0.83,0.92,0.7
333,0.79,0.71,0.91,0.74,0.89,0.82,0.92,0.7
334,0.78,0.72,0.91,0.75,0.89,0.82,0.92,0.7
335,0.78,0.72,0.91,0.74,0.88,0.82,0.92,0.7
336,0.78,0.71,0.91,0.75,0.88,0.82,0.92,0.71
337,0.78,0.71,0.9,0.75,0.89,0.82,0.92,0.71
338,0.77,0.71,0.9,0.75,0.89,0.82,0.92,0.71
339,0.78,0.72,0.91,0.76,0.88,0.82,0.92,0.71
340,0.78,0.72,0.91,0.76,0.88,0.83,0.92,0.71
341,0.78,0.72,0.91,0.76,0.89,0.83,0.92,0.71
342,0.78,0.72,0.91,0.76,0.89,0.83,0.92,0.72
343,0.78,0.72,0.91,0.76,0.89,0.83,0.92,0.72
344,0.79,0.73,0.91,0.76,0.89,0.84,0.92,0.72
345,0.79,0.73,0.91,0.77,0.9,0.84,0.92,0.72
346,0.79,0.74,0.91,0.77,0.9,0.84,0.92,0.72
347,0.78,0.73,0.91,0.77,0.89,0.83,0.92,0.72
348,0.79,0.72,0.91,0.77,0.89,0.84,0.92,0.73
349,0.8,0.73,0.91,0.77,0.9,0.84,0.92,0.73
350,0.8,0.73,0.91,0.77,0.9,0.84,0.92,0.73
351,0.8,0.72,0.91,0.77,0.89,0.84,0.92,0.73
352,0.8,0.71,0.91,0.77,0.89,0.82,0.92,0.73
353,0.8,0.71,0.91,0.77,0.88,0.82,0.92,0.73
354,0.79,0.7,0.91,0.77,0.88,0.82,0.92,0.74
355,0.8,0.7,0.91,0.77,0.89,0.82,0.92,0.74
356,0.79,0.69,0.91,0.77,0.88,0.81,0.92,0.74
357,0.78,0.69,0.91,0.77,0.88,0.81,0.92,0.74
358,0.78,0.68,0.9,0.77,0.88,0.81,0.91,0.74
359,0.78,0.69,0.91,0.77,0.88,0.81,0.92,0.74
360,0.78,0.7,0.91,0.76,0.88,0.82,0.92,0.74
361,0.79,0.71,0.91,0.77,0.88,0.82,0.92,0.74
362,0.78,0.7,0.91,0.77,0.88,0.82,0.92,0.75
363,0.78,0.71,0.91,0.77,0.88,0.82,0.92,0.75
364,0.78,0.7,0.91,0.77,0.88,0.83,0.92,0.75
365,0.78,0.71,0.91,0.77,0.89,0.82,0.92,0.75
366,0.79,0.71,0.91,0.77,0.89,0.83,0.92,0.75
367,0.8,0.71,0.91,0.77,0.89,0.83,0.92,0.76
368,0.79,0.7,0.91,0.78,0.89,0.82,0.92,0.76
369,0.79,0.7,0.91,0.78,0.89,0.82,0.92,0.76
370,0.8,0.7,0.91,0.77,0.9,0.82,0.93,0.76
371,0.8,0.7,0.92,0.78,0.9,0.82,0.93,0.76
372,0.79,0.71,0.92,0.78,0.9,0.82,0.93,0.76
373,0.78,0.71,0.91,0.78,0.89,0.82,0.93,0.76
374,0.78,0.7,0.91,0.78,0.9,0.83,0.93,0.77
375,0.78,0.7,0.92,0.79,0.9,0.83,0.93,0.77
376,0.79,0.71,0.92,0.79,0.9,0.83,0.93,0.77
377,0.8,0.72,0.92,0.79,0.9,0.84,0.93,0.77
378,0.8,0.73,0.92,0.79,0.91,0.84,0.93,0.77
379,0.81,0.75,0.92,0.79,0.91,0.84,0.93,0.77
380,0.81,0.75,0.93,0.79,0.92,0.86,0.94,0.78
381,0.81,0.75,0.93,0.8,0.91,0.85,0.94,0.78
382,0.81,0.74,0.93,0.79,0.91,0.85,0.94,0.78
383,0.79,0.73,0.92,0.79,0.91,0.85,0.93,0.78
384,0.8,0.73,0.92,0.79,0.9,0.84,0.93,0.78
385,0.8,0.72,0.92,0.79,0.9,0.84,0.93,0.78
386,0.79,0.72,0.92,0.79,0.9,0.84,0.93,0.78
387,0.79,0.71,0.92,0.79,0.9,0.84,0.93,0.78
388,0.78,0.71,0.92,0.8,0.9,0.83,0.93,0.79
389,0.79,0.71,0.92,0.79,0.9,0.83,0.93,0.79
390,0.79,0.71,0.92,0.79,0.89,0.83,0.93,0.79
391,0.78,0.7,0.91,0.79,0.89,0.83,0.93,0.79
392,0.78,0.71,0.92,0.79,0.89,0.84,0.93,0.79
393,0.78,0.72,0.92,0.8,0.89,0.84,0.93,0.79
394,0.78,0.72,0.91,0.79,0.89,0.84,0.93,0.79
395,0.78,0.7,0.91,0.8,0.89,0.83,0.93,0.8
396,0.77,0.7,0.91,0.79,0.88,0.83,0.93,0.8
397,0.76,0.69,0.91,0.79,0.88,0.82,0.92,0.8
398,0.75,0.68,0.9,0.79,0.88,0.82,0.92,0.8
399,0.75,0.67,0.9,0.79,0.88,0.82,0.92,0.8
400,0.75,0.68,0.91,0.79,0.88,0.82,0.92,0.8
401,0.76,0.69,0.91,0.8,0.88,0.82,0.92,0.8
402,0.75,0.69,0.91,0.8,0.88,0.82,0.92,0.8
403,0.76,0.69,0.91,0.8,0.88,0.83,0.93,0.8
404,0.76,0.7,0.91,0.8,0.88,0.83,0.93,0.8
405,0.76,0.69,0.91,0.8,0.88,0.82,0.93,0.8
406,0.76,0.69,0.91,0.8,0.88,0.83,0.93,0.8
407,0.77,0.69,0.91,0.8,0.88,0.83,0.93,0.81
408,0.77,0.71,0.91,0.8,0.89,0.83,0.93,0.81
409,0.78,0.71,0.92,0.81,0.89,0.83,0.93,0.81
410,0.78,0.72,0.92,0.81,0.9,0.84,0.93,0.81
411,0.8,0.73,0.92,0.81,0.9,0.85,0.94,0.81
412,0.8,0.74,0.92,0.82,0.9,0.85,0.94,0.82
413,0.8,0.75,0.93,0.82,0.9,0.85,0.94,0.82
414,0.8,0.75,0.93,0.82,0.91,0.86,0.94,0.82
415,0.8,0.75,0.93,0.82,0.91,0.86,0.94,0.82
416,0.8,0.75,0.93,0.82,0.91,0.86,0.94,0.82
417,0.8,0.74,0.93,0.83,0.92,0.86,0.94,0.82
418,0.8,0.75,0.93,0.82,0.91,0.86,0.94,0.83
419,0.81,0.76,0.93,0.83,0.92,0.87,0.94,0.83
420,0.81,0.76,0.93,0.83,0.92,0.87,0.94,0.83
421,0.81,0.76,0.93,0.83,0.92,0.87,0.94,0.83
422,0.81,0.76,0.93,0.84,0.92,0.87,0.94,0.83
423,0.81,0.75,0.93,0.84,0.92,0.87,0.94,0.83
424,0.8,0.74,0.93,0.84,0.92,0.85,0.94,0.83
425,0.8,0.75,0.93,0.84,0.92,0.86,0.94,0.83
426,0.81,0.76,0.93,0.84,0.92,0.87,0.94,0.83
427,0.81,0.76,0.93,0.84,0.91,0.87,0.94,0.84
428,0.81,0.76,0.93,0.85,0.92,0.87,0.94,0.84
429,0.81,0.77,0.93,0.85,0.92,0.87,0.94,0.84
430,0.82,0.77,0.93,0.84,0.92,0.87,0.94,0.84
431,0.81,0.76,0.93,0.85,0.91,0.87,0.94,0.84
432,0.81,0.76,0.93,0.85,0.91,0.87,0.94,0.84
433,0.82,0.77,0.93,0.85,0.91,0.87,0.94,0.84
434,0.82,0.77,0.93,0.85,0.92,0.87,0.94,0.84
435,0.81,0.76,0.93,0.85,0.92,0.88,0.94,0.84
436,0.81,0.76,0.93,0.85,0.91,0.87,0.94,0.84
437,0.81,0.76,0.93,0.85,0.91,0.87,0.94,0.85
438,0.81,0.76,0.93,0.85,0.91,0.86,0.94,0.85
439,0.8,0.75,0.93,0.85,0.92,0.86,0.94,0.85
440,0.81,0.75,0.93,0.85,0.92,0.87,0.94,0.85
441,0.81,0.76,0.93,0.85,0.92,0.88,0.94,0.85
442,0.82,0.77,0.94,0.85,0.92,0.89,0.95,0.85
443,0.82,0.78,0.94,0.85,0.93,0.89,0.95,0.85
444,0.82,0.78,0.94,0.85,0.92,0.89,0.95,0.85
445,0.82,0.78,0.94,0.85,0.92,0.88,0.95,0.85
446,0.82,0.77,0.94,0.86,0.92,0.88,0.95,0.86
447,0.81,0.77,0.93,0.86,0.92,0.88,0.95,0.86
448,0.81,0.76,0.93,0.86,0.91,0.88,0.95,0.86
449,0.81,0.77,0.93,0.86,0.92,0.87,0.95,0.86
450,0.81,0.77,0.93,0.87,0.92,0.88,0.95,0.86
451,0.81,0.77,0.94,0.87,0.92,0.88,0.95,0.86
452,0.82,0.78,0.94,0.87,0.92,0.89,0.95,0.86
453,0.82,0.79,0.94,0.86,0.93,0.89,0.95,0.86
454,0.82,0.8,0.94,0.86,0.93,0.89,0.95,0.87
455,0.83,0.79,0.94,0.87,0.93,0.89,0.95,0.87
456,0.82,0.8,0.94,0.87,0.93,0.9,0.95,0.87
457,0.84,0.81,0.94,0.87,0.94,0.9,0.95,0.87
458,0.84,0.81,0.94,0.88,0.93,0.9,0.95,0.87
459,0.83,0.8,0.94,0.87,0.93,0.9,0.95,0.87
460,0.83,0.78,0.94,0.87,0.93,0.89,0.95,0.87
461,0.83,0.8,0.94,0.88,0.93,0.89,0.95,0.87
462,0.84,0.81,0.94,0.88,0.94,0.9,0.95,0.88
463,0.84,0.81,0.94,0.88,0.93,0.9,0.95,0.88
464,0.84,0.8,0.94,0.88,0.93,0.9,0.95,0.88
465,0.83,0.78,0.94,0.88,0.92,0.89,0.95,0.88
466,0.83,0.78,0.94,0.88,0.92,0.89,0.95,0.88
467,0.83,0.79,0.94,0.88,0.92,0.89,0.95,0.88
468,0.82,0.78,0.94,0.88,0.91,0.89,0.95,0.88
469,0.81,0.77,0.93,0.88,0.91,0.89,0.95,0.88
470,0.82,0.77,0.93,0.88,0.91,0.89,0.95,0.88
471,0.83,0.78,0.94,0.88,0.92,0.89,0.95,0.88
472,0.83,0.78,0.94,0.89,0.92,0.89,0.95,0.88
473,0.84,0.77,0.94,0.89,0.92,0.88,0.95,0.88
474,0.84,0.77,0.94,0.89,0.92,0.87,0.95,0.88
475,0.84,0.77,0.94,0.89,0.92,0.88,0.95,0.88
476,0.82,0.75,0.94,0.88,0.91,0.87,0.95,0.89
477,0.81,0.73,0.93,0.89,0.91,0.86,0.94,0.89
478,0.8,0.72,0.93,0.88,0.9,0.86,0.94,0.89
479,0.8,0.72,0.93,0.88,0.9,0.85,0.94,0.89
480,0.8,0.72,0.93,0.88,0.9,0.85,0.94,0.89
481,0.79,0.71,0.92,0.88,0.9,0.84,0.94,0.89
482,0.8,0.72,0.92,0.88,0.9,0.84,0.94,0.89
483,0.79,0.72,0.92,0.88,0.9,0.84,0.94,0.89
484,0.79,0.73,0.92,0.88,0.9,0.86,0.94,0.89
485,0.79,0.73,0.93,0.88,0.9,0.86,0.94,0.89
486,0.79,0.73,0.93,0.88,0.9,0.86,0.94,0.89
487,0.79,0.73,0.93,0.88,0.9,0.86,0.94,0.89
488,0.78,0.73,0.92,0.87,0.9,0.85,0.94,0.89
489,0.78,0.73,0.92,0.87,0.9,0.85,0.94,0.89
490,0.77,0.72,0.92,0.87,0.89,0.85,0.94,0.89
491,0.76,0.71,0.92,0.87,0.88,0.84,0.94,0.9
492,0.75,0.71,0.92,0.87,0.88,0.84,0.94,0.89
493,0.75,0.7,0.92,0.87,0.88,0.83,0.94,0.89
494,0.75,0.7,0.91,0.87,0.87,0.83,0.93,0.89
495,0.74,0.69,0.91,0.87,0.87,0.83,0.93,0.9
496,0.75,0.71,0.91,0.86,0.88,0.84,0.93,0.9
497,0.75,0.71,0.92,0.87,0.88,0.84,0.94,0.9
498,0.76,0.71,0.92,0.87,0.88,0.84,0.94,0.9
499,0.76,0.72,0.92,0.87,0.88,0.85,0.94,0.9
500,0.77,0.72,0.92,0.87,0.89,0.85,0.94,0.9
501,0.78,0.72,0.92,0.87,0.88,0.85,0.94,0.9
502,0.78,0.72,0.92,0.87,0.89,0.85,0.94,0.91
503,0.77,0.72,0.92,0.87,0.88,0.84,0.94,0.91
504,0.77,0.71,0.92,0.88,0.88,0.84,0.94,0.9
505,0.78,0.72,0.92,0.88,0.88,0.84,0.94,0.91
506,0.77,0.72,0.92,0.88,0.88,0.84,0.94,0.91
507,0.77,0.71,0.92,0.88,0.88,0.84,0.94,0.91
508,0.77,0.71,0.92,0.88,0.88,0.83,0.94,0.91
509,0.76,0.71,0.92,0.88,0.88,0.84,0.94,0.91
510,0.77,0.71,0.92,0.88,0.88,0.84,0.94,0.91
511,0.78,0.71,0.92,0.88,0.88,0.84,0.94,0.91
512,0.78,0.71,0.92,0.88,0.89,0.84,0.94,0.91
513,0.78,0.71,0.92,0.88,0.88,0.84,0.94,0.91
514,0.78,0.72,0.92,0.88,0.89,0.84,0.94,0.92
515,0.77,0.72,0.92,0.89,0.89,0.84,0.94,0.92
516,0.76,0.7,0.92,0.89,0.89,0.84,0.94,0.92
517,0.76,0.7,0.92,0.89,0.88,0.84,0.94,0.92
518,0.76,0.69,0.92,0.89,0.89,0.83,0.94,0.92
519,0.77,0.71,0.92,0.89,0.89,0.84,0.94,0.92
520,0.77,0.71,0.92,0.89,0.9,0.84,0.94,0.92
521,0.77,0.71,0.92,0.89,0.89,0.83,0.94,0.92
522,0.77,0.71,0.92,0.9,0.89,0.83,0.94,0.92
523,0.77,0.7,0.92,0.89,0.89,0.84,0.94,0.92
524,0.78,0.71,0.93,0.89,0.89,0.84,0.94,0.92
525,0.76,0.71,0.92,0.9,0.89,0.84,0.94,0.92
526,0.76,0.7,0.92,0.89,0.88,0.84,0.94,0.92
527,0.77,0.7,0.92,0.9,0.88,0.84,0.94,0.92
528,0.76,0.71,0.92,0.9,0.89,0.84,0.94,0.92
529,0.77,0.71,0.92,0.9,0.88,0.84,0.94,0.92
530,0.76,0.7,0.92,0.9,0.88,0.84,0.94,0.92
531,0.75,0.7,0.92,0.9,0.87,0.83,0.94,0.93
532,0.75,0.69,0.92,0.89,0.88,0.83,0.94,0.93
533,0.75,0.69,0.92,0.9,0.88,0.83,0.94,0.93
534,0.74,0.67,0.91,0.9,0.87,0.83,0.94,0.93
535,0.81,0.77,0.94,0.91,0.9,0.87,0.95,0.93
536,0.88,0.88,0.96,0.92,0.93,0.92,0.97,0.94
537,0.91,0.93,0.97,0.94,0.96,0.95,0.98,0.94
538,0.94,0.95,0.98,0.94,0.97,0.96,0.98,0.95
539,0.95,0.97,0.99,0.95,0.97,0.97,0.99,0.95
540,0.97,0.99,0.99,0.96,0.98,0.99,0.99,0.95
541,0.98,0.99,1.0,0.97,0.99,0.99,0.99,0.96
542,0.98,0.99,1.0,0.97,0.99,0.99,0.99,0.96
543,0.99,0.99,1.0,0.97,0.99,0.99,1.0,0.96
544,1.0,1.0,1.0,0.98,1.0,0.99,1.0,0.96
545,1.0,1.0,1.0,0.98,0.99,0.99,1.0,0.96
546,1.0,0.99,1.0,0.98,0.99,1.0,1.0,0.96
547,0.99,0.98,1.0,0.98,0.99,0.99,1.0,0.96
548,0.92,0.88,0.97,0.97,0.97,0.94,0.98,0.96
549,0.88,0.83,0.96,0.97,0.95,0.92,0.98,0.96
550,0.87,0.81,0.96,0.97,0.94,0.91,0.97,0.96
551,0.85,0.77,0.95,0.96,0.93,0.89,0.96,0.96
552,0.87,0.81,0.96,0.96,0.94,0.91,0.97,0.96
553,0.88,0.84,0.96,0.96,0.95,0.92,0.97,0.96
554,0.89,0.85,0.96,0.97,0.95,0.91,0.97,0.96
555,0.9,0.88,0.97,0.97,0.96,0.92,0.98,0.97
556,0.92,0.9,0.97,0.97,0.97,0.94,0.98,0.97
557,0.86,0.83,0.96,0.96,0.94,0.91,0.97,0.96
558,0.82,0.77,0.94,0.96,0.93,0.88,0.96,0.96
559,0.82,0.77,0.94,0.95,0.92,0.87,0.96,0.96
560,0.88,0.86,0.96,0.97,0.95,0.92,0.97,0.97
561,0.9,0.91,0.97,0.97,0.96,0.95,0.98,0.97
562,0.91,0.92,0.97,0.97,0.96,0.95,0.98,0.97
563,0.91,0.92,0.97,0.98,0.97,0.95,0.98,0.97
564,0.91,0.93,0.98,0.98,0.97,0.95,0.98,0.97
565,0.92,0.94,0.98,0.98,0.97,0.96,0.99,0.97
566,0.95,0.99,0.99,1.0,0.98,0.98,0.99,0.98
567,0.94,0.97,0.99,0.99,0.97,0.97,0.99,0.98
568,0.93,0.96,0.98,0.99,0.97,0.97,0.99,0.98
569,0.93,0.95,0.98,0.99,0.97,0.97,0.98,0.98
570,0.91,0.93,0.98,0.99,0.97,0.97,0.98,0.98
571,0.91,0.93,0.97,0.99,0.96,0.95,0.98,0.98
572,0.91,0.93,0.97,0.99,0.96,0.95,0.98,0.98
573,0.91,0.92,0.97,0.98,0.96,0.95,0.98,0.98
574,0.9,0.92,0.97,0.98,0.96,0.95,0.98,0.98
575,0.9,0.92,0.97,0.98,0.95,0.95,0.98,0.98
576,0.89,0.92,0.97,0.98,0.96,0.95,0.98,0.98
577,0.9,0.92,0.97,0.98,0.95,0.95,0.98,0.98
578,0.88,0.91,0.97,0.98,0.95,0.95,0.98,0.98
579,0.89,0.91,0.96,0.98,0.95,0.95,0.98,0.98
580,0.88,0.91,0.96,0.98,0.95,0.95,0.98,0.98
581,0.88,0.91,0.97,0.98,0.95,0.95,0.98,0.98
582,0.88,0.92,0.97,0.98,0.95,0.95,0.98,0.98
583,0.88,0.91,0.96,0.98,0.95,0.95,0.98,0.98
584,0.88,0.91,0.96,0.98,0.95,0.95,0.97,0.98
585,0.87,0.91,0.96,0.98,0.95,0.95,0.97,0.98
586,0.88,0.92,0.97,0.98,0.95,0.96,0.98,0.99
587,0.89,0.92,0.97,0.98,0.95,0.95,0.98,0.99
588,0.9,0.93,0.97,0.99,0.96,0.96,0.98,0.99
589,0.91,0.94,0.98,1.0,0.97,0.97,0.98,0.99
590,0.92,0.96,0.98,1.0,0.97,0.97,0.98,0.99
591,0.93,0.96,0.98,1.0,0.97,0.98,0.99,0.99
592,0.92,0.96,0.98,1.0,0.97,0.97,0.98,1.0
593,0.93,0.95,0.98,1.0,0.97,0.98,0.98,1.0
594,0.92,0.95,0.98,1.0,0.98,0.97,0.99,1.0
595,0.93,0.96,0.98,1.0,0.98,0.99,0.99,1.0
596,0.93,0.97,0.98,1.0,0.98,0.98,0.99,1.0
597,0.93,0.96,0.98,1.0,0.98,0.98,0.99,1.0
598,0.92,0.95,0.98,1.0,0.98,0.97,0.98,1.0
599,0.91,0.94,0.98,1.0,0.97,0.97,0.98,1.0
