0,0.04,0.03,0.01,0.0,0.0,0.01,0.01,0.01
1,0.03,0.03,0.01,0.0,0.0,0.01,0.0,0.0
2,0.04,0.03,0.01,0.0,0.0,0.01,0.0,0.0
3,0.06,0.02,0.0,0.0,0.0,0.01,0.0,0.0
4,0.03,0.03,0.01,0.0,0.0,0.01,0.0,0.01
5,0.03,0.03,0.01,0.0,0.0,0.01,0.0,0.0
6,0.05,0.03,0.01,0.0,0.0,0.01,0.0,0.0
7,0.03,0.03,0.01,0.0,0.0,0.01,0.0,0.0
8,0.03,0.03,0.01,0.0,0.0,0.01,0.0,0.0
9,0.03,0.03,0.01,0.0,0.01,0.01,0.0,0.0
10,0.03,0.03,0.01,0.0,0.0,0.0,0.0,0.0
11,0.04,0.03,0.01,0.0,0.0,0.01,0.01,0.0
12,0.03,0.02,0.01,0.0,0.0,0.01,0.0,0.0
13,0.03,0.03,0.01,0.0,0.0,0.01,0.0,0.0
14,0.03,0.02,0.0,0.0,0.0,0.01,0.0,0.0
15,0.05,0.03,0.0,0.0,0.01,0.0,0.0,0.0
16,0.04,0.03,0.0,0.0,0.0,0.0,0.0,0.0
17,0.04,0.02,0.01,0.0,0.0,0.01,0.0,0.0
18,0.03,0.03,0.01,0.0,0.0,0.0,0.0,0.0
19,0.03,0.03,0.01,0.0,0.0,0.01,0.0,0.0
20,0.03,0.02,0.01,0.0,0.0,0.01,0.0,0.0
21,0.05,0.03,0.01,0.0,0.0,0.0,0.0,0.0
22,0.04,0.03,0.01,0.0,0.0,0.01,0.0,0.0
23,0.03,0.03,0.01,0.0,0.0,0.01,0.01,0.0
24,0.03,0.03,0.01,0.0,0.0,0.01,0.0,0.0
25,0.04,0.03,0.01,0.0,0.0,0.0,0.0,0.01
26,0.04,0.03,0.01,0.0,0.0,0.0,0.0,0.0
27,0.05,0.03,0.01,0.0,0.0,0.0,0.01,0.0
28,0.04,0.02,0.01,0.0,0.0,0.0,0.01,0.01
29,0.04,0.03,0.01,0.0,0.0,0.0,0.01,0.0
30,0.04,0.03,0.01,0.0,0.0,0.0,0.0,0.01
31,0.04,0.03,0.01,0.0,0.0,0.01,0.01,0.0
32,0.04,0.02,0.01,0.0,0.0,0.0,0.0,0.0
33,0.08,0.03,0.01,0.0,0.0,0.0,0.01,0.01
34,0.04,0.03,0.01,0.0,0.0,0.01,0.01,0.0
35,0.04,0.03,0.01,0.0,0.0,0.01,0.01,0.0
36,0.05,0.03,0.01,0.01,0.0,0.0,0.01,0.01
37,0.04,0.03,0.01,0.0,0.0,0.01,0.01,0.01
38,0.04,0.03,0.01,0.0,0.0,0.0,0.01,0.01
39,0.05,0.03,0.01,0.0,0.0,0.0,0.01,0.01
40,0.06,0.03,0.02,0.0,0.0,0.0,0.01,0.01
41,0.04,0.03,0.01,0.0,0.01,0.0,0.01,0.01
42,0.04,0.03,0.01,0.0,0.01,0.0,0.01,0.01
43,0.05,0.03,0.02,0.01,0.0,0.01,0.01,0.02
44,0.05,0.03,0.01,0.01,0.01,0.0,0.01,0.01
45,0.04,0.03,0.01,0.01,0.0,0.0,0.01,0.01
46,0.04,0.03,0.01,0.01,0.0,0.0,0.01,0.02
47,0.04,0.03,0.01,0.01,0.01,0.0,0.01,0.02
48,0.04,0.03,0.01,0.01,0.0,0.0,0.01,0.02
49,0.08,0.03,0.01,0.01,0.01,0.0,0.01,0.02
50,0.05,0.03,0.01,0.01,0.01,0.01,0.01,0.03
51,0.04,0.03,0.01,0.01,0.01,0.01,0.02,0.02
52,0.06,0.04,0.01,0.01,0.01,0.01,0.01,0.02
53,0.04,0.03,0.01,0.01,0.01,0.01,0.02,0.02
54,0.04,0.03,0.01,0.01,0.01,0.01,0.02,0.03
55,0.04,0.04,0.01,0.01,0.01,0.01,0.02,0.03
56,0.04,0.03,0.01,0.01,0.01,0.01,0.02,0.03
57,0.04,0.03,0.01,0.01,0.01,0.01,0.02,0.03
58,0.04,0.03,0.01,0.01,0.01,0.01,0.03,0.03
59,0.04,0.03,0.01,0.01,0.01,0.01,0.03,0.03
60,0.04,0.03,0.01,0.01,0.01,0.01,0.03,0.04
61,0.04,0.03,0.01,0.01,0.01,0.01,0.02,0.04
62,0.05,0.04,0.01,0.01,0.01,0.01,0.02,0.03
63,0.04,0.04,0.01,0.01,0.01,0.01,0.02,0.04
64,0.04,0.03,0.01,0.01,0.02,0.01,0.02,0.05
65,0.04,0.04,0.02,0.01,0.02,0.01,0.03,0.04
66,0.06,0.03,0.02,0.01,0.02,0.01,0.03,0.04
67,0.05,0.03,0.01,0.01,0.02,0.01,0.02,0.05
68,0.06,0.03,0.01,0.01,0.02,0.01,0.03,0.05
69,0.04,0.03,0.02,0.01,0.02,0.01,0.03,0.05
70,0.04,0.03,0.02,0.01,0.02,0.01,0.03,0.05
71,0.04,0.03,0.02,0.01,0.02,0.02,0.03,0.05
72,0.04,0.04,0.02,0.01,0.02,0.01,0.03,0.05
73,0.03,0.03,0.01,0.01,0.02,0.02,0.03,0.05
74,0.05,0.04,0.02,0.01,0.02,0.02,0.03,0.05
75,0.03,0.03,0.02,0.01,0.02,0.02,0.03,0.05
76,0.03,0.02,0.01,0.01,0.02,0.02,0.03,0.06
77,0.03,0.03,0.02,0.02,0.02,0.02,0.03,0.06
78,0.03,0.03,0.02,0.02,0.02,0.02,0.03,0.06
79,0.05,0.03,0.02,0.02,0.02,0.02,0.03,0.06
80,0.03,0.03,0.02,0.02,0.02,0.02,0.03,0.06
81,0.03,0.04,0.02,0.02,0.02,0.02,0.03,0.06
82,0.03,0.04,0.02,0.02,0.02,0.02,0.03,0.06
83,0.03,0.03,0.02,0.02,0.02,0.02,0.03,0.06
84,0.03,0.03,0.02,0.02,0.03,0.02,0.03,0.06
85,0.03,0.04,0.02,0.02,0.02,0.02,0.03,0.06
86,0.03,0.04,0.02,0.02,0.02,0.02,0.03,0.06
87,0.03,0.04,0.02,0.02,0.03,0.02,0.04,0.06
88,0.03,0.04,0.02,0.02,0.03,0.02,0.04,0.06
89,0.03,0.04,0.02,0.02,0.03,0.02,0.03,0.06
90,0.03,0.04,0.02,0.02,0.03,0.02,0.04,0.06
91,0.03,0.04,0.02,0.02,0.03,0.02,0.03,0.06
92,0.03,0.04,0.02,0.02,0.04,0.02,0.04,0.06
93,0.03,0.04,0.02,0.02,0.04,0.02,0.04,0.07
94,0.04,0.04,0.02,0.02,0.03,0.02,0.04,0.06
95,0.04,0.04,0.02,0.02,0.03,0.02,0.04,0.07
96,0.03,0.04,0.02,0.02,0.04,0.02,0.04,0.07
97,0.04,0.04,0.02,0.02,0.04,0.02,0.04,0.07
98,0.03,0.04,0.02,0.02,0.04,0.02,0.04,0.07
99,0.03,0.04,0.02,0.02,0.04,0.02,0.05,0.07
100,0.05,0.04,0.02,0.02,0.04,0.02,0.04,0.07
101,0.03,0.04,0.02,0.02,0.04,0.02,0.04,0.07
102,0.03,0.04,0.03,0.02,0.04,0.02,0.04,0.07
103,0.04,0.04,0.02,0.02,0.04,0.02,0.04,0.07
104,0.03,0.04,0.02,0.02,0.04,0.02,0.04,0.07
105,0.04,0.04,0.02,0.02,0.04,0.02,0.04,0.07
106,0.03,0.04,0.02,0.02,0.04,0.02,0.04,0.07
107,0.03,0.04,0.02,0.02,0.04,0.03,0.04,0.07
108,0.03,0.04,0.02,0.02,0.04,0.03,0.05,0.07
109,0.04,0.04,0.02,0.02,0.04,0.02,0.04,0.07
110,0.04,0.04,0.02,0.02,0.05,0.02,0.04,0.07
111,0.06,0.04,0.02,0.02,0.04,0.03,0.04,0.07
112,0.03,0.04,0.02,0.02,0.05,0.03,0.05,0.08
113,0.03,0.04,0.02,0.02,0.05,0.03,0.04,0.08
114,0.03,0.04,0.03,0.02,0.04,0.03,0.05,0.07
115,0.03,0.04,0.02,0.03,0.04,0.03,0.04,0.07
116,0.03,0.04,0.02,0.02,0.05,0.03,0.04,0.08
117,0.03,0.04,0.03,0.02,0.04,0.03,0.04,0.08
118,0.03,0.04,0.02,0.03,0.05,0.03,0.04,0.07
119,0.03,0.04,0.03,0.03,0.04,0.03,0.04,0.08
120,0.04,0.05,0.02,0.03,0.05,0.03,0.04,0.08
121,0.03,0.04,0.02,0.03,0.06,0.04,0.05,0.09
122,0.05,0.05,0.02,0.03,0.06,0.04,0.06,0.09
123,0.05,0.04,0.03,0.03,0.06,0.04,0.05,0.09
124,0.03,0.05,0.03,0.03,0.06,0.04,0.05,0.09
125,0.03,0.04,0.03,0.03,0.06,0.04,0.06,0.09
126,0.05,0.06,0.03,0.03,0.06,0.04,0.05,0.09
127,0.03,0.05,0.03,0.03,0.06,0.04,0.05,0.1
128,0.03,0.05,0.03,0.03,0.06,0.04,0.06,0.1
129,0.03,0.05,0.03,0.03,0.06,0.04,0.06,0.1
130,0.03,0.05,0.03,0.03,0.07,0.04,0.06,0.1
131,0.03,0.06,0.03,0.03,0.07,0.04,0.06,0.1
132,0.03,0.06,0.03,0.03,0.07,0.04,0.06,0.1
133,0.03,0.05,0.03,0.03,0.07,0.05,0.06,0.1
134,0.03,0.06,0.03,0.03,0.07,0.06,0.06,0.1
135,0.03,0.06,0.03,0.03,0.07,0.05,0.06,0.1
136,0.03,0.05,0.04,0.03,0.07,0.05,0.06,0.1
137,0.05,0.06,0.04,0.03,0.08,0.05,0.06,0.11
138,0.03,0.06,0.04,0.03,0.08,0.05,0.06,0.11
139,0.03,0.06,0.04,0.03,0.08,0.05,0.06,0.11
140,0.03,0.06,0.04,0.03,0.08,0.05,0.06,0.11
141,0.05,0.07,0.04,0.03,0.08,0.05,0.06,0.11
142,0.03,0.06,0.04,0.04,0.08,0.05,0.06,0.12
143,0.04,0.06,0.04,0.04,0.08,0.05,0.07,0.11
144,0.03,0.06,0.04,0.04,0.08,0.05,0.07,0.11
145,0.03,0.07,0.04,0.04,0.08,0.05,0.06,0.11
146,0.03,0.05,0.04,0.04,0.08,0.05,0.06,0.11
147,0.03,0.06,0.04,0.04,0.07,0.05,0.07,0.11
148,0.03,0.07,0.04,0.04,0.08,0.05,0.06,0.11
149,0.03,0.06,0.04,0.04,0.07,0.05,0.06,0.11
150,0.01,0.06,0.04,0.04,0.07,0.05,0.06,0.1
151,0.05,0.07,0.04,0.04,0.07,0.05,0.06,0.1
152,0.03,0.06,0.03,0.04,0.07,0.05,0.06,0.1
153,0.03,0.05,0.04,0.04,0.07,0.05,0.06,0.1
154,0.03,0.06,0.03,0.04,0.07,0.05,0.06,0.1
155,0.04,0.06,0.04,0.04,0.07,0.05,0.06,0.1
156,0.03,0.05,0.03,0.04,0.07,0.05,0.06,0.1
157,0.04,0.06,0.03,0.04,0.07,0.05,0.06,0.09
158,0.01,0.05,0.04,0.04,0.07,0.05,0.06,0.1
159,0.01,0.05,0.04,0.04,0.07,0.05,0.06,0.09
160,0.01,0.05,0.04,0.04,0.07,0.05,0.06,0.1
161,0.01,0.05,0.03,0.04,0.07,0.05,0.06,0.09
162,0.01,0.06,0.03,0.04,0.07,0.05,0.06,0.09
163,0.04,0.05,0.03,0.04,0.07,0.05,0.06,0.1
164,0.01,0.05,0.03,0.04,0.07,0.05,0.06,0.09
165,0.01,0.05,0.03,0.04,0.07,0.05,0.06,0.1
166,0.03,0.05,0.04,0.04,0.07,0.04,0.05,0.09
167,0.01,0.05,0.03,0.04,0.07,0.05,0.05,0.09
168,0.01,0.05,0.03,0.04,0.07,0.05,0.06,0.09
169,0.03,0.05,0.03,0.04,0.07,0.05,0.05,0.09
170,0.01,0.06,0.03,0.04,0.07,0.05,0.06,0.09
171,0.01,0.05,0.03,0.04,0.07,0.05,0.06,0.09
172,0.0,0.05,0.03,0.04,0.07,0.05,0.06,0.09
173,0.03,0.05,0.03,0.04,0.07,0.05,0.05,0.09
174,0.01,0.05,0.03,0.04,0.07,0.05,0.05,0.09
175,0.01,0.06,0.03,0.04,0.07,0.04,0.05,0.09
176,0.01,0.05,0.03,0.04,0.07,0.05,0.05,0.09
177,0.01,0.05,0.03,0.04,0.07,0.04,0.05,0.09
178,0.03,0.05,0.03,0.04,0.07,0.04,0.05,0.09
179,0.0,0.05,0.03,0.04,0.07,0.04,0.05,0.08
180,0.0,0.05,0.03,0.04,0.07,0.04,0.04,0.09
181,0.0,0.05,0.03,0.04,0.07,0.05,0.05,0.09
182,0.01,0.05,0.03,0.04,0.07,0.04,0.04,0.09
183,0.04,0.05,0.03,0.04,0.07,0.04,0.04,0.08
184,0.0,0.05,0.03,0.04,0.07,0.04,0.05,0.08
185,0.01,0.05,0.03,0.04,0.07,0.04,0.04,0.09
186,0.03,0.05,0.03,0.04,0.07,0.04,0.04,0.09
187,0.01,0.05,0.03,0.04,0.07,0.04,0.05,0.09
188,0.0,0.05,0.03,0.04,0.07,0.04,0.05,0.09
189,0.0,0.04,0.03,0.04,0.07,0.04,0.05,0.08
190,0.04,0.05,0.03,0.04,0.07,0.04,0.04,0.08
191,0.03,0.05,0.03,0.04,0.07,0.04,0.04,0.08
192,0.01,0.05,0.03,0.04,0.06,0.04,0.04,0.08
193,0.01,0.05,0.03,0.04,0.06,0.04,0.05,0.09
194,0.01,0.05,0.03,0.04,0.07,0.04,0.04,0.08
195,0.01,0.05,0.03,0.04,0.07,0.05,0.05,0.09
196,0.01,0.05,0.03,0.04,0.07,0.04,0.05,0.08
197,0.03,0.05,0.03,0.04,0.07,0.04,0.04,0.09
198,0.01,0.06,0.03,0.04,0.07,0.04,0.04,0.09
199,0.03,0.05,0.03,0.04,0.07,0.04,0.04,0.08
200,0.04,0.06,0.03,0.04,0.07,0.04,0.05,0.09
201,0.01,0.06,0.03,0.04,0.07,0.05,0.04,0.09
202,0.01,0.05,0.03,0.04,0.07,0.05,0.05,0.09
203,0.01,0.06,0.04,0.04,0.07,0.04,0.05,0.08
204,0.01,0.06,0.03,0.04,0.07,0.04,0.05,0.08
205,0.01,0.05,0.03,0.04,0.07,0.05,0.05,0.08
206,0.01,0.05,0.04,0.04,0.07,0.04,0.05,0.09
207,0.01,0.05,0.03,0.04,0.07,0.05,0.05,0.09
208,0.01,0.05,0.04,0.04,0.07,0.04,0.05,0.09
209,0.0,0.05,0.03,0.04,0.07,0.04,0.05,0.09
210,0.04,0.05,0.03,0.04,0.07,0.04,0.04,0.08
211,0.01,0.05,0.03,0.04,0.07,0.04,0.04,0.07
212,0.01,0.06,0.03,0.04,0.07,0.04,0.04,0.07
213,0.01,0.06,0.03,0.04,0.07,0.04,0.04,0.07
214,0.03,0.06,0.03,0.04,0.07,0.04,0.04,0.08
215,0.0,0.05,0.03,0.04,0.06,0.04,0.04,0.07
216,0.01,0.05,0.03,0.04,0.06,0.04,0.04,0.07
217,0.01,0.05,0.03,0.04,0.06,0.04,0.04,0.07
218,0.04,0.05,0.03,0.04,0.06,0.04,0.04,0.08
219,0.01,0.05,0.03,0.04,0.06,0.04,0.04,0.07
220,0.01,0.05,0.03,0.04,0.06,0.04,0.04,0.07
221,0.01,0.05,0.03,0.04,0.06,0.04,0.04,0.08
222,0.01,0.06,0.03,0.04,0.06,0.04,0.04,0.07
223,0.01,0.05,0.03,0.04,0.06,0.04,0.04,0.07
224,0.03,0.05,0.03,0.04,0.06,0.04,0.04,0.07
225,0.01,0.05,0.03,0.04,0.06,0.04,0.04,0.07
226,0.01,0.05,0.03,0.04,0.07,0.04,0.04,0.07
227,0.01,0.06,0.03,0.04,0.07,0.04,0.04,0.07
228,0.01,0.06,0.03,0.04,0.06,0.04,0.04,0.07
229,0.01,0.06,0.03,0.04,0.06,0.04,0.04,0.07
230,0.01,0.06,0.03,0.04,0.06,0.04,0.04,0.07
231,0.01,0.06,0.03,0.04,0.06,0.04,0.04,0.07
232,0.01,0.06,0.03,0.04,0.06,0.04,0.04,0.07
233,0.04,0.06,0.03,0.05,0.06,0.04,0.04,0.08
234,0.01,0.06,0.03,0.05,0.06,0.04,0.04,0.07
235,0.01,0.06,0.03,0.05,0.06,0.04,0.04,0.07
236,0.03,0.06,0.03,0.05,0.06,0.04,0.04,0.07
237,0.04,0.06,0.03,0.05,0.06,0.04,0.04,0.07
238,0.01,0.06,0.03,0.05,0.06,0.04,0.04,0.07
239,0.01,0.06,0.03,0.05,0.06,0.04,0.04,0.07
240,0.01,0.06,0.03,0.05,0.06,0.04,0.04,0.07
241,0.04,0.06,0.03,0.05,0.06,0.04,0.04,0.07
242,0.04,0.06,0.03,0.05,0.06,0.04,0.04,0.07
243,0.03,0.06,0.04,0.05,0.06,0.04,0.04,0.07
244,0.04,0.06,0.03,0.05,0.06,0.04,0.04,0.07
245,0.01,0.06,0.03,0.05,0.06,0.04,0.04,0.07
246,0.01,0.06,0.03,0.05,0.06,0.04,0.04,0.07
247,0.01,0.06,0.03,0.05,0.06,0.04,0.04,0.06
248,0.01,0.06,0.03,0.05,0.06,0.04,0.03,0.06
249,0.01,0.06,0.03,0.05,0.06,0.04,0.04,0.06
250,0.01,0.06,0.03,0.05,0.06,0.04,0.03,0.06
251,0.01,0.06,0.03,0.05,0.06,0.04,0.03,0.06
252,0.01,0.06,0.03,0.05,0.06,0.04,0.03,0.06
253,0.01,0.06,0.03,0.05,0.06,0.04,0.03,0.06
254,0.01,0.06,0.03,0.05,0.06,0.04,0.03,0.06
255,0.01,0.06,0.03,0.05,0.06,0.04,0.03,0.06
256,0.01,0.06,0.03,0.05,0.06,0.04,0.03,0.06
257,0.01,0.06,0.03,0.05,0.06,0.04,0.03,0.06
258,0.01,0.06,0.03,0.05,0.06,0.04,0.03,0.05
259,0.01,0.06,0.03,0.05,0.06,0.04,0.03,0.06
260,0.01,0.06,0.03,0.05,0.05,0.04,0.03,0.05
261,0.01,0.06,0.03,0.05,0.06,0.04,0.03,0.06
262,0.03,0.06,0.03,0.05,0.06,0.04,0.03,0.05
263,0.03,0.06,0.03,0.05,0.05,0.04,0.03,0.06
264,0.01,0.06,0.03,0.05,0.06,0.04,0.03,0.06
265,0.01,0.06,0.03,0.05,0.06,0.04,0.03,0.06
266,0.01,0.06,0.03,0.05,0.05,0.04,0.03,0.05
267,0.01,0.06,0.03,0.05,0.06,0.04,0.03,0.06
268,0.01,0.06,0.03,0.05,0.05,0.04,0.03,0.06
269,0.01,0.06,0.03,0.05,0.06,0.04,0.03,0.06
270,0.01,0.07,0.03,0.05,0.06,0.04,0.03,0.05
271,0.04,0.06,0.03,0.05,0.06,0.04,0.03,0.06
272,0.01,0.07,0.03,0.05,0.06,0.04,0.03,0.06
273,0.0,0.07,0.03,0.05,0.05,0.04,0.03,0.06
274,0.03,0.06,0.03,0.05,0.06,0.04,0.03,0.06
275,0.01,0.06,0.04,0.05,0.06,0.04,0.03,0.05
276,0.01,0.06,0.03,0.05,0.06,0.04,0.03,0.05
277,0.01,0.06,0.03,0.05,0.06,0.03,0.03,0.05
278,0.04,0.06,0.03,0.05,0.05,0.04,0.03,0.05
279,0.01,0.06,0.03,0.05,0.05,0.04,0.03,0.06
280,0.0,0.06,0.03,0.05,0.06,0.04,0.03,0.06
281,0.01,0.06,0.03,0.05,0.06,0.04,0.03,0.04
282,0.01,0.06,0.03,0.05,0.05,0.04,0.03,0.05
283,0.0,0.06,0.03,0.05,0.06,0.04,0.03,0.05
284,0.01,0.07,0.03,0.05,0.05,0.04,0.03,0.05
285,0.03,0.06,0.03,0.05,0.06,0.04,0.03,0.06
286,0.0,0.06,0.03,0.05,0.06,0.03,0.03,0.06
287,0.04,0.06,0.03,0.06,0.05,0.04,0.03,0.06
288,0.01,0.07,0.03,0.06,0.06,0.04,0.03,0.04
289,0.01,0.06,0.03,0.06,0.05,0.03,0.03,0.05
290,0.01,0.06,0.03,0.06,0.05,0.03,0.03,0.05
291,0.01,0.07,0.03,0.06,0.06,0.04,0.03,0.06
292,0.01,0.06,0.04,0.06,0.06,0.04,0.03,0.05
293,0.04,0.06,0.03,0.06,0.05,0.04,0.03,0.05
294,0.01,0.06,0.03,0.06,0.05,0.04,0.03,0.05
295,0.01,0.06,0.03,0.06,0.05,0.04,0.03,0.05
296,0.01,0.07,0.03,0.06,0.05,0.04,0.03,0.05
297,0.01,0.07,0.03,0.06,0.06,0.03,0.03,0.06
298,0.01,0.06,0.03,0.06,0.05,0.03,0.03,0.04
299,0.01,0.06,0.03,0.06,0.06,0.04,0.03,0.05
300,0.03,0.07,0.03,0.06,0.06,0.03,0.03,0.05
301,0.01,0.06,0.03,0.06,0.06,0.04,0.03,0.05
302,0.01,0.06,0.03,0.06,0.06,0.04,0.03,0.05
303,0.03,0.07,0.03,0.06,0.05,0.03,0.03,0.05
304,0.03,0.07,0.03,0.06,0.05,0.03,0.03,0.05
305,0.01,0.06,0.03,0.06,0.05,0.03,0.03,0.05
306,0.03,0.06,0.03,0.06,0.06,0.03,0.03,0.05
307,0.01,0.06,0.03,0.06,0.04,0.03,0.02,0.04
308,0.01,0.07,0.03,0.06,0.05,0.03,0.03,0.04
309,0.04,0.07,0.03,0.06,0.05,0.03,0.03,0.04
310,0.0,0.06,0.03,0.06,0.06,0.03,0.02,0.04
311,0.01,0.07,0.03,0.06,0.06,0.03,0.02,0.05
312,0.03,0.06,0.03,0.06,0.05,0.03,0.02,0.04
313,0.0,0.06,0.03,0.06,0.04,0.03,0.03,0.04
314,0.03,0.06,0.03,0.06,0.04,0.03,0.03,0.04
315,0.01,0.07,0.03,0.06,0.04,0.03,0.03,0.04
316,0.0,0.06,0.03,0.06,0.05,0.03,0.03,0.04
317,0.0,0.06,0.03,0.06,0.06,0.03,0.02,0.04
318,0.01,0.06,0.03,0.06,0.04,0.03,0.03,0.04
319,0.01,0.06,0.03,0.06,0.04,0.03,0.02,0.04
320,0.01,0.07,0.03,0.06,0.04,0.03,0.02,0.04
321,0.0,0.07,0.03,0.06,0.04,0.03,0.02,0.04
322,0.0,0.06,0.03,0.06,0.04,0.03,0.02,0.04
323,0.0,0.06,0.03,0.06,0.04,0.03,0.02,0.04
324,0.0,0.06,0.03,0.06,0.05,0.03,0.02,0.04
325,0.01,0.06,0.03,0.06,0.04,0.03,0.02,0.04
326,0.01,0.06,0.03,0.06,0.04,0.03,0.02,0.04
327,0.0,0.06,0.03,0.06,0.04,0.03,0.02,0.03
328,0.0,0.06,0.03,0.06,0.04,0.03,0.02,0.03
329,0.01,0.06,0.03,0.06,0.05,0.03,0.02,0.03
330,0.0,0.07,0.03,0.06,0.05,0.03,0.02,0.04
331,0.0,0.06,0.03,0.06,0.04,0.03,0.02,0.03
332,0.0,0.06,0.03,0.06,0.04,0.03,0.02,0.04
333,0.01,0.06,0.03,0.06,0.05,0.02,0.02,0.03
334,0.0,0.06,0.03,0.06,0.04,0.02,0.02,0.03
335,0.01,0.06,0.03,0.06,0.05,0.03,0.02,0.03
336,0.01,0.06,0.03,0.06,0.05,0.02,0.02,0.03
337,0.01,0.06,0.03,0.06,0.05,0.02,0.02,0.04
338,0.0,0.06,0.03,0.06,0.04,0.02,0.02,0.03
339,0.01,0.06,0.03,0.06,0.05,0.03,0.02,0.03
340,0.0,0.06,0.03,0.06,0.05,0.02,0.02,0.03
341,0.0,0.07,0.03,0.06,0.05,0.02,0.02,0.03
342,0.01,0.06,0.03,0.06,0.05,0.03,0.02,0.03
343,0.04,0.07,0.03,0.06,0.05,0.03,0.02,0.03
344,0.01,0.06,0.03,0.06,0.04,0.03,0.02,0.03
345,0.01,0.07,0.03,0.06,0.05,0.03,0.02,0.03
346,0.01,0.07,0.03,0.06,0.05,0.03,0.03,0.03
347,0.01,0.07,0.04,0.06,0.04,0.03,0.02,0.04
348,0.01,0.07,0.03,0.06,0.05,0.03,0.02,0.03
349,0.01,0.07,0.03,0.06,0.04,0.03,0.02,0.03
350,0.04,0.07,0.04,0.06,0.05,0.03,0.03,0.03
351,0.01,0.08,0.04,0.06,0.05,0.03,0.03,0.03
352,0.01,0.08,0.04,0.06,0.06,0.03,0.03,0.03
353,0.01,0.08,0.04,0.06,0.06,0.03,0.03,0.04
354,0.01,0.08,0.04,0.06,0.05,0.03,0.03,0.04
355,0.01,0.09,0.04,0.06,0.06,0.03,0.03,0.03
356,0.01,0.1,0.05,0.06,0.06,0.03,0.03,0.04
357,0.01,0.1,0.05,0.06,0.05,0.03,0.03,0.04
358,0.01,0.1,0.05,0.06,0.06,0.03,0.03,0.04
359,0.01,0.1,0.06,0.06,0.06,0.03,0.04,0.04
360,0.01,0.11,0.06,0.07,0.06,0.03,0.03,0.04
361,0.04,0.11,0.07,0.07,0.06,0.03,0.04,0.04
362,0.04,0.11,0.07,0.07,0.06,0.03,0.04,0.04
363,0.03,0.11,0.08,0.07,0.06,0.03,0.04,0.04
364,0.03,0.11,0.08,0.07,0.06,0.03,0.04,0.04
365,0.03,0.11,0.09,0.07,0.06,0.03,0.04,0.04
366,0.03,0.11,0.09,0.07,0.06,0.03,0.04,0.04
367,0.04,0.13,0.09,0.07,0.06,0.03,0.05,0.04
368,0.04,0.13,0.09,0.07,0.06,0.03,0.05,0.04
369,0.06,0.13,0.1,0.07,0.06,0.03,0.05,0.04
370,0.06,0.14,0.1,0.07,0.06,0.03,0.05,0.04
371,0.09,0.14,0.11,0.07,0.06,0.03,0.05,0.04
372,0.09,0.16,0.12,0.07,0.06,0.03,0.05,0.04
373,0.08,0.16,0.12,0.07,0.06,0.03,0.05,0.04
374,0.08,0.16,0.14,0.08,0.06,0.04,0.06,0.05
375,0.09,0.17,0.14,0.08,0.06,0.04,0.06,0.05
376,0.09,0.18,0.15,0.08,0.06,0.04,0.06,0.05
377,0.1,0.18,0.15,0.08,0.08,0.04,0.07,0.05
378,0.1,0.18,0.17,0.08,0.08,0.04,0.07,0.05
379,0.12,0.18,0.17,0.08,0.08,0.05,0.07,0.06
380,0.12,0.18,0.18,0.08,0.08,0.05,0.07,0.06
381,0.13,0.2,0.18,0.09,0.08,0.05,0.07,0.06
382,0.13,0.2,0.19,0.09,0.08,0.05,0.07,0.06
383,0.14,0.21,0.2,0.09,0.08,0.05,0.07,0.06
384,0.14,0.2,0.2,0.09,0.09,0.06,0.08,0.07
385,0.15,0.22,0.21,0.09,0.08,0.06,0.09,0.06
386,0.14,0.21,0.21,0.09,0.08,0.06,0.09,0.06
387,0.15,0.22,0.22,0.09,0.09,0.06,0.09,0.06
388,0.17,0.22,0.23,0.09,0.09,0.06,0.09,0.07
389,0.17,0.23,0.24,0.1,0.1,0.07,0.09,0.07
390,0.18,0.23,0.25,0.1,0.1,0.07,0.09,0.07
391,0.19,0.23,0.25,0.1,0.1,0.07,0.09,0.07
392,0.18,0.23,0.26,0.1,0.1,0.07,0.1,0.08
393,0.19,0.23,0.27,0.1,0.1,0.08,0.1,0.07
394,0.21,0.25,0.28,0.1,0.1,0.08,0.1,0.08
395,0.19,0.25,0.29,0.11,0.1,0.08,0.1,0.08
396,0.21,0.25,0.3,0.12,0.11,0.08,0.1,0.08
397,0.21,0.26,0.3,0.12,0.11,0.09,0.1,0.08
398,0.21,0.25,0.31,0.12,0.11,0.09,0.1,0.08
399,0.21,0.27,0.31,0.12,0.11,0.09,0.1,0.08
400,0.21,0.26,0.32,0.12,0.12,0.09,0.1,0.08
401,0.22,0.26,0.32,0.12,0.12,0.1,0.11,0.08
402,0.21,0.27,0.33,0.12,0.12,0.1,0.11,0.09
403,0.22,0.27,0.34,0.12,0.12,0.1,0.11,0.08
404,0.22,0.27,0.35,0.12,0.13,0.1,0.11,0.08
405,0.26,0.28,0.34,0.13,0.13,0.1,0.11,0.09
406,0.23,0.27,0.36,0.13,0.13,0.1,0.11,0.08
407,0.23,0.28,0.36,0.14,0.13,0.11,0.12,0.09
408,0.22,0.27,0.36,0.14,0.14,0.11,0.12,0.09
409,0.23,0.28,0.37,0.14,0.14,0.11,0.12,0.09
410,0.23,0.27,0.38,0.14,0.14,0.12,0.12,0.09
411,0.24,0.28,0.38,0.14,0.14,0.12,0.12,0.09
412,0.23,0.28,0.39,0.14,0.14,0.12,0.12,0.09
413,0.24,0.29,0.39,0.15,0.14,0.12,0.12,0.09
414,0.24,0.29,0.4,0.15,0.14,0.13,0.12,0.1
415,0.24,0.3,0.4,0.16,0.14,0.13,0.12,0.1
416,0.24,0.3,0.41,0.16,0.14,0.13,0.13,0.1
417,0.26,0.3,0.42,0.16,0.14,0.13,0.13,0.1
418,0.26,0.31,0.42,0.16,0.14,0.13,0.13,0.1
419,0.27,0.31,0.43,0.16,0.15,0.14,0.13,0.1
420,0.28,0.32,0.44,0.16,0.15,0.14,0.14,0.1
421,0.28,0.33,0.45,0.16,0.16,0.14,0.14,0.11
422,0.31,0.33,0.45,0.16,0.16,0.14,0.14,0.11
423,0.28,0.33,0.46,0.17,0.16,0.14,0.14,0.11
424,0.29,0.35,0.49,0.18,0.16,0.16,0.15,0.11
425,0.31,0.37,0.5,0.18,0.16,0.16,0.15,0.12
426,0.32,0.37,0.51,0.18,0.18,0.16,0.16,0.12
427,0.32,0.38,0.51,0.18,0.18,0.17,0.16,0.12
428,0.33,0.38,0.53,0.19,0.18,0.18,0.17,0.12
429,0.33,0.39,0.53,0.2,0.18,0.18,0.17,0.13
430,0.35,0.41,0.55,0.2,0.18,0.18,0.17,0.13
431,0.36,0.42,0.55,0.2,0.19,0.18,0.18,0.13
432,0.35,0.41,0.57,0.2,0.19,0.19,0.19,0.13
433,0.35,0.43,0.57,0.2,0.2,0.19,0.19,0.14
434,0.36,0.42,0.58,0.21,0.2,0.2,0.2,0.14
435,0.36,0.43,0.59,0.22,0.2,0.2,0.2,0.15
436,0.36,0.44,0.59,0.22,0.21,0.2,0.2,0.15
437,0.36,0.45,0.6,0.22,0.2,0.2,0.2,0.15
438,0.36,0.44,0.61,0.22,0.21,0.21,0.21,0.16
439,0.37,0.44,0.61,0.22,0.22,0.21,0.21,0.16
440,0.36,0.45,0.62,0.23,0.22,0.22,0.22,0.16
441,0.38,0.45,0.63,0.24,0.23,0.23,0.22,0.17
442,0.37,0.45,0.64,0.24,0.23,0.24,0.22,0.17
443,0.37,0.46,0.64,0.24,0.23,0.24,0.23,0.17
444,0.37,0.47,0.64,0.24,0.24,0.24,0.24,0.18
445,0.38,0.46,0.65,0.25,0.24,0.25,0.24,0.18
446,0.38,0.47,0.66,0.26,0.24,0.25,0.24,0.18
447,0.42,0.46,0.66,0.26,0.24,0.25,0.24,0.18
448,0.41,0.46,0.66,0.26,0.25,0.26,0.24,0.18
449,0.41,0.47,0.66,0.26,0.26,0.26,0.24,0.18
450,0.4,0.47,0.68,0.27,0.26,0.27,0.25,0.19
451,0.42,0.48,0.68,0.27,0.26,0.28,0.25,0.19
452,0.42,0.47,0.68,0.28,0.27,0.28,0.26,0.2
453,0.42,0.48,0.69,0.28,0.27,0.29,0.26,0.2
454,0.45,0.48,0.69,0.28,0.28,0.29,0.27,0.2
455,0.44,0.48,0.69,0.29,0.28,0.3,0.27,0.2
456,0.47,0.49,0.69,0.29,0.29,0.3,0.28,0.2
457,0.5,0.5,0.69,0.29,0.29,0.31,0.28,0.21
458,0.49,0.52,0.7,0.3,0.3,0.31,0.29,0.22
459,0.49,0.5,0.71,0.3,0.3,0.31,0.29,0.22
460,0.5,0.52,0.71,0.3,0.31,0.32,0.31,0.23
461,0.53,0.53,0.71,0.31,0.31,0.33,0.31,0.24
462,0.54,0.53,0.73,0.32,0.32,0.34,0.31,0.24
463,0.55,0.54,0.73,0.32,0.32,0.34,0.32,0.25
464,0.56,0.54,0.74,0.32,0.33,0.35,0.33,0.25
465,0.55,0.55,0.74,0.33,0.34,0.35,0.33,0.25
466,0.59,0.55,0.74,0.33,0.34,0.36,0.35,0.26
467,0.58,0.55,0.75,0.34,0.35,0.37,0.35,0.27
468,0.58,0.56,0.75,0.34,0.35,0.37,0.35,0.27
469,0.58,0.57,0.76,0.34,0.36,0.38,0.36,0.28
470,0.58,0.55,0.76,0.34,0.36,0.38,0.36,0.28
471,0.58,0.57,0.77,0.35,0.37,0.39,0.37,0.29
472,0.58,0.56,0.78,0.35,0.38,0.39,0.37,0.3
473,0.59,0.56,0.78,0.36,0.38,0.4,0.38,0.3
474,0.58,0.57,0.78,0.36,0.38,0.4,0.39,0.3
475,0.58,0.58,0.78,0.36,0.38,0.41,0.39,0.3
476,0.59,0.58,0.79,0.38,0.4,0.42,0.4,0.32
477,0.6,0.58,0.79,0.37,0.4,0.42,0.4,0.32
478,0.58,0.58,0.79,0.38,0.41,0.43,0.41,0.32
479,0.58,0.59,0.8,0.38,0.41,0.44,0.42,0.33
480,0.58,0.58,0.8,0.39,0.41,0.44,0.42,0.33
481,0.58,0.59,0.8,0.39,0.41,0.45,0.42,0.33
482,0.59,0.6,0.8,0.39,0.43,0.45,0.43,0.34
483,0.6,0.6,0.81,0.4,0.43,0.45,0.44,0.35
484,0.59,0.6,0.81,0.4,0.44,0.46,0.44,0.35
485,0.59,0.6,0.82,0.4,0.44,0.46,0.45,0.35
486,0.63,0.61,0.82,0.41,0.45,0.47,0.45,0.36
487,0.59,0.62,0.82,0.41,0.45,0.48,0.45,0.36
488,0.59,0.63,0.83,0.41,0.45,0.49,0.47,0.36
489,0.6,0.63,0.83,0.42,0.46,0.49,0.47,0.37
490,0.63,0.64,0.83,0.42,0.47,0.49,0.48,0.37
491,0.62,0.65,0.83,0.42,0.47,0.5,0.48,0.38
492,0.6,0.65,0.84,0.42,0.48,0.5,0.49,0.39
493,0.6,0.65,0.84,0.43,0.49,0.51,0.5,0.39
494,0.6,0.67,0.84,0.43,0.5,0.52,0.51,0.4
495,0.6,0.67,0.84,0.43,0.5,0.52,0.51,0.4
496,0.62,0.68,0.85,0.44,0.51,0.53,0.53,0.41
497,0.64,0.68,0.86,0.44,0.51,0.53,0.54,0.42
498,0.64,0.69,0.86,0.44,0.51,0.54,0.54,0.42
499,0.65,0.69,0.86,0.44,0.53,0.55,0.55,0.43
500,0.63,0.71,0.87,0.45,0.54,0.56,0.57,0.45
501,0.64,0.71,0.87,0.45,0.54,0.56,0.58,0.45
502,0.63,0.71,0.88,0.46,0.55,0.57,0.59,0.46
503,0.65,0.72,0.88,0.46,0.56,0.57,0.61,0.48
504,0.64,0.72,0.88,0.46,0.57,0.58,0.63,0.48
505,0.65,0.73,0.88,0.47,0.58,0.59,0.63,0.5
506,0.67,0.73,0.88,0.48,0.59,0.59,0.64,0.51
507,0.68,0.73,0.89,0.48,0.6,0.6,0.65,0.52
508,0.65,0.73,0.89,0.48,0.61,0.61,0.67,0.52
509,0.65,0.73,0.9,0.49,0.62,0.62,0.68,0.53
510,0.65,0.72,0.9,0.49,0.62,0.62,0.68,0.54
511,0.67,0.73,0.9,0.49,0.62,0.62,0.69,0.55
512,0.69,0.72,0.9,0.49,0.63,0.63,0.7,0.55
513,0.65,0.72,0.9,0.5,0.64,0.64,0.7,0.57
514,0.68,0.72,0.9,0.5,0.65,0.64,0.71,0.57
515,0.67,0.71,0.9,0.5,0.65,0.65,0.72,0.58
516,0.65,0.72,0.9,0.51,0.66,0.66,0.72,0.6
517,0.65,0.71,0.9,0.51,0.67,0.66,0.72,0.6
518,0.65,0.7,0.9,0.51,0.67,0.66,0.72,0.61
519,0.65,0.7,0.9,0.51,0.67,0.66,0.73,0.62
520,0.65,0.7,0.89,0.52,0.67,0.67,0.74,0.62
521,0.68,0.7,0.89,0.52,0.68,0.68,0.74,0.63
522,0.65,0.69,0.9,0.53,0.69,0.68,0.74,0.63
523,0.68,0.69,0.89,0.53,0.68,0.69,0.74,0.64
524,0.65,0.69,0.89,0.53,0.7,0.69,0.74,0.64
525,0.65,0.69,0.89,0.53,0.69,0.69,0.74,0.65
526,0.64,0.69,0.88,0.54,0.7,0.69,0.74,0.65
527,0.64,0.69,0.88,0.54,0.7,0.69,0.74,0.65
528,0.64,0.69,0.88,0.54,0.71,0.7,0.74,0.65
529,0.64,0.68,0.88,0.54,0.71,0.7,0.73,0.66
530,0.65,0.68,0.88,0.55,0.71,0.71,0.73,0.66
531,0.63,0.67,0.88,0.55,0.7,0.71,0.73,0.66
532,0.67,0.68,0.88,0.55,0.7,0.71,0.73,0.66
533,0.63,0.68,0.88,0.55,0.71,0.71,0.73,0.66
534,0.65,0.68,0.88,0.56,0.71,0.72,0.73,0.66
535,0.65,0.68,0.88,0.56,0.71,0.72,0.73,0.66
536,0.62,0.68,0.88,0.56,0.72,0.72,0.73,0.66
537,0.62,0.69,0.88,0.56,0.72,0.72,0.73,0.67
538,0.62,0.69,0.88,0.57,0.72,0.72,0.73,0.67
539,0.63,0.69,0.89,0.57,0.72,0.72,0.73,0.67
540,0.62,0.69,0.89,0.57,0.71,0.72,0.73,0.67
541,0.62,0.69,0.89,0.57,0.72,0.72,0.73,0.68
542,0.62,0.71,0.89,0.58,0.72,0.73,0.74,0.68
543,0.62,0.71,0.89,0.58,0.72,0.73,0.74,0.68
544,0.63,0.71,0.89,0.58,0.72,0.73,0.74,0.68
545,0.65,0.71,0.89,0.58,0.72,0.73,0.75,0.68
546,0.63,0.72,0.89,0.59,0.72,0.74,0.75,0.68
547,0.63,0.72,0.89,0.59,0.73,0.73,0.75,0.69
548,0.64,0.72,0.9,0.59,0.72,0.74,0.75,0.69
549,0.68,0.73,0.9,0.6,0.72,0.75,0.75,0.7
550,0.67,0.73,0.9,0.6,0.73,0.75,0.76,0.7
551,0.65,0.74,0.91,0.6,0.73,0.75,0.76,0.7
552,0.65,0.74,0.91,0.6,0.74,0.75,0.76,0.7
553,0.67,0.74,0.91,0.61,0.74,0.75,0.76,0.71
554,0.67,0.74,0.91,0.61,0.75,0.75,0.77,0.71
555,0.68,0.74,0.91,0.61,0.74,0.76,0.77,0.71
556,0.68,0.75,0.92,0.61,0.75,0.76,0.77,0.72
557,0.71,0.75,0.92,0.62,0.75,0.76,0.77,0.72
558,0.68,0.75,0.92,0.62,0.75,0.76,0.78,0.73
559,0.68,0.74,0.92,0.62,0.75,0.76,0.78,0.72
560,0.69,0.74,0.92,0.62,0.75,0.76,0.78,0.73
561,0.71,0.74,0.92,0.63,0.75,0.77,0.78,0.73
562,0.69,0.74,0.92,0.63,0.75,0.78,0.77,0.72
563,0.69,0.74,0.92,0.63,0.75,0.77,0.78,0.73
564,0.69,0.74,0.92,0.64,0.76,0.78,0.77,0.73
565,0.68,0.73,0.92,0.64,0.76,0.78,0.77,0.73
566,0.69,0.73,0.91,0.64,0.76,0.78,0.78,0.74
567,0.69,0.72,0.91,0.64,0.76,0.78,0.78,0.74
568,0.72,0.72,0.91,0.64,0.76,0.78,0.78,0.74
569,0.69,0.72,0.9,0.64,0.77,0.78,0.78,0.74
570,0.71,0.71,0.91,0.65,0.77,0.78,0.78,0.74
571,0.69,0.71,0.91,0.65,0.77,0.79,0.78,0.74
572,0.71,0.72,0.91,0.65,0.78,0.78,0.78,0.74
573,0.69,0.71,0.91,0.65,0.78,0.78,0.79,0.75
574,0.72,0.71,0.9,0.65,0.78,0.79,0.79,0.75
575,0.69,0.72,0.9,0.66,0.78,0.79,0.79,0.74
576,0.72,0.73,0.9,0.66,0.78,0.8,0.79,0.75
577,0.71,0.72,0.9,0.66,0.78,0.8,0.79,0.75
578,0.72,0.73,0.9,0.66,0.78,0.8,0.79,0.75
579,0.72,0.73,0.9,0.66,0.78,0.8,0.79,0.75
580,0.72,0.74,0.9,0.66,0.78,0.81,0.79,0.75
581,0.73,0.74,0.9,0.67,0.79,0.8,0.8,0.76
582,0.73,0.74,0.91,0.67,0.79,0.81,0.8,0.76
583,0.73,0.74,0.9,0.67,0.79,0.81,0.8,0.76
584,0.74,0.75,0.92,0.67,0.79,0.81,0.81,0.76
585,0.74,0.74,0.92,0.68,0.79,0.81,0.81,0.76
586,0.74,0.75,0.92,0.68,0.79,0.81,0.81,0.76
587,0.76,0.76,0.92,0.68,0.8,0.81,0.82,0.76
588,0.74,0.76,0.92,0.68,0.79,0.81,0.82,0.76
589,0.77,0.77,0.92,0.68,0.8,0.81,0.82,0.77
590,0.76,0.77,0.92,0.69,0.8,0.81,0.82,0.76
591,0.77,0.77,0.92,0.69,0.81,0.81,0.82,0.77
592,0.76,0.78,0.92,0.69,0.81,0.81,0.82,0.77
593,0.76,0.79,0.93,0.69,0.81,0.81,0.82,0.78
594,0.76,0.78,0.93,0.69,0.81,0.82,0.83,0.78
595,0.76,0.78,0.93,0.69,0.81,0.82,0.83,0.77
596,0.76,0.78,0.93,0.7,0.81,0.82,0.83,0.78
597,0.76,0.78,0.94,0.7,0.81,0.82,0.84,0.79
598,0.77,0.79,0.93,0.7,0.81,0.82,0.84,0.79
599,0.74,0.78,0.94,0.7,0.81,0.82,0.84,0.79
600,0.73,0.78,0.93,0.71,0.81,0.83,0.84,0.8
601,0.73,0.77,0.93,0.71,0.81,0.83,0.84,0.8
602,0.73,0.78,0.93,0.71,0.81,0.83,0.84,0.8
603,0.73,0.78,0.93,0.71,0.82,0.83,0.84,0.8
604,0.74,0.77,0.93,0.71,0.82,0.83,0.84,0.8
605,0.73,0.76,0.93,0.71,0.83,0.84,0.84,0.81
606,0.73,0.75,0.93,0.71,0.83,0.84,0.84,0.8
607,0.73,0.75,0.93,0.72,0.83,0.84,0.84,0.81
608,0.73,0.76,0.93,0.72,0.83,0.84,0.84,0.81
609,0.74,0.75,0.93,0.72,0.83,0.84,0.84,0.81
610,0.76,0.75,0.93,0.72,0.83,0.84,0.84,0.81
611,0.74,0.76,0.93,0.72,0.83,0.84,0.84,0.82
612,0.74,0.75,0.92,0.72,0.84,0.85,0.83,0.82
613,0.74,0.76,0.92,0.72,0.84,0.84,0.83,0.81
614,0.77,0.75,0.92,0.72,0.84,0.85,0.83,0.82
615,0.76,0.75,0.92,0.73,0.84,0.85,0.83,0.82
616,0.77,0.74,0.92,0.73,0.84,0.85,0.83,0.82
617,0.76,0.73,0.91,0.73,0.84,0.85,0.82,0.82
618,0.76,0.73,0.91,0.73,0.84,0.84,0.82,0.81
619,0.79,0.73,0.91,0.73,0.83,0.84,0.82,0.82
620,0.77,0.72,0.91,0.73,0.83,0.84,0.82,0.82
621,0.77,0.73,0.91,0.73,0.82,0.84,0.82,0.81
622,0.77,0.72,0.91,0.73,0.83,0.84,0.81,0.81
623,0.77,0.72,0.9,0.73,0.83,0.83,0.81,0.81
624,0.78,0.72,0.9,0.73,0.82,0.84,0.81,0.8
625,0.78,0.72,0.9,0.73,0.82,0.84,0.81,0.8
626,0.78,0.71,0.9,0.74,0.82,0.84,0.8,0.8
627,0.81,0.71,0.9,0.74,0.82,0.83,0.8,0.8
628,0.79,0.7,0.9,0.74,0.82,0.84,0.8,0.8
629,0.78,0.7,0.9,0.74,0.82,0.83,0.79,0.8
630,0.77,0.7,0.9,0.74,0.81,0.83,0.79,0.8
631,0.77,0.71,0.9,0.74,0.8,0.82,0.8,0.8
632,0.77,0.7,0.9,0.75,0.81,0.83,0.79,0.8
633,0.77,0.7,0.89,0.75,0.81,0.82,0.79,0.8
634,0.77,0.7,0.89,0.75,0.81,0.82,0.78,0.78
635,0.77,0.7,0.89,0.75,0.81,0.82,0.79,0.79
636,0.77,0.71,0.89,0.75,0.81,0.82,0.79,0.79
637,0.77,0.71,0.89,0.75,0.8,0.82,0.78,0.79
638,0.76,0.72,0.9,0.75,0.79,0.82,0.77,0.79
639,0.77,0.72,0.9,0.75,0.8,0.82,0.78,0.79
640,0.77,0.72,0.9,0.76,0.79,0.82,0.77,0.79
641,0.77,0.71,0.9,0.76,0.79,0.82,0.78,0.78
642,0.76,0.72,0.9,0.76,0.79,0.82,0.77,0.78
643,0.77,0.72,0.9,0.76,0.79,0.82,0.78,0.78
644,0.76,0.72,0.91,0.76,0.79,0.81,0.78,0.78
645,0.77,0.72,0.91,0.76,0.8,0.82,0.78,0.78
646,0.77,0.72,0.91,0.76,0.79,0.81,0.78,0.78
647,0.77,0.72,0.91,0.76,0.79,0.81,0.78,0.78
648,0.77,0.72,0.91,0.77,0.79,0.81,0.78,0.78
649,0.77,0.72,0.91,0.77,0.79,0.81,0.78,0.78
650,0.77,0.72,0.91,0.77,0.79,0.81,0.78,0.78
651,0.78,0.72,0.91,0.77,0.79,0.81,0.78,0.78
652,0.78,0.74,0.91,0.77,0.79,0.81,0.78,0.78
653,0.78,0.72,0.91,0.77,0.79,0.81,0.78,0.78
654,0.78,0.72,0.91,0.77,0.78,0.81,0.78,0.77
655,0.78,0.72,0.91,0.77,0.78,0.82,0.78,0.77
656,0.81,0.72,0.91,0.77,0.78,0.81,0.78,0.77
657,0.78,0.72,0.91,0.77,0.78,0.82,0.78,0.77
658,0.78,0.72,0.91,0.77,0.78,0.81,0.78,0.77
659,0.78,0.73,0.91,0.78,0.79,0.81,0.78,0.77
660,0.81,0.73,0.91,0.78,0.79,0.81,0.78,0.77
661,0.79,0.73,0.91,0.78,0.79,0.81,0.79,0.77
662,0.79,0.72,0.91,0.78,0.79,0.81,0.79,0.77
663,0.81,0.72,0.91,0.78,0.79,0.81,0.79,0.77
664,0.81,0.72,0.91,0.78,0.78,0.81,0.79,0.77
665,0.81,0.71,0.91,0.78,0.78,0.81,0.79,0.77
666,0.81,0.71,0.91,0.78,0.79,0.81,0.79,0.78
667,0.81,0.71,0.91,0.78,0.79,0.81,0.79,0.77
668,0.82,0.71,0.91,0.78,0.79,0.81,0.79,0.78
669,0.82,0.72,0.91,0.78,0.79,0.81,0.79,0.77
670,0.82,0.7,0.91,0.79,0.78,0.81,0.79,0.77
671,0.82,0.7,0.9,0.79,0.78,0.82,0.79,0.77
672,0.83,0.7,0.9,0.79,0.78,0.82,0.78,0.77
673,0.83,0.7,0.9,0.79,0.78,0.81,0.78,0.77
674,0.83,0.7,0.9,0.79,0.78,0.81,0.78,0.77
675,0.85,0.71,0.9,0.79,0.78,0.81,0.78,0.77
676,0.87,0.71,0.9,0.79,0.78,0.81,0.78,0.77
677,0.86,0.71,0.9,0.79,0.77,0.81,0.78,0.77
678,0.88,0.71,0.9,0.79,0.77,0.81,0.78,0.77
679,0.86,0.71,0.9,0.79,0.77,0.82,0.78,0.77
680,0.86,0.71,0.9,0.79,0.77,0.82,0.77,0.77
681,0.86,0.72,0.9,0.79,0.77,0.81,0.77,0.77
682,0.87,0.72,0.9,0.79,0.77,0.81,0.77,0.77
683,0.88,0.72,0.9,0.79,0.77,0.82,0.77,0.77
684,0.88,0.72,0.9,0.79,0.77,0.81,0.77,0.77
685,0.88,0.72,0.9,0.79,0.77,0.81,0.77,0.77
686,0.88,0.72,0.9,0.8,0.77,0.81,0.77,0.76
687,0.87,0.73,0.9,0.8,0.77,0.81,0.76,0.76
688,0.88,0.72,0.9,0.8,0.76,0.81,0.75,0.76
689,0.9,0.72,0.9,0.8,0.76,0.82,0.76,0.76
690,0.87,0.72,0.9,0.8,0.76,0.81,0.76,0.76
691,0.87,0.72,0.9,0.8,0.76,0.82,0.76,0.76
692,0.87,0.71,0.9,0.8,0.75,0.81,0.76,0.76
693,0.86,0.72,0.9,0.8,0.75,0.81,0.75,0.76
694,0.87,0.72,0.9,0.8,0.75,0.81,0.75,0.75
695,0.87,0.71,0.91,0.8,0.75,0.81,0.75,0.75
696,0.86,0.71,0.91,0.8,0.75,0.81,0.75,0.75
697,0.85,0.71,0.91,0.81,0.75,0.81,0.75,0.74
698,0.86,0.72,0.9,0.81,0.75,0.81,0.75,0.75
699,0.85,0.72,0.9,0.81,0.75,0.81,0.75,0.74
700,0.83,0.71,0.9,0.81,0.75,0.81,0.75,0.73
701,0.82,0.7,0.91,0.81,0.75,0.81,0.74,0.74
702,0.81,0.7,0.9,0.81,0.75,0.81,0.74,0.74
703,0.82,0.71,0.91,0.81,0.75,0.81,0.74,0.73
704,0.82,0.71,0.91,0.81,0.75,0.81,0.74,0.73
705,0.81,0.72,0.9,0.81,0.75,0.81,0.74,0.73
706,0.81,0.72,0.91,0.81,0.76,0.81,0.74,0.73
707,0.79,0.72,0.91,0.81,0.76,0.81,0.74,0.72
708,0.79,0.71,0.91,0.81,0.76,0.81,0.74,0.73
709,0.78,0.72,0.91,0.82,0.76,0.81,0.74,0.73
710,0.78,0.73,0.91,0.82,0.76,0.81,0.74,0.74
711,0.78,0.73,0.91,0.82,0.76,0.81,0.75,0.73
712,0.81,0.73,0.92,0.82,0.77,0.81,0.76,0.72
713,0.78,0.74,0.92,0.82,0.76,0.81,0.76,0.73
714,0.76,0.74,0.91,0.82,0.77,0.82,0.76,0.73
715,0.76,0.73,0.91,0.82,0.77,0.82,0.76,0.73
716,0.76,0.74,0.92,0.82,0.77,0.82,0.77,0.73
717,0.74,0.74,0.92,0.82,0.77,0.81,0.77,0.73
718,0.74,0.74,0.92,0.82,0.78,0.82,0.77,0.74
719,0.76,0.73,0.92,0.82,0.78,0.82,0.77,0.74
720,0.73,0.75,0.92,0.82,0.78,0.83,0.78,0.74
721,0.73,0.76,0.92,0.82,0.78,0.83,0.78,0.74
722,0.73,0.75,0.92,0.82,0.79,0.82,0.78,0.75
723,0.74,0.75,0.92,0.82,0.79,0.82,0.78,0.74
724,0.73,0.75,0.92,0.82,0.8,0.83,0.79,0.75
725,0.73,0.74,0.92,0.83,0.8,0.83,0.79,0.75
726,0.72,0.76,0.92,0.83,0.81,0.84,0.79,0.75
727,0.72,0.75,0.92,0.83,0.81,0.84,0.8,0.76
728,0.72,0.75,0.92,0.83,0.81,0.84,0.8,0.75
729,0.72,0.75,0.93,0.83,0.81,0.84,0.8,0.76
730,0.74,0.75,0.93,0.83,0.82,0.85,0.8,0.76
731,0.71,0.75,0.93,0.83,0.82,0.85,0.8,0.76
732,0.71,0.76,0.92,0.83,0.82,0.85,0.81,0.77
733,0.69,0.76,0.92,0.82,0.82,0.85,0.81,0.77
734,0.72,0.76,0.93,0.83,0.82,0.85,0.81,0.77
735,0.69,0.76,0.92,0.83,0.83,0.86,0.82,0.78
736,0.69,0.76,0.92,0.83,0.83,0.86,0.82,0.77
737,0.71,0.76,0.93,0.83,0.83,0.86,0.82,0.78
738,0.69,0.77,0.93,0.83,0.84,0.86,0.82,0.77
739,0.72,0.77,0.93,0.84,0.84,0.86,0.82,0.78
740,0.73,0.78,0.93,0.84,0.84,0.86,0.83,0.78
741,0.71,0.78,0.94,0.84,0.85,0.88,0.84,0.79
742,0.72,0.79,0.93,0.84,0.85,0.88,0.84,0.78
743,0.71,0.81,0.94,0.84,0.85,0.88,0.84,0.79
744,0.72,0.79,0.94,0.84,0.86,0.89,0.85,0.79
745,0.73,0.81,0.94,0.84,0.86,0.89,0.86,0.8
746,0.72,0.81,0.94,0.84,0.87,0.89,0.86,0.81
747,0.73,0.82,0.94,0.84,0.87,0.89,0.86,0.82
748,0.73,0.83,0.94,0.84,0.87,0.89,0.86,0.81
749,0.76,0.83,0.95,0.85,0.87,0.89,0.87,0.83
750,0.73,0.84,0.94,0.85,0.87,0.89,0.87,0.82
751,0.76,0.84,0.94,0.85,0.87,0.9,0.87,0.82
752,0.74,0.84,0.94,0.85,0.87,0.89,0.87,0.83
753,0.74,0.84,0.96,0.85,0.88,0.9,0.87,0.83
754,0.76,0.84,0.95,0.85,0.88,0.9,0.87,0.84
755,0.77,0.84,0.95,0.85,0.88,0.91,0.87,0.84
756,0.77,0.84,0.95,0.85,0.89,0.9,0.88,0.84
757,0.78,0.84,0.95,0.85,0.89,0.9,0.88,0.85
758,0.77,0.84,0.94,0.86,0.88,0.9,0.88,0.84
759,0.79,0.84,0.95,0.86,0.88,0.9,0.88,0.85
760,0.77,0.82,0.95,0.86,0.88,0.91,0.87,0.84
761,0.78,0.83,0.94,0.86,0.89,0.91,0.87,0.85
762,0.81,0.83,0.94,0.86,0.88,0.91,0.87,0.85
763,0.78,0.83,0.94,0.86,0.88,0.91,0.87,0.85
764,0.79,0.83,0.94,0.86,0.88,0.9,0.87,0.85
765,0.79,0.83,0.94,0.86,0.88,0.9,0.86,0.85
766,0.82,0.82,0.93,0.86,0.88,0.9,0.86,0.85
767,0.81,0.82,0.93,0.86,0.88,0.9,0.86,0.85
768,0.82,0.81,0.94,0.86,0.88,0.9,0.86,0.85
769,0.82,0.82,0.93,0.87,0.88,0.9,0.86,0.84
770,0.82,0.8,0.93,0.87,0.87,0.9,0.85,0.84
771,0.82,0.8,0.93,0.87,0.87,0.9,0.84,0.84
772,0.83,0.8,0.92,0.87,0.88,0.9,0.85,0.85
773,0.85,0.8,0.92,0.87,0.87,0.9,0.84,0.84
774,0.83,0.8,0.92,0.87,0.87,0.89,0.84,0.84
775,0.83,0.79,0.92,0.87,0.87,0.89,0.84,0.84
776,0.82,0.79,0.92,0.87,0.86,0.89,0.84,0.83
777,0.82,0.77,0.91,0.87,0.86,0.88,0.84,0.83
778,0.83,0.77,0.91,0.87,0.86,0.89,0.83,0.82
779,0.83,0.77,0.91,0.87,0.86,0.89,0.84,0.83
780,0.82,0.76,0.9,0.87,0.86,0.88,0.83,0.82
781,0.85,0.77,0.9,0.87,0.85,0.87,0.82,0.82
782,0.82,0.76,0.9,0.86,0.85,0.87,0.82,0.82
783,0.82,0.76,0.89,0.87,0.85,0.87,0.82,0.82
784,0.81,0.76,0.89,0.86,0.84,0.87,0.82,0.81
785,0.82,0.76,0.89,0.86,0.84,0.88,0.82,0.82
786,0.81,0.76,0.89,0.87,0.84,0.87,0.81,0.8
787,0.81,0.75,0.9,0.87,0.84,0.87,0.81,0.81
788,0.81,0.74,0.89,0.87,0.84,0.87,0.81,0.8
789,0.79,0.75,0.9,0.87,0.84,0.87,0.81,0.81
790,0.81,0.75,0.89,0.87,0.84,0.87,0.81,0.81
791,0.82,0.76,0.89,0.87,0.83,0.86,0.81,0.8
792,0.81,0.74,0.9,0.86,0.83,0.86,0.81,0.8
793,0.81,0.76,0.9,0.86,0.83,0.86,0.81,0.8
794,0.82,0.76,0.9,0.87,0.83,0.86,0.81,0.79
795,0.83,0.76,0.9,0.87,0.83,0.86,0.81,0.8
796,0.81,0.76,0.9,0.87,0.83,0.86,0.81,0.79
797,0.82,0.77,0.9,0.87,0.83,0.87,0.81,0.79
798,0.81,0.77,0.9,0.87,0.83,0.87,0.81,0.8
799,0.82,0.78,0.9,0.87,0.83,0.87,0.81,0.79
800,0.82,0.78,0.9,0.87,0.83,0.87,0.81,0.8
801,0.83,0.79,0.91,0.87,0.83,0.87,0.81,0.8
802,0.83,0.8,0.91,0.87,0.83,0.87,0.82,0.8
803,0.82,0.8,0.91,0.87,0.83,0.87,0.82,0.79
804,0.83,0.81,0.92,0.87,0.83,0.87,0.82,0.8
805,0.83,0.81,0.92,0.87,0.84,0.88,0.82,0.79
806,0.86,0.82,0.92,0.87,0.84,0.88,0.82,0.79
807,0.85,0.81,0.93,0.87,0.84,0.88,0.83,0.8
808,0.83,0.83,0.93,0.87,0.84,0.88,0.83,0.8
809,0.85,0.84,0.93,0.87,0.84,0.88,0.82,0.8
810,0.85,0.83,0.93,0.87,0.84,0.88,0.83,0.8
811,0.86,0.83,0.93,0.88,0.84,0.87,0.83,0.8
812,0.85,0.84,0.93,0.88,0.84,0.88,0.83,0.8
813,0.87,0.84,0.94,0.88,0.84,0.88,0.83,0.81
814,0.83,0.84,0.94,0.88,0.84,0.88,0.84,0.81
815,0.83,0.84,0.93,0.88,0.85,0.88,0.84,0.81
816,0.86,0.84,0.94,0.88,0.85,0.88,0.84,0.81
817,0.83,0.84,0.94,0.88,0.86,0.88,0.85,0.82
818,0.83,0.84,0.94,0.88,0.86,0.89,0.86,0.82
819,0.85,0.84,0.94,0.88,0.85,0.89,0.86,0.82
820,0.82,0.83,0.94,0.88,0.86,0.89,0.86,0.82
821,0.82,0.84,0.95,0.88,0.86,0.89,0.86,0.82
822,0.82,0.83,0.95,0.88,0.86,0.89,0.86,0.82
823,0.83,0.83,0.95,0.88,0.86,0.89,0.86,0.83
824,0.82,0.83,0.94,0.88,0.86,0.89,0.86,0.83
825,0.82,0.82,0.94,0.88,0.86,0.89,0.86,0.83
826,0.81,0.83,0.94,0.89,0.86,0.9,0.87,0.83
827,0.82,0.83,0.94,0.88,0.86,0.9,0.88,0.83
828,0.83,0.82,0.94,0.89,0.86,0.9,0.87,0.83
829,0.79,0.82,0.94,0.89,0.86,0.89,0.87,0.83
830,0.79,0.81,0.94,0.89,0.86,0.9,0.87,0.83
831,0.83,0.81,0.94,0.88,0.86,0.9,0.86,0.83
832,0.79,0.81,0.94,0.89,0.86,0.89,0.87,0.83
833,0.82,0.81,0.94,0.89,0.86,0.9,0.86,0.83
834,0.82,0.8,0.93,0.89,0.86,0.9,0.86,0.83
835,0.81,0.8,0.94,0.89,0.86,0.9,0.86,0.83
836,0.78,0.8,0.93,0.89,0.86,0.9,0.86,0.82
837,0.78,0.8,0.93,0.89,0.86,0.9,0.86,0.83
838,0.78,0.79,0.94,0.89,0.86,0.9,0.86,0.83
839,0.78,0.8,0.93,0.89,0.86,0.89,0.86,0.82
840,0.79,0.79,0.93,0.89,0.86,0.9,0.85,0.82
841,0.78,0.79,0.92,0.89,0.86,0.89,0.86,0.82
842,0.78,0.79,0.93,0.89,0.86,0.9,0.85,0.82
843,0.78,0.79,0.92,0.89,0.85,0.9,0.85,0.83
844,0.78,0.8,0.92,0.89,0.85,0.9,0.85,0.82
845,0.79,0.8,0.92,0.89,0.86,0.9,0.86,0.82
846,0.77,0.8,0.92,0.89,0.86,0.9,0.86,0.83
847,0.78,0.8,0.92,0.89,0.86,0.9,0.87,0.83
848,0.77,0.8,0.92,0.89,0.86,0.9,0.87,0.84
849,0.77,0.8,0.92,0.89,0.86,0.9,0.87,0.82
850,0.77,0.81,0.92,0.89,0.87,0.9,0.88,0.83
851,0.77,0.81,0.92,0.9,0.87,0.9,0.89,0.84
852,0.77,0.81,0.92,0.9,0.88,0.9,0.89,0.84
853,0.79,0.81,0.92,0.9,0.87,0.9,0.89,0.84
854,0.78,0.82,0.92,0.9,0.88,0.91,0.9,0.86
855,0.77,0.82,0.93,0.9,0.88,0.91,0.91,0.86
856,0.76,0.82,0.93,0.9,0.88,0.9,0.92,0.86
857,0.77,0.83,0.93,0.9,0.88,0.91,0.93,0.87
858,0.78,0.83,0.93,0.9,0.89,0.91,0.93,0.88
859,0.76,0.84,0.93,0.9,0.89,0.91,0.94,0.88
860,0.77,0.84,0.93,0.9,0.89,0.91,0.94,0.88
861,0.77,0.83,0.94,0.9,0.89,0.91,0.94,0.88
862,0.79,0.83,0.94,0.9,0.9,0.92,0.94,0.89
863,0.77,0.84,0.94,0.9,0.9,0.91,0.93,0.89
864,0.78,0.84,0.94,0.9,0.9,0.92,0.94,0.9
865,0.78,0.83,0.94,0.9,0.9,0.92,0.94,0.9
866,0.78,0.83,0.94,0.9,0.9,0.92,0.94,0.9
867,0.78,0.83,0.94,0.9,0.91,0.92,0.94,0.9
868,0.78,0.83,0.94,0.9,0.9,0.92,0.94,0.9
869,0.78,0.83,0.94,0.9,0.9,0.92,0.94,0.9
870,0.78,0.83,0.94,0.9,0.9,0.92,0.94,0.9
871,0.79,0.83,0.94,0.9,0.91,0.92,0.94,0.9
872,0.78,0.83,0.94,0.9,0.91,0.92,0.93,0.91
873,0.79,0.83,0.94,0.9,0.9,0.92,0.93,0.89
874,0.78,0.81,0.94,0.9,0.9,0.92,0.93,0.9
875,0.79,0.81,0.94,0.9,0.91,0.92,0.93,0.9
876,0.78,0.81,0.94,0.9,0.9,0.92,0.93,0.89
877,0.79,0.81,0.93,0.9,0.9,0.92,0.93,0.89
878,0.78,0.81,0.93,0.9,0.9,0.92,0.93,0.9
879,0.78,0.81,0.93,0.9,0.9,0.92,0.93,0.9
880,0.79,0.82,0.94,0.9,0.9,0.91,0.93,0.9
881,0.79,0.83,0.93,0.9,0.9,0.91,0.92,0.89
882,0.79,0.83,0.93,0.9,0.9,0.91,0.93,0.9
883,0.81,0.83,0.94,0.9,0.9,0.92,0.93,0.9
884,0.79,0.83,0.93,0.9,0.9,0.91,0.93,0.9
885,0.79,0.83,0.93,0.9,0.9,0.91,0.93,0.9
886,0.81,0.83,0.93,0.9,0.91,0.91,0.93,0.9
887,0.81,0.83,0.94,0.91,0.91,0.91,0.93,0.9
888,0.81,0.83,0.94,0.9,0.9,0.91,0.92,0.9
889,0.82,0.84,0.93,0.9,0.9,0.91,0.92,0.9
890,0.83,0.84,0.94,0.92,0.9,0.91,0.93,0.9
891,0.82,0.84,0.94,0.91,0.9,0.91,0.92,0.9
892,0.85,0.84,0.94,0.92,0.89,0.9,0.92,0.9
893,0.83,0.85,0.93,0.92,0.89,0.91,0.91,0.89
894,0.83,0.83,0.93,0.92,0.9,0.91,0.91,0.9
895,0.85,0.84,0.93,0.91,0.89,0.91,0.91,0.89
896,0.85,0.84,0.93,0.91,0.89,0.9,0.9,0.88
897,0.87,0.84,0.93,0.91,0.89,0.91,0.9,0.89
898,0.86,0.84,0.93,0.91,0.88,0.91,0.9,0.89
899,0.86,0.84,0.93,0.91,0.88,0.9,0.89,0.88
900,0.86,0.84,0.93,0.91,0.88,0.9,0.88,0.87
901,0.86,0.83,0.92,0.91,0.88,0.9,0.88,0.87
902,0.88,0.84,0.92,0.91,0.88,0.9,0.88,0.87
903,0.87,0.83,0.93,0.91,0.88,0.9,0.88,0.87
904,0.88,0.83,0.93,0.91,0.88,0.9,0.88,0.87
905,0.87,0.84,0.92,0.91,0.88,0.9,0.88,0.86
906,0.87,0.82,0.92,0.91,0.88,0.9,0.88,0.86
907,0.87,0.82,0.92,0.91,0.88,0.9,0.87,0.85
908,0.87,0.84,0.92,0.91,0.88,0.9,0.88,0.86
909,0.87,0.83,0.93,0.91,0.88,0.9,0.88,0.86
910,0.88,0.84,0.92,0.91,0.88,0.9,0.88,0.86
911,0.87,0.84,0.93,0.91,0.88,0.9,0.88,0.86
912,0.87,0.84,0.92,0.91,0.88,0.9,0.88,0.86
913,0.87,0.85,0.93,0.91,0.89,0.9,0.88,0.86
914,0.87,0.85,0.93,0.91,0.89,0.9,0.88,0.86
915,0.86,0.85,0.93,0.91,0.89,0.9,0.88,0.86
916,0.88,0.85,0.93,0.91,0.9,0.9,0.88,0.86
917,0.86,0.86,0.93,0.91,0.9,0.9,0.88,0.86
918,0.87,0.86,0.93,0.91,0.9,0.9,0.88,0.86
919,0.86,0.86,0.93,0.91,0.9,0.9,0.88,0.86
920,0.86,0.86,0.93,0.92,0.9,0.91,0.88,0.86
921,0.85,0.86,0.93,0.92,0.91,0.91,0.9,0.86
922,0.85,0.86,0.93,0.92,0.91,0.91,0.89,0.86
923,0.85,0.87,0.93,0.92,0.9,0.91,0.88,0.86
924,0.85,0.86,0.93,0.92,0.91,0.92,0.9,0.86
925,0.85,0.86,0.93,0.92,0.91,0.92,0.89,0.86
926,0.83,0.86,0.93,0.92,0.91,0.92,0.9,0.87
927,0.83,0.86,0.94,0.92,0.92,0.92,0.9,0.87
928,0.83,0.87,0.94,0.93,0.92,0.92,0.89,0.87
929,0.83,0.87,0.94,0.93,0.92,0.92,0.9,0.87
930,0.82,0.87,0.94,0.93,0.93,0.93,0.9,0.88
931,0.83,0.88,0.94,0.93,0.92,0.93,0.9,0.87
932,0.81,0.86,0.94,0.93,0.93,0.93,0.9,0.88
933,0.82,0.88,0.94,0.93,0.93,0.92,0.9,0.88
934,0.79,0.86,0.94,0.93,0.93,0.93,0.9,0.89
935,0.79,0.85,0.94,0.93,0.93,0.93,0.91,0.89
936,0.82,0.85,0.94,0.93,0.93,0.93,0.9,0.88
937,0.79,0.85,0.94,0.93,0.94,0.94,0.9,0.89
938,0.81,0.85,0.94,0.93,0.94,0.94,0.91,0.89
939,0.78,0.85,0.94,0.93,0.94,0.94,0.91,0.89
940,0.78,0.84,0.93,0.94,0.94,0.94,0.9,0.89
941,0.78,0.84,0.94,0.94,0.94,0.94,0.91,0.89
942,0.81,0.85,0.93,0.92,0.93,0.94,0.9,0.88
943,0.77,0.83,0.93,0.94,0.93,0.94,0.91,0.89
944,0.77,0.83,0.92,0.93,0.94,0.94,0.9,0.88
945,0.77,0.84,0.92,0.92,0.93,0.94,0.9,0.88
946,0.77,0.83,0.92,0.93,0.93,0.95,0.9,0.88
947,0.77,0.81,0.92,0.93,0.93,0.94,0.9,0.88
948,0.77,0.82,0.92,0.93,0.93,0.94,0.9,0.87
949,0.78,0.82,0.92,0.93,0.93,0.94,0.9,0.88
950,0.81,0.81,0.91,0.93,0.93,0.94,0.89,0.88
951,0.78,0.81,0.92,0.93,0.93,0.94,0.9,0.89
952,0.79,0.82,0.91,0.93,0.93,0.94,0.89,0.87
953,0.79,0.81,0.91,0.92,0.92,0.94,0.89,0.87
954,0.79,0.82,0.91,0.92,0.92,0.94,0.89,0.87
955,0.81,0.81,0.91,0.92,0.92,0.94,0.89,0.87
956,0.82,0.82,0.91,0.92,0.92,0.93,0.88,0.87
957,0.82,0.83,0.91,0.92,0.92,0.94,0.89,0.88
958,0.83,0.82,0.9,0.92,0.92,0.94,0.88,0.86
959,0.83,0.82,0.91,0.93,0.92,0.93,0.88,0.87
960,0.85,0.81,0.9,0.92,0.91,0.93,0.88,0.87
961,0.86,0.84,0.9,0.92,0.9,0.92,0.88,0.86
962,0.86,0.82,0.91,0.92,0.9,0.92,0.87,0.86
963,0.88,0.82,0.91,0.92,0.9,0.92,0.88,0.85
964,0.87,0.82,0.91,0.92,0.9,0.91,0.87,0.85
965,0.87,0.83,0.91,0.92,0.9,0.91,0.86,0.85
966,0.87,0.84,0.91,0.92,0.9,0.92,0.86,0.85
967,0.87,0.83,0.91,0.92,0.89,0.92,0.87,0.85
968,0.91,0.84,0.91,0.92,0.89,0.92,0.86,0.85
969,0.88,0.84,0.91,0.92,0.89,0.91,0.86,0.84
970,0.88,0.85,0.91,0.93,0.89,0.91,0.86,0.84
971,0.88,0.85,0.92,0.92,0.89,0.91,0.87,0.84
972,0.88,0.85,0.92,0.93,0.88,0.91,0.85,0.83
973,0.91,0.85,0.92,0.93,0.88,0.91,0.85,0.83
974,0.87,0.84,0.92,0.93,0.88,0.91,0.86,0.84
975,0.87,0.84,0.92,0.93,0.88,0.9,0.85,0.83
976,0.87,0.84,0.92,0.93,0.88,0.91,0.86,0.84
977,0.87,0.84,0.92,0.93,0.88,0.91,0.85,0.84
978,0.87,0.84,0.93,0.93,0.88,0.91,0.86,0.84
979,0.86,0.83,0.92,0.93,0.87,0.91,0.85,0.84
980,0.87,0.82,0.92,0.93,0.86,0.9,0.85,0.83
981,0.88,0.81,0.92,0.93,0.86,0.9,0.85,0.83
982,0.86,0.81,0.92,0.93,0.86,0.9,0.86,0.84
983,0.85,0.81,0.92,0.93,0.86,0.89,0.84,0.83
984,0.85,0.8,0.92,0.93,0.86,0.89,0.84,0.83
985,0.85,0.8,0.91,0.93,0.85,0.9,0.85,0.84
986,0.86,0.79,0.92,0.93,0.85,0.9,0.85,0.84
987,0.83,0.79,0.91,0.93,0.85,0.89,0.85,0.84
988,0.83,0.79,0.91,0.93,0.85,0.89,0.84,0.83
989,0.83,0.78,0.9,0.93,0.85,0.89,0.84,0.83
990,0.82,0.79,0.9,0.93,0.85,0.88,0.84,0.84
991,0.82,0.78,0.9,0.93,0.85,0.88,0.83,0.83
992,0.82,0.78,0.9,0.93,0.85,0.88,0.83,0.83
993,0.82,0.79,0.9,0.92,0.84,0.88,0.83,0.82
994,0.81,0.78,0.9,0.93,0.84,0.88,0.83,0.83
995,0.81,0.78,0.9,0.92,0.85,0.88,0.83,0.83
996,0.81,0.78,0.9,0.92,0.84,0.88,0.83,0.82
997,0.81,0.78,0.9,0.92,0.84,0.88,0.83,0.82
998,0.79,0.77,0.9,0.92,0.84,0.88,0.83,0.82
999,0.82,0.79,0.9,0.92,0.83,0.88,0.83,0.81
1000,0.79,0.78,0.9,0.92,0.83,0.88,0.83,0.81
1001,0.79,0.8,0.9,0.92,0.83,0.88,0.83,0.82
1002,0.79,0.8,0.9,0.92,0.83,0.88,0.83,0.81
1003,0.79,0.81,0.9,0.92,0.83,0.87,0.84,0.82
1004,0.79,0.8,0.9,0.92,0.83,0.88,0.84,0.82
1005,0.82,0.8,0.9,0.92,0.83,0.88,0.84,0.82
1006,0.79,0.8,0.9,0.92,0.83,0.88,0.84,0.82
1007,0.79,0.81,0.91,0.92,0.83,0.88,0.83,0.81
1008,0.82,0.81,0.9,0.92,0.83,0.87,0.83,0.81
1009,0.81,0.81,0.9,0.92,0.83,0.87,0.84,0.82
1010,0.81,0.81,0.9,0.92,0.83,0.87,0.83,0.81
1011,0.81,0.8,0.9,0.92,0.83,0.87,0.83,0.81
1012,0.82,0.81,0.91,0.92,0.83,0.87,0.84,0.82
1013,0.81,0.8,0.92,0.92,0.83,0.87,0.84,0.81
1014,0.81,0.81,0.91,0.92,0.83,0.87,0.84,0.82
1015,0.85,0.81,0.91,0.92,0.83,0.88,0.83,0.81
1016,0.82,0.81,0.91,0.92,0.84,0.88,0.84,0.82
1017,0.83,0.81,0.91,0.92,0.84,0.88,0.84,0.83
1018,0.82,0.8,0.91,0.92,0.83,0.88,0.83,0.82
1019,0.82,0.8,0.91,0.92,0.84,0.88,0.84,0.82
1020,0.82,0.8,0.91,0.92,0.83,0.87,0.83,0.81
1021,0.86,0.8,0.91,0.92,0.84,0.88,0.84,0.82
1022,0.83,0.8,0.91,0.92,0.83,0.87,0.83,0.81
1023,0.86,0.8,0.91,0.92,0.83,0.87,0.83,0.81
1024,0.86,0.8,0.91,0.92,0.84,0.87,0.83,0.82
1025,0.85,0.8,0.91,0.93,0.83,0.87,0.84,0.82
1026,0.85,0.8,0.9,0.93,0.83,0.87,0.83,0.81
1027,0.85,0.79,0.9,0.93,0.83,0.87,0.83,0.81
1028,0.86,0.8,0.91,0.93,0.83,0.87,0.83,0.81
1029,0.86,0.79,0.9,0.93,0.82,0.87,0.83,0.81
1030,0.86,0.79,0.9,0.93,0.82,0.87,0.83,0.81
1031,0.85,0.79,0.9,0.93,0.82,0.87,0.83,0.81
1032,0.85,0.8,0.91,0.93,0.82,0.87,0.83,0.81
1033,0.85,0.8,0.91,0.93,0.82,0.87,0.82,0.81
1034,0.85,0.8,0.9,0.93,0.82,0.86,0.82,0.8
1035,0.85,0.8,0.9,0.93,0.82,0.86,0.83,0.81
1036,0.83,0.8,0.9,0.93,0.82,0.87,0.83,0.81
1037,0.85,0.8,0.9,0.93,0.82,0.86,0.83,0.81
1038,0.83,0.8,0.9,0.93,0.82,0.86,0.82,0.81
1039,0.83,0.8,0.9,0.93,0.82,0.86,0.82,0.8
1040,0.83,0.8,0.9,0.93,0.81,0.86,0.82,0.8
1041,0.83,0.82,0.91,0.93,0.81,0.86,0.82,0.81
1042,0.83,0.82,0.91,0.93,0.81,0.86,0.81,0.81
1043,0.83,0.82,0.91,0.93,0.81,0.86,0.81,0.8
1044,0.85,0.82,0.91,0.93,0.8,0.86,0.81,0.8
1045,0.86,0.82,0.91,0.93,0.8,0.86,0.81,0.8
1046,0.85,0.82,0.91,0.93,0.8,0.86,0.8,0.79
1047,0.85,0.82,0.91,0.93,0.79,0.85,0.8,0.79
1048,0.86,0.81,0.91,0.93,0.79,0.85,0.8,0.79
1049,0.86,0.81,0.91,0.93,0.79,0.85,0.8,0.78
1050,0.86,0.82,0.91,0.93,0.79,0.85,0.79,0.78
1051,0.86,0.83,0.91,0.93,0.79,0.85,0.79,0.78
1052,0.87,0.81,0.91,0.93,0.79,0.85,0.78,0.78
1053,0.87,0.83,0.92,0.93,0.79,0.85,0.79,0.78
1054,0.9,0.83,0.92,0.93,0.79,0.85,0.78,0.78
1055,0.87,0.83,0.92,0.93,0.79,0.85,0.79,0.78
1056,0.91,0.83,0.92,0.93,0.78,0.84,0.79,0.77
1057,0.88,0.84,0.92,0.93,0.79,0.85,0.78,0.77
1058,0.87,0.84,0.92,0.93,0.78,0.84,0.78,0.76
1059,0.9,0.84,0.92,0.93,0.78,0.84,0.79,0.76
1060,0.87,0.84,0.92,0.93,0.78,0.84,0.8,0.76
1061,0.88,0.84,0.92,0.93,0.78,0.84,0.8,0.76
1062,0.87,0.84,0.92,0.93,0.78,0.84,0.8,0.76
1063,0.86,0.84,0.92,0.93,0.78,0.84,0.81,0.76
1064,0.86,0.85,0.92,0.93,0.78,0.84,0.81,0.76
1065,0.85,0.86,0.93,0.93,0.78,0.84,0.82,0.76
1066,0.85,0.86,0.93,0.93,0.78,0.84,0.82,0.78
1067,0.86,0.86,0.93,0.93,0.78,0.84,0.82,0.77
1068,0.85,0.86,0.92,0.93,0.78,0.84,0.82,0.78
1069,0.83,0.86,0.93,0.94,0.79,0.85,0.84,0.79
1070,0.85,0.86,0.93,0.94,0.79,0.84,0.84,0.78
1071,0.83,0.86,0.93,0.94,0.79,0.84,0.84,0.8
1072,0.82,0.86,0.92,0.94,0.79,0.84,0.84,0.79
1073,0.82,0.87,0.92,0.94,0.79,0.84,0.84,0.79
1074,0.81,0.85,0.93,0.94,0.79,0.84,0.84,0.8
1075,0.83,0.86,0.93,0.94,0.79,0.84,0.84,0.8
1076,0.81,0.85,0.93,0.94,0.79,0.84,0.84,0.8
1077,0.81,0.86,0.93,0.94,0.79,0.84,0.84,0.8
1078,0.79,0.85,0.93,0.94,0.8,0.84,0.84,0.8
1079,0.81,0.84,0.93,0.94,0.8,0.84,0.85,0.82
1080,0.79,0.84,0.93,0.94,0.8,0.84,0.84,0.81
1081,0.79,0.84,0.93,0.94,0.8,0.84,0.85,0.8
1082,0.79,0.84,0.93,0.94,0.8,0.85,0.85,0.81
1083,0.79,0.84,0.92,0.94,0.8,0.84,0.85,0.81
1084,0.79,0.84,0.92,0.94,0.8,0.85,0.84,0.8
1085,0.82,0.84,0.92,0.94,0.8,0.85,0.84,0.81
1086,0.83,0.85,0.92,0.94,0.81,0.85,0.84,0.81
1087,0.81,0.84,0.92,0.94,0.81,0.85,0.84,0.81
1088,0.81,0.84,0.92,0.94,0.81,0.85,0.84,0.8
1089,0.82,0.84,0.92,0.94,0.81,0.85,0.84,0.8
1090,0.82,0.84,0.91,0.94,0.81,0.85,0.84,0.81
1091,0.82,0.84,0.91,0.94,0.82,0.85,0.84,0.81
1092,0.82,0.84,0.91,0.94,0.82,0.85,0.84,0.8
1093,0.86,0.84,0.92,0.94,0.82,0.85,0.85,0.82
1094,0.82,0.84,0.92,0.94,0.82,0.85,0.85,0.82
1095,0.82,0.85,0.91,0.94,0.82,0.85,0.85,0.81
1096,0.85,0.85,0.91,0.94,0.82,0.85,0.86,0.82
1097,0.85,0.85,0.91,0.94,0.82,0.85,0.86,0.82
1098,0.86,0.86,0.91,0.94,0.82,0.85,0.86,0.83
1099,0.87,0.86,0.91,0.94,0.83,0.85,0.87,0.83
1100,0.86,0.86,0.91,0.94,0.83,0.85,0.87,0.83
1101,0.87,0.84,0.91,0.94,0.82,0.85,0.87,0.83
1102,0.87,0.86,0.91,0.94,0.83,0.85,0.88,0.84
1103,0.88,0.85,0.91,0.94,0.83,0.85,0.88,0.84
1104,0.88,0.85,0.91,0.94,0.83,0.85,0.88,0.84
1105,0.88,0.84,0.91,0.94,0.84,0.86,0.88,0.85
1106,0.9,0.85,0.91,0.94,0.84,0.85,0.89,0.85
1107,0.9,0.85,0.92,0.94,0.84,0.85,0.9,0.85
1108,0.9,0.85,0.92,0.94,0.84,0.85,0.9,0.86
1109,0.9,0.85,0.92,0.94,0.83,0.85,0.9,0.86
1110,0.91,0.84,0.92,0.94,0.83,0.85,0.91,0.86
1111,0.92,0.86,0.92,0.94,0.83,0.85,0.91,0.86
1112,0.94,0.84,0.92,0.95,0.84,0.85,0.92,0.87
1113,0.92,0.85,0.92,0.95,0.84,0.85,0.91,0.86
1114,0.92,0.85,0.92,0.95,0.84,0.85,0.91,0.87
1115,0.92,0.86,0.92,0.95,0.84,0.85,0.93,0.88
1116,0.92,0.84,0.92,0.95,0.84,0.85,0.92,0.87
1117,0.94,0.84,0.92,0.95,0.84,0.85,0.92,0.87
1118,0.91,0.85,0.92,0.95,0.84,0.85,0.92,0.87
1119,0.94,0.84,0.92,0.95,0.85,0.85,0.92,0.87
1120,0.91,0.85,0.92,0.94,0.85,0.85,0.93,0.88
1121,0.91,0.84,0.92,0.94,0.85,0.85,0.93,0.88
1122,0.92,0.85,0.92,0.95,0.85,0.84,0.93,0.87
1123,0.91,0.84,0.92,0.95,0.85,0.85,0.93,0.89
1124,0.91,0.84,0.92,0.95,0.85,0.85,0.94,0.88
1125,0.91,0.84,0.92,0.94,0.85,0.85,0.93,0.88
1126,0.91,0.84,0.92,0.94,0.85,0.86,0.93,0.87
1127,0.91,0.83,0.91,0.94,0.85,0.85,0.93,0.87
1128,0.91,0.83,0.92,0.94,0.85,0.86,0.94,0.88
1129,0.92,0.83,0.91,0.95,0.86,0.86,0.94,0.88
1130,0.91,0.84,0.92,0.95,0.85,0.86,0.94,0.9
1131,0.91,0.84,0.92,0.94,0.85,0.86,0.95,0.89
1132,0.91,0.82,0.92,0.95,0.86,0.86,0.94,0.89
1133,0.94,0.84,0.92,0.94,0.85,0.86,0.94,0.89
1134,0.92,0.83,0.91,0.95,0.85,0.86,0.94,0.89
1135,0.91,0.83,0.91,0.95,0.86,0.86,0.94,0.9
1136,0.92,0.83,0.91,0.95,0.87,0.86,0.94,0.9
1137,0.91,0.83,0.91,0.95,0.86,0.86,0.94,0.89
1138,0.92,0.83,0.91,0.95,0.87,0.86,0.94,0.89
1139,0.92,0.83,0.92,0.95,0.87,0.86,0.94,0.89
1140,0.92,0.84,0.92,0.95,0.88,0.87,0.94,0.9
1141,0.92,0.85,0.92,0.95,0.87,0.87,0.94,0.89
1142,0.92,0.85,0.92,0.95,0.88,0.87,0.93,0.89
1143,0.92,0.84,0.92,0.95,0.88,0.88,0.94,0.91
1144,0.92,0.85,0.92,0.95,0.88,0.88,0.94,0.89
1145,0.94,0.85,0.92,0.95,0.88,0.88,0.93,0.89
1146,0.91,0.85,0.92,0.95,0.88,0.88,0.93,0.89
1147,0.91,0.86,0.93,0.95,0.88,0.89,0.93,0.89
1148,0.92,0.86,0.93,0.96,0.89,0.89,0.93,0.89
1149,0.94,0.86,0.93,0.95,0.88,0.89,0.93,0.89
1150,0.91,0.86,0.93,0.96,0.89,0.89,0.93,0.89
1151,0.91,0.87,0.93,0.96,0.9,0.89,0.93,0.89
1152,0.9,0.85,0.93,0.96,0.89,0.9,0.93,0.89
1153,0.9,0.85,0.93,0.96,0.9,0.9,0.93,0.89
1154,0.9,0.87,0.93,0.96,0.9,0.9,0.92,0.89
1155,0.9,0.85,0.94,0.96,0.9,0.9,0.92,0.89
1156,0.88,0.87,0.94,0.96,0.9,0.9,0.92,0.89
1157,0.9,0.87,0.94,0.96,0.9,0.9,0.92,0.89
1158,0.87,0.86,0.93,0.96,0.9,0.9,0.92,0.89
1159,0.87,0.87,0.94,0.96,0.92,0.91,0.92,0.9
1160,0.87,0.87,0.93,0.96,0.91,0.9,0.92,0.89
1161,0.87,0.86,0.94,0.96,0.91,0.9,0.91,0.89
1162,0.88,0.86,0.94,0.96,0.91,0.9,0.91,0.88
1163,0.87,0.86,0.94,0.96,0.91,0.91,0.91,0.89
1164,0.87,0.86,0.94,0.96,0.91,0.91,0.92,0.89
1165,0.86,0.86,0.94,0.96,0.9,0.9,0.91,0.88
1166,0.87,0.86,0.94,0.96,0.9,0.9,0.91,0.89
1167,0.87,0.87,0.94,0.96,0.91,0.9,0.92,0.89
1168,0.87,0.86,0.94,0.96,0.91,0.9,0.92,0.9
1169,0.87,0.86,0.94,0.96,0.9,0.9,0.91,0.89
1170,0.88,0.86,0.94,0.96,0.91,0.9,0.91,0.88
1171,0.87,0.86,0.94,0.96,0.91,0.91,0.92,0.9
1172,0.87,0.86,0.95,0.96,0.91,0.9,0.91,0.89
1173,0.9,0.86,0.95,0.96,0.91,0.9,0.91,0.89
1174,0.88,0.86,0.95,0.96,0.9,0.9,0.91,0.89
1175,0.87,0.87,0.95,0.97,0.91,0.9,0.91,0.89
1176,0.88,0.86,0.95,0.96,0.9,0.9,0.91,0.88
1177,0.88,0.88,0.94,0.96,0.9,0.9,0.91,0.88
1178,0.88,0.87,0.94,0.96,0.9,0.9,0.91,0.88
1179,0.9,0.87,0.94,0.96,0.9,0.9,0.91,0.88
1180,0.88,0.87,0.94,0.97,0.9,0.9,0.91,0.9
1181,0.88,0.85,0.94,0.97,0.9,0.9,0.92,0.89
1182,0.9,0.86,0.94,0.97,0.9,0.9,0.92,0.9
1183,0.9,0.84,0.94,0.97,0.89,0.9,0.91,0.89
1184,0.9,0.84,0.94,0.97,0.89,0.9,0.91,0.89
1185,0.91,0.85,0.93,0.97,0.89,0.9,0.91,0.89
1186,0.92,0.85,0.93,0.97,0.89,0.9,0.91,0.88
1187,0.9,0.84,0.93,0.97,0.89,0.9,0.91,0.89
1188,0.9,0.83,0.93,0.97,0.88,0.9,0.91,0.88
1189,0.9,0.84,0.93,0.97,0.88,0.9,0.91,0.89
1190,0.9,0.83,0.92,0.96,0.88,0.9,0.91,0.89
1191,0.9,0.83,0.92,0.97,0.88,0.9,0.91,0.89
1192,0.9,0.83,0.92,0.97,0.88,0.9,0.91,0.89
1193,0.9,0.83,0.91,0.97,0.88,0.9,0.9,0.89
1194,0.9,0.83,0.92,0.97,0.88,0.9,0.9,0.89
1195,0.88,0.83,0.92,0.97,0.89,0.9,0.9,0.89
1196,0.88,0.83,0.91,0.97,0.89,0.9,0.89,0.89
1197,0.88,0.84,0.92,0.97,0.89,0.9,0.89,0.89
1198,0.88,0.84,0.92,0.97,0.88,0.9,0.89,0.88
1199,0.9,0.84,0.92,0.97,0.88,0.9,0.89,0.88
1200,0.9,0.84,0.92,0.97,0.88,0.9,0.88,0.88
1201,0.88,0.84,0.92,0.97,0.88,0.9,0.88,0.87
1202,0.9,0.84,0.92,0.97,0.88,0.9,0.88,0.86
1203,0.9,0.85,0.92,0.97,0.88,0.9,0.89,0.87
1204,0.92,0.84,0.92,0.97,0.88,0.89,0.87,0.87
1205,0.9,0.85,0.93,0.97,0.87,0.89,0.87,0.86
1206,0.9,0.86,0.93,0.97,0.88,0.9,0.87,0.87
1207,0.88,0.86,0.93,0.97,0.87,0.89,0.87,0.87
1208,0.94,0.87,0.94,0.97,0.87,0.89,0.87,0.86
1209,0.91,0.87,0.94,0.97,0.88,0.89,0.87,0.86
1210,0.91,0.87,0.93,0.97,0.88,0.9,0.88,0.86
1211,0.91,0.87,0.93,0.97,0.87,0.9,0.87,0.86
1212,0.92,0.88,0.94,0.97,0.87,0.9,0.88,0.87
1213,0.92,0.88,0.94,0.97,0.87,0.89,0.87,0.86
1214,0.92,0.88,0.94,0.97,0.87,0.9,0.87,0.86
1215,0.92,0.88,0.94,0.97,0.87,0.9,0.88,0.86
1216,0.92,0.88,0.94,0.97,0.88,0.89,0.88,0.86
1217,0.94,0.88,0.93,0.97,0.88,0.89,0.88,0.86
1218,0.92,0.86,0.94,0.98,0.88,0.89,0.88,0.86
1219,0.92,0.86,0.94,0.97,0.87,0.89,0.88,0.86
1220,0.92,0.86,0.93,0.98,0.87,0.89,0.88,0.86
1221,0.94,0.86,0.93,0.98,0.87,0.9,0.88,0.86
1222,0.91,0.86,0.93,0.97,0.87,0.9,0.88,0.86
1223,0.91,0.86,0.93,0.98,0.87,0.9,0.89,0.86
1224,0.91,0.84,0.93,0.98,0.87,0.9,0.89,0.86
1225,0.9,0.84,0.93,0.98,0.87,0.89,0.88,0.86
1226,0.92,0.85,0.93,0.98,0.87,0.9,0.89,0.86
1227,0.91,0.85,0.93,0.98,0.87,0.9,0.88,0.87
1228,0.94,0.85,0.93,0.98,0.87,0.9,0.89,0.87
1229,0.9,0.85,0.93,0.98,0.87,0.9,0.89,0.86
1230,0.9,0.85,0.93,0.98,0.87,0.9,0.89,0.87
1231,0.91,0.86,0.93,0.98,0.87,0.9,0.89,0.86
1232,0.9,0.86,0.93,0.98,0.87,0.9,0.9,0.87
1233,0.9,0.88,0.93,0.98,0.88,0.9,0.9,0.87
1234,0.9,0.87,0.94,0.98,0.88,0.9,0.91,0.87
1235,0.9,0.87,0.94,0.98,0.88,0.9,0.91,0.87
1236,0.9,0.88,0.94,0.98,0.89,0.9,0.92,0.87
1237,0.88,0.88,0.93,0.98,0.89,0.9,0.92,0.87
1238,0.88,0.89,0.94,0.98,0.89,0.91,0.94,0.87
1239,0.88,0.9,0.94,0.97,0.89,0.91,0.94,0.88
1240,0.88,0.9,0.94,0.98,0.9,0.91,0.95,0.89
1241,0.88,0.91,0.94,0.98,0.91,0.91,0.95,0.9
1242,0.87,0.91,0.94,0.98,0.9,0.91,0.95,0.9
1243,0.88,0.91,0.95,0.98,0.92,0.92,0.96,0.91
1244,0.88,0.91,0.95,0.98,0.92,0.92,0.96,0.92
1245,0.88,0.93,0.96,0.98,0.92,0.92,0.96,0.93
1246,0.87,0.93,0.96,0.98,0.93,0.93,0.97,0.93
1247,0.91,0.93,0.96,0.98,0.93,0.92,0.97,0.94
1248,0.87,0.93,0.96,0.98,0.93,0.92,0.97,0.93
1249,0.88,0.93,0.96,0.99,0.94,0.92,0.98,0.94
1250,0.9,0.93,0.95,0.98,0.94,0.92,0.97,0.94
1251,0.91,0.93,0.94,0.99,0.94,0.92,0.97,0.95
1252,0.88,0.93,0.94,0.98,0.94,0.92,0.97,0.96
1253,0.88,0.93,0.94,0.99,0.94,0.92,0.97,0.96
1254,0.88,0.93,0.94,0.99,0.94,0.92,0.97,0.96
1255,0.9,0.93,0.93,0.99,0.93,0.92,0.97,0.96
1256,0.87,0.93,0.94,0.99,0.93,0.92,0.97,0.96
1257,0.88,0.94,0.94,0.99,0.93,0.92,0.98,0.96
1258,0.87,0.93,0.94,0.99,0.93,0.92,0.98,0.97
1259,0.88,0.91,0.94,0.99,0.93,0.92,0.97,0.97
1260,0.87,0.91,0.94,0.99,0.93,0.92,0.98,0.96
1261,0.87,0.92,0.93,0.99,0.93,0.92,0.98,0.97
1262,0.87,0.91,0.93,0.99,0.93,0.92,0.97,0.96
1263,0.9,0.91,0.93,0.99,0.92,0.92,0.97,0.97
1264,0.88,0.91,0.93,0.99,0.93,0.92,0.97,0.97
1265,0.88,0.91,0.93,0.99,0.93,0.92,0.97,0.97
1266,0.91,0.91,0.92,0.99,0.92,0.92,0.96,0.97
1267,0.9,0.91,0.93,0.99,0.92,0.92,0.96,0.96
1268,0.9,0.91,0.93,0.99,0.92,0.92,0.95,0.96
1269,0.88,0.91,0.93,0.99,0.92,0.92,0.95,0.96
1270,0.9,0.91,0.93,0.99,0.92,0.92,0.95,0.96
1271,0.91,0.91,0.92,0.99,0.92,0.91,0.94,0.96
1272,0.92,0.9,0.93,0.99,0.92,0.91,0.94,0.96
1273,0.91,0.9,0.92,0.99,0.92,0.91,0.94,0.96
1274,0.95,0.9,0.92,0.99,0.92,0.91,0.93,0.96
1275,0.92,0.89,0.92,0.99,0.9,0.91,0.92,0.94
1276,0.95,0.89,0.92,0.99,0.9,0.91,0.92,0.94
1277,0.96,0.88,0.92,0.99,0.9,0.91,0.92,0.94
1278,0.94,0.88,0.92,0.99,0.91,0.91,0.92,0.94
1279,0.96,0.88,0.91,0.99,0.9,0.91,0.91,0.93
1280,0.97,0.88,0.92,0.99,0.9,0.91,0.91,0.93
1281,0.97,0.89,0.92,0.99,0.9,0.91,0.91,0.93
1282,0.97,0.88,0.92,0.99,0.89,0.91,0.9,0.92
1283,0.97,0.89,0.92,0.99,0.89,0.91,0.9,0.91
1284,0.97,0.89,0.91,0.99,0.89,0.9,0.9,0.92
1285,0.99,0.88,0.91,0.99,0.89,0.9,0.89,0.91
1286,0.99,0.88,0.91,0.99,0.89,0.9,0.89,0.9
1287,0.99,0.88,0.91,0.99,0.88,0.89,0.89,0.91
1288,0.99,0.89,0.91,0.99,0.88,0.9,0.89,0.9
1289,1.0,0.89,0.91,0.99,0.88,0.9,0.89,0.9
1290,0.99,0.9,0.92,0.99,0.88,0.9,0.88,0.9
1291,0.99,0.9,0.91,0.99,0.88,0.9,0.89,0.9
1292,0.99,0.89,0.91,0.99,0.88,0.9,0.89,0.9
1293,0.99,0.89,0.91,0.99,0.88,0.89,0.88,0.9
1294,1.0,0.89,0.91,0.99,0.87,0.89,0.88,0.89
1295,0.97,0.88,0.91,0.99,0.87,0.89,0.88,0.89
1296,0.99,0.88,0.91,0.99,0.87,0.89,0.88,0.89
1297,0.97,0.88,0.91,0.99,0.87,0.88,0.88,0.88
1298,0.97,0.88,0.91,0.99,0.86,0.88,0.88,0.88
1299,0.96,0.88,0.91,0.99,0.86,0.88,0.88,0.88
1300,0.96,0.88,0.91,0.99,0.86,0.88,0.88,0.88
1301,0.95,0.88,0.91,0.99,0.86,0.88,0.88,0.88
1302,0.95,0.87,0.91,0.99,0.86,0.88,0.88,0.87
1303,0.99,0.88,0.91,0.99,0.86,0.88,0.88,0.88
1304,0.96,0.88,0.9,0.99,0.86,0.88,0.88,0.88
1305,0.95,0.87,0.91,0.99,0.86,0.88,0.89,0.88
1306,0.94,0.88,0.91,0.99,0.86,0.89,0.9,0.88
1307,0.95,0.87,0.9,0.99,0.86,0.89,0.9,0.88
1308,0.94,0.87,0.9,0.99,0.86,0.88,0.9,0.88
1309,0.92,0.87,0.9,0.99,0.86,0.88,0.9,0.88
1310,0.94,0.85,0.9,0.98,0.86,0.88,0.9,0.88
1311,0.92,0.85,0.9,0.99,0.86,0.88,0.9,0.88
1312,0.92,0.85,0.89,0.99,0.86,0.88,0.9,0.88
1313,0.92,0.84,0.89,0.99,0.86,0.88,0.89,0.88
1314,0.92,0.82,0.88,0.98,0.86,0.88,0.89,0.88
1315,0.91,0.82,0.88,0.98,0.85,0.88,0.9,0.88
1316,0.9,0.81,0.87,0.98,0.85,0.88,0.9,0.88
1317,0.9,0.81,0.87,0.98,0.85,0.88,0.89,0.88
1318,0.9,0.8,0.86,0.98,0.85,0.87,0.88,0.88
1319,0.88,0.8,0.85,0.98,0.85,0.87,0.88,0.87
1320,0.88,0.8,0.85,0.98,0.85,0.87,0.88,0.88
1321,0.87,0.77,0.85,0.98,0.84,0.87,0.87,0.87
1322,0.88,0.78,0.85,0.98,0.84,0.86,0.86,0.87
1323,0.87,0.77,0.84,0.97,0.84,0.86,0.86,0.87
1324,0.86,0.76,0.84,0.97,0.84,0.86,0.86,0.87
1325,0.85,0.76,0.84,0.97,0.84,0.86,0.85,0.86
1326,0.86,0.76,0.83,0.97,0.84,0.86,0.85,0.85
1327,0.86,0.75,0.83,0.97,0.84,0.85,0.85,0.85
1328,0.83,0.74,0.82,0.97,0.83,0.86,0.84,0.86
1329,0.83,0.74,0.82,0.97,0.83,0.86,0.84,0.84
1330,0.85,0.74,0.82,0.96,0.83,0.85,0.84,0.84
1331,0.82,0.73,0.81,0.96,0.82,0.85,0.83,0.84
1332,0.81,0.73,0.81,0.96,0.82,0.85,0.82,0.84
1333,0.79,0.71,0.81,0.96,0.82,0.85,0.82,0.83
1334,0.79,0.72,0.8,0.96,0.82,0.84,0.82,0.84
1335,0.79,0.71,0.8,0.96,0.82,0.84,0.82,0.83
1336,0.78,0.7,0.8,0.95,0.82,0.84,0.82,0.82
1337,0.78,0.71,0.8,0.95,0.81,0.84,0.82,0.83
1338,0.78,0.7,0.79,0.95,0.81,0.83,0.81,0.82
1339,0.77,0.69,0.79,0.95,0.81,0.84,0.81,0.82
1340,0.76,0.68,0.78,0.95,0.8,0.83,0.8,0.81
1341,0.78,0.69,0.77,0.94,0.79,0.83,0.79,0.81
1342,0.74,0.67,0.77,0.94,0.79,0.83,0.79,0.81
1343,0.74,0.67,0.77,0.94,0.79,0.83,0.79,0.8
1344,0.76,0.66,0.76,0.94,0.79,0.82,0.79,0.8
1345,0.72,0.66,0.75,0.94,0.78,0.82,0.78,0.79
1346,0.71,0.64,0.74,0.94,0.78,0.82,0.77,0.79
1347,0.71,0.65,0.74,0.93,0.78,0.81,0.77,0.78
1348,0.68,0.64,0.73,0.93,0.78,0.81,0.76,0.78
1349,0.71,0.63,0.72,0.93,0.77,0.8,0.75,0.77
1350,0.68,0.63,0.72,0.93,0.76,0.8,0.75,0.78
1351,0.67,0.62,0.72,0.92,0.76,0.8,0.75,0.78
1352,0.65,0.61,0.71,0.92,0.75,0.8,0.75,0.77
1353,0.68,0.62,0.71,0.92,0.75,0.79,0.74,0.76
1354,0.64,0.6,0.7,0.91,0.75,0.78,0.73,0.76
1355,0.65,0.6,0.69,0.91,0.74,0.78,0.73,0.75
1356,0.67,0.6,0.69,0.91,0.73,0.78,0.73,0.75
1357,0.64,0.59,0.69,0.9,0.73,0.77,0.72,0.74
1358,0.62,0.59,0.68,0.9,0.73,0.77,0.71,0.74
1359,0.62,0.57,0.67,0.9,0.73,0.76,0.71,0.73
1360,0.62,0.57,0.67,0.9,0.72,0.76,0.7,0.72
1361,0.63,0.57,0.66,0.89,0.7,0.75,0.69,0.72
1362,0.63,0.56,0.65,0.89,0.71,0.75,0.69,0.72
1363,0.59,0.55,0.65,0.89,0.7,0.75,0.69,0.71
1364,0.59,0.55,0.65,0.89,0.7,0.74,0.68,0.71
1365,0.6,0.55,0.64,0.88,0.69,0.74,0.67,0.7
1366,0.6,0.54,0.64,0.88,0.69,0.73,0.67,0.69
1367,0.58,0.54,0.63,0.88,0.68,0.72,0.66,0.68
1368,0.58,0.52,0.63,0.88,0.68,0.72,0.65,0.68
1369,0.56,0.52,0.61,0.87,0.68,0.72,0.65,0.67
1370,0.55,0.52,0.61,0.87,0.66,0.71,0.64,0.66
1371,0.56,0.52,0.6,0.87,0.66,0.71,0.64,0.66
1372,0.55,0.52,0.6,0.87,0.66,0.7,0.63,0.66
1373,0.54,0.51,0.59,0.86,0.65,0.7,0.62,0.65
1374,0.56,0.51,0.59,0.86,0.64,0.69,0.62,0.64
1375,0.54,0.5,0.58,0.86,0.64,0.69,0.61,0.64
1376,0.53,0.5,0.57,0.85,0.63,0.68,0.61,0.63
1377,0.53,0.5,0.57,0.85,0.63,0.68,0.61,0.63
1378,0.53,0.5,0.56,0.84,0.63,0.68,0.59,0.62
1379,0.55,0.5,0.56,0.84,0.62,0.67,0.59,0.61
1380,0.51,0.48,0.55,0.84,0.61,0.66,0.59,0.61
1381,0.53,0.48,0.55,0.84,0.61,0.66,0.58,0.61
1382,0.51,0.47,0.54,0.83,0.61,0.66,0.58,0.6
1383,0.5,0.47,0.54,0.82,0.6,0.65,0.57,0.59
1384,0.5,0.46,0.53,0.82,0.6,0.65,0.57,0.59
1385,0.51,0.46,0.52,0.82,0.59,0.64,0.56,0.59
1386,0.47,0.46,0.52,0.82,0.58,0.64,0.55,0.58
1387,0.49,0.46,0.52,0.82,0.58,0.63,0.55,0.57
1388,0.5,0.46,0.52,0.81,0.58,0.63,0.54,0.57
1389,0.47,0.44,0.5,0.8,0.57,0.62,0.54,0.56
1390,0.46,0.44,0.5,0.8,0.57,0.62,0.53,0.56
1391,0.46,0.44,0.5,0.8,0.56,0.62,0.53,0.55
1392,0.46,0.44,0.49,0.8,0.56,0.61,0.53,0.55
1393,0.46,0.43,0.48,0.79,0.55,0.6,0.52,0.55
1394,0.46,0.43,0.46,0.78,0.54,0.59,0.51,0.53
1395,0.45,0.42,0.46,0.78,0.53,0.58,0.5,0.52
1396,0.45,0.42,0.45,0.77,0.52,0.57,0.5,0.52
1397,0.45,0.42,0.44,0.77,0.52,0.56,0.48,0.51
1398,0.45,0.41,0.44,0.77,0.52,0.56,0.48,0.5
1399,0.44,0.41,0.44,0.77,0.5,0.56,0.48,0.5
1400,0.42,0.4,0.43,0.76,0.5,0.55,0.47,0.5
1401,0.44,0.4,0.43,0.76,0.49,0.55,0.47,0.49
1402,0.42,0.41,0.42,0.76,0.49,0.53,0.46,0.48
1403,0.42,0.4,0.42,0.75,0.49,0.54,0.46,0.48
1404,0.41,0.38,0.42,0.75,0.48,0.53,0.44,0.47
1405,0.44,0.38,0.41,0.75,0.47,0.52,0.45,0.47
1406,0.41,0.38,0.4,0.74,0.47,0.52,0.44,0.46
1407,0.4,0.38,0.4,0.74,0.47,0.51,0.43,0.46
1408,0.4,0.37,0.39,0.74,0.46,0.51,0.43,0.45
1409,0.41,0.38,0.39,0.74,0.45,0.5,0.42,0.44
1410,0.4,0.37,0.39,0.73,0.45,0.5,0.42,0.44
1411,0.42,0.37,0.38,0.73,0.45,0.5,0.42,0.44
1412,0.41,0.36,0.38,0.72,0.45,0.5,0.41,0.43
1413,0.41,0.35,0.37,0.72,0.43,0.49,0.41,0.43
1414,0.38,0.35,0.37,0.72,0.43,0.48,0.41,0.42
1415,0.38,0.35,0.36,0.71,0.42,0.48,0.4,0.41
1416,0.37,0.35,0.36,0.71,0.42,0.48,0.39,0.41
1417,0.37,0.35,0.35,0.71,0.42,0.48,0.39,0.41
1418,0.37,0.34,0.35,0.71,0.41,0.46,0.39,0.4
1419,0.37,0.35,0.34,0.7,0.41,0.46,0.38,0.4
1420,0.36,0.35,0.34,0.7,0.4,0.46,0.37,0.39
1421,0.36,0.34,0.33,0.69,0.39,0.45,0.37,0.39
1422,0.36,0.34,0.33,0.69,0.39,0.45,0.37,0.39
1423,0.35,0.33,0.33,0.69,0.39,0.44,0.36,0.38
1424,0.36,0.32,0.32,0.69,0.38,0.44,0.36,0.37
1425,0.35,0.32,0.32,0.68,0.38,0.43,0.36,0.37
1426,0.35,0.33,0.32,0.68,0.38,0.43,0.35,0.37
1427,0.35,0.32,0.31,0.68,0.38,0.43,0.34,0.36
1428,0.35,0.32,0.31,0.67,0.37,0.42,0.34,0.36
1429,0.33,0.32,0.31,0.67,0.36,0.42,0.34,0.35
1430,0.33,0.31,0.3,0.67,0.36,0.42,0.34,0.35
1431,0.32,0.31,0.3,0.67,0.36,0.41,0.33,0.34
1432,0.32,0.31,0.29,0.66,0.35,0.4,0.33,0.34
1433,0.33,0.32,0.29,0.66,0.35,0.4,0.32,0.33
1434,0.35,0.3,0.29,0.66,0.35,0.39,0.32,0.33
1435,0.33,0.3,0.28,0.65,0.34,0.39,0.32,0.33
1436,0.32,0.31,0.28,0.65,0.34,0.39,0.32,0.32
1437,0.32,0.3,0.28,0.65,0.34,0.39,0.31,0.32
1438,0.31,0.31,0.27,0.64,0.33,0.38,0.31,0.32
1439,0.31,0.3,0.26,0.64,0.32,0.38,0.3,0.31
1440,0.29,0.29,0.26,0.63,0.32,0.37,0.3,0.3
1441,0.29,0.3,0.26,0.63,0.32,0.37,0.3,0.3
1442,0.29,0.29,0.26,0.63,0.32,0.37,0.29,0.3
1443,0.29,0.3,0.25,0.62,0.31,0.36,0.29,0.29
1444,0.29,0.29,0.26,0.62,0.31,0.36,0.28,0.29
1445,0.32,0.29,0.25,0.62,0.3,0.36,0.28,0.29
1446,0.28,0.29,0.25,0.62,0.3,0.36,0.28,0.29
1447,0.29,0.28,0.24,0.61,0.3,0.35,0.27,0.28
1448,0.28,0.28,0.24,0.61,0.29,0.34,0.27,0.27
1449,0.28,0.28,0.24,0.61,0.28,0.34,0.27,0.27
1450,0.31,0.27,0.24,0.6,0.28,0.34,0.26,0.27
1451,0.28,0.27,0.23,0.6,0.28,0.33,0.26,0.26
1452,0.28,0.27,0.23,0.6,0.28,0.33,0.26,0.26
1453,0.27,0.27,0.23,0.59,0.28,0.33,0.26,0.26
1454,0.29,0.27,0.23,0.59,0.27,0.32,0.25,0.25
1455,0.29,0.26,0.22,0.59,0.26,0.32,0.25,0.24
1456,0.28,0.27,0.22,0.58,0.26,0.32,0.25,0.24
1457,0.26,0.26,0.21,0.58,0.26,0.31,0.24,0.24
1458,0.26,0.26,0.21,0.58,0.26,0.3,0.24,0.24
1459,0.26,0.26,0.21,0.58,0.25,0.3,0.24,0.24
1460,0.26,0.26,0.21,0.58,0.25,0.3,0.23,0.24
1461,0.24,0.26,0.2,0.57,0.24,0.29,0.23,0.23
1462,0.24,0.26,0.2,0.57,0.24,0.29,0.22,0.23
1463,0.24,0.26,0.2,0.56,0.24,0.28,0.22,0.22
1464,0.24,0.26,0.2,0.56,0.24,0.28,0.22,0.22
1465,0.26,0.25,0.2,0.56,0.23,0.28,0.21,0.22
1466,0.24,0.25,0.2,0.56,0.23,0.28,0.21,0.22
1467,0.23,0.25,0.19,0.56,0.22,0.27,0.21,0.21
1468,0.26,0.26,0.19,0.55,0.22,0.27,0.21,0.21
1469,0.23,0.25,0.18,0.55,0.22,0.26,0.21,0.21
1470,0.24,0.26,0.18,0.54,0.22,0.26,0.2,0.2
1471,0.24,0.25,0.18,0.54,0.22,0.26,0.2,0.2
1472,0.24,0.25,0.18,0.54,0.21,0.25,0.19,0.2
1473,0.22,0.24,0.18,0.54,0.21,0.25,0.19,0.19
1474,0.23,0.24,0.18,0.54,0.21,0.25,0.19,0.19
1475,0.26,0.25,0.18,0.53,0.2,0.25,0.19,0.19
1476,0.22,0.24,0.17,0.53,0.2,0.24,0.19,0.18
1477,0.22,0.23,0.17,0.53,0.2,0.24,0.19,0.18
1478,0.22,0.23,0.17,0.53,0.2,0.24,0.18,0.17
1479,0.22,0.23,0.17,0.53,0.2,0.24,0.18,0.17
1480,0.23,0.23,0.16,0.52,0.19,0.23,0.18,0.17
1481,0.23,0.24,0.16,0.52,0.19,0.23,0.17,0.16
1482,0.22,0.24,0.16,0.52,0.19,0.23,0.17,0.17
1483,0.21,0.23,0.16,0.52,0.18,0.23,0.17,0.16
1484,0.23,0.23,0.16,0.51,0.18,0.22,0.17,0.16
1485,0.22,0.24,0.16,0.51,0.18,0.22,0.17,0.17
1486,0.22,0.23,0.15,0.51,0.18,0.22,0.16,0.15
1487,0.23,0.23,0.15,0.51,0.17,0.21,0.16,0.15
1488,0.21,0.23,0.15,0.5,0.17,0.22,0.16,0.15
1489,0.19,0.22,0.15,0.5,0.17,0.21,0.16,0.15
1490,0.19,0.22,0.15,0.5,0.17,0.21,0.16,0.15
1491,0.19,0.22,0.15,0.5,0.17,0.21,0.16,0.14
1492,0.19,0.22,0.15,0.5,0.17,0.2,0.15,0.14
1493,0.23,0.22,0.15,0.5,0.16,0.2,0.15,0.14
1494,0.19,0.23,0.15,0.49,0.16,0.2,0.15,0.14
1495,0.19,0.22,0.15,0.49,0.16,0.2,0.14,0.13
1496,0.19,0.22,0.14,0.49,0.16,0.19,0.14,0.13
1497,0.21,0.22,0.14,0.49,0.16,0.19,0.14,0.13
1498,0.19,0.22,0.14,0.48,0.16,0.19,0.14,0.13
1499,0.19,0.23,0.14,0.48,0.15,0.19,0.14,0.12
