0,0.02,0.03,0.01,0.0,0.01,0.01,0.01,0.01
1,0.02,0.03,0.0,0.0,0.01,0.01,0.01,0.01
2,0.02,0.02,0.0,0.02,0.01,0.01,0.02,0.02
3,0.02,0.03,0.01,0.0,0.01,0.01,0.01,0.01
4,0.03,0.03,0.01,0.0,0.01,0.01,0.01,0.02
5,0.03,0.02,0.0,0.0,0.01,0.01,0.01,0.02
6,0.02,0.02,0.0,0.0,0.01,0.01,0.02,0.01
7,0.02,0.03,0.0,0.02,0.01,0.01,0.01,0.01
8,0.02,0.03,0.01,0.0,0.01,0.01,0.02,0.01
9,0.01,0.02,0.01,0.0,0.01,0.01,0.01,0.01
10,0.02,0.02,0.01,0.0,0.01,0.01,0.02,0.01
11,0.02,0.03,0.01,0.0,0.01,0.01,0.02,0.02
12,0.02,0.02,0.0,0.02,0.01,0.01,0.01,0.02
13,0.02,0.02,0.0,0.0,0.01,0.01,0.02,0.01
14,0.02,0.02,0.01,0.02,0.02,0.01,0.01,0.02
15,0.02,0.03,0.01,0.0,0.01,0.01,0.01,0.02
16,0.02,0.03,0.01,0.0,0.01,0.01,0.02,0.02
17,0.02,0.03,0.01,0.02,0.02,0.01,0.02,0.02
18,0.02,0.03,0.01,0.02,0.01,0.01,0.01,0.02
19,0.02,0.03,0.01,0.02,0.01,0.01,0.02,0.02
20,0.02,0.02,0.0,0.02,0.02,0.01,0.02,0.02
21,0.02,0.02,0.01,0.0,0.01,0.02,0.02,0.02
22,0.02,0.03,0.01,0.02,0.02,0.01,0.02,0.02
23,0.02,0.02,0.01,0.02,0.01,0.01,0.02,0.02
24,0.02,0.02,0.01,0.04,0.01,0.01,0.02,0.02
25,0.02,0.03,0.01,0.02,0.02,0.02,0.02,0.02
26,0.02,0.03,0.01,0.02,0.02,0.01,0.02,0.02
27,0.04,0.02,0.01,0.04,0.02,0.01,0.02,0.02
28,0.03,0.03,0.01,0.04,0.02,0.01,0.03,0.03
29,0.03,0.02,0.01,0.04,0.02,0.02,0.03,0.03
30,0.02,0.03,0.01,0.06,0.02,0.02,0.03,0.03
31,0.02,0.03,0.01,0.04,0.02,0.02,0.02,0.03
32,0.03,0.03,0.01,0.04,0.02,0.02,0.03,0.03
33,0.04,0.03,0.01,0.06,0.02,0.02,0.03,0.03
34,0.02,0.03,0.01,0.06,0.02,0.02,0.03,0.03
35,0.02,0.03,0.01,0.06,0.02,0.02,0.03,0.03
36,0.05,0.03,0.01,0.06,0.02,0.02,0.04,0.03
37,0.02,0.03,0.02,0.08,0.02,0.02,0.04,0.03
38,0.02,0.03,0.02,0.08,0.02,0.02,0.03,0.03
39,0.03,0.02,0.01,0.08,0.02,0.03,0.04,0.04
40,0.03,0.03,0.01,0.08,0.02,0.03,0.04,0.04
41,0.03,0.03,0.01,0.08,0.02,0.03,0.04,0.04
42,0.02,0.03,0.01,0.1,0.03,0.03,0.04,0.03
43,0.03,0.03,0.01,0.12,0.02,0.02,0.04,0.04
44,0.03,0.03,0.01,0.1,0.03,0.03,0.04,0.04
45,0.06,0.03,0.02,0.12,0.03,0.03,0.05,0.04
46,0.03,0.03,0.02,0.12,0.03,0.03,0.04,0.04
47,0.03,0.03,0.02,0.14,0.03,0.03,0.05,0.05
48,0.04,0.03,0.01,0.12,0.03,0.03,0.05,0.05
49,0.03,0.03,0.02,0.12,0.03,0.03,0.05,0.05
50,0.03,0.03,0.02,0.12,0.03,0.03,0.05,0.05
51,0.04,0.04,0.02,0.14,0.03,0.03,0.05,0.05
52,0.03,0.03,0.02,0.14,0.03,0.04,0.05,0.05
53,0.04,0.03,0.02,0.16,0.03,0.04,0.05,0.05
54,0.03,0.04,0.02,0.14,0.03,0.03,0.05,0.05
55,0.03,0.03,0.02,0.16,0.03,0.03,0.05,0.05
56,0.04,0.03,0.02,0.16,0.04,0.04,0.05,0.05
57,0.03,0.03,0.02,0.16,0.04,0.04,0.05,0.06
58,0.03,0.04,0.02,0.18,0.03,0.04,0.05,0.05
59,0.04,0.04,0.02,0.16,0.03,0.04,0.05,0.05
60,0.04,0.03,0.02,0.18,0.04,0.04,0.05,0.05
61,0.04,0.03,0.02,0.18,0.04,0.04,0.05,0.05
62,0.04,0.03,0.02,0.2,0.04,0.04,0.05,0.05
63,0.05,0.03,0.02,0.2,0.04,0.04,0.05,0.05
64,0.03,0.04,0.02,0.2,0.04,0.04,0.05,0.06
65,0.03,0.03,0.02,0.22,0.04,0.04,0.05,0.06
66,0.04,0.04,0.02,0.2,0.04,0.04,0.05,0.06
67,0.04,0.03,0.02,0.22,0.04,0.04,0.05,0.06
68,0.04,0.03,0.02,0.22,0.04,0.04,0.05,0.06
69,0.04,0.03,0.02,0.22,0.04,0.04,0.05,0.05
70,0.03,0.04,0.02,0.22,0.05,0.04,0.05,0.05
71,0.05,0.03,0.02,0.22,0.04,0.04,0.05,0.05
72,0.03,0.03,0.02,0.24,0.04,0.04,0.05,0.06
73,0.04,0.03,0.02,0.24,0.04,0.04,0.05,0.06
74,0.03,0.03,0.02,0.24,0.04,0.04,0.05,0.05
75,0.04,0.03,0.02,0.27,0.05,0.04,0.05,0.06
76,0.03,0.03,0.03,0.24,0.05,0.04,0.05,0.05
77,0.03,0.02,0.02,0.27,0.05,0.04,0.05,0.05
78,0.03,0.03,0.02,0.27,0.05,0.04,0.05,0.05
79,0.04,0.02,0.02,0.29,0.05,0.04,0.05,0.05
80,0.03,0.04,0.03,0.29,0.05,0.04,0.05,0.05
81,0.03,0.03,0.03,0.29,0.05,0.04,0.05,0.05
82,0.04,0.04,0.03,0.29,0.05,0.04,0.05,0.05
83,0.03,0.03,0.02,0.29,0.05,0.04,0.05,0.05
84,0.03,0.03,0.02,0.29,0.05,0.04,0.05,0.05
85,0.04,0.03,0.03,0.31,0.05,0.04,0.05,0.05
86,0.03,0.02,0.02,0.29,0.05,0.04,0.05,0.05
87,0.03,0.03,0.02,0.29,0.05,0.04,0.04,0.05
88,0.05,0.03,0.02,0.29,0.05,0.05,0.05,0.05
89,0.05,0.02,0.02,0.31,0.05,0.05,0.04,0.04
90,0.05,0.03,0.03,0.29,0.05,0.04,0.04,0.05
91,0.04,0.02,0.02,0.31,0.05,0.04,0.04,0.05
92,0.04,0.02,0.02,0.31,0.05,0.05,0.04,0.05
93,0.03,0.02,0.02,0.31,0.05,0.05,0.05,0.05
94,0.02,0.02,0.02,0.31,0.05,0.05,0.04,0.05
95,0.02,0.02,0.02,0.33,0.04,0.04,0.04,0.04
96,0.02,0.03,0.02,0.33,0.05,0.04,0.04,0.05
97,0.03,0.03,0.02,0.33,0.05,0.04,0.04,0.04
98,0.03,0.02,0.03,0.31,0.05,0.04,0.04,0.04
99,0.04,0.03,0.02,0.33,0.05,0.04,0.04,0.04
100,0.02,0.02,0.02,0.33,0.05,0.04,0.04,0.04
101,0.02,0.02,0.02,0.33,0.05,0.04,0.04,0.05
102,0.02,0.03,0.02,0.33,0.04,0.04,0.04,0.05
103,0.02,0.02,0.02,0.35,0.05,0.04,0.04,0.05
104,0.02,0.02,0.02,0.33,0.05,0.05,0.04,0.04
105,0.02,0.02,0.02,0.33,0.05,0.04,0.04,0.04
106,0.02,0.03,0.02,0.35,0.05,0.05,0.04,0.04
107,0.02,0.02,0.02,0.33,0.05,0.04,0.04,0.05
108,0.03,0.03,0.02,0.35,0.04,0.04,0.04,0.05
109,0.02,0.02,0.02,0.35,0.05,0.04,0.04,0.04
110,0.03,0.02,0.02,0.37,0.05,0.05,0.04,0.04
111,0.02,0.02,0.02,0.35,0.04,0.04,0.04,0.05
112,0.03,0.02,0.02,0.35,0.04,0.04,0.03,0.04
113,0.02,0.02,0.02,0.37,0.04,0.04,0.03,0.04
114,0.02,0.03,0.02,0.35,0.04,0.04,0.04,0.04
115,0.03,0.03,0.02,0.35,0.04,0.04,0.04,0.04
116,0.04,0.02,0.02,0.37,0.05,0.04,0.04,0.04
117,0.02,0.02,0.02,0.37,0.04,0.05,0.04,0.04
118,0.02,0.02,0.02,0.37,0.04,0.04,0.03,0.04
119,0.02,0.02,0.02,0.37,0.04,0.04,0.04,0.04
120,0.03,0.02,0.02,0.37,0.05,0.04,0.03,0.04
121,0.04,0.02,0.02,0.37,0.04,0.04,0.04,0.04
122,0.02,0.02,0.02,0.37,0.04,0.04,0.03,0.04
123,0.03,0.02,0.02,0.37,0.04,0.04,0.03,0.04
124,0.02,0.02,0.02,0.37,0.04,0.04,0.03,0.03
125,0.02,0.02,0.02,0.37,0.04,0.04,0.03,0.04
126,0.04,0.02,0.01,0.37,0.04,0.04,0.03,0.03
127,0.02,0.02,0.02,0.39,0.04,0.04,0.03,0.04
128,0.03,0.02,0.01,0.37,0.04,0.04,0.03,0.03
129,0.02,0.02,0.02,0.39,0.04,0.04,0.02,0.03
130,0.02,0.02,0.02,0.37,0.04,0.04,0.02,0.03
131,0.02,0.01,0.01,0.39,0.04,0.04,0.03,0.03
132,0.03,0.02,0.02,0.37,0.04,0.04,0.03,0.03
133,0.02,0.01,0.02,0.39,0.04,0.04,0.02,0.03
134,0.02,0.02,0.01,0.39,0.04,0.04,0.02,0.03
135,0.02,0.02,0.01,0.39,0.03,0.04,0.02,0.03
136,0.02,0.02,0.02,0.37,0.04,0.04,0.02,0.03
137,0.03,0.01,0.02,0.39,0.03,0.04,0.02,0.03
138,0.02,0.01,0.01,0.39,0.04,0.04,0.02,0.03
139,0.02,0.02,0.01,0.39,0.04,0.04,0.02,0.03
140,0.03,0.02,0.01,0.39,0.03,0.04,0.02,0.03
141,0.02,0.01,0.02,0.39,0.04,0.04,0.02,0.03
142,0.02,0.02,0.01,0.39,0.03,0.04,0.02,0.03
143,0.02,0.01,0.02,0.39,0.03,0.04,0.02,0.03
144,0.02,0.02,0.01,0.41,0.04,0.04,0.02,0.03
145,0.02,0.02,0.02,0.41,0.04,0.03,0.02,0.03
146,0.04,0.02,0.02,0.39,0.03,0.04,0.02,0.03
147,0.02,0.02,0.01,0.39,0.03,0.03,0.02,0.03
148,0.02,0.01,0.02,0.39,0.03,0.04,0.02,0.02
149,0.02,0.01,0.01,0.41,0.03,0.04,0.02,0.02
150,0.02,0.02,0.01,0.41,0.03,0.04,0.02,0.02
151,0.03,0.01,0.02,0.41,0.03,0.03,0.02,0.02
152,0.02,0.01,0.02,0.41,0.03,0.03,0.02,0.02
153,0.02,0.02,0.01,0.39,0.03,0.03,0.02,0.02
154,0.02,0.02,0.01,0.41,0.03,0.03,0.02,0.02
155,0.02,0.01,0.01,0.41,0.03,0.03,0.02,0.02
156,0.02,0.01,0.01,0.41,0.02,0.03,0.02,0.02
157,0.01,0.02,0.01,0.41,0.03,0.03,0.02,0.02
158,0.02,0.02,0.01,0.41,0.02,0.03,0.02,0.02
159,0.01,0.01,0.01,0.41,0.03,0.03,0.02,0.02
160,0.02,0.02,0.01,0.41,0.02,0.03,0.02,0.02
161,0.02,0.01,0.01,0.41,0.02,0.03,0.02,0.02
162,0.02,0.02,0.01,0.41,0.02,0.03,0.02,0.02
163,0.02,0.02,0.01,0.43,0.03,0.02,0.02,0.02
164,0.01,0.02,0.01,0.41,0.02,0.03,0.02,0.02
165,0.03,0.02,0.01,0.41,0.02,0.03,0.02,0.02
166,0.02,0.02,0.01,0.41,0.02,0.02,0.01,0.02
167,0.03,0.01,0.01,0.41,0.02,0.03,0.01,0.02
168,0.02,0.02,0.01,0.43,0.02,0.03,0.02,0.02
169,0.02,0.02,0.01,0.43,0.02,0.03,0.02,0.02
170,0.01,0.02,0.01,0.43,0.03,0.03,0.02,0.02
171,0.02,0.01,0.01,0.43,0.02,0.03,0.02,0.02
172,0.02,0.01,0.01,0.41,0.02,0.03,0.02,0.02
173,0.01,0.01,0.01,0.43,0.02,0.02,0.02,0.02
174,0.02,0.01,0.01,0.43,0.02,0.03,0.01,0.02
175,0.02,0.02,0.01,0.43,0.02,0.02,0.01,0.02
176,0.02,0.01,0.01,0.43,0.02,0.03,0.02,0.02
177,0.01,0.01,0.01,0.43,0.02,0.02,0.02,0.02
178,0.01,0.01,0.01,0.43,0.02,0.02,0.01,0.02
179,0.01,0.01,0.01,0.43,0.02,0.02,0.02,0.02
180,0.02,0.01,0.01,0.43,0.02,0.02,0.01,0.02
181,0.01,0.01,0.01,0.43,0.02,0.02,0.02,0.02
182,0.03,0.01,0.01,0.41,0.02,0.02,0.02,0.02
183,0.02,0.01,0.01,0.43,0.02,0.02,0.02,0.02
184,0.01,0.01,0.01,0.43,0.02,0.02,0.02,0.02
185,0.03,0.01,0.01,0.43,0.02,0.02,0.01,0.02
186,0.02,0.02,0.01,0.43,0.02,0.02,0.01,0.02
187,0.01,0.01,0.01,0.43,0.02,0.02,0.02,0.02
188,0.01,0.01,0.01,0.43,0.02,0.02,0.01,0.02
189,0.01,0.01,0.01,0.43,0.02,0.02,0.01,0.02
190,0.01,0.02,0.01,0.43,0.02,0.02,0.01,0.02
191,0.02,0.01,0.01,0.43,0.02,0.02,0.01,0.02
192,0.01,0.01,0.01,0.45,0.02,0.02,0.01,0.02
193,0.02,0.02,0.01,0.45,0.02,0.02,0.01,0.01
194,0.01,0.01,0.01,0.43,0.02,0.02,0.02,0.02
195,0.02,0.01,0.01,0.43,0.02,0.02,0.01,0.02
196,0.02,0.01,0.01,0.43,0.02,0.02,0.01,0.01
197,0.01,0.01,0.01,0.43,0.02,0.01,0.01,0.02
198,0.02,0.01,0.01,0.45,0.02,0.02,0.01,0.01
199,0.01,0.01,0.01,0.45,0.02,0.02,0.01,0.01
200,0.01,0.01,0.01,0.45,0.02,0.01,0.01,0.02
201,0.01,0.02,0.01,0.45,0.02,0.01,0.01,0.01
202,0.01,0.01,0.01,0.45,0.02,0.02,0.01,0.01
203,0.02,0.02,0.01,0.45,0.02,0.01,0.01,0.01
204,0.02,0.01,0.01,0.45,0.02,0.02,0.01,0.02
205,0.02,0.01,0.01,0.45,0.02,0.02,0.01,0.02
206,0.01,0.01,0.01,0.45,0.02,0.01,0.01,0.01
207,0.01,0.01,0.01,0.45,0.02,0.01,0.01,0.02
208,0.02,0.01,0.01,0.47,0.02,0.01,0.01,0.02
209,0.01,0.01,0.01,0.45,0.02,0.01,0.01,0.01
210,0.01,0.01,0.01,0.47,0.02,0.02,0.01,0.02
211,0.02,0.01,0.01,0.47,0.02,0.02,0.01,0.02
212,0.02,0.01,0.01,0.45,0.02,0.02,0.01,0.02
213,0.01,0.02,0.01,0.47,0.02,0.01,0.01,0.01
214,0.02,0.01,0.01,0.47,0.02,0.01,0.01,0.02
215,0.02,0.01,0.01,0.47,0.02,0.02,0.01,0.02
216,0.01,0.01,0.01,0.47,0.02,0.01,0.0,0.01
217,0.02,0.01,0.01,0.47,0.02,0.01,0.01,0.01
218,0.01,0.01,0.01,0.47,0.02,0.01,0.01,0.02
219,0.01,0.01,0.01,0.47,0.02,0.01,0.01,0.01
220,0.01,0.01,0.01,0.47,0.02,0.01,0.01,0.02
221,0.01,0.01,0.01,0.47,0.02,0.01,0.01,0.01
222,0.01,0.01,0.01,0.49,0.02,0.01,0.01,0.01
223,0.01,0.02,0.01,0.49,0.02,0.01,0.0,0.01
224,0.02,0.0,0.01,0.49,0.02,0.01,0.01,0.02
225,0.01,0.02,0.01,0.47,0.02,0.01,0.0,0.01
226,0.01,0.01,0.01,0.47,0.02,0.01,0.0,0.01
227,0.02,0.01,0.01,0.49,0.02,0.01,0.01,0.01
228,0.01,0.01,0.01,0.49,0.02,0.01,0.01,0.01
229,0.01,0.02,0.01,0.49,0.02,0.01,0.0,0.01
230,0.01,0.01,0.01,0.49,0.02,0.01,0.0,0.01
231,0.02,0.01,0.01,0.49,0.02,0.01,0.01,0.01
232,0.01,0.01,0.01,0.49,0.01,0.01,0.0,0.01
233,0.02,0.02,0.01,0.49,0.02,0.01,0.0,0.01
234,0.01,0.01,0.01,0.49,0.02,0.01,0.01,0.01
235,0.02,0.02,0.01,0.51,0.02,0.01,0.01,0.01
236,0.01,0.01,0.01,0.49,0.02,0.01,0.0,0.01
237,0.01,0.01,0.01,0.49,0.02,0.01,0.0,0.02
238,0.01,0.01,0.01,0.49,0.02,0.01,0.01,0.01
239,0.01,0.01,0.01,0.51,0.02,0.01,0.01,0.01
240,0.02,0.01,0.01,0.51,0.02,0.01,0.0,0.01
241,0.01,0.01,0.01,0.51,0.01,0.01,0.01,0.01
242,0.01,0.01,0.01,0.51,0.01,0.01,0.01,0.01
243,0.02,0.02,0.01,0.51,0.02,0.01,0.01,0.01
244,0.01,0.02,0.01,0.51,0.01,0.01,0.01,0.02
245,0.01,0.01,0.01,0.51,0.02,0.01,0.01,0.01
246,0.01,0.01,0.01,0.51,0.02,0.01,0.0,0.01
247,0.02,0.02,0.01,0.51,0.01,0.01,0.0,0.01
248,0.01,0.01,0.01,0.51,0.01,0.01,0.01,0.01
249,0.02,0.01,0.01,0.53,0.02,0.01,0.01,0.02
250,0.01,0.01,0.01,0.51,0.02,0.01,0.0,0.01
251,0.01,0.01,0.01,0.51,0.02,0.01,0.01,0.02
252,0.02,0.01,0.01,0.53,0.01,0.01,0.0,0.01
253,0.01,0.01,0.01,0.53,0.01,0.01,0.0,0.01
254,0.01,0.01,0.01,0.53,0.01,0.01,0.0,0.01
255,0.02,0.02,0.01,0.53,0.01,0.01,0.01,0.01
256,0.01,0.01,0.01,0.53,0.02,0.01,0.01,0.01
257,0.02,0.01,0.01,0.53,0.02,0.01,0.0,0.0
258,0.01,0.01,0.01,0.53,0.01,0.01,0.0,0.01
259,0.01,0.02,0.01,0.53,0.02,0.01,0.0,0.01
260,0.01,0.01,0.01,0.55,0.01,0.01,0.0,0.01
261,0.02,0.01,0.01,0.53,0.01,0.01,0.0,0.01
262,0.01,0.01,0.01,0.53,0.02,0.01,0.0,0.0
263,0.01,0.01,0.01,0.53,0.02,0.01,0.0,0.01
264,0.01,0.01,0.01,0.55,0.02,0.01,0.0,0.0
265,0.02,0.01,0.01,0.53,0.01,0.01,0.0,0.01
266,0.01,0.01,0.01,0.53,0.01,0.01,0.0,0.01
267,0.02,0.01,0.01,0.55,0.01,0.01,0.0,0.01
268,0.02,0.01,0.01,0.55,0.01,0.0,0.0,0.0
269,0.01,0.01,0.01,0.53,0.01,0.01,0.0,0.01
270,0.01,0.01,0.01,0.55,0.01,0.01,0.0,0.0
271,0.02,0.01,0.0,0.55,0.01,0.01,0.0,0.01
272,0.01,0.01,0.01,0.55,0.01,0.01,0.0,0.01
273,0.01,0.01,0.01,0.53,0.01,0.01,0.01,0.01
274,0.02,0.01,0.01,0.55,0.01,0.01,0.0,0.01
275,0.01,0.01,0.01,0.55,0.01,0.0,0.01,0.0
276,0.01,0.01,0.01,0.55,0.01,0.01,0.0,0.01
277,0.01,0.01,0.0,0.55,0.01,0.01,0.0,0.01
278,0.01,0.01,0.01,0.55,0.01,0.01,0.01,0.01
279,0.01,0.01,0.01,0.55,0.01,0.01,0.0,0.0
280,0.01,0.01,0.01,0.55,0.01,0.01,0.0,0.01
281,0.01,0.01,0.01,0.57,0.01,0.01,0.01,0.01
282,0.01,0.01,0.01,0.55,0.01,0.01,0.0,0.01
283,0.02,0.01,0.01,0.55,0.01,0.01,0.0,0.01
284,0.01,0.01,0.01,0.55,0.01,0.01,0.0,0.01
285,0.01,0.01,0.01,0.55,0.01,0.01,0.0,0.01
286,0.01,0.01,0.01,0.57,0.01,0.01,0.0,0.01
287,0.02,0.01,0.01,0.57,0.01,0.01,0.0,0.01
288,0.02,0.01,0.01,0.55,0.02,0.01,0.0,0.01
289,0.02,0.01,0.01,0.57,0.01,0.01,0.0,0.01
290,0.01,0.01,0.01,0.57,0.01,0.0,0.0,0.01
291,0.0,0.01,0.01,0.57,0.01,0.01,0.0,0.01
292,0.02,0.01,0.0,0.57,0.01,0.0,0.0,0.01
293,0.02,0.01,0.01,0.55,0.01,0.01,0.0,0.0
294,0.01,0.01,0.0,0.57,0.01,0.01,0.01,0.0
295,0.01,0.01,0.0,0.57,0.01,0.01,0.0,0.01
296,0.0,0.0,0.0,0.57,0.01,0.01,0.0,0.01
297,0.01,0.0,0.01,0.55,0.0,0.01,0.0,0.0
298,0.01,0.01,0.01,0.57,0.01,0.01,0.0,0.0
299,0.01,0.01,0.01,0.59,0.01,0.01,0.0,0.01
300,0.01,0.0,0.0,0.59,0.01,0.0,0.0,0.0
301,0.01,0.01,0.01,0.57,0.01,0.0,0.0,0.01
302,0.0,0.01,0.01,0.59,0.01,0.0,0.0,0.0
303,0.01,0.01,0.01,0.59,0.01,0.01,0.0,0.0
304,0.01,0.01,0.0,0.57,0.01,0.01,0.0,0.0
305,0.01,0.01,0.01,0.59,0.01,0.0,0.0,0.0
306,0.02,0.01,0.01,0.59,0.01,0.0,0.0,0.01
307,0.0,0.0,0.01,0.59,0.01,0.01,0.0,0.01
308,0.02,0.01,0.01,0.59,0.01,0.01,0.0,0.01
309,0.02,0.01,0.0,0.59,0.01,0.01,0.0,0.0
310,0.0,0.01,0.0,0.59,0.01,0.01,0.0,0.0
311,0.02,0.01,0.01,0.59,0.01,0.01,0.0,0.0
312,0.0,0.01,0.0,0.59,0.01,0.01,0.0,0.01
313,0.01,0.01,0.01,0.59,0.01,0.01,0.0,0.01
314,0.01,0.01,0.01,0.59,0.01,0.0,0.0,0.0
315,0.0,0.01,0.0,0.59,0.01,0.01,0.0,0.01
316,0.01,0.01,0.01,0.61,0.01,0.0,0.0,0.01
317,0.01,0.0,0.01,0.59,0.01,0.01,0.0,0.01
318,0.02,0.0,0.01,0.61,0.01,0.01,0.01,0.01
319,0.01,0.0,0.0,0.61,0.01,0.01,0.0,0.01
320,0.01,0.01,0.01,0.61,0.01,0.01,0.01,0.01
321,0.02,0.01,0.01,0.61,0.01,0.01,0.0,0.01
322,0.03,0.01,0.01,0.59,0.01,0.01,0.0,0.01
323,0.01,0.01,0.0,0.61,0.01,0.01,0.0,0.01
324,0.01,0.01,0.0,0.61,0.01,0.01,0.01,0.01
325,0.01,0.01,0.01,0.61,0.01,0.0,0.01,0.01
326,0.01,0.01,0.01,0.61,0.01,0.0,0.0,0.0
327,0.01,0.0,0.01,0.61,0.01,0.01,0.0,0.0
328,0.01,0.01,0.01,0.61,0.01,0.0,0.01,0.01
329,0.01,0.01,0.01,0.61,0.01,0.01,0.01,0.01
330,0.02,0.01,0.01,0.61,0.01,0.01,0.01,0.01
331,0.02,0.01,0.01,0.63,0.01,0.01,0.01,0.01
332,0.02,0.01,0.01,0.61,0.01,0.01,0.02,0.01
333,0.02,0.02,0.01,0.63,0.01,0.01,0.01,0.01
334,0.04,0.01,0.01,0.63,0.01,0.01,0.02,0.02
335,0.02,0.01,0.01,0.63,0.01,0.0,0.02,0.02
336,0.02,0.01,0.02,0.63,0.01,0.01,0.02,0.02
337,0.04,0.01,0.01,0.63,0.01,0.01,0.02,0.02
338,0.04,0.02,0.02,0.63,0.01,0.01,0.02,0.02
339,0.03,0.02,0.02,0.63,0.02,0.01,0.02,0.02
340,0.03,0.02,0.02,0.63,0.01,0.01,0.02,0.02
341,0.03,0.02,0.03,0.63,0.02,0.01,0.02,0.03
342,0.03,0.02,0.03,0.63,0.02,0.01,0.03,0.02
343,0.03,0.02,0.03,0.63,0.02,0.01,0.03,0.03
344,0.04,0.03,0.03,0.63,0.02,0.01,0.04,0.03
345,0.04,0.03,0.03,0.63,0.02,0.01,0.04,0.03
346,0.05,0.02,0.04,0.65,0.02,0.01,0.04,0.04
347,0.05,0.03,0.03,0.63,0.02,0.01,0.04,0.03
348,0.07,0.03,0.04,0.63,0.02,0.01,0.05,0.04
349,0.06,0.03,0.04,0.65,0.02,0.01,0.05,0.04
350,0.06,0.03,0.04,0.63,0.02,0.02,0.05,0.04
351,0.07,0.04,0.05,0.65,0.02,0.02,0.05,0.05
352,0.07,0.04,0.05,0.65,0.02,0.02,0.06,0.05
353,0.07,0.04,0.05,0.63,0.03,0.02,0.07,0.06
354,0.07,0.04,0.06,0.63,0.03,0.02,0.07,0.06
355,0.07,0.04,0.06,0.65,0.03,0.03,0.08,0.06
356,0.09,0.05,0.07,0.63,0.04,0.03,0.08,0.07
357,0.09,0.05,0.07,0.65,0.03,0.04,0.08,0.08
358,0.1,0.05,0.07,0.63,0.04,0.04,0.08,0.07
359,0.1,0.06,0.08,0.63,0.05,0.04,0.09,0.08
360,0.1,0.06,0.08,0.65,0.05,0.04,0.09,0.08
361,0.11,0.06,0.09,0.63,0.06,0.04,0.1,0.09
362,0.11,0.07,0.09,0.65,0.06,0.04,0.11,0.1
363,0.11,0.07,0.1,0.63,0.07,0.04,0.11,0.1
364,0.12,0.08,0.1,0.63,0.07,0.05,0.12,0.1
365,0.13,0.09,0.11,0.63,0.07,0.05,0.12,0.11
366,0.13,0.08,0.11,0.63,0.07,0.06,0.12,0.11
367,0.14,0.08,0.11,0.63,0.07,0.06,0.12,0.11
368,0.15,0.09,0.12,0.63,0.08,0.06,0.13,0.12
369,0.15,0.09,0.13,0.63,0.08,0.06,0.14,0.13
370,0.15,0.09,0.13,0.65,0.08,0.06,0.14,0.13
371,0.16,0.11,0.14,0.63,0.1,0.07,0.15,0.13
372,0.18,0.11,0.16,0.63,0.1,0.08,0.17,0.16
373,0.19,0.12,0.17,0.63,0.12,0.08,0.18,0.16
374,0.2,0.13,0.18,0.63,0.12,0.1,0.19,0.16
375,0.2,0.13,0.18,0.63,0.12,0.09,0.19,0.17
376,0.2,0.14,0.19,0.63,0.13,0.1,0.2,0.17
377,0.21,0.14,0.19,0.63,0.12,0.1,0.2,0.17
378,0.21,0.15,0.2,0.63,0.13,0.11,0.21,0.18
379,0.23,0.15,0.21,0.65,0.15,0.11,0.22,0.19
380,0.23,0.15,0.21,0.65,0.15,0.12,0.22,0.2
381,0.24,0.16,0.23,0.63,0.15,0.12,0.24,0.2
382,0.24,0.16,0.23,0.63,0.16,0.13,0.24,0.21
383,0.25,0.17,0.24,0.65,0.16,0.12,0.25,0.21
384,0.24,0.17,0.25,0.63,0.17,0.13,0.25,0.21
385,0.26,0.17,0.26,0.63,0.17,0.13,0.26,0.22
386,0.28,0.19,0.26,0.65,0.17,0.14,0.27,0.22
387,0.28,0.19,0.27,0.65,0.18,0.15,0.27,0.22
388,0.28,0.19,0.27,0.65,0.19,0.15,0.27,0.23
389,0.28,0.2,0.27,0.63,0.19,0.15,0.28,0.23
390,0.28,0.2,0.28,0.65,0.2,0.15,0.28,0.24
391,0.28,0.2,0.29,0.65,0.19,0.15,0.28,0.24
392,0.3,0.21,0.3,0.63,0.21,0.15,0.29,0.25
393,0.31,0.21,0.3,0.65,0.21,0.16,0.28,0.24
394,0.31,0.22,0.3,0.63,0.21,0.17,0.3,0.25
395,0.31,0.22,0.32,0.65,0.22,0.17,0.3,0.25
396,0.32,0.22,0.32,0.67,0.22,0.17,0.31,0.25
397,0.33,0.23,0.33,0.65,0.22,0.18,0.32,0.25
398,0.33,0.23,0.34,0.65,0.23,0.18,0.32,0.26
399,0.34,0.24,0.35,0.67,0.23,0.18,0.32,0.27
400,0.36,0.24,0.35,0.65,0.23,0.18,0.32,0.27
401,0.35,0.25,0.36,0.65,0.24,0.19,0.34,0.27
402,0.37,0.26,0.39,0.67,0.25,0.2,0.36,0.29
403,0.39,0.26,0.39,0.67,0.26,0.2,0.35,0.29
404,0.4,0.26,0.4,0.67,0.26,0.21,0.37,0.29
405,0.39,0.27,0.4,0.65,0.26,0.21,0.37,0.3
406,0.4,0.28,0.41,0.67,0.26,0.21,0.38,0.3
407,0.41,0.28,0.41,0.67,0.26,0.22,0.38,0.31
408,0.41,0.28,0.41,0.67,0.27,0.22,0.38,0.31
409,0.41,0.28,0.42,0.67,0.27,0.22,0.38,0.31
410,0.41,0.28,0.42,0.67,0.28,0.23,0.39,0.32
411,0.41,0.29,0.43,0.67,0.28,0.23,0.4,0.32
412,0.42,0.29,0.43,0.67,0.28,0.23,0.4,0.33
413,0.45,0.31,0.44,0.67,0.29,0.24,0.41,0.34
414,0.44,0.32,0.44,0.69,0.29,0.25,0.42,0.34
415,0.44,0.32,0.45,0.69,0.31,0.25,0.42,0.35
416,0.45,0.33,0.45,0.69,0.31,0.25,0.44,0.36
417,0.46,0.32,0.46,0.67,0.31,0.25,0.43,0.36
418,0.46,0.34,0.47,0.67,0.31,0.27,0.45,0.37
419,0.47,0.34,0.48,0.69,0.32,0.27,0.45,0.38
420,0.47,0.35,0.48,0.67,0.33,0.27,0.46,0.39
421,0.48,0.35,0.49,0.69,0.34,0.27,0.47,0.39
422,0.5,0.36,0.5,0.69,0.34,0.28,0.48,0.4
423,0.5,0.37,0.51,0.69,0.35,0.3,0.49,0.41
424,0.5,0.37,0.51,0.69,0.36,0.3,0.49,0.42
425,0.51,0.37,0.52,0.69,0.36,0.31,0.5,0.42
426,0.51,0.38,0.52,0.69,0.36,0.31,0.5,0.43
427,0.52,0.39,0.53,0.69,0.37,0.32,0.52,0.44
428,0.54,0.4,0.53,0.69,0.37,0.32,0.52,0.45
429,0.55,0.41,0.54,0.69,0.39,0.33,0.52,0.45
430,0.54,0.41,0.55,0.69,0.39,0.34,0.54,0.46
431,0.56,0.41,0.55,0.69,0.39,0.35,0.54,0.47
432,0.56,0.42,0.55,0.69,0.4,0.35,0.55,0.48
433,0.55,0.42,0.56,0.71,0.4,0.35,0.55,0.48
434,0.55,0.43,0.56,0.71,0.4,0.35,0.55,0.48
435,0.56,0.43,0.56,0.69,0.4,0.36,0.55,0.49
436,0.56,0.43,0.57,0.69,0.41,0.36,0.56,0.49
437,0.58,0.43,0.57,0.69,0.41,0.37,0.57,0.49
438,0.57,0.44,0.57,0.71,0.42,0.37,0.57,0.5
439,0.57,0.45,0.57,0.69,0.42,0.37,0.57,0.51
440,0.58,0.45,0.58,0.71,0.43,0.38,0.58,0.52
441,0.58,0.46,0.58,0.71,0.43,0.38,0.58,0.52
442,0.59,0.45,0.59,0.69,0.44,0.38,0.59,0.52
443,0.59,0.46,0.59,0.71,0.45,0.39,0.59,0.53
444,0.6,0.47,0.6,0.69,0.45,0.4,0.6,0.54
445,0.6,0.48,0.6,0.69,0.45,0.42,0.62,0.56
446,0.61,0.48,0.61,0.69,0.47,0.42,0.62,0.56
447,0.63,0.49,0.61,0.71,0.48,0.42,0.63,0.57
448,0.63,0.49,0.62,0.71,0.48,0.43,0.64,0.57
449,0.63,0.5,0.63,0.71,0.48,0.44,0.64,0.58
450,0.65,0.51,0.63,0.71,0.5,0.44,0.65,0.59
451,0.65,0.53,0.64,0.71,0.51,0.46,0.68,0.62
452,0.65,0.53,0.65,0.71,0.51,0.46,0.68,0.62
453,0.66,0.53,0.65,0.71,0.52,0.47,0.68,0.63
454,0.66,0.53,0.66,0.71,0.53,0.47,0.69,0.63
455,0.67,0.54,0.65,0.71,0.54,0.49,0.69,0.63
456,0.67,0.54,0.66,0.71,0.54,0.49,0.69,0.64
457,0.67,0.55,0.66,0.71,0.54,0.49,0.7,0.64
458,0.67,0.55,0.66,0.71,0.54,0.49,0.71,0.65
459,0.67,0.55,0.67,0.71,0.55,0.49,0.71,0.65
460,0.68,0.56,0.67,0.71,0.55,0.5,0.72,0.66
461,0.68,0.56,0.67,0.71,0.56,0.51,0.72,0.67
462,0.69,0.56,0.67,0.71,0.56,0.51,0.72,0.67
463,0.7,0.57,0.68,0.71,0.57,0.51,0.72,0.67
464,0.7,0.58,0.68,0.71,0.57,0.52,0.73,0.67
465,0.72,0.58,0.69,0.71,0.57,0.52,0.73,0.68
466,0.69,0.57,0.68,0.71,0.58,0.53,0.74,0.69
467,0.7,0.58,0.7,0.71,0.58,0.54,0.74,0.69
468,0.7,0.59,0.7,0.71,0.6,0.54,0.75,0.71
469,0.71,0.6,0.71,0.71,0.6,0.55,0.74,0.71
470,0.71,0.61,0.7,0.71,0.6,0.56,0.75,0.71
471,0.72,0.61,0.71,0.71,0.61,0.56,0.75,0.71
472,0.72,0.61,0.71,0.71,0.61,0.56,0.75,0.71
473,0.72,0.61,0.71,0.71,0.62,0.57,0.75,0.72
474,0.72,0.61,0.72,0.71,0.63,0.58,0.75,0.72
475,0.72,0.62,0.72,0.71,0.63,0.58,0.75,0.72
476,0.72,0.62,0.72,0.71,0.64,0.58,0.75,0.72
477,0.72,0.63,0.72,0.71,0.64,0.59,0.74,0.73
478,0.72,0.63,0.73,0.71,0.64,0.6,0.74,0.72
479,0.72,0.63,0.73,0.73,0.64,0.6,0.74,0.73
480,0.72,0.64,0.73,0.73,0.64,0.6,0.74,0.73
481,0.74,0.64,0.73,0.73,0.64,0.61,0.74,0.73
482,0.73,0.64,0.73,0.71,0.64,0.61,0.74,0.73
483,0.75,0.64,0.73,0.73,0.64,0.61,0.74,0.73
484,0.74,0.65,0.73,0.73,0.65,0.61,0.74,0.73
485,0.76,0.64,0.74,0.71,0.65,0.61,0.74,0.73
486,0.74,0.65,0.74,0.73,0.65,0.62,0.74,0.74
487,0.74,0.66,0.74,0.71,0.66,0.62,0.75,0.73
488,0.74,0.65,0.75,0.73,0.66,0.63,0.75,0.74
489,0.76,0.66,0.75,0.73,0.66,0.63,0.75,0.74
490,0.76,0.66,0.76,0.73,0.66,0.63,0.75,0.75
491,0.75,0.67,0.75,0.73,0.67,0.63,0.76,0.75
492,0.75,0.67,0.76,0.73,0.67,0.64,0.76,0.74
493,0.75,0.67,0.76,0.73,0.67,0.64,0.76,0.75
494,0.76,0.67,0.76,0.73,0.68,0.65,0.77,0.76
495,0.76,0.67,0.76,0.76,0.68,0.65,0.77,0.76
496,0.76,0.68,0.77,0.76,0.68,0.65,0.78,0.75
497,0.76,0.69,0.77,0.76,0.69,0.65,0.78,0.76
498,0.76,0.68,0.78,0.73,0.69,0.65,0.78,0.76
499,0.76,0.68,0.78,0.76,0.69,0.66,0.78,0.77
500,0.78,0.69,0.78,0.76,0.69,0.68,0.77,0.77
501,0.76,0.69,0.78,0.76,0.69,0.68,0.77,0.77
502,0.76,0.69,0.78,0.76,0.69,0.68,0.77,0.77
503,0.76,0.69,0.78,0.78,0.7,0.68,0.77,0.76
504,0.76,0.7,0.78,0.76,0.69,0.68,0.77,0.77
505,0.76,0.7,0.78,0.76,0.7,0.68,0.77,0.76
506,0.76,0.7,0.78,0.76,0.7,0.68,0.76,0.76
507,0.76,0.7,0.78,0.78,0.7,0.7,0.75,0.75
508,0.75,0.71,0.78,0.78,0.7,0.69,0.75,0.76
509,0.76,0.7,0.77,0.78,0.7,0.7,0.75,0.76
510,0.76,0.71,0.78,0.78,0.71,0.7,0.75,0.76
511,0.75,0.7,0.78,0.78,0.71,0.7,0.76,0.75
512,0.76,0.71,0.78,0.78,0.71,0.7,0.75,0.75
513,0.75,0.71,0.78,0.78,0.71,0.7,0.76,0.75
514,0.75,0.71,0.78,0.78,0.71,0.7,0.76,0.75
515,0.76,0.71,0.78,0.78,0.72,0.7,0.76,0.75
516,0.76,0.71,0.78,0.78,0.72,0.7,0.76,0.75
517,0.76,0.71,0.78,0.78,0.71,0.7,0.76,0.75
518,0.76,0.72,0.78,0.78,0.72,0.7,0.76,0.75
519,0.76,0.71,0.78,0.78,0.72,0.71,0.76,0.75
520,0.76,0.71,0.78,0.78,0.72,0.7,0.77,0.75
521,0.76,0.71,0.79,0.78,0.72,0.7,0.77,0.75
522,0.76,0.72,0.79,0.78,0.72,0.71,0.77,0.75
523,0.76,0.72,0.79,0.78,0.72,0.71,0.77,0.75
524,0.76,0.72,0.79,0.8,0.72,0.71,0.77,0.75
525,0.76,0.72,0.79,0.78,0.72,0.71,0.78,0.75
526,0.78,0.72,0.79,0.8,0.72,0.71,0.78,0.75
527,0.76,0.72,0.79,0.8,0.72,0.71,0.78,0.75
528,0.78,0.73,0.8,0.78,0.73,0.72,0.78,0.75
529,0.79,0.73,0.8,0.8,0.74,0.72,0.78,0.75
530,0.77,0.73,0.8,0.8,0.73,0.73,0.79,0.76
531,0.77,0.73,0.8,0.8,0.73,0.72,0.79,0.76
532,0.79,0.73,0.8,0.82,0.74,0.73,0.8,0.76
533,0.78,0.73,0.8,0.8,0.74,0.73,0.79,0.76
534,0.78,0.74,0.8,0.8,0.74,0.73,0.79,0.76
535,0.79,0.74,0.8,0.8,0.74,0.73,0.8,0.77
536,0.8,0.74,0.81,0.82,0.74,0.73,0.8,0.77
537,0.8,0.74,0.8,0.8,0.74,0.73,0.8,0.77
538,0.79,0.75,0.81,0.82,0.74,0.73,0.8,0.77
539,0.79,0.75,0.81,0.8,0.74,0.74,0.8,0.77
540,0.8,0.75,0.81,0.82,0.74,0.74,0.8,0.77
541,0.8,0.75,0.81,0.8,0.74,0.74,0.8,0.78
542,0.8,0.74,0.81,0.82,0.75,0.74,0.8,0.78
543,0.8,0.75,0.82,0.82,0.75,0.74,0.8,0.78
544,0.8,0.75,0.81,0.82,0.75,0.75,0.8,0.78
545,0.81,0.75,0.82,0.82,0.75,0.75,0.79,0.78
546,0.81,0.75,0.82,0.82,0.75,0.75,0.8,0.78
547,0.8,0.75,0.82,0.82,0.76,0.75,0.79,0.78
548,0.82,0.75,0.82,0.84,0.76,0.75,0.8,0.78
549,0.81,0.75,0.82,0.82,0.75,0.75,0.79,0.79
550,0.81,0.75,0.82,0.84,0.76,0.75,0.79,0.78
551,0.81,0.75,0.82,0.84,0.76,0.75,0.8,0.79
552,0.81,0.76,0.82,0.82,0.76,0.75,0.8,0.78
553,0.81,0.75,0.82,0.84,0.76,0.75,0.79,0.78
554,0.81,0.75,0.82,0.84,0.76,0.76,0.8,0.78
555,0.81,0.75,0.82,0.84,0.76,0.75,0.8,0.79
556,0.82,0.75,0.82,0.84,0.76,0.76,0.79,0.78
557,0.82,0.76,0.82,0.84,0.76,0.76,0.79,0.78
558,0.82,0.76,0.82,0.84,0.76,0.76,0.79,0.79
559,0.83,0.76,0.82,0.84,0.77,0.76,0.79,0.78
560,0.83,0.76,0.82,0.84,0.77,0.76,0.79,0.79
561,0.84,0.77,0.82,0.84,0.77,0.77,0.79,0.79
562,0.83,0.76,0.82,0.86,0.77,0.76,0.79,0.79
563,0.83,0.77,0.83,0.84,0.77,0.77,0.79,0.79
564,0.84,0.77,0.83,0.84,0.77,0.76,0.78,0.79
565,0.84,0.77,0.83,0.86,0.78,0.77,0.78,0.79
566,0.84,0.77,0.83,0.86,0.77,0.77,0.79,0.79
567,0.84,0.78,0.83,0.86,0.77,0.77,0.78,0.79
568,0.85,0.78,0.83,0.86,0.78,0.77,0.79,0.79
569,0.84,0.79,0.83,0.84,0.78,0.77,0.79,0.79
570,0.85,0.78,0.84,0.86,0.78,0.77,0.79,0.79
571,0.85,0.79,0.84,0.86,0.78,0.77,0.79,0.79
572,0.85,0.79,0.84,0.86,0.79,0.77,0.79,0.79
573,0.85,0.79,0.84,0.86,0.78,0.77,0.79,0.79
574,0.85,0.79,0.84,0.86,0.78,0.77,0.79,0.79
575,0.85,0.79,0.85,0.86,0.78,0.78,0.8,0.79
576,0.85,0.8,0.85,0.86,0.78,0.78,0.8,0.79
577,0.85,0.79,0.85,0.86,0.79,0.77,0.8,0.79
578,0.85,0.8,0.85,0.86,0.79,0.78,0.8,0.79
579,0.85,0.8,0.86,0.86,0.79,0.78,0.8,0.8
580,0.86,0.81,0.86,0.86,0.79,0.78,0.81,0.79
581,0.85,0.8,0.86,0.86,0.79,0.78,0.81,0.8
582,0.88,0.81,0.86,0.88,0.79,0.78,0.81,0.8
583,0.86,0.81,0.86,0.86,0.8,0.79,0.82,0.8
584,0.85,0.81,0.87,0.86,0.8,0.78,0.81,0.81
585,0.86,0.81,0.87,0.86,0.8,0.79,0.82,0.8
586,0.86,0.82,0.87,0.86,0.8,0.79,0.81,0.81
587,0.86,0.81,0.87,0.86,0.8,0.8,0.82,0.81
588,0.86,0.81,0.87,0.86,0.8,0.8,0.81,0.81
589,0.86,0.81,0.87,0.86,0.8,0.8,0.81,0.81
590,0.86,0.82,0.87,0.86,0.8,0.8,0.82,0.81
591,0.87,0.82,0.87,0.86,0.8,0.8,0.81,0.81
592,0.87,0.82,0.87,0.88,0.8,0.8,0.82,0.81
593,0.86,0.82,0.87,0.86,0.81,0.8,0.82,0.81
594,0.87,0.82,0.88,0.86,0.81,0.8,0.82,0.81
595,0.88,0.82,0.87,0.88,0.8,0.8,0.82,0.81
596,0.88,0.83,0.87,0.86,0.81,0.8,0.82,0.81
597,0.87,0.83,0.88,0.86,0.81,0.8,0.82,0.81
598,0.89,0.83,0.88,0.88,0.81,0.8,0.82,0.81
599,0.87,0.83,0.88,0.86,0.81,0.8,0.82,0.81
600,0.87,0.84,0.88,0.86,0.81,0.8,0.82,0.81
601,0.87,0.84,0.88,0.86,0.81,0.8,0.81,0.81
602,0.88,0.84,0.88,0.86,0.81,0.81,0.81,0.81
603,0.87,0.84,0.88,0.88,0.81,0.8,0.81,0.81
604,0.88,0.84,0.88,0.88,0.81,0.8,0.81,0.81
605,0.88,0.84,0.88,0.88,0.81,0.8,0.81,0.8
606,0.9,0.84,0.87,0.88,0.81,0.81,0.81,0.81
607,0.89,0.84,0.88,0.86,0.81,0.81,0.81,0.8
608,0.88,0.84,0.88,0.86,0.81,0.81,0.81,0.81
609,0.88,0.85,0.87,0.88,0.81,0.81,0.81,0.8
610,0.88,0.84,0.88,0.88,0.81,0.81,0.81,0.81
611,0.88,0.85,0.88,0.88,0.81,0.81,0.81,0.81
612,0.89,0.85,0.87,0.88,0.82,0.81,0.81,0.81
613,0.88,0.85,0.88,0.88,0.81,0.81,0.81,0.81
614,0.88,0.85,0.87,0.88,0.81,0.81,0.81,0.81
615,0.88,0.86,0.87,0.88,0.82,0.81,0.81,0.81
616,0.89,0.85,0.87,0.88,0.82,0.81,0.81,0.81
617,0.88,0.85,0.87,0.88,0.82,0.81,0.81,0.81
618,0.88,0.86,0.87,0.88,0.82,0.81,0.82,0.82
619,0.88,0.86,0.87,0.88,0.82,0.82,0.82,0.82
620,0.89,0.85,0.87,0.88,0.82,0.81,0.82,0.82
621,0.89,0.86,0.87,0.88,0.83,0.82,0.82,0.83
622,0.89,0.86,0.87,0.88,0.82,0.82,0.83,0.83
623,0.88,0.86,0.87,0.88,0.82,0.81,0.82,0.83
624,0.88,0.86,0.87,0.88,0.82,0.82,0.82,0.83
625,0.89,0.86,0.87,0.88,0.83,0.82,0.82,0.83
626,0.88,0.86,0.87,0.88,0.83,0.82,0.83,0.83
627,0.89,0.86,0.87,0.88,0.83,0.82,0.83,0.83
628,0.88,0.86,0.87,0.88,0.83,0.82,0.82,0.83
629,0.89,0.86,0.87,0.88,0.83,0.82,0.82,0.83
630,0.88,0.86,0.87,0.88,0.83,0.82,0.82,0.83
631,0.88,0.86,0.87,0.9,0.83,0.82,0.82,0.83
632,0.89,0.86,0.87,0.88,0.83,0.82,0.82,0.83
633,0.88,0.86,0.87,0.88,0.83,0.83,0.82,0.83
634,0.88,0.86,0.87,0.88,0.83,0.82,0.82,0.83
635,0.89,0.87,0.87,0.88,0.83,0.82,0.82,0.83
636,0.88,0.86,0.87,0.88,0.83,0.83,0.82,0.83
637,0.88,0.86,0.87,0.88,0.83,0.83,0.82,0.83
638,0.88,0.87,0.87,0.88,0.83,0.82,0.82,0.83
639,0.89,0.87,0.87,0.88,0.83,0.83,0.82,0.83
640,0.89,0.87,0.88,0.9,0.83,0.82,0.82,0.83
641,0.87,0.87,0.87,0.88,0.83,0.83,0.82,0.83
642,0.87,0.86,0.87,0.88,0.83,0.83,0.82,0.83
643,0.87,0.86,0.87,0.9,0.83,0.83,0.82,0.83
644,0.87,0.86,0.87,0.88,0.83,0.83,0.82,0.83
645,0.89,0.87,0.88,0.9,0.83,0.84,0.82,0.83
646,0.88,0.86,0.88,0.88,0.84,0.84,0.82,0.83
647,0.87,0.86,0.88,0.9,0.84,0.84,0.82,0.83
648,0.87,0.86,0.88,0.88,0.84,0.83,0.82,0.83
649,0.88,0.86,0.88,0.9,0.84,0.84,0.82,0.83
650,0.86,0.86,0.88,0.88,0.84,0.84,0.82,0.83
651,0.88,0.86,0.88,0.9,0.84,0.85,0.82,0.83
652,0.86,0.86,0.88,0.9,0.84,0.84,0.82,0.83
653,0.88,0.86,0.88,0.9,0.84,0.84,0.82,0.83
654,0.87,0.86,0.88,0.9,0.84,0.84,0.82,0.83
655,0.87,0.86,0.88,0.9,0.84,0.84,0.82,0.83
656,0.86,0.86,0.88,0.9,0.84,0.84,0.82,0.83
657,0.87,0.86,0.88,0.9,0.84,0.85,0.82,0.83
658,0.87,0.86,0.88,0.9,0.84,0.84,0.82,0.83
659,0.89,0.87,0.88,0.9,0.84,0.85,0.82,0.83
660,0.87,0.86,0.88,0.9,0.85,0.84,0.82,0.83
661,0.87,0.86,0.88,0.9,0.84,0.84,0.82,0.83
662,0.87,0.86,0.88,0.9,0.84,0.85,0.83,0.83
663,0.87,0.86,0.88,0.9,0.85,0.85,0.83,0.83
664,0.87,0.86,0.88,0.9,0.85,0.85,0.83,0.83
665,0.87,0.86,0.88,0.9,0.85,0.85,0.83,0.83
666,0.87,0.86,0.88,0.9,0.85,0.85,0.83,0.84
667,0.87,0.87,0.88,0.9,0.85,0.85,0.84,0.84
668,0.87,0.86,0.88,0.92,0.85,0.85,0.84,0.84
669,0.89,0.86,0.88,0.9,0.85,0.85,0.84,0.85
670,0.88,0.86,0.88,0.92,0.85,0.85,0.84,0.85
671,0.88,0.87,0.88,0.92,0.85,0.85,0.84,0.85
672,0.88,0.87,0.88,0.92,0.86,0.85,0.85,0.85
673,0.89,0.87,0.88,0.92,0.86,0.85,0.84,0.85
674,0.89,0.87,0.89,0.92,0.85,0.85,0.84,0.85
675,0.88,0.87,0.88,0.9,0.86,0.86,0.84,0.85
676,0.89,0.87,0.89,0.92,0.86,0.85,0.84,0.85
677,0.89,0.86,0.88,0.92,0.86,0.85,0.84,0.85
678,0.89,0.87,0.89,0.92,0.86,0.85,0.85,0.86
679,0.88,0.87,0.89,0.9,0.86,0.86,0.84,0.85
680,0.89,0.87,0.89,0.92,0.86,0.85,0.84,0.86
681,0.88,0.87,0.89,0.92,0.85,0.85,0.84,0.85
682,0.89,0.87,0.89,0.92,0.86,0.85,0.84,0.85
683,0.89,0.87,0.88,0.92,0.85,0.85,0.84,0.85
684,0.89,0.87,0.88,0.92,0.86,0.86,0.83,0.85
685,0.88,0.87,0.88,0.92,0.86,0.85,0.84,0.85
686,0.89,0.87,0.88,0.92,0.86,0.86,0.84,0.85
687,0.89,0.87,0.88,0.92,0.86,0.85,0.84,0.84
688,0.89,0.87,0.87,0.92,0.86,0.85,0.83,0.85
689,0.9,0.87,0.88,0.92,0.86,0.85,0.83,0.84
690,0.89,0.88,0.87,0.92,0.85,0.86,0.83,0.84
691,0.89,0.88,0.86,0.92,0.85,0.86,0.83,0.83
692,0.89,0.88,0.86,0.92,0.85,0.85,0.82,0.83
693,0.88,0.88,0.86,0.92,0.85,0.86,0.82,0.83
694,0.89,0.87,0.86,0.92,0.85,0.85,0.82,0.83
695,0.89,0.87,0.86,0.92,0.85,0.85,0.82,0.83
696,0.89,0.87,0.86,0.92,0.85,0.85,0.82,0.83
697,0.87,0.87,0.85,0.92,0.85,0.85,0.82,0.83
698,0.87,0.88,0.86,0.92,0.85,0.85,0.82,0.83
699,0.87,0.87,0.86,0.92,0.85,0.85,0.82,0.83
700,0.87,0.87,0.86,0.92,0.85,0.85,0.82,0.83
701,0.87,0.87,0.85,0.92,0.85,0.85,0.82,0.83
702,0.87,0.87,0.85,0.92,0.84,0.85,0.82,0.83
703,0.87,0.87,0.86,0.92,0.85,0.85,0.82,0.83
704,0.86,0.87,0.86,0.92,0.85,0.85,0.83,0.83
705,0.88,0.87,0.85,0.94,0.85,0.85,0.82,0.83
706,0.87,0.87,0.86,0.92,0.85,0.85,0.82,0.83
707,0.86,0.87,0.86,0.92,0.85,0.85,0.82,0.83
708,0.86,0.87,0.85,0.92,0.85,0.85,0.83,0.83
709,0.86,0.87,0.85,0.92,0.85,0.85,0.82,0.83
710,0.86,0.87,0.85,0.92,0.85,0.85,0.82,0.83
711,0.85,0.87,0.85,0.92,0.85,0.85,0.82,0.83
712,0.86,0.87,0.85,0.92,0.85,0.85,0.82,0.83
713,0.86,0.87,0.85,0.92,0.84,0.85,0.82,0.83
714,0.86,0.87,0.85,0.94,0.84,0.85,0.82,0.83
715,0.85,0.87,0.85,0.94,0.85,0.85,0.82,0.83
716,0.85,0.86,0.84,0.92,0.85,0.85,0.82,0.83
717,0.88,0.86,0.85,0.92,0.84,0.85,0.82,0.82
718,0.86,0.86,0.85,0.92,0.84,0.85,0.82,0.82
719,0.85,0.87,0.85,0.92,0.85,0.85,0.82,0.82
720,0.85,0.86,0.84,0.92,0.84,0.85,0.82,0.82
721,0.85,0.86,0.84,0.92,0.85,0.85,0.81,0.81
722,0.87,0.87,0.84,0.92,0.84,0.85,0.81,0.81
723,0.86,0.86,0.84,0.92,0.84,0.85,0.8,0.81
724,0.86,0.87,0.84,0.92,0.84,0.85,0.8,0.81
725,0.86,0.86,0.84,0.92,0.84,0.85,0.79,0.8
726,0.85,0.86,0.84,0.92,0.84,0.85,0.79,0.8
727,0.86,0.87,0.85,0.92,0.83,0.84,0.78,0.8
728,0.87,0.86,0.84,0.92,0.84,0.85,0.78,0.79
729,0.87,0.86,0.84,0.92,0.83,0.85,0.78,0.79
730,0.85,0.87,0.85,0.92,0.83,0.84,0.78,0.79
731,0.86,0.87,0.85,0.9,0.83,0.84,0.78,0.79
732,0.88,0.87,0.85,0.9,0.83,0.84,0.78,0.78
733,0.85,0.86,0.85,0.9,0.83,0.83,0.78,0.78
734,0.87,0.87,0.85,0.9,0.83,0.83,0.78,0.78
735,0.85,0.87,0.85,0.92,0.83,0.83,0.78,0.77
736,0.85,0.87,0.86,0.92,0.83,0.83,0.78,0.77
737,0.85,0.87,0.86,0.9,0.83,0.82,0.78,0.78
738,0.86,0.87,0.86,0.9,0.83,0.82,0.78,0.78
739,0.87,0.86,0.86,0.9,0.83,0.82,0.78,0.78
740,0.86,0.87,0.86,0.9,0.83,0.82,0.79,0.77
741,0.86,0.87,0.86,0.9,0.82,0.82,0.78,0.78
742,0.87,0.87,0.86,0.88,0.83,0.82,0.79,0.77
743,0.88,0.86,0.86,0.9,0.82,0.82,0.79,0.77
744,0.87,0.87,0.86,0.9,0.83,0.82,0.79,0.78
745,0.88,0.87,0.86,0.9,0.82,0.82,0.78,0.78
746,0.86,0.87,0.86,0.9,0.82,0.82,0.79,0.78
747,0.86,0.87,0.86,0.88,0.82,0.82,0.79,0.79
748,0.86,0.87,0.86,0.9,0.83,0.82,0.8,0.78
749,0.85,0.87,0.86,0.88,0.82,0.82,0.8,0.79
750,0.86,0.87,0.86,0.9,0.82,0.82,0.8,0.79
751,0.86,0.87,0.86,0.9,0.82,0.82,0.8,0.79
752,0.86,0.87,0.86,0.88,0.82,0.82,0.8,0.79
753,0.87,0.87,0.86,0.88,0.81,0.82,0.8,0.79
754,0.86,0.87,0.86,0.88,0.82,0.82,0.8,0.79
755,0.87,0.87,0.86,0.88,0.82,0.82,0.8,0.79
756,0.88,0.86,0.86,0.9,0.81,0.82,0.81,0.79
757,0.85,0.87,0.86,0.9,0.82,0.82,0.81,0.8
758,0.86,0.87,0.86,0.9,0.82,0.82,0.81,0.8
759,0.86,0.87,0.86,0.9,0.82,0.82,0.81,0.8
760,0.87,0.87,0.87,0.88,0.81,0.82,0.81,0.8
761,0.86,0.87,0.86,0.88,0.82,0.82,0.81,0.8
762,0.87,0.86,0.86,0.88,0.82,0.82,0.81,0.81
763,0.88,0.87,0.87,0.88,0.82,0.82,0.81,0.8
764,0.87,0.87,0.86,0.88,0.81,0.82,0.82,0.8
765,0.86,0.87,0.86,0.88,0.82,0.82,0.82,0.81
766,0.87,0.87,0.87,0.9,0.82,0.82,0.82,0.81
767,0.87,0.86,0.87,0.88,0.81,0.82,0.82,0.81
768,0.89,0.87,0.87,0.9,0.82,0.82,0.82,0.81
769,0.87,0.87,0.87,0.9,0.82,0.82,0.82,0.82
770,0.87,0.87,0.87,0.88,0.82,0.82,0.82,0.82
771,0.88,0.87,0.87,0.88,0.82,0.82,0.82,0.82
772,0.89,0.87,0.87,0.88,0.82,0.82,0.82,0.82
773,0.88,0.87,0.87,0.88,0.82,0.82,0.82,0.82
774,0.88,0.87,0.87,0.88,0.82,0.82,0.82,0.82
775,0.88,0.88,0.87,0.88,0.83,0.82,0.82,0.83
776,0.89,0.88,0.87,0.88,0.82,0.82,0.82,0.83
777,0.89,0.87,0.88,0.88,0.83,0.82,0.82,0.83
778,0.89,0.88,0.88,0.88,0.82,0.82,0.82,0.83
779,0.9,0.88,0.88,0.88,0.83,0.83,0.82,0.83
780,0.89,0.88,0.88,0.88,0.83,0.83,0.82,0.83
781,0.89,0.88,0.88,0.88,0.83,0.83,0.82,0.83
782,0.89,0.88,0.88,0.86,0.83,0.82,0.82,0.83
783,0.89,0.89,0.88,0.88,0.83,0.83,0.82,0.83
784,0.89,0.89,0.88,0.88,0.83,0.83,0.82,0.83
785,0.89,0.89,0.88,0.88,0.83,0.83,0.83,0.83
786,0.9,0.89,0.89,0.86,0.83,0.83,0.83,0.83
787,0.89,0.9,0.88,0.88,0.83,0.83,0.83,0.83
788,0.9,0.9,0.89,0.88,0.83,0.83,0.84,0.83
789,0.9,0.89,0.88,0.88,0.83,0.83,0.84,0.83
790,0.91,0.89,0.89,0.88,0.83,0.84,0.84,0.84
791,0.9,0.9,0.89,0.88,0.83,0.83,0.85,0.84
792,0.91,0.9,0.89,0.88,0.83,0.83,0.85,0.84
793,0.92,0.9,0.89,0.86,0.83,0.83,0.85,0.84
794,0.91,0.9,0.9,0.86,0.83,0.83,0.85,0.85
795,0.92,0.9,0.89,0.88,0.84,0.84,0.86,0.85
796,0.9,0.9,0.9,0.88,0.84,0.84,0.86,0.85
797,0.92,0.9,0.9,0.88,0.84,0.84,0.86,0.85
798,0.91,0.91,0.9,0.88,0.84,0.84,0.86,0.85
799,0.9,0.91,0.9,0.88,0.84,0.85,0.87,0.85
800,0.91,0.91,0.9,0.86,0.84,0.85,0.87,0.85
801,0.93,0.91,0.9,0.88,0.85,0.85,0.88,0.86
802,0.92,0.91,0.9,0.86,0.85,0.84,0.87,0.85
803,0.92,0.91,0.91,0.88,0.85,0.85,0.88,0.86
804,0.92,0.92,0.91,0.86,0.85,0.85,0.88,0.85
805,0.91,0.92,0.91,0.86,0.86,0.85,0.88,0.86
806,0.92,0.92,0.91,0.86,0.85,0.85,0.88,0.86
807,0.92,0.92,0.91,0.86,0.85,0.85,0.88,0.86
808,0.92,0.92,0.91,0.88,0.85,0.85,0.88,0.86
809,0.92,0.93,0.91,0.86,0.85,0.85,0.88,0.86
810,0.93,0.92,0.91,0.86,0.85,0.85,0.88,0.86
811,0.93,0.93,0.91,0.86,0.86,0.85,0.88,0.86
812,0.92,0.92,0.91,0.86,0.85,0.85,0.88,0.86
813,0.92,0.92,0.91,0.88,0.85,0.85,0.88,0.86
814,0.92,0.92,0.91,0.86,0.86,0.85,0.88,0.86
815,0.94,0.93,0.91,0.86,0.86,0.85,0.88,0.87
816,0.93,0.93,0.91,0.86,0.86,0.86,0.88,0.87
817,0.93,0.93,0.91,0.86,0.86,0.86,0.88,0.87
818,0.93,0.93,0.91,0.86,0.86,0.85,0.88,0.87
819,0.94,0.93,0.91,0.86,0.86,0.85,0.88,0.86
820,0.92,0.93,0.91,0.86,0.86,0.85,0.88,0.87
821,0.93,0.93,0.91,0.86,0.87,0.86,0.88,0.87
822,0.92,0.93,0.91,0.86,0.87,0.85,0.88,0.87
823,0.92,0.94,0.91,0.86,0.86,0.86,0.88,0.87
824,0.94,0.93,0.91,0.86,0.87,0.86,0.88,0.87
825,0.93,0.94,0.91,0.86,0.87,0.86,0.88,0.87
826,0.93,0.94,0.91,0.86,0.87,0.87,0.88,0.87
827,0.93,0.93,0.91,0.86,0.87,0.87,0.88,0.87
828,0.93,0.93,0.92,0.86,0.87,0.86,0.89,0.88
829,0.94,0.93,0.92,0.86,0.88,0.87,0.88,0.87
830,0.93,0.94,0.92,0.86,0.87,0.87,0.88,0.87
831,0.92,0.94,0.92,0.86,0.88,0.87,0.88,0.87
832,0.93,0.93,0.92,0.86,0.88,0.87,0.88,0.88
833,0.93,0.94,0.92,0.86,0.88,0.87,0.88,0.87
834,0.93,0.94,0.92,0.86,0.88,0.87,0.88,0.88
835,0.94,0.94,0.92,0.86,0.88,0.87,0.88,0.88
836,0.93,0.94,0.93,0.86,0.88,0.87,0.88,0.88
837,0.93,0.94,0.93,0.86,0.88,0.87,0.89,0.88
838,0.92,0.94,0.93,0.86,0.88,0.87,0.88,0.88
839,0.92,0.94,0.93,0.86,0.88,0.87,0.88,0.88
840,0.92,0.94,0.93,0.86,0.88,0.88,0.89,0.88
841,0.92,0.94,0.93,0.86,0.89,0.87,0.89,0.88
842,0.91,0.94,0.93,0.86,0.88,0.87,0.88,0.88
843,0.92,0.94,0.93,0.86,0.88,0.87,0.88,0.87
844,0.92,0.94,0.93,0.86,0.89,0.87,0.88,0.87
845,0.91,0.94,0.93,0.86,0.89,0.88,0.88,0.87
846,0.93,0.93,0.93,0.86,0.88,0.87,0.88,0.87
847,0.93,0.94,0.93,0.86,0.88,0.87,0.88,0.87
848,0.91,0.94,0.93,0.86,0.89,0.87,0.88,0.87
849,0.91,0.94,0.93,0.86,0.88,0.87,0.88,0.87
850,0.91,0.93,0.93,0.86,0.88,0.88,0.88,0.87
851,0.91,0.93,0.93,0.86,0.88,0.87,0.88,0.87
852,0.92,0.94,0.93,0.86,0.89,0.87,0.88,0.87
853,0.91,0.93,0.93,0.86,0.88,0.88,0.88,0.87
854,0.91,0.93,0.93,0.86,0.88,0.88,0.88,0.87
855,0.91,0.93,0.93,0.86,0.88,0.88,0.88,0.87
856,0.91,0.94,0.93,0.88,0.89,0.89,0.88,0.88
857,0.91,0.93,0.93,0.86,0.89,0.89,0.88,0.88
858,0.91,0.93,0.93,0.86,0.89,0.89,0.89,0.88
859,0.91,0.94,0.93,0.86,0.9,0.89,0.89,0.88
860,0.91,0.93,0.93,0.86,0.9,0.89,0.89,0.88
861,0.91,0.93,0.93,0.88,0.89,0.89,0.88,0.88
862,0.91,0.93,0.93,0.86,0.89,0.89,0.89,0.88
863,0.92,0.93,0.93,0.86,0.9,0.89,0.89,0.88
864,0.93,0.93,0.93,0.86,0.9,0.89,0.89,0.88
865,0.91,0.93,0.93,0.86,0.89,0.89,0.89,0.89
866,0.91,0.93,0.93,0.86,0.9,0.89,0.89,0.89
867,0.91,0.93,0.93,0.86,0.9,0.89,0.89,0.88
868,0.91,0.93,0.93,0.86,0.9,0.89,0.89,0.89
869,0.91,0.93,0.93,0.86,0.9,0.89,0.9,0.88
870,0.92,0.94,0.93,0.88,0.9,0.89,0.89,0.89
871,0.91,0.93,0.93,0.88,0.91,0.89,0.89,0.89
872,0.91,0.93,0.93,0.88,0.9,0.89,0.9,0.89
873,0.91,0.93,0.93,0.86,0.9,0.89,0.9,0.89
874,0.92,0.93,0.92,0.86,0.91,0.9,0.89,0.9
875,0.91,0.94,0.93,0.88,0.9,0.9,0.91,0.9
876,0.93,0.94,0.92,0.88,0.91,0.9,0.9,0.9
877,0.92,0.93,0.92,0.86,0.9,0.9,0.9,0.9
878,0.92,0.94,0.92,0.86,0.91,0.9,0.91,0.9
879,0.92,0.93,0.91,0.86,0.91,0.9,0.9,0.9
880,0.91,0.93,0.91,0.86,0.91,0.91,0.91,0.9
881,0.92,0.93,0.91,0.86,0.91,0.91,0.91,0.9
882,0.91,0.93,0.91,0.86,0.91,0.91,0.91,0.91
883,0.92,0.93,0.91,0.86,0.91,0.91,0.91,0.91
884,0.9,0.93,0.91,0.86,0.91,0.91,0.91,0.91
885,0.92,0.93,0.92,0.86,0.91,0.91,0.92,0.91
886,0.9,0.93,0.91,0.86,0.92,0.91,0.92,0.91
887,0.92,0.93,0.91,0.86,0.92,0.91,0.92,0.92
888,0.91,0.93,0.91,0.86,0.92,0.91,0.92,0.92
889,0.93,0.93,0.91,0.86,0.92,0.92,0.92,0.93
890,0.91,0.93,0.91,0.86,0.92,0.92,0.92,0.92
891,0.91,0.94,0.91,0.86,0.92,0.92,0.92,0.93
892,0.91,0.94,0.91,0.86,0.93,0.92,0.93,0.94
893,0.9,0.94,0.91,0.86,0.93,0.92,0.94,0.94
894,0.9,0.94,0.91,0.86,0.93,0.92,0.94,0.94
895,0.91,0.93,0.91,0.86,0.93,0.93,0.94,0.95
896,0.93,0.94,0.91,0.84,0.94,0.94,0.95,0.97
897,0.91,0.94,0.91,0.84,0.94,0.94,0.95,0.97
898,0.92,0.93,0.91,0.84,0.94,0.94,0.95,0.97
899,0.93,0.94,0.91,0.86,0.95,0.94,0.95,0.97
900,0.92,0.93,0.92,0.84,0.95,0.94,0.95,0.98
901,0.92,0.94,0.92,0.84,0.95,0.94,0.95,0.97
902,0.93,0.93,0.92,0.84,0.95,0.94,0.95,0.97
903,0.93,0.95,0.92,0.84,0.96,0.94,0.95,0.97
904,0.93,0.94,0.93,0.84,0.96,0.94,0.95,0.97
905,0.93,0.94,0.93,0.84,0.96,0.94,0.95,0.97
906,0.93,0.95,0.93,0.84,0.96,0.95,0.95,0.98
907,0.94,0.94,0.93,0.84,0.96,0.95,0.95,0.98
908,0.93,0.94,0.93,0.82,0.96,0.95,0.95,0.97
909,0.93,0.94,0.93,0.82,0.96,0.95,0.95,0.98
910,0.93,0.94,0.94,0.84,0.96,0.95,0.95,0.97
911,0.93,0.94,0.94,0.84,0.97,0.95,0.95,0.97
912,0.93,0.94,0.94,0.84,0.97,0.95,0.95,0.98
913,0.95,0.94,0.94,0.82,0.96,0.96,0.95,0.97
914,0.95,0.95,0.94,0.82,0.96,0.96,0.95,0.98
915,0.94,0.95,0.94,0.84,0.96,0.96,0.95,0.97
916,0.94,0.95,0.94,0.84,0.96,0.96,0.95,0.98
917,0.95,0.95,0.95,0.82,0.97,0.96,0.95,0.97
918,0.94,0.95,0.95,0.84,0.97,0.96,0.95,0.98
919,0.94,0.95,0.95,0.84,0.97,0.96,0.95,0.98
920,0.97,0.95,0.95,0.84,0.97,0.96,0.96,0.98
921,0.95,0.96,0.95,0.84,0.97,0.96,0.95,0.98
922,0.95,0.96,0.95,0.84,0.97,0.96,0.95,0.98
923,0.95,0.96,0.95,0.84,0.97,0.96,0.96,0.98
924,0.97,0.96,0.95,0.84,0.97,0.96,0.96,0.98
925,0.97,0.96,0.95,0.84,0.97,0.96,0.96,0.97
926,0.95,0.96,0.95,0.84,0.97,0.96,0.95,0.98
927,0.95,0.96,0.95,0.82,0.97,0.96,0.95,0.98
928,0.94,0.96,0.96,0.84,0.97,0.96,0.95,0.98
929,0.95,0.96,0.95,0.84,0.97,0.96,0.95,0.97
930,0.94,0.96,0.96,0.84,0.97,0.96,0.95,0.98
931,0.97,0.96,0.96,0.84,0.97,0.96,0.95,0.98
932,0.95,0.97,0.96,0.84,0.97,0.96,0.95,0.97
933,0.94,0.96,0.96,0.84,0.97,0.96,0.95,0.97
934,0.94,0.96,0.96,0.84,0.97,0.96,0.95,0.97
935,0.94,0.96,0.96,0.84,0.97,0.96,0.95,0.97
936,0.94,0.96,0.96,0.84,0.97,0.96,0.95,0.97
937,0.94,0.96,0.96,0.82,0.97,0.96,0.95,0.96
938,0.96,0.97,0.96,0.84,0.97,0.96,0.95,0.97
939,0.94,0.97,0.96,0.82,0.97,0.96,0.95,0.96
940,0.94,0.96,0.96,0.84,0.96,0.96,0.95,0.96
941,0.94,0.97,0.96,0.84,0.97,0.96,0.95,0.96
942,0.94,0.96,0.97,0.84,0.97,0.96,0.95,0.96
943,0.95,0.96,0.96,0.84,0.96,0.96,0.94,0.96
944,0.94,0.97,0.96,0.84,0.97,0.97,0.95,0.96
945,0.94,0.96,0.96,0.84,0.96,0.96,0.95,0.96
946,0.94,0.97,0.96,0.84,0.97,0.96,0.95,0.96
947,0.94,0.96,0.96,0.84,0.96,0.96,0.94,0.95
948,0.93,0.96,0.96,0.84,0.96,0.96,0.94,0.96
949,0.95,0.96,0.96,0.84,0.96,0.96,0.94,0.96
950,0.94,0.96,0.96,0.84,0.97,0.96,0.94,0.96
951,0.94,0.96,0.96,0.84,0.96,0.96,0.95,0.96
952,0.94,0.97,0.96,0.84,0.96,0.96,0.94,0.96
953,0.94,0.96,0.96,0.86,0.96,0.96,0.94,0.96
954,0.93,0.97,0.96,0.84,0.96,0.96,0.94,0.96
955,0.95,0.97,0.96,0.84,0.96,0.96,0.94,0.96
956,0.94,0.96,0.96,0.84,0.95,0.96,0.94,0.96
957,0.94,0.97,0.97,0.84,0.96,0.96,0.94,0.96
958,0.94,0.96,0.96,0.84,0.95,0.96,0.94,0.96
959,0.94,0.96,0.96,0.84,0.96,0.96,0.94,0.96
960,0.94,0.96,0.96,0.86,0.96,0.96,0.94,0.96
961,0.95,0.96,0.97,0.84,0.95,0.96,0.94,0.96
962,0.96,0.96,0.97,0.86,0.96,0.96,0.94,0.96
963,0.94,0.96,0.97,0.84,0.95,0.96,0.94,0.96
964,0.94,0.96,0.97,0.84,0.96,0.96,0.95,0.95
965,0.97,0.96,0.97,0.86,0.95,0.96,0.94,0.95
966,0.95,0.97,0.97,0.84,0.96,0.96,0.94,0.95
967,0.96,0.97,0.97,0.86,0.95,0.96,0.95,0.95
968,0.94,0.96,0.98,0.84,0.95,0.96,0.94,0.94
969,0.96,0.96,0.98,0.86,0.95,0.96,0.94,0.94
970,0.94,0.97,0.97,0.86,0.95,0.96,0.93,0.94
971,0.94,0.96,0.98,0.86,0.95,0.96,0.93,0.94
972,0.95,0.96,0.98,0.86,0.95,0.96,0.92,0.94
973,0.96,0.96,0.98,0.86,0.95,0.95,0.92,0.93
974,0.94,0.96,0.98,0.86,0.95,0.96,0.92,0.93
975,0.93,0.95,0.98,0.88,0.94,0.95,0.92,0.93
976,0.93,0.95,0.98,0.86,0.94,0.96,0.92,0.93
977,0.93,0.95,0.98,0.86,0.95,0.95,0.92,0.92
978,0.93,0.95,0.98,0.86,0.94,0.95,0.92,0.92
979,0.94,0.95,0.98,0.86,0.94,0.95,0.92,0.92
980,0.96,0.95,0.98,0.88,0.95,0.94,0.92,0.91
981,0.94,0.95,0.98,0.86,0.94,0.95,0.92,0.92
982,0.97,0.95,0.98,0.86,0.95,0.94,0.92,0.91
983,0.94,0.96,0.98,0.88,0.94,0.94,0.92,0.91
984,0.94,0.95,0.98,0.86,0.94,0.94,0.92,0.91
985,0.94,0.95,0.98,0.88,0.94,0.94,0.92,0.9
986,0.95,0.96,0.98,0.88,0.94,0.94,0.92,0.9
987,0.95,0.96,0.98,0.88,0.94,0.94,0.92,0.9
988,0.95,0.95,0.98,0.88,0.94,0.94,0.92,0.9
989,0.95,0.96,0.99,0.88,0.93,0.94,0.92,0.9
990,0.95,0.96,0.98,0.88,0.94,0.94,0.92,0.9
991,0.95,0.95,0.98,0.88,0.94,0.94,0.92,0.9
992,0.95,0.95,0.99,0.88,0.94,0.94,0.92,0.9
993,0.96,0.95,0.99,0.88,0.94,0.94,0.92,0.9
994,0.95,0.95,0.98,0.88,0.93,0.94,0.92,0.89
995,0.95,0.95,0.98,0.88,0.94,0.93,0.92,0.9
996,0.95,0.95,0.98,0.88,0.94,0.93,0.91,0.89
997,0.97,0.96,0.98,0.88,0.93,0.93,0.92,0.88
998,0.96,0.95,0.98,0.9,0.93,0.93,0.91,0.88
999,0.94,0.96,0.98,0.88,0.93,0.92,0.91,0.88
1000,0.95,0.95,0.97,0.88,0.93,0.92,0.9,0.89
1001,0.94,0.95,0.97,0.88,0.93,0.92,0.9,0.88
1002,0.94,0.95,0.97,0.88,0.93,0.92,0.9,0.89
1003,0.94,0.95,0.97,0.9,0.92,0.92,0.9,0.88
1004,0.96,0.95,0.96,0.88,0.92,0.92,0.91,0.88
1005,0.94,0.95,0.97,0.88,0.92,0.92,0.9,0.88
1006,0.94,0.95,0.96,0.88,0.92,0.91,0.9,0.88
1007,0.94,0.95,0.96,0.88,0.92,0.91,0.89,0.89
1008,0.94,0.95,0.96,0.9,0.92,0.91,0.89,0.89
1009,0.95,0.95,0.96,0.88,0.92,0.92,0.89,0.89
1010,0.94,0.95,0.96,0.88,0.92,0.92,0.89,0.89
1011,0.96,0.95,0.96,0.88,0.92,0.92,0.89,0.88
1012,0.95,0.95,0.96,0.9,0.92,0.92,0.9,0.89
1013,0.94,0.95,0.96,0.88,0.91,0.92,0.89,0.89
1014,0.94,0.95,0.96,0.88,0.92,0.92,0.89,0.89
1015,0.95,0.95,0.95,0.88,0.92,0.92,0.9,0.89
1016,0.94,0.95,0.96,0.9,0.92,0.92,0.9,0.89
1017,0.97,0.95,0.96,0.88,0.92,0.92,0.9,0.9
1018,0.94,0.95,0.95,0.9,0.92,0.92,0.9,0.89
1019,0.94,0.95,0.95,0.9,0.92,0.92,0.9,0.89
1020,0.95,0.95,0.95,0.9,0.92,0.92,0.9,0.9
1021,0.95,0.95,0.95,0.9,0.93,0.92,0.9,0.9
1022,0.96,0.95,0.95,0.9,0.92,0.92,0.9,0.9
1023,0.94,0.95,0.95,0.88,0.92,0.92,0.9,0.9
1024,0.95,0.95,0.95,0.88,0.92,0.92,0.9,0.9
1025,0.94,0.95,0.95,0.88,0.92,0.92,0.9,0.9
1026,0.95,0.95,0.95,0.88,0.92,0.92,0.9,0.9
1027,0.96,0.95,0.94,0.88,0.92,0.92,0.9,0.9
1028,0.94,0.95,0.95,0.88,0.92,0.92,0.9,0.9
1029,0.94,0.95,0.94,0.88,0.93,0.92,0.9,0.91
1030,0.93,0.95,0.94,0.88,0.92,0.92,0.91,0.91
1031,0.95,0.95,0.94,0.88,0.92,0.92,0.9,0.92
1032,0.93,0.95,0.94,0.88,0.93,0.92,0.91,0.92
1033,0.94,0.95,0.93,0.88,0.93,0.92,0.92,0.92
1034,0.93,0.95,0.93,0.88,0.93,0.92,0.92,0.92
1035,0.93,0.95,0.94,0.88,0.93,0.93,0.92,0.93
1036,0.93,0.95,0.93,0.88,0.93,0.93,0.92,0.93
1037,0.93,0.95,0.93,0.88,0.93,0.93,0.92,0.94
1038,0.93,0.94,0.93,0.88,0.93,0.93,0.92,0.94
1039,0.92,0.94,0.93,0.86,0.93,0.93,0.93,0.94
1040,0.92,0.95,0.93,0.88,0.93,0.94,0.93,0.95
1041,0.92,0.94,0.93,0.88,0.93,0.93,0.92,0.94
1042,0.91,0.94,0.93,0.86,0.93,0.94,0.92,0.94
1043,0.92,0.94,0.93,0.86,0.93,0.94,0.93,0.95
1044,0.93,0.94,0.93,0.86,0.94,0.94,0.92,0.95
1045,0.92,0.94,0.93,0.86,0.94,0.94,0.93,0.95
1046,0.91,0.94,0.93,0.86,0.94,0.94,0.92,0.94
1047,0.91,0.94,0.93,0.86,0.93,0.94,0.92,0.95
1048,0.93,0.93,0.93,0.86,0.94,0.94,0.92,0.95
1049,0.91,0.94,0.93,0.88,0.94,0.94,0.92,0.95
1050,0.93,0.94,0.92,0.86,0.94,0.94,0.92,0.95
1051,0.92,0.94,0.92,0.86,0.94,0.94,0.92,0.95
1052,0.92,0.94,0.92,0.86,0.94,0.94,0.92,0.94
1053,0.92,0.94,0.92,0.86,0.94,0.94,0.92,0.94
1054,0.93,0.93,0.92,0.86,0.94,0.94,0.92,0.94
1055,0.91,0.94,0.92,0.86,0.94,0.94,0.91,0.94
1056,0.91,0.93,0.92,0.86,0.94,0.94,0.91,0.94
1057,0.91,0.93,0.93,0.86,0.94,0.94,0.91,0.94
1058,0.91,0.93,0.93,0.86,0.94,0.94,0.92,0.94
1059,0.91,0.93,0.93,0.86,0.94,0.94,0.92,0.94
1060,0.92,0.93,0.93,0.84,0.94,0.94,0.92,0.93
1061,0.91,0.93,0.93,0.86,0.94,0.94,0.92,0.94
1062,0.91,0.93,0.94,0.86,0.94,0.94,0.92,0.94
1063,0.92,0.93,0.94,0.86,0.94,0.94,0.93,0.93
1064,0.92,0.93,0.94,0.86,0.94,0.94,0.94,0.93
1065,0.92,0.93,0.94,0.84,0.94,0.94,0.93,0.93
1066,0.92,0.93,0.94,0.86,0.95,0.94,0.94,0.94
1067,0.92,0.93,0.94,0.86,0.94,0.94,0.94,0.94
1068,0.93,0.93,0.94,0.86,0.94,0.94,0.94,0.94
1069,0.93,0.94,0.94,0.86,0.94,0.94,0.95,0.94
1070,0.93,0.93,0.94,0.86,0.95,0.94,0.94,0.94
1071,0.92,0.94,0.94,0.86,0.94,0.94,0.94,0.94
1072,0.93,0.93,0.94,0.86,0.94,0.94,0.94,0.94
1073,0.93,0.93,0.93,0.86,0.95,0.94,0.94,0.94
1074,0.93,0.93,0.94,0.86,0.95,0.94,0.94,0.94
1075,0.95,0.94,0.93,0.86,0.95,0.94,0.93,0.94
1076,0.93,0.94,0.93,0.86,0.95,0.94,0.93,0.94
1077,0.93,0.94,0.93,0.84,0.95,0.94,0.93,0.94
1078,0.93,0.94,0.93,0.84,0.95,0.94,0.93,0.94
1079,0.93,0.94,0.93,0.86,0.94,0.94,0.93,0.94
1080,0.93,0.94,0.93,0.86,0.95,0.94,0.92,0.94
1081,0.93,0.95,0.93,0.84,0.95,0.94,0.92,0.94
1082,0.93,0.94,0.93,0.86,0.95,0.94,0.92,0.94
1083,0.95,0.94,0.93,0.86,0.95,0.94,0.92,0.92
1084,0.94,0.94,0.93,0.86,0.94,0.94,0.92,0.93
1085,0.93,0.94,0.93,0.84,0.95,0.94,0.92,0.93
1086,0.93,0.95,0.93,0.84,0.94,0.94,0.91,0.92
1087,0.96,0.95,0.93,0.84,0.94,0.94,0.91,0.92
1088,0.95,0.95,0.93,0.84,0.94,0.94,0.92,0.91
1089,0.96,0.95,0.93,0.84,0.94,0.94,0.91,0.91
1090,0.94,0.95,0.93,0.84,0.95,0.94,0.91,0.91
1091,0.94,0.95,0.93,0.84,0.95,0.93,0.9,0.9
1092,0.94,0.95,0.93,0.86,0.95,0.93,0.9,0.9
1093,0.94,0.95,0.94,0.84,0.94,0.93,0.91,0.9
1094,0.95,0.96,0.94,0.84,0.94,0.93,0.91,0.9
1095,0.97,0.96,0.94,0.86,0.94,0.93,0.92,0.9
1096,0.95,0.96,0.94,0.86,0.94,0.93,0.92,0.9
1097,0.96,0.95,0.95,0.84,0.94,0.93,0.92,0.9
1098,0.95,0.95,0.94,0.84,0.94,0.93,0.92,0.9
1099,0.95,0.96,0.95,0.84,0.94,0.93,0.92,0.91
1100,0.95,0.96,0.95,0.86,0.94,0.93,0.92,0.9
1101,0.95,0.96,0.95,0.84,0.95,0.94,0.92,0.91
1102,0.95,0.96,0.95,0.84,0.94,0.93,0.92,0.91
1103,0.97,0.96,0.95,0.84,0.95,0.93,0.93,0.91
1104,0.95,0.96,0.95,0.84,0.95,0.94,0.93,0.92
1105,0.96,0.96,0.95,0.84,0.94,0.93,0.92,0.91
1106,0.95,0.96,0.95,0.84,0.94,0.93,0.92,0.92
1107,0.95,0.96,0.95,0.84,0.94,0.94,0.92,0.92
1108,0.95,0.96,0.95,0.84,0.95,0.94,0.92,0.92
1109,0.95,0.97,0.95,0.84,0.94,0.94,0.92,0.92
1110,0.95,0.96,0.95,0.84,0.95,0.94,0.93,0.92
1111,0.95,0.96,0.95,0.84,0.95,0.94,0.92,0.92
1112,0.95,0.96,0.95,0.84,0.95,0.94,0.92,0.92
1113,0.96,0.97,0.95,0.84,0.94,0.94,0.92,0.92
1114,0.95,0.97,0.95,0.84,0.94,0.94,0.92,0.92
1115,0.95,0.96,0.95,0.86,0.94,0.94,0.92,0.92
1116,0.95,0.96,0.95,0.84,0.95,0.94,0.92,0.92
1117,0.95,0.96,0.95,0.84,0.95,0.94,0.92,0.92
1118,0.95,0.96,0.95,0.82,0.95,0.94,0.92,0.92
1119,0.95,0.97,0.95,0.84,0.95,0.94,0.92,0.93
1120,0.96,0.97,0.95,0.84,0.95,0.94,0.92,0.93
1121,0.95,0.96,0.95,0.84,0.95,0.94,0.92,0.92
1122,0.97,0.97,0.95,0.84,0.96,0.94,0.92,0.93
1123,0.97,0.97,0.95,0.84,0.95,0.94,0.92,0.92
1124,0.95,0.97,0.95,0.84,0.95,0.94,0.92,0.93
1125,0.96,0.97,0.95,0.84,0.95,0.94,0.92,0.93
1126,0.95,0.97,0.95,0.84,0.95,0.94,0.92,0.93
1127,0.95,0.96,0.95,0.84,0.96,0.94,0.92,0.93
1128,0.95,0.97,0.95,0.82,0.96,0.94,0.92,0.93
1129,0.95,0.97,0.95,0.84,0.95,0.94,0.92,0.93
1130,0.95,0.97,0.95,0.82,0.95,0.94,0.92,0.93
1131,0.95,0.97,0.95,0.82,0.95,0.95,0.92,0.93
1132,0.95,0.98,0.95,0.84,0.96,0.94,0.91,0.93
1133,0.95,0.98,0.95,0.84,0.96,0.95,0.91,0.92
1134,0.95,0.97,0.95,0.82,0.96,0.94,0.9,0.92
1135,0.95,0.98,0.95,0.82,0.96,0.95,0.9,0.92
1136,0.97,0.98,0.95,0.82,0.96,0.95,0.9,0.92
1137,0.95,0.97,0.95,0.82,0.96,0.95,0.9,0.92
1138,0.97,0.97,0.95,0.82,0.96,0.95,0.9,0.92
1139,0.97,0.97,0.95,0.84,0.97,0.95,0.9,0.91
1140,0.95,0.98,0.95,0.84,0.97,0.94,0.9,0.92
1141,0.95,0.98,0.95,0.82,0.96,0.94,0.9,0.92
1142,0.96,0.98,0.95,0.82,0.96,0.95,0.91,0.92
1143,0.95,0.98,0.95,0.82,0.96,0.95,0.91,0.92
1144,0.95,0.98,0.95,0.82,0.96,0.95,0.91,0.92
1145,0.96,0.97,0.95,0.84,0.96,0.94,0.91,0.92
1146,0.95,0.97,0.95,0.84,0.96,0.95,0.91,0.92
1147,0.96,0.97,0.95,0.84,0.96,0.95,0.91,0.92
1148,0.97,0.98,0.95,0.82,0.96,0.95,0.91,0.92
1149,0.97,0.98,0.95,0.82,0.97,0.95,0.92,0.93
1150,0.96,0.98,0.95,0.84,0.96,0.95,0.92,0.93
1151,0.96,0.98,0.95,0.84,0.96,0.95,0.92,0.93
1152,0.96,0.98,0.96,0.82,0.96,0.95,0.92,0.93
1153,0.97,0.98,0.95,0.84,0.97,0.95,0.92,0.93
1154,0.97,0.98,0.96,0.84,0.97,0.96,0.93,0.94
1155,0.96,0.99,0.96,0.82,0.97,0.96,0.93,0.94
1156,0.96,0.98,0.95,0.82,0.97,0.96,0.93,0.94
1157,0.97,0.98,0.95,0.82,0.97,0.96,0.94,0.94
1158,0.96,0.98,0.96,0.82,0.97,0.95,0.94,0.94
1159,0.96,0.99,0.96,0.82,0.97,0.96,0.94,0.94
1160,0.96,0.98,0.96,0.82,0.97,0.96,0.94,0.95
1161,0.98,0.98,0.96,0.82,0.97,0.96,0.95,0.95
1162,0.98,0.98,0.96,0.82,0.97,0.96,0.95,0.95
1163,0.96,0.98,0.96,0.82,0.97,0.96,0.95,0.95
1164,0.97,0.99,0.96,0.82,0.97,0.96,0.95,0.96
1165,0.98,0.98,0.96,0.82,0.98,0.96,0.95,0.96
1166,0.98,0.99,0.95,0.82,0.98,0.96,0.95,0.96
1167,0.96,0.99,0.96,0.82,0.98,0.97,0.95,0.96
1168,0.98,0.99,0.95,0.82,0.98,0.96,0.95,0.97
1169,0.97,0.99,0.96,0.82,0.98,0.97,0.96,0.97
1170,0.96,0.99,0.96,0.82,0.98,0.97,0.96,0.97
1171,0.96,0.99,0.96,0.82,0.98,0.97,0.96,0.97
1172,0.96,0.98,0.95,0.82,0.98,0.97,0.96,0.97
1173,0.98,0.99,0.95,0.82,0.98,0.97,0.97,0.98
1174,0.95,0.98,0.95,0.82,0.98,0.98,0.98,0.98
1175,0.94,0.98,0.95,0.82,0.98,0.98,0.98,0.98
1176,0.94,0.98,0.95,0.82,0.98,0.98,0.98,0.98
1177,0.94,0.98,0.95,0.82,0.98,0.98,0.98,0.98
1178,0.94,0.98,0.95,0.82,0.98,0.98,0.98,0.99
1179,0.94,0.97,0.95,0.82,0.99,0.98,0.99,0.99
1180,0.93,0.98,0.95,0.82,0.98,0.98,0.99,1.0
1181,0.93,0.98,0.96,0.82,0.99,0.99,0.99,0.99
1182,0.93,0.98,0.95,0.82,0.99,0.98,0.99,0.99
1183,0.93,0.98,0.96,0.82,0.99,0.99,0.99,1.0
1184,0.93,0.98,0.96,0.82,1.0,0.99,0.99,1.0
1185,0.93,0.97,0.96,0.82,0.99,0.99,1.0,1.0
1186,0.93,0.97,0.96,0.82,0.99,0.99,0.99,1.0
1187,0.95,0.97,0.96,0.82,0.99,0.99,0.99,1.0
1188,0.93,0.96,0.97,0.82,1.0,1.0,0.98,0.99
1189,0.93,0.97,0.97,0.82,0.99,0.99,0.98,0.99
1190,0.94,0.96,0.97,0.82,0.99,0.99,0.98,0.99
1191,0.93,0.97,0.97,0.82,1.0,0.99,0.98,0.98
1192,0.93,0.96,0.97,0.82,1.0,0.99,0.98,0.98
1193,0.96,0.97,0.97,0.84,1.0,0.99,0.98,0.98
1194,0.94,0.97,0.97,0.84,1.0,0.99,0.97,0.98
1195,0.94,0.96,0.97,0.82,1.0,0.99,0.98,0.98
1196,0.93,0.96,0.98,0.82,0.99,0.99,0.98,0.98
1197,0.95,0.96,0.98,0.82,0.99,0.99,0.97,0.98
1198,0.94,0.96,0.98,0.82,1.0,0.99,0.98,0.98
1199,0.96,0.96,0.98,0.84,1.0,0.99,0.97,0.97
1200,0.93,0.96,0.98,0.84,1.0,0.99,0.97,0.97
1201,0.93,0.96,0.98,0.84,0.99,0.99,0.97,0.97
1202,0.94,0.97,0.98,0.84,0.99,0.99,0.97,0.96
1203,0.93,0.96,0.98,0.84,0.99,0.99,0.96,0.96
1204,0.93,0.96,0.98,0.84,0.99,0.99,0.96,0.96
1205,0.93,0.97,0.98,0.84,0.99,0.99,0.96,0.96
1206,0.94,0.96,0.98,0.84,0.99,0.99,0.96,0.96
1207,0.94,0.96,0.98,0.84,0.99,0.99,0.96,0.95
1208,0.93,0.96,0.98,0.84,0.99,0.99,0.95,0.95
1209,0.93,0.96,0.98,0.84,0.99,0.99,0.95,0.95
1210,0.95,0.96,0.98,0.84,0.98,0.99,0.95,0.95
1211,0.96,0.96,0.98,0.84,0.99,0.99,0.95,0.95
1212,0.94,0.96,0.98,0.84,0.99,0.99,0.95,0.95
1213,0.94,0.96,0.98,0.84,0.98,0.99,0.95,0.94
1214,0.94,0.96,0.98,0.82,0.98,0.99,0.95,0.94
1215,0.94,0.95,0.98,0.84,0.98,0.98,0.95,0.94
1216,0.94,0.96,0.98,0.84,0.98,0.98,0.94,0.94
1217,0.94,0.96,0.97,0.84,0.98,0.98,0.94,0.94
1218,0.95,0.96,0.97,0.84,0.98,0.98,0.94,0.94
1219,0.95,0.96,0.97,0.84,0.98,0.98,0.94,0.93
1220,0.95,0.96,0.97,0.86,0.98,0.99,0.94,0.94
1221,0.95,0.96,0.97,0.84,0.98,0.98,0.94,0.93
1222,0.95,0.96,0.97,0.84,0.98,0.98,0.94,0.94
1223,0.96,0.96,0.97,0.84,0.98,0.97,0.95,0.94
1224,0.95,0.96,0.97,0.84,0.98,0.98,0.95,0.94
1225,0.96,0.97,0.97,0.86,0.98,0.97,0.95,0.94
1226,0.95,0.96,0.97,0.84,0.98,0.98,0.95,0.94
1227,0.96,0.96,0.97,0.86,0.98,0.98,0.95,0.94
1228,0.96,0.97,0.97,0.86,0.98,0.98,0.95,0.94
1229,0.96,0.97,0.97,0.84,0.98,0.98,0.95,0.94
1230,0.97,0.97,0.97,0.86,0.98,0.98,0.95,0.94
1231,0.97,0.97,0.97,0.86,0.98,0.98,0.95,0.94
1232,0.98,0.97,0.98,0.86,0.98,0.99,0.95,0.94
1233,0.97,0.97,0.97,0.86,0.98,0.98,0.95,0.94
1234,0.98,0.98,0.98,0.84,0.98,0.98,0.95,0.94
1235,0.97,0.97,0.98,0.86,0.98,0.98,0.95,0.94
1236,0.98,0.98,0.98,0.86,0.98,0.97,0.95,0.94
1237,0.97,0.97,0.98,0.86,0.98,0.98,0.95,0.94
1238,0.97,0.97,0.98,0.86,0.98,0.98,0.94,0.94
1239,0.98,0.98,0.99,0.86,0.98,0.97,0.94,0.94
1240,0.98,0.98,0.99,0.86,0.98,0.98,0.94,0.94
1241,0.97,0.98,0.98,0.88,0.97,0.97,0.94,0.94
1242,0.97,0.98,0.99,0.86,0.98,0.98,0.94,0.94
1243,0.97,0.98,0.99,0.86,0.98,0.98,0.93,0.93
1244,0.98,0.98,0.99,0.86,0.97,0.98,0.94,0.93
1245,0.98,0.98,0.99,0.88,0.98,0.98,0.94,0.94
1246,0.98,0.99,0.99,0.86,0.98,0.98,0.94,0.93
1247,0.99,0.98,0.99,0.86,0.98,0.98,0.94,0.93
1248,0.98,0.98,0.98,0.86,0.97,0.98,0.93,0.94
1249,0.98,0.98,0.98,0.88,0.98,0.98,0.94,0.94
1250,0.97,0.98,0.99,0.88,0.97,0.98,0.94,0.94
1251,0.98,0.98,0.99,0.86,0.97,0.98,0.94,0.94
1252,0.98,0.98,0.98,0.86,0.97,0.97,0.94,0.94
1253,0.98,0.98,0.98,0.88,0.97,0.98,0.94,0.94
1254,0.98,0.98,0.98,0.86,0.97,0.97,0.94,0.94
1255,0.97,0.98,0.98,0.88,0.97,0.97,0.94,0.93
1256,0.97,0.98,0.99,0.88,0.97,0.97,0.94,0.94
1257,0.98,0.99,0.98,0.88,0.97,0.97,0.94,0.93
1258,0.98,0.98,0.98,0.86,0.98,0.98,0.94,0.94
1259,0.98,0.98,0.98,0.88,0.98,0.98,0.95,0.94
1260,0.98,0.99,0.98,0.88,0.97,0.97,0.94,0.94
1261,0.98,0.99,0.99,0.88,0.97,0.98,0.94,0.94
1262,0.99,0.98,0.99,0.88,0.97,0.98,0.94,0.94
1263,0.98,0.99,0.99,0.86,0.98,0.98,0.94,0.94
1264,1.0,0.99,0.99,0.88,0.98,0.97,0.93,0.94
1265,0.99,0.99,0.99,0.88,0.97,0.97,0.93,0.94
1266,0.99,1.0,0.99,0.88,0.97,0.97,0.93,0.94
1267,0.98,0.99,0.99,0.88,0.97,0.98,0.94,0.94
1268,0.98,1.0,0.99,0.88,0.97,0.97,0.94,0.94
1269,0.99,0.99,1.0,0.88,0.97,0.98,0.94,0.94
1270,0.98,1.0,0.99,0.88,0.97,0.98,0.93,0.94
1271,0.98,1.0,0.99,0.88,0.97,0.98,0.93,0.94
1272,0.98,1.0,0.99,0.88,0.97,0.98,0.94,0.94
1273,0.99,1.0,0.99,0.88,0.97,0.98,0.94,0.94
1274,0.98,1.0,0.99,0.88,0.97,0.98,0.94,0.94
1275,0.98,1.0,0.99,0.88,0.97,0.98,0.94,0.94
1276,1.0,1.0,1.0,0.88,0.97,0.97,0.94,0.94
1277,0.98,1.0,0.99,0.88,0.97,0.98,0.93,0.94
1278,0.98,1.0,1.0,0.88,0.97,0.98,0.93,0.94
1279,0.98,1.0,1.0,0.88,0.97,0.98,0.93,0.94
1280,0.98,1.0,1.0,0.88,0.97,0.98,0.93,0.94
1281,0.98,1.0,0.99,0.88,0.97,0.97,0.93,0.94
1282,0.98,1.0,1.0,0.88,0.97,0.98,0.93,0.94
1283,0.98,1.0,1.0,0.88,0.97,0.98,0.93,0.94
1284,0.98,1.0,0.99,0.88,0.98,0.97,0.92,0.94
1285,0.98,1.0,0.99,0.88,0.97,0.98,0.93,0.94
1286,0.98,1.0,1.0,0.86,0.98,0.98,0.93,0.94
1287,0.98,1.0,0.99,0.88,0.97,0.98,0.92,0.94
1288,0.97,1.0,0.99,0.88,0.97,0.97,0.92,0.94
1289,0.97,1.0,0.99,0.88,0.97,0.98,0.92,0.94
1290,0.96,0.99,0.99,0.88,0.97,0.98,0.92,0.94
1291,0.97,0.99,0.99,0.88,0.97,0.98,0.92,0.94
1292,0.96,0.99,0.99,0.88,0.97,0.98,0.91,0.93
1293,0.96,0.99,0.99,0.88,0.97,0.97,0.91,0.93
1294,0.98,0.99,0.99,0.88,0.97,0.98,0.9,0.93
1295,0.95,0.99,0.99,0.88,0.97,0.97,0.89,0.93
1296,0.97,0.99,0.99,0.88,0.97,0.97,0.9,0.93
1297,0.95,0.98,0.99,0.88,0.97,0.96,0.89,0.93
1298,0.95,0.99,0.99,0.88,0.97,0.97,0.89,0.92
1299,0.95,0.99,0.99,0.88,0.96,0.96,0.88,0.91
1300,0.94,0.99,0.99,0.88,0.96,0.97,0.88,0.92
1301,0.94,0.98,0.99,0.88,0.96,0.96,0.88,0.91
1302,0.94,0.98,0.99,0.88,0.96,0.97,0.88,0.91
1303,0.95,0.99,0.99,0.9,0.96,0.96,0.88,0.91
1304,0.94,0.98,0.99,0.88,0.96,0.96,0.87,0.91
1305,0.94,0.98,0.98,0.88,0.96,0.96,0.87,0.9
1306,0.93,0.98,0.99,0.88,0.96,0.96,0.86,0.9
1307,0.94,0.97,0.99,0.9,0.96,0.96,0.86,0.9
1308,0.93,0.98,0.99,0.88,0.95,0.96,0.86,0.9
1309,0.93,0.98,0.99,0.9,0.96,0.96,0.86,0.9
1310,0.93,0.97,0.98,0.9,0.95,0.96,0.86,0.9
1311,0.93,0.97,0.98,0.9,0.95,0.96,0.85,0.9
1312,0.95,0.97,0.99,0.9,0.95,0.96,0.85,0.89
1313,0.93,0.97,0.98,0.9,0.95,0.96,0.85,0.9
1314,0.93,0.97,0.98,0.9,0.94,0.96,0.85,0.89
1315,0.93,0.97,0.98,0.9,0.95,0.96,0.84,0.89
1316,0.93,0.96,0.98,0.9,0.94,0.96,0.84,0.89
1317,0.93,0.97,0.98,0.9,0.95,0.96,0.83,0.89
1318,0.93,0.97,0.98,0.9,0.94,0.95,0.83,0.88
1319,0.93,0.97,0.98,0.9,0.94,0.95,0.83,0.88
1320,0.93,0.97,0.98,0.9,0.94,0.95,0.82,0.88
1321,0.93,0.96,0.97,0.9,0.93,0.95,0.82,0.87
1322,0.92,0.95,0.97,0.9,0.93,0.95,0.82,0.87
1323,0.92,0.96,0.97,0.9,0.93,0.94,0.81,0.86
1324,0.91,0.95,0.97,0.9,0.93,0.94,0.8,0.86
1325,0.92,0.95,0.97,0.9,0.93,0.94,0.8,0.86
1326,0.92,0.95,0.97,0.92,0.93,0.94,0.79,0.86
1327,0.9,0.94,0.97,0.9,0.93,0.94,0.79,0.85
1328,0.9,0.94,0.97,0.92,0.93,0.94,0.78,0.84
1329,0.91,0.94,0.96,0.92,0.92,0.93,0.78,0.84
1330,0.9,0.93,0.96,0.92,0.92,0.94,0.77,0.83
1331,0.89,0.93,0.96,0.92,0.91,0.93,0.77,0.83
1332,0.89,0.92,0.96,0.92,0.91,0.92,0.77,0.83
1333,0.87,0.92,0.96,0.92,0.91,0.92,0.76,0.83
1334,0.87,0.92,0.96,0.94,0.9,0.92,0.75,0.82
1335,0.87,0.92,0.95,0.94,0.9,0.92,0.75,0.81
1336,0.87,0.92,0.96,0.94,0.9,0.92,0.75,0.81
1337,0.85,0.91,0.95,0.94,0.89,0.91,0.74,0.8
1338,0.85,0.91,0.95,0.94,0.89,0.91,0.74,0.79
1339,0.85,0.9,0.95,0.94,0.89,0.91,0.74,0.79
1340,0.85,0.9,0.94,0.94,0.88,0.9,0.73,0.79
1341,0.83,0.89,0.94,0.94,0.88,0.89,0.72,0.78
1342,0.84,0.88,0.94,0.94,0.88,0.89,0.72,0.78
1343,0.82,0.88,0.94,0.94,0.88,0.89,0.72,0.77
1344,0.8,0.87,0.92,0.96,0.86,0.88,0.7,0.75
1345,0.79,0.86,0.92,0.96,0.87,0.88,0.69,0.75
1346,0.79,0.86,0.91,0.96,0.86,0.88,0.68,0.75
1347,0.79,0.86,0.91,0.96,0.87,0.88,0.69,0.75
1348,0.78,0.86,0.91,0.96,0.86,0.88,0.68,0.75
1349,0.77,0.85,0.91,0.96,0.86,0.87,0.68,0.75
1350,0.76,0.84,0.91,0.96,0.85,0.87,0.68,0.74
1351,0.76,0.85,0.9,0.96,0.85,0.87,0.67,0.73
1352,0.77,0.85,0.9,0.96,0.84,0.87,0.67,0.73
1353,0.76,0.84,0.9,0.98,0.85,0.87,0.67,0.73
1354,0.73,0.82,0.88,0.98,0.83,0.85,0.65,0.71
1355,0.72,0.81,0.88,0.98,0.83,0.85,0.65,0.71
1356,0.71,0.8,0.87,0.98,0.82,0.84,0.63,0.69
1357,0.71,0.8,0.87,0.98,0.82,0.84,0.63,0.69
1358,0.72,0.79,0.85,0.98,0.82,0.83,0.62,0.68
1359,0.68,0.78,0.84,0.98,0.8,0.82,0.62,0.67
1360,0.68,0.78,0.84,0.98,0.8,0.82,0.61,0.67
1361,0.67,0.78,0.84,0.98,0.8,0.82,0.61,0.67
1362,0.68,0.77,0.83,0.98,0.79,0.82,0.59,0.66
1363,0.66,0.76,0.83,0.98,0.79,0.81,0.59,0.65
1364,0.66,0.76,0.82,0.98,0.79,0.81,0.59,0.65
1365,0.65,0.76,0.82,0.98,0.78,0.8,0.59,0.65
1366,0.65,0.75,0.81,0.98,0.78,0.8,0.58,0.64
1367,0.67,0.75,0.81,0.98,0.78,0.8,0.58,0.63
1368,0.64,0.75,0.81,0.98,0.77,0.8,0.58,0.63
1369,0.64,0.75,0.8,0.98,0.77,0.79,0.58,0.63
1370,0.63,0.75,0.8,0.98,0.77,0.79,0.57,0.63
1371,0.64,0.75,0.8,0.98,0.76,0.79,0.57,0.63
1372,0.63,0.75,0.8,0.98,0.76,0.78,0.56,0.63
1373,0.63,0.75,0.79,0.98,0.76,0.78,0.56,0.61
1374,0.63,0.75,0.79,0.98,0.76,0.77,0.56,0.62
1375,0.63,0.74,0.79,0.98,0.75,0.78,0.56,0.61
1376,0.62,0.74,0.78,0.98,0.75,0.78,0.55,0.6
1377,0.61,0.74,0.78,0.98,0.75,0.77,0.55,0.6
1378,0.61,0.74,0.78,0.98,0.75,0.77,0.55,0.6
1379,0.61,0.73,0.78,0.98,0.75,0.77,0.55,0.6
1380,0.6,0.72,0.76,0.98,0.74,0.76,0.54,0.59
1381,0.61,0.72,0.76,0.98,0.74,0.76,0.54,0.59
1382,0.59,0.71,0.76,0.98,0.72,0.75,0.52,0.58
1383,0.59,0.72,0.76,0.98,0.72,0.75,0.52,0.58
1384,0.59,0.71,0.75,0.98,0.71,0.75,0.52,0.57
1385,0.59,0.7,0.75,0.98,0.71,0.74,0.52,0.56
1386,0.58,0.7,0.74,0.98,0.71,0.74,0.51,0.56
1387,0.58,0.7,0.74,0.98,0.71,0.74,0.51,0.56
1388,0.57,0.69,0.74,0.98,0.7,0.73,0.51,0.56
1389,0.57,0.69,0.73,0.98,0.69,0.73,0.5,0.55
1390,0.56,0.69,0.73,0.98,0.69,0.73,0.5,0.55
1391,0.55,0.67,0.72,0.98,0.68,0.72,0.48,0.54
1392,0.54,0.68,0.72,0.98,0.68,0.71,0.48,0.53
1393,0.54,0.67,0.71,0.98,0.68,0.7,0.48,0.53
1394,0.54,0.66,0.71,0.98,0.67,0.7,0.47,0.52
1395,0.54,0.66,0.7,0.98,0.66,0.7,0.47,0.52
1396,0.54,0.66,0.7,0.98,0.66,0.7,0.46,0.52
1397,0.53,0.65,0.69,0.98,0.65,0.69,0.45,0.51
1398,0.53,0.65,0.69,0.98,0.65,0.68,0.46,0.51
1399,0.52,0.65,0.69,0.98,0.64,0.68,0.45,0.51
1400,0.52,0.64,0.68,0.98,0.64,0.68,0.44,0.49
1401,0.52,0.63,0.67,0.98,0.64,0.67,0.44,0.49
1402,0.52,0.63,0.67,0.98,0.64,0.66,0.43,0.48
1403,0.52,0.63,0.66,0.98,0.62,0.66,0.42,0.48
1404,0.5,0.62,0.66,1.0,0.62,0.65,0.42,0.48
1405,0.52,0.62,0.66,0.98,0.62,0.65,0.42,0.48
1406,0.5,0.61,0.65,0.98,0.61,0.65,0.42,0.47
1407,0.51,0.61,0.65,0.98,0.61,0.65,0.42,0.47
1408,0.49,0.62,0.65,0.98,0.6,0.63,0.41,0.47
1409,0.49,0.61,0.65,0.98,0.6,0.64,0.41,0.46
1410,0.5,0.61,0.65,0.98,0.6,0.64,0.41,0.46
1411,0.48,0.6,0.64,0.98,0.6,0.63,0.4,0.45
1412,0.48,0.6,0.64,0.96,0.6,0.63,0.4,0.45
1413,0.48,0.6,0.63,0.98,0.6,0.63,0.4,0.44
1414,0.48,0.6,0.63,0.96,0.59,0.63,0.39,0.44
1415,0.47,0.6,0.63,0.96,0.59,0.62,0.39,0.44
1416,0.49,0.59,0.62,0.98,0.58,0.62,0.38,0.44
1417,0.47,0.59,0.61,0.98,0.57,0.61,0.38,0.43
1418,0.46,0.59,0.61,0.96,0.57,0.61,0.38,0.43
1419,0.47,0.58,0.6,0.98,0.57,0.61,0.38,0.42
1420,0.46,0.57,0.6,0.96,0.56,0.6,0.37,0.42
1421,0.45,0.57,0.6,0.96,0.55,0.6,0.36,0.41
1422,0.46,0.57,0.59,0.96,0.55,0.59,0.36,0.41
1423,0.45,0.56,0.58,0.96,0.55,0.58,0.35,0.4
1424,0.43,0.56,0.58,0.96,0.54,0.58,0.35,0.4
1425,0.46,0.55,0.58,0.98,0.53,0.57,0.35,0.4
1426,0.44,0.55,0.57,0.96,0.53,0.57,0.34,0.4
1427,0.45,0.55,0.56,0.96,0.52,0.56,0.34,0.39
1428,0.42,0.55,0.56,0.96,0.51,0.56,0.33,0.38
1429,0.42,0.55,0.55,0.94,0.51,0.56,0.32,0.38
1430,0.42,0.54,0.55,0.96,0.51,0.55,0.33,0.38
1431,0.41,0.53,0.53,0.94,0.5,0.54,0.32,0.37
1432,0.41,0.53,0.53,0.94,0.49,0.54,0.32,0.36
1433,0.41,0.52,0.52,0.94,0.49,0.53,0.31,0.36
1434,0.4,0.53,0.52,0.94,0.48,0.52,0.3,0.35
1435,0.4,0.52,0.52,0.94,0.48,0.52,0.3,0.35
1436,0.39,0.52,0.51,0.94,0.47,0.51,0.29,0.35
1437,0.41,0.51,0.51,0.94,0.47,0.51,0.29,0.34
1438,0.39,0.51,0.5,0.94,0.47,0.5,0.29,0.34
1439,0.38,0.51,0.5,0.94,0.46,0.5,0.28,0.33
1440,0.38,0.5,0.49,0.94,0.46,0.5,0.28,0.33
1441,0.4,0.5,0.49,0.92,0.45,0.49,0.28,0.33
1442,0.4,0.5,0.49,0.92,0.45,0.49,0.28,0.33
1443,0.37,0.49,0.48,0.92,0.45,0.49,0.28,0.32
1444,0.39,0.49,0.48,0.92,0.44,0.49,0.28,0.32
1445,0.37,0.49,0.48,0.92,0.44,0.48,0.28,0.32
1446,0.37,0.49,0.47,0.92,0.43,0.47,0.26,0.31
1447,0.37,0.48,0.47,0.92,0.43,0.46,0.26,0.3
1448,0.38,0.48,0.47,0.92,0.43,0.46,0.26,0.3
1449,0.36,0.48,0.47,0.92,0.43,0.46,0.26,0.31
1450,0.37,0.48,0.46,0.9,0.43,0.46,0.25,0.3
1451,0.36,0.48,0.45,0.9,0.41,0.46,0.25,0.3
1452,0.37,0.47,0.45,0.92,0.42,0.46,0.25,0.3
1453,0.35,0.48,0.45,0.92,0.41,0.46,0.25,0.3
1454,0.35,0.47,0.45,0.9,0.41,0.46,0.25,0.29
1455,0.35,0.47,0.44,0.9,0.41,0.45,0.25,0.29
1456,0.35,0.47,0.45,0.9,0.41,0.44,0.25,0.29
1457,0.35,0.46,0.44,0.9,0.4,0.45,0.25,0.29
1458,0.34,0.46,0.44,0.9,0.4,0.44,0.24,0.29
1459,0.35,0.46,0.44,0.9,0.4,0.44,0.25,0.29
1460,0.34,0.46,0.43,0.9,0.4,0.44,0.24,0.29
1461,0.34,0.46,0.43,0.9,0.4,0.44,0.25,0.29
1462,0.34,0.45,0.43,0.9,0.4,0.44,0.24,0.28
1463,0.33,0.45,0.43,0.88,0.39,0.43,0.24,0.28
1464,0.33,0.45,0.42,0.88,0.39,0.42,0.23,0.27
1465,0.33,0.44,0.42,0.88,0.39,0.42,0.23,0.27
1466,0.33,0.45,0.41,0.88,0.38,0.42,0.23,0.27
1467,0.33,0.44,0.41,0.88,0.38,0.42,0.23,0.27
1468,0.32,0.43,0.41,0.88,0.37,0.41,0.22,0.26
1469,0.32,0.44,0.41,0.88,0.37,0.41,0.22,0.26
1470,0.33,0.44,0.41,0.88,0.37,0.4,0.22,0.25
1471,0.33,0.43,0.4,0.86,0.36,0.4,0.22,0.25
1472,0.31,0.43,0.4,0.88,0.36,0.4,0.22,0.25
1473,0.3,0.42,0.4,0.86,0.36,0.39,0.22,0.25
1474,0.3,0.42,0.39,0.86,0.36,0.39,0.21,0.25
1475,0.3,0.42,0.39,0.86,0.35,0.39,0.21,0.25
1476,0.3,0.42,0.39,0.86,0.36,0.39,0.21,0.25
1477,0.3,0.41,0.39,0.86,0.35,0.38,0.21,0.25
1478,0.3,0.41,0.38,0.86,0.35,0.38,0.2,0.24
1479,0.31,0.42,0.37,0.86,0.35,0.38,0.2,0.24
1480,0.31,0.4,0.38,0.84,0.35,0.38,0.2,0.24
1481,0.3,0.41,0.38,0.84,0.34,0.37,0.2,0.24
1482,0.29,0.41,0.37,0.86,0.33,0.37,0.2,0.24
1483,0.3,0.4,0.37,0.84,0.34,0.37,0.2,0.23
1484,0.3,0.4,0.36,0.84,0.33,0.37,0.19,0.23
1485,0.28,0.4,0.36,0.84,0.33,0.37,0.19,0.22
1486,0.28,0.4,0.36,0.84,0.33,0.36,0.19,0.23
1487,0.28,0.4,0.36,0.84,0.32,0.35,0.19,0.22
1488,0.28,0.39,0.36,0.84,0.32,0.35,0.18,0.22
1489,0.28,0.39,0.35,0.84,0.31,0.35,0.18,0.22
1490,0.28,0.39,0.35,0.84,0.32,0.35,0.18,0.22
1491,0.29,0.39,0.35,0.84,0.31,0.35,0.18,0.21
1492,0.28,0.38,0.35,0.84,0.31,0.35,0.18,0.21
1493,0.27,0.38,0.35,0.82,0.31,0.35,0.18,0.21
1494,0.27,0.39,0.34,0.82,0.31,0.34,0.18,0.21
1495,0.28,0.38,0.34,0.82,0.31,0.34,0.18,0.21
1496,0.27,0.38,0.34,0.82,0.31,0.34,0.18,0.21
1497,0.26,0.38,0.34,0.82,0.3,0.33,0.18,0.21
1498,0.28,0.37,0.33,0.84,0.31,0.33,0.18,0.21
1499,0.27,0.37,0.33,0.82,0.3,0.32,0.17,0.21
