0,0.01,0.0,0.0,0.07,0.06,0.08,0.25,0.62
1,0.01,0.01,0.0,0.06,0.06,0.08,0.25,0.62
2,0.01,0.01,0.0,0.06,0.06,0.08,0.25,0.62
3,0.01,0.0,0.01,0.06,0.06,0.08,0.25,0.62
4,0.01,0.0,0.0,0.07,0.06,0.08,0.25,0.5
5,0.0,0.0,0.0,0.06,0.06,0.08,0.25,0.5
6,0.0,0.0,0.0,0.06,0.06,0.08,0.25,0.5
7,0.01,0.0,0.0,0.04,0.06,0.08,0.25,0.5
8,0.0,0.01,0.0,0.06,0.06,0.08,0.25,0.62
9,0.0,0.0,0.01,0.06,0.06,0.08,0.25,0.62
10,0.0,0.01,0.0,0.06,0.06,0.08,0.25,0.5
11,0.0,0.0,0.0,0.06,0.06,0.08,0.25,0.5
12,0.0,0.01,0.0,0.04,0.06,0.08,0.12,0.5
13,0.0,0.0,0.0,0.06,0.06,0.08,0.12,0.62
14,0.0,0.01,0.0,0.04,0.06,0.08,0.25,0.5
15,0.0,0.0,0.0,0.04,0.06,0.0,0.25,0.5
16,0.01,0.01,0.0,0.04,0.06,0.08,0.12,0.5
17,0.0,0.0,0.01,0.04,0.06,0.08,0.12,0.5
18,0.0,0.01,0.0,0.04,0.06,0.08,0.25,0.62
19,0.0,0.01,0.0,0.04,0.06,0.08,0.25,0.5
20,0.02,0.01,0.0,0.04,0.06,0.08,0.25,0.62
21,0.0,0.0,0.0,0.04,0.06,0.08,0.25,0.5
22,0.01,0.01,0.01,0.04,0.06,0.08,0.25,0.5
23,0.01,0.0,0.0,0.02,0.06,0.0,0.12,0.62
24,0.0,0.01,0.0,0.04,0.06,0.08,0.25,0.5
25,0.01,0.0,0.0,0.04,0.06,0.0,0.12,0.5
26,0.01,0.0,0.0,0.02,0.06,0.0,0.12,0.5
27,0.0,0.0,0.0,0.02,0.06,0.08,0.25,0.5
28,0.0,0.01,0.01,0.02,0.0,0.0,0.25,0.5
29,0.0,0.0,0.0,0.02,0.0,0.08,0.12,0.5
30,0.01,0.0,0.0,0.02,0.0,0.08,0.25,0.5
31,0.01,0.0,0.0,0.02,0.06,0.0,0.12,0.5
32,0.0,0.0,0.0,0.0,0.06,0.08,0.12,0.62
33,0.0,0.0,0.0,0.02,0.06,0.0,0.25,0.62
34,0.0,0.0,0.0,0.0,0.06,0.0,0.25,0.62
35,0.01,0.0,0.0,0.02,0.06,0.0,0.25,0.5
36,0.0,0.0,0.0,0.0,0.0,0.08,0.25,0.5
37,0.0,0.01,0.01,0.02,0.0,0.0,0.25,0.5
38,0.02,0.01,0.01,0.0,0.06,0.08,0.25,0.5
39,0.01,0.01,0.01,0.0,0.06,0.08,0.12,0.5
40,0.01,0.01,0.01,0.02,0.06,0.0,0.25,0.62
41,0.0,0.01,0.01,0.0,0.06,0.0,0.25,0.62
42,0.02,0.01,0.01,0.02,0.06,0.0,0.25,0.62
43,0.0,0.01,0.0,0.0,0.0,0.0,0.25,0.62
44,0.0,0.01,0.0,0.02,0.0,0.0,0.25,0.5
45,0.02,0.0,0.0,0.0,0.06,0.0,0.25,0.5
46,0.0,0.0,0.0,0.02,0.06,0.08,0.25,0.62
47,0.0,0.01,0.0,0.0,0.06,0.0,0.25,0.62
48,0.0,0.0,0.0,0.0,0.06,0.0,0.25,0.62
49,0.0,0.0,0.0,0.02,0.06,0.0,0.38,0.5
50,0.01,0.0,0.0,0.0,0.06,0.0,0.25,0.5
51,0.0,0.0,0.0,0.0,0.06,0.0,0.38,0.62
52,0.0,0.01,0.0,0.02,0.06,0.08,0.25,0.62
53,0.0,0.0,0.01,0.02,0.06,0.0,0.25,0.62
54,0.01,0.01,0.01,0.02,0.06,0.0,0.38,0.62
55,0.01,0.0,0.0,0.02,0.06,0.0,0.38,0.62
56,0.0,0.01,0.0,0.02,0.06,0.08,0.25,0.62
57,0.01,0.0,0.0,0.02,0.06,0.08,0.38,0.62
58,0.0,0.0,0.0,0.02,0.06,0.08,0.38,0.62
59,0.03,0.01,0.01,0.02,0.06,0.0,0.38,0.75
60,0.01,0.01,0.0,0.02,0.06,0.08,0.38,0.62
61,0.0,0.0,0.01,0.02,0.06,0.08,0.38,0.75
62,0.01,0.01,0.0,0.02,0.06,0.08,0.38,0.62
63,0.0,0.01,0.0,0.02,0.06,0.0,0.38,0.62
64,0.03,0.0,0.01,0.04,0.06,0.08,0.38,0.75
65,0.01,0.01,0.01,0.04,0.06,0.08,0.38,0.75
66,0.01,0.01,0.01,0.04,0.06,0.08,0.38,0.75
67,0.01,0.01,0.0,0.04,0.06,0.08,0.38,0.75
68,0.0,0.0,0.0,0.04,0.06,0.0,0.5,0.62
69,0.0,0.01,0.01,0.04,0.11,0.08,0.5,0.75
70,0.01,0.0,0.0,0.04,0.06,0.0,0.38,0.62
71,0.01,0.01,0.0,0.04,0.06,0.08,0.38,0.75
72,0.01,0.01,0.01,0.06,0.11,0.0,0.5,0.75
73,0.0,0.01,0.01,0.06,0.06,0.08,0.5,0.75
74,0.01,0.01,0.01,0.04,0.11,0.08,0.5,0.75
75,0.01,0.02,0.0,0.06,0.06,0.08,0.5,0.88
76,0.01,0.01,0.01,0.06,0.06,0.08,0.5,0.75
77,0.02,0.01,0.01,0.06,0.11,0.08,0.5,0.75
78,0.0,0.01,0.01,0.06,0.11,0.08,0.5,0.75
79,0.01,0.01,0.0,0.07,0.11,0.08,0.62,0.88
80,0.01,0.0,0.0,0.06,0.11,0.0,0.5,0.75
81,0.01,0.01,0.01,0.07,0.11,0.08,0.62,0.88
82,0.01,0.01,0.01,0.07,0.11,0.08,0.62,0.75
83,0.01,0.01,0.01,0.07,0.11,0.08,0.5,0.88
84,0.01,0.01,0.01,0.07,0.11,0.08,0.62,0.88
85,0.01,0.01,0.01,0.09,0.11,0.08,0.62,0.75
86,0.01,0.01,0.01,0.09,0.11,0.08,0.62,0.88
87,0.01,0.01,0.01,0.09,0.11,0.08,0.62,0.88
88,0.01,0.0,0.01,0.09,0.11,0.08,0.62,0.88
89,0.02,0.01,0.01,0.09,0.11,0.08,0.62,0.88
90,0.01,0.01,0.01,0.09,0.11,0.08,0.62,0.88
91,0.01,0.01,0.01,0.09,0.11,0.08,0.75,0.88
92,0.01,0.0,0.01,0.09,0.11,0.08,0.62,0.88
93,0.01,0.01,0.01,0.09,0.11,0.17,0.62,0.88
94,0.01,0.01,0.01,0.11,0.11,0.08,0.62,0.88
95,0.01,0.0,0.01,0.11,0.11,0.08,0.75,0.88
96,0.02,0.01,0.01,0.11,0.17,0.08,0.62,0.88
97,0.02,0.01,0.01,0.13,0.17,0.08,0.62,0.88
98,0.01,0.0,0.01,0.13,0.17,0.08,0.75,0.88
99,0.02,0.01,0.01,0.13,0.17,0.08,0.75,1.0
100,0.02,0.01,0.01,0.13,0.17,0.08,0.75,0.88
101,0.01,0.0,0.01,0.13,0.11,0.08,0.62,0.88
102,0.01,0.01,0.01,0.13,0.17,0.17,0.75,0.88
103,0.01,0.01,0.01,0.13,0.17,0.17,0.62,0.88
104,0.01,0.01,0.01,0.13,0.17,0.08,0.75,0.88
105,0.01,0.01,0.01,0.15,0.17,0.08,0.75,0.88
106,0.02,0.0,0.01,0.15,0.11,0.17,0.62,1.0
107,0.02,0.0,0.01,0.15,0.11,0.08,0.75,0.88
108,0.02,0.01,0.01,0.17,0.17,0.17,0.62,0.88
109,0.02,0.02,0.01,0.17,0.17,0.17,0.75,0.88
110,0.03,0.01,0.01,0.17,0.17,0.17,0.75,0.88
111,0.02,0.01,0.01,0.17,0.17,0.17,0.62,0.88
112,0.02,0.02,0.01,0.17,0.17,0.17,0.62,0.88
113,0.02,0.01,0.01,0.19,0.17,0.17,0.62,0.88
114,0.03,0.0,0.01,0.19,0.17,0.17,0.62,0.88
115,0.02,0.02,0.01,0.2,0.17,0.08,0.62,0.88
116,0.02,0.02,0.01,0.2,0.17,0.08,0.62,0.88
117,0.03,0.01,0.01,0.19,0.17,0.17,0.75,0.88
118,0.02,0.01,0.01,0.2,0.17,0.17,0.75,0.88
119,0.02,0.01,0.02,0.2,0.17,0.17,0.75,0.88
120,0.02,0.01,0.01,0.2,0.17,0.17,0.75,0.88
121,0.02,0.02,0.01,0.22,0.17,0.17,0.75,0.88
122,0.02,0.02,0.01,0.22,0.17,0.17,0.75,0.88
123,0.02,0.01,0.01,0.22,0.17,0.08,0.75,0.88
124,0.02,0.01,0.01,0.24,0.17,0.08,0.75,1.0
125,0.02,0.01,0.01,0.22,0.17,0.08,0.62,0.88
126,0.02,0.02,0.01,0.24,0.17,0.08,0.75,0.88
127,0.03,0.01,0.01,0.24,0.17,0.17,0.62,0.88
128,0.03,0.01,0.01,0.24,0.17,0.08,0.75,0.88
129,0.02,0.01,0.01,0.26,0.17,0.17,0.62,0.88
130,0.03,0.01,0.01,0.26,0.17,0.17,0.62,0.88
131,0.02,0.01,0.01,0.28,0.22,0.17,0.75,1.0
132,0.03,0.02,0.01,0.28,0.17,0.08,0.75,0.88
133,0.04,0.02,0.01,0.3,0.17,0.17,0.62,0.88
134,0.02,0.01,0.01,0.28,0.17,0.08,0.75,0.88
135,0.02,0.02,0.02,0.3,0.22,0.17,0.75,0.88
136,0.04,0.01,0.01,0.3,0.17,0.17,0.62,0.88
137,0.02,0.02,0.01,0.31,0.22,0.17,0.62,0.88
138,0.03,0.01,0.02,0.31,0.22,0.08,0.62,0.88
139,0.02,0.01,0.02,0.31,0.17,0.17,0.62,0.88
140,0.04,0.02,0.02,0.31,0.17,0.17,0.75,0.88
141,0.03,0.01,0.01,0.31,0.22,0.17,0.62,1.0
142,0.03,0.01,0.01,0.33,0.17,0.17,0.62,1.0
143,0.02,0.01,0.01,0.33,0.17,0.17,0.62,0.88
144,0.02,0.02,0.02,0.35,0.17,0.17,0.62,0.88
145,0.02,0.01,0.02,0.33,0.22,0.17,0.62,0.88
146,0.02,0.01,0.01,0.35,0.17,0.17,0.75,0.88
147,0.03,0.02,0.01,0.35,0.22,0.17,0.75,0.88
148,0.02,0.01,0.01,0.35,0.17,0.17,0.62,0.88
149,0.03,0.02,0.01,0.37,0.17,0.17,0.62,0.88
150,0.02,0.01,0.01,0.37,0.22,0.17,0.62,0.88
151,0.02,0.01,0.01,0.37,0.17,0.17,0.62,0.88
152,0.02,0.01,0.02,0.39,0.22,0.17,0.75,0.88
153,0.03,0.01,0.01,0.37,0.17,0.17,0.62,0.88
154,0.03,0.01,0.01,0.39,0.17,0.08,0.62,0.88
155,0.02,0.01,0.02,0.41,0.22,0.08,0.62,0.88
156,0.03,0.01,0.01,0.39,0.17,0.17,0.62,0.88
157,0.03,0.01,0.01,0.39,0.22,0.17,0.62,0.88
158,0.02,0.01,0.01,0.41,0.22,0.08,0.62,0.88
159,0.03,0.01,0.01,0.41,0.22,0.17,0.62,0.88
160,0.02,0.01,0.01,0.41,0.22,0.08,0.62,0.88
161,0.02,0.01,0.02,0.41,0.22,0.17,0.75,0.88
162,0.02,0.02,0.01,0.43,0.17,0.17,0.62,0.88
163,0.02,0.02,0.01,0.43,0.22,0.17,0.62,0.88
164,0.03,0.01,0.02,0.44,0.17,0.17,0.62,1.0
165,0.02,0.02,0.01,0.43,0.22,0.17,0.62,0.88
166,0.02,0.02,0.02,0.44,0.17,0.17,0.75,0.88
167,0.03,0.01,0.01,0.44,0.17,0.17,0.62,0.88
168,0.02,0.01,0.01,0.44,0.17,0.17,0.62,1.0
169,0.02,0.02,0.02,0.44,0.22,0.17,0.62,0.88
170,0.02,0.01,0.01,0.46,0.17,0.17,0.75,0.88
171,0.04,0.02,0.02,0.44,0.22,0.08,0.75,0.88
172,0.05,0.02,0.02,0.46,0.17,0.17,0.75,0.88
173,0.02,0.02,0.01,0.46,0.22,0.17,0.62,0.88
174,0.02,0.01,0.02,0.48,0.22,0.17,0.75,1.0
175,0.03,0.02,0.01,0.48,0.22,0.17,0.62,1.0
176,0.02,0.02,0.02,0.48,0.17,0.08,0.62,0.88
177,0.03,0.02,0.01,0.48,0.22,0.17,0.62,0.88
178,0.03,0.01,0.01,0.48,0.22,0.17,0.75,0.88
179,0.03,0.01,0.02,0.48,0.22,0.17,0.62,1.0
180,0.04,0.01,0.02,0.5,0.22,0.17,0.75,0.88
181,0.02,0.02,0.01,0.48,0.17,0.17,0.75,1.0
182,0.02,0.02,0.01,0.5,0.22,0.08,0.62,1.0
183,0.02,0.02,0.02,0.5,0.17,0.08,0.62,0.88
184,0.02,0.02,0.02,0.5,0.22,0.17,0.62,1.0
185,0.02,0.01,0.01,0.5,0.22,0.17,0.62,0.88
186,0.03,0.02,0.02,0.52,0.17,0.08,0.75,0.88
187,0.04,0.01,0.01,0.52,0.22,0.17,0.75,1.0
188,0.02,0.02,0.02,0.52,0.17,0.17,0.62,0.88
189,0.02,0.02,0.01,0.52,0.17,0.17,0.62,1.0
190,0.03,0.01,0.02,0.52,0.22,0.17,0.75,0.88
191,0.03,0.02,0.01,0.52,0.22,0.17,0.75,0.88
192,0.03,0.01,0.01,0.52,0.22,0.17,0.75,1.0
193,0.03,0.01,0.01,0.54,0.22,0.17,0.62,1.0
194,0.05,0.01,0.01,0.54,0.22,0.17,0.75,0.88
195,0.02,0.02,0.01,0.54,0.17,0.17,0.75,1.0
196,0.03,0.02,0.01,0.54,0.22,0.17,0.62,1.0
197,0.03,0.01,0.01,0.54,0.22,0.17,0.75,1.0
198,0.02,0.01,0.02,0.54,0.22,0.17,0.75,1.0
199,0.03,0.02,0.02,0.54,0.22,0.17,0.75,1.0
200,0.03,0.01,0.01,0.54,0.22,0.17,0.75,0.88
201,0.03,0.02,0.02,0.56,0.22,0.17,0.75,0.88
202,0.02,0.02,0.01,0.56,0.22,0.17,0.75,0.88
203,0.02,0.01,0.02,0.56,0.22,0.17,0.75,0.88
204,0.04,0.02,0.01,0.56,0.22,0.17,0.75,1.0
205,0.03,0.02,0.01,0.56,0.22,0.17,0.75,1.0
206,0.02,0.02,0.02,0.56,0.22,0.17,0.75,1.0
207,0.03,0.02,0.01,0.57,0.22,0.17,0.75,1.0
208,0.03,0.01,0.01,0.57,0.22,0.17,0.62,1.0
209,0.02,0.02,0.01,0.57,0.22,0.17,0.75,1.0
210,0.02,0.01,0.02,0.57,0.22,0.17,0.75,0.88
211,0.03,0.01,0.01,0.57,0.22,0.17,0.75,1.0
212,0.03,0.01,0.01,0.57,0.22,0.08,0.75,1.0
213,0.03,0.02,0.01,0.57,0.22,0.17,0.75,1.0
214,0.05,0.02,0.02,0.57,0.22,0.08,0.75,1.0
215,0.02,0.02,0.01,0.59,0.22,0.08,0.75,1.0
216,0.03,0.02,0.01,0.59,0.22,0.17,0.88,0.88
217,0.03,0.02,0.01,0.59,0.22,0.17,0.88,1.0
218,0.02,0.02,0.01,0.59,0.22,0.17,0.75,1.0
219,0.02,0.02,0.02,0.59,0.22,0.17,0.75,1.0
220,0.02,0.01,0.01,0.59,0.22,0.17,0.75,1.0
221,0.03,0.01,0.01,0.59,0.22,0.17,0.75,1.0
222,0.02,0.01,0.01,0.59,0.22,0.17,0.75,1.0
223,0.02,0.02,0.01,0.59,0.22,0.17,0.75,1.0
224,0.02,0.01,0.01,0.59,0.22,0.17,0.75,1.0
225,0.02,0.01,0.01,0.61,0.22,0.17,0.75,1.0
226,0.02,0.02,0.01,0.61,0.22,0.17,0.75,1.0
227,0.04,0.01,0.01,0.61,0.22,0.17,0.75,1.0
228,0.02,0.01,0.01,0.61,0.22,0.17,0.75,0.88
229,0.02,0.01,0.01,0.61,0.28,0.17,0.75,1.0
230,0.02,0.02,0.01,0.61,0.22,0.17,0.75,1.0
231,0.02,0.01,0.01,0.61,0.22,0.08,0.75,1.0
232,0.02,0.02,0.01,0.61,0.22,0.17,0.75,1.0
233,0.03,0.01,0.01,0.61,0.22,0.17,0.75,1.0
234,0.02,0.02,0.02,0.63,0.22,0.17,0.75,0.88
235,0.03,0.01,0.02,0.63,0.22,0.17,0.75,1.0
236,0.02,0.02,0.01,0.63,0.22,0.17,0.75,1.0
237,0.04,0.01,0.01,0.63,0.22,0.08,0.75,1.0
238,0.02,0.02,0.01,0.65,0.22,0.17,0.75,1.0
239,0.02,0.02,0.01,0.63,0.22,0.17,0.62,1.0
240,0.03,0.01,0.01,0.65,0.22,0.08,0.75,1.0
241,0.02,0.01,0.01,0.65,0.22,0.17,0.62,1.0
242,0.03,0.02,0.01,0.65,0.22,0.17,0.75,0.88
243,0.02,0.02,0.01,0.65,0.22,0.17,0.75,0.88
244,0.05,0.02,0.01,0.65,0.22,0.17,0.75,1.0
245,0.02,0.01,0.01,0.65,0.22,0.08,0.62,0.88
246,0.03,0.01,0.02,0.65,0.22,0.17,0.75,0.88
247,0.02,0.02,0.01,0.65,0.22,0.17,0.62,0.88
248,0.02,0.02,0.01,0.67,0.22,0.17,0.75,1.0
249,0.02,0.02,0.01,0.67,0.22,0.08,0.75,0.88
250,0.03,0.01,0.01,0.67,0.22,0.17,0.75,0.88
251,0.02,0.02,0.01,0.67,0.22,0.17,0.62,0.88
252,0.03,0.01,0.01,0.67,0.22,0.17,0.75,1.0
253,0.02,0.02,0.01,0.67,0.22,0.08,0.75,1.0
254,0.03,0.01,0.01,0.67,0.22,0.17,0.75,0.88
255,0.02,0.01,0.01,0.67,0.22,0.17,0.62,0.88
256,0.03,0.02,0.01,0.67,0.22,0.08,0.62,0.88
257,0.02,0.01,0.01,0.67,0.22,0.17,0.62,0.88
258,0.02,0.02,0.01,0.67,0.22,0.17,0.62,0.88
259,0.03,0.01,0.01,0.67,0.22,0.08,0.62,0.88
260,0.02,0.01,0.01,0.67,0.22,0.08,0.75,0.88
261,0.02,0.01,0.01,0.69,0.22,0.08,0.75,0.88
262,0.03,0.02,0.01,0.69,0.22,0.08,0.62,0.88
263,0.02,0.01,0.01,0.69,0.22,0.17,0.75,0.88
264,0.02,0.01,0.01,0.69,0.22,0.08,0.62,0.88
265,0.04,0.02,0.01,0.69,0.22,0.08,0.62,0.88
266,0.02,0.01,0.01,0.69,0.22,0.17,0.62,0.88
267,0.02,0.02,0.01,0.69,0.22,0.17,0.75,0.88
268,0.03,0.01,0.01,0.69,0.17,0.17,0.62,0.88
269,0.02,0.02,0.01,0.69,0.22,0.08,0.62,0.88
270,0.04,0.01,0.01,0.69,0.22,0.17,0.62,0.88
271,0.03,0.02,0.01,0.69,0.22,0.08,0.62,0.88
272,0.02,0.02,0.01,0.69,0.22,0.08,0.62,0.88
273,0.03,0.01,0.01,0.69,0.22,0.17,0.75,0.88
274,0.02,0.02,0.01,0.69,0.22,0.17,0.62,0.88
275,0.02,0.01,0.01,0.69,0.22,0.08,0.62,0.88
276,0.02,0.02,0.01,0.69,0.22,0.08,0.62,0.88
277,0.02,0.02,0.01,0.7,0.22,0.08,0.62,0.88
278,0.03,0.01,0.01,0.7,0.22,0.08,0.62,0.88
279,0.02,0.02,0.01,0.7,0.22,0.17,0.62,0.88
280,0.02,0.01,0.01,0.7,0.22,0.08,0.62,0.88
281,0.03,0.01,0.01,0.7,0.22,0.08,0.62,0.88
282,0.02,0.01,0.01,0.7,0.22,0.08,0.62,0.88
283,0.04,0.02,0.01,0.7,0.17,0.08,0.62,0.88
284,0.02,0.01,0.01,0.72,0.22,0.08,0.62,0.88
285,0.02,0.01,0.01,0.7,0.22,0.08,0.62,0.88
286,0.02,0.01,0.01,0.72,0.22,0.17,0.62,0.88
287,0.03,0.01,0.01,0.72,0.22,0.17,0.62,0.88
288,0.03,0.02,0.01,0.72,0.22,0.17,0.62,0.88
289,0.02,0.01,0.01,0.72,0.22,0.17,0.62,0.88
290,0.03,0.02,0.01,0.72,0.22,0.17,0.62,0.88
291,0.02,0.01,0.01,0.7,0.22,0.08,0.62,0.88
292,0.03,0.02,0.01,0.72,0.22,0.08,0.62,0.88
293,0.03,0.02,0.01,0.72,0.17,0.17,0.62,0.75
294,0.03,0.02,0.01,0.72,0.17,0.08,0.62,0.88
295,0.03,0.02,0.01,0.72,0.22,0.17,0.62,0.88
296,0.03,0.02,0.01,0.74,0.22,0.08,0.62,0.88
297,0.05,0.02,0.01,0.74,0.22,0.08,0.62,0.88
298,0.03,0.02,0.01,0.74,0.22,0.17,0.62,0.88
299,0.03,0.01,0.01,0.74,0.22,0.08,0.62,0.88
300,0.03,0.02,0.01,0.74,0.22,0.08,0.62,0.88
301,0.03,0.01,0.01,0.74,0.22,0.17,0.62,0.88
302,0.03,0.02,0.01,0.74,0.22,0.17,0.62,0.75
303,0.04,0.02,0.01,0.76,0.22,0.08,0.62,0.88
304,0.03,0.02,0.01,0.76,0.22,0.17,0.62,0.88
305,0.03,0.02,0.02,0.76,0.22,0.17,0.62,0.88
306,0.03,0.02,0.01,0.74,0.22,0.17,0.62,0.75
307,0.03,0.03,0.01,0.76,0.22,0.17,0.62,0.88
308,0.03,0.03,0.02,0.76,0.22,0.17,0.62,0.88
309,0.03,0.02,0.01,0.76,0.22,0.17,0.62,0.88
310,0.03,0.02,0.01,0.76,0.22,0.17,0.62,0.88
311,0.04,0.02,0.01,0.78,0.22,0.08,0.62,0.88
312,0.03,0.02,0.01,0.78,0.22,0.17,0.62,0.88
313,0.03,0.02,0.01,0.78,0.22,0.08,0.62,0.88
314,0.03,0.02,0.02,0.78,0.22,0.08,0.62,0.88
315,0.03,0.03,0.02,0.78,0.22,0.08,0.62,0.88
316,0.03,0.02,0.01,0.78,0.22,0.17,0.62,0.75
317,0.03,0.02,0.01,0.78,0.22,0.08,0.62,0.88
318,0.03,0.02,0.02,0.78,0.22,0.17,0.5,0.75
319,0.03,0.02,0.02,0.78,0.22,0.17,0.62,0.88
320,0.03,0.02,0.02,0.8,0.22,0.17,0.62,0.88
321,0.03,0.02,0.02,0.8,0.22,0.17,0.62,0.88
322,0.03,0.03,0.02,0.8,0.22,0.17,0.62,0.75
323,0.03,0.03,0.01,0.78,0.22,0.17,0.62,0.88
324,0.03,0.02,0.02,0.8,0.22,0.17,0.62,0.88
325,0.03,0.03,0.02,0.8,0.17,0.17,0.62,0.75
326,0.03,0.02,0.01,0.78,0.22,0.08,0.62,0.75
327,0.03,0.02,0.02,0.8,0.22,0.17,0.62,0.88
328,0.03,0.02,0.01,0.8,0.22,0.17,0.62,0.75
329,0.03,0.02,0.01,0.8,0.22,0.08,0.62,0.75
330,0.03,0.02,0.01,0.8,0.22,0.08,0.62,0.75
331,0.03,0.02,0.02,0.8,0.22,0.08,0.62,0.88
332,0.03,0.02,0.01,0.8,0.22,0.17,0.62,0.88
333,0.03,0.02,0.02,0.8,0.22,0.17,0.62,0.88
334,0.03,0.02,0.02,0.8,0.22,0.08,0.62,0.88
335,0.03,0.02,0.01,0.8,0.22,0.17,0.62,0.75
336,0.03,0.02,0.01,0.8,0.22,0.17,0.62,0.75
337,0.02,0.02,0.01,0.8,0.22,0.08,0.62,0.88
338,0.03,0.02,0.01,0.8,0.22,0.08,0.62,0.75
339,0.03,0.02,0.01,0.8,0.22,0.17,0.62,0.88
340,0.03,0.02,0.01,0.81,0.22,0.17,0.62,0.88
341,0.03,0.03,0.01,0.8,0.22,0.17,0.62,0.75
342,0.03,0.03,0.02,0.8,0.22,0.08,0.62,0.88
343,0.03,0.02,0.01,0.81,0.22,0.08,0.62,0.88
344,0.04,0.02,0.01,0.8,0.22,0.17,0.62,0.88
345,0.03,0.02,0.01,0.8,0.22,0.08,0.62,0.88
346,0.03,0.02,0.01,0.81,0.22,0.17,0.5,0.75
347,0.05,0.02,0.02,0.8,0.22,0.17,0.5,0.88
348,0.03,0.02,0.02,0.81,0.22,0.17,0.5,0.75
349,0.03,0.02,0.02,0.81,0.22,0.17,0.5,0.75
350,0.03,0.02,0.02,0.81,0.22,0.08,0.62,0.75
351,0.03,0.02,0.02,0.81,0.22,0.17,0.62,0.75
352,0.03,0.02,0.02,0.81,0.22,0.17,0.5,0.75
353,0.03,0.02,0.02,0.81,0.22,0.08,0.62,0.75
354,0.03,0.02,0.02,0.81,0.22,0.17,0.62,0.88
355,0.03,0.02,0.02,0.81,0.22,0.08,0.62,0.88
356,0.04,0.02,0.02,0.83,0.22,0.17,0.62,0.88
357,0.03,0.02,0.02,0.83,0.22,0.08,0.62,0.88
358,0.03,0.02,0.02,0.83,0.22,0.17,0.62,0.75
359,0.03,0.03,0.02,0.83,0.22,0.08,0.5,0.75
360,0.03,0.03,0.02,0.83,0.22,0.17,0.5,0.75
361,0.04,0.02,0.02,0.83,0.22,0.08,0.5,0.88
362,0.03,0.02,0.01,0.83,0.22,0.17,0.5,0.75
363,0.03,0.02,0.02,0.83,0.22,0.17,0.62,0.75
364,0.06,0.02,0.02,0.85,0.22,0.17,0.5,0.75
365,0.03,0.02,0.02,0.85,0.22,0.08,0.62,0.75
366,0.03,0.03,0.02,0.85,0.22,0.08,0.62,0.75
367,0.06,0.03,0.02,0.85,0.22,0.17,0.5,0.75
368,0.03,0.03,0.02,0.85,0.22,0.17,0.5,0.88
369,0.04,0.02,0.02,0.87,0.22,0.17,0.62,0.75
370,0.04,0.03,0.02,0.85,0.22,0.17,0.62,0.75
371,0.04,0.03,0.02,0.85,0.22,0.17,0.5,0.75
372,0.04,0.03,0.02,0.87,0.17,0.08,0.5,0.88
373,0.05,0.02,0.02,0.85,0.22,0.17,0.62,0.75
374,0.03,0.02,0.02,0.87,0.22,0.17,0.62,0.75
375,0.03,0.03,0.02,0.87,0.22,0.17,0.5,0.88
376,0.03,0.02,0.02,0.85,0.22,0.08,0.62,0.75
377,0.03,0.03,0.02,0.87,0.22,0.08,0.62,0.75
378,0.03,0.02,0.02,0.87,0.22,0.17,0.62,0.88
379,0.04,0.03,0.01,0.87,0.22,0.17,0.62,0.88
380,0.04,0.03,0.01,0.87,0.22,0.08,0.62,0.75
381,0.03,0.02,0.02,0.87,0.17,0.17,0.5,0.75
382,0.04,0.02,0.02,0.87,0.22,0.08,0.62,0.75
383,0.04,0.02,0.02,0.87,0.22,0.08,0.62,0.75
384,0.04,0.03,0.02,0.87,0.22,0.08,0.62,0.75
385,0.03,0.03,0.02,0.87,0.22,0.08,0.5,0.75
386,0.03,0.02,0.02,0.87,0.22,0.17,0.5,0.75
387,0.05,0.03,0.02,0.87,0.22,0.17,0.5,0.75
388,0.05,0.03,0.02,0.87,0.22,0.17,0.62,0.75
389,0.03,0.02,0.02,0.87,0.22,0.17,0.62,0.75
390,0.03,0.03,0.02,0.87,0.22,0.17,0.5,0.75
391,0.03,0.02,0.02,0.87,0.22,0.17,0.62,0.75
392,0.05,0.03,0.02,0.87,0.22,0.08,0.62,0.75
393,0.04,0.03,0.02,0.87,0.28,0.17,0.62,0.75
394,0.03,0.03,0.02,0.87,0.22,0.08,0.62,0.75
395,0.04,0.03,0.02,0.87,0.22,0.08,0.62,0.88
396,0.03,0.03,0.02,0.87,0.22,0.17,0.62,0.75
397,0.04,0.03,0.02,0.87,0.22,0.17,0.62,0.75
398,0.04,0.03,0.02,0.87,0.22,0.17,0.62,0.75
399,0.04,0.03,0.02,0.87,0.22,0.08,0.62,0.75
400,0.04,0.03,0.03,0.87,0.22,0.08,0.62,0.88
401,0.04,0.03,0.02,0.87,0.22,0.08,0.62,0.75
402,0.04,0.03,0.02,0.85,0.22,0.08,0.62,0.75
403,0.04,0.03,0.02,0.87,0.22,0.17,0.62,0.88
404,0.05,0.03,0.02,0.85,0.22,0.17,0.62,0.75
405,0.06,0.03,0.02,0.87,0.22,0.08,0.62,0.75
406,0.04,0.04,0.02,0.85,0.22,0.17,0.62,0.75
407,0.04,0.03,0.03,0.87,0.22,0.08,0.62,0.75
408,0.05,0.03,0.03,0.87,0.22,0.17,0.5,0.75
409,0.05,0.03,0.03,0.87,0.22,0.17,0.62,0.75
410,0.05,0.03,0.03,0.87,0.22,0.08,0.62,0.75
411,0.06,0.03,0.03,0.85,0.22,0.17,0.5,0.75
412,0.05,0.04,0.03,0.87,0.22,0.17,0.62,0.75
413,0.05,0.04,0.04,0.85,0.17,0.17,0.62,0.88
414,0.07,0.04,0.04,0.87,0.22,0.17,0.62,0.75
415,0.05,0.04,0.04,0.85,0.22,0.17,0.62,0.75
416,0.06,0.04,0.04,0.85,0.22,0.17,0.62,0.75
417,0.06,0.04,0.04,0.87,0.22,0.08,0.5,0.75
418,0.06,0.04,0.04,0.85,0.22,0.17,0.5,0.75
419,0.07,0.05,0.04,0.87,0.22,0.17,0.5,0.75
420,0.07,0.05,0.05,0.85,0.22,0.17,0.5,0.75
421,0.07,0.04,0.05,0.85,0.22,0.17,0.5,0.75
422,0.07,0.04,0.05,0.87,0.22,0.17,0.62,0.75
423,0.1,0.05,0.05,0.87,0.22,0.17,0.5,0.75
424,0.07,0.06,0.06,0.85,0.22,0.08,0.5,0.75
425,0.08,0.05,0.06,0.87,0.22,0.17,0.62,0.75
426,0.08,0.06,0.07,0.87,0.22,0.08,0.62,0.75
427,0.08,0.05,0.07,0.85,0.28,0.17,0.62,0.75
428,0.09,0.06,0.07,0.85,0.22,0.08,0.5,0.75
429,0.09,0.07,0.07,0.85,0.28,0.17,0.62,0.75
430,0.1,0.06,0.07,0.85,0.22,0.17,0.62,0.75
431,0.1,0.06,0.08,0.85,0.22,0.17,0.62,0.75
432,0.11,0.07,0.09,0.87,0.22,0.08,0.62,0.88
433,0.12,0.07,0.09,0.85,0.22,0.17,0.62,0.75
434,0.12,0.07,0.09,0.85,0.22,0.17,0.5,0.75
435,0.12,0.08,0.09,0.85,0.22,0.08,0.5,0.75
436,0.12,0.08,0.1,0.85,0.22,0.17,0.62,0.75
437,0.12,0.07,0.1,0.85,0.22,0.17,0.62,0.75
438,0.12,0.08,0.11,0.85,0.22,0.17,0.62,0.75
439,0.15,0.08,0.11,0.85,0.22,0.17,0.5,0.75
440,0.15,0.08,0.12,0.85,0.22,0.17,0.62,0.75
441,0.14,0.08,0.12,0.85,0.28,0.08,0.62,0.75
442,0.16,0.08,0.13,0.85,0.22,0.17,0.62,0.75
443,0.15,0.08,0.13,0.85,0.28,0.08,0.62,0.75
444,0.15,0.08,0.13,0.85,0.28,0.17,0.62,0.75
445,0.16,0.09,0.14,0.85,0.22,0.08,0.62,0.88
446,0.19,0.1,0.15,0.85,0.28,0.08,0.62,0.75
447,0.17,0.1,0.16,0.83,0.28,0.17,0.62,0.75
448,0.17,0.1,0.15,0.85,0.22,0.17,0.62,0.75
449,0.18,0.11,0.17,0.85,0.22,0.17,0.62,0.75
450,0.19,0.11,0.17,0.85,0.28,0.17,0.62,0.75
451,0.2,0.12,0.17,0.85,0.28,0.17,0.62,0.88
452,0.2,0.12,0.18,0.85,0.28,0.17,0.62,0.88
453,0.2,0.12,0.19,0.85,0.28,0.08,0.62,0.75
454,0.2,0.12,0.18,0.85,0.28,0.17,0.62,0.75
455,0.21,0.13,0.19,0.85,0.28,0.17,0.62,0.75
456,0.21,0.13,0.2,0.85,0.28,0.17,0.62,0.75
457,0.21,0.14,0.2,0.85,0.28,0.17,0.62,0.75
458,0.23,0.14,0.21,0.83,0.28,0.17,0.62,0.75
459,0.23,0.14,0.21,0.85,0.28,0.17,0.62,0.75
460,0.23,0.14,0.22,0.83,0.28,0.17,0.62,0.75
461,0.22,0.14,0.22,0.83,0.33,0.17,0.62,0.75
462,0.23,0.15,0.23,0.83,0.28,0.17,0.62,0.75
463,0.24,0.15,0.23,0.85,0.33,0.17,0.62,0.75
464,0.24,0.16,0.24,0.85,0.28,0.17,0.62,0.75
465,0.24,0.16,0.24,0.85,0.28,0.17,0.62,0.75
466,0.27,0.17,0.25,0.85,0.28,0.17,0.62,0.75
467,0.24,0.16,0.25,0.85,0.28,0.17,0.62,0.75
468,0.25,0.17,0.25,0.85,0.28,0.17,0.62,0.88
469,0.26,0.17,0.26,0.85,0.28,0.17,0.62,0.75
470,0.27,0.18,0.26,0.85,0.33,0.17,0.62,0.75
471,0.25,0.18,0.27,0.85,0.28,0.17,0.62,0.75
472,0.26,0.18,0.27,0.85,0.28,0.17,0.62,0.75
473,0.28,0.18,0.27,0.85,0.33,0.25,0.5,0.75
474,0.27,0.19,0.28,0.85,0.28,0.17,0.62,0.75
475,0.3,0.19,0.29,0.85,0.33,0.17,0.5,0.75
476,0.28,0.2,0.29,0.85,0.33,0.25,0.62,0.75
477,0.3,0.2,0.29,0.85,0.28,0.17,0.62,0.75
478,0.3,0.2,0.3,0.85,0.28,0.17,0.62,0.75
479,0.29,0.2,0.3,0.87,0.28,0.17,0.62,0.75
480,0.3,0.21,0.31,0.87,0.33,0.17,0.62,0.75
481,0.3,0.22,0.31,0.87,0.28,0.17,0.62,0.75
482,0.31,0.21,0.31,0.87,0.33,0.25,0.5,0.75
483,0.32,0.22,0.32,0.87,0.28,0.17,0.62,0.75
484,0.32,0.22,0.33,0.85,0.33,0.25,0.62,0.88
485,0.32,0.23,0.33,0.87,0.33,0.17,0.62,0.75
486,0.32,0.23,0.33,0.85,0.33,0.17,0.62,0.75
487,0.33,0.24,0.34,0.87,0.33,0.25,0.62,0.75
488,0.34,0.24,0.34,0.87,0.33,0.17,0.62,0.75
489,0.34,0.24,0.35,0.87,0.33,0.17,0.62,0.75
490,0.35,0.24,0.35,0.85,0.33,0.25,0.62,0.88
491,0.36,0.25,0.36,0.87,0.33,0.17,0.62,0.75
492,0.36,0.25,0.36,0.87,0.33,0.17,0.62,0.75
493,0.36,0.25,0.37,0.85,0.33,0.25,0.62,0.75
494,0.37,0.25,0.38,0.85,0.33,0.25,0.62,0.75
495,0.38,0.26,0.38,0.87,0.33,0.25,0.62,0.75
496,0.38,0.26,0.38,0.85,0.33,0.25,0.62,0.75
497,0.39,0.26,0.38,0.87,0.33,0.25,0.62,0.88
498,0.39,0.27,0.4,0.87,0.33,0.25,0.62,0.75
499,0.4,0.27,0.4,0.85,0.39,0.25,0.62,0.75
500,0.41,0.28,0.41,0.87,0.39,0.25,0.62,0.88
501,0.43,0.29,0.41,0.85,0.33,0.25,0.62,0.75
502,0.41,0.29,0.42,0.85,0.33,0.25,0.62,0.88
503,0.42,0.29,0.43,0.85,0.39,0.25,0.62,0.75
504,0.44,0.31,0.43,0.85,0.33,0.25,0.62,0.75
505,0.43,0.3,0.43,0.87,0.33,0.25,0.62,0.75
506,0.44,0.31,0.44,0.85,0.33,0.25,0.62,0.75
507,0.45,0.31,0.45,0.87,0.39,0.25,0.62,0.75
508,0.45,0.33,0.45,0.85,0.39,0.25,0.62,0.75
509,0.45,0.32,0.46,0.87,0.39,0.25,0.62,0.75
510,0.46,0.33,0.46,0.87,0.33,0.17,0.62,0.75
511,0.47,0.33,0.47,0.87,0.39,0.33,0.62,0.75
512,0.47,0.34,0.47,0.87,0.39,0.25,0.62,0.75
513,0.48,0.34,0.48,0.87,0.39,0.25,0.62,0.88
514,0.49,0.36,0.49,0.87,0.39,0.25,0.62,0.75
515,0.49,0.36,0.49,0.87,0.39,0.25,0.62,0.75
516,0.49,0.36,0.5,0.87,0.39,0.25,0.62,0.75
517,0.5,0.37,0.5,0.87,0.33,0.25,0.62,0.88
518,0.5,0.37,0.51,0.87,0.33,0.25,0.62,0.62
519,0.51,0.38,0.52,0.87,0.33,0.25,0.62,0.75
520,0.52,0.38,0.52,0.87,0.39,0.25,0.62,0.75
521,0.52,0.39,0.53,0.87,0.33,0.25,0.5,0.75
522,0.52,0.39,0.53,0.87,0.33,0.25,0.62,0.75
523,0.53,0.4,0.53,0.87,0.39,0.25,0.62,0.75
524,0.54,0.4,0.54,0.87,0.33,0.33,0.62,0.75
525,0.54,0.4,0.54,0.89,0.39,0.25,0.62,0.75
526,0.53,0.41,0.55,0.89,0.33,0.25,0.5,0.75
527,0.55,0.41,0.55,0.89,0.39,0.33,0.62,0.62
528,0.54,0.41,0.56,0.89,0.39,0.25,0.62,0.75
529,0.56,0.42,0.57,0.89,0.39,0.25,0.5,0.62
530,0.56,0.42,0.57,0.89,0.39,0.33,0.62,0.75
531,0.56,0.42,0.57,0.89,0.39,0.25,0.62,0.75
532,0.57,0.42,0.58,0.89,0.39,0.25,0.62,0.75
533,0.57,0.44,0.59,0.91,0.39,0.25,0.62,0.75
534,0.58,0.43,0.59,0.89,0.39,0.33,0.5,0.75
535,0.57,0.43,0.6,0.89,0.39,0.33,0.5,0.62
536,0.58,0.44,0.6,0.91,0.39,0.33,0.5,0.75
537,0.58,0.45,0.61,0.91,0.39,0.33,0.5,0.75
538,0.59,0.46,0.61,0.91,0.39,0.25,0.62,0.75
539,0.59,0.46,0.62,0.93,0.44,0.33,0.62,0.75
540,0.6,0.46,0.62,0.91,0.39,0.33,0.62,0.75
541,0.61,0.47,0.62,0.93,0.39,0.33,0.5,0.75
542,0.6,0.46,0.63,0.93,0.39,0.33,0.62,0.75
543,0.61,0.48,0.63,0.91,0.39,0.33,0.62,0.75
544,0.61,0.47,0.63,0.93,0.39,0.25,0.62,0.75
545,0.62,0.48,0.64,0.93,0.39,0.33,0.62,0.75
546,0.62,0.48,0.64,0.93,0.39,0.33,0.62,0.75
547,0.62,0.49,0.64,0.93,0.44,0.25,0.62,0.75
548,0.65,0.5,0.65,0.93,0.44,0.33,0.5,0.75
549,0.63,0.49,0.65,0.93,0.44,0.33,0.5,0.75
550,0.64,0.5,0.66,0.93,0.44,0.33,0.62,0.62
551,0.65,0.51,0.66,0.93,0.44,0.42,0.62,0.62
552,0.64,0.51,0.66,0.93,0.44,0.42,0.62,0.75
553,0.64,0.51,0.67,0.94,0.44,0.33,0.62,0.75
554,0.64,0.52,0.67,0.94,0.44,0.33,0.62,0.75
555,0.65,0.52,0.68,0.93,0.44,0.42,0.62,0.75
556,0.65,0.53,0.68,0.94,0.44,0.33,0.62,0.75
557,0.66,0.53,0.68,0.93,0.44,0.33,0.62,0.75
558,0.67,0.54,0.69,0.93,0.44,0.42,0.62,0.75
559,0.66,0.54,0.7,0.94,0.44,0.33,0.62,0.88
560,0.68,0.54,0.69,0.94,0.44,0.42,0.62,0.88
561,0.68,0.55,0.69,0.93,0.5,0.42,0.75,0.75
562,0.68,0.55,0.7,0.94,0.44,0.42,0.62,0.75
563,0.69,0.56,0.7,0.94,0.44,0.42,0.62,0.75
564,0.69,0.56,0.7,0.94,0.5,0.42,0.75,0.75
565,0.71,0.57,0.71,0.94,0.44,0.42,0.62,0.88
566,0.7,0.57,0.71,0.93,0.5,0.42,0.75,0.75
567,0.7,0.58,0.72,0.93,0.5,0.42,0.62,0.75
568,0.7,0.57,0.72,0.93,0.44,0.42,0.75,0.88
569,0.7,0.58,0.72,0.93,0.44,0.42,0.75,0.88
570,0.71,0.58,0.72,0.94,0.5,0.42,0.75,0.75
571,0.72,0.58,0.73,0.93,0.5,0.42,0.75,0.88
572,0.71,0.58,0.74,0.94,0.5,0.42,0.75,0.75
573,0.72,0.59,0.74,0.93,0.5,0.42,0.75,0.75
574,0.72,0.59,0.73,0.94,0.5,0.42,0.75,0.88
575,0.72,0.6,0.74,0.94,0.5,0.42,0.75,0.88
576,0.72,0.6,0.74,0.93,0.5,0.5,0.75,0.75
577,0.72,0.59,0.75,0.94,0.5,0.42,0.62,0.88
578,0.72,0.6,0.75,0.94,0.56,0.42,0.75,0.88
579,0.73,0.61,0.75,0.94,0.5,0.5,0.75,0.88
580,0.72,0.61,0.76,0.96,0.5,0.42,0.75,0.88
581,0.72,0.61,0.76,0.94,0.5,0.5,0.62,0.88
582,0.75,0.62,0.76,0.94,0.5,0.5,0.75,0.88
583,0.74,0.62,0.76,0.96,0.5,0.5,0.75,0.88
584,0.73,0.62,0.76,0.94,0.5,0.5,0.75,0.88
585,0.75,0.61,0.76,0.94,0.5,0.42,0.75,0.88
586,0.73,0.62,0.77,0.94,0.5,0.5,0.75,0.88
587,0.72,0.62,0.77,0.96,0.56,0.42,0.75,0.88
588,0.73,0.63,0.77,0.96,0.5,0.5,0.75,0.88
589,0.73,0.62,0.78,0.96,0.5,0.5,0.75,0.88
590,0.73,0.62,0.78,0.96,0.56,0.5,0.62,0.75
591,0.73,0.63,0.78,0.96,0.56,0.5,0.75,0.88
592,0.74,0.64,0.78,0.96,0.56,0.5,0.75,0.88
593,0.72,0.63,0.78,0.96,0.5,0.5,0.62,0.88
594,0.73,0.64,0.78,0.96,0.56,0.5,0.75,0.88
595,0.73,0.63,0.78,0.98,0.56,0.5,0.75,0.88
596,0.73,0.63,0.78,0.98,0.56,0.5,0.62,0.88
597,0.74,0.64,0.78,0.98,0.5,0.5,0.75,0.88
598,0.74,0.64,0.78,0.96,0.56,0.58,0.75,0.88
599,0.73,0.64,0.78,0.98,0.56,0.5,0.75,0.88
600,0.73,0.64,0.79,0.98,0.56,0.5,0.75,0.88
601,0.75,0.64,0.79,0.98,0.61,0.42,0.75,0.88
602,0.73,0.64,0.79,0.98,0.56,0.5,0.75,0.88
603,0.74,0.65,0.79,0.98,0.56,0.5,0.75,0.88
604,0.73,0.65,0.79,0.98,0.56,0.5,0.75,0.88
605,0.74,0.66,0.79,0.98,0.61,0.58,0.88,0.88
606,0.74,0.66,0.79,0.98,0.56,0.5,0.88,1.0
607,0.73,0.66,0.79,0.98,0.56,0.58,0.88,0.88
608,0.74,0.66,0.79,0.98,0.61,0.58,0.75,0.88
609,0.74,0.66,0.79,1.0,0.56,0.5,0.75,0.88
610,0.75,0.66,0.79,0.98,0.61,0.5,0.75,0.88
611,0.74,0.67,0.79,0.98,0.56,0.5,0.88,1.0
612,0.74,0.66,0.79,1.0,0.56,0.58,0.75,0.88
613,0.75,0.67,0.79,0.98,0.61,0.58,0.75,0.88
614,0.75,0.66,0.79,1.0,0.61,0.58,0.75,0.88
615,0.75,0.67,0.8,1.0,0.56,0.5,0.75,0.88
616,0.76,0.68,0.8,0.98,0.61,0.58,0.75,0.88
617,0.77,0.68,0.8,0.96,0.61,0.58,0.88,1.0
618,0.75,0.67,0.8,1.0,0.61,0.58,0.75,0.88
619,0.77,0.68,0.81,0.98,0.61,0.58,0.88,0.88
620,0.76,0.68,0.8,1.0,0.61,0.58,0.88,0.88
621,0.77,0.68,0.8,1.0,0.61,0.5,0.75,0.88
622,0.77,0.68,0.81,1.0,0.61,0.58,0.75,1.0
623,0.77,0.68,0.81,1.0,0.61,0.5,0.75,0.88
624,0.77,0.69,0.81,0.98,0.61,0.58,0.88,1.0
625,0.77,0.69,0.81,0.98,0.61,0.58,0.88,1.0
626,0.78,0.69,0.81,0.98,0.67,0.58,0.75,0.88
627,0.77,0.7,0.82,1.0,0.61,0.58,0.88,0.88
628,0.78,0.69,0.82,1.0,0.61,0.58,0.75,0.88
629,0.78,0.69,0.82,1.0,0.61,0.58,0.88,1.0
630,0.79,0.7,0.82,1.0,0.67,0.58,0.75,0.88
631,0.79,0.7,0.82,1.0,0.67,0.58,0.88,0.88
632,0.79,0.71,0.82,1.0,0.61,0.58,0.88,1.0
633,0.79,0.7,0.82,0.98,0.67,0.67,0.88,0.88
634,0.78,0.7,0.82,1.0,0.67,0.58,0.88,0.88
635,0.78,0.71,0.83,1.0,0.61,0.58,0.88,1.0
636,0.8,0.71,0.83,1.0,0.67,0.67,0.88,0.88
637,0.79,0.71,0.82,1.0,0.61,0.58,0.75,0.88
638,0.79,0.71,0.82,0.98,0.67,0.67,0.88,1.0
639,0.8,0.72,0.82,0.96,0.67,0.67,0.88,0.88
640,0.79,0.72,0.82,1.0,0.67,0.58,0.88,0.88
641,0.8,0.72,0.82,0.98,0.67,0.67,0.88,1.0
642,0.81,0.72,0.82,0.98,0.67,0.67,0.88,1.0
643,0.8,0.72,0.82,0.98,0.67,0.67,0.88,1.0
644,0.8,0.72,0.83,0.98,0.72,0.67,0.88,1.0
645,0.79,0.72,0.83,1.0,0.67,0.58,0.88,1.0
646,0.81,0.73,0.83,0.98,0.67,0.67,1.0,1.0
647,0.8,0.73,0.83,0.98,0.67,0.67,0.88,0.88
648,0.8,0.72,0.83,1.0,0.67,0.58,0.88,1.0
649,0.81,0.73,0.83,0.98,0.67,0.58,1.0,1.0
650,0.81,0.73,0.83,0.96,0.72,0.67,0.88,1.0
651,0.81,0.73,0.84,0.98,0.72,0.67,0.88,0.88
652,0.81,0.74,0.83,0.96,0.72,0.67,1.0,1.0
653,0.81,0.74,0.83,0.96,0.72,0.67,1.0,1.0
654,0.82,0.74,0.83,0.96,0.78,0.67,0.88,0.88
655,0.81,0.75,0.83,0.96,0.72,0.75,1.0,1.0
656,0.84,0.75,0.84,0.94,0.72,0.67,1.0,0.88
657,0.82,0.74,0.84,0.96,0.78,0.67,0.88,1.0
658,0.82,0.75,0.84,0.96,0.72,0.67,1.0,1.0
659,0.82,0.75,0.84,0.94,0.78,0.75,0.88,0.88
660,0.83,0.75,0.85,0.96,0.72,0.75,1.0,1.0
661,0.84,0.75,0.85,0.96,0.72,0.67,1.0,0.88
662,0.83,0.75,0.85,0.94,0.78,0.75,1.0,0.88
663,0.83,0.75,0.85,0.96,0.72,0.67,1.0,0.88
664,0.83,0.75,0.85,0.94,0.78,0.75,0.88,1.0
665,0.83,0.75,0.85,0.94,0.78,0.67,1.0,1.0
666,0.84,0.75,0.85,0.96,0.78,0.75,1.0,0.88
667,0.84,0.76,0.86,0.96,0.72,0.67,1.0,0.88
668,0.85,0.76,0.86,0.94,0.78,0.75,1.0,1.0
669,0.85,0.76,0.86,0.94,0.72,0.67,1.0,1.0
670,0.85,0.76,0.86,0.94,0.78,0.67,0.88,1.0
671,0.84,0.77,0.86,0.94,0.72,0.67,1.0,1.0
672,0.86,0.77,0.86,0.94,0.78,0.75,1.0,1.0
673,0.85,0.77,0.86,0.94,0.78,0.75,1.0,1.0
674,0.85,0.78,0.86,0.94,0.78,0.75,1.0,0.88
675,0.86,0.77,0.86,0.94,0.78,0.75,0.88,0.88
676,0.85,0.78,0.88,0.94,0.78,0.67,0.88,0.88
677,0.85,0.77,0.88,0.96,0.72,0.67,0.88,1.0
678,0.85,0.78,0.88,0.96,0.72,0.67,0.88,1.0
679,0.85,0.78,0.88,0.96,0.78,0.67,0.88,1.0
680,0.85,0.78,0.88,0.94,0.72,0.67,0.88,0.88
681,0.88,0.79,0.88,0.94,0.78,0.75,0.88,0.88
682,0.88,0.78,0.88,0.96,0.78,0.67,0.88,0.88
683,0.86,0.79,0.88,0.94,0.83,0.75,0.88,0.88
684,0.86,0.78,0.88,0.94,0.78,0.67,0.88,0.88
685,0.86,0.79,0.88,0.94,0.83,0.75,0.88,0.88
686,0.86,0.79,0.88,0.94,0.83,0.75,0.88,0.88
687,0.86,0.79,0.89,0.96,0.78,0.67,0.88,1.0
688,0.88,0.79,0.88,0.94,0.83,0.75,0.88,0.88
689,0.86,0.79,0.89,0.96,0.78,0.75,0.88,0.88
690,0.87,0.79,0.88,0.94,0.78,0.75,0.75,0.88
691,0.86,0.79,0.89,0.96,0.78,0.75,1.0,1.0
692,0.86,0.79,0.88,0.96,0.78,0.75,0.75,0.88
693,0.87,0.8,0.88,0.94,0.78,0.75,0.88,0.88
694,0.86,0.8,0.89,0.94,0.78,0.75,0.88,0.88
695,0.87,0.8,0.88,0.96,0.78,0.75,0.88,0.88
696,0.87,0.81,0.88,0.94,0.78,0.75,0.88,0.88
697,0.86,0.8,0.89,0.96,0.78,0.75,0.75,0.88
698,0.88,0.81,0.89,0.96,0.78,0.75,0.75,0.88
699,0.88,0.81,0.89,0.94,0.78,0.75,0.75,0.88
700,0.87,0.81,0.89,0.96,0.78,0.75,0.88,0.88
701,0.88,0.81,0.89,0.96,0.78,0.75,0.75,0.88
702,0.86,0.8,0.89,0.98,0.78,0.67,0.88,0.88
703,0.88,0.82,0.89,0.96,0.78,0.67,0.75,0.88
704,0.88,0.81,0.88,0.96,0.78,0.75,0.75,0.75
705,0.88,0.82,0.89,0.96,0.78,0.75,0.75,0.88
706,0.87,0.82,0.88,0.96,0.78,0.75,0.75,0.75
707,0.88,0.83,0.89,0.96,0.78,0.75,0.75,0.88
708,0.87,0.82,0.89,0.98,0.78,0.75,0.62,0.75
709,0.88,0.83,0.88,0.96,0.78,0.75,0.75,0.75
710,0.88,0.83,0.88,0.96,0.78,0.75,0.75,0.75
711,0.88,0.83,0.88,0.96,0.78,0.75,0.75,0.75
712,0.87,0.82,0.89,0.98,0.78,0.75,0.75,0.75
713,0.88,0.83,0.88,0.96,0.78,0.67,0.75,0.75
714,0.88,0.83,0.88,0.98,0.78,0.75,0.75,0.75
715,0.88,0.84,0.88,0.96,0.72,0.67,0.75,0.75
716,0.89,0.84,0.88,0.96,0.72,0.75,0.75,0.75
717,0.88,0.84,0.89,0.98,0.78,0.75,0.75,0.75
718,0.88,0.84,0.88,0.98,0.78,0.75,0.62,0.75
719,0.88,0.84,0.88,0.98,0.78,0.75,0.62,0.75
720,0.88,0.85,0.89,0.98,0.72,0.67,0.75,0.75
721,0.87,0.84,0.88,0.98,0.78,0.75,0.75,0.62
722,0.88,0.85,0.89,0.98,0.72,0.67,0.75,0.75
723,0.88,0.84,0.88,0.98,0.78,0.75,0.62,0.75
724,0.88,0.85,0.89,0.98,0.72,0.75,0.75,0.75
725,0.88,0.85,0.89,0.98,0.72,0.67,0.75,0.75
726,0.88,0.85,0.89,0.98,0.78,0.75,0.62,0.75
727,0.87,0.85,0.89,0.98,0.72,0.75,0.62,0.75
728,0.89,0.85,0.89,0.98,0.72,0.67,0.62,0.75
729,0.87,0.86,0.89,1.0,0.72,0.67,0.62,0.75
730,0.88,0.85,0.88,1.0,0.78,0.67,0.62,0.75
731,0.88,0.86,0.89,1.0,0.72,0.67,0.75,0.62
732,0.88,0.86,0.89,0.98,0.72,0.67,0.62,0.75
733,0.88,0.86,0.89,1.0,0.72,0.67,0.62,0.75
734,0.88,0.86,0.89,0.98,0.72,0.67,0.62,0.75
735,0.87,0.86,0.89,1.0,0.72,0.67,0.62,0.75
736,0.88,0.86,0.89,0.98,0.72,0.58,0.75,0.75
737,0.87,0.86,0.89,1.0,0.72,0.67,0.62,0.75
738,0.88,0.87,0.89,0.98,0.72,0.67,0.62,0.75
739,0.88,0.86,0.89,0.98,0.72,0.58,0.62,0.75
740,0.88,0.86,0.89,0.98,0.72,0.75,0.75,0.75
741,0.88,0.87,0.89,0.98,0.72,0.67,0.62,0.75
742,0.88,0.86,0.9,1.0,0.78,0.67,0.62,0.75
743,0.88,0.86,0.89,0.98,0.78,0.67,0.62,0.75
744,0.88,0.86,0.89,0.98,0.78,0.67,0.75,0.75
745,0.89,0.87,0.91,1.0,0.72,0.67,0.62,0.75
746,0.9,0.87,0.9,0.98,0.72,0.75,0.75,0.75
747,0.88,0.86,0.91,1.0,0.72,0.67,0.62,0.75
748,0.88,0.87,0.91,1.0,0.72,0.58,0.75,0.75
749,0.89,0.88,0.91,0.98,0.72,0.58,0.75,0.75
750,0.9,0.87,0.9,0.98,0.78,0.75,0.75,0.75
751,0.9,0.87,0.91,0.98,0.72,0.75,0.62,0.75
752,0.9,0.87,0.91,0.96,0.72,0.67,0.75,0.75
753,0.9,0.88,0.92,0.98,0.72,0.67,0.75,0.75
754,0.9,0.88,0.91,0.98,0.72,0.67,0.75,0.75
755,0.9,0.87,0.91,0.98,0.78,0.75,0.62,0.75
756,0.89,0.88,0.91,0.98,0.72,0.67,0.62,0.75
757,0.9,0.88,0.92,0.98,0.72,0.75,0.75,0.75
758,0.89,0.88,0.91,0.98,0.72,0.75,0.62,0.75
759,0.89,0.88,0.92,1.0,0.78,0.58,0.75,0.88
760,0.89,0.88,0.92,0.98,0.72,0.67,0.62,0.75
761,0.89,0.88,0.92,0.98,0.72,0.75,0.62,0.75
762,0.89,0.89,0.92,0.98,0.72,0.75,0.62,0.75
763,0.9,0.88,0.92,0.96,0.78,0.67,0.62,0.62
764,0.89,0.88,0.93,0.98,0.72,0.67,0.75,0.75
765,0.9,0.89,0.92,0.98,0.72,0.67,0.75,0.75
766,0.91,0.89,0.92,0.96,0.78,0.75,0.62,0.75
767,0.91,0.89,0.92,0.96,0.78,0.67,0.75,0.75
768,0.9,0.89,0.93,0.96,0.72,0.67,0.75,0.88
769,0.89,0.88,0.93,1.0,0.72,0.67,0.62,0.62
770,0.91,0.89,0.93,0.98,0.72,0.58,0.75,0.75
771,0.9,0.89,0.92,0.96,0.78,0.67,0.62,0.75
772,0.9,0.88,0.93,0.98,0.78,0.67,0.62,0.62
773,0.91,0.89,0.93,0.98,0.78,0.67,0.62,0.75
774,0.91,0.89,0.93,0.96,0.78,0.67,0.62,0.75
775,0.91,0.88,0.93,0.98,0.78,0.67,0.62,0.75
776,0.91,0.89,0.93,0.96,0.72,0.67,0.75,0.88
777,0.93,0.9,0.93,0.96,0.72,0.75,0.62,0.75
778,0.91,0.89,0.93,0.98,0.78,0.75,0.62,0.75
779,0.91,0.9,0.94,0.98,0.72,0.58,0.62,0.75
780,0.91,0.9,0.93,0.96,0.72,0.67,0.62,0.75
781,0.91,0.9,0.94,0.96,0.72,0.67,0.62,0.75
782,0.91,0.9,0.94,0.98,0.78,0.67,0.62,0.75
783,0.91,0.91,0.95,0.98,0.72,0.67,0.62,0.75
784,0.9,0.89,0.95,0.98,0.72,0.67,0.62,0.62
785,0.94,0.91,0.94,0.98,0.78,0.58,0.75,0.75
786,0.9,0.89,0.94,0.98,0.72,0.75,0.62,0.75
787,0.9,0.9,0.94,0.98,0.72,0.67,0.62,0.75
788,0.91,0.91,0.94,0.96,0.72,0.75,0.62,0.75
789,0.9,0.91,0.94,0.98,0.72,0.58,0.62,0.75
790,0.9,0.91,0.95,0.98,0.72,0.58,0.5,0.62
791,0.91,0.91,0.93,0.98,0.78,0.75,0.62,0.75
792,0.9,0.91,0.95,0.98,0.72,0.67,0.62,0.62
793,0.9,0.91,0.94,0.98,0.72,0.67,0.62,0.75
794,0.9,0.91,0.93,0.96,0.72,0.75,0.62,0.62
795,0.91,0.91,0.93,0.98,0.72,0.75,0.62,0.62
796,0.89,0.91,0.94,0.98,0.72,0.67,0.5,0.75
797,0.91,0.92,0.93,0.98,0.72,0.67,0.62,0.75
798,0.9,0.91,0.93,0.98,0.78,0.75,0.5,0.62
799,0.9,0.9,0.94,1.0,0.72,0.67,0.62,0.75
800,0.9,0.91,0.93,1.0,0.67,0.67,0.5,0.75
801,0.9,0.92,0.93,0.98,0.78,0.67,0.62,0.62
802,0.9,0.91,0.93,1.0,0.72,0.67,0.62,0.62
803,0.9,0.92,0.93,0.98,0.72,0.67,0.62,0.75
804,0.91,0.92,0.93,1.0,0.67,0.67,0.62,0.62
805,0.89,0.91,0.93,0.98,0.72,0.67,0.5,0.75
806,0.9,0.92,0.93,0.98,0.72,0.67,0.5,0.75
807,0.89,0.92,0.93,1.0,0.72,0.67,0.5,0.62
808,0.89,0.91,0.93,0.98,0.78,0.67,0.5,0.62
809,0.88,0.92,0.93,1.0,0.72,0.67,0.5,0.62
810,0.89,0.91,0.93,0.98,0.72,0.67,0.38,0.62
811,0.9,0.92,0.93,1.0,0.72,0.58,0.5,0.62
812,0.88,0.92,0.93,1.0,0.72,0.58,0.5,0.75
813,0.88,0.92,0.93,1.0,0.67,0.58,0.62,0.62
814,0.9,0.92,0.92,0.98,0.72,0.67,0.5,0.62
815,0.89,0.92,0.92,0.96,0.72,0.67,0.38,0.5
816,0.89,0.92,0.93,1.0,0.72,0.67,0.38,0.62
817,0.88,0.92,0.93,1.0,0.67,0.58,0.5,0.62
818,0.92,0.92,0.92,0.98,0.78,0.67,0.5,0.5
819,0.9,0.92,0.92,0.98,0.78,0.67,0.38,0.62
820,0.89,0.92,0.93,1.0,0.72,0.58,0.38,0.62
821,0.9,0.92,0.92,0.96,0.72,0.67,0.5,0.62
822,0.89,0.92,0.93,0.98,0.67,0.58,0.5,0.62
823,0.89,0.92,0.92,0.96,0.72,0.67,0.5,0.5
824,0.89,0.92,0.93,0.98,0.72,0.67,0.5,0.62
825,0.89,0.92,0.93,0.98,0.72,0.58,0.5,0.62
826,0.89,0.92,0.93,0.98,0.67,0.58,0.5,0.62
827,0.9,0.92,0.93,0.98,0.72,0.58,0.38,0.62
828,0.91,0.92,0.93,0.96,0.72,0.67,0.5,0.62
829,0.89,0.92,0.93,0.98,0.67,0.58,0.5,0.62
830,0.9,0.92,0.92,0.96,0.72,0.67,0.38,0.62
831,0.9,0.92,0.93,0.96,0.72,0.67,0.5,0.62
832,0.9,0.92,0.93,0.96,0.72,0.67,0.38,0.5
833,0.9,0.92,0.93,0.96,0.72,0.67,0.38,0.62
834,0.91,0.92,0.92,0.96,0.78,0.67,0.38,0.62
835,0.89,0.92,0.94,0.98,0.72,0.58,0.38,0.62
836,0.9,0.92,0.93,0.98,0.72,0.67,0.38,0.62
837,0.93,0.92,0.93,0.98,0.72,0.67,0.5,0.62
838,0.91,0.93,0.93,0.96,0.72,0.67,0.38,0.62
839,0.92,0.92,0.94,0.98,0.67,0.58,0.5,0.62
840,0.92,0.93,0.93,0.96,0.72,0.67,0.5,0.62
841,0.93,0.92,0.93,0.96,0.72,0.67,0.5,0.62
842,0.92,0.93,0.94,0.96,0.72,0.5,0.5,0.62
843,0.9,0.92,0.94,0.96,0.67,0.58,0.5,0.62
844,0.91,0.92,0.95,0.96,0.67,0.58,0.5,0.62
845,0.91,0.93,0.94,0.96,0.72,0.5,0.5,0.75
846,0.91,0.93,0.93,0.94,0.72,0.67,0.5,0.62
847,0.92,0.93,0.94,0.94,0.72,0.58,0.5,0.62
848,0.91,0.92,0.94,0.94,0.72,0.67,0.5,0.62
849,0.92,0.93,0.93,0.94,0.72,0.67,0.38,0.62
850,0.91,0.93,0.95,0.96,0.72,0.58,0.5,0.62
851,0.92,0.93,0.94,0.94,0.72,0.58,0.5,0.62
852,0.92,0.93,0.94,0.94,0.72,0.67,0.38,0.5
853,0.9,0.92,0.95,0.96,0.72,0.58,0.5,0.62
854,0.92,0.93,0.94,0.94,0.72,0.67,0.5,0.5
855,0.93,0.94,0.95,0.94,0.72,0.58,0.5,0.62
856,0.92,0.93,0.95,0.96,0.67,0.58,0.5,0.62
857,0.92,0.94,0.94,0.94,0.72,0.67,0.5,0.62
858,0.92,0.92,0.95,0.96,0.72,0.58,0.38,0.62
859,0.91,0.94,0.96,0.94,0.67,0.58,0.5,0.62
860,0.92,0.93,0.95,0.93,0.72,0.67,0.5,0.62
861,0.93,0.94,0.95,0.91,0.72,0.67,0.5,0.62
862,0.93,0.94,0.95,0.93,0.72,0.58,0.5,0.5
863,0.92,0.93,0.96,0.94,0.72,0.58,0.5,0.62
864,0.95,0.94,0.95,0.93,0.72,0.67,0.5,0.62
865,0.92,0.93,0.96,0.94,0.72,0.58,0.38,0.62
866,0.93,0.94,0.95,0.93,0.72,0.67,0.5,0.62
867,0.92,0.93,0.95,0.94,0.72,0.58,0.5,0.5
868,0.93,0.93,0.95,0.94,0.72,0.58,0.38,0.62
869,0.93,0.93,0.95,0.93,0.72,0.67,0.38,0.5
870,0.93,0.94,0.95,0.94,0.72,0.58,0.5,0.62
871,0.94,0.95,0.95,0.93,0.72,0.67,0.5,0.62
872,0.95,0.94,0.95,0.91,0.78,0.67,0.5,0.62
873,0.95,0.94,0.95,0.93,0.72,0.58,0.38,0.5
874,0.95,0.95,0.95,0.91,0.72,0.58,0.5,0.62
875,0.95,0.95,0.95,0.91,0.72,0.67,0.5,0.5
876,0.94,0.94,0.95,0.93,0.78,0.58,0.38,0.5
877,0.95,0.96,0.95,0.89,0.72,0.58,0.5,0.5
878,0.94,0.94,0.95,0.93,0.78,0.67,0.38,0.5
879,0.95,0.96,0.96,0.89,0.72,0.58,0.5,0.62
880,0.94,0.96,0.95,0.91,0.72,0.58,0.5,0.62
881,0.95,0.96,0.95,0.91,0.72,0.58,0.5,0.62
882,0.94,0.94,0.96,0.93,0.72,0.58,0.38,0.5
883,0.96,0.96,0.96,0.91,0.72,0.58,0.5,0.62
884,0.94,0.94,0.95,0.91,0.78,0.67,0.38,0.5
885,0.94,0.94,0.96,0.91,0.72,0.67,0.38,0.62
886,0.95,0.95,0.95,0.89,0.72,0.58,0.5,0.62
887,0.93,0.94,0.96,0.93,0.72,0.58,0.38,0.5
888,0.95,0.96,0.95,0.89,0.72,0.58,0.5,0.62
889,0.96,0.96,0.96,0.91,0.72,0.58,0.5,0.5
890,0.95,0.95,0.96,0.89,0.72,0.58,0.38,0.5
891,0.95,0.96,0.96,0.89,0.67,0.58,0.5,0.62
892,0.94,0.95,0.96,0.91,0.67,0.58,0.5,0.62
893,0.93,0.95,0.96,0.91,0.72,0.5,0.38,0.62
894,0.94,0.96,0.96,0.89,0.67,0.58,0.5,0.62
895,0.95,0.96,0.96,0.91,0.72,0.58,0.5,0.62
896,0.94,0.95,0.96,0.91,0.78,0.58,0.38,0.5
897,0.94,0.96,0.98,0.91,0.72,0.58,0.5,0.62
898,0.94,0.96,0.97,0.89,0.72,0.58,0.5,0.62
899,0.95,0.96,0.97,0.91,0.72,0.58,0.5,0.62
900,0.95,0.96,0.97,0.91,0.72,0.58,0.5,0.5
901,0.95,0.95,0.97,0.91,0.72,0.67,0.38,0.5
902,0.94,0.95,0.97,0.91,0.72,0.67,0.38,0.62
903,0.95,0.97,0.98,0.91,0.72,0.58,0.5,0.62
904,0.95,0.96,0.98,0.91,0.72,0.58,0.5,0.62
905,0.95,0.96,0.96,0.89,0.78,0.67,0.38,0.5
906,0.94,0.96,0.97,0.91,0.78,0.67,0.38,0.5
907,0.98,0.98,0.97,0.89,0.72,0.67,0.5,0.62
908,0.95,0.96,0.98,0.91,0.72,0.67,0.38,0.62
909,0.95,0.97,0.98,0.91,0.72,0.58,0.5,0.62
910,0.97,0.97,0.98,0.89,0.72,0.58,0.38,0.62
911,0.94,0.96,0.98,0.91,0.72,0.58,0.38,0.62
912,0.94,0.97,0.98,0.91,0.67,0.58,0.38,0.62
913,0.95,0.96,0.96,0.87,0.78,0.75,0.38,0.5
914,0.95,0.97,0.96,0.87,0.78,0.75,0.5,0.5
915,0.94,0.96,0.98,0.91,0.72,0.58,0.5,0.62
916,0.95,0.97,0.98,0.89,0.78,0.67,0.38,0.5
917,0.95,0.97,0.98,0.89,0.72,0.58,0.5,0.62
918,0.95,0.97,0.96,0.87,0.78,0.75,0.38,0.5
919,0.95,0.96,0.98,0.91,0.72,0.58,0.5,0.5
920,0.97,0.96,0.98,0.91,0.72,0.67,0.38,0.62
921,0.95,0.96,0.98,0.91,0.72,0.67,0.38,0.62
922,0.96,0.97,0.97,0.87,0.78,0.75,0.38,0.5
923,0.97,0.97,0.98,0.91,0.72,0.67,0.38,0.62
924,0.95,0.97,0.98,0.91,0.78,0.67,0.38,0.5
925,0.98,0.97,0.97,0.87,0.83,0.75,0.38,0.5
926,0.95,0.97,0.98,0.91,0.72,0.67,0.38,0.62
927,0.95,0.97,0.98,0.91,0.78,0.67,0.38,0.62
928,0.95,0.97,0.96,0.87,0.78,0.75,0.38,0.5
929,0.95,0.97,0.99,0.91,0.78,0.67,0.38,0.5
930,0.95,0.97,0.97,0.89,0.78,0.75,0.38,0.5
931,0.98,0.98,0.98,0.89,0.72,0.67,0.5,0.62
932,0.94,0.97,0.98,0.89,0.72,0.67,0.38,0.62
933,0.94,0.97,0.98,0.91,0.72,0.67,0.38,0.62
934,0.95,0.97,0.98,0.91,0.72,0.67,0.38,0.5
935,0.96,0.97,0.98,0.89,0.78,0.75,0.38,0.5
936,0.95,0.97,0.97,0.85,0.78,0.75,0.38,0.5
937,0.97,0.97,0.98,0.89,0.78,0.75,0.38,0.5
938,0.95,0.97,0.96,0.85,0.78,0.75,0.38,0.5
939,0.95,0.97,0.99,0.89,0.72,0.67,0.38,0.5
940,0.95,0.98,0.97,0.87,0.78,0.75,0.38,0.5
941,0.96,0.97,0.98,0.89,0.78,0.75,0.38,0.5
942,0.96,0.98,0.97,0.85,0.78,0.83,0.38,0.5
943,0.95,0.97,0.98,0.89,0.78,0.75,0.25,0.5
944,0.95,0.98,0.98,0.91,0.78,0.67,0.5,0.62
945,0.96,0.97,0.98,0.87,0.78,0.75,0.38,0.5
946,0.95,0.97,0.99,0.91,0.72,0.75,0.38,0.5
947,0.95,0.97,0.98,0.89,0.78,0.75,0.38,0.5
948,0.96,0.98,0.99,0.89,0.72,0.75,0.38,0.5
949,0.95,0.97,0.99,0.89,0.72,0.67,0.5,0.5
950,0.96,0.98,0.97,0.85,0.78,0.75,0.38,0.5
951,0.96,0.97,0.98,0.89,0.78,0.83,0.38,0.5
952,0.95,0.97,0.98,0.89,0.72,0.75,0.38,0.62
953,0.96,0.98,0.97,0.85,0.78,0.83,0.38,0.5
954,0.96,0.99,0.98,0.83,0.78,0.75,0.5,0.62
955,0.95,0.98,0.98,0.87,0.78,0.75,0.38,0.5
956,0.95,0.98,0.97,0.85,0.78,0.83,0.38,0.5
957,0.96,0.99,0.97,0.85,0.78,0.83,0.5,0.62
958,0.96,0.98,0.97,0.85,0.83,0.83,0.38,0.62
959,0.95,0.98,0.98,0.87,0.78,0.75,0.38,0.5
960,0.96,0.98,0.97,0.83,0.78,0.83,0.5,0.5
961,0.95,0.97,0.99,0.89,0.72,0.67,0.38,0.62
962,0.96,0.98,0.98,0.85,0.78,0.75,0.38,0.5
963,0.96,0.97,0.98,0.87,0.78,0.75,0.25,0.5
964,0.96,0.98,0.97,0.85,0.78,0.83,0.38,0.5
965,0.96,0.99,0.98,0.87,0.78,0.75,0.38,0.5
966,0.95,0.98,0.98,0.87,0.83,0.75,0.38,0.5
967,0.96,0.98,0.98,0.87,0.78,0.75,0.25,0.38
968,0.97,0.99,0.98,0.85,0.72,0.75,0.5,0.62
969,0.96,0.99,0.98,0.85,0.67,0.67,0.5,0.75
970,0.96,0.99,0.97,0.83,0.78,0.83,0.38,0.5
971,0.96,0.99,0.98,0.83,0.78,0.83,0.38,0.62
972,0.98,0.98,0.98,0.83,0.78,0.83,0.38,0.5
973,0.96,0.98,0.98,0.87,0.78,0.75,0.38,0.5
974,0.97,0.99,0.98,0.83,0.72,0.83,0.5,0.62
975,0.96,0.99,0.98,0.85,0.72,0.75,0.5,0.62
976,0.96,0.99,0.98,0.83,0.72,0.83,0.62,0.62
977,0.96,0.99,0.98,0.83,0.78,0.83,0.38,0.5
978,0.95,0.98,0.98,0.89,0.78,0.75,0.38,0.62
979,0.95,0.98,0.98,0.85,0.83,0.83,0.38,0.62
980,0.95,0.98,0.98,0.85,0.78,0.83,0.38,0.5
981,0.96,0.99,0.98,0.83,0.83,0.83,0.38,0.5
982,0.98,0.98,0.98,0.87,0.78,0.83,0.38,0.5
983,0.95,0.98,0.98,0.83,0.78,0.83,0.38,0.62
984,0.95,0.98,0.98,0.85,0.78,0.83,0.5,0.62
985,0.95,0.98,0.98,0.85,0.72,0.83,0.5,0.62
986,0.95,0.98,0.98,0.85,0.78,0.83,0.38,0.62
987,0.95,0.97,0.98,0.87,0.78,0.83,0.38,0.5
988,0.95,0.98,0.98,0.85,0.83,0.83,0.38,0.62
989,0.94,0.97,0.98,0.85,0.83,0.83,0.38,0.62
990,0.95,0.97,0.98,0.85,0.78,0.83,0.38,0.5
991,0.94,0.98,0.98,0.85,0.78,0.83,0.5,0.62
992,0.95,0.99,0.98,0.85,0.72,0.83,0.5,0.62
993,0.95,0.98,0.98,0.85,0.78,0.83,0.5,0.62
994,0.95,0.97,0.98,0.85,0.83,0.83,0.38,0.62
995,0.94,0.98,0.98,0.85,0.78,0.83,0.38,0.5
996,0.95,0.98,0.98,0.85,0.78,0.83,0.62,0.75
997,0.94,0.98,0.98,0.85,0.83,0.83,0.38,0.62
998,0.93,0.97,0.99,0.89,0.83,0.75,0.38,0.5
999,0.95,0.98,0.98,0.87,0.83,0.83,0.38,0.62
1000,0.94,0.97,0.98,0.87,0.83,0.83,0.5,0.62
1001,0.94,0.98,0.98,0.87,0.78,0.83,0.5,0.75
1002,0.95,0.98,0.98,0.89,0.72,0.83,0.62,0.75
1003,0.96,0.98,0.98,0.85,0.78,0.83,0.5,0.62
1004,0.94,0.97,0.98,0.85,0.78,0.83,0.5,0.62
1005,0.94,0.98,0.98,0.85,0.83,0.92,0.5,0.62
1006,0.95,0.98,0.98,0.85,0.78,0.83,0.5,0.75
1007,0.95,0.98,0.98,0.87,0.72,0.75,0.62,0.75
1008,0.96,0.97,0.98,0.87,0.83,0.92,0.5,0.62
1009,0.94,0.98,0.98,0.85,0.78,0.92,0.5,0.62
1010,0.94,0.97,0.98,0.89,0.83,0.75,0.38,0.5
1011,0.95,0.97,0.98,0.87,0.83,0.83,0.38,0.62
1012,0.97,0.97,0.98,0.87,0.78,0.83,0.5,0.62
1013,0.94,0.97,0.98,0.87,0.83,0.92,0.5,0.62
1014,0.96,0.98,0.98,0.87,0.72,0.75,0.75,0.75
1015,0.95,0.98,0.98,0.87,0.72,0.83,0.62,0.75
1016,0.95,0.98,0.98,0.89,0.83,0.92,0.5,0.62
1017,0.95,0.97,0.98,0.87,0.89,0.92,0.5,0.62
1018,0.97,0.98,0.98,0.87,0.78,0.92,0.62,0.62
1019,0.95,0.98,0.98,0.87,0.78,0.83,0.62,0.75
1020,0.95,0.98,0.98,0.87,0.78,0.83,0.62,0.75
1021,0.95,0.98,0.98,0.87,0.78,0.83,0.62,0.75
1022,0.95,0.97,0.98,0.87,0.83,0.92,0.62,0.75
1023,0.96,0.98,0.98,0.87,0.78,0.83,0.62,0.75
1024,0.95,0.97,0.98,0.87,0.83,0.92,0.62,0.75
1025,0.95,0.98,0.98,0.87,0.78,0.75,0.75,0.88
1026,0.95,0.98,0.98,0.87,0.78,0.83,0.62,0.75
1027,0.95,0.99,0.98,0.87,0.72,0.75,0.75,0.88
1028,0.95,0.98,0.98,0.87,0.78,0.83,0.62,0.88
1029,0.96,0.98,0.98,0.87,0.78,0.83,0.75,0.75
1030,0.95,0.99,0.98,0.87,0.78,0.83,0.75,0.75
1031,0.96,0.98,0.98,0.87,0.78,0.83,0.75,0.75
1032,0.95,0.98,0.98,0.87,0.78,0.83,0.75,0.75
1033,0.96,0.98,0.98,0.87,0.78,0.83,0.62,0.75
1034,0.95,0.98,0.98,0.87,0.78,0.83,0.62,0.88
1035,0.96,0.99,0.99,0.89,0.78,0.75,0.75,0.88
1036,0.96,0.98,0.99,0.87,0.83,0.83,0.75,0.75
1037,0.95,0.98,0.98,0.87,0.83,0.92,0.62,0.75
1038,0.96,0.97,0.98,0.87,0.89,0.92,0.62,0.75
1039,0.96,0.98,0.99,0.87,0.83,0.92,0.75,0.88
1040,0.96,0.98,0.98,0.87,0.78,0.83,0.75,0.88
1041,0.96,0.97,0.98,0.87,0.89,0.92,0.62,0.75
1042,0.97,0.98,0.99,0.87,0.78,0.83,0.75,0.88
1043,0.96,0.98,0.98,0.87,0.83,0.92,0.75,0.88
1044,0.97,0.98,0.99,0.87,0.83,0.92,0.75,0.88
1045,0.97,0.98,0.99,0.87,0.83,0.83,0.75,0.75
1046,0.96,0.98,0.99,0.87,0.83,0.92,0.62,0.75
1047,0.96,0.99,0.99,0.87,0.83,0.92,0.75,0.75
1048,0.97,0.99,0.99,0.87,0.83,0.83,0.62,0.88
1049,0.97,0.98,0.99,0.87,0.83,0.83,0.75,0.75
1050,0.97,0.98,0.99,0.87,0.78,0.83,0.75,0.88
1051,0.98,0.99,0.99,0.87,0.83,0.92,0.62,0.75
1052,0.97,0.98,0.99,0.87,0.78,0.83,0.75,0.88
1053,0.97,0.98,0.99,0.87,0.83,0.92,0.62,0.88
1054,0.97,0.98,0.99,0.87,0.83,0.83,0.62,0.88
1055,0.97,0.98,1.0,0.87,0.83,0.83,0.75,0.75
1056,0.97,0.99,0.99,0.87,0.83,0.92,0.75,0.88
1057,0.97,0.98,0.99,0.87,0.83,0.92,0.75,0.88
1058,0.98,0.99,0.99,0.87,0.83,0.83,0.75,0.75
1059,0.98,0.99,1.0,0.89,0.78,0.75,0.62,0.75
1060,0.97,0.99,0.99,0.87,0.83,0.83,0.62,0.88
1061,0.98,0.99,0.99,0.87,0.83,0.92,0.75,0.75
1062,0.98,0.99,1.0,0.89,0.78,0.83,0.75,0.88
1063,1.0,1.0,1.0,0.89,0.83,0.83,0.62,0.88
1064,0.99,0.99,0.99,0.87,0.78,0.83,0.62,0.75
1065,0.97,0.99,1.0,0.89,0.83,0.83,0.75,0.75
1066,0.98,0.99,1.0,0.87,0.78,0.83,0.75,0.88
1067,0.97,0.99,0.99,0.87,0.78,0.83,0.62,0.88
1068,0.97,0.98,0.99,0.87,0.89,1.0,0.62,0.75
1069,0.97,0.99,1.0,0.89,0.78,0.83,0.75,0.88
1070,0.97,0.99,0.99,0.87,0.83,0.92,0.75,0.75
1071,0.97,0.99,0.99,0.87,0.89,0.92,0.75,0.75
1072,0.97,0.99,0.99,0.87,0.83,0.83,0.75,0.75
1073,0.96,0.98,0.99,0.87,0.94,0.92,0.62,0.75
1074,0.96,0.99,0.99,0.87,0.83,0.83,0.75,0.75
1075,0.96,0.98,0.99,0.87,0.83,0.83,0.75,0.75
1076,0.96,0.98,0.99,0.87,0.89,0.92,0.75,0.88
1077,0.96,0.98,0.99,0.87,0.89,0.83,0.75,0.88
1078,0.95,0.98,0.99,0.87,0.83,0.92,0.75,0.88
1079,0.95,0.98,0.99,0.87,0.83,0.92,0.75,0.88
1080,0.95,0.98,0.99,0.89,0.83,0.83,0.75,0.88
1081,0.95,0.98,0.99,0.89,0.89,0.92,0.75,0.88
1082,0.94,0.98,0.98,0.85,0.94,1.0,0.62,0.75
1083,0.94,0.98,0.98,0.87,0.83,0.92,0.75,0.88
1084,0.94,0.99,0.99,0.89,0.83,0.83,0.62,0.88
1085,0.94,0.98,0.98,0.87,0.83,0.92,0.75,0.75
1086,0.94,0.98,0.98,0.87,0.83,0.92,0.75,0.88
1087,0.93,0.98,0.99,0.89,0.89,0.83,0.5,0.75
1088,0.94,0.97,0.98,0.87,0.89,0.92,0.75,0.88
1089,0.94,0.98,0.97,0.87,0.83,0.83,0.75,0.88
1090,0.94,0.98,0.98,0.89,0.83,0.83,0.75,0.88
1091,0.93,0.97,0.97,0.87,0.89,0.92,0.62,0.75
1092,0.94,0.98,0.97,0.89,0.83,0.83,0.62,0.88
1093,0.93,0.98,0.96,0.87,0.89,0.92,0.75,0.75
1094,0.93,0.98,0.97,0.89,0.83,0.83,0.62,0.88
1095,0.93,0.97,0.96,0.87,0.83,0.92,0.75,0.88
1096,0.93,0.97,0.96,0.87,0.89,0.92,0.75,0.88
1097,0.94,0.97,0.96,0.87,0.89,0.92,0.75,0.75
1098,0.93,0.97,0.96,0.87,0.89,0.92,0.75,0.88
1099,0.93,0.97,0.96,0.89,0.89,0.83,0.75,0.88
1100,0.93,0.98,0.96,0.89,0.89,0.83,0.62,0.88
1101,0.92,0.97,0.96,0.87,0.94,0.92,0.75,0.88
1102,0.92,0.97,0.97,0.89,0.89,0.83,0.62,0.75
1103,0.92,0.97,0.96,0.89,0.89,0.83,0.62,0.88
1104,0.92,0.97,0.96,0.87,0.89,0.92,0.75,0.75
1105,0.93,0.97,0.96,0.91,0.94,0.83,0.38,0.62
1106,0.93,0.98,0.96,0.91,0.89,0.75,0.5,0.75
1107,0.92,0.97,0.96,0.89,0.89,0.83,0.62,0.88
1108,0.92,0.97,0.96,0.89,0.83,0.75,0.62,0.88
1109,0.91,0.97,0.96,0.89,0.83,0.75,0.62,0.88
1110,0.91,0.97,0.95,0.89,0.89,0.83,0.75,0.88
1111,0.91,0.96,0.95,0.87,0.89,0.92,0.62,0.75
1112,0.91,0.97,0.96,0.89,0.83,0.75,0.62,0.88
1113,0.9,0.96,0.96,0.89,0.89,0.83,0.62,0.75
1114,0.91,0.97,0.96,0.91,0.89,0.75,0.62,0.88
1115,0.92,0.97,0.95,0.89,0.83,0.75,0.75,0.88
1116,0.91,0.96,0.96,0.91,0.89,0.83,0.62,0.75
1117,0.9,0.96,0.95,0.89,0.83,0.83,0.62,0.88
1118,0.91,0.96,0.96,0.91,0.83,0.75,0.62,0.75
1119,0.9,0.96,0.96,0.89,0.83,0.83,0.62,0.88
1120,0.9,0.96,0.96,0.91,0.89,0.83,0.5,0.62
1121,0.9,0.96,0.95,0.91,0.83,0.83,0.62,0.75
1122,0.91,0.96,0.96,0.91,0.89,0.75,0.62,0.75
1123,0.91,0.95,0.95,0.91,0.83,0.83,0.62,0.75
1124,0.91,0.97,0.96,0.91,0.83,0.75,0.62,0.75
1125,0.9,0.96,0.96,0.93,0.89,0.83,0.38,0.62
1126,0.91,0.96,0.96,0.89,0.83,0.83,0.75,0.88
1127,0.91,0.96,0.96,0.91,0.89,0.83,0.62,0.88
1128,0.91,0.96,0.96,0.91,0.83,0.75,0.62,0.75
1129,0.91,0.96,0.96,0.91,0.83,0.83,0.62,0.75
1130,0.9,0.96,0.96,0.91,0.89,0.83,0.5,0.62
1131,0.91,0.95,0.96,0.89,0.83,0.83,0.75,0.75
1132,0.91,0.95,0.96,0.91,0.89,0.83,0.62,0.75
1133,0.89,0.94,0.98,0.93,0.94,0.83,0.38,0.5
1134,0.91,0.97,0.96,0.93,0.89,0.75,0.62,0.75
1135,0.92,0.96,0.96,0.89,0.89,0.83,0.62,0.88
1136,0.92,0.96,0.96,0.91,0.89,0.75,0.62,0.88
1137,0.91,0.97,0.96,0.91,0.89,0.83,0.75,0.75
1138,0.91,0.96,0.96,0.91,0.83,0.83,0.62,0.88
1139,0.92,0.95,0.96,0.91,0.89,0.83,0.75,0.75
1140,0.92,0.97,0.96,0.91,0.83,0.75,0.62,0.75
1141,0.94,0.97,0.96,0.89,0.83,0.75,0.62,0.75
1142,0.92,0.96,0.96,0.91,0.83,0.75,0.62,0.75
1143,0.92,0.96,0.97,0.91,0.89,0.75,0.62,0.75
1144,0.91,0.96,0.97,0.91,0.89,0.75,0.62,0.75
1145,0.92,0.96,0.96,0.89,0.83,0.83,0.62,0.75
1146,0.91,0.96,0.98,0.93,0.89,0.83,0.5,0.62
1147,0.94,0.97,0.97,0.91,0.89,0.75,0.62,0.75
1148,0.91,0.96,0.97,0.89,0.89,0.83,0.75,0.75
1149,0.92,0.96,0.97,0.93,0.94,0.83,0.5,0.75
1150,0.92,0.96,0.97,0.91,0.89,0.75,0.75,0.88
1151,0.92,0.96,0.97,0.91,0.89,0.75,0.62,0.88
1152,0.93,0.97,0.97,0.93,0.89,0.83,0.38,0.62
1153,0.92,0.96,0.96,0.89,0.89,0.83,0.75,0.88
1154,0.92,0.96,0.97,0.91,0.89,0.83,0.62,0.88
1155,0.92,0.97,0.97,0.91,0.89,0.75,0.62,0.88
1156,0.93,0.96,0.97,0.91,0.89,0.83,0.62,0.88
1157,0.93,0.97,0.97,0.91,0.89,0.75,0.75,0.88
1158,0.93,0.96,0.98,0.89,0.94,0.83,0.75,0.88
1159,0.93,0.96,0.97,0.91,0.89,0.83,0.75,0.88
1160,0.93,0.96,0.98,0.91,0.89,0.83,0.75,0.88
1161,0.91,0.96,0.98,0.93,0.94,0.83,0.38,0.5
1162,0.93,0.97,0.98,0.91,0.89,0.83,0.62,0.88
1163,0.93,0.97,0.98,0.91,0.89,0.83,0.62,0.75
1164,0.93,0.97,0.97,0.91,0.89,0.67,0.75,0.88
1165,0.93,0.96,0.98,0.91,0.89,0.83,0.75,0.88
1166,0.93,0.97,0.98,0.91,0.94,0.83,0.62,0.88
1167,0.94,0.97,0.97,0.89,0.89,0.83,0.62,0.88
1168,0.93,0.97,0.98,0.91,0.94,0.83,0.62,0.75
1169,0.93,0.97,0.98,0.91,0.94,0.83,0.5,0.62
1170,0.93,0.97,0.98,0.91,0.89,0.75,0.62,0.75
1171,0.95,0.97,0.98,0.91,0.89,0.75,0.5,0.75
1172,0.92,0.97,0.98,0.91,0.94,0.83,0.38,0.62
1173,0.91,0.96,0.99,0.93,0.94,0.92,0.38,0.5
1174,0.93,0.97,0.98,0.89,0.89,0.75,0.75,0.88
1175,0.94,0.97,0.98,0.91,0.89,0.75,0.75,0.88
1176,0.93,0.97,0.98,0.89,0.89,0.83,0.75,0.88
1177,0.94,0.97,0.98,0.91,0.89,0.75,0.75,0.88
1178,0.93,0.97,0.99,0.91,0.89,0.83,0.5,0.62
1179,0.91,0.96,0.99,0.93,1.0,0.83,0.38,0.5
1180,0.94,0.97,0.98,0.91,0.94,0.75,0.62,0.75
1181,0.93,0.97,0.98,0.91,0.89,0.83,0.5,0.75
1182,0.94,0.97,0.98,0.89,0.89,0.75,0.75,0.88
1183,0.94,0.97,0.99,0.89,0.89,0.75,0.75,0.88
1184,0.93,0.97,0.98,0.89,0.89,0.75,0.75,0.88
1185,0.94,0.97,0.98,0.89,0.89,0.75,0.62,0.75
1186,0.94,0.97,0.99,0.89,0.89,0.67,0.75,0.88
1187,0.94,0.98,0.99,0.89,0.89,0.75,0.62,0.75
1188,0.94,0.98,0.99,0.89,0.89,0.75,0.62,0.75
1189,0.93,0.97,0.99,0.91,0.94,0.83,0.38,0.62
1190,0.94,0.97,0.99,0.91,0.94,0.83,0.5,0.62
1191,0.94,0.97,0.99,0.91,0.94,0.75,0.5,0.62
1192,0.94,0.98,0.99,0.89,0.89,0.83,0.5,0.75
1193,0.93,0.96,1.0,0.91,0.94,0.83,0.38,0.38
1194,0.94,0.98,0.98,0.87,0.94,0.83,0.75,0.75
1195,0.94,0.98,0.99,0.89,0.89,0.75,0.5,0.62
1196,0.98,0.99,0.99,0.87,0.89,0.75,0.75,0.88
1197,0.93,0.96,1.0,0.91,0.94,0.83,0.38,0.38
1198,0.97,0.98,1.0,0.89,0.89,0.75,0.5,0.62
1199,0.93,0.97,0.99,0.91,0.94,0.83,0.38,0.38
1200,0.95,0.98,0.99,0.89,0.94,0.75,0.5,0.75
1201,0.97,0.98,0.99,0.89,0.89,0.75,0.5,0.75
1202,0.96,0.98,0.98,0.87,0.89,0.75,0.75,0.75
1203,0.96,0.99,0.99,0.87,0.89,0.75,0.62,0.75
1204,0.95,0.99,0.98,0.89,0.94,0.75,0.38,0.5
1205,0.96,0.99,0.98,0.89,0.94,0.75,0.38,0.75
1206,0.96,0.99,0.98,0.89,0.89,0.75,0.5,0.75
1207,0.97,0.99,0.98,0.87,0.89,0.67,0.5,0.75
1208,0.98,0.98,0.98,0.89,0.94,0.75,0.5,0.62
1209,0.96,1.0,0.99,0.87,0.89,0.75,0.5,0.62
1210,0.96,1.0,0.98,0.87,0.89,0.75,0.5,0.62
1211,0.95,0.99,0.98,0.87,0.89,0.75,0.5,0.5
1212,0.95,1.0,0.98,0.89,0.89,0.75,0.5,0.62
1213,0.95,0.99,0.98,0.87,0.89,0.67,0.5,0.62
1214,0.94,0.97,0.99,0.91,1.0,0.83,0.38,0.25
1215,0.94,0.99,0.98,0.89,0.89,0.75,0.5,0.62
1216,0.94,0.99,0.98,0.87,0.83,0.67,0.62,0.75
1217,0.95,1.0,0.98,0.87,0.83,0.75,0.38,0.62
1218,0.94,1.0,0.98,0.87,0.89,0.75,0.38,0.5
1219,0.93,0.98,0.98,0.87,0.89,0.67,0.38,0.5
1220,0.93,0.99,0.98,0.87,0.89,0.75,0.25,0.5
1221,0.93,0.99,0.98,0.87,0.89,0.67,0.5,0.62
1222,0.93,0.99,0.97,0.87,0.83,0.75,0.38,0.5
1223,0.93,0.99,0.97,0.87,0.83,0.67,0.38,0.62
1224,0.93,0.98,0.98,0.89,0.89,0.75,0.25,0.5
1225,0.92,0.99,0.98,0.87,0.89,0.75,0.38,0.5
1226,0.92,0.98,0.97,0.87,0.89,0.67,0.38,0.5
1227,0.92,0.99,0.97,0.89,0.89,0.67,0.38,0.38
1228,0.93,0.99,0.96,0.87,0.83,0.67,0.38,0.62
1229,0.9,0.96,0.98,0.91,0.89,0.75,0.25,0.25
1230,0.91,0.99,0.96,0.87,0.83,0.67,0.5,0.5
1231,0.9,0.98,0.96,0.87,0.89,0.67,0.38,0.5
1232,0.93,0.98,0.96,0.87,0.83,0.67,0.5,0.62
1233,0.93,0.98,0.96,0.87,0.89,0.67,0.38,0.62
1234,0.91,0.98,0.96,0.87,0.83,0.67,0.25,0.5
1235,0.92,0.98,0.96,0.87,0.89,0.67,0.38,0.5
1236,0.92,0.98,0.96,0.85,0.83,0.67,0.5,0.75
1237,0.9,0.98,0.96,0.89,0.89,0.75,0.38,0.38
1238,0.92,0.97,0.96,0.87,0.89,0.75,0.25,0.5
1239,0.91,0.97,0.96,0.89,0.83,0.67,0.25,0.38
1240,0.89,0.95,0.97,0.89,0.89,0.83,0.38,0.38
1241,0.89,0.96,0.97,0.89,0.89,0.75,0.25,0.38
1242,0.89,0.96,0.97,0.89,0.94,0.75,0.38,0.38
1243,0.9,0.97,0.96,0.87,0.89,0.75,0.25,0.38
1244,0.91,0.97,0.96,0.87,0.89,0.67,0.25,0.38
1245,0.91,0.97,0.96,0.87,0.83,0.75,0.38,0.38
1246,0.91,0.97,0.96,0.87,0.83,0.67,0.5,0.62
1247,0.91,0.98,0.96,0.87,0.83,0.58,0.38,0.5
1248,0.9,0.97,0.96,0.89,0.83,0.67,0.38,0.5
1249,0.9,0.97,0.96,0.87,0.89,0.67,0.38,0.5
1250,0.88,0.95,0.97,0.91,0.89,0.75,0.25,0.25
1251,0.89,0.97,0.96,0.87,0.89,0.67,0.25,0.5
1252,0.89,0.97,0.96,0.89,0.89,0.67,0.25,0.38
1253,0.89,0.97,0.96,0.87,0.89,0.67,0.38,0.5
1254,0.88,0.97,0.96,0.87,0.83,0.67,0.25,0.38
1255,0.88,0.97,0.96,0.89,0.83,0.58,0.38,0.5
1256,0.87,0.94,0.97,0.91,0.89,0.75,0.38,0.25
1257,0.9,0.97,0.96,0.87,0.83,0.58,0.38,0.5
1258,0.88,0.96,0.96,0.89,0.89,0.67,0.25,0.38
1259,0.88,0.97,0.96,0.87,0.83,0.67,0.38,0.5
1260,0.88,0.96,0.96,0.89,0.83,0.67,0.25,0.38
1261,0.9,0.96,0.96,0.89,0.83,0.67,0.25,0.5
1262,0.9,0.95,0.96,0.87,0.83,0.67,0.25,0.5
1263,0.88,0.95,0.96,0.89,0.83,0.67,0.25,0.38
1264,0.88,0.95,0.96,0.89,0.83,0.67,0.25,0.38
1265,0.88,0.96,0.96,0.89,0.83,0.67,0.25,0.38
1266,0.89,0.96,0.96,0.87,0.78,0.58,0.5,0.62
1267,0.88,0.94,0.96,0.89,0.89,0.67,0.25,0.25
1268,0.88,0.93,0.97,0.91,0.89,0.75,0.25,0.25
1269,0.9,0.96,0.96,0.89,0.83,0.67,0.12,0.38
1270,0.87,0.94,0.97,0.89,0.89,0.67,0.25,0.25
1271,0.88,0.96,0.96,0.89,0.83,0.67,0.12,0.25
1272,0.88,0.95,0.96,0.89,0.83,0.67,0.25,0.38
1273,0.89,0.95,0.96,0.89,0.83,0.67,0.25,0.38
1274,0.89,0.96,0.96,0.89,0.83,0.58,0.12,0.38
1275,0.89,0.96,0.97,0.89,0.83,0.67,0.25,0.38
1276,0.89,0.95,0.97,0.89,0.83,0.58,0.25,0.38
1277,0.88,0.96,0.97,0.89,0.83,0.67,0.25,0.25
1278,0.89,0.96,0.97,0.89,0.83,0.67,0.12,0.38
1279,0.89,0.95,0.97,0.91,0.83,0.67,0.12,0.25
1280,0.89,0.96,0.97,0.89,0.83,0.67,0.25,0.38
1281,0.9,0.96,0.98,0.91,0.83,0.67,0.25,0.38
1282,0.91,0.96,0.97,0.89,0.83,0.67,0.25,0.38
1283,0.91,0.97,0.97,0.89,0.83,0.58,0.38,0.5
1284,0.9,0.93,0.98,0.93,0.89,0.67,0.25,0.25
1285,0.91,0.96,0.97,0.89,0.83,0.67,0.25,0.38
1286,0.89,0.95,0.98,0.91,0.83,0.67,0.12,0.25
1287,0.9,0.96,0.98,0.89,0.83,0.67,0.12,0.25
1288,0.9,0.96,0.98,0.89,0.83,0.58,0.12,0.25
1289,0.91,0.97,0.98,0.89,0.83,0.67,0.12,0.38
1290,0.91,0.96,0.97,0.89,0.83,0.58,0.25,0.25
1291,0.9,0.96,0.97,0.89,0.83,0.67,0.12,0.25
1292,0.9,0.96,0.98,0.89,0.83,0.67,0.12,0.25
1293,0.91,0.96,0.98,0.89,0.78,0.58,0.25,0.38
1294,0.9,0.95,0.98,0.89,0.83,0.67,0.12,0.25
1295,0.9,0.96,0.98,0.91,0.83,0.58,0.25,0.25
1296,0.89,0.93,0.98,0.91,0.83,0.75,0.25,0.25
1297,0.89,0.94,0.98,0.91,0.89,0.75,0.25,0.25
1298,0.9,0.97,0.98,0.89,0.83,0.67,0.12,0.25
1299,0.89,0.95,0.98,0.89,0.83,0.67,0.12,0.12
1300,0.92,0.95,0.98,0.91,0.83,0.67,0.12,0.25
1301,0.9,0.95,0.98,0.91,0.83,0.67,0.12,0.25
1302,0.93,0.96,0.97,0.89,0.83,0.67,0.25,0.38
1303,0.9,0.94,0.98,0.91,0.83,0.67,0.12,0.25
1304,0.91,0.97,0.97,0.89,0.78,0.5,0.25,0.5
1305,0.92,0.96,0.98,0.87,0.78,0.58,0.12,0.38
1306,0.89,0.93,0.98,0.91,0.89,0.67,0.25,0.25
1307,0.9,0.96,0.98,0.91,0.83,0.67,0.12,0.25
1308,0.91,0.96,0.98,0.89,0.78,0.58,0.25,0.25
1309,0.9,0.93,0.98,0.91,0.89,0.67,0.25,0.38
1310,0.92,0.97,0.98,0.89,0.83,0.58,0.12,0.25
1311,0.91,0.96,0.98,0.89,0.83,0.67,0.12,0.25
1312,0.93,0.96,0.98,0.89,0.83,0.58,0.25,0.25
1313,0.91,0.96,0.98,0.89,0.83,0.58,0.12,0.12
1314,0.93,0.95,0.99,0.89,0.83,0.67,0.12,0.25
1315,0.93,0.97,0.98,0.89,0.83,0.58,0.25,0.38
1316,0.93,0.96,0.98,0.89,0.83,0.58,0.25,0.38
1317,0.91,0.96,0.99,0.89,0.83,0.67,0.25,0.25
1318,0.92,0.96,0.99,0.89,0.78,0.58,0.12,0.25
1319,0.91,0.94,0.99,0.91,0.89,0.75,0.25,0.25
1320,0.93,0.98,0.98,0.89,0.78,0.58,0.25,0.38
1321,0.92,0.96,0.98,0.89,0.83,0.67,0.25,0.25
1322,0.92,0.97,0.98,0.89,0.83,0.58,0.12,0.25
1323,0.92,0.97,0.98,0.89,0.83,0.58,0.12,0.25
1324,0.93,0.97,0.98,0.89,0.78,0.58,0.25,0.38
1325,0.93,0.97,0.98,0.89,0.78,0.58,0.12,0.25
1326,0.93,0.97,0.98,0.89,0.83,0.67,0.25,0.25
1327,0.92,0.97,0.98,0.89,0.78,0.58,0.12,0.25
1328,0.93,0.97,0.98,0.89,0.83,0.67,0.25,0.25
1329,0.91,0.96,0.98,0.89,0.83,0.67,0.12,0.12
1330,0.91,0.96,0.98,0.89,0.83,0.67,0.12,0.12
1331,0.92,0.98,0.98,0.89,0.78,0.58,0.12,0.25
1332,0.91,0.96,0.98,0.89,0.83,0.67,0.12,0.12
1333,0.92,0.97,0.98,0.89,0.83,0.58,0.12,0.25
1334,0.9,0.95,0.98,0.91,0.89,0.67,0.25,0.25
1335,0.92,0.98,0.98,0.89,0.78,0.58,0.12,0.12
1336,0.91,0.94,0.98,0.91,0.83,0.75,0.25,0.25
1337,0.92,0.97,0.98,0.89,0.83,0.58,0.12,0.25
1338,0.92,0.97,0.98,0.89,0.83,0.58,0.12,0.12
1339,0.91,0.97,0.98,0.89,0.78,0.58,0.12,0.25
1340,0.91,0.97,0.97,0.89,0.83,0.58,0.25,0.25
1341,0.92,0.96,0.98,0.89,0.83,0.58,0.12,0.12
1342,0.91,0.96,0.98,0.89,0.78,0.58,0.12,0.12
1343,0.91,0.97,0.98,0.89,0.83,0.67,0.12,0.12
1344,0.91,0.97,0.98,0.87,0.78,0.58,0.12,0.12
1345,0.91,0.97,0.98,0.87,0.83,0.58,0.12,0.12
1346,0.92,0.97,0.98,0.87,0.78,0.58,0.25,0.25
1347,0.9,0.96,0.98,0.87,0.78,0.58,0.12,0.12
1348,0.91,0.96,0.98,0.89,0.78,0.67,0.12,0.12
1349,0.92,0.96,0.98,0.87,0.78,0.67,0.12,0.25
1350,0.91,0.97,0.97,0.87,0.78,0.58,0.12,0.25
1351,0.91,0.97,0.98,0.87,0.78,0.58,0.12,0.25
1352,0.91,0.97,0.97,0.89,0.78,0.67,0.12,0.12
1353,0.9,0.96,0.98,0.87,0.83,0.67,0.12,0.25
1354,0.91,0.97,0.98,0.87,0.83,0.58,0.12,0.25
1355,0.9,0.95,0.97,0.89,0.83,0.67,0.25,0.12
1356,0.92,0.98,0.97,0.87,0.78,0.58,0.25,0.38
1357,0.94,0.97,0.97,0.87,0.78,0.58,0.12,0.25
1358,0.91,0.97,0.97,0.87,0.78,0.58,0.12,0.25
1359,0.91,0.97,0.96,0.85,0.83,0.58,0.12,0.25
1360,0.9,0.95,0.97,0.89,0.89,0.67,0.25,0.25
1361,0.89,0.95,0.97,0.87,0.83,0.67,0.25,0.12
1362,0.9,0.96,0.97,0.87,0.78,0.67,0.12,0.12
1363,0.91,0.97,0.96,0.87,0.83,0.67,0.12,0.12
1364,0.9,0.96,0.97,0.87,0.78,0.67,0.12,0.12
1365,0.89,0.95,0.96,0.87,0.83,0.67,0.25,0.25
1366,0.9,0.97,0.96,0.85,0.78,0.67,0.12,0.12
1367,0.9,0.97,0.96,0.85,0.78,0.58,0.12,0.25
1368,0.92,0.97,0.95,0.85,0.78,0.58,0.12,0.25
1369,0.89,0.96,0.96,0.87,0.78,0.67,0.12,0.12
1370,0.91,0.97,0.95,0.85,0.78,0.5,0.25,0.38
1371,0.89,0.97,0.96,0.85,0.78,0.67,0.12,0.12
1372,0.89,0.96,0.95,0.85,0.78,0.58,0.12,0.25
1373,0.9,0.94,0.95,0.87,0.83,0.67,0.12,0.12
1374,0.89,0.96,0.95,0.83,0.78,0.58,0.12,0.25
1375,0.88,0.95,0.95,0.85,0.83,0.58,0.12,0.25
1376,0.88,0.93,0.95,0.85,0.83,0.67,0.12,0.25
1377,0.88,0.94,0.95,0.85,0.83,0.75,0.25,0.25
1378,0.88,0.94,0.94,0.85,0.83,0.67,0.12,0.25
1379,0.88,0.95,0.95,0.85,0.78,0.58,0.12,0.12
1380,0.88,0.95,0.94,0.85,0.83,0.58,0.12,0.12
1381,0.88,0.94,0.94,0.83,0.83,0.58,0.12,0.12
1382,0.88,0.95,0.94,0.85,0.78,0.67,0.12,0.12
1383,0.88,0.95,0.94,0.83,0.78,0.58,0.0,0.12
1384,0.88,0.95,0.93,0.83,0.78,0.58,0.12,0.12
1385,0.89,0.93,0.93,0.83,0.83,0.67,0.12,0.25
1386,0.88,0.93,0.93,0.83,0.83,0.67,0.12,0.12
1387,0.88,0.94,0.93,0.83,0.78,0.58,0.12,0.12
1388,0.88,0.93,0.92,0.83,0.83,0.67,0.12,0.25
1389,0.88,0.94,0.92,0.81,0.78,0.58,0.12,0.12
1390,0.88,0.94,0.92,0.81,0.78,0.58,0.12,0.12
1391,0.87,0.94,0.92,0.83,0.78,0.58,0.12,0.12
1392,0.86,0.94,0.92,0.81,0.78,0.58,0.12,0.12
1393,0.88,0.94,0.92,0.81,0.78,0.5,0.12,0.12
1394,0.86,0.93,0.92,0.81,0.78,0.67,0.12,0.12
1395,0.86,0.92,0.92,0.83,0.83,0.67,0.12,0.25
1396,0.88,0.94,0.91,0.81,0.78,0.58,0.0,0.25
1397,0.85,0.93,0.91,0.81,0.83,0.58,0.12,0.12
1398,0.86,0.93,0.92,0.81,0.83,0.58,0.12,0.12
1399,0.85,0.92,0.91,0.81,0.78,0.58,0.0,0.12
1400,0.84,0.92,0.91,0.81,0.78,0.58,0.12,0.12
1401,0.84,0.92,0.91,0.81,0.83,0.67,0.12,0.25
1402,0.85,0.92,0.91,0.8,0.83,0.58,0.12,0.0
1403,0.85,0.92,0.9,0.81,0.83,0.58,0.12,0.12
1404,0.84,0.92,0.9,0.81,0.78,0.58,0.12,0.0
1405,0.83,0.92,0.9,0.81,0.78,0.58,0.12,0.12
1406,0.84,0.92,0.89,0.8,0.78,0.58,0.0,0.12
1407,0.84,0.92,0.89,0.8,0.78,0.58,0.12,0.12
1408,0.84,0.92,0.89,0.8,0.78,0.58,0.0,0.12
1409,0.83,0.92,0.89,0.8,0.78,0.58,0.0,0.12
1410,0.84,0.92,0.89,0.8,0.78,0.5,0.0,0.0
1411,0.83,0.92,0.89,0.8,0.78,0.58,0.12,0.12
1412,0.82,0.91,0.88,0.81,0.78,0.58,0.0,0.12
1413,0.82,0.91,0.88,0.8,0.78,0.58,0.12,0.12
1414,0.81,0.91,0.88,0.81,0.83,0.67,0.12,0.12
1415,0.81,0.91,0.88,0.8,0.78,0.58,0.12,0.0
1416,0.81,0.91,0.87,0.8,0.78,0.58,0.0,0.12
1417,0.81,0.89,0.87,0.81,0.83,0.58,0.25,0.25
1418,0.8,0.91,0.86,0.8,0.78,0.58,0.0,0.12
1419,0.8,0.89,0.86,0.81,0.78,0.67,0.12,0.12
1420,0.79,0.88,0.86,0.8,0.83,0.67,0.25,0.12
1421,0.79,0.9,0.86,0.8,0.78,0.58,0.12,0.12
1422,0.8,0.88,0.86,0.8,0.78,0.58,0.12,0.12
1423,0.79,0.88,0.85,0.8,0.83,0.67,0.25,0.25
1424,0.78,0.88,0.86,0.8,0.83,0.58,0.12,0.12
1425,0.78,0.89,0.85,0.78,0.78,0.58,0.12,0.0
1426,0.78,0.88,0.85,0.78,0.78,0.58,0.12,0.12
1427,0.78,0.89,0.85,0.78,0.78,0.58,0.12,0.12
1428,0.77,0.88,0.85,0.8,0.83,0.67,0.12,0.12
1429,0.77,0.86,0.83,0.8,0.83,0.67,0.12,0.25
1430,0.78,0.87,0.85,0.78,0.78,0.58,0.12,0.12
1431,0.76,0.88,0.83,0.78,0.78,0.58,0.12,0.12
1432,0.76,0.86,0.83,0.78,0.83,0.67,0.12,0.25
1433,0.76,0.87,0.83,0.78,0.78,0.58,0.12,0.12
1434,0.76,0.87,0.83,0.78,0.78,0.58,0.12,0.12
1435,0.75,0.86,0.83,0.78,0.78,0.58,0.12,0.12
1436,0.75,0.86,0.82,0.78,0.78,0.58,0.12,0.12
1437,0.74,0.86,0.82,0.8,0.78,0.58,0.12,0.0
1438,0.77,0.86,0.82,0.78,0.78,0.58,0.12,0.0
1439,0.74,0.85,0.81,0.78,0.83,0.58,0.12,0.12
1440,0.74,0.84,0.8,0.8,0.83,0.67,0.12,0.25
1441,0.73,0.84,0.8,0.8,0.83,0.58,0.12,0.12
1442,0.74,0.84,0.8,0.8,0.78,0.58,0.12,0.12
1443,0.72,0.85,0.8,0.78,0.83,0.58,0.12,0.12
1444,0.72,0.84,0.79,0.8,0.78,0.58,0.12,0.25
1445,0.72,0.84,0.79,0.8,0.83,0.58,0.12,0.12
1446,0.72,0.84,0.79,0.78,0.78,0.58,0.0,0.12
1447,0.71,0.83,0.79,0.8,0.83,0.67,0.12,0.25
1448,0.71,0.84,0.78,0.8,0.78,0.58,0.0,0.12
1449,0.71,0.82,0.78,0.8,0.83,0.58,0.12,0.12
1450,0.7,0.82,0.77,0.78,0.78,0.58,0.0,0.0
1451,0.7,0.81,0.77,0.8,0.78,0.67,0.12,0.25
1452,0.7,0.81,0.76,0.78,0.78,0.58,0.12,0.0
1453,0.71,0.82,0.76,0.78,0.78,0.5,0.12,0.12
1454,0.68,0.81,0.76,0.78,0.83,0.58,0.0,0.0
1455,0.67,0.81,0.76,0.78,0.78,0.58,0.12,0.0
1456,0.68,0.81,0.76,0.8,0.83,0.58,0.12,0.12
1457,0.67,0.8,0.75,0.8,0.78,0.58,0.12,0.12
1458,0.66,0.8,0.75,0.78,0.78,0.58,0.12,0.12
1459,0.66,0.79,0.75,0.8,0.78,0.58,0.0,0.0
1460,0.66,0.8,0.74,0.78,0.78,0.5,0.0,0.12
1461,0.65,0.79,0.73,0.78,0.78,0.5,0.12,0.12
1462,0.65,0.79,0.73,0.8,0.78,0.58,0.0,0.0
1463,0.66,0.78,0.73,0.8,0.78,0.58,0.12,0.12
1464,0.65,0.77,0.72,0.78,0.78,0.67,0.25,0.25
1465,0.64,0.77,0.72,0.8,0.78,0.58,0.12,0.12
1466,0.64,0.77,0.72,0.8,0.78,0.58,0.12,0.12
1467,0.63,0.76,0.72,0.78,0.78,0.58,0.12,0.12
1468,0.63,0.76,0.71,0.8,0.78,0.58,0.12,0.12
1469,0.64,0.77,0.71,0.8,0.72,0.5,0.0,0.0
1470,0.63,0.75,0.7,0.81,0.72,0.58,0.12,0.0
1471,0.63,0.75,0.69,0.78,0.83,0.58,0.12,0.25
1472,0.62,0.75,0.7,0.8,0.72,0.58,0.0,0.12
1473,0.61,0.76,0.69,0.8,0.78,0.5,0.0,0.0
1474,0.62,0.75,0.69,0.8,0.72,0.58,0.0,0.12
1475,0.61,0.75,0.69,0.81,0.78,0.58,0.12,0.12
1476,0.61,0.75,0.69,0.8,0.78,0.58,0.12,0.12
1477,0.6,0.75,0.69,0.8,0.72,0.58,0.0,0.12
1478,0.6,0.74,0.68,0.81,0.78,0.5,0.12,0.12
1479,0.6,0.74,0.67,0.81,0.72,0.58,0.0,0.12
1480,0.59,0.75,0.67,0.8,0.72,0.5,0.0,0.12
1481,0.59,0.73,0.67,0.81,0.78,0.58,0.0,0.12
1482,0.58,0.73,0.66,0.81,0.72,0.5,0.12,0.12
1483,0.58,0.73,0.66,0.8,0.72,0.58,0.12,0.12
1484,0.58,0.74,0.66,0.8,0.72,0.42,0.0,0.12
1485,0.57,0.72,0.65,0.8,0.67,0.5,0.12,0.0
1486,0.56,0.71,0.64,0.8,0.72,0.5,0.12,0.12
1487,0.57,0.72,0.63,0.78,0.78,0.58,0.12,0.25
1488,0.56,0.71,0.64,0.81,0.72,0.42,0.0,0.12
1489,0.57,0.7,0.64,0.81,0.78,0.58,0.12,0.12
1490,0.55,0.7,0.64,0.8,0.72,0.5,0.0,0.12
1491,0.55,0.7,0.63,0.81,0.72,0.58,0.12,0.12
1492,0.54,0.69,0.63,0.81,0.67,0.5,0.12,0.12
1493,0.55,0.69,0.63,0.8,0.72,0.5,0.0,0.0
1494,0.54,0.69,0.62,0.81,0.72,0.5,0.12,0.12
1495,0.54,0.68,0.61,0.81,0.72,0.5,0.12,0.12
1496,0.53,0.68,0.62,0.81,0.67,0.42,0.12,0.0
1497,0.55,0.68,0.62,0.81,0.67,0.5,0.12,0.0
1498,0.52,0.68,0.6,0.8,0.67,0.5,0.0,0.12
1499,0.52,0.68,0.6,0.81,0.72,0.5,0.12,0.12
