0,0.0,0.02,0.01,0.0,0.6,0.66,0.7,0.71
1,0.02,0.02,0.0,0.0,0.53,0.64,0.65,0.68
2,0.0,0.01,0.01,0.03,0.53,0.66,0.73,0.65
3,0.05,0.03,0.0,0.0,0.53,0.66,0.67,0.65
4,0.02,0.0,0.0,0.01,0.53,0.66,0.67,0.65
5,0.07,0.01,0.01,0.02,0.6,0.71,0.7,0.73
6,0.02,0.01,0.0,0.01,0.53,0.68,0.7,0.65
7,0.0,0.01,0.01,0.02,0.56,0.66,0.65,0.65
8,0.02,0.02,0.0,0.03,0.53,0.71,0.73,0.68
9,0.0,0.03,0.01,0.03,0.53,0.66,0.7,0.68
10,0.0,0.03,0.0,0.03,0.56,0.68,0.7,0.65
11,0.02,0.02,0.01,0.03,0.53,0.66,0.7,0.63
12,0.02,0.02,0.01,0.03,0.6,0.73,0.73,0.71
13,0.02,0.02,0.0,0.03,0.53,0.66,0.73,0.68
14,0.02,0.02,0.01,0.04,0.53,0.66,0.73,0.68
15,0.02,0.01,0.01,0.03,0.53,0.68,0.73,0.68
16,0.02,0.02,0.01,0.04,0.53,0.66,0.7,0.73
17,0.02,0.02,0.01,0.04,0.56,0.66,0.7,0.68
18,0.05,0.02,0.01,0.04,0.53,0.66,0.67,0.71
19,0.02,0.01,0.01,0.04,0.6,0.68,0.7,0.73
20,0.05,0.01,0.01,0.06,0.53,0.71,0.67,0.68
21,0.02,0.01,0.01,0.05,0.64,0.66,0.73,0.65
22,0.02,0.02,0.02,0.06,0.6,0.73,0.78,0.73
23,0.05,0.02,0.01,0.06,0.6,0.68,0.73,0.68
24,0.05,0.01,0.01,0.06,0.6,0.73,0.7,0.73
25,0.02,0.02,0.01,0.07,0.6,0.73,0.75,0.65
26,0.05,0.01,0.01,0.06,0.6,0.73,0.78,0.73
27,0.02,0.03,0.01,0.07,0.6,0.66,0.75,0.78
28,0.07,0.03,0.01,0.07,0.6,0.68,0.75,0.73
29,0.1,0.02,0.02,0.09,0.64,0.73,0.78,0.73
30,0.05,0.02,0.02,0.1,0.6,0.73,0.78,0.71
31,0.07,0.02,0.02,0.1,0.6,0.73,0.78,0.8
32,0.07,0.02,0.01,0.1,0.64,0.73,0.78,0.73
33,0.1,0.02,0.02,0.12,0.6,0.73,0.78,0.78
34,0.05,0.02,0.02,0.12,0.7,0.73,0.75,0.73
35,0.05,0.02,0.02,0.12,0.6,0.73,0.78,0.75
36,0.05,0.03,0.02,0.13,0.67,0.78,0.84,0.78
37,0.05,0.02,0.02,0.12,0.64,0.73,0.84,0.78
38,0.05,0.03,0.02,0.13,0.7,0.73,0.84,0.78
39,0.07,0.04,0.02,0.13,0.7,0.73,0.84,0.78
40,0.07,0.02,0.02,0.13,0.67,0.73,0.84,0.78
41,0.07,0.02,0.02,0.15,0.7,0.73,0.81,0.83
42,0.07,0.02,0.02,0.16,0.7,0.78,0.89,0.83
43,0.1,0.02,0.02,0.16,0.7,0.78,0.84,0.83
44,0.07,0.03,0.03,0.18,0.7,0.81,0.84,0.83
45,0.07,0.04,0.04,0.18,0.77,0.83,0.89,0.9
46,0.07,0.03,0.02,0.18,0.77,0.78,0.89,0.83
47,0.07,0.03,0.03,0.18,0.77,0.78,0.94,0.88
48,0.07,0.03,0.04,0.2,0.77,0.83,0.89,0.85
49,0.07,0.03,0.03,0.21,0.77,0.78,0.89,0.83
50,0.12,0.03,0.03,0.2,0.77,0.83,0.89,0.88
51,0.07,0.04,0.03,0.2,0.77,0.83,0.89,0.83
52,0.1,0.04,0.03,0.22,0.77,0.83,0.89,0.88
53,0.1,0.04,0.03,0.21,0.77,0.83,0.89,0.9
54,0.12,0.03,0.04,0.23,0.8,0.83,0.92,0.9
55,0.1,0.03,0.04,0.24,0.83,0.85,0.97,0.9
56,0.1,0.04,0.04,0.24,0.83,0.83,0.94,0.85
57,0.07,0.03,0.03,0.24,0.83,0.83,0.92,0.85
58,0.07,0.04,0.03,0.26,0.77,0.85,0.97,0.9
59,0.07,0.03,0.04,0.24,0.77,0.85,0.94,0.85
60,0.07,0.04,0.05,0.27,0.87,0.85,0.92,0.85
61,0.07,0.04,0.04,0.27,0.83,0.83,0.89,0.9
62,0.1,0.04,0.04,0.28,0.77,0.91,0.92,0.9
63,0.07,0.04,0.04,0.28,0.87,0.91,0.92,0.9
64,0.07,0.04,0.04,0.29,0.83,0.91,0.92,0.9
65,0.1,0.04,0.04,0.29,0.87,0.85,0.92,0.9
66,0.1,0.04,0.05,0.29,0.87,0.91,0.92,0.9
67,0.07,0.04,0.04,0.3,0.9,0.91,0.92,0.9
68,0.07,0.04,0.04,0.31,0.83,0.91,0.92,0.9
69,0.07,0.04,0.05,0.31,0.87,0.85,0.92,0.93
70,0.07,0.04,0.04,0.31,0.87,0.85,0.92,0.85
71,0.1,0.04,0.04,0.32,0.93,0.91,0.97,0.9
72,0.12,0.04,0.05,0.32,0.87,0.91,0.92,0.9
73,0.07,0.04,0.06,0.34,0.93,0.91,0.97,0.93
74,0.07,0.04,0.05,0.34,0.87,0.91,0.92,0.93
75,0.07,0.04,0.05,0.35,0.87,0.91,0.92,0.93
76,0.1,0.03,0.05,0.37,0.87,0.91,0.92,0.93
77,0.07,0.04,0.05,0.37,0.87,0.91,0.92,0.85
78,0.1,0.04,0.05,0.37,0.93,0.91,0.97,0.93
79,0.12,0.04,0.05,0.37,0.87,0.91,0.92,0.93
80,0.1,0.04,0.05,0.38,0.9,0.91,0.92,0.85
81,0.05,0.04,0.04,0.37,0.87,0.91,0.86,0.9
82,0.12,0.05,0.05,0.38,0.87,0.93,0.92,0.93
83,0.07,0.04,0.05,0.4,0.97,0.98,0.92,0.93
84,0.07,0.05,0.04,0.4,0.97,0.93,0.95,0.87
85,0.05,0.05,0.05,0.4,0.87,0.91,0.92,0.93
86,0.05,0.04,0.05,0.41,0.97,0.96,0.95,0.93
87,0.07,0.04,0.04,0.4,0.97,0.91,0.92,0.93
88,0.05,0.04,0.05,0.41,0.97,0.93,0.89,0.87
89,0.07,0.03,0.04,0.41,0.9,0.91,0.92,0.93
90,0.05,0.05,0.05,0.42,0.9,0.93,0.92,0.87
91,0.05,0.03,0.05,0.42,0.9,0.93,0.95,0.93
92,0.1,0.04,0.05,0.43,0.97,0.98,0.92,0.98
93,0.07,0.04,0.04,0.43,0.9,0.93,0.89,0.87
94,0.12,0.05,0.05,0.42,0.9,0.93,0.95,0.93
95,0.05,0.04,0.04,0.43,0.9,0.93,0.89,0.93
96,0.05,0.05,0.05,0.43,0.9,0.87,0.92,0.87
97,0.1,0.05,0.05,0.44,0.9,0.93,0.95,0.93
98,0.05,0.03,0.04,0.43,0.9,0.93,0.89,0.93
99,0.07,0.05,0.05,0.46,0.9,0.98,0.89,0.87
100,0.05,0.03,0.05,0.44,0.9,0.98,0.95,0.93
101,0.05,0.05,0.05,0.44,0.97,0.93,0.95,0.87
102,0.07,0.05,0.04,0.46,0.97,0.98,0.95,0.93
103,0.05,0.05,0.05,0.46,0.9,0.93,0.89,0.87
104,0.05,0.04,0.05,0.46,0.97,0.98,0.89,0.93
105,0.05,0.05,0.05,0.47,0.9,0.93,0.89,0.87
106,0.05,0.05,0.04,0.47,0.84,0.93,0.86,0.9
107,0.07,0.04,0.05,0.47,0.9,0.93,0.86,0.87
108,0.05,0.05,0.05,0.47,0.9,0.93,0.89,0.87
109,0.05,0.05,0.05,0.49,0.93,0.95,0.89,0.93
110,0.05,0.05,0.04,0.49,0.9,0.93,0.95,0.87
111,0.05,0.05,0.05,0.47,0.9,0.87,0.81,0.83
112,0.05,0.05,0.05,0.5,0.97,0.93,0.95,0.87
113,0.05,0.05,0.05,0.49,0.9,0.93,0.89,0.87
114,0.05,0.04,0.04,0.49,0.93,0.93,0.89,0.85
115,0.05,0.05,0.05,0.5,0.93,0.93,0.89,0.87
116,0.02,0.04,0.04,0.5,0.93,0.98,0.89,0.93
117,0.1,0.03,0.04,0.5,0.93,0.87,0.89,0.87
118,0.05,0.05,0.04,0.5,0.87,0.93,0.86,0.8
119,0.05,0.05,0.05,0.5,0.93,0.93,0.89,0.83
120,0.05,0.05,0.05,0.52,0.97,0.93,0.81,0.87
121,0.02,0.04,0.04,0.5,0.84,0.93,0.86,0.87
122,0.05,0.03,0.04,0.52,0.93,0.93,0.86,0.87
123,0.05,0.05,0.04,0.5,0.9,0.93,0.86,0.85
124,0.05,0.04,0.05,0.52,0.9,0.93,0.86,0.87
125,0.05,0.04,0.05,0.5,0.9,0.93,0.89,0.85
126,0.07,0.04,0.04,0.52,0.84,0.93,0.86,0.87
127,0.02,0.05,0.05,0.52,0.9,0.93,0.86,0.93
128,0.05,0.05,0.04,0.53,0.9,0.93,0.81,0.87
129,0.02,0.04,0.05,0.52,0.84,0.93,0.86,0.87
130,0.02,0.04,0.05,0.53,0.93,0.93,0.86,0.87
131,0.05,0.05,0.05,0.53,0.9,0.87,0.81,0.87
132,0.02,0.05,0.04,0.54,0.84,0.93,0.86,0.87
133,0.02,0.05,0.05,0.54,0.9,0.87,0.86,0.93
134,0.05,0.05,0.04,0.54,0.9,0.87,0.78,0.85
135,0.1,0.06,0.04,0.54,0.87,0.93,0.86,0.87
136,0.05,0.04,0.04,0.54,0.84,0.87,0.86,0.85
137,0.02,0.04,0.04,0.54,0.84,0.87,0.86,0.85
138,0.02,0.04,0.04,0.54,0.84,0.87,0.78,0.8
139,0.02,0.05,0.04,0.54,0.9,0.87,0.86,0.85
140,0.05,0.04,0.04,0.55,0.84,0.87,0.81,0.8
141,0.05,0.04,0.04,0.57,0.9,0.87,0.86,0.87
142,0.07,0.04,0.04,0.54,0.84,0.87,0.78,0.85
143,0.05,0.04,0.05,0.56,0.84,0.87,0.86,0.85
144,0.02,0.04,0.04,0.57,0.84,0.85,0.81,0.8
145,0.02,0.04,0.04,0.56,0.87,0.87,0.81,0.85
146,0.02,0.04,0.04,0.57,0.84,0.85,0.81,0.8
147,0.02,0.04,0.04,0.57,0.84,0.87,0.81,0.8
148,0.05,0.05,0.04,0.56,0.84,0.87,0.76,0.8
149,0.02,0.04,0.04,0.57,0.84,0.85,0.73,0.85
150,0.02,0.04,0.04,0.55,0.84,0.85,0.81,0.85
151,0.02,0.05,0.04,0.57,0.84,0.87,0.81,0.8
152,0.02,0.04,0.04,0.57,0.77,0.87,0.78,0.85
153,0.05,0.04,0.03,0.57,0.84,0.83,0.81,0.85
154,0.1,0.05,0.04,0.58,0.84,0.87,0.78,0.85
155,0.02,0.04,0.04,0.57,0.77,0.87,0.81,0.8
156,0.05,0.04,0.04,0.58,0.9,0.85,0.81,0.85
157,0.02,0.04,0.04,0.58,0.84,0.85,0.73,0.8
158,0.02,0.04,0.04,0.57,0.84,0.83,0.73,0.8
159,0.02,0.04,0.04,0.57,0.77,0.83,0.73,0.8
160,0.02,0.04,0.03,0.57,0.77,0.87,0.73,0.8
161,0.02,0.04,0.04,0.58,0.77,0.83,0.73,0.8
162,0.02,0.04,0.04,0.57,0.77,0.87,0.73,0.78
163,0.02,0.05,0.04,0.58,0.77,0.83,0.73,0.8
164,0.02,0.05,0.04,0.6,0.84,0.85,0.73,0.78
165,0.02,0.04,0.04,0.6,0.84,0.81,0.76,0.8
166,0.02,0.04,0.03,0.58,0.77,0.83,0.73,0.8
167,0.02,0.04,0.03,0.58,0.77,0.81,0.73,0.8
168,0.02,0.04,0.04,0.58,0.84,0.83,0.76,0.78
169,0.02,0.05,0.04,0.58,0.77,0.81,0.76,0.75
170,0.02,0.05,0.03,0.58,0.77,0.83,0.73,0.8
171,0.05,0.04,0.04,0.61,0.77,0.83,0.67,0.8
172,0.02,0.04,0.03,0.61,0.77,0.81,0.73,0.78
173,0.02,0.04,0.03,0.6,0.84,0.76,0.73,0.75
174,0.02,0.05,0.03,0.6,0.77,0.83,0.73,0.75
175,0.07,0.04,0.03,0.6,0.77,0.83,0.76,0.78
176,0.02,0.04,0.03,0.6,0.77,0.83,0.73,0.78
177,0.02,0.05,0.03,0.61,0.84,0.83,0.67,0.8
178,0.02,0.04,0.03,0.61,0.77,0.81,0.67,0.75
179,0.02,0.04,0.03,0.61,0.84,0.81,0.73,0.8
180,0.05,0.05,0.03,0.61,0.77,0.81,0.73,0.75
181,0.02,0.04,0.03,0.61,0.77,0.81,0.73,0.78
182,0.0,0.04,0.03,0.61,0.73,0.81,0.7,0.73
183,0.05,0.05,0.03,0.61,0.77,0.81,0.67,0.75
184,0.02,0.05,0.03,0.61,0.77,0.81,0.67,0.75
185,0.02,0.04,0.04,0.62,0.77,0.83,0.73,0.78
186,0.05,0.04,0.04,0.62,0.73,0.76,0.73,0.8
187,0.02,0.05,0.04,0.62,0.77,0.83,0.73,0.73
188,0.02,0.04,0.03,0.62,0.73,0.76,0.67,0.78
189,0.02,0.04,0.03,0.63,0.73,0.76,0.67,0.73
190,0.02,0.04,0.03,0.63,0.77,0.81,0.67,0.73
191,0.05,0.03,0.03,0.63,0.73,0.81,0.7,0.8
192,0.02,0.04,0.03,0.63,0.77,0.76,0.67,0.73
193,0.0,0.04,0.03,0.63,0.73,0.76,0.67,0.75
194,0.02,0.04,0.03,0.62,0.77,0.81,0.73,0.73
195,0.05,0.05,0.04,0.63,0.73,0.76,0.73,0.75
196,0.02,0.05,0.03,0.63,0.77,0.78,0.67,0.73
197,0.02,0.04,0.03,0.62,0.77,0.76,0.65,0.73
198,0.05,0.05,0.03,0.63,0.73,0.76,0.67,0.73
199,0.05,0.04,0.04,0.63,0.77,0.78,0.65,0.68
200,0.02,0.04,0.03,0.63,0.77,0.76,0.67,0.73
201,0.02,0.04,0.03,0.63,0.77,0.78,0.7,0.73
202,0.02,0.04,0.03,0.63,0.77,0.76,0.73,0.73
203,0.0,0.04,0.03,0.63,0.73,0.76,0.73,0.75
204,0.02,0.04,0.03,0.63,0.7,0.76,0.67,0.73
205,0.0,0.04,0.03,0.63,0.77,0.7,0.67,0.7
206,0.02,0.04,0.03,0.63,0.77,0.76,0.7,0.73
207,0.02,0.04,0.03,0.63,0.77,0.76,0.65,0.73
208,0.07,0.05,0.03,0.63,0.67,0.76,0.67,0.73
209,0.02,0.04,0.03,0.63,0.67,0.76,0.67,0.73
210,0.02,0.04,0.03,0.62,0.73,0.76,0.7,0.73
211,0.02,0.04,0.03,0.63,0.7,0.76,0.67,0.73
212,0.05,0.04,0.03,0.62,0.73,0.76,0.65,0.73
213,0.0,0.05,0.03,0.63,0.73,0.76,0.65,0.73
214,0.02,0.06,0.02,0.63,0.77,0.76,0.67,0.73
215,0.0,0.04,0.03,0.64,0.73,0.76,0.67,0.73
216,0.05,0.04,0.03,0.63,0.73,0.76,0.67,0.75
217,0.0,0.04,0.03,0.64,0.67,0.76,0.67,0.68
218,0.0,0.04,0.03,0.64,0.73,0.76,0.65,0.68
219,0.0,0.04,0.03,0.64,0.73,0.76,0.65,0.73
220,0.02,0.05,0.03,0.64,0.77,0.76,0.67,0.73
221,0.0,0.04,0.03,0.63,0.73,0.76,0.67,0.75
222,0.05,0.05,0.03,0.64,0.73,0.76,0.73,0.68
223,0.0,0.04,0.04,0.63,0.7,0.76,0.67,0.68
224,0.05,0.05,0.03,0.64,0.77,0.76,0.65,0.73
225,0.02,0.05,0.03,0.64,0.77,0.76,0.65,0.68
226,0.0,0.05,0.03,0.62,0.67,0.76,0.65,0.73
227,0.05,0.05,0.03,0.64,0.77,0.76,0.67,0.68
228,0.02,0.05,0.03,0.64,0.7,0.76,0.65,0.68
229,0.02,0.04,0.03,0.64,0.7,0.76,0.65,0.73
230,0.02,0.04,0.03,0.64,0.67,0.7,0.61,0.68
231,0.0,0.05,0.03,0.64,0.67,0.7,0.65,0.68
232,0.02,0.05,0.03,0.64,0.67,0.7,0.59,0.68
233,0.0,0.05,0.03,0.64,0.73,0.7,0.67,0.68
234,0.0,0.05,0.03,0.64,0.7,0.7,0.65,0.68
235,0.0,0.03,0.03,0.65,0.7,0.76,0.67,0.73
236,0.02,0.05,0.03,0.65,0.7,0.76,0.67,0.68
237,0.0,0.05,0.03,0.65,0.67,0.7,0.65,0.68
238,0.0,0.05,0.03,0.64,0.67,0.7,0.67,0.68
239,0.0,0.05,0.03,0.65,0.67,0.7,0.67,0.68
240,0.0,0.04,0.04,0.64,0.67,0.68,0.65,0.7
241,0.0,0.05,0.04,0.64,0.7,0.7,0.65,0.68
242,0.02,0.04,0.03,0.65,0.67,0.7,0.65,0.68
243,0.0,0.05,0.03,0.65,0.77,0.7,0.65,0.68
244,0.07,0.05,0.03,0.65,0.67,0.7,0.65,0.68
245,0.0,0.04,0.04,0.65,0.67,0.7,0.67,0.68
246,0.0,0.05,0.03,0.65,0.67,0.7,0.65,0.68
247,0.0,0.05,0.02,0.65,0.7,0.7,0.59,0.68
248,0.0,0.05,0.03,0.67,0.7,0.7,0.67,0.68
249,0.02,0.05,0.03,0.65,0.67,0.76,0.65,0.68
250,0.0,0.04,0.03,0.65,0.7,0.7,0.65,0.68
251,0.02,0.04,0.03,0.67,0.67,0.7,0.67,0.68
252,0.0,0.05,0.03,0.67,0.73,0.7,0.59,0.68
253,0.0,0.04,0.03,0.65,0.67,0.7,0.61,0.68
254,0.05,0.04,0.03,0.67,0.67,0.7,0.65,0.68
255,0.0,0.04,0.04,0.67,0.67,0.7,0.65,0.68
256,0.0,0.04,0.03,0.67,0.67,0.68,0.65,0.68
257,0.0,0.04,0.03,0.67,0.67,0.7,0.65,0.68
258,0.0,0.04,0.03,0.67,0.67,0.7,0.67,0.68
259,0.02,0.05,0.03,0.67,0.67,0.7,0.65,0.68
260,0.0,0.05,0.03,0.67,0.67,0.7,0.65,0.68
261,0.0,0.05,0.04,0.67,0.67,0.7,0.65,0.65
262,0.0,0.06,0.03,0.67,0.67,0.68,0.67,0.68
263,0.0,0.06,0.04,0.67,0.67,0.7,0.65,0.68
264,0.02,0.04,0.03,0.67,0.67,0.66,0.61,0.63
265,0.0,0.04,0.03,0.67,0.67,0.7,0.65,0.6
266,0.07,0.05,0.03,0.68,0.67,0.7,0.67,0.63
267,0.02,0.05,0.03,0.7,0.67,0.7,0.65,0.68
268,0.05,0.05,0.03,0.68,0.67,0.66,0.65,0.68
269,0.05,0.05,0.03,0.68,0.67,0.68,0.67,0.65
270,0.02,0.04,0.03,0.68,0.67,0.7,0.61,0.68
271,0.0,0.04,0.03,0.68,0.67,0.7,0.67,0.65
272,0.02,0.05,0.03,0.67,0.67,0.68,0.59,0.68
273,0.0,0.05,0.03,0.7,0.6,0.68,0.59,0.63
274,0.02,0.05,0.03,0.68,0.67,0.7,0.65,0.63
275,0.0,0.05,0.03,0.7,0.67,0.7,0.65,0.63
276,0.0,0.05,0.04,0.68,0.67,0.7,0.67,0.65
277,0.02,0.05,0.03,0.68,0.67,0.7,0.59,0.68
278,0.02,0.05,0.03,0.68,0.67,0.68,0.59,0.65
279,0.05,0.05,0.04,0.68,0.67,0.68,0.59,0.68
280,0.02,0.06,0.04,0.68,0.67,0.63,0.65,0.65
281,0.07,0.04,0.04,0.68,0.67,0.7,0.65,0.63
282,0.02,0.04,0.03,0.68,0.67,0.7,0.59,0.68
283,0.05,0.05,0.04,0.68,0.67,0.68,0.59,0.63
284,0.02,0.04,0.04,0.71,0.67,0.68,0.59,0.65
285,0.02,0.04,0.04,0.71,0.67,0.7,0.59,0.6
286,0.02,0.05,0.04,0.71,0.6,0.68,0.65,0.6
287,0.02,0.05,0.04,0.71,0.6,0.7,0.65,0.63
288,0.02,0.05,0.04,0.71,0.67,0.63,0.59,0.65
289,0.02,0.04,0.04,0.71,0.67,0.66,0.59,0.6
290,0.02,0.06,0.04,0.7,0.67,0.66,0.65,0.63
291,0.1,0.05,0.04,0.71,0.67,0.7,0.65,0.68
292,0.07,0.05,0.04,0.71,0.6,0.66,0.65,0.6
293,0.02,0.06,0.05,0.71,0.6,0.68,0.59,0.6
294,0.02,0.06,0.04,0.71,0.6,0.66,0.59,0.63
295,0.05,0.05,0.06,0.7,0.67,0.66,0.59,0.63
296,0.05,0.06,0.05,0.68,0.67,0.63,0.65,0.65
297,0.05,0.06,0.05,0.71,0.67,0.66,0.59,0.63
298,0.05,0.05,0.05,0.7,0.63,0.63,0.59,0.6
299,0.05,0.06,0.06,0.7,0.6,0.63,0.59,0.6
300,0.07,0.06,0.06,0.73,0.6,0.63,0.59,0.63
301,0.07,0.07,0.06,0.71,0.6,0.63,0.65,0.6
302,0.12,0.07,0.06,0.73,0.6,0.63,0.65,0.6
303,0.1,0.06,0.07,0.7,0.67,0.63,0.59,0.65
304,0.1,0.07,0.07,0.71,0.6,0.63,0.65,0.6
305,0.12,0.08,0.08,0.71,0.67,0.63,0.59,0.6
306,0.12,0.07,0.07,0.71,0.67,0.63,0.65,0.6
307,0.12,0.08,0.08,0.73,0.67,0.63,0.59,0.6
308,0.12,0.06,0.08,0.73,0.6,0.63,0.61,0.6
309,0.12,0.07,0.08,0.71,0.67,0.66,0.59,0.6
310,0.12,0.08,0.08,0.73,0.6,0.63,0.59,0.6
311,0.12,0.08,0.08,0.71,0.67,0.63,0.59,0.65
312,0.14,0.08,0.09,0.73,0.6,0.63,0.59,0.63
313,0.12,0.08,0.09,0.73,0.6,0.63,0.59,0.6
314,0.14,0.08,0.09,0.73,0.6,0.63,0.59,0.6
315,0.14,0.1,0.09,0.73,0.6,0.63,0.59,0.63
316,0.17,0.09,0.1,0.73,0.67,0.66,0.59,0.63
317,0.14,0.1,0.09,0.73,0.6,0.63,0.59,0.6
318,0.14,0.1,0.1,0.73,0.67,0.66,0.59,0.6
319,0.14,0.1,0.1,0.73,0.6,0.63,0.59,0.6
320,0.14,0.1,0.1,0.73,0.6,0.63,0.59,0.63
321,0.14,0.1,0.11,0.73,0.67,0.63,0.65,0.65
322,0.14,0.1,0.1,0.73,0.6,0.63,0.59,0.6
323,0.17,0.11,0.11,0.73,0.6,0.63,0.59,0.6
324,0.14,0.1,0.11,0.73,0.67,0.63,0.59,0.6
325,0.14,0.11,0.11,0.73,0.6,0.63,0.59,0.6
326,0.17,0.1,0.11,0.73,0.6,0.63,0.59,0.63
327,0.17,0.11,0.11,0.73,0.6,0.63,0.59,0.63
328,0.17,0.1,0.12,0.73,0.6,0.63,0.65,0.63
329,0.17,0.11,0.12,0.73,0.6,0.58,0.59,0.6
330,0.14,0.11,0.12,0.73,0.67,0.63,0.59,0.6
331,0.17,0.11,0.12,0.73,0.6,0.63,0.55,0.56
332,0.17,0.11,0.12,0.73,0.6,0.63,0.59,0.6
333,0.14,0.13,0.14,0.73,0.6,0.63,0.59,0.56
334,0.17,0.11,0.14,0.73,0.6,0.63,0.59,0.6
335,0.17,0.11,0.13,0.73,0.6,0.66,0.55,0.6
336,0.17,0.11,0.13,0.73,0.6,0.63,0.59,0.6
337,0.14,0.11,0.13,0.73,0.6,0.63,0.59,0.6
338,0.19,0.11,0.14,0.73,0.6,0.63,0.59,0.6
339,0.17,0.13,0.14,0.73,0.6,0.63,0.59,0.6
340,0.14,0.13,0.14,0.73,0.56,0.58,0.61,0.6
341,0.14,0.13,0.14,0.73,0.56,0.63,0.55,0.6
342,0.19,0.11,0.14,0.73,0.56,0.63,0.55,0.6
343,0.14,0.13,0.13,0.73,0.6,0.63,0.61,0.6
344,0.14,0.11,0.14,0.73,0.6,0.63,0.65,0.58
345,0.14,0.13,0.14,0.73,0.56,0.63,0.59,0.6
346,0.14,0.11,0.14,0.73,0.56,0.58,0.55,0.6
347,0.19,0.12,0.14,0.73,0.64,0.63,0.59,0.6
348,0.17,0.13,0.14,0.73,0.67,0.63,0.59,0.6
349,0.14,0.13,0.14,0.73,0.6,0.63,0.55,0.58
350,0.14,0.13,0.15,0.73,0.64,0.63,0.55,0.6
351,0.14,0.11,0.14,0.73,0.56,0.63,0.55,0.6
352,0.17,0.13,0.15,0.72,0.56,0.58,0.55,0.6
353,0.14,0.13,0.14,0.73,0.6,0.63,0.59,0.6
354,0.17,0.13,0.15,0.72,0.6,0.61,0.55,0.56
355,0.19,0.15,0.15,0.72,0.6,0.61,0.55,0.54
356,0.17,0.13,0.15,0.74,0.64,0.56,0.55,0.6
357,0.19,0.13,0.14,0.72,0.6,0.63,0.55,0.54
358,0.19,0.13,0.14,0.72,0.56,0.61,0.55,0.6
359,0.19,0.14,0.16,0.72,0.64,0.63,0.55,0.56
360,0.17,0.13,0.15,0.72,0.6,0.58,0.59,0.56
361,0.19,0.14,0.16,0.72,0.6,0.58,0.59,0.58
362,0.24,0.13,0.16,0.72,0.6,0.61,0.55,0.58
363,0.24,0.15,0.17,0.72,0.56,0.63,0.55,0.56
364,0.21,0.14,0.17,0.72,0.56,0.63,0.55,0.6
365,0.21,0.15,0.16,0.72,0.6,0.58,0.53,0.56
366,0.21,0.16,0.16,0.72,0.56,0.63,0.55,0.58
367,0.21,0.14,0.16,0.72,0.6,0.63,0.59,0.6
368,0.21,0.15,0.17,0.72,0.56,0.63,0.59,0.56
369,0.29,0.16,0.18,0.72,0.56,0.63,0.55,0.58
370,0.24,0.16,0.17,0.72,0.6,0.58,0.55,0.54
371,0.24,0.17,0.18,0.72,0.56,0.61,0.55,0.56
372,0.26,0.16,0.18,0.72,0.6,0.61,0.59,0.6
373,0.26,0.17,0.18,0.72,0.56,0.58,0.59,0.58
374,0.29,0.17,0.19,0.72,0.6,0.61,0.55,0.56
375,0.33,0.17,0.19,0.72,0.56,0.61,0.55,0.56
376,0.29,0.17,0.2,0.72,0.56,0.61,0.59,0.56
377,0.36,0.18,0.21,0.72,0.56,0.61,0.55,0.54
378,0.31,0.18,0.2,0.72,0.56,0.58,0.5,0.58
379,0.36,0.19,0.21,0.72,0.6,0.56,0.55,0.54
380,0.33,0.19,0.22,0.74,0.56,0.61,0.5,0.58
381,0.36,0.19,0.23,0.72,0.6,0.58,0.59,0.58
382,0.33,0.19,0.23,0.72,0.6,0.58,0.55,0.58
383,0.33,0.2,0.23,0.72,0.5,0.56,0.59,0.54
384,0.4,0.22,0.25,0.74,0.6,0.56,0.55,0.54
385,0.4,0.23,0.27,0.72,0.56,0.56,0.55,0.56
386,0.4,0.23,0.26,0.74,0.5,0.58,0.55,0.54
387,0.43,0.24,0.27,0.74,0.5,0.58,0.5,0.54
388,0.45,0.24,0.27,0.74,0.6,0.56,0.5,0.56
389,0.48,0.24,0.27,0.72,0.6,0.56,0.5,0.56
390,0.45,0.24,0.29,0.74,0.53,0.58,0.53,0.54
391,0.48,0.24,0.3,0.74,0.56,0.58,0.53,0.54
392,0.48,0.26,0.3,0.72,0.6,0.58,0.59,0.54
393,0.48,0.26,0.3,0.74,0.53,0.58,0.55,0.56
394,0.5,0.26,0.3,0.72,0.56,0.56,0.55,0.56
395,0.48,0.26,0.3,0.72,0.56,0.56,0.53,0.56
396,0.45,0.27,0.31,0.74,0.53,0.56,0.55,0.56
397,0.45,0.26,0.31,0.74,0.6,0.58,0.5,0.56
398,0.45,0.27,0.31,0.74,0.53,0.58,0.53,0.56
399,0.48,0.26,0.32,0.74,0.53,0.56,0.5,0.56
400,0.48,0.27,0.32,0.74,0.6,0.58,0.53,0.56
401,0.48,0.26,0.32,0.74,0.6,0.56,0.53,0.56
402,0.48,0.27,0.32,0.74,0.6,0.56,0.53,0.56
403,0.5,0.27,0.32,0.74,0.56,0.56,0.55,0.56
404,0.52,0.28,0.33,0.74,0.53,0.56,0.59,0.56
405,0.5,0.27,0.32,0.74,0.56,0.58,0.53,0.5
406,0.48,0.28,0.32,0.74,0.56,0.56,0.53,0.56
407,0.48,0.27,0.33,0.74,0.6,0.53,0.53,0.56
408,0.48,0.28,0.32,0.74,0.56,0.58,0.59,0.56
409,0.5,0.29,0.33,0.74,0.5,0.58,0.5,0.5
410,0.52,0.3,0.33,0.74,0.6,0.58,0.5,0.5
411,0.52,0.29,0.33,0.74,0.56,0.56,0.53,0.56
412,0.52,0.29,0.34,0.74,0.53,0.56,0.5,0.56
413,0.52,0.3,0.34,0.74,0.6,0.58,0.5,0.56
414,0.52,0.3,0.34,0.74,0.5,0.58,0.59,0.56
415,0.55,0.31,0.34,0.76,0.6,0.58,0.53,0.56
416,0.55,0.3,0.34,0.74,0.6,0.58,0.59,0.5
417,0.55,0.32,0.35,0.76,0.53,0.58,0.53,0.5
418,0.57,0.32,0.35,0.76,0.6,0.56,0.53,0.48
419,0.55,0.32,0.35,0.74,0.6,0.58,0.5,0.56
420,0.57,0.32,0.36,0.76,0.6,0.58,0.59,0.56
421,0.57,0.33,0.37,0.75,0.53,0.53,0.53,0.5
422,0.55,0.33,0.36,0.76,0.6,0.56,0.53,0.56
423,0.6,0.33,0.36,0.74,0.53,0.51,0.53,0.56
424,0.57,0.33,0.36,0.76,0.5,0.58,0.53,0.56
425,0.62,0.34,0.37,0.74,0.56,0.56,0.53,0.54
426,0.57,0.33,0.37,0.74,0.5,0.56,0.53,0.48
427,0.62,0.35,0.38,0.74,0.6,0.58,0.5,0.5
428,0.57,0.34,0.37,0.74,0.6,0.56,0.53,0.54
429,0.57,0.34,0.37,0.76,0.56,0.56,0.5,0.56
430,0.57,0.34,0.37,0.76,0.53,0.51,0.53,0.54
431,0.6,0.34,0.37,0.76,0.5,0.51,0.53,0.54
432,0.57,0.34,0.38,0.76,0.56,0.56,0.53,0.48
433,0.57,0.34,0.38,0.74,0.5,0.56,0.59,0.48
434,0.57,0.34,0.38,0.76,0.5,0.51,0.53,0.54
435,0.57,0.34,0.37,0.76,0.5,0.56,0.5,0.54
436,0.57,0.34,0.38,0.76,0.6,0.56,0.5,0.54
437,0.57,0.34,0.39,0.74,0.56,0.56,0.53,0.5
438,0.6,0.34,0.37,0.74,0.5,0.56,0.53,0.54
439,0.57,0.35,0.38,0.74,0.6,0.56,0.5,0.54
440,0.57,0.35,0.38,0.74,0.6,0.51,0.5,0.48
441,0.62,0.35,0.39,0.76,0.53,0.56,0.5,0.54
442,0.6,0.36,0.38,0.76,0.6,0.56,0.5,0.54
443,0.6,0.35,0.38,0.74,0.5,0.56,0.5,0.54
444,0.6,0.35,0.39,0.76,0.56,0.51,0.5,0.54
445,0.6,0.35,0.39,0.76,0.5,0.51,0.5,0.48
446,0.6,0.36,0.39,0.76,0.6,0.54,0.53,0.54
447,0.57,0.35,0.39,0.76,0.5,0.56,0.5,0.48
448,0.57,0.36,0.39,0.74,0.56,0.56,0.5,0.46
449,0.57,0.35,0.4,0.76,0.5,0.56,0.5,0.54
450,0.6,0.36,0.39,0.74,0.5,0.51,0.5,0.54
451,0.6,0.36,0.39,0.76,0.56,0.49,0.5,0.54
452,0.6,0.36,0.4,0.77,0.5,0.56,0.5,0.54
453,0.6,0.36,0.4,0.76,0.5,0.54,0.5,0.46
454,0.62,0.38,0.4,0.76,0.5,0.56,0.5,0.48
455,0.62,0.38,0.4,0.77,0.53,0.51,0.5,0.54
456,0.64,0.38,0.41,0.76,0.5,0.51,0.5,0.54
457,0.67,0.4,0.41,0.76,0.6,0.56,0.5,0.54
458,0.64,0.39,0.41,0.76,0.5,0.51,0.5,0.48
459,0.64,0.38,0.41,0.77,0.5,0.54,0.45,0.46
460,0.64,0.38,0.41,0.77,0.5,0.56,0.5,0.54
461,0.64,0.39,0.42,0.77,0.53,0.51,0.5,0.51
462,0.64,0.39,0.41,0.76,0.56,0.54,0.5,0.46
463,0.67,0.41,0.43,0.76,0.5,0.56,0.5,0.46
464,0.67,0.4,0.43,0.77,0.5,0.56,0.45,0.51
465,0.64,0.41,0.43,0.77,0.5,0.51,0.5,0.51
466,0.64,0.4,0.43,0.77,0.56,0.49,0.5,0.48
467,0.69,0.41,0.44,0.76,0.5,0.51,0.45,0.46
468,0.69,0.42,0.44,0.76,0.53,0.51,0.47,0.46
469,0.64,0.41,0.44,0.77,0.56,0.51,0.5,0.46
470,0.64,0.41,0.44,0.77,0.5,0.56,0.42,0.46
471,0.67,0.42,0.45,0.77,0.5,0.56,0.5,0.48
472,0.64,0.42,0.44,0.77,0.5,0.51,0.5,0.46
473,0.64,0.41,0.44,0.77,0.5,0.49,0.5,0.54
474,0.67,0.42,0.45,0.76,0.5,0.49,0.5,0.54
475,0.67,0.42,0.45,0.76,0.56,0.49,0.5,0.48
476,0.67,0.42,0.46,0.77,0.5,0.49,0.42,0.46
477,0.67,0.42,0.46,0.77,0.5,0.49,0.5,0.48
478,0.67,0.42,0.46,0.77,0.5,0.49,0.5,0.48
479,0.67,0.42,0.47,0.77,0.5,0.54,0.5,0.46
480,0.67,0.42,0.47,0.77,0.56,0.54,0.47,0.46
481,0.67,0.42,0.47,0.77,0.5,0.54,0.5,0.48
482,0.69,0.42,0.47,0.77,0.56,0.49,0.47,0.46
483,0.69,0.42,0.48,0.77,0.5,0.49,0.47,0.46
484,0.69,0.44,0.47,0.77,0.56,0.51,0.45,0.46
485,0.69,0.44,0.48,0.79,0.56,0.54,0.47,0.51
486,0.69,0.44,0.48,0.77,0.5,0.54,0.45,0.46
487,0.69,0.45,0.48,0.77,0.5,0.54,0.5,0.48
488,0.71,0.44,0.48,0.78,0.47,0.44,0.5,0.51
489,0.71,0.45,0.48,0.77,0.5,0.49,0.5,0.46
490,0.71,0.44,0.48,0.77,0.5,0.49,0.5,0.46
491,0.71,0.46,0.48,0.79,0.5,0.56,0.47,0.51
492,0.74,0.45,0.49,0.79,0.5,0.49,0.47,0.46
493,0.74,0.45,0.49,0.79,0.5,0.54,0.47,0.46
494,0.74,0.46,0.49,0.77,0.5,0.49,0.47,0.46
495,0.74,0.45,0.49,0.79,0.5,0.49,0.45,0.48
496,0.74,0.46,0.49,0.78,0.56,0.49,0.5,0.46
497,0.74,0.45,0.49,0.77,0.5,0.49,0.45,0.46
498,0.76,0.46,0.5,0.77,0.5,0.49,0.45,0.46
499,0.74,0.47,0.5,0.79,0.5,0.54,0.45,0.46
500,0.76,0.46,0.51,0.79,0.5,0.54,0.45,0.46
501,0.74,0.46,0.51,0.79,0.47,0.54,0.42,0.48
502,0.76,0.46,0.51,0.77,0.5,0.49,0.47,0.46
503,0.74,0.47,0.52,0.79,0.56,0.49,0.45,0.46
504,0.76,0.48,0.52,0.79,0.5,0.44,0.47,0.46
505,0.76,0.47,0.52,0.79,0.5,0.49,0.47,0.46
506,0.76,0.48,0.53,0.8,0.56,0.47,0.47,0.51
507,0.76,0.49,0.53,0.77,0.56,0.49,0.45,0.46
508,0.79,0.49,0.54,0.78,0.47,0.49,0.42,0.46
509,0.83,0.49,0.53,0.78,0.47,0.49,0.47,0.46
510,0.76,0.49,0.54,0.79,0.5,0.54,0.47,0.46
511,0.76,0.49,0.54,0.8,0.5,0.47,0.42,0.46
512,0.79,0.5,0.55,0.8,0.5,0.54,0.42,0.43
513,0.79,0.51,0.55,0.8,0.47,0.49,0.47,0.43
514,0.76,0.51,0.55,0.8,0.5,0.54,0.47,0.46
515,0.79,0.51,0.55,0.8,0.47,0.49,0.47,0.51
516,0.79,0.51,0.56,0.8,0.5,0.49,0.47,0.46
517,0.79,0.51,0.57,0.8,0.5,0.47,0.42,0.46
518,0.76,0.51,0.57,0.8,0.47,0.49,0.47,0.46
519,0.79,0.51,0.58,0.8,0.5,0.49,0.47,0.46
520,0.76,0.51,0.58,0.8,0.47,0.49,0.45,0.46
521,0.79,0.51,0.58,0.8,0.5,0.49,0.47,0.46
522,0.76,0.51,0.58,0.8,0.56,0.49,0.47,0.46
523,0.79,0.52,0.59,0.8,0.47,0.49,0.42,0.46
524,0.76,0.52,0.58,0.8,0.47,0.49,0.42,0.46
525,0.76,0.53,0.59,0.8,0.5,0.49,0.47,0.46
526,0.79,0.53,0.59,0.8,0.5,0.49,0.42,0.46
527,0.76,0.53,0.59,0.8,0.47,0.47,0.5,0.46
528,0.79,0.54,0.59,0.8,0.5,0.49,0.42,0.46
529,0.76,0.52,0.59,0.81,0.53,0.49,0.47,0.46
530,0.79,0.53,0.59,0.8,0.47,0.49,0.42,0.46
531,0.79,0.53,0.6,0.8,0.5,0.47,0.42,0.43
532,0.79,0.54,0.59,0.8,0.47,0.49,0.47,0.46
533,0.79,0.54,0.6,0.8,0.5,0.49,0.42,0.46
534,0.79,0.54,0.6,0.8,0.47,0.49,0.47,0.46
535,0.79,0.55,0.6,0.81,0.5,0.47,0.5,0.46
536,0.81,0.55,0.6,0.8,0.47,0.49,0.47,0.46
537,0.81,0.55,0.6,0.81,0.47,0.49,0.42,0.46
538,0.81,0.54,0.6,0.8,0.47,0.49,0.42,0.43
539,0.81,0.56,0.61,0.8,0.53,0.47,0.47,0.46
540,0.81,0.56,0.61,0.81,0.47,0.49,0.47,0.43
541,0.83,0.56,0.6,0.8,0.5,0.47,0.5,0.46
542,0.86,0.57,0.6,0.81,0.56,0.54,0.47,0.43
543,0.86,0.57,0.62,0.83,0.56,0.52,0.47,0.43
544,0.81,0.58,0.61,0.81,0.5,0.49,0.47,0.46
545,0.81,0.57,0.62,0.81,0.47,0.49,0.47,0.46
546,0.81,0.57,0.62,0.83,0.56,0.49,0.5,0.46
547,0.81,0.59,0.62,0.81,0.47,0.54,0.42,0.46
548,0.81,0.58,0.62,0.81,0.5,0.49,0.47,0.46
549,0.81,0.59,0.62,0.83,0.56,0.54,0.5,0.46
550,0.81,0.58,0.62,0.81,0.56,0.49,0.5,0.46
551,0.83,0.59,0.62,0.81,0.5,0.54,0.5,0.46
552,0.79,0.59,0.62,0.81,0.56,0.49,0.47,0.46
553,0.79,0.59,0.62,0.82,0.56,0.54,0.5,0.51
554,0.79,0.6,0.62,0.83,0.56,0.49,0.47,0.49
555,0.81,0.59,0.62,0.82,0.56,0.54,0.47,0.46
556,0.81,0.59,0.62,0.83,0.47,0.49,0.47,0.46
557,0.83,0.6,0.62,0.83,0.56,0.54,0.47,0.46
558,0.88,0.61,0.63,0.83,0.5,0.49,0.47,0.43
559,0.88,0.61,0.64,0.84,0.56,0.52,0.5,0.43
560,0.88,0.6,0.64,0.83,0.56,0.52,0.47,0.46
561,0.86,0.61,0.64,0.84,0.56,0.54,0.47,0.43
562,0.9,0.61,0.64,0.84,0.5,0.49,0.47,0.51
563,0.88,0.62,0.65,0.84,0.56,0.49,0.47,0.51
564,0.93,0.63,0.65,0.83,0.56,0.52,0.47,0.46
565,0.93,0.61,0.66,0.84,0.56,0.54,0.47,0.46
566,0.88,0.63,0.66,0.84,0.53,0.54,0.53,0.46
567,0.93,0.63,0.66,0.84,0.53,0.54,0.5,0.46
568,0.95,0.64,0.67,0.84,0.56,0.54,0.47,0.43
569,0.95,0.63,0.67,0.84,0.56,0.54,0.47,0.49
570,0.88,0.63,0.67,0.84,0.56,0.54,0.44,0.49
571,0.88,0.63,0.67,0.84,0.56,0.52,0.47,0.43
572,0.88,0.63,0.67,0.84,0.53,0.54,0.47,0.49
573,0.88,0.64,0.67,0.84,0.64,0.52,0.47,0.49
574,0.88,0.63,0.68,0.84,0.56,0.54,0.47,0.46
575,0.88,0.63,0.68,0.84,0.53,0.47,0.47,0.43
576,0.88,0.65,0.68,0.84,0.53,0.52,0.5,0.49
577,0.95,0.63,0.68,0.84,0.53,0.52,0.5,0.49
578,0.88,0.65,0.68,0.84,0.53,0.5,0.44,0.49
579,0.95,0.65,0.68,0.84,0.53,0.52,0.47,0.49
580,0.88,0.63,0.69,0.84,0.56,0.52,0.5,0.49
581,0.9,0.65,0.68,0.84,0.53,0.52,0.47,0.43
582,0.9,0.65,0.68,0.84,0.6,0.52,0.44,0.49
583,0.88,0.65,0.69,0.84,0.53,0.52,0.44,0.43
584,0.88,0.65,0.69,0.84,0.6,0.52,0.47,0.49
585,0.9,0.65,0.69,0.84,0.6,0.52,0.5,0.46
586,0.88,0.65,0.69,0.84,0.53,0.52,0.44,0.49
587,0.88,0.65,0.7,0.85,0.53,0.52,0.44,0.49
588,0.93,0.66,0.69,0.84,0.53,0.52,0.5,0.49
589,0.88,0.65,0.7,0.85,0.53,0.52,0.44,0.41
590,0.93,0.67,0.71,0.85,0.53,0.52,0.44,0.43
591,0.88,0.66,0.7,0.85,0.6,0.52,0.44,0.49
592,0.88,0.65,0.69,0.84,0.6,0.52,0.44,0.43
593,0.88,0.65,0.69,0.85,0.6,0.52,0.44,0.43
594,0.86,0.65,0.7,0.84,0.6,0.52,0.53,0.41
595,0.86,0.67,0.7,0.86,0.53,0.52,0.44,0.46
596,0.88,0.65,0.71,0.85,0.6,0.5,0.5,0.49
597,0.9,0.65,0.71,0.86,0.53,0.52,0.44,0.49
598,0.9,0.68,0.71,0.86,0.6,0.52,0.47,0.49
599,0.88,0.68,0.7,0.86,0.6,0.52,0.44,0.49
600,0.88,0.68,0.7,0.85,0.53,0.52,0.5,0.46
601,0.9,0.68,0.71,0.86,0.53,0.52,0.5,0.46
602,0.95,0.66,0.71,0.85,0.6,0.5,0.53,0.46
603,0.95,0.66,0.71,0.87,0.6,0.52,0.5,0.49
604,0.93,0.68,0.73,0.86,0.6,0.57,0.5,0.49
605,0.9,0.68,0.73,0.87,0.6,0.57,0.53,0.49
606,0.95,0.69,0.73,0.87,0.53,0.52,0.53,0.49
607,0.9,0.69,0.73,0.87,0.6,0.57,0.5,0.46
608,0.9,0.68,0.74,0.87,0.6,0.52,0.53,0.49
609,0.93,0.69,0.73,0.87,0.6,0.52,0.5,0.49
610,0.95,0.7,0.74,0.87,0.53,0.52,0.53,0.49
611,0.9,0.69,0.74,0.87,0.64,0.57,0.53,0.49
612,0.9,0.69,0.74,0.88,0.64,0.5,0.53,0.49
613,0.9,0.69,0.74,0.87,0.6,0.52,0.5,0.49
614,0.93,0.7,0.74,0.87,0.64,0.57,0.5,0.49
615,0.88,0.7,0.74,0.87,0.64,0.57,0.44,0.49
616,0.88,0.69,0.74,0.88,0.56,0.57,0.47,0.51
617,0.88,0.7,0.74,0.88,0.6,0.52,0.53,0.49
618,0.86,0.7,0.74,0.88,0.6,0.54,0.53,0.49
619,0.86,0.7,0.74,0.88,0.6,0.52,0.44,0.49
620,0.88,0.7,0.74,0.88,0.6,0.57,0.47,0.49
621,0.86,0.7,0.74,0.91,0.64,0.54,0.47,0.49
622,0.86,0.7,0.74,0.88,0.64,0.59,0.47,0.49
623,0.86,0.7,0.74,0.89,0.64,0.57,0.47,0.51
624,0.83,0.7,0.74,0.88,0.64,0.57,0.47,0.51
625,0.86,0.71,0.74,0.88,0.64,0.59,0.53,0.43
626,0.81,0.71,0.73,0.88,0.64,0.54,0.5,0.51
627,0.81,0.71,0.73,0.89,0.6,0.57,0.53,0.49
628,0.83,0.71,0.74,0.89,0.64,0.59,0.47,0.49
629,0.81,0.71,0.75,0.89,0.64,0.59,0.53,0.46
630,0.83,0.71,0.75,0.89,0.64,0.54,0.53,0.51
631,0.81,0.71,0.75,0.89,0.64,0.52,0.53,0.49
632,0.83,0.72,0.75,0.9,0.64,0.59,0.47,0.49
633,0.83,0.71,0.75,0.89,0.64,0.59,0.47,0.49
634,0.81,0.73,0.75,0.89,0.64,0.54,0.47,0.46
635,0.81,0.72,0.76,0.89,0.64,0.59,0.53,0.51
636,0.81,0.7,0.75,0.9,0.56,0.54,0.47,0.51
637,0.86,0.72,0.75,0.89,0.64,0.59,0.53,0.51
638,0.83,0.73,0.75,0.92,0.64,0.54,0.47,0.49
639,0.88,0.72,0.75,0.9,0.6,0.57,0.47,0.51
640,0.83,0.73,0.75,0.9,0.64,0.57,0.47,0.49
641,0.88,0.72,0.77,0.9,0.64,0.52,0.44,0.49
642,0.83,0.73,0.76,0.9,0.64,0.59,0.53,0.43
643,0.86,0.72,0.76,0.9,0.6,0.59,0.44,0.49
644,0.83,0.74,0.76,0.9,0.64,0.59,0.47,0.49
645,0.83,0.74,0.77,0.9,0.64,0.57,0.44,0.43
646,0.86,0.73,0.77,0.9,0.6,0.57,0.44,0.43
647,0.88,0.74,0.76,0.91,0.64,0.54,0.47,0.51
648,0.88,0.74,0.77,0.91,0.56,0.52,0.53,0.49
649,0.86,0.74,0.77,0.91,0.64,0.52,0.5,0.43
650,0.86,0.74,0.77,0.9,0.64,0.54,0.47,0.43
651,0.88,0.74,0.77,0.91,0.6,0.54,0.47,0.49
652,0.88,0.74,0.77,0.91,0.6,0.52,0.44,0.49
653,0.9,0.74,0.77,0.91,0.64,0.52,0.47,0.49
654,0.9,0.75,0.78,0.91,0.6,0.52,0.44,0.49
655,0.9,0.74,0.77,0.91,0.64,0.52,0.44,0.43
656,0.93,0.75,0.77,0.91,0.64,0.52,0.44,0.46
657,0.88,0.74,0.78,0.93,0.64,0.52,0.44,0.49
658,0.98,0.75,0.77,0.91,0.64,0.52,0.44,0.49
659,0.9,0.75,0.78,0.91,0.6,0.59,0.47,0.43
660,0.93,0.76,0.78,0.93,0.6,0.52,0.47,0.41
661,0.95,0.75,0.77,0.91,0.64,0.57,0.53,0.41
662,0.93,0.76,0.77,0.91,0.6,0.57,0.47,0.43
663,0.95,0.76,0.79,0.91,0.6,0.52,0.47,0.49
664,0.93,0.76,0.78,0.91,0.6,0.52,0.44,0.49
665,0.95,0.77,0.78,0.91,0.53,0.52,0.44,0.49
666,0.95,0.78,0.79,0.93,0.64,0.57,0.44,0.49
667,0.95,0.76,0.8,0.91,0.6,0.52,0.44,0.43
668,1.0,0.76,0.8,0.92,0.64,0.57,0.44,0.49
669,0.95,0.78,0.8,0.91,0.64,0.57,0.44,0.46
670,0.95,0.78,0.81,0.91,0.64,0.52,0.44,0.43
671,0.95,0.78,0.81,0.91,0.64,0.52,0.44,0.49
672,0.9,0.78,0.8,0.92,0.64,0.54,0.44,0.46
673,0.98,0.78,0.81,0.91,0.6,0.52,0.44,0.49
674,0.9,0.78,0.8,0.91,0.53,0.57,0.44,0.49
675,0.9,0.78,0.81,0.92,0.6,0.52,0.44,0.41
676,0.9,0.78,0.81,0.91,0.6,0.52,0.47,0.43
677,0.9,0.78,0.8,0.92,0.53,0.52,0.44,0.41
678,0.9,0.78,0.81,0.92,0.6,0.52,0.5,0.41
679,0.9,0.76,0.81,0.93,0.6,0.57,0.42,0.41
680,0.9,0.78,0.81,0.92,0.6,0.5,0.44,0.43
681,0.93,0.78,0.81,0.92,0.6,0.57,0.44,0.46
682,0.9,0.78,0.8,0.92,0.6,0.52,0.53,0.43
683,0.9,0.78,0.81,0.91,0.6,0.57,0.44,0.41
684,0.95,0.78,0.81,0.94,0.6,0.52,0.44,0.46
685,0.9,0.78,0.81,0.92,0.6,0.52,0.44,0.46
686,0.9,0.78,0.81,0.93,0.6,0.52,0.44,0.46
687,0.93,0.78,0.81,0.92,0.6,0.52,0.44,0.43
688,0.93,0.79,0.81,0.92,0.6,0.52,0.5,0.46
689,0.93,0.8,0.81,0.92,0.53,0.52,0.44,0.46
690,0.95,0.8,0.82,0.92,0.6,0.52,0.44,0.41
691,1.0,0.8,0.81,0.92,0.6,0.47,0.44,0.41
692,0.95,0.8,0.82,0.92,0.6,0.52,0.44,0.41
693,0.95,0.8,0.83,0.92,0.53,0.52,0.44,0.41
694,0.93,0.8,0.83,0.94,0.6,0.5,0.36,0.43
695,0.95,0.8,0.82,0.92,0.56,0.5,0.44,0.41
696,0.95,0.81,0.82,0.94,0.53,0.47,0.44,0.41
697,0.93,0.8,0.82,0.94,0.6,0.47,0.44,0.41
698,0.9,0.8,0.83,0.94,0.53,0.5,0.44,0.36
699,0.93,0.82,0.83,0.95,0.6,0.52,0.44,0.43
700,0.93,0.8,0.83,0.92,0.53,0.52,0.44,0.43
701,0.9,0.8,0.82,0.93,0.6,0.52,0.44,0.41
702,0.9,0.8,0.83,0.92,0.64,0.52,0.42,0.41
703,0.9,0.8,0.83,0.92,0.53,0.47,0.44,0.41
704,0.9,0.81,0.83,0.93,0.6,0.5,0.39,0.41
705,0.88,0.79,0.83,0.92,0.6,0.52,0.39,0.43
706,0.88,0.8,0.83,0.93,0.53,0.47,0.44,0.36
707,0.88,0.8,0.83,0.93,0.6,0.44,0.39,0.36
708,0.86,0.8,0.84,0.93,0.6,0.52,0.39,0.41
709,0.9,0.8,0.84,0.92,0.6,0.5,0.44,0.36
710,0.88,0.8,0.84,0.93,0.53,0.44,0.44,0.41
711,0.86,0.81,0.84,0.93,0.6,0.47,0.39,0.41
712,0.86,0.81,0.84,0.93,0.53,0.44,0.44,0.43
713,0.86,0.8,0.84,0.93,0.6,0.5,0.44,0.41
714,0.86,0.8,0.84,0.93,0.53,0.44,0.44,0.43
715,0.86,0.82,0.84,0.93,0.53,0.47,0.39,0.41
716,0.88,0.8,0.84,0.93,0.6,0.47,0.44,0.41
717,0.83,0.8,0.84,0.93,0.53,0.5,0.39,0.41
718,0.83,0.8,0.84,0.93,0.6,0.47,0.39,0.36
719,0.83,0.8,0.85,0.93,0.53,0.44,0.39,0.41
720,0.86,0.8,0.84,0.93,0.6,0.52,0.44,0.41
721,0.83,0.8,0.84,0.93,0.53,0.47,0.36,0.36
722,0.83,0.8,0.85,0.93,0.53,0.44,0.44,0.36
723,0.86,0.8,0.85,0.93,0.53,0.44,0.39,0.41
724,0.83,0.8,0.84,0.93,0.53,0.44,0.36,0.36
725,0.86,0.79,0.85,0.92,0.53,0.52,0.39,0.36
726,0.83,0.8,0.85,0.93,0.53,0.47,0.39,0.36
727,0.83,0.8,0.85,0.93,0.56,0.52,0.39,0.36
728,0.83,0.8,0.85,0.93,0.53,0.5,0.39,0.36
729,0.88,0.8,0.85,0.93,0.53,0.44,0.36,0.36
730,0.86,0.81,0.85,0.93,0.53,0.5,0.36,0.36
731,0.86,0.8,0.85,0.93,0.53,0.44,0.39,0.36
732,0.86,0.81,0.85,0.94,0.53,0.47,0.36,0.41
733,0.86,0.81,0.84,0.93,0.53,0.44,0.39,0.36
734,0.86,0.8,0.84,0.94,0.53,0.44,0.39,0.36
735,0.86,0.81,0.85,0.93,0.53,0.44,0.36,0.36
736,0.86,0.8,0.85,0.94,0.53,0.44,0.36,0.36
737,0.88,0.8,0.85,0.93,0.53,0.44,0.36,0.36
738,0.88,0.81,0.86,0.92,0.53,0.44,0.36,0.36
739,0.86,0.81,0.85,0.92,0.53,0.44,0.36,0.36
740,0.86,0.8,0.85,0.92,0.53,0.44,0.36,0.34
741,0.88,0.81,0.85,0.92,0.53,0.44,0.36,0.31
742,0.86,0.8,0.85,0.93,0.53,0.44,0.36,0.34
743,0.88,0.81,0.85,0.93,0.53,0.39,0.36,0.36
744,0.86,0.82,0.86,0.93,0.53,0.44,0.36,0.36
745,0.88,0.81,0.86,0.94,0.53,0.44,0.36,0.36
746,0.86,0.81,0.86,0.92,0.53,0.44,0.36,0.36
747,0.88,0.81,0.86,0.93,0.53,0.44,0.36,0.36
748,0.86,0.81,0.86,0.92,0.53,0.44,0.36,0.34
749,0.9,0.82,0.87,0.93,0.43,0.44,0.36,0.31
750,0.86,0.83,0.86,0.94,0.53,0.44,0.39,0.36
751,0.86,0.83,0.87,0.94,0.5,0.44,0.36,0.29
752,0.88,0.81,0.87,0.94,0.53,0.44,0.36,0.34
753,0.9,0.82,0.87,0.93,0.5,0.44,0.36,0.29
754,0.86,0.82,0.87,0.93,0.5,0.42,0.36,0.34
755,0.9,0.82,0.87,0.93,0.5,0.42,0.36,0.34
756,0.86,0.82,0.87,0.93,0.53,0.42,0.36,0.36
757,0.9,0.82,0.87,0.94,0.5,0.42,0.31,0.29
758,0.88,0.83,0.87,0.93,0.53,0.44,0.36,0.36
759,0.86,0.82,0.87,0.93,0.43,0.44,0.36,0.29
760,0.86,0.84,0.88,0.93,0.47,0.42,0.31,0.34
761,0.83,0.82,0.87,0.94,0.53,0.44,0.31,0.34
762,0.83,0.82,0.88,0.93,0.43,0.44,0.36,0.34
763,0.83,0.82,0.88,0.94,0.5,0.44,0.36,0.34
764,0.83,0.82,0.88,0.94,0.5,0.42,0.36,0.31
765,0.86,0.82,0.88,0.93,0.5,0.39,0.36,0.34
766,0.86,0.84,0.88,0.94,0.43,0.44,0.31,0.34
767,0.83,0.82,0.88,0.93,0.5,0.42,0.36,0.34
768,0.86,0.83,0.88,0.93,0.5,0.37,0.36,0.29
769,0.86,0.82,0.88,0.94,0.5,0.42,0.31,0.34
770,0.86,0.82,0.87,0.93,0.5,0.42,0.31,0.29
771,0.88,0.82,0.87,0.93,0.53,0.42,0.36,0.29
772,0.86,0.82,0.87,0.93,0.5,0.42,0.36,0.29
773,0.86,0.82,0.87,0.93,0.43,0.42,0.31,0.29
774,0.88,0.82,0.87,0.93,0.43,0.37,0.36,0.29
775,0.88,0.82,0.87,0.93,0.43,0.42,0.31,0.29
776,0.88,0.84,0.87,0.93,0.5,0.42,0.36,0.29
777,0.9,0.82,0.87,0.94,0.5,0.37,0.31,0.34
778,0.88,0.83,0.88,0.94,0.5,0.42,0.31,0.34
779,0.88,0.82,0.87,0.94,0.43,0.42,0.36,0.29
780,0.86,0.84,0.87,0.93,0.43,0.37,0.36,0.34
781,0.93,0.83,0.87,0.93,0.5,0.37,0.36,0.29
782,0.86,0.82,0.88,0.94,0.43,0.37,0.31,0.29
783,0.86,0.82,0.87,0.94,0.43,0.42,0.36,0.29
784,0.93,0.82,0.87,0.93,0.5,0.42,0.36,0.29
785,0.88,0.82,0.87,0.94,0.43,0.35,0.36,0.31
786,0.88,0.82,0.87,0.93,0.43,0.42,0.36,0.34
787,0.9,0.84,0.86,0.93,0.43,0.42,0.36,0.29
788,0.86,0.82,0.86,0.95,0.5,0.42,0.36,0.29
789,0.88,0.82,0.87,0.94,0.43,0.37,0.28,0.34
790,0.86,0.82,0.86,0.94,0.43,0.42,0.36,0.31
791,0.86,0.82,0.86,0.93,0.43,0.37,0.28,0.29
792,0.88,0.82,0.86,0.94,0.5,0.42,0.28,0.31
793,0.86,0.82,0.85,0.93,0.43,0.37,0.28,0.29
794,0.86,0.82,0.86,0.94,0.43,0.42,0.31,0.27
795,0.86,0.81,0.86,0.93,0.5,0.37,0.33,0.27
796,0.83,0.83,0.85,0.94,0.43,0.35,0.33,0.29
797,0.83,0.82,0.85,0.93,0.5,0.37,0.36,0.31
798,0.86,0.81,0.85,0.93,0.5,0.42,0.36,0.29
799,0.83,0.82,0.85,0.93,0.43,0.35,0.28,0.29
800,0.86,0.81,0.84,0.94,0.5,0.42,0.28,0.27
801,0.83,0.8,0.84,0.93,0.5,0.37,0.28,0.27
802,0.86,0.81,0.84,0.93,0.47,0.37,0.31,0.27
803,0.81,0.81,0.83,0.94,0.43,0.42,0.31,0.29
804,0.81,0.82,0.84,0.94,0.5,0.37,0.36,0.29
805,0.83,0.8,0.84,0.94,0.43,0.37,0.28,0.27
806,0.79,0.8,0.83,0.94,0.5,0.37,0.28,0.31
807,0.81,0.8,0.83,0.94,0.43,0.37,0.28,0.34
808,0.79,0.8,0.83,0.91,0.5,0.35,0.31,0.27
809,0.79,0.79,0.82,0.92,0.43,0.42,0.28,0.27
810,0.76,0.78,0.82,0.93,0.43,0.37,0.31,0.29
811,0.76,0.8,0.82,0.92,0.43,0.35,0.28,0.27
812,0.76,0.79,0.81,0.92,0.43,0.35,0.33,0.29
813,0.74,0.78,0.81,0.92,0.43,0.35,0.31,0.27
814,0.76,0.77,0.81,0.92,0.47,0.35,0.31,0.27
815,0.76,0.79,0.8,0.94,0.5,0.35,0.28,0.27
816,0.74,0.77,0.8,0.92,0.43,0.35,0.28,0.27
817,0.76,0.77,0.8,0.92,0.43,0.35,0.28,0.27
818,0.76,0.77,0.82,0.92,0.43,0.37,0.28,0.27
819,0.76,0.77,0.81,0.91,0.43,0.37,0.28,0.27
820,0.76,0.77,0.81,0.92,0.43,0.35,0.28,0.27
821,0.79,0.77,0.81,0.92,0.4,0.35,0.28,0.27
822,0.79,0.79,0.82,0.92,0.4,0.35,0.28,0.21
823,0.79,0.77,0.82,0.92,0.43,0.35,0.28,0.27
824,0.79,0.77,0.81,0.92,0.43,0.35,0.28,0.27
825,0.81,0.79,0.82,0.92,0.43,0.35,0.28,0.27
826,0.79,0.77,0.83,0.92,0.43,0.35,0.28,0.21
827,0.86,0.78,0.83,0.92,0.43,0.35,0.28,0.27
828,0.86,0.78,0.83,0.92,0.43,0.35,0.28,0.27
829,0.86,0.77,0.83,0.92,0.43,0.35,0.28,0.27
830,0.83,0.77,0.83,0.92,0.36,0.3,0.28,0.27
831,0.83,0.77,0.84,0.9,0.4,0.35,0.28,0.27
832,0.81,0.8,0.84,0.92,0.43,0.35,0.23,0.27
833,0.81,0.78,0.84,0.92,0.36,0.35,0.28,0.27
834,0.81,0.8,0.84,0.92,0.33,0.35,0.28,0.27
835,0.86,0.77,0.84,0.9,0.43,0.3,0.28,0.27
836,0.81,0.78,0.84,0.91,0.43,0.3,0.28,0.27
837,0.81,0.79,0.84,0.92,0.4,0.35,0.25,0.27
838,0.81,0.78,0.84,0.92,0.4,0.35,0.28,0.27
839,0.83,0.78,0.84,0.92,0.4,0.35,0.28,0.24
840,0.83,0.79,0.84,0.92,0.4,0.28,0.25,0.27
841,0.79,0.77,0.84,0.92,0.4,0.33,0.28,0.27
842,0.79,0.78,0.84,0.92,0.43,0.3,0.28,0.27
843,0.79,0.79,0.84,0.93,0.4,0.33,0.28,0.27
844,0.79,0.78,0.84,0.93,0.43,0.35,0.28,0.27
845,0.83,0.77,0.84,0.92,0.4,0.35,0.28,0.27
846,0.79,0.77,0.83,0.93,0.33,0.35,0.25,0.21
847,0.79,0.76,0.83,0.93,0.4,0.35,0.28,0.19
848,0.79,0.77,0.84,0.9,0.4,0.33,0.28,0.24
849,0.79,0.76,0.83,0.92,0.4,0.3,0.28,0.27
850,0.79,0.75,0.83,0.9,0.4,0.35,0.28,0.21
851,0.81,0.77,0.83,0.92,0.33,0.3,0.28,0.27
852,0.83,0.75,0.82,0.92,0.33,0.35,0.28,0.19
853,0.81,0.76,0.83,0.92,0.4,0.3,0.28,0.19
854,0.79,0.76,0.83,0.92,0.33,0.3,0.28,0.24
855,0.81,0.77,0.83,0.92,0.4,0.3,0.25,0.24
856,0.79,0.76,0.82,0.92,0.4,0.28,0.28,0.21
857,0.79,0.75,0.83,0.92,0.4,0.3,0.2,0.27
858,0.81,0.77,0.83,0.9,0.33,0.28,0.25,0.24
859,0.79,0.76,0.82,0.9,0.33,0.28,0.28,0.21
860,0.83,0.77,0.83,0.9,0.4,0.28,0.25,0.19
861,0.79,0.77,0.83,0.9,0.4,0.28,0.28,0.27
862,0.79,0.76,0.83,0.9,0.33,0.28,0.28,0.21
863,0.79,0.76,0.83,0.9,0.4,0.28,0.28,0.19
864,0.81,0.76,0.83,0.9,0.33,0.33,0.28,0.27
865,0.83,0.77,0.84,0.9,0.4,0.28,0.23,0.24
866,0.79,0.77,0.83,0.92,0.4,0.28,0.28,0.24
867,0.81,0.76,0.84,0.9,0.33,0.3,0.28,0.24
868,0.79,0.76,0.84,0.92,0.33,0.28,0.25,0.19
869,0.83,0.77,0.85,0.89,0.33,0.33,0.28,0.19
870,0.79,0.77,0.85,0.9,0.4,0.28,0.28,0.19
871,0.79,0.78,0.84,0.91,0.33,0.26,0.28,0.21
872,0.79,0.77,0.84,0.9,0.4,0.28,0.25,0.19
873,0.79,0.76,0.84,0.92,0.37,0.33,0.25,0.19
874,0.81,0.76,0.85,0.9,0.4,0.33,0.25,0.21
875,0.79,0.77,0.85,0.9,0.4,0.33,0.25,0.19
876,0.79,0.77,0.86,0.9,0.33,0.28,0.25,0.19
877,0.79,0.78,0.85,0.9,0.37,0.28,0.25,0.19
878,0.79,0.77,0.86,0.92,0.33,0.26,0.25,0.19
879,0.79,0.78,0.86,0.92,0.4,0.28,0.25,0.19
880,0.79,0.77,0.85,0.9,0.33,0.28,0.28,0.19
881,0.79,0.77,0.86,0.92,0.37,0.28,0.28,0.19
882,0.76,0.77,0.86,0.92,0.33,0.28,0.28,0.21
883,0.83,0.76,0.86,0.92,0.3,0.28,0.28,0.19
884,0.81,0.77,0.86,0.91,0.33,0.28,0.23,0.19
885,0.79,0.77,0.86,0.9,0.3,0.33,0.23,0.21
886,0.83,0.77,0.86,0.9,0.4,0.28,0.25,0.19
887,0.79,0.77,0.87,0.92,0.3,0.28,0.2,0.24
888,0.83,0.77,0.86,0.9,0.33,0.28,0.28,0.19
889,0.83,0.78,0.86,0.92,0.33,0.28,0.2,0.19
890,0.79,0.77,0.86,0.92,0.33,0.28,0.28,0.19
891,0.83,0.77,0.86,0.9,0.4,0.28,0.23,0.21
892,0.81,0.78,0.86,0.93,0.33,0.28,0.23,0.19
893,0.81,0.78,0.86,0.9,0.4,0.28,0.28,0.24
894,0.79,0.77,0.86,0.91,0.33,0.28,0.23,0.19
895,0.81,0.77,0.86,0.91,0.33,0.28,0.23,0.21
896,0.81,0.77,0.86,0.91,0.33,0.28,0.28,0.27
897,0.79,0.79,0.86,0.9,0.33,0.26,0.28,0.19
898,0.79,0.78,0.87,0.92,0.3,0.22,0.25,0.19
899,0.79,0.79,0.88,0.9,0.33,0.28,0.2,0.24
900,0.83,0.78,0.87,0.9,0.33,0.28,0.25,0.19
901,0.81,0.79,0.87,0.9,0.33,0.26,0.23,0.19
902,0.79,0.79,0.87,0.9,0.3,0.28,0.28,0.24
903,0.76,0.79,0.87,0.91,0.37,0.28,0.28,0.19
904,0.83,0.79,0.88,0.93,0.33,0.28,0.2,0.24
905,0.76,0.79,0.88,0.93,0.33,0.28,0.28,0.19
906,0.76,0.79,0.87,0.93,0.33,0.28,0.25,0.19
907,0.76,0.79,0.87,0.93,0.4,0.28,0.23,0.19
908,0.76,0.79,0.88,0.93,0.3,0.26,0.2,0.21
909,0.76,0.8,0.88,0.93,0.3,0.28,0.2,0.19
910,0.76,0.79,0.87,0.92,0.33,0.26,0.23,0.19
911,0.76,0.79,0.88,0.93,0.33,0.28,0.28,0.19
912,0.76,0.79,0.87,0.92,0.33,0.26,0.23,0.19
913,0.74,0.81,0.88,0.91,0.3,0.28,0.28,0.19
914,0.74,0.79,0.88,0.91,0.33,0.28,0.23,0.19
915,0.74,0.8,0.88,0.9,0.3,0.28,0.28,0.19
916,0.74,0.81,0.88,0.91,0.33,0.28,0.23,0.19
917,0.74,0.8,0.88,0.91,0.33,0.26,0.25,0.19
918,0.74,0.8,0.88,0.91,0.33,0.28,0.23,0.19
919,0.74,0.8,0.87,0.91,0.3,0.28,0.2,0.21
920,0.71,0.8,0.88,0.91,0.33,0.26,0.2,0.19
921,0.76,0.8,0.87,0.91,0.3,0.28,0.28,0.19
922,0.71,0.81,0.87,0.91,0.33,0.22,0.23,0.19
923,0.71,0.8,0.87,0.9,0.33,0.26,0.23,0.16
924,0.76,0.8,0.87,0.91,0.33,0.26,0.28,0.19
925,0.71,0.8,0.87,0.92,0.33,0.28,0.28,0.16
926,0.71,0.8,0.86,0.91,0.33,0.28,0.23,0.19
927,0.74,0.79,0.87,0.9,0.33,0.28,0.28,0.19
928,0.71,0.79,0.86,0.9,0.33,0.28,0.25,0.19
929,0.71,0.79,0.86,0.9,0.33,0.26,0.25,0.19
930,0.74,0.79,0.85,0.91,0.33,0.26,0.23,0.19
931,0.71,0.79,0.85,0.9,0.27,0.28,0.28,0.19
932,0.69,0.79,0.85,0.92,0.33,0.28,0.2,0.19
933,0.71,0.79,0.85,0.9,0.33,0.26,0.25,0.19
934,0.69,0.78,0.83,0.9,0.33,0.28,0.2,0.19
935,0.69,0.79,0.84,0.9,0.33,0.26,0.25,0.19
936,0.71,0.78,0.84,0.9,0.33,0.26,0.25,0.19
937,0.76,0.79,0.83,0.9,0.33,0.2,0.23,0.19
938,0.71,0.79,0.83,0.9,0.33,0.26,0.23,0.19
939,0.71,0.78,0.83,0.9,0.33,0.26,0.2,0.19
940,0.69,0.78,0.83,0.9,0.33,0.26,0.25,0.16
941,0.69,0.78,0.83,0.9,0.33,0.26,0.25,0.19
942,0.69,0.79,0.83,0.88,0.3,0.26,0.23,0.19
943,0.67,0.77,0.83,0.88,0.3,0.26,0.23,0.19
944,0.69,0.79,0.83,0.9,0.3,0.26,0.2,0.19
945,0.69,0.79,0.83,0.88,0.3,0.26,0.2,0.14
946,0.67,0.79,0.83,0.89,0.3,0.26,0.2,0.19
947,0.67,0.77,0.83,0.88,0.33,0.2,0.2,0.19
948,0.74,0.79,0.83,0.88,0.3,0.26,0.25,0.19
949,0.74,0.78,0.84,0.9,0.3,0.26,0.23,0.19
950,0.69,0.78,0.83,0.88,0.33,0.28,0.25,0.19
951,0.67,0.78,0.83,0.88,0.3,0.2,0.23,0.19
952,0.67,0.77,0.84,0.88,0.3,0.26,0.2,0.14
953,0.67,0.79,0.84,0.88,0.3,0.26,0.2,0.19
954,0.67,0.79,0.83,0.88,0.3,0.2,0.25,0.19
955,0.67,0.77,0.83,0.88,0.3,0.2,0.2,0.19
956,0.67,0.77,0.84,0.88,0.3,0.28,0.2,0.19
957,0.67,0.78,0.83,0.88,0.33,0.26,0.2,0.19
958,0.67,0.78,0.84,0.88,0.3,0.2,0.2,0.19
959,0.69,0.77,0.84,0.88,0.3,0.26,0.25,0.16
960,0.69,0.77,0.84,0.88,0.3,0.2,0.2,0.19
961,0.67,0.78,0.84,0.88,0.3,0.2,0.25,0.16
962,0.69,0.77,0.84,0.88,0.3,0.26,0.25,0.19
963,0.71,0.77,0.84,0.88,0.3,0.26,0.2,0.16
964,0.67,0.77,0.84,0.88,0.3,0.2,0.23,0.19
965,0.67,0.77,0.84,0.88,0.3,0.2,0.2,0.12
966,0.69,0.77,0.84,0.88,0.3,0.26,0.2,0.14
967,0.69,0.79,0.84,0.88,0.3,0.26,0.25,0.19
968,0.67,0.77,0.83,0.88,0.3,0.2,0.17,0.12
969,0.71,0.77,0.83,0.88,0.3,0.26,0.2,0.16
970,0.69,0.77,0.83,0.88,0.3,0.26,0.17,0.16
971,0.74,0.77,0.83,0.88,0.3,0.2,0.2,0.16
972,0.69,0.77,0.84,0.88,0.3,0.26,0.2,0.16
973,0.69,0.77,0.83,0.88,0.23,0.26,0.2,0.12
974,0.71,0.77,0.84,0.86,0.27,0.2,0.25,0.16
975,0.71,0.77,0.83,0.88,0.33,0.26,0.2,0.16
976,0.71,0.78,0.83,0.88,0.23,0.2,0.2,0.19
977,0.69,0.79,0.82,0.88,0.27,0.2,0.2,0.16
978,0.69,0.79,0.83,0.88,0.3,0.2,0.2,0.16
979,0.71,0.77,0.82,0.88,0.3,0.2,0.2,0.16
980,0.76,0.79,0.83,0.88,0.3,0.26,0.2,0.16
981,0.69,0.78,0.82,0.88,0.3,0.26,0.2,0.16
982,0.71,0.77,0.83,0.88,0.27,0.2,0.2,0.16
983,0.71,0.77,0.83,0.88,0.23,0.26,0.17,0.16
984,0.71,0.78,0.82,0.86,0.3,0.2,0.2,0.16
985,0.74,0.77,0.83,0.88,0.3,0.2,0.2,0.16
986,0.71,0.78,0.82,0.86,0.23,0.18,0.25,0.16
987,0.71,0.77,0.82,0.86,0.3,0.23,0.17,0.16
988,0.74,0.78,0.82,0.88,0.23,0.18,0.2,0.12
989,0.74,0.78,0.82,0.86,0.3,0.18,0.2,0.12
990,0.74,0.77,0.82,0.88,0.3,0.2,0.17,0.16
991,0.71,0.79,0.8,0.87,0.27,0.23,0.2,0.16
992,0.71,0.79,0.82,0.87,0.23,0.18,0.2,0.16
993,0.71,0.79,0.82,0.88,0.3,0.18,0.2,0.16
994,0.71,0.78,0.82,0.88,0.3,0.18,0.2,0.16
995,0.76,0.8,0.8,0.88,0.23,0.18,0.2,0.14
996,0.74,0.79,0.82,0.87,0.3,0.2,0.2,0.12
997,0.71,0.79,0.8,0.87,0.23,0.18,0.17,0.16
998,0.71,0.79,0.8,0.86,0.27,0.18,0.17,0.12
999,0.71,0.79,0.8,0.88,0.23,0.2,0.17,0.14
1000,0.74,0.8,0.82,0.87,0.27,0.18,0.2,0.16
1001,0.71,0.79,0.81,0.87,0.3,0.2,0.25,0.16
1002,0.71,0.8,0.82,0.87,0.3,0.18,0.2,0.16
1003,0.76,0.79,0.81,0.87,0.23,0.18,0.2,0.16
1004,0.71,0.79,0.81,0.87,0.3,0.18,0.2,0.14
1005,0.79,0.8,0.82,0.87,0.23,0.18,0.2,0.14
1006,0.71,0.8,0.81,0.87,0.3,0.18,0.17,0.16
1007,0.74,0.8,0.82,0.87,0.23,0.13,0.2,0.16
1008,0.69,0.79,0.82,0.86,0.3,0.2,0.17,0.12
1009,0.71,0.79,0.81,0.85,0.23,0.18,0.17,0.14
1010,0.74,0.8,0.8,0.86,0.23,0.18,0.2,0.12
1011,0.69,0.79,0.8,0.87,0.23,0.18,0.12,0.14
1012,0.76,0.8,0.8,0.87,0.23,0.2,0.17,0.1
1013,0.69,0.79,0.81,0.87,0.3,0.2,0.17,0.14
1014,0.69,0.8,0.8,0.86,0.23,0.18,0.17,0.16
1015,0.69,0.79,0.8,0.86,0.23,0.18,0.17,0.16
1016,0.69,0.79,0.81,0.85,0.3,0.18,0.2,0.1
1017,0.69,0.79,0.8,0.86,0.23,0.18,0.2,0.16
1018,0.67,0.8,0.8,0.85,0.23,0.23,0.12,0.14
1019,0.74,0.79,0.8,0.86,0.3,0.18,0.2,0.14
1020,0.69,0.79,0.79,0.87,0.23,0.18,0.2,0.14
1021,0.67,0.78,0.79,0.85,0.2,0.18,0.17,0.16
1022,0.67,0.78,0.79,0.85,0.2,0.18,0.17,0.1
1023,0.67,0.77,0.79,0.87,0.2,0.18,0.17,0.16
1024,0.69,0.78,0.79,0.87,0.3,0.18,0.12,0.14
1025,0.67,0.77,0.79,0.86,0.23,0.18,0.17,0.12
1026,0.71,0.77,0.78,0.86,0.2,0.18,0.17,0.16
1027,0.71,0.78,0.79,0.85,0.23,0.18,0.17,0.14
1028,0.64,0.77,0.78,0.85,0.2,0.16,0.17,0.14
1029,0.67,0.78,0.77,0.85,0.2,0.18,0.17,0.14
1030,0.64,0.78,0.77,0.85,0.2,0.16,0.17,0.14
1031,0.64,0.77,0.77,0.85,0.23,0.16,0.17,0.16
1032,0.64,0.76,0.77,0.85,0.2,0.18,0.17,0.14
1033,0.64,0.76,0.76,0.85,0.23,0.18,0.17,0.12
1034,0.69,0.76,0.76,0.85,0.26,0.18,0.17,0.14
1035,0.64,0.76,0.77,0.85,0.23,0.18,0.17,0.1
1036,0.64,0.77,0.76,0.85,0.26,0.18,0.17,0.12
1037,0.69,0.77,0.76,0.85,0.2,0.18,0.14,0.1
1038,0.67,0.76,0.76,0.85,0.2,0.18,0.12,0.1
1039,0.64,0.76,0.76,0.85,0.2,0.18,0.17,0.12
1040,0.67,0.76,0.76,0.84,0.23,0.16,0.17,0.16
1041,0.67,0.76,0.76,0.85,0.2,0.18,0.17,0.14
1042,0.67,0.77,0.75,0.85,0.2,0.18,0.17,0.16
1043,0.67,0.76,0.76,0.85,0.2,0.18,0.17,0.1
1044,0.67,0.76,0.75,0.84,0.23,0.18,0.17,0.16
1045,0.69,0.77,0.76,0.84,0.2,0.18,0.17,0.14
1046,0.67,0.76,0.76,0.85,0.23,0.18,0.17,0.16
1047,0.69,0.77,0.75,0.84,0.23,0.18,0.17,0.1
1048,0.67,0.76,0.76,0.85,0.2,0.18,0.12,0.1
1049,0.67,0.77,0.76,0.84,0.2,0.13,0.17,0.14
1050,0.67,0.78,0.76,0.85,0.2,0.18,0.17,0.1
1051,0.67,0.76,0.76,0.84,0.2,0.18,0.17,0.1
1052,0.67,0.76,0.76,0.84,0.2,0.2,0.17,0.1
1053,0.67,0.77,0.76,0.84,0.23,0.18,0.12,0.1
1054,0.69,0.76,0.76,0.84,0.23,0.18,0.17,0.14
1055,0.71,0.76,0.76,0.84,0.2,0.18,0.17,0.1
1056,0.67,0.77,0.76,0.84,0.23,0.16,0.17,0.14
1057,0.69,0.76,0.76,0.84,0.2,0.13,0.12,0.1
1058,0.67,0.75,0.76,0.84,0.23,0.13,0.17,0.14
1059,0.67,0.75,0.76,0.85,0.23,0.18,0.2,0.12
1060,0.67,0.75,0.76,0.84,0.2,0.13,0.17,0.14
1061,0.69,0.77,0.76,0.84,0.23,0.18,0.17,0.14
1062,0.67,0.77,0.75,0.85,0.23,0.13,0.17,0.14
1063,0.67,0.77,0.76,0.85,0.2,0.13,0.17,0.12
1064,0.67,0.75,0.76,0.84,0.3,0.16,0.17,0.16
1065,0.67,0.77,0.76,0.84,0.2,0.18,0.17,0.1
1066,0.69,0.75,0.76,0.84,0.23,0.16,0.17,0.1
1067,0.71,0.76,0.75,0.85,0.23,0.18,0.12,0.14
1068,0.74,0.76,0.76,0.85,0.2,0.18,0.17,0.1
1069,0.67,0.76,0.75,0.84,0.23,0.18,0.17,0.14
1070,0.67,0.77,0.75,0.84,0.2,0.18,0.12,0.14
1071,0.67,0.76,0.76,0.84,0.2,0.16,0.17,0.14
1072,0.69,0.76,0.76,0.85,0.2,0.11,0.17,0.1
1073,0.69,0.76,0.75,0.84,0.2,0.18,0.17,0.1
1074,0.69,0.77,0.75,0.84,0.2,0.18,0.17,0.14
1075,0.76,0.77,0.75,0.85,0.2,0.18,0.17,0.1
1076,0.69,0.76,0.75,0.84,0.2,0.18,0.17,0.1
1077,0.71,0.76,0.76,0.84,0.2,0.16,0.17,0.1
1078,0.69,0.76,0.75,0.84,0.2,0.18,0.17,0.14
1079,0.71,0.77,0.75,0.85,0.2,0.18,0.08,0.1
1080,0.71,0.76,0.75,0.84,0.23,0.16,0.17,0.1
1081,0.71,0.76,0.76,0.84,0.2,0.11,0.17,0.12
1082,0.76,0.75,0.75,0.84,0.13,0.16,0.14,0.14
1083,0.71,0.77,0.76,0.82,0.2,0.16,0.14,0.1
1084,0.71,0.77,0.75,0.84,0.2,0.16,0.08,0.14
1085,0.71,0.76,0.75,0.82,0.2,0.16,0.08,0.1
1086,0.76,0.75,0.76,0.84,0.17,0.14,0.14,0.1
1087,0.79,0.76,0.76,0.82,0.17,0.16,0.14,0.14
1088,0.71,0.76,0.75,0.84,0.2,0.16,0.14,0.12
1089,0.71,0.74,0.75,0.82,0.13,0.11,0.17,0.12
1090,0.71,0.75,0.75,0.84,0.17,0.11,0.08,0.07
1091,0.76,0.77,0.75,0.84,0.17,0.16,0.14,0.07
1092,0.71,0.74,0.75,0.84,0.17,0.16,0.14,0.12
1093,0.71,0.74,0.75,0.82,0.2,0.14,0.14,0.07
1094,0.69,0.76,0.75,0.83,0.17,0.14,0.08,0.07
1095,0.71,0.76,0.75,0.84,0.17,0.14,0.14,0.07
1096,0.71,0.75,0.75,0.82,0.17,0.16,0.14,0.07
1097,0.69,0.75,0.75,0.82,0.17,0.11,0.08,0.12
1098,0.71,0.74,0.74,0.83,0.17,0.16,0.08,0.12
1099,0.69,0.75,0.74,0.82,0.17,0.14,0.14,0.1
1100,0.69,0.75,0.74,0.82,0.17,0.16,0.14,0.07
1101,0.69,0.74,0.74,0.82,0.13,0.09,0.08,0.07
1102,0.71,0.74,0.74,0.83,0.17,0.11,0.14,0.07
1103,0.69,0.75,0.74,0.82,0.2,0.14,0.14,0.12
1104,0.71,0.73,0.74,0.82,0.17,0.16,0.14,0.07
1105,0.69,0.75,0.74,0.82,0.2,0.16,0.14,0.07
1106,0.69,0.73,0.74,0.84,0.2,0.11,0.14,0.07
1107,0.74,0.74,0.74,0.82,0.17,0.09,0.14,0.12
1108,0.69,0.74,0.75,0.82,0.17,0.14,0.08,0.07
1109,0.74,0.73,0.74,0.83,0.17,0.09,0.08,0.07
1110,0.69,0.73,0.75,0.84,0.17,0.11,0.14,0.07
1111,0.69,0.74,0.75,0.84,0.17,0.11,0.14,0.12
1112,0.69,0.73,0.75,0.83,0.17,0.14,0.14,0.12
1113,0.74,0.74,0.75,0.83,0.17,0.14,0.14,0.12
1114,0.71,0.74,0.75,0.83,0.17,0.14,0.14,0.05
1115,0.76,0.74,0.75,0.82,0.17,0.11,0.14,0.05
1116,0.71,0.74,0.75,0.82,0.17,0.16,0.14,0.1
1117,0.71,0.73,0.76,0.82,0.17,0.14,0.14,0.07
1118,0.71,0.74,0.75,0.82,0.17,0.14,0.14,0.05
1119,0.71,0.74,0.76,0.82,0.17,0.14,0.14,0.12
1120,0.74,0.75,0.76,0.82,0.1,0.16,0.14,0.07
1121,0.71,0.75,0.77,0.82,0.17,0.09,0.14,0.07
1122,0.74,0.75,0.76,0.82,0.17,0.14,0.14,0.07
1123,0.76,0.74,0.78,0.82,0.17,0.14,0.14,0.05
1124,0.76,0.75,0.78,0.82,0.17,0.09,0.14,0.07
1125,0.76,0.76,0.8,0.82,0.17,0.14,0.14,0.07
1126,0.79,0.75,0.79,0.84,0.1,0.09,0.14,0.12
1127,0.79,0.75,0.81,0.82,0.17,0.09,0.14,0.1
1128,0.83,0.77,0.8,0.82,0.17,0.14,0.14,0.05
1129,0.81,0.77,0.81,0.82,0.17,0.14,0.14,0.12
1130,0.81,0.77,0.81,0.82,0.17,0.14,0.14,0.07
1131,0.83,0.78,0.82,0.82,0.17,0.14,0.14,0.07
1132,0.83,0.77,0.82,0.82,0.17,0.09,0.14,0.12
1133,0.88,0.77,0.82,0.84,0.17,0.09,0.14,0.07
1134,0.88,0.77,0.83,0.84,0.17,0.14,0.14,0.12
1135,0.86,0.79,0.84,0.82,0.17,0.14,0.14,0.12
1136,0.88,0.78,0.83,0.82,0.17,0.14,0.19,0.12
1137,0.88,0.79,0.84,0.82,0.17,0.14,0.14,0.07
1138,0.88,0.8,0.84,0.82,0.17,0.14,0.14,0.12
1139,0.9,0.78,0.84,0.82,0.17,0.14,0.14,0.12
1140,0.88,0.79,0.84,0.82,0.17,0.09,0.14,0.12
1141,0.95,0.79,0.84,0.82,0.17,0.09,0.14,0.1
1142,0.93,0.8,0.85,0.82,0.1,0.11,0.14,0.12
1143,0.95,0.79,0.85,0.82,0.17,0.14,0.08,0.12
1144,0.9,0.81,0.86,0.82,0.17,0.14,0.14,0.12
1145,0.93,0.82,0.86,0.82,0.17,0.14,0.14,0.1
1146,0.95,0.82,0.86,0.82,0.17,0.14,0.14,0.12
1147,0.93,0.82,0.88,0.82,0.17,0.14,0.14,0.1
1148,0.98,0.82,0.88,0.82,0.17,0.16,0.14,0.12
1149,0.93,0.82,0.88,0.82,0.13,0.14,0.14,0.12
1150,0.93,0.82,0.89,0.82,0.17,0.14,0.14,0.12
1151,0.93,0.82,0.89,0.82,0.17,0.14,0.14,0.07
1152,0.93,0.84,0.89,0.81,0.17,0.14,0.14,0.07
1153,0.93,0.82,0.89,0.82,0.17,0.14,0.14,0.12
1154,0.98,0.82,0.9,0.82,0.17,0.14,0.14,0.12
1155,0.93,0.83,0.9,0.82,0.17,0.14,0.14,0.07
1156,0.93,0.84,0.9,0.82,0.17,0.14,0.14,0.12
1157,0.93,0.83,0.9,0.81,0.17,0.14,0.14,0.12
1158,0.93,0.84,0.9,0.81,0.17,0.09,0.14,0.07
1159,0.9,0.85,0.9,0.8,0.1,0.09,0.14,0.12
1160,0.93,0.85,0.9,0.81,0.17,0.14,0.14,0.12
1161,0.9,0.85,0.9,0.8,0.17,0.09,0.14,0.07
1162,0.88,0.84,0.9,0.8,0.13,0.09,0.14,0.07
1163,0.9,0.85,0.9,0.8,0.17,0.14,0.14,0.12
1164,0.9,0.85,0.89,0.81,0.13,0.14,0.14,0.12
1165,0.93,0.86,0.89,0.81,0.17,0.09,0.14,0.07
1166,0.88,0.85,0.89,0.81,0.17,0.14,0.14,0.12
1167,0.88,0.85,0.89,0.8,0.17,0.14,0.14,0.07
1168,0.88,0.85,0.88,0.8,0.17,0.14,0.14,0.12
1169,0.9,0.86,0.88,0.8,0.17,0.14,0.14,0.12
1170,0.88,0.87,0.88,0.8,0.17,0.14,0.14,0.07
1171,0.93,0.87,0.88,0.8,0.17,0.09,0.14,0.07
1172,0.88,0.87,0.88,0.8,0.17,0.14,0.14,0.07
1173,0.88,0.87,0.88,0.8,0.17,0.09,0.14,0.07
1174,0.88,0.87,0.87,0.8,0.17,0.14,0.14,0.12
1175,0.95,0.87,0.86,0.8,0.17,0.14,0.14,0.07
1176,0.88,0.87,0.87,0.8,0.17,0.14,0.14,0.12
1177,0.9,0.88,0.87,0.8,0.17,0.12,0.14,0.07
1178,0.93,0.87,0.86,0.78,0.17,0.14,0.14,0.1
1179,0.9,0.87,0.86,0.8,0.17,0.12,0.14,0.12
1180,0.9,0.88,0.86,0.78,0.17,0.12,0.08,0.07
1181,0.93,0.88,0.86,0.78,0.17,0.14,0.14,0.07
1182,0.9,0.88,0.85,0.8,0.17,0.14,0.08,0.12
1183,0.9,0.88,0.85,0.78,0.1,0.14,0.14,0.07
1184,0.9,0.88,0.85,0.78,0.17,0.14,0.11,0.07
1185,0.9,0.88,0.86,0.8,0.17,0.14,0.08,0.07
1186,0.93,0.89,0.85,0.78,0.17,0.14,0.14,0.12
1187,0.93,0.89,0.85,0.78,0.1,0.14,0.14,0.07
1188,0.93,0.88,0.86,0.78,0.17,0.14,0.14,0.12
1189,0.93,0.89,0.86,0.78,0.17,0.14,0.11,0.07
1190,0.95,0.89,0.85,0.8,0.17,0.09,0.08,0.12
1191,0.93,0.88,0.86,0.8,0.17,0.09,0.08,0.07
1192,0.93,0.89,0.86,0.8,0.17,0.14,0.14,0.12
1193,0.93,0.89,0.86,0.78,0.17,0.14,0.14,0.1
1194,0.93,0.89,0.86,0.78,0.17,0.09,0.14,0.07
1195,0.95,0.89,0.86,0.78,0.17,0.09,0.17,0.07
1196,0.93,0.9,0.86,0.78,0.17,0.09,0.14,0.12
1197,0.95,0.88,0.86,0.8,0.17,0.14,0.14,0.1
1198,0.93,0.89,0.86,0.79,0.17,0.09,0.08,0.12
1199,1.0,0.89,0.86,0.79,0.17,0.12,0.14,0.07
1200,0.95,0.9,0.86,0.78,0.17,0.09,0.14,0.12
1201,0.95,0.9,0.87,0.79,0.17,0.14,0.14,0.12
1202,0.93,0.9,0.87,0.78,0.17,0.14,0.14,0.07
1203,0.93,0.9,0.87,0.78,0.17,0.09,0.14,0.12
1204,0.93,0.91,0.88,0.78,0.17,0.14,0.14,0.12
1205,0.93,0.9,0.89,0.78,0.17,0.14,0.14,0.12
1206,0.93,0.9,0.89,0.78,0.17,0.09,0.17,0.07
1207,0.93,0.9,0.89,0.79,0.17,0.09,0.14,0.14
1208,0.93,0.91,0.89,0.79,0.17,0.14,0.17,0.1
1209,0.93,0.91,0.89,0.79,0.2,0.14,0.14,0.12
1210,0.93,0.92,0.89,0.79,0.17,0.14,0.14,0.12
1211,0.9,0.9,0.9,0.79,0.2,0.11,0.14,0.07
1212,0.9,0.9,0.9,0.79,0.17,0.14,0.14,0.12
1213,0.95,0.91,0.9,0.78,0.2,0.14,0.14,0.1
1214,0.9,0.9,0.9,0.79,0.17,0.09,0.14,0.14
1215,0.88,0.92,0.9,0.79,0.2,0.14,0.14,0.14
1216,0.88,0.92,0.9,0.79,0.17,0.11,0.14,0.12
1217,0.9,0.91,0.91,0.79,0.17,0.14,0.08,0.12
1218,0.88,0.91,0.9,0.79,0.1,0.14,0.12,0.07
1219,0.88,0.91,0.91,0.79,0.17,0.09,0.12,0.12
1220,0.88,0.91,0.9,0.79,0.2,0.14,0.17,0.07
1221,0.88,0.92,0.9,0.79,0.17,0.14,0.14,0.12
1222,0.86,0.92,0.91,0.79,0.17,0.14,0.08,0.07
1223,0.86,0.92,0.9,0.79,0.17,0.14,0.14,0.07
1224,0.86,0.91,0.91,0.79,0.17,0.14,0.17,0.14
1225,0.86,0.93,0.9,0.79,0.17,0.14,0.12,0.12
1226,0.86,0.92,0.91,0.8,0.2,0.14,0.14,0.12
1227,0.83,0.91,0.9,0.8,0.2,0.09,0.12,0.07
1228,0.86,0.91,0.9,0.8,0.17,0.09,0.14,0.07
1229,0.83,0.93,0.9,0.78,0.2,0.11,0.14,0.07
1230,0.86,0.91,0.9,0.79,0.17,0.14,0.14,0.14
1231,0.86,0.91,0.9,0.79,0.17,0.14,0.14,0.1
1232,0.83,0.92,0.9,0.79,0.2,0.14,0.12,0.07
1233,0.81,0.91,0.9,0.78,0.17,0.09,0.17,0.14
1234,0.86,0.91,0.9,0.78,0.17,0.11,0.17,0.14
1235,0.81,0.9,0.89,0.78,0.2,0.09,0.08,0.1
1236,0.81,0.92,0.88,0.8,0.2,0.09,0.12,0.1
1237,0.79,0.9,0.87,0.79,0.2,0.11,0.12,0.07
1238,0.79,0.9,0.88,0.79,0.2,0.14,0.14,0.07
1239,0.83,0.9,0.87,0.79,0.13,0.14,0.08,0.07
1240,0.79,0.88,0.88,0.79,0.17,0.14,0.08,0.07
1241,0.79,0.88,0.87,0.8,0.2,0.14,0.14,0.07
1242,0.79,0.9,0.87,0.79,0.1,0.14,0.08,0.12
1243,0.79,0.88,0.87,0.79,0.2,0.14,0.14,0.07
1244,0.76,0.88,0.87,0.79,0.17,0.14,0.17,0.12
1245,0.79,0.9,0.87,0.8,0.17,0.14,0.14,0.1
1246,0.79,0.9,0.87,0.78,0.2,0.09,0.12,0.07
1247,0.76,0.9,0.87,0.78,0.17,0.09,0.17,0.07
1248,0.79,0.88,0.87,0.79,0.17,0.09,0.08,0.07
1249,0.79,0.9,0.87,0.8,0.2,0.11,0.12,0.07
1250,0.81,0.88,0.87,0.79,0.2,0.11,0.08,0.07
1251,0.76,0.9,0.87,0.79,0.1,0.09,0.17,0.12
1252,0.76,0.88,0.87,0.79,0.2,0.09,0.12,0.07
1253,0.83,0.9,0.87,0.79,0.2,0.09,0.08,0.1
1254,0.76,0.9,0.87,0.79,0.2,0.16,0.17,0.07
1255,0.76,0.89,0.87,0.79,0.17,0.16,0.17,0.07
1256,0.76,0.89,0.86,0.79,0.2,0.11,0.08,0.12
1257,0.76,0.89,0.86,0.79,0.13,0.09,0.12,0.07
1258,0.76,0.89,0.86,0.79,0.13,0.09,0.08,0.12
1259,0.76,0.89,0.87,0.79,0.17,0.09,0.14,0.07
1260,0.76,0.89,0.86,0.79,0.17,0.09,0.17,0.1
1261,0.76,0.89,0.88,0.79,0.13,0.14,0.12,0.1
1262,0.76,0.88,0.88,0.79,0.17,0.09,0.14,0.12
1263,0.76,0.89,0.88,0.78,0.2,0.14,0.14,0.1
1264,0.76,0.88,0.87,0.79,0.2,0.16,0.17,0.1
1265,0.76,0.88,0.86,0.79,0.2,0.14,0.14,0.14
1266,0.81,0.89,0.87,0.79,0.2,0.16,0.08,0.1
1267,0.79,0.88,0.87,0.78,0.2,0.14,0.08,0.12
1268,0.76,0.9,0.87,0.79,0.2,0.14,0.17,0.07
1269,0.74,0.9,0.89,0.8,0.2,0.11,0.12,0.07
1270,0.74,0.9,0.88,0.79,0.2,0.11,0.14,0.1
1271,0.76,0.89,0.88,0.79,0.2,0.14,0.12,0.1
1272,0.79,0.89,0.88,0.79,0.2,0.14,0.12,0.07
1273,0.74,0.89,0.88,0.79,0.2,0.14,0.14,0.14
1274,0.74,0.89,0.88,0.78,0.2,0.14,0.17,0.12
1275,0.71,0.89,0.87,0.79,0.2,0.11,0.14,0.12
1276,0.71,0.89,0.88,0.78,0.17,0.09,0.14,0.14
1277,0.71,0.89,0.88,0.78,0.2,0.16,0.14,0.1
1278,0.71,0.89,0.87,0.78,0.2,0.16,0.14,0.07
1279,0.76,0.88,0.87,0.78,0.2,0.09,0.17,0.12
1280,0.71,0.88,0.88,0.8,0.2,0.14,0.12,0.14
1281,0.74,0.88,0.87,0.78,0.2,0.16,0.08,0.07
1282,0.71,0.88,0.87,0.78,0.2,0.14,0.17,0.12
1283,0.71,0.88,0.87,0.78,0.2,0.14,0.14,0.12
1284,0.71,0.88,0.87,0.78,0.2,0.14,0.14,0.07
1285,0.71,0.88,0.86,0.79,0.2,0.14,0.14,0.07
1286,0.71,0.89,0.86,0.78,0.2,0.14,0.14,0.14
1287,0.76,0.88,0.87,0.78,0.2,0.14,0.14,0.12
1288,0.69,0.88,0.86,0.78,0.2,0.14,0.14,0.07
1289,0.71,0.88,0.87,0.79,0.2,0.14,0.17,0.14
1290,0.74,0.88,0.86,0.78,0.17,0.14,0.17,0.14
1291,0.69,0.87,0.87,0.78,0.2,0.16,0.17,0.14
1292,0.69,0.88,0.86,0.78,0.26,0.14,0.14,0.14
1293,0.67,0.87,0.86,0.79,0.2,0.14,0.14,0.14
1294,0.74,0.88,0.86,0.79,0.2,0.11,0.14,0.12
1295,0.69,0.88,0.87,0.78,0.2,0.16,0.14,0.14
1296,0.67,0.89,0.86,0.79,0.2,0.16,0.14,0.14
1297,0.67,0.87,0.86,0.78,0.2,0.16,0.14,0.12
1298,0.67,0.87,0.86,0.79,0.2,0.16,0.17,0.12
1299,0.69,0.85,0.86,0.78,0.2,0.14,0.14,0.12
1300,0.67,0.87,0.86,0.79,0.2,0.14,0.14,0.07
1301,0.64,0.87,0.85,0.78,0.2,0.14,0.14,0.14
1302,0.64,0.86,0.85,0.78,0.26,0.14,0.14,0.12
1303,0.64,0.86,0.85,0.79,0.2,0.16,0.14,0.12
1304,0.67,0.86,0.85,0.78,0.2,0.14,0.17,0.14
1305,0.64,0.86,0.85,0.78,0.26,0.14,0.14,0.12
1306,0.67,0.85,0.85,0.79,0.2,0.16,0.14,0.12
1307,0.62,0.84,0.85,0.78,0.2,0.19,0.14,0.12
1308,0.6,0.85,0.84,0.8,0.17,0.14,0.19,0.12
1309,0.6,0.85,0.83,0.78,0.2,0.16,0.14,0.12
1310,0.6,0.85,0.83,0.78,0.17,0.14,0.14,0.12
1311,0.6,0.84,0.83,0.8,0.2,0.14,0.14,0.12
1312,0.62,0.85,0.82,0.79,0.2,0.14,0.14,0.12
1313,0.6,0.85,0.82,0.78,0.2,0.14,0.14,0.12
1314,0.6,0.84,0.82,0.78,0.17,0.14,0.14,0.12
1315,0.57,0.83,0.81,0.76,0.17,0.14,0.14,0.12
1316,0.6,0.83,0.81,0.79,0.2,0.19,0.14,0.12
1317,0.57,0.84,0.81,0.78,0.26,0.14,0.14,0.12
1318,0.62,0.83,0.81,0.78,0.26,0.14,0.14,0.12
1319,0.57,0.82,0.8,0.79,0.2,0.16,0.19,0.12
1320,0.57,0.83,0.8,0.78,0.2,0.14,0.19,0.12
1321,0.57,0.81,0.8,0.79,0.17,0.14,0.19,0.12
1322,0.55,0.81,0.78,0.78,0.26,0.16,0.14,0.12
1323,0.55,0.81,0.8,0.79,0.2,0.14,0.14,0.12
1324,0.57,0.81,0.78,0.79,0.2,0.14,0.14,0.12
1325,0.62,0.8,0.77,0.79,0.2,0.14,0.14,0.12
1326,0.55,0.8,0.77,0.79,0.17,0.14,0.14,0.12
1327,0.55,0.79,0.77,0.78,0.2,0.16,0.19,0.12
1328,0.52,0.78,0.76,0.79,0.17,0.14,0.14,0.12
1329,0.55,0.78,0.75,0.79,0.17,0.19,0.14,0.1
1330,0.52,0.79,0.75,0.79,0.23,0.14,0.11,0.1
1331,0.52,0.78,0.75,0.79,0.17,0.14,0.11,0.12
1332,0.52,0.78,0.74,0.78,0.17,0.14,0.11,0.12
1333,0.52,0.78,0.75,0.79,0.23,0.19,0.11,0.12
1334,0.52,0.78,0.73,0.77,0.17,0.14,0.11,0.1
1335,0.52,0.77,0.73,0.78,0.2,0.14,0.14,0.1
1336,0.5,0.76,0.73,0.76,0.17,0.12,0.14,0.12
1337,0.5,0.77,0.73,0.78,0.17,0.14,0.14,0.12
1338,0.52,0.76,0.72,0.78,0.17,0.14,0.11,0.12
1339,0.5,0.76,0.72,0.76,0.17,0.14,0.11,0.1
1340,0.5,0.76,0.72,0.77,0.17,0.14,0.11,0.15
1341,0.52,0.76,0.71,0.79,0.17,0.14,0.11,0.12
1342,0.5,0.76,0.71,0.79,0.17,0.14,0.19,0.1
1343,0.5,0.74,0.71,0.79,0.17,0.19,0.16,0.1
1344,0.5,0.75,0.71,0.77,0.17,0.14,0.16,0.17
1345,0.5,0.75,0.71,0.76,0.2,0.14,0.16,0.17
1346,0.5,0.75,0.7,0.77,0.17,0.14,0.16,0.15
1347,0.5,0.74,0.7,0.77,0.23,0.14,0.14,0.17
1348,0.52,0.74,0.7,0.76,0.23,0.12,0.14,0.1
1349,0.5,0.74,0.7,0.77,0.17,0.17,0.14,0.15
1350,0.48,0.74,0.69,0.77,0.2,0.12,0.11,0.1
1351,0.48,0.72,0.68,0.77,0.17,0.14,0.11,0.1
1352,0.48,0.73,0.68,0.77,0.23,0.12,0.11,0.1
1353,0.52,0.73,0.67,0.77,0.17,0.17,0.16,0.15
1354,0.52,0.71,0.67,0.75,0.17,0.17,0.11,0.15
1355,0.52,0.71,0.67,0.77,0.17,0.12,0.16,0.15
1356,0.48,0.71,0.67,0.77,0.17,0.12,0.16,0.1
1357,0.48,0.71,0.67,0.77,0.17,0.12,0.16,0.15
1358,0.48,0.71,0.66,0.77,0.17,0.14,0.16,0.1
1359,0.48,0.71,0.65,0.77,0.17,0.14,0.16,0.1
1360,0.5,0.71,0.65,0.77,0.13,0.12,0.16,0.1
1361,0.48,0.7,0.66,0.77,0.23,0.17,0.16,0.13
1362,0.45,0.7,0.65,0.77,0.13,0.17,0.16,0.1
1363,0.45,0.7,0.64,0.77,0.17,0.12,0.08,0.15
1364,0.45,0.69,0.64,0.74,0.13,0.17,0.16,0.13
1365,0.45,0.68,0.64,0.77,0.17,0.12,0.16,0.1
1366,0.45,0.68,0.64,0.75,0.17,0.12,0.16,0.1
1367,0.45,0.68,0.63,0.77,0.13,0.12,0.14,0.15
1368,0.48,0.68,0.62,0.77,0.2,0.12,0.11,0.15
1369,0.48,0.69,0.62,0.77,0.2,0.12,0.16,0.07
1370,0.45,0.66,0.62,0.77,0.23,0.12,0.16,0.1
1371,0.45,0.67,0.62,0.75,0.23,0.12,0.11,0.07
1372,0.43,0.68,0.62,0.77,0.23,0.12,0.14,0.1
1373,0.43,0.67,0.61,0.75,0.17,0.09,0.16,0.13
1374,0.45,0.66,0.61,0.78,0.23,0.17,0.14,0.1
1375,0.5,0.67,0.59,0.78,0.13,0.17,0.16,0.15
1376,0.5,0.66,0.59,0.75,0.13,0.12,0.08,0.07
1377,0.43,0.65,0.59,0.77,0.17,0.17,0.08,0.1
1378,0.45,0.65,0.59,0.75,0.13,0.12,0.08,0.13
1379,0.43,0.64,0.59,0.76,0.13,0.12,0.11,0.07
1380,0.43,0.64,0.59,0.75,0.13,0.12,0.11,0.13
1381,0.43,0.65,0.58,0.76,0.17,0.09,0.14,0.07
1382,0.43,0.64,0.58,0.77,0.13,0.09,0.16,0.13
1383,0.4,0.63,0.58,0.77,0.13,0.09,0.16,0.13
1384,0.4,0.63,0.57,0.75,0.13,0.12,0.08,0.13
1385,0.4,0.63,0.57,0.75,0.2,0.09,0.14,0.13
1386,0.4,0.63,0.57,0.75,0.13,0.12,0.16,0.13
1387,0.4,0.63,0.57,0.75,0.2,0.09,0.14,0.07
1388,0.48,0.63,0.56,0.75,0.13,0.09,0.16,0.15
1389,0.38,0.62,0.56,0.75,0.13,0.09,0.16,0.07
1390,0.4,0.63,0.55,0.75,0.13,0.09,0.08,0.07
1391,0.4,0.62,0.55,0.77,0.13,0.12,0.08,0.13
1392,0.43,0.62,0.56,0.75,0.13,0.12,0.08,0.13
1393,0.45,0.62,0.55,0.75,0.13,0.09,0.14,0.07
1394,0.4,0.61,0.55,0.76,0.1,0.15,0.16,0.07
1395,0.38,0.61,0.55,0.75,0.1,0.09,0.11,0.07
1396,0.38,0.62,0.55,0.75,0.13,0.12,0.08,0.07
1397,0.38,0.61,0.54,0.75,0.13,0.15,0.16,0.13
1398,0.4,0.61,0.53,0.75,0.2,0.12,0.08,0.13
1399,0.38,0.61,0.54,0.76,0.13,0.12,0.14,0.07
1400,0.38,0.6,0.53,0.76,0.13,0.09,0.16,0.13
1401,0.38,0.61,0.53,0.76,0.2,0.09,0.14,0.07
1402,0.4,0.6,0.53,0.76,0.17,0.12,0.08,0.07
1403,0.38,0.6,0.52,0.75,0.13,0.12,0.14,0.13
1404,0.38,0.58,0.53,0.76,0.2,0.17,0.16,0.07
1405,0.43,0.59,0.52,0.78,0.13,0.15,0.16,0.13
1406,0.36,0.58,0.51,0.76,0.13,0.12,0.16,0.13
1407,0.38,0.6,0.52,0.78,0.13,0.15,0.14,0.13
1408,0.36,0.58,0.51,0.76,0.13,0.09,0.11,0.13
1409,0.36,0.58,0.51,0.76,0.13,0.12,0.11,0.15
1410,0.36,0.58,0.51,0.76,0.13,0.12,0.16,0.1
1411,0.36,0.58,0.51,0.76,0.13,0.15,0.11,0.07
1412,0.36,0.57,0.51,0.76,0.13,0.12,0.14,0.07
1413,0.36,0.58,0.49,0.76,0.13,0.09,0.14,0.07
1414,0.36,0.57,0.51,0.76,0.13,0.12,0.11,0.13
1415,0.36,0.58,0.5,0.76,0.13,0.09,0.11,0.13
1416,0.36,0.57,0.49,0.76,0.2,0.12,0.16,0.13
1417,0.38,0.58,0.49,0.76,0.13,0.09,0.14,0.07
1418,0.4,0.56,0.49,0.76,0.13,0.09,0.11,0.13
1419,0.38,0.58,0.49,0.76,0.1,0.09,0.08,0.1
1420,0.33,0.56,0.48,0.76,0.13,0.15,0.16,0.15
1421,0.4,0.56,0.49,0.75,0.2,0.09,0.11,0.13
1422,0.36,0.56,0.49,0.77,0.13,0.09,0.14,0.13
1423,0.33,0.56,0.48,0.77,0.13,0.09,0.16,0.13
1424,0.33,0.55,0.48,0.76,0.16,0.09,0.14,0.13
1425,0.33,0.56,0.49,0.78,0.13,0.15,0.16,0.07
1426,0.36,0.54,0.47,0.76,0.13,0.17,0.11,0.07
1427,0.31,0.56,0.47,0.79,0.1,0.15,0.08,0.13
1428,0.33,0.56,0.47,0.76,0.13,0.09,0.14,0.13
1429,0.33,0.54,0.47,0.76,0.13,0.09,0.16,0.15
1430,0.31,0.54,0.47,0.77,0.13,0.12,0.16,0.13
1431,0.31,0.54,0.46,0.77,0.13,0.09,0.11,0.13
1432,0.33,0.54,0.45,0.77,0.13,0.15,0.11,0.07
1433,0.33,0.52,0.45,0.77,0.2,0.09,0.16,0.13
1434,0.36,0.54,0.46,0.77,0.13,0.15,0.16,0.13
1435,0.31,0.54,0.45,0.77,0.13,0.09,0.16,0.13
1436,0.33,0.54,0.45,0.77,0.13,0.15,0.14,0.07
1437,0.31,0.54,0.45,0.77,0.13,0.15,0.14,0.13
1438,0.33,0.52,0.44,0.77,0.1,0.09,0.14,0.13
1439,0.33,0.52,0.43,0.77,0.1,0.15,0.14,0.07
1440,0.33,0.52,0.43,0.77,0.1,0.09,0.14,0.13
1441,0.31,0.52,0.43,0.77,0.2,0.09,0.14,0.13
1442,0.29,0.52,0.43,0.77,0.1,0.09,0.16,0.13
1443,0.33,0.52,0.43,0.76,0.1,0.15,0.14,0.07
1444,0.29,0.52,0.43,0.77,0.1,0.13,0.14,0.1
1445,0.31,0.52,0.42,0.77,0.1,0.09,0.14,0.13
1446,0.31,0.52,0.42,0.77,0.1,0.15,0.16,0.13
1447,0.33,0.5,0.42,0.77,0.1,0.09,0.16,0.05
1448,0.29,0.51,0.42,0.77,0.1,0.07,0.14,0.13
1449,0.29,0.51,0.42,0.77,0.1,0.13,0.08,0.07
1450,0.31,0.5,0.41,0.76,0.1,0.07,0.14,0.05
1451,0.29,0.5,0.42,0.77,0.1,0.13,0.14,0.07
1452,0.29,0.5,0.41,0.77,0.1,0.09,0.14,0.1
1453,0.31,0.5,0.41,0.77,0.1,0.13,0.14,0.13
1454,0.31,0.5,0.41,0.77,0.07,0.13,0.08,0.1
1455,0.26,0.5,0.4,0.77,0.1,0.07,0.08,0.13
1456,0.26,0.5,0.4,0.77,0.1,0.07,0.14,0.1
1457,0.31,0.5,0.4,0.76,0.1,0.09,0.14,0.1
1458,0.26,0.5,0.39,0.77,0.1,0.13,0.08,0.1
1459,0.29,0.5,0.39,0.77,0.1,0.13,0.14,0.05
1460,0.31,0.49,0.39,0.79,0.1,0.07,0.14,0.13
1461,0.31,0.48,0.4,0.77,0.1,0.13,0.08,0.1
1462,0.29,0.48,0.39,0.77,0.07,0.07,0.14,0.07
1463,0.31,0.48,0.39,0.77,0.1,0.13,0.08,0.07
1464,0.26,0.48,0.39,0.77,0.1,0.13,0.14,0.1
1465,0.31,0.48,0.38,0.78,0.07,0.13,0.11,0.1
1466,0.26,0.48,0.39,0.77,0.1,0.13,0.11,0.05
1467,0.26,0.48,0.38,0.79,0.1,0.07,0.14,0.05
1468,0.26,0.49,0.38,0.77,0.1,0.07,0.14,0.1
1469,0.26,0.48,0.38,0.77,0.1,0.07,0.08,0.05
1470,0.24,0.48,0.37,0.77,0.07,0.07,0.14,0.05
1471,0.26,0.48,0.37,0.77,0.1,0.07,0.14,0.1
1472,0.29,0.46,0.37,0.76,0.1,0.13,0.14,0.1
1473,0.26,0.47,0.37,0.77,0.1,0.07,0.08,0.1
1474,0.24,0.47,0.37,0.77,0.07,0.07,0.14,0.1
1475,0.24,0.47,0.37,0.79,0.07,0.07,0.14,0.05
1476,0.26,0.46,0.37,0.77,0.07,0.1,0.14,0.05
1477,0.24,0.46,0.36,0.79,0.07,0.13,0.11,0.1
1478,0.24,0.46,0.36,0.76,0.07,0.07,0.14,0.1
1479,0.24,0.47,0.36,0.77,0.07,0.07,0.11,0.1
1480,0.26,0.46,0.35,0.77,0.07,0.13,0.11,0.1
1481,0.24,0.44,0.35,0.77,0.07,0.07,0.08,0.1
1482,0.24,0.45,0.36,0.77,0.07,0.07,0.08,0.1
1483,0.24,0.46,0.35,0.76,0.1,0.07,0.11,0.1
1484,0.21,0.44,0.35,0.76,0.07,0.05,0.11,0.1
1485,0.24,0.44,0.35,0.77,0.07,0.07,0.11,0.1
1486,0.21,0.45,0.35,0.77,0.07,0.07,0.08,0.05
1487,0.21,0.44,0.34,0.77,0.07,0.13,0.11,0.05
1488,0.29,0.45,0.34,0.77,0.07,0.05,0.14,0.05
1489,0.21,0.46,0.34,0.77,0.07,0.05,0.05,0.05
1490,0.24,0.44,0.35,0.77,0.07,0.05,0.14,0.05
1491,0.21,0.45,0.35,0.77,0.07,0.07,0.08,0.07
1492,0.21,0.44,0.34,0.77,0.07,0.05,0.05,0.05
1493,0.21,0.43,0.33,0.77,0.1,0.07,0.08,0.05
1494,0.24,0.43,0.34,0.75,0.07,0.07,0.05,0.05
1495,0.21,0.44,0.33,0.76,0.1,0.07,0.11,0.1
1496,0.21,0.41,0.33,0.77,0.07,0.07,0.05,0.07
1497,0.26,0.43,0.34,0.77,0.0,0.05,0.08,0.05
1498,0.21,0.42,0.33,0.77,0.07,0.05,0.08,0.05
1499,0.21,0.41,0.33,0.76,0.0,0.07,0.05,0.05
