0,0.01,0.03,0.0,0.0,0.0,0.01,0.01,0.01
1,0.01,0.02,0.0,0.01,0.0,0.01,0.01,0.01
2,0.01,0.03,0.0,0.01,0.0,0.0,0.01,0.01
3,0.02,0.03,0.0,0.0,0.0,0.01,0.0,0.01
4,0.01,0.03,0.0,0.0,0.0,0.0,0.0,0.01
5,0.01,0.03,0.01,0.0,0.0,0.0,0.01,0.01
6,0.02,0.02,0.0,0.01,0.0,0.01,0.01,0.0
7,0.01,0.02,0.01,0.0,0.0,0.0,0.0,0.01
8,0.01,0.02,0.01,0.0,0.0,0.0,0.0,0.01
9,0.01,0.02,0.0,0.0,0.0,0.01,0.01,0.01
10,0.01,0.02,0.0,0.0,0.0,0.01,0.01,0.0
11,0.01,0.02,0.0,0.0,0.0,0.0,0.01,0.01
12,0.02,0.03,0.01,0.0,0.0,0.0,0.0,0.0
13,0.02,0.02,0.0,0.0,0.0,0.0,0.01,0.01
14,0.01,0.03,0.0,0.0,0.0,0.0,0.01,0.01
15,0.01,0.02,0.01,0.0,0.0,0.0,0.01,0.01
16,0.01,0.03,0.01,0.0,0.0,0.0,0.01,0.01
17,0.01,0.02,0.01,0.0,0.0,0.0,0.01,0.0
18,0.01,0.03,0.0,0.0,0.0,0.01,0.01,0.01
19,0.01,0.02,0.0,0.0,0.0,0.0,0.0,0.0
20,0.01,0.02,0.01,0.0,0.0,0.01,0.01,0.01
21,0.02,0.03,0.0,0.01,0.0,0.0,0.0,0.01
22,0.01,0.02,0.01,0.0,0.0,0.01,0.0,0.01
23,0.01,0.02,0.0,0.0,0.0,0.0,0.01,0.01
24,0.01,0.03,0.01,0.0,0.0,0.0,0.0,0.01
25,0.01,0.02,0.0,0.01,0.0,0.0,0.01,0.01
26,0.02,0.02,0.0,0.01,0.0,0.01,0.01,0.01
27,0.01,0.02,0.0,0.01,0.0,0.0,0.01,0.01
28,0.01,0.02,0.0,0.01,0.0,0.0,0.0,0.01
29,0.02,0.02,0.0,0.01,0.0,0.0,0.01,0.01
30,0.01,0.03,0.0,0.01,0.0,0.0,0.01,0.01
31,0.01,0.02,0.01,0.01,0.0,0.0,0.01,0.01
32,0.01,0.02,0.01,0.01,0.0,0.0,0.01,0.01
33,0.01,0.02,0.0,0.01,0.0,0.0,0.01,0.01
34,0.02,0.02,0.0,0.03,0.0,0.0,0.01,0.0
35,0.01,0.02,0.01,0.01,0.0,0.0,0.0,0.01
36,0.01,0.02,0.0,0.01,0.0,0.0,0.01,0.01
37,0.01,0.03,0.01,0.03,0.0,0.01,0.01,0.01
38,0.01,0.02,0.0,0.01,0.0,0.0,0.01,0.01
39,0.01,0.02,0.0,0.03,0.0,0.01,0.01,0.01
40,0.03,0.02,0.01,0.01,0.0,0.0,0.01,0.01
41,0.02,0.02,0.01,0.03,0.0,0.01,0.01,0.01
42,0.01,0.02,0.0,0.03,0.0,0.0,0.01,0.01
43,0.02,0.02,0.0,0.03,0.0,0.01,0.01,0.01
44,0.01,0.02,0.01,0.03,0.0,0.0,0.01,0.01
45,0.01,0.02,0.01,0.03,0.0,0.01,0.01,0.01
46,0.02,0.02,0.01,0.03,0.0,0.01,0.01,0.01
47,0.01,0.02,0.01,0.03,0.0,0.01,0.01,0.01
48,0.02,0.02,0.01,0.03,0.0,0.0,0.01,0.01
49,0.02,0.02,0.01,0.03,0.0,0.01,0.01,0.01
50,0.01,0.03,0.01,0.04,0.0,0.0,0.01,0.01
51,0.03,0.02,0.01,0.04,0.0,0.0,0.01,0.01
52,0.01,0.02,0.01,0.04,0.0,0.01,0.01,0.01
53,0.03,0.02,0.01,0.05,0.0,0.0,0.01,0.01
54,0.02,0.02,0.01,0.04,0.0,0.01,0.01,0.01
55,0.02,0.02,0.01,0.05,0.0,0.01,0.01,0.01
56,0.01,0.02,0.01,0.05,0.0,0.01,0.01,0.01
57,0.03,0.02,0.01,0.07,0.01,0.01,0.01,0.01
58,0.02,0.02,0.01,0.07,0.0,0.01,0.01,0.01
59,0.02,0.02,0.01,0.08,0.0,0.01,0.01,0.01
60,0.02,0.03,0.01,0.08,0.0,0.01,0.01,0.01
61,0.02,0.02,0.01,0.1,0.0,0.01,0.01,0.01
62,0.02,0.02,0.01,0.08,0.0,0.01,0.01,0.01
63,0.02,0.02,0.02,0.1,0.01,0.01,0.01,0.01
64,0.02,0.03,0.01,0.1,0.0,0.01,0.01,0.01
65,0.02,0.02,0.01,0.08,0.0,0.0,0.01,0.01
66,0.02,0.02,0.01,0.1,0.01,0.01,0.01,0.01
67,0.02,0.02,0.01,0.1,0.0,0.01,0.01,0.01
68,0.02,0.02,0.02,0.11,0.01,0.01,0.01,0.01
69,0.02,0.03,0.01,0.11,0.0,0.01,0.01,0.01
70,0.02,0.02,0.01,0.11,0.0,0.0,0.01,0.01
71,0.02,0.02,0.02,0.11,0.01,0.01,0.01,0.01
72,0.02,0.02,0.01,0.12,0.01,0.01,0.01,0.01
73,0.02,0.02,0.01,0.12,0.0,0.01,0.01,0.01
74,0.02,0.02,0.02,0.14,0.01,0.01,0.01,0.01
75,0.02,0.02,0.02,0.14,0.0,0.01,0.01,0.01
76,0.02,0.02,0.02,0.14,0.01,0.01,0.01,0.01
77,0.02,0.02,0.01,0.14,0.01,0.01,0.01,0.01
78,0.02,0.03,0.02,0.14,0.01,0.01,0.01,0.01
79,0.02,0.02,0.02,0.15,0.01,0.01,0.01,0.01
80,0.02,0.02,0.02,0.14,0.01,0.01,0.01,0.01
81,0.02,0.03,0.01,0.15,0.01,0.01,0.01,0.02
82,0.02,0.02,0.01,0.15,0.01,0.01,0.01,0.01
83,0.02,0.02,0.01,0.15,0.01,0.01,0.01,0.01
84,0.02,0.02,0.02,0.15,0.01,0.01,0.01,0.01
85,0.02,0.02,0.01,0.16,0.01,0.01,0.01,0.01
86,0.02,0.02,0.01,0.16,0.01,0.01,0.01,0.01
87,0.02,0.02,0.01,0.16,0.01,0.01,0.01,0.02
88,0.02,0.02,0.02,0.16,0.01,0.01,0.01,0.01
89,0.02,0.02,0.01,0.16,0.01,0.01,0.02,0.01
90,0.02,0.02,0.01,0.18,0.01,0.01,0.02,0.01
91,0.02,0.02,0.01,0.18,0.01,0.01,0.01,0.01
92,0.02,0.02,0.01,0.18,0.01,0.01,0.01,0.01
93,0.01,0.02,0.01,0.18,0.01,0.01,0.01,0.01
94,0.02,0.02,0.01,0.18,0.01,0.01,0.01,0.01
95,0.02,0.02,0.02,0.19,0.01,0.01,0.01,0.01
96,0.02,0.02,0.01,0.19,0.01,0.01,0.01,0.01
97,0.02,0.02,0.01,0.19,0.01,0.01,0.01,0.01
98,0.02,0.02,0.01,0.19,0.01,0.01,0.01,0.01
99,0.02,0.02,0.02,0.19,0.01,0.01,0.01,0.02
100,0.02,0.03,0.02,0.21,0.01,0.01,0.01,0.01
101,0.02,0.02,0.02,0.21,0.01,0.01,0.01,0.02
102,0.02,0.02,0.01,0.21,0.01,0.01,0.01,0.01
103,0.02,0.02,0.01,0.21,0.01,0.01,0.01,0.01
104,0.02,0.02,0.01,0.22,0.01,0.01,0.01,0.01
105,0.02,0.02,0.02,0.22,0.01,0.01,0.01,0.01
106,0.03,0.02,0.01,0.22,0.01,0.01,0.01,0.01
107,0.02,0.02,0.01,0.21,0.01,0.01,0.01,0.01
108,0.02,0.02,0.02,0.23,0.01,0.01,0.01,0.01
109,0.02,0.02,0.01,0.22,0.01,0.01,0.01,0.01
110,0.02,0.02,0.02,0.22,0.01,0.01,0.01,0.01
111,0.02,0.02,0.01,0.22,0.01,0.01,0.01,0.01
112,0.01,0.01,0.01,0.23,0.01,0.01,0.01,0.01
113,0.02,0.01,0.02,0.23,0.01,0.01,0.01,0.01
114,0.01,0.02,0.02,0.23,0.01,0.01,0.01,0.01
115,0.02,0.02,0.01,0.23,0.01,0.01,0.01,0.01
116,0.02,0.01,0.01,0.23,0.01,0.01,0.01,0.01
117,0.02,0.02,0.02,0.23,0.01,0.01,0.01,0.01
118,0.01,0.02,0.01,0.23,0.01,0.01,0.01,0.01
119,0.02,0.02,0.01,0.25,0.01,0.01,0.01,0.01
120,0.02,0.02,0.01,0.25,0.01,0.01,0.01,0.01
121,0.01,0.02,0.02,0.25,0.01,0.01,0.01,0.01
122,0.01,0.02,0.02,0.25,0.01,0.01,0.01,0.01
123,0.01,0.02,0.02,0.25,0.01,0.01,0.01,0.01
124,0.01,0.02,0.02,0.26,0.01,0.01,0.01,0.01
125,0.02,0.02,0.01,0.25,0.01,0.01,0.01,0.01
126,0.01,0.02,0.01,0.26,0.01,0.01,0.01,0.01
127,0.02,0.02,0.01,0.26,0.01,0.01,0.01,0.01
128,0.02,0.02,0.02,0.26,0.01,0.01,0.01,0.01
129,0.01,0.02,0.02,0.27,0.01,0.01,0.01,0.01
130,0.01,0.02,0.02,0.26,0.01,0.01,0.01,0.01
131,0.01,0.01,0.02,0.26,0.01,0.01,0.01,0.01
132,0.01,0.01,0.02,0.26,0.01,0.01,0.01,0.01
133,0.01,0.01,0.01,0.27,0.01,0.01,0.01,0.01
134,0.02,0.02,0.02,0.29,0.01,0.01,0.01,0.01
135,0.01,0.02,0.01,0.27,0.01,0.01,0.01,0.01
136,0.01,0.02,0.02,0.27,0.01,0.01,0.01,0.01
137,0.01,0.02,0.02,0.29,0.01,0.01,0.01,0.01
138,0.01,0.02,0.02,0.29,0.01,0.01,0.01,0.01
139,0.01,0.01,0.02,0.27,0.01,0.01,0.01,0.01
140,0.03,0.02,0.02,0.29,0.01,0.01,0.01,0.01
141,0.01,0.02,0.02,0.29,0.01,0.01,0.01,0.01
142,0.02,0.02,0.01,0.29,0.01,0.01,0.01,0.01
143,0.01,0.01,0.02,0.29,0.01,0.01,0.01,0.01
144,0.01,0.02,0.01,0.29,0.01,0.01,0.01,0.01
145,0.01,0.02,0.01,0.29,0.01,0.01,0.01,0.01
146,0.02,0.02,0.02,0.29,0.01,0.01,0.01,0.01
147,0.01,0.01,0.02,0.3,0.01,0.01,0.01,0.01
148,0.01,0.02,0.02,0.3,0.01,0.01,0.01,0.01
149,0.01,0.01,0.02,0.3,0.01,0.01,0.01,0.01
150,0.01,0.01,0.01,0.29,0.01,0.01,0.01,0.01
151,0.01,0.02,0.01,0.3,0.01,0.01,0.01,0.01
152,0.02,0.02,0.02,0.3,0.01,0.01,0.01,0.01
153,0.02,0.02,0.01,0.3,0.01,0.01,0.01,0.01
154,0.02,0.02,0.01,0.32,0.01,0.01,0.01,0.01
155,0.01,0.01,0.01,0.3,0.01,0.01,0.01,0.01
156,0.01,0.01,0.02,0.32,0.01,0.01,0.01,0.01
157,0.01,0.01,0.02,0.3,0.01,0.01,0.01,0.01
158,0.01,0.02,0.02,0.32,0.01,0.01,0.01,0.01
159,0.01,0.02,0.01,0.32,0.01,0.01,0.01,0.01
160,0.01,0.02,0.01,0.32,0.01,0.01,0.01,0.01
161,0.02,0.02,0.01,0.32,0.01,0.01,0.01,0.01
162,0.01,0.02,0.01,0.32,0.01,0.01,0.01,0.01
163,0.01,0.01,0.02,0.3,0.01,0.01,0.01,0.01
164,0.02,0.01,0.01,0.32,0.01,0.01,0.01,0.01
165,0.02,0.01,0.01,0.32,0.01,0.01,0.01,0.01
166,0.02,0.01,0.01,0.32,0.01,0.01,0.01,0.01
167,0.02,0.02,0.01,0.32,0.01,0.01,0.01,0.01
168,0.01,0.01,0.01,0.33,0.01,0.01,0.01,0.01
169,0.01,0.01,0.01,0.32,0.01,0.01,0.01,0.01
170,0.02,0.01,0.01,0.32,0.0,0.01,0.01,0.01
171,0.01,0.01,0.01,0.32,0.01,0.01,0.01,0.01
172,0.01,0.02,0.01,0.33,0.01,0.01,0.01,0.01
173,0.02,0.01,0.01,0.32,0.01,0.01,0.01,0.01
174,0.01,0.01,0.01,0.33,0.01,0.01,0.01,0.01
175,0.01,0.02,0.01,0.33,0.01,0.01,0.01,0.01
176,0.01,0.01,0.01,0.33,0.01,0.01,0.01,0.01
177,0.01,0.01,0.01,0.33,0.01,0.01,0.01,0.01
178,0.01,0.01,0.01,0.33,0.01,0.01,0.01,0.01
179,0.01,0.01,0.01,0.33,0.01,0.01,0.01,0.01
180,0.02,0.01,0.01,0.33,0.01,0.01,0.01,0.01
181,0.01,0.01,0.01,0.33,0.01,0.01,0.01,0.01
182,0.01,0.01,0.01,0.33,0.01,0.01,0.01,0.01
183,0.01,0.01,0.01,0.33,0.01,0.01,0.01,0.01
184,0.01,0.02,0.01,0.33,0.01,0.01,0.01,0.01
185,0.02,0.01,0.01,0.33,0.01,0.01,0.01,0.01
186,0.01,0.01,0.01,0.33,0.01,0.01,0.0,0.01
187,0.01,0.01,0.01,0.34,0.01,0.01,0.01,0.01
188,0.01,0.01,0.01,0.34,0.0,0.01,0.01,0.01
189,0.01,0.02,0.01,0.34,0.01,0.01,0.01,0.01
190,0.01,0.01,0.01,0.33,0.01,0.01,0.01,0.01
191,0.01,0.02,0.01,0.34,0.01,0.01,0.01,0.01
192,0.01,0.01,0.01,0.34,0.0,0.01,0.01,0.01
193,0.02,0.02,0.01,0.34,0.01,0.01,0.0,0.01
194,0.01,0.01,0.01,0.34,0.01,0.01,0.01,0.01
195,0.01,0.01,0.01,0.34,0.01,0.01,0.01,0.01
196,0.02,0.01,0.01,0.34,0.01,0.01,0.01,0.01
197,0.01,0.01,0.01,0.34,0.01,0.01,0.01,0.01
198,0.01,0.02,0.01,0.36,0.01,0.01,0.01,0.01
199,0.02,0.01,0.01,0.36,0.01,0.01,0.01,0.01
200,0.01,0.01,0.01,0.36,0.01,0.01,0.01,0.01
201,0.02,0.01,0.01,0.34,0.01,0.01,0.01,0.01
202,0.02,0.01,0.01,0.34,0.0,0.01,0.01,0.01
203,0.01,0.01,0.01,0.34,0.01,0.01,0.01,0.01
204,0.02,0.01,0.01,0.34,0.01,0.01,0.01,0.01
205,0.02,0.01,0.01,0.36,0.01,0.01,0.01,0.01
206,0.01,0.02,0.01,0.34,0.01,0.01,0.0,0.01
207,0.01,0.02,0.01,0.36,0.01,0.01,0.01,0.01
208,0.01,0.01,0.01,0.36,0.01,0.01,0.0,0.01
209,0.01,0.01,0.01,0.36,0.0,0.01,0.01,0.01
210,0.02,0.01,0.01,0.36,0.01,0.01,0.01,0.01
211,0.01,0.01,0.01,0.36,0.0,0.01,0.01,0.01
212,0.01,0.01,0.01,0.34,0.0,0.01,0.01,0.01
213,0.01,0.01,0.01,0.36,0.01,0.01,0.0,0.01
214,0.01,0.01,0.01,0.36,0.01,0.01,0.01,0.01
215,0.01,0.01,0.01,0.36,0.01,0.01,0.01,0.01
216,0.01,0.01,0.01,0.36,0.01,0.01,0.01,0.01
217,0.01,0.01,0.01,0.36,0.01,0.0,0.01,0.01
218,0.01,0.01,0.01,0.36,0.01,0.01,0.01,0.01
219,0.01,0.02,0.01,0.36,0.01,0.01,0.01,0.01
220,0.01,0.01,0.01,0.36,0.01,0.01,0.01,0.01
221,0.01,0.01,0.01,0.36,0.01,0.01,0.01,0.01
222,0.01,0.01,0.01,0.36,0.0,0.01,0.0,0.01
223,0.01,0.01,0.01,0.36,0.0,0.01,0.0,0.01
224,0.02,0.02,0.01,0.36,0.01,0.01,0.01,0.01
225,0.01,0.01,0.01,0.37,0.01,0.01,0.01,0.01
226,0.01,0.01,0.01,0.36,0.0,0.01,0.0,0.01
227,0.01,0.01,0.01,0.37,0.0,0.01,0.01,0.01
228,0.01,0.01,0.01,0.36,0.0,0.01,0.01,0.01
229,0.01,0.01,0.01,0.36,0.01,0.01,0.0,0.01
230,0.02,0.01,0.01,0.37,0.01,0.01,0.01,0.01
231,0.01,0.01,0.01,0.36,0.01,0.01,0.0,0.01
232,0.02,0.01,0.01,0.36,0.01,0.01,0.01,0.01
233,0.01,0.02,0.01,0.36,0.01,0.01,0.0,0.01
234,0.01,0.01,0.01,0.36,0.0,0.0,0.0,0.01
235,0.01,0.02,0.01,0.36,0.01,0.01,0.01,0.01
236,0.01,0.01,0.01,0.36,0.0,0.01,0.0,0.01
237,0.01,0.01,0.01,0.37,0.0,0.01,0.01,0.01
238,0.01,0.01,0.01,0.36,0.01,0.01,0.0,0.01
239,0.01,0.01,0.01,0.36,0.01,0.0,0.01,0.01
240,0.01,0.01,0.01,0.36,0.0,0.01,0.0,0.01
241,0.01,0.01,0.01,0.36,0.01,0.01,0.0,0.01
242,0.01,0.01,0.01,0.36,0.01,0.01,0.0,0.01
243,0.01,0.01,0.01,0.36,0.0,0.01,0.01,0.0
244,0.01,0.01,0.01,0.36,0.01,0.01,0.01,0.01
245,0.01,0.01,0.01,0.37,0.01,0.01,0.01,0.01
246,0.01,0.01,0.01,0.36,0.0,0.01,0.01,0.01
247,0.01,0.01,0.01,0.36,0.01,0.01,0.0,0.01
248,0.01,0.01,0.01,0.36,0.01,0.01,0.01,0.01
249,0.01,0.01,0.01,0.36,0.0,0.0,0.0,0.01
250,0.01,0.01,0.01,0.36,0.0,0.01,0.01,0.01
251,0.01,0.01,0.01,0.36,0.01,0.01,0.01,0.01
252,0.01,0.02,0.01,0.37,0.0,0.01,0.0,0.01
253,0.01,0.01,0.01,0.36,0.0,0.0,0.01,0.01
254,0.01,0.01,0.01,0.36,0.01,0.0,0.0,0.01
255,0.01,0.01,0.01,0.37,0.0,0.01,0.0,0.01
256,0.01,0.01,0.01,0.37,0.01,0.01,0.01,0.01
257,0.01,0.01,0.01,0.36,0.0,0.01,0.01,0.01
258,0.01,0.01,0.01,0.37,0.0,0.01,0.0,0.01
259,0.01,0.01,0.0,0.36,0.0,0.01,0.01,0.01
260,0.01,0.01,0.01,0.36,0.0,0.0,0.0,0.01
261,0.01,0.01,0.01,0.36,0.0,0.01,0.0,0.01
262,0.02,0.01,0.01,0.37,0.01,0.01,0.0,0.01
263,0.01,0.01,0.01,0.36,0.0,0.01,0.0,0.01
264,0.0,0.01,0.0,0.36,0.01,0.01,0.0,0.01
265,0.01,0.01,0.01,0.36,0.01,0.0,0.01,0.01
266,0.01,0.01,0.01,0.36,0.0,0.01,0.01,0.01
267,0.01,0.01,0.01,0.36,0.0,0.01,0.0,0.0
268,0.01,0.01,0.01,0.36,0.01,0.0,0.0,0.01
269,0.01,0.01,0.01,0.36,0.0,0.01,0.01,0.01
270,0.01,0.01,0.01,0.36,0.0,0.01,0.0,0.01
271,0.02,0.01,0.01,0.37,0.0,0.01,0.01,0.01
272,0.01,0.01,0.0,0.37,0.0,0.01,0.0,0.01
273,0.01,0.01,0.01,0.36,0.0,0.0,0.01,0.01
274,0.01,0.01,0.0,0.36,0.0,0.0,0.0,0.01
275,0.01,0.0,0.0,0.36,0.0,0.01,0.01,0.01
276,0.02,0.0,0.01,0.37,0.01,0.01,0.0,0.01
277,0.01,0.01,0.0,0.37,0.0,0.01,0.0,0.01
278,0.01,0.01,0.01,0.37,0.0,0.0,0.0,0.0
279,0.02,0.01,0.01,0.36,0.01,0.01,0.0,0.0
280,0.01,0.0,0.01,0.37,0.0,0.0,0.0,0.01
281,0.01,0.01,0.01,0.37,0.0,0.0,0.0,0.01
282,0.01,0.01,0.01,0.37,0.0,0.0,0.0,0.01
283,0.01,0.01,0.0,0.37,0.0,0.0,0.0,0.01
284,0.01,0.01,0.01,0.36,0.0,0.01,0.01,0.01
285,0.01,0.01,0.01,0.37,0.0,0.01,0.01,0.0
286,0.01,0.01,0.0,0.37,0.0,0.0,0.0,0.01
287,0.01,0.01,0.01,0.36,0.0,0.01,0.0,0.0
288,0.01,0.01,0.0,0.37,0.0,0.0,0.0,0.01
289,0.01,0.01,0.01,0.37,0.0,0.01,0.0,0.0
290,0.01,0.01,0.01,0.37,0.0,0.0,0.0,0.01
291,0.02,0.01,0.01,0.37,0.0,0.0,0.0,0.0
292,0.0,0.01,0.01,0.36,0.01,0.0,0.01,0.01
293,0.02,0.01,0.0,0.37,0.0,0.0,0.0,0.01
294,0.01,0.01,0.01,0.37,0.0,0.0,0.0,0.01
295,0.0,0.0,0.01,0.37,0.0,0.0,0.01,0.01
296,0.01,0.01,0.01,0.38,0.0,0.0,0.0,0.01
297,0.01,0.01,0.01,0.37,0.01,0.0,0.0,0.01
298,0.01,0.01,0.0,0.36,0.0,0.01,0.0,0.01
299,0.01,0.01,0.0,0.37,0.0,0.0,0.0,0.0
300,0.01,0.01,0.01,0.37,0.0,0.01,0.0,0.01
301,0.02,0.0,0.01,0.38,0.0,0.01,0.0,0.0
302,0.01,0.01,0.0,0.37,0.0,0.01,0.0,0.01
303,0.01,0.01,0.0,0.37,0.0,0.01,0.0,0.01
304,0.0,0.01,0.01,0.37,0.0,0.0,0.0,0.01
305,0.01,0.01,0.01,0.38,0.0,0.01,0.0,0.01
306,0.01,0.01,0.01,0.38,0.0,0.01,0.01,0.01
307,0.02,0.01,0.01,0.38,0.0,0.01,0.0,0.01
308,0.01,0.01,0.0,0.37,0.0,0.0,0.0,0.01
309,0.01,0.01,0.01,0.37,0.01,0.0,0.0,0.0
310,0.01,0.0,0.0,0.37,0.0,0.0,0.0,0.0
311,0.0,0.0,0.0,0.38,0.0,0.0,0.0,0.01
312,0.02,0.0,0.0,0.37,0.0,0.0,0.0,0.0
313,0.01,0.01,0.0,0.37,0.01,0.01,0.0,0.0
314,0.01,0.01,0.0,0.37,0.0,0.0,0.0,0.0
315,0.01,0.01,0.0,0.38,0.0,0.0,0.0,0.01
316,0.01,0.01,0.0,0.38,0.0,0.0,0.0,0.01
317,0.01,0.01,0.0,0.37,0.0,0.0,0.0,0.0
318,0.01,0.0,0.0,0.38,0.0,0.0,0.0,0.01
319,0.01,0.0,0.01,0.38,0.0,0.01,0.0,0.01
320,0.02,0.01,0.01,0.37,0.0,0.0,0.0,0.01
321,0.01,0.01,0.0,0.37,0.0,0.0,0.0,0.0
322,0.01,0.0,0.01,0.38,0.0,0.0,0.0,0.0
323,0.01,0.01,0.01,0.38,0.0,0.0,0.0,0.0
324,0.01,0.01,0.01,0.37,0.0,0.0,0.0,0.0
325,0.01,0.01,0.01,0.38,0.0,0.0,0.0,0.0
326,0.01,0.0,0.01,0.38,0.0,0.0,0.0,0.0
327,0.01,0.0,0.01,0.38,0.0,0.0,0.0,0.0
328,0.0,0.01,0.0,0.37,0.0,0.0,0.0,0.0
329,0.01,0.0,0.01,0.38,0.0,0.0,0.0,0.0
330,0.01,0.0,0.01,0.38,0.0,0.0,0.0,0.0
331,0.01,0.0,0.01,0.38,0.0,0.0,0.0,0.0
332,0.01,0.01,0.0,0.38,0.0,0.0,0.0,0.0
333,0.01,0.0,0.01,0.38,0.0,0.0,0.0,0.0
334,0.0,0.01,0.01,0.38,0.0,0.0,0.0,0.0
335,0.01,0.01,0.0,0.38,0.0,0.01,0.0,0.0
336,0.01,0.01,0.0,0.38,0.0,0.0,0.0,0.0
337,0.0,0.01,0.01,0.38,0.0,0.0,0.0,0.0
338,0.01,0.01,0.01,0.38,0.0,0.0,0.0,0.01
339,0.01,0.01,0.0,0.38,0.0,0.0,0.0,0.0
340,0.01,0.01,0.01,0.38,0.0,0.0,0.0,0.0
341,0.0,0.01,0.01,0.38,0.0,0.0,0.0,0.0
342,0.02,0.01,0.0,0.38,0.0,0.0,0.0,0.0
343,0.01,0.01,0.01,0.38,0.0,0.0,0.0,0.0
344,0.01,0.0,0.0,0.4,0.0,0.0,0.0,0.0
345,0.01,0.0,0.01,0.38,0.0,0.0,0.0,0.0
346,0.01,0.01,0.01,0.38,0.0,0.0,0.0,0.0
347,0.01,0.01,0.01,0.38,0.0,0.01,0.0,0.0
348,0.01,0.01,0.01,0.38,0.0,0.0,0.0,0.0
349,0.01,0.0,0.0,0.38,0.0,0.0,0.0,0.01
350,0.0,0.01,0.01,0.4,0.0,0.0,0.0,0.0
351,0.01,0.01,0.0,0.38,0.0,0.0,0.0,0.0
352,0.0,0.01,0.0,0.38,0.0,0.0,0.0,0.0
353,0.01,0.01,0.0,0.38,0.0,0.0,0.0,0.0
354,0.01,0.01,0.0,0.38,0.0,0.0,0.0,0.0
355,0.0,0.0,0.0,0.38,0.0,0.0,0.0,0.0
356,0.01,0.01,0.0,0.38,0.0,0.0,0.0,0.0
357,0.01,0.01,0.0,0.4,0.0,0.0,0.0,0.0
358,0.01,0.01,0.01,0.4,0.0,0.0,0.0,0.0
359,0.01,0.0,0.01,0.38,0.0,0.0,0.0,0.0
360,0.0,0.01,0.01,0.38,0.0,0.0,0.0,0.0
361,0.01,0.01,0.0,0.38,0.0,0.0,0.0,0.0
362,0.0,0.01,0.0,0.38,0.0,0.0,0.0,0.0
363,0.01,0.01,0.0,0.4,0.0,0.0,0.0,0.01
364,0.0,0.01,0.01,0.4,0.0,0.0,0.0,0.0
365,0.0,0.0,0.0,0.4,0.0,0.0,0.0,0.0
366,0.0,0.0,0.0,0.4,0.0,0.0,0.0,0.0
367,0.02,0.01,0.0,0.4,0.0,0.0,0.0,0.0
368,0.0,0.01,0.01,0.4,0.0,0.0,0.0,0.0
369,0.0,0.01,0.0,0.4,0.0,0.0,0.0,0.0
370,0.0,0.0,0.0,0.4,0.0,0.0,0.0,0.0
371,0.02,0.0,0.0,0.4,0.0,0.0,0.0,0.0
372,0.0,0.0,0.0,0.4,0.0,0.0,0.0,0.0
373,0.0,0.01,0.0,0.4,0.0,0.0,0.0,0.0
374,0.0,0.01,0.01,0.38,0.0,0.0,0.0,0.0
375,0.0,0.0,0.0,0.4,0.0,0.0,0.0,0.0
376,0.0,0.01,0.0,0.4,0.0,0.0,0.0,0.01
377,0.01,0.01,0.0,0.4,0.0,0.0,0.0,0.0
378,0.0,0.01,0.0,0.4,0.0,0.0,0.0,0.0
379,0.01,0.01,0.0,0.38,0.0,0.0,0.0,0.0
380,0.01,0.01,0.0,0.38,0.0,0.0,0.0,0.0
381,0.0,0.01,0.0,0.38,0.0,0.0,0.0,0.0
382,0.01,0.01,0.0,0.4,0.0,0.0,0.0,0.0
383,0.0,0.0,0.01,0.4,0.0,0.0,0.0,0.0
384,0.02,0.01,0.0,0.4,0.0,0.0,0.0,0.0
385,0.0,0.0,0.0,0.38,0.0,0.0,0.0,0.0
386,0.0,0.01,0.0,0.38,0.0,0.0,0.01,0.0
387,0.01,0.0,0.0,0.4,0.0,0.0,0.0,0.0
388,0.01,0.01,0.0,0.38,0.0,0.0,0.0,0.0
389,0.01,0.01,0.0,0.38,0.0,0.0,0.01,0.01
390,0.01,0.0,0.0,0.4,0.0,0.0,0.01,0.01
391,0.01,0.0,0.0,0.38,0.0,0.0,0.0,0.0
392,0.01,0.01,0.0,0.38,0.0,0.0,0.01,0.01
393,0.01,0.01,0.0,0.4,0.0,0.0,0.01,0.01
394,0.01,0.01,0.0,0.4,0.0,0.0,0.01,0.0
395,0.01,0.01,0.0,0.38,0.0,0.0,0.01,0.01
396,0.01,0.01,0.01,0.38,0.0,0.0,0.01,0.01
397,0.02,0.01,0.01,0.4,0.01,0.0,0.01,0.01
398,0.02,0.01,0.01,0.4,0.0,0.0,0.01,0.01
399,0.03,0.01,0.01,0.4,0.0,0.01,0.02,0.01
400,0.02,0.01,0.01,0.4,0.0,0.0,0.02,0.01
401,0.02,0.01,0.02,0.4,0.0,0.0,0.02,0.01
402,0.02,0.01,0.01,0.4,0.0,0.01,0.02,0.01
403,0.02,0.02,0.02,0.4,0.01,0.0,0.02,0.01
404,0.02,0.01,0.02,0.4,0.01,0.0,0.03,0.02
405,0.02,0.01,0.02,0.4,0.01,0.01,0.03,0.02
406,0.02,0.02,0.02,0.4,0.01,0.01,0.03,0.02
407,0.03,0.02,0.02,0.38,0.01,0.01,0.03,0.02
408,0.04,0.02,0.03,0.4,0.01,0.01,0.03,0.03
409,0.03,0.02,0.03,0.4,0.01,0.01,0.04,0.03
410,0.04,0.03,0.03,0.4,0.01,0.01,0.04,0.03
411,0.03,0.03,0.03,0.4,0.01,0.01,0.04,0.03
412,0.04,0.03,0.03,0.4,0.01,0.01,0.04,0.03
413,0.04,0.03,0.03,0.4,0.02,0.01,0.05,0.03
414,0.04,0.03,0.04,0.38,0.02,0.01,0.05,0.04
415,0.04,0.03,0.04,0.4,0.02,0.01,0.05,0.04
416,0.04,0.03,0.05,0.4,0.02,0.01,0.05,0.04
417,0.05,0.03,0.05,0.4,0.02,0.02,0.06,0.05
418,0.06,0.03,0.05,0.4,0.02,0.02,0.06,0.05
419,0.06,0.03,0.06,0.4,0.02,0.02,0.06,0.05
420,0.06,0.03,0.06,0.4,0.02,0.02,0.06,0.05
421,0.06,0.03,0.06,0.4,0.02,0.02,0.06,0.05
422,0.07,0.04,0.07,0.38,0.03,0.02,0.07,0.06
423,0.07,0.04,0.07,0.4,0.03,0.02,0.07,0.06
424,0.07,0.04,0.07,0.4,0.03,0.03,0.07,0.06
425,0.08,0.04,0.08,0.4,0.03,0.03,0.08,0.07
426,0.08,0.05,0.08,0.4,0.03,0.03,0.08,0.07
427,0.09,0.05,0.08,0.4,0.04,0.03,0.08,0.07
428,0.09,0.05,0.09,0.4,0.04,0.03,0.09,0.08
429,0.09,0.06,0.1,0.4,0.04,0.03,0.09,0.08
430,0.1,0.05,0.1,0.4,0.04,0.04,0.1,0.08
431,0.1,0.06,0.1,0.41,0.04,0.04,0.11,0.09
432,0.12,0.06,0.12,0.4,0.05,0.04,0.11,0.1
433,0.11,0.07,0.12,0.4,0.05,0.04,0.12,0.1
434,0.12,0.08,0.13,0.4,0.05,0.04,0.12,0.11
435,0.12,0.07,0.13,0.4,0.06,0.05,0.13,0.11
436,0.14,0.08,0.13,0.4,0.06,0.05,0.13,0.11
437,0.15,0.08,0.14,0.41,0.06,0.06,0.13,0.12
438,0.14,0.08,0.14,0.41,0.06,0.06,0.14,0.12
439,0.16,0.09,0.15,0.41,0.07,0.06,0.14,0.13
440,0.16,0.09,0.16,0.41,0.07,0.06,0.15,0.13
441,0.16,0.09,0.17,0.41,0.08,0.06,0.15,0.14
442,0.17,0.09,0.17,0.41,0.08,0.07,0.16,0.14
443,0.17,0.1,0.18,0.41,0.09,0.07,0.16,0.15
444,0.18,0.1,0.18,0.41,0.09,0.07,0.17,0.15
445,0.18,0.1,0.19,0.42,0.09,0.08,0.17,0.15
446,0.18,0.11,0.19,0.41,0.09,0.08,0.17,0.16
447,0.2,0.12,0.2,0.41,0.1,0.08,0.18,0.16
448,0.19,0.12,0.2,0.41,0.1,0.09,0.18,0.16
449,0.2,0.13,0.21,0.42,0.1,0.09,0.19,0.16
450,0.21,0.14,0.22,0.42,0.11,0.09,0.2,0.17
451,0.21,0.13,0.23,0.42,0.11,0.09,0.2,0.18
452,0.22,0.14,0.23,0.41,0.12,0.1,0.21,0.18
453,0.22,0.15,0.23,0.42,0.12,0.1,0.21,0.19
454,0.23,0.15,0.24,0.42,0.13,0.1,0.22,0.19
455,0.24,0.16,0.24,0.42,0.13,0.11,0.22,0.19
456,0.24,0.16,0.25,0.42,0.13,0.11,0.23,0.2
457,0.24,0.16,0.25,0.44,0.14,0.12,0.24,0.2
458,0.26,0.16,0.26,0.42,0.14,0.12,0.24,0.21
459,0.27,0.17,0.27,0.42,0.15,0.12,0.24,0.22
460,0.27,0.18,0.27,0.44,0.15,0.13,0.25,0.22
461,0.27,0.18,0.27,0.44,0.15,0.13,0.26,0.22
462,0.28,0.18,0.28,0.44,0.16,0.13,0.26,0.23
463,0.3,0.2,0.29,0.44,0.17,0.13,0.27,0.23
464,0.3,0.2,0.29,0.45,0.18,0.14,0.28,0.24
465,0.3,0.21,0.3,0.45,0.18,0.14,0.29,0.24
466,0.31,0.22,0.3,0.45,0.19,0.15,0.29,0.25
467,0.31,0.22,0.31,0.45,0.19,0.16,0.3,0.26
468,0.32,0.22,0.32,0.45,0.2,0.16,0.31,0.27
469,0.32,0.22,0.32,0.45,0.2,0.16,0.32,0.27
470,0.33,0.24,0.33,0.47,0.21,0.17,0.33,0.27
471,0.34,0.24,0.33,0.47,0.22,0.17,0.34,0.28
472,0.34,0.24,0.35,0.47,0.22,0.18,0.34,0.29
473,0.35,0.25,0.35,0.47,0.23,0.19,0.35,0.29
474,0.35,0.26,0.36,0.47,0.23,0.19,0.35,0.3
475,0.36,0.26,0.36,0.47,0.24,0.19,0.36,0.3
476,0.38,0.27,0.37,0.48,0.24,0.2,0.37,0.31
477,0.38,0.28,0.37,0.48,0.25,0.2,0.37,0.32
478,0.39,0.28,0.38,0.48,0.26,0.21,0.39,0.32
479,0.39,0.28,0.39,0.48,0.26,0.21,0.39,0.33
480,0.4,0.29,0.39,0.49,0.27,0.22,0.4,0.33
481,0.4,0.29,0.4,0.49,0.27,0.22,0.41,0.34
482,0.41,0.3,0.41,0.49,0.28,0.23,0.42,0.35
483,0.43,0.31,0.41,0.49,0.29,0.23,0.42,0.35
484,0.43,0.32,0.42,0.51,0.29,0.24,0.43,0.37
485,0.43,0.32,0.43,0.51,0.3,0.25,0.45,0.38
486,0.44,0.34,0.43,0.51,0.31,0.25,0.45,0.38
487,0.46,0.34,0.44,0.52,0.31,0.26,0.46,0.39
488,0.45,0.35,0.45,0.51,0.32,0.27,0.47,0.4
489,0.47,0.34,0.46,0.51,0.33,0.28,0.47,0.41
490,0.48,0.35,0.46,0.52,0.33,0.28,0.48,0.41
491,0.47,0.35,0.47,0.52,0.33,0.29,0.49,0.42
492,0.47,0.36,0.47,0.52,0.34,0.29,0.5,0.43
493,0.48,0.37,0.48,0.52,0.35,0.3,0.51,0.44
494,0.48,0.38,0.48,0.52,0.35,0.3,0.51,0.44
495,0.49,0.38,0.49,0.53,0.36,0.3,0.53,0.45
496,0.49,0.39,0.49,0.53,0.36,0.31,0.53,0.46
497,0.49,0.4,0.5,0.53,0.37,0.32,0.54,0.47
498,0.51,0.4,0.51,0.55,0.38,0.33,0.55,0.48
499,0.51,0.4,0.51,0.55,0.39,0.33,0.55,0.48
500,0.51,0.41,0.51,0.55,0.39,0.34,0.56,0.49
501,0.52,0.41,0.53,0.55,0.4,0.35,0.57,0.5
502,0.52,0.41,0.53,0.56,0.41,0.36,0.58,0.51
503,0.54,0.43,0.53,0.56,0.41,0.36,0.58,0.51
504,0.53,0.43,0.54,0.56,0.42,0.37,0.59,0.52
505,0.54,0.43,0.55,0.56,0.42,0.37,0.59,0.52
506,0.54,0.44,0.56,0.58,0.43,0.38,0.6,0.54
507,0.55,0.44,0.56,0.56,0.43,0.39,0.61,0.54
508,0.55,0.46,0.57,0.56,0.44,0.39,0.61,0.54
509,0.56,0.46,0.57,0.58,0.45,0.4,0.61,0.55
510,0.57,0.46,0.57,0.58,0.45,0.4,0.62,0.55
511,0.57,0.47,0.58,0.58,0.46,0.41,0.63,0.56
512,0.57,0.47,0.58,0.59,0.47,0.42,0.63,0.57
513,0.59,0.47,0.59,0.59,0.47,0.42,0.63,0.57
514,0.59,0.48,0.59,0.59,0.48,0.43,0.64,0.58
515,0.59,0.49,0.6,0.59,0.48,0.43,0.64,0.58
516,0.6,0.5,0.6,0.59,0.49,0.44,0.65,0.59
517,0.6,0.49,0.6,0.6,0.49,0.44,0.65,0.59
518,0.61,0.5,0.61,0.6,0.5,0.45,0.66,0.6
519,0.62,0.52,0.62,0.6,0.51,0.46,0.66,0.6
520,0.64,0.52,0.62,0.6,0.51,0.46,0.66,0.61
521,0.62,0.52,0.62,0.6,0.52,0.46,0.66,0.61
522,0.65,0.53,0.63,0.62,0.52,0.47,0.68,0.62
523,0.65,0.53,0.64,0.62,0.53,0.48,0.68,0.62
524,0.64,0.53,0.64,0.62,0.53,0.48,0.68,0.62
525,0.65,0.54,0.64,0.62,0.54,0.49,0.69,0.63
526,0.66,0.54,0.65,0.63,0.54,0.49,0.7,0.64
527,0.68,0.55,0.65,0.63,0.55,0.49,0.7,0.64
528,0.68,0.56,0.67,0.63,0.56,0.5,0.71,0.65
529,0.68,0.57,0.67,0.63,0.56,0.51,0.72,0.65
530,0.68,0.56,0.67,0.64,0.56,0.51,0.72,0.65
531,0.7,0.58,0.69,0.64,0.57,0.52,0.73,0.66
532,0.7,0.58,0.69,0.64,0.57,0.52,0.74,0.67
533,0.69,0.59,0.69,0.66,0.57,0.52,0.74,0.67
534,0.7,0.59,0.7,0.66,0.58,0.53,0.75,0.68
535,0.71,0.59,0.7,0.66,0.59,0.54,0.76,0.68
536,0.71,0.6,0.71,0.66,0.59,0.54,0.76,0.69
537,0.72,0.61,0.72,0.67,0.6,0.55,0.76,0.69
538,0.72,0.61,0.72,0.67,0.6,0.56,0.77,0.7
539,0.73,0.61,0.73,0.67,0.61,0.56,0.77,0.7
540,0.72,0.62,0.73,0.67,0.61,0.56,0.78,0.71
541,0.73,0.63,0.73,0.67,0.61,0.57,0.78,0.71
542,0.74,0.63,0.74,0.68,0.62,0.57,0.79,0.72
543,0.74,0.64,0.74,0.68,0.62,0.58,0.79,0.73
544,0.74,0.64,0.74,0.68,0.63,0.58,0.8,0.73
545,0.74,0.64,0.74,0.68,0.63,0.59,0.8,0.73
546,0.74,0.65,0.75,0.68,0.63,0.59,0.8,0.74
547,0.74,0.65,0.75,0.7,0.64,0.6,0.81,0.74
548,0.74,0.66,0.75,0.7,0.64,0.6,0.81,0.74
549,0.74,0.66,0.76,0.7,0.65,0.61,0.82,0.75
550,0.74,0.66,0.76,0.71,0.65,0.61,0.82,0.76
551,0.75,0.66,0.76,0.7,0.66,0.61,0.82,0.76
552,0.74,0.66,0.76,0.71,0.66,0.62,0.82,0.76
553,0.75,0.67,0.76,0.71,0.66,0.62,0.82,0.76
554,0.76,0.67,0.76,0.71,0.67,0.63,0.82,0.76
555,0.76,0.67,0.76,0.73,0.67,0.63,0.81,0.76
556,0.76,0.68,0.76,0.71,0.67,0.64,0.81,0.76
557,0.76,0.67,0.76,0.73,0.67,0.64,0.8,0.76
558,0.78,0.69,0.76,0.73,0.67,0.64,0.79,0.76
559,0.76,0.68,0.76,0.73,0.68,0.64,0.79,0.76
560,0.76,0.69,0.76,0.73,0.67,0.64,0.79,0.76
561,0.76,0.69,0.75,0.73,0.67,0.64,0.78,0.75
562,0.76,0.7,0.75,0.74,0.67,0.64,0.77,0.75
563,0.76,0.7,0.75,0.73,0.67,0.65,0.76,0.74
564,0.77,0.7,0.75,0.74,0.68,0.65,0.76,0.74
565,0.78,0.7,0.75,0.74,0.67,0.65,0.74,0.73
566,0.76,0.71,0.75,0.74,0.67,0.65,0.74,0.73
567,0.77,0.71,0.75,0.74,0.67,0.65,0.74,0.73
568,0.77,0.71,0.74,0.74,0.67,0.65,0.73,0.72
569,0.77,0.72,0.75,0.75,0.67,0.65,0.73,0.72
570,0.77,0.71,0.75,0.75,0.67,0.65,0.72,0.71
571,0.77,0.72,0.75,0.75,0.67,0.65,0.72,0.71
572,0.78,0.72,0.75,0.75,0.67,0.65,0.71,0.71
573,0.78,0.72,0.75,0.75,0.66,0.65,0.72,0.7
574,0.78,0.72,0.76,0.75,0.66,0.65,0.72,0.7
575,0.78,0.72,0.76,0.75,0.66,0.65,0.71,0.7
576,0.78,0.72,0.76,0.75,0.66,0.65,0.71,0.7
577,0.78,0.72,0.77,0.77,0.66,0.65,0.71,0.7
578,0.78,0.73,0.77,0.77,0.66,0.65,0.72,0.7
579,0.78,0.73,0.77,0.75,0.66,0.65,0.72,0.7
580,0.79,0.74,0.78,0.77,0.66,0.65,0.73,0.7
581,0.79,0.73,0.78,0.77,0.66,0.65,0.72,0.69
582,0.79,0.74,0.78,0.77,0.66,0.65,0.73,0.69
583,0.8,0.74,0.79,0.78,0.66,0.65,0.73,0.7
584,0.79,0.74,0.79,0.78,0.66,0.65,0.74,0.7
585,0.79,0.75,0.79,0.79,0.66,0.65,0.74,0.7
586,0.79,0.74,0.8,0.78,0.66,0.65,0.74,0.7
587,0.79,0.74,0.8,0.79,0.66,0.65,0.75,0.7
588,0.79,0.74,0.8,0.79,0.66,0.65,0.75,0.71
589,0.79,0.75,0.8,0.79,0.66,0.65,0.75,0.71
590,0.81,0.75,0.81,0.79,0.66,0.65,0.76,0.71
591,0.79,0.75,0.81,0.81,0.66,0.65,0.76,0.72
592,0.79,0.75,0.81,0.81,0.66,0.66,0.76,0.72
593,0.79,0.76,0.81,0.81,0.66,0.66,0.77,0.72
594,0.79,0.77,0.82,0.81,0.66,0.65,0.77,0.73
595,0.79,0.77,0.82,0.81,0.66,0.66,0.77,0.73
596,0.79,0.76,0.82,0.81,0.67,0.66,0.78,0.73
597,0.79,0.76,0.82,0.82,0.67,0.66,0.78,0.73
598,0.79,0.77,0.82,0.82,0.67,0.66,0.79,0.74
599,0.79,0.77,0.82,0.82,0.67,0.67,0.79,0.74
600,0.79,0.77,0.82,0.82,0.67,0.67,0.79,0.75
601,0.79,0.78,0.82,0.82,0.67,0.67,0.79,0.75
602,0.79,0.78,0.83,0.84,0.67,0.67,0.79,0.76
603,0.79,0.77,0.83,0.82,0.67,0.67,0.79,0.75
604,0.79,0.78,0.83,0.84,0.67,0.67,0.79,0.76
605,0.79,0.77,0.83,0.84,0.67,0.68,0.79,0.76
606,0.81,0.78,0.83,0.84,0.67,0.68,0.79,0.76
607,0.79,0.78,0.83,0.84,0.67,0.68,0.79,0.76
608,0.79,0.78,0.83,0.84,0.68,0.68,0.8,0.76
609,0.79,0.77,0.83,0.84,0.68,0.68,0.8,0.76
610,0.81,0.78,0.83,0.84,0.68,0.68,0.8,0.76
611,0.81,0.78,0.83,0.84,0.68,0.68,0.8,0.77
612,0.8,0.78,0.83,0.85,0.68,0.69,0.8,0.77
613,0.8,0.78,0.83,0.84,0.69,0.69,0.81,0.77
614,0.8,0.78,0.83,0.85,0.69,0.69,0.81,0.77
615,0.81,0.78,0.83,0.85,0.69,0.69,0.81,0.77
616,0.8,0.78,0.83,0.85,0.69,0.69,0.81,0.77
617,0.82,0.78,0.83,0.85,0.69,0.7,0.82,0.77
618,0.81,0.78,0.83,0.85,0.69,0.7,0.82,0.77
619,0.81,0.78,0.83,0.85,0.69,0.7,0.82,0.78
620,0.81,0.78,0.83,0.85,0.7,0.7,0.82,0.78
621,0.82,0.79,0.83,0.85,0.7,0.7,0.83,0.78
622,0.83,0.79,0.83,0.86,0.7,0.71,0.83,0.79
623,0.81,0.79,0.83,0.86,0.7,0.71,0.83,0.79
624,0.81,0.78,0.83,0.86,0.71,0.71,0.83,0.79
625,0.82,0.8,0.83,0.86,0.71,0.71,0.84,0.79
626,0.83,0.79,0.84,0.86,0.71,0.71,0.84,0.79
627,0.82,0.79,0.84,0.86,0.71,0.71,0.84,0.8
628,0.83,0.8,0.84,0.86,0.71,0.72,0.84,0.8
629,0.82,0.8,0.84,0.86,0.71,0.72,0.85,0.81
630,0.82,0.8,0.84,0.86,0.72,0.72,0.85,0.81
631,0.84,0.81,0.84,0.86,0.72,0.72,0.86,0.81
632,0.82,0.8,0.84,0.86,0.73,0.73,0.86,0.81
633,0.82,0.81,0.84,0.86,0.73,0.73,0.86,0.82
634,0.83,0.8,0.84,0.86,0.73,0.73,0.87,0.82
635,0.83,0.81,0.84,0.86,0.73,0.74,0.87,0.82
636,0.84,0.81,0.84,0.86,0.74,0.74,0.87,0.83
637,0.84,0.81,0.84,0.86,0.74,0.74,0.87,0.83
638,0.83,0.82,0.84,0.86,0.75,0.75,0.88,0.84
639,0.84,0.81,0.84,0.86,0.75,0.75,0.88,0.84
640,0.83,0.82,0.84,0.88,0.75,0.75,0.88,0.84
641,0.85,0.82,0.84,0.86,0.76,0.75,0.88,0.84
642,0.83,0.82,0.84,0.86,0.75,0.76,0.89,0.84
643,0.83,0.83,0.85,0.88,0.76,0.76,0.88,0.85
644,0.84,0.82,0.85,0.88,0.76,0.76,0.88,0.84
645,0.84,0.82,0.85,0.86,0.76,0.76,0.88,0.85
646,0.84,0.83,0.85,0.88,0.76,0.77,0.88,0.85
647,0.84,0.83,0.86,0.88,0.76,0.77,0.87,0.85
648,0.86,0.83,0.86,0.88,0.76,0.77,0.87,0.84
649,0.86,0.83,0.86,0.88,0.77,0.77,0.86,0.84
650,0.85,0.83,0.86,0.88,0.77,0.77,0.86,0.84
651,0.84,0.83,0.87,0.88,0.77,0.77,0.85,0.84
652,0.84,0.84,0.87,0.88,0.77,0.77,0.84,0.84
653,0.86,0.84,0.87,0.88,0.77,0.77,0.84,0.83
654,0.86,0.84,0.88,0.88,0.77,0.77,0.84,0.83
655,0.86,0.84,0.88,0.89,0.77,0.77,0.84,0.83
656,0.86,0.84,0.89,0.89,0.77,0.77,0.83,0.82
657,0.86,0.84,0.89,0.89,0.77,0.77,0.83,0.82
658,0.87,0.84,0.9,0.89,0.77,0.78,0.82,0.81
659,0.87,0.84,0.9,0.89,0.77,0.77,0.82,0.81
660,0.88,0.84,0.9,0.89,0.77,0.77,0.82,0.81
661,0.89,0.85,0.9,0.89,0.77,0.78,0.82,0.81
662,0.88,0.85,0.9,0.89,0.77,0.77,0.82,0.81
663,0.89,0.85,0.91,0.89,0.77,0.77,0.82,0.81
664,0.89,0.86,0.91,0.89,0.77,0.77,0.82,0.81
665,0.91,0.86,0.92,0.9,0.77,0.77,0.82,0.81
666,0.89,0.87,0.92,0.9,0.77,0.77,0.82,0.8
667,0.91,0.87,0.93,0.9,0.77,0.77,0.82,0.81
668,0.89,0.87,0.93,0.9,0.77,0.77,0.82,0.8
669,0.9,0.88,0.93,0.92,0.77,0.77,0.82,0.8
670,0.9,0.88,0.93,0.92,0.78,0.77,0.82,0.8
671,0.9,0.89,0.93,0.92,0.78,0.77,0.83,0.8
672,0.91,0.89,0.93,0.92,0.78,0.77,0.83,0.8
673,0.9,0.88,0.93,0.92,0.78,0.77,0.83,0.8
674,0.9,0.88,0.93,0.92,0.78,0.78,0.83,0.81
675,0.91,0.88,0.94,0.92,0.78,0.77,0.84,0.81
676,0.91,0.9,0.93,0.92,0.78,0.77,0.84,0.81
677,0.91,0.9,0.94,0.92,0.78,0.78,0.84,0.81
678,0.9,0.89,0.93,0.92,0.78,0.78,0.84,0.81
679,0.9,0.9,0.93,0.92,0.78,0.78,0.84,0.81
680,0.9,0.9,0.93,0.93,0.79,0.78,0.84,0.81
681,0.9,0.9,0.93,0.93,0.78,0.78,0.84,0.81
682,0.89,0.9,0.93,0.93,0.79,0.78,0.84,0.81
683,0.89,0.9,0.93,0.92,0.79,0.78,0.84,0.81
684,0.91,0.9,0.93,0.93,0.79,0.78,0.84,0.81
685,0.89,0.9,0.93,0.93,0.79,0.78,0.85,0.82
686,0.9,0.9,0.93,0.93,0.79,0.78,0.85,0.82
687,0.89,0.9,0.92,0.92,0.8,0.78,0.85,0.82
688,0.91,0.9,0.92,0.93,0.8,0.78,0.85,0.82
689,0.9,0.9,0.92,0.93,0.8,0.78,0.85,0.83
690,0.89,0.9,0.92,0.93,0.8,0.78,0.85,0.82
691,0.89,0.9,0.92,0.93,0.8,0.79,0.85,0.83
692,0.9,0.9,0.91,0.93,0.8,0.78,0.85,0.83
693,0.89,0.91,0.91,0.95,0.8,0.79,0.85,0.83
694,0.89,0.9,0.91,0.93,0.8,0.79,0.84,0.83
695,0.89,0.9,0.91,0.95,0.8,0.79,0.84,0.83
696,0.89,0.91,0.91,0.93,0.8,0.79,0.85,0.83
697,0.89,0.9,0.91,0.93,0.8,0.79,0.85,0.84
698,0.89,0.9,0.91,0.95,0.8,0.79,0.85,0.84
699,0.89,0.9,0.91,0.93,0.8,0.8,0.85,0.84
700,0.89,0.9,0.91,0.93,0.81,0.8,0.86,0.84
701,0.89,0.9,0.91,0.93,0.81,0.8,0.86,0.84
702,0.89,0.9,0.91,0.93,0.81,0.8,0.87,0.84
703,0.9,0.91,0.91,0.93,0.81,0.8,0.87,0.85
704,0.91,0.91,0.91,0.93,0.81,0.8,0.87,0.85
705,0.91,0.91,0.91,0.93,0.81,0.8,0.87,0.85
706,0.9,0.9,0.91,0.95,0.81,0.81,0.87,0.86
707,0.9,0.91,0.91,0.95,0.82,0.81,0.88,0.86
708,0.9,0.9,0.91,0.95,0.82,0.81,0.88,0.86
709,0.9,0.91,0.91,0.95,0.82,0.81,0.88,0.86
710,0.91,0.91,0.91,0.95,0.83,0.81,0.89,0.86
711,0.91,0.91,0.92,0.95,0.83,0.82,0.89,0.87
712,0.91,0.91,0.92,0.95,0.83,0.82,0.9,0.87
713,0.91,0.91,0.92,0.95,0.83,0.82,0.9,0.87
714,0.91,0.91,0.92,0.95,0.84,0.82,0.91,0.88
715,0.91,0.91,0.92,0.95,0.84,0.83,0.91,0.88
716,0.92,0.91,0.93,0.95,0.84,0.83,0.92,0.88
717,0.91,0.91,0.93,0.95,0.84,0.83,0.92,0.88
718,0.91,0.91,0.93,0.95,0.85,0.83,0.92,0.89
719,0.92,0.91,0.93,0.95,0.85,0.83,0.92,0.89
720,0.91,0.91,0.93,0.95,0.85,0.83,0.93,0.89
721,0.92,0.91,0.93,0.95,0.85,0.84,0.92,0.89
722,0.92,0.91,0.93,0.95,0.85,0.84,0.93,0.89
723,0.92,0.92,0.93,0.95,0.86,0.84,0.93,0.89
724,0.91,0.91,0.93,0.96,0.86,0.84,0.93,0.89
725,0.91,0.91,0.93,0.96,0.86,0.84,0.93,0.89
726,0.91,0.92,0.93,0.95,0.86,0.84,0.93,0.9
727,0.92,0.92,0.93,0.95,0.86,0.84,0.93,0.9
728,0.92,0.92,0.93,0.95,0.86,0.85,0.94,0.9
729,0.91,0.92,0.92,0.96,0.86,0.85,0.93,0.9
730,0.91,0.92,0.92,0.95,0.86,0.85,0.94,0.9
731,0.91,0.92,0.92,0.95,0.87,0.86,0.94,0.9
732,0.92,0.92,0.92,0.96,0.87,0.86,0.94,0.91
733,0.9,0.93,0.92,0.96,0.87,0.86,0.94,0.9
734,0.91,0.92,0.91,0.96,0.87,0.86,0.94,0.91
735,0.9,0.92,0.91,0.95,0.87,0.86,0.93,0.9
736,0.89,0.92,0.91,0.95,0.87,0.86,0.93,0.9
737,0.9,0.92,0.91,0.96,0.87,0.86,0.92,0.9
738,0.9,0.92,0.9,0.95,0.87,0.86,0.92,0.9
739,0.89,0.92,0.9,0.95,0.87,0.86,0.92,0.89
740,0.9,0.92,0.9,0.95,0.87,0.86,0.91,0.89
741,0.89,0.92,0.9,0.95,0.87,0.86,0.9,0.89
742,0.91,0.92,0.89,0.95,0.87,0.86,0.89,0.88
743,0.89,0.91,0.89,0.95,0.87,0.86,0.89,0.88
744,0.89,0.92,0.89,0.95,0.87,0.86,0.88,0.88
745,0.88,0.91,0.87,0.93,0.86,0.86,0.86,0.86
746,0.9,0.91,0.87,0.95,0.86,0.86,0.86,0.86
747,0.89,0.91,0.87,0.93,0.86,0.85,0.86,0.85
748,0.89,0.91,0.87,0.93,0.86,0.86,0.86,0.85
749,0.89,0.91,0.87,0.93,0.86,0.85,0.85,0.85
750,0.89,0.91,0.87,0.93,0.85,0.85,0.85,0.84
751,0.9,0.91,0.87,0.93,0.85,0.85,0.85,0.84
752,0.91,0.91,0.87,0.93,0.85,0.85,0.85,0.84
753,0.89,0.91,0.87,0.93,0.85,0.84,0.85,0.84
754,0.9,0.91,0.87,0.93,0.85,0.84,0.85,0.83
755,0.91,0.91,0.87,0.93,0.85,0.84,0.85,0.83
756,0.9,0.91,0.87,0.93,0.85,0.84,0.85,0.83
757,0.91,0.92,0.87,0.93,0.84,0.84,0.86,0.83
758,0.9,0.92,0.87,0.92,0.85,0.84,0.86,0.83
759,0.91,0.92,0.88,0.93,0.84,0.84,0.87,0.83
760,0.91,0.92,0.88,0.93,0.84,0.84,0.86,0.83
761,0.91,0.92,0.88,0.93,0.85,0.84,0.87,0.83
762,0.91,0.92,0.9,0.93,0.84,0.84,0.87,0.84
763,0.91,0.92,0.9,0.93,0.84,0.84,0.88,0.84
764,0.92,0.93,0.9,0.93,0.84,0.84,0.88,0.84
765,0.92,0.93,0.9,0.93,0.84,0.84,0.88,0.84
766,0.92,0.93,0.9,0.93,0.85,0.84,0.88,0.84
767,0.92,0.93,0.9,0.92,0.84,0.84,0.89,0.84
768,0.93,0.93,0.9,0.93,0.85,0.84,0.89,0.85
769,0.92,0.93,0.9,0.93,0.84,0.84,0.89,0.85
770,0.92,0.93,0.91,0.93,0.84,0.84,0.89,0.86
771,0.92,0.94,0.91,0.93,0.85,0.84,0.9,0.86
772,0.92,0.94,0.91,0.93,0.85,0.84,0.9,0.86
773,0.92,0.94,0.91,0.92,0.85,0.84,0.91,0.86
774,0.92,0.94,0.91,0.93,0.85,0.84,0.91,0.87
775,0.92,0.94,0.91,0.92,0.85,0.84,0.91,0.87
776,0.94,0.94,0.91,0.93,0.85,0.84,0.92,0.87
777,0.94,0.94,0.91,0.93,0.85,0.84,0.92,0.88
778,0.92,0.94,0.91,0.93,0.85,0.84,0.92,0.88
779,0.92,0.94,0.91,0.93,0.86,0.84,0.92,0.88
780,0.92,0.94,0.91,0.93,0.86,0.85,0.92,0.89
781,0.94,0.94,0.91,0.92,0.86,0.85,0.92,0.89
782,0.94,0.94,0.91,0.93,0.86,0.85,0.92,0.89
783,0.92,0.94,0.91,0.93,0.86,0.85,0.92,0.9
784,0.92,0.94,0.92,0.93,0.86,0.85,0.93,0.9
785,0.92,0.94,0.91,0.93,0.86,0.85,0.93,0.9
786,0.92,0.94,0.91,0.93,0.87,0.86,0.93,0.91
787,0.92,0.94,0.92,0.93,0.87,0.86,0.94,0.91
788,0.93,0.95,0.91,0.93,0.87,0.86,0.94,0.92
789,0.92,0.94,0.92,0.93,0.87,0.87,0.95,0.92
790,0.92,0.94,0.92,0.93,0.88,0.87,0.95,0.93
791,0.92,0.95,0.92,0.93,0.88,0.87,0.95,0.93
792,0.92,0.94,0.92,0.93,0.88,0.87,0.96,0.93
793,0.92,0.94,0.92,0.93,0.89,0.88,0.96,0.94
794,0.92,0.94,0.92,0.93,0.89,0.88,0.97,0.95
795,0.92,0.94,0.93,0.93,0.89,0.88,0.97,0.95
796,0.92,0.94,0.93,0.93,0.89,0.88,0.97,0.95
797,0.92,0.94,0.93,0.93,0.9,0.88,0.97,0.95
798,0.92,0.94,0.93,0.93,0.9,0.89,0.97,0.96
799,0.93,0.94,0.93,0.93,0.9,0.89,0.97,0.96
800,0.94,0.94,0.93,0.93,0.9,0.89,0.97,0.96
801,0.92,0.94,0.93,0.95,0.9,0.89,0.97,0.96
802,0.92,0.94,0.93,0.93,0.9,0.9,0.97,0.96
803,0.92,0.94,0.93,0.95,0.9,0.9,0.97,0.97
804,0.92,0.94,0.93,0.93,0.9,0.9,0.97,0.96
805,0.92,0.94,0.93,0.93,0.91,0.9,0.97,0.97
806,0.92,0.94,0.93,0.95,0.91,0.9,0.98,0.97
807,0.92,0.95,0.93,0.93,0.91,0.91,0.97,0.97
808,0.92,0.94,0.93,0.93,0.91,0.91,0.97,0.97
809,0.93,0.94,0.93,0.93,0.91,0.91,0.97,0.97
810,0.92,0.94,0.93,0.93,0.91,0.91,0.97,0.97
811,0.93,0.94,0.93,0.93,0.92,0.91,0.97,0.97
812,0.93,0.95,0.93,0.93,0.92,0.91,0.97,0.97
813,0.93,0.94,0.93,0.93,0.92,0.91,0.97,0.97
814,0.94,0.95,0.93,0.93,0.92,0.91,0.97,0.96
815,0.93,0.95,0.93,0.93,0.92,0.91,0.97,0.96
816,0.93,0.95,0.93,0.93,0.92,0.91,0.97,0.97
817,0.94,0.95,0.93,0.93,0.92,0.91,0.97,0.96
818,0.94,0.95,0.93,0.93,0.92,0.92,0.97,0.96
819,0.93,0.96,0.93,0.93,0.92,0.91,0.97,0.96
820,0.93,0.95,0.93,0.93,0.92,0.91,0.97,0.96
821,0.92,0.96,0.93,0.93,0.92,0.92,0.97,0.96
822,0.94,0.95,0.93,0.93,0.92,0.92,0.97,0.96
823,0.93,0.95,0.93,0.93,0.92,0.92,0.97,0.96
824,0.92,0.96,0.93,0.93,0.92,0.92,0.97,0.96
825,0.92,0.95,0.93,0.93,0.92,0.93,0.97,0.96
826,0.92,0.95,0.93,0.93,0.93,0.93,0.97,0.96
827,0.92,0.95,0.94,0.93,0.92,0.93,0.97,0.96
828,0.92,0.95,0.93,0.93,0.93,0.92,0.97,0.96
829,0.92,0.95,0.94,0.93,0.93,0.93,0.97,0.96
830,0.92,0.95,0.93,0.93,0.92,0.93,0.96,0.95
831,0.94,0.95,0.93,0.93,0.92,0.93,0.96,0.95
832,0.92,0.95,0.93,0.93,0.92,0.93,0.96,0.95
833,0.92,0.95,0.93,0.93,0.92,0.93,0.96,0.95
834,0.92,0.95,0.93,0.93,0.92,0.93,0.96,0.95
835,0.93,0.95,0.93,0.95,0.92,0.92,0.95,0.95
836,0.92,0.95,0.94,0.95,0.92,0.93,0.95,0.95
837,0.93,0.96,0.93,0.93,0.92,0.93,0.95,0.94
838,0.92,0.95,0.93,0.93,0.92,0.93,0.95,0.94
839,0.92,0.95,0.93,0.95,0.92,0.92,0.95,0.94
840,0.92,0.95,0.93,0.95,0.92,0.93,0.94,0.94
841,0.92,0.95,0.93,0.93,0.92,0.92,0.94,0.93
842,0.92,0.96,0.93,0.95,0.92,0.93,0.93,0.93
843,0.92,0.95,0.93,0.93,0.92,0.92,0.93,0.93
844,0.92,0.95,0.93,0.95,0.92,0.92,0.93,0.92
845,0.92,0.95,0.93,0.95,0.92,0.92,0.93,0.92
846,0.93,0.95,0.93,0.95,0.92,0.92,0.92,0.92
847,0.92,0.94,0.93,0.95,0.92,0.92,0.92,0.92
848,0.92,0.95,0.93,0.93,0.91,0.92,0.92,0.91
849,0.92,0.95,0.93,0.95,0.91,0.92,0.92,0.91
850,0.93,0.95,0.93,0.95,0.92,0.92,0.91,0.9
851,0.91,0.95,0.93,0.95,0.91,0.91,0.91,0.9
852,0.91,0.96,0.93,0.95,0.91,0.91,0.91,0.9
853,0.92,0.95,0.93,0.95,0.91,0.91,0.9,0.89
854,0.91,0.95,0.92,0.95,0.91,0.91,0.9,0.89
855,0.91,0.94,0.93,0.95,0.9,0.91,0.9,0.89
856,0.91,0.94,0.92,0.95,0.9,0.91,0.9,0.89
857,0.92,0.94,0.92,0.95,0.9,0.91,0.9,0.89
858,0.91,0.95,0.92,0.95,0.9,0.91,0.9,0.89
859,0.91,0.94,0.92,0.95,0.9,0.9,0.9,0.89
860,0.91,0.93,0.92,0.95,0.9,0.9,0.9,0.89
861,0.91,0.94,0.92,0.93,0.9,0.9,0.91,0.88
862,0.9,0.94,0.92,0.95,0.9,0.9,0.9,0.89
863,0.92,0.93,0.92,0.95,0.9,0.9,0.9,0.89
864,0.9,0.93,0.92,0.95,0.9,0.9,0.9,0.89
865,0.91,0.94,0.92,0.95,0.89,0.9,0.9,0.89
866,0.91,0.93,0.92,0.95,0.9,0.9,0.91,0.89
867,0.9,0.93,0.91,0.95,0.89,0.9,0.9,0.89
868,0.9,0.93,0.91,0.95,0.89,0.9,0.91,0.89
869,0.89,0.93,0.91,0.95,0.89,0.9,0.9,0.89
870,0.91,0.92,0.91,0.95,0.89,0.9,0.9,0.89
871,0.89,0.92,0.91,0.93,0.89,0.9,0.9,0.89
872,0.89,0.92,0.91,0.95,0.89,0.9,0.9,0.89
873,0.89,0.92,0.91,0.93,0.89,0.9,0.9,0.89
874,0.89,0.92,0.91,0.93,0.89,0.9,0.9,0.89
875,0.89,0.92,0.91,0.95,0.89,0.9,0.91,0.89
876,0.89,0.92,0.91,0.95,0.89,0.9,0.91,0.9
877,0.89,0.91,0.91,0.93,0.89,0.9,0.91,0.9
878,0.89,0.92,0.91,0.95,0.89,0.9,0.9,0.9
879,0.89,0.91,0.91,0.93,0.89,0.9,0.9,0.9
880,0.89,0.92,0.91,0.93,0.89,0.9,0.9,0.9
881,0.88,0.92,0.92,0.95,0.89,0.9,0.9,0.9
882,0.89,0.91,0.92,0.93,0.89,0.9,0.9,0.9
883,0.88,0.91,0.92,0.95,0.89,0.9,0.89,0.9
884,0.88,0.91,0.92,0.93,0.89,0.9,0.89,0.89
885,0.88,0.91,0.92,0.95,0.89,0.9,0.89,0.89
886,0.88,0.91,0.92,0.93,0.89,0.9,0.89,0.89
887,0.88,0.91,0.92,0.93,0.9,0.9,0.88,0.89
888,0.89,0.91,0.92,0.95,0.89,0.9,0.88,0.89
889,0.88,0.91,0.93,0.93,0.89,0.9,0.88,0.89
890,0.89,0.91,0.92,0.95,0.89,0.9,0.87,0.89
891,0.88,0.91,0.92,0.95,0.89,0.9,0.88,0.89
892,0.89,0.91,0.92,0.95,0.89,0.9,0.87,0.88
893,0.89,0.91,0.93,0.95,0.89,0.89,0.87,0.88
894,0.89,0.91,0.92,0.93,0.89,0.9,0.87,0.88
895,0.89,0.91,0.93,0.95,0.89,0.9,0.87,0.88
896,0.89,0.91,0.93,0.95,0.89,0.89,0.87,0.87
897,0.89,0.91,0.92,0.95,0.89,0.89,0.86,0.87
898,0.91,0.91,0.92,0.95,0.89,0.89,0.86,0.87
899,0.89,0.91,0.92,0.95,0.89,0.89,0.85,0.87
900,0.9,0.91,0.92,0.95,0.89,0.89,0.85,0.86
901,0.91,0.91,0.92,0.95,0.89,0.89,0.84,0.86
902,0.91,0.91,0.92,0.95,0.89,0.89,0.84,0.86
903,0.91,0.91,0.92,0.95,0.88,0.89,0.84,0.86
904,0.91,0.91,0.92,0.95,0.88,0.88,0.84,0.85
905,0.91,0.91,0.92,0.95,0.88,0.88,0.84,0.85
906,0.91,0.92,0.92,0.95,0.88,0.88,0.84,0.85
907,0.91,0.91,0.92,0.95,0.88,0.88,0.84,0.85
908,0.91,0.92,0.92,0.95,0.87,0.88,0.83,0.84
909,0.91,0.91,0.92,0.93,0.87,0.88,0.83,0.84
910,0.91,0.91,0.92,0.95,0.87,0.87,0.83,0.84
911,0.91,0.92,0.92,0.95,0.87,0.87,0.83,0.84
912,0.91,0.92,0.91,0.95,0.87,0.87,0.83,0.84
913,0.91,0.92,0.92,0.95,0.86,0.87,0.82,0.84
914,0.91,0.92,0.91,0.95,0.86,0.87,0.82,0.83
915,0.91,0.91,0.91,0.93,0.86,0.87,0.82,0.83
916,0.91,0.92,0.91,0.93,0.86,0.87,0.82,0.83
917,0.9,0.91,0.91,0.93,0.86,0.87,0.82,0.83
918,0.9,0.91,0.91,0.93,0.86,0.87,0.82,0.83
919,0.91,0.92,0.9,0.93,0.86,0.86,0.82,0.83
920,0.9,0.92,0.9,0.93,0.86,0.86,0.82,0.84
921,0.89,0.92,0.9,0.95,0.86,0.86,0.83,0.84
922,0.91,0.92,0.9,0.93,0.86,0.86,0.83,0.84
923,0.89,0.92,0.9,0.93,0.86,0.86,0.83,0.84
924,0.89,0.91,0.9,0.93,0.86,0.86,0.84,0.84
925,0.89,0.92,0.9,0.93,0.86,0.86,0.84,0.85
926,0.89,0.91,0.89,0.93,0.86,0.86,0.84,0.86
927,0.88,0.91,0.89,0.93,0.86,0.86,0.84,0.86
928,0.88,0.91,0.89,0.93,0.86,0.86,0.85,0.86
929,0.88,0.91,0.88,0.92,0.86,0.86,0.85,0.87
930,0.88,0.91,0.88,0.93,0.86,0.86,0.86,0.88
931,0.87,0.9,0.88,0.92,0.86,0.86,0.86,0.88
932,0.87,0.91,0.88,0.92,0.86,0.86,0.87,0.88
933,0.87,0.91,0.88,0.92,0.86,0.86,0.87,0.89
934,0.87,0.91,0.88,0.92,0.86,0.86,0.87,0.89
935,0.87,0.91,0.88,0.92,0.86,0.86,0.87,0.9
936,0.87,0.91,0.88,0.92,0.86,0.87,0.87,0.9
937,0.88,0.91,0.88,0.92,0.86,0.87,0.88,0.9
938,0.88,0.9,0.87,0.92,0.86,0.87,0.88,0.9
939,0.87,0.91,0.87,0.92,0.86,0.87,0.88,0.91
940,0.87,0.9,0.87,0.9,0.87,0.87,0.89,0.92
941,0.88,0.9,0.87,0.9,0.86,0.87,0.89,0.92
942,0.87,0.9,0.87,0.92,0.86,0.87,0.89,0.92
943,0.87,0.91,0.88,0.9,0.86,0.87,0.89,0.92
944,0.87,0.91,0.88,0.9,0.86,0.87,0.89,0.92
945,0.87,0.91,0.87,0.9,0.87,0.87,0.89,0.93
946,0.88,0.91,0.88,0.9,0.87,0.88,0.9,0.93
947,0.88,0.91,0.87,0.9,0.87,0.88,0.9,0.93
948,0.88,0.9,0.88,0.9,0.87,0.88,0.9,0.94
949,0.88,0.91,0.88,0.9,0.87,0.88,0.9,0.94
950,0.89,0.9,0.88,0.9,0.87,0.88,0.9,0.94
951,0.88,0.91,0.88,0.9,0.87,0.88,0.9,0.94
952,0.88,0.91,0.88,0.9,0.88,0.89,0.9,0.94
953,0.88,0.91,0.88,0.92,0.88,0.89,0.9,0.94
954,0.88,0.9,0.88,0.9,0.88,0.89,0.9,0.95
955,0.88,0.9,0.88,0.9,0.88,0.89,0.9,0.94
956,0.89,0.9,0.88,0.9,0.88,0.89,0.9,0.94
957,0.89,0.9,0.88,0.9,0.88,0.89,0.89,0.94
958,0.89,0.9,0.88,0.9,0.88,0.89,0.89,0.94
959,0.89,0.91,0.88,0.9,0.88,0.89,0.89,0.93
960,0.89,0.9,0.88,0.9,0.88,0.89,0.89,0.93
961,0.89,0.9,0.88,0.9,0.88,0.89,0.89,0.93
962,0.89,0.9,0.88,0.9,0.88,0.89,0.88,0.93
963,0.9,0.9,0.88,0.89,0.88,0.89,0.87,0.92
964,0.9,0.9,0.88,0.89,0.88,0.89,0.87,0.92
965,0.9,0.91,0.88,0.89,0.88,0.89,0.86,0.92
966,0.9,0.91,0.88,0.9,0.88,0.89,0.86,0.91
967,0.9,0.9,0.88,0.9,0.88,0.89,0.86,0.91
968,0.91,0.91,0.88,0.9,0.88,0.89,0.86,0.91
969,0.91,0.9,0.88,0.9,0.88,0.89,0.86,0.91
970,0.92,0.91,0.88,0.89,0.88,0.89,0.85,0.9
971,0.91,0.9,0.89,0.9,0.88,0.89,0.85,0.89
972,0.91,0.91,0.89,0.9,0.88,0.88,0.85,0.89
973,0.91,0.91,0.89,0.9,0.88,0.88,0.85,0.89
974,0.91,0.91,0.89,0.9,0.88,0.88,0.85,0.89
975,0.91,0.91,0.89,0.9,0.88,0.88,0.85,0.89
976,0.91,0.91,0.88,0.9,0.88,0.89,0.85,0.89
977,0.91,0.91,0.88,0.9,0.88,0.88,0.85,0.89
978,0.92,0.9,0.88,0.9,0.88,0.88,0.86,0.89
979,0.91,0.91,0.89,0.9,0.88,0.89,0.86,0.89
980,0.91,0.91,0.89,0.9,0.88,0.89,0.87,0.89
981,0.91,0.91,0.89,0.9,0.89,0.89,0.87,0.89
982,0.92,0.9,0.89,0.9,0.88,0.89,0.86,0.89
983,0.91,0.91,0.9,0.9,0.89,0.89,0.87,0.89
984,0.91,0.91,0.9,0.9,0.89,0.89,0.87,0.89
985,0.92,0.91,0.9,0.9,0.89,0.89,0.87,0.89
986,0.92,0.91,0.9,0.9,0.89,0.89,0.87,0.89
987,0.92,0.91,0.9,0.92,0.89,0.89,0.87,0.89
988,0.92,0.91,0.9,0.9,0.89,0.89,0.87,0.89
989,0.91,0.91,0.9,0.92,0.89,0.9,0.87,0.89
990,0.91,0.91,0.9,0.92,0.89,0.9,0.88,0.89
991,0.92,0.91,0.91,0.9,0.9,0.9,0.88,0.89
992,0.93,0.91,0.91,0.9,0.9,0.9,0.89,0.9
993,0.91,0.91,0.9,0.92,0.9,0.9,0.89,0.9
994,0.92,0.91,0.91,0.92,0.9,0.9,0.89,0.9
995,0.91,0.91,0.91,0.92,0.9,0.9,0.89,0.91
996,0.92,0.9,0.91,0.92,0.9,0.91,0.9,0.91
997,0.91,0.9,0.91,0.92,0.9,0.91,0.9,0.91
998,0.92,0.91,0.91,0.92,0.9,0.91,0.9,0.91
999,0.91,0.91,0.92,0.92,0.9,0.91,0.89,0.92
1000,0.91,0.9,0.91,0.92,0.91,0.91,0.89,0.92
1001,0.92,0.9,0.91,0.92,0.9,0.91,0.89,0.92
1002,0.91,0.91,0.91,0.92,0.9,0.91,0.89,0.92
1003,0.92,0.91,0.91,0.92,0.9,0.91,0.89,0.92
1004,0.91,0.91,0.91,0.92,0.9,0.91,0.89,0.92
1005,0.92,0.91,0.91,0.92,0.9,0.92,0.89,0.92
1006,0.91,0.91,0.91,0.92,0.91,0.92,0.89,0.92
1007,0.92,0.91,0.91,0.93,0.91,0.92,0.89,0.92
1008,0.91,0.91,0.91,0.92,0.91,0.92,0.89,0.92
1009,0.91,0.9,0.91,0.92,0.91,0.92,0.89,0.92
1010,0.92,0.9,0.91,0.92,0.91,0.92,0.89,0.92
1011,0.91,0.91,0.91,0.92,0.91,0.92,0.89,0.92
1012,0.92,0.91,0.91,0.92,0.91,0.92,0.89,0.92
1013,0.91,0.91,0.91,0.92,0.91,0.93,0.89,0.92
1014,0.91,0.91,0.91,0.92,0.91,0.92,0.89,0.92
1015,0.92,0.91,0.91,0.92,0.91,0.92,0.88,0.92
1016,0.91,0.91,0.91,0.92,0.91,0.92,0.88,0.92
1017,0.92,0.91,0.91,0.9,0.91,0.92,0.88,0.91
1018,0.91,0.91,0.91,0.92,0.91,0.93,0.88,0.91
1019,0.93,0.91,0.91,0.92,0.91,0.93,0.88,0.91
1020,0.92,0.91,0.91,0.92,0.91,0.92,0.88,0.91
1021,0.92,0.91,0.91,0.92,0.91,0.93,0.88,0.91
1022,0.92,0.91,0.91,0.92,0.9,0.92,0.88,0.91
1023,0.92,0.91,0.91,0.9,0.91,0.92,0.88,0.91
1024,0.93,0.91,0.91,0.92,0.91,0.92,0.88,0.91
1025,0.93,0.91,0.91,0.9,0.91,0.92,0.88,0.91
1026,0.92,0.91,0.91,0.92,0.9,0.92,0.89,0.91
1027,0.93,0.91,0.91,0.92,0.91,0.92,0.88,0.91
1028,0.93,0.91,0.91,0.9,0.91,0.92,0.88,0.91
1029,0.94,0.92,0.91,0.9,0.9,0.92,0.89,0.91
1030,0.96,0.93,0.91,0.92,0.9,0.92,0.89,0.91
1031,0.96,0.92,0.91,0.9,0.9,0.92,0.89,0.91
1032,0.95,0.93,0.91,0.9,0.9,0.92,0.89,0.91
1033,0.95,0.93,0.91,0.9,0.9,0.92,0.89,0.91
1034,0.95,0.92,0.91,0.9,0.9,0.92,0.89,0.91
1035,0.96,0.93,0.91,0.9,0.9,0.92,0.89,0.91
1036,0.95,0.93,0.91,0.9,0.91,0.92,0.89,0.9
1037,0.95,0.93,0.92,0.9,0.91,0.92,0.89,0.91
1038,0.96,0.94,0.92,0.9,0.91,0.92,0.89,0.91
1039,0.96,0.94,0.92,0.9,0.91,0.92,0.9,0.9
1040,0.95,0.94,0.92,0.9,0.91,0.92,0.9,0.91
1041,0.96,0.94,0.92,0.9,0.91,0.92,0.9,0.91
1042,0.95,0.94,0.92,0.9,0.91,0.92,0.9,0.9
1043,0.95,0.94,0.92,0.9,0.91,0.91,0.9,0.91
1044,0.96,0.95,0.92,0.9,0.91,0.92,0.91,0.91
1045,0.96,0.94,0.92,0.9,0.91,0.92,0.9,0.9
1046,0.96,0.94,0.92,0.9,0.91,0.92,0.91,0.91
1047,0.96,0.94,0.93,0.9,0.91,0.92,0.91,0.91
1048,0.95,0.94,0.92,0.89,0.91,0.92,0.91,0.91
1049,0.96,0.94,0.92,0.89,0.91,0.92,0.91,0.91
1050,0.95,0.94,0.93,0.89,0.91,0.92,0.91,0.91
1051,0.95,0.95,0.92,0.89,0.91,0.92,0.92,0.92
1052,0.95,0.95,0.92,0.89,0.92,0.92,0.92,0.92
1053,0.95,0.95,0.92,0.89,0.92,0.92,0.92,0.92
1054,0.96,0.94,0.92,0.9,0.92,0.93,0.92,0.92
1055,0.96,0.95,0.92,0.89,0.92,0.93,0.93,0.92
1056,0.95,0.95,0.92,0.89,0.92,0.93,0.93,0.92
1057,0.95,0.95,0.92,0.89,0.92,0.93,0.93,0.93
1058,0.95,0.96,0.93,0.9,0.92,0.93,0.93,0.93
1059,0.95,0.96,0.92,0.89,0.92,0.93,0.94,0.94
1060,0.95,0.95,0.92,0.89,0.93,0.93,0.94,0.94
1061,0.96,0.95,0.92,0.89,0.93,0.94,0.94,0.94
1062,0.96,0.96,0.92,0.89,0.93,0.94,0.95,0.95
1063,0.96,0.95,0.92,0.89,0.93,0.94,0.94,0.95
1064,0.94,0.96,0.92,0.89,0.93,0.94,0.95,0.95
1065,0.94,0.96,0.93,0.89,0.94,0.94,0.95,0.95
1066,0.95,0.96,0.93,0.89,0.94,0.94,0.94,0.95
1067,0.96,0.97,0.93,0.89,0.95,0.95,0.94,0.95
1068,0.95,0.96,0.93,0.89,0.94,0.95,0.94,0.95
1069,0.95,0.96,0.94,0.89,0.95,0.95,0.94,0.95
1070,0.95,0.96,0.94,0.9,0.95,0.95,0.95,0.95
1071,0.95,0.97,0.94,0.89,0.95,0.95,0.95,0.95
1072,0.95,0.96,0.95,0.89,0.95,0.95,0.95,0.95
1073,0.95,0.96,0.95,0.89,0.95,0.96,0.95,0.95
1074,0.95,0.96,0.95,0.89,0.95,0.95,0.95,0.95
1075,0.95,0.96,0.95,0.89,0.95,0.96,0.95,0.95
1076,0.96,0.96,0.95,0.9,0.95,0.96,0.95,0.95
1077,0.95,0.96,0.95,0.89,0.96,0.96,0.96,0.95
1078,0.95,0.96,0.96,0.89,0.96,0.96,0.96,0.96
1079,0.95,0.96,0.95,0.89,0.96,0.96,0.96,0.96
1080,0.96,0.96,0.96,0.89,0.96,0.96,0.96,0.96
1081,0.95,0.96,0.97,0.89,0.97,0.97,0.96,0.95
1082,0.95,0.96,0.97,0.89,0.97,0.97,0.96,0.95
1083,0.95,0.96,0.97,0.9,0.97,0.97,0.96,0.95
1084,0.95,0.96,0.97,0.9,0.98,0.97,0.96,0.95
1085,0.95,0.96,0.98,0.9,0.98,0.97,0.96,0.95
1086,0.95,0.96,0.98,0.9,0.98,0.97,0.96,0.95
1087,0.96,0.96,0.97,0.9,0.98,0.97,0.96,0.95
1088,0.95,0.95,0.98,0.9,0.98,0.97,0.96,0.95
1089,0.96,0.95,0.98,0.92,0.98,0.97,0.96,0.95
1090,0.96,0.96,0.98,0.9,0.98,0.97,0.95,0.95
1091,0.96,0.96,0.98,0.9,0.98,0.97,0.96,0.94
1092,0.96,0.96,0.98,0.92,0.98,0.97,0.95,0.94
1093,0.95,0.96,0.98,0.92,0.98,0.97,0.95,0.94
1094,0.95,0.96,0.99,0.92,0.98,0.97,0.95,0.94
1095,0.96,0.96,0.99,0.92,0.98,0.97,0.95,0.94
1096,0.96,0.96,0.99,0.92,0.98,0.97,0.95,0.93
1097,0.95,0.96,0.99,0.92,0.98,0.97,0.95,0.93
1098,0.96,0.96,0.99,0.92,0.98,0.97,0.95,0.93
1099,0.96,0.95,0.99,0.93,0.98,0.96,0.94,0.93
1100,0.96,0.96,0.99,0.93,0.98,0.97,0.94,0.93
1101,0.96,0.95,0.99,0.93,0.98,0.96,0.94,0.93
1102,0.96,0.97,0.99,0.93,0.98,0.96,0.94,0.92
1103,0.96,0.96,0.99,0.93,0.97,0.96,0.94,0.93
1104,0.96,0.96,0.99,0.93,0.97,0.96,0.94,0.93
1105,0.98,0.96,0.99,0.93,0.98,0.96,0.94,0.93
1106,0.97,0.95,0.99,0.93,0.97,0.96,0.94,0.93
1107,0.96,0.96,0.99,0.93,0.97,0.97,0.94,0.93
1108,0.96,0.96,0.99,0.93,0.97,0.97,0.95,0.93
1109,0.97,0.96,0.98,0.93,0.97,0.96,0.95,0.94
1110,0.96,0.96,0.98,0.93,0.97,0.97,0.95,0.94
1111,0.97,0.96,0.99,0.93,0.97,0.97,0.95,0.94
1112,0.96,0.96,0.98,0.95,0.97,0.96,0.94,0.94
1113,0.97,0.97,0.98,0.93,0.97,0.96,0.94,0.94
1114,0.97,0.96,0.98,0.95,0.97,0.97,0.94,0.94
1115,0.96,0.97,0.98,0.93,0.97,0.96,0.94,0.94
1116,0.97,0.96,0.98,0.93,0.97,0.97,0.94,0.94
1117,0.96,0.97,0.98,0.95,0.97,0.96,0.94,0.94
1118,0.97,0.97,0.98,0.93,0.97,0.97,0.94,0.95
1119,0.96,0.96,0.98,0.95,0.97,0.97,0.94,0.95
1120,0.96,0.97,0.97,0.95,0.97,0.96,0.94,0.95
1121,0.98,0.97,0.97,0.93,0.97,0.97,0.94,0.94
1122,0.96,0.96,0.97,0.95,0.97,0.97,0.94,0.94
1123,0.96,0.97,0.98,0.95,0.97,0.96,0.94,0.95
1124,0.98,0.97,0.97,0.95,0.97,0.97,0.94,0.95
1125,0.96,0.97,0.97,0.93,0.97,0.97,0.93,0.95
1126,0.96,0.96,0.97,0.95,0.97,0.97,0.93,0.95
1127,0.96,0.97,0.97,0.95,0.97,0.97,0.93,0.94
1128,0.96,0.97,0.97,0.95,0.97,0.97,0.93,0.94
1129,0.96,0.97,0.97,0.93,0.97,0.97,0.92,0.95
1130,0.97,0.97,0.97,0.93,0.96,0.97,0.92,0.94
1131,0.97,0.96,0.97,0.95,0.96,0.97,0.92,0.95
1132,0.96,0.97,0.97,0.95,0.97,0.97,0.92,0.94
1133,0.96,0.97,0.97,0.95,0.96,0.97,0.92,0.95
1134,0.96,0.96,0.97,0.95,0.96,0.97,0.92,0.94
1135,0.95,0.96,0.97,0.95,0.96,0.97,0.92,0.94
1136,0.96,0.97,0.97,0.95,0.96,0.97,0.92,0.94
1137,0.95,0.97,0.97,0.95,0.96,0.97,0.92,0.94
1138,0.96,0.97,0.97,0.95,0.96,0.97,0.93,0.95
1139,0.96,0.97,0.97,0.95,0.96,0.97,0.93,0.94
1140,0.96,0.96,0.98,0.95,0.96,0.97,0.93,0.94
1141,0.96,0.97,0.98,0.96,0.96,0.97,0.93,0.94
1142,0.96,0.96,0.98,0.96,0.96,0.97,0.94,0.95
1143,0.96,0.96,0.98,0.95,0.96,0.97,0.93,0.94
1144,0.96,0.96,0.98,0.96,0.96,0.96,0.94,0.94
1145,0.96,0.96,0.97,0.95,0.96,0.96,0.94,0.95
1146,0.96,0.97,0.98,0.96,0.96,0.96,0.95,0.95
1147,0.96,0.97,0.97,0.96,0.96,0.97,0.95,0.95
1148,0.96,0.97,0.98,0.96,0.96,0.97,0.95,0.95
1149,0.96,0.97,0.98,0.96,0.96,0.97,0.96,0.95
1150,0.96,0.97,0.98,0.96,0.96,0.97,0.97,0.96
1151,0.97,0.97,0.98,0.96,0.97,0.97,0.97,0.96
1152,0.98,0.97,0.98,0.96,0.97,0.97,0.97,0.97
1153,0.96,0.97,0.98,0.96,0.97,0.97,0.97,0.97
1154,0.98,0.97,0.98,0.97,0.97,0.97,0.97,0.97
1155,0.96,0.97,0.98,0.96,0.97,0.97,0.97,0.97
1156,0.96,0.97,0.98,0.97,0.98,0.98,0.98,0.97
1157,0.96,0.97,0.99,0.96,0.98,0.98,0.98,0.97
1158,0.96,0.97,0.98,0.96,0.98,0.98,0.98,0.98
1159,0.97,0.97,0.99,0.97,0.98,0.98,0.99,0.98
1160,0.96,0.97,0.98,0.97,0.98,0.98,0.99,0.98
1161,0.97,0.97,0.99,0.97,0.98,0.98,0.99,0.98
1162,0.97,0.97,0.99,0.97,0.99,0.99,0.99,0.99
1163,0.97,0.97,0.98,0.97,0.99,0.99,0.99,0.99
1164,0.97,0.97,0.99,0.97,0.99,0.99,1.0,0.99
1165,0.96,0.97,0.99,0.97,0.99,0.99,1.0,0.99
1166,0.97,0.97,0.99,0.96,0.99,0.99,1.0,0.99
1167,0.96,0.97,0.99,0.97,0.99,0.99,1.0,0.99
1168,0.97,0.97,0.99,0.97,0.99,0.99,1.0,0.99
1169,0.98,0.97,0.99,0.97,0.99,0.99,0.99,0.99
1170,0.97,0.97,0.99,0.97,0.99,0.99,0.99,0.99
1171,0.96,0.97,0.99,0.97,1.0,0.99,0.99,0.99
1172,0.96,0.97,0.99,0.97,1.0,0.99,0.99,0.99
1173,0.96,0.97,0.99,0.97,1.0,1.0,0.99,0.99
1174,0.97,0.97,0.99,0.97,1.0,1.0,0.98,0.99
1175,0.97,0.97,1.0,0.99,0.99,1.0,0.98,0.99
1176,0.97,0.97,1.0,0.99,1.0,1.0,0.98,0.98
1177,0.97,0.97,1.0,0.97,1.0,0.99,0.98,0.98
1178,0.98,0.97,1.0,0.97,1.0,0.99,0.98,0.98
1179,0.97,0.97,1.0,0.97,0.99,0.99,0.98,0.98
1180,0.97,0.97,1.0,0.99,0.99,0.99,0.98,0.98
1181,0.97,0.97,1.0,0.99,1.0,1.0,0.98,0.98
1182,0.97,0.97,1.0,0.99,0.99,1.0,0.98,0.98
1183,0.98,0.97,1.0,0.99,1.0,0.99,0.99,0.98
1184,0.98,0.97,1.0,0.99,1.0,1.0,0.99,0.99
1185,0.98,0.97,1.0,0.99,1.0,1.0,0.99,0.99
1186,0.98,0.97,1.0,0.99,1.0,0.99,1.0,0.99
1187,0.98,0.97,1.0,1.0,1.0,1.0,1.0,0.99
1188,0.98,0.97,1.0,0.99,1.0,1.0,1.0,1.0
1189,0.98,0.97,0.99,1.0,1.0,1.0,1.0,1.0
1190,0.98,0.97,0.99,0.99,1.0,1.0,1.0,1.0
1191,0.97,0.97,0.99,1.0,1.0,1.0,1.0,1.0
1192,0.97,0.97,0.99,0.99,1.0,1.0,1.0,1.0
1193,0.97,0.97,0.99,1.0,1.0,1.0,1.0,1.0
1194,0.98,0.97,0.98,0.99,1.0,1.0,1.0,1.0
1195,0.97,0.97,0.98,0.99,0.99,1.0,0.99,1.0
1196,0.97,0.97,0.98,1.0,0.99,1.0,0.99,1.0
1197,0.97,0.97,0.97,0.99,1.0,1.0,0.99,1.0
1198,0.97,0.98,0.97,0.99,0.99,1.0,0.98,1.0
1199,0.98,0.97,0.97,0.99,0.99,1.0,0.98,1.0
1200,0.97,0.97,0.97,0.99,0.99,1.0,0.97,1.0
1201,0.96,0.97,0.97,0.99,0.99,0.99,0.97,0.99
1202,0.96,0.97,0.97,0.99,0.99,1.0,0.96,0.99
1203,0.96,0.97,0.97,0.99,0.98,0.99,0.95,0.98
1204,0.96,0.97,0.96,0.99,0.98,0.99,0.95,0.98
1205,0.96,0.97,0.96,0.97,0.98,0.99,0.94,0.97
1206,0.97,0.97,0.95,0.99,0.98,0.99,0.93,0.97
1207,0.96,0.97,0.95,0.99,0.98,0.99,0.92,0.97
1208,0.96,0.97,0.95,0.99,0.97,0.99,0.92,0.96
1209,0.95,0.97,0.94,0.97,0.97,0.98,0.9,0.95
1210,0.95,0.97,0.94,0.97,0.96,0.98,0.9,0.95
1211,0.94,0.97,0.93,0.97,0.96,0.98,0.89,0.95
1212,0.94,0.97,0.93,0.97,0.96,0.97,0.88,0.94
1213,0.96,0.96,0.93,0.97,0.95,0.97,0.87,0.93
1214,0.93,0.97,0.92,0.97,0.95,0.97,0.87,0.92
1215,0.93,0.96,0.92,0.97,0.95,0.97,0.86,0.92
1216,0.93,0.96,0.91,0.97,0.95,0.96,0.86,0.92
1217,0.92,0.95,0.91,0.96,0.94,0.96,0.85,0.91
1218,0.92,0.95,0.9,0.97,0.94,0.96,0.84,0.9
1219,0.92,0.95,0.9,0.97,0.93,0.96,0.84,0.9
1220,0.92,0.95,0.9,0.97,0.93,0.95,0.84,0.89
1221,0.92,0.95,0.9,0.97,0.93,0.95,0.83,0.89
1222,0.92,0.95,0.89,0.97,0.92,0.94,0.83,0.88
1223,0.92,0.94,0.89,0.96,0.92,0.94,0.82,0.88
1224,0.92,0.94,0.89,0.96,0.91,0.94,0.82,0.87
1225,0.92,0.94,0.89,0.96,0.91,0.94,0.82,0.88
1226,0.92,0.94,0.89,0.96,0.91,0.93,0.82,0.87
1227,0.92,0.94,0.89,0.97,0.91,0.93,0.82,0.86
1228,0.92,0.94,0.89,0.96,0.9,0.93,0.82,0.86
1229,0.92,0.94,0.89,0.96,0.9,0.93,0.82,0.86
1230,0.93,0.94,0.89,0.96,0.9,0.93,0.82,0.86
1231,0.93,0.94,0.89,0.96,0.9,0.92,0.82,0.86
1232,0.93,0.94,0.89,0.96,0.9,0.92,0.82,0.86
1233,0.94,0.94,0.89,0.96,0.9,0.92,0.82,0.86
1234,0.93,0.94,0.89,0.96,0.9,0.91,0.82,0.86
1235,0.92,0.94,0.9,0.95,0.9,0.91,0.82,0.86
1236,0.92,0.94,0.89,0.96,0.9,0.91,0.82,0.86
1237,0.92,0.94,0.89,0.96,0.9,0.91,0.82,0.86
1238,0.92,0.94,0.9,0.95,0.89,0.91,0.83,0.86
1239,0.94,0.94,0.9,0.96,0.89,0.91,0.83,0.86
1240,0.92,0.94,0.9,0.96,0.9,0.91,0.83,0.85
1241,0.92,0.94,0.9,0.95,0.89,0.91,0.84,0.85
1242,0.92,0.94,0.9,0.95,0.89,0.91,0.84,0.86
1243,0.92,0.94,0.9,0.95,0.9,0.91,0.84,0.86
1244,0.93,0.94,0.9,0.95,0.9,0.91,0.84,0.86
1245,0.92,0.94,0.9,0.95,0.9,0.91,0.84,0.86
1246,0.92,0.94,0.9,0.95,0.9,0.91,0.85,0.86
1247,0.92,0.95,0.9,0.96,0.9,0.91,0.84,0.86
1248,0.92,0.94,0.9,0.96,0.9,0.91,0.85,0.86
1249,0.92,0.94,0.9,0.95,0.9,0.91,0.85,0.86
1250,0.92,0.94,0.9,0.95,0.9,0.91,0.85,0.87
1251,0.92,0.95,0.91,0.95,0.9,0.91,0.86,0.87
1252,0.92,0.94,0.91,0.95,0.9,0.91,0.85,0.87
1253,0.92,0.94,0.91,0.95,0.9,0.91,0.86,0.87
1254,0.92,0.95,0.91,0.95,0.9,0.91,0.86,0.88
1255,0.92,0.94,0.91,0.95,0.9,0.91,0.86,0.88
1256,0.91,0.94,0.91,0.95,0.9,0.92,0.86,0.88
1257,0.91,0.94,0.9,0.95,0.9,0.91,0.86,0.88
1258,0.91,0.94,0.91,0.93,0.9,0.91,0.86,0.89
1259,0.92,0.94,0.91,0.95,0.9,0.91,0.86,0.89
1260,0.92,0.94,0.91,0.95,0.9,0.92,0.87,0.89
1261,0.91,0.93,0.91,0.95,0.91,0.92,0.87,0.89
1262,0.91,0.94,0.91,0.93,0.9,0.92,0.87,0.89
1263,0.91,0.94,0.91,0.95,0.91,0.92,0.88,0.89
1264,0.92,0.93,0.91,0.95,0.91,0.92,0.88,0.9
1265,0.91,0.94,0.91,0.95,0.91,0.92,0.88,0.9
1266,0.93,0.94,0.91,0.95,0.91,0.92,0.89,0.9
1267,0.92,0.94,0.91,0.95,0.91,0.92,0.89,0.91
1268,0.92,0.93,0.91,0.95,0.91,0.93,0.89,0.91
1269,0.91,0.94,0.91,0.93,0.91,0.93,0.89,0.91
1270,0.91,0.93,0.91,0.95,0.91,0.93,0.89,0.91
1271,0.91,0.93,0.91,0.95,0.92,0.93,0.89,0.92
1272,0.91,0.93,0.91,0.93,0.92,0.93,0.9,0.91
1273,0.91,0.94,0.91,0.95,0.92,0.93,0.9,0.92
1274,0.92,0.94,0.91,0.93,0.92,0.93,0.9,0.92
1275,0.92,0.94,0.91,0.93,0.92,0.93,0.9,0.92
1276,0.92,0.94,0.91,0.95,0.92,0.93,0.9,0.92
1277,0.92,0.94,0.91,0.93,0.92,0.93,0.91,0.92
1278,0.93,0.93,0.91,0.93,0.92,0.93,0.91,0.92
1279,0.92,0.94,0.91,0.95,0.92,0.93,0.91,0.93
1280,0.94,0.94,0.92,0.95,0.93,0.93,0.92,0.93
1281,0.94,0.94,0.92,0.95,0.92,0.93,0.92,0.93
1282,0.94,0.94,0.92,0.93,0.93,0.94,0.92,0.93
1283,0.94,0.95,0.92,0.95,0.93,0.94,0.92,0.93
1284,0.94,0.94,0.92,0.93,0.93,0.94,0.92,0.93
1285,0.94,0.94,0.92,0.93,0.93,0.94,0.92,0.94
1286,0.94,0.94,0.93,0.95,0.93,0.94,0.93,0.94
1287,0.94,0.94,0.92,0.93,0.93,0.94,0.93,0.94
1288,0.95,0.95,0.93,0.93,0.93,0.94,0.93,0.93
1289,0.97,0.95,0.93,0.93,0.93,0.94,0.93,0.94
1290,0.95,0.95,0.93,0.93,0.93,0.94,0.94,0.93
1291,0.96,0.95,0.93,0.93,0.93,0.94,0.93,0.94
1292,0.97,0.96,0.93,0.93,0.93,0.94,0.93,0.94
1293,0.96,0.95,0.93,0.93,0.93,0.94,0.94,0.93
1294,0.96,0.96,0.93,0.93,0.93,0.94,0.93,0.94
1295,0.97,0.96,0.94,0.93,0.93,0.94,0.93,0.93
1296,0.98,0.97,0.93,0.93,0.93,0.94,0.93,0.93
1297,0.97,0.96,0.94,0.93,0.93,0.94,0.93,0.93
1298,0.97,0.97,0.93,0.92,0.93,0.94,0.92,0.93
1299,0.97,0.97,0.93,0.93,0.93,0.94,0.93,0.93
1300,0.98,0.97,0.93,0.93,0.93,0.94,0.92,0.93
1301,0.98,0.97,0.93,0.93,0.93,0.94,0.92,0.92
1302,0.98,0.97,0.93,0.93,0.93,0.94,0.92,0.93
1303,0.97,0.97,0.93,0.93,0.93,0.94,0.92,0.92
1304,0.98,0.97,0.93,0.92,0.93,0.94,0.92,0.93
1305,0.98,0.97,0.93,0.93,0.93,0.94,0.92,0.92
1306,0.98,0.97,0.93,0.92,0.93,0.94,0.93,0.93
1307,0.98,0.97,0.93,0.92,0.93,0.94,0.93,0.93
1308,0.98,0.97,0.94,0.93,0.93,0.95,0.93,0.93
1309,0.98,0.97,0.94,0.92,0.93,0.94,0.93,0.93
1310,0.98,0.97,0.94,0.92,0.93,0.94,0.93,0.93
1311,0.98,0.97,0.94,0.92,0.93,0.95,0.94,0.94
1312,0.98,0.98,0.94,0.93,0.94,0.95,0.94,0.93
1313,0.98,0.97,0.94,0.92,0.94,0.95,0.94,0.94
1314,0.98,0.98,0.94,0.92,0.94,0.95,0.95,0.94
1315,0.98,0.98,0.95,0.93,0.94,0.96,0.95,0.95
1316,0.99,0.98,0.95,0.92,0.94,0.96,0.96,0.95
1317,0.98,0.98,0.95,0.93,0.94,0.95,0.96,0.95
1318,0.98,0.98,0.95,0.92,0.94,0.96,0.96,0.95
1319,0.98,0.98,0.95,0.92,0.94,0.95,0.95,0.94
1320,0.99,0.98,0.96,0.92,0.94,0.96,0.96,0.94
1321,0.99,0.98,0.95,0.92,0.94,0.96,0.96,0.95
1322,0.98,0.98,0.96,0.92,0.94,0.95,0.95,0.95
1323,0.98,0.98,0.95,0.92,0.94,0.95,0.95,0.95
1324,0.98,0.98,0.95,0.92,0.94,0.95,0.96,0.95
1325,1.0,0.98,0.96,0.92,0.94,0.95,0.96,0.95
1326,0.98,0.98,0.96,0.92,0.94,0.95,0.96,0.94
1327,0.98,0.98,0.95,0.92,0.93,0.95,0.96,0.94
1328,0.98,0.98,0.96,0.9,0.93,0.95,0.96,0.94
1329,0.98,0.98,0.96,0.92,0.94,0.95,0.96,0.94
1330,1.0,0.98,0.95,0.92,0.94,0.95,0.95,0.94
1331,0.99,0.98,0.95,0.92,0.94,0.95,0.96,0.94
1332,0.98,0.98,0.96,0.92,0.93,0.95,0.96,0.94
1333,0.98,0.99,0.95,0.92,0.93,0.95,0.96,0.94
1334,0.98,0.98,0.96,0.92,0.94,0.95,0.95,0.94
1335,0.99,0.98,0.95,0.92,0.94,0.95,0.95,0.94
1336,0.99,0.98,0.96,0.92,0.93,0.95,0.95,0.94
1337,0.98,0.98,0.95,0.92,0.93,0.95,0.95,0.93
1338,0.98,0.99,0.95,0.9,0.93,0.95,0.95,0.93
1339,0.98,0.99,0.95,0.92,0.93,0.95,0.94,0.93
1340,0.98,0.99,0.95,0.92,0.93,0.95,0.95,0.93
1341,0.98,0.99,0.96,0.92,0.93,0.95,0.95,0.93
1342,0.98,0.99,0.96,0.92,0.93,0.95,0.95,0.93
1343,0.98,0.99,0.95,0.92,0.93,0.95,0.94,0.93
1344,0.98,0.99,0.95,0.9,0.93,0.95,0.94,0.93
1345,0.98,0.99,0.96,0.92,0.93,0.95,0.94,0.93
1346,0.98,0.99,0.96,0.92,0.93,0.94,0.94,0.93
1347,0.98,0.99,0.96,0.92,0.93,0.95,0.94,0.93
1348,0.98,1.0,0.96,0.92,0.93,0.95,0.94,0.93
1349,0.98,0.99,0.96,0.92,0.93,0.95,0.94,0.92
1350,0.98,0.99,0.96,0.92,0.93,0.95,0.94,0.93
1351,0.99,0.99,0.96,0.92,0.93,0.95,0.94,0.92
1352,0.98,0.99,0.96,0.9,0.93,0.95,0.94,0.92
1353,0.98,1.0,0.96,0.92,0.93,0.94,0.93,0.92
1354,0.98,0.99,0.96,0.9,0.93,0.94,0.93,0.92
1355,0.98,0.99,0.96,0.92,0.92,0.95,0.92,0.92
1356,0.97,0.99,0.96,0.92,0.92,0.94,0.92,0.92
1357,0.98,0.99,0.96,0.92,0.92,0.94,0.92,0.91
1358,0.99,0.99,0.95,0.92,0.92,0.94,0.91,0.91
1359,0.98,0.99,0.95,0.92,0.92,0.94,0.9,0.91
1360,0.98,0.99,0.95,0.92,0.92,0.94,0.9,0.91
1361,0.97,0.99,0.95,0.92,0.91,0.94,0.89,0.9
1362,0.97,0.99,0.95,0.92,0.91,0.94,0.89,0.9
1363,0.98,0.99,0.95,0.92,0.91,0.94,0.88,0.89
1364,0.97,1.0,0.95,0.92,0.91,0.93,0.88,0.89
1365,0.97,0.99,0.94,0.92,0.9,0.93,0.87,0.89
1366,0.98,0.99,0.94,0.92,0.9,0.93,0.87,0.88
1367,0.97,0.98,0.94,0.92,0.9,0.93,0.86,0.88
1368,0.97,0.99,0.93,0.92,0.9,0.93,0.86,0.87
1369,0.98,0.98,0.93,0.92,0.9,0.93,0.85,0.87
1370,0.97,0.98,0.93,0.92,0.9,0.92,0.84,0.86
1371,0.97,0.98,0.93,0.9,0.89,0.92,0.84,0.86
1372,0.96,0.98,0.93,0.9,0.89,0.92,0.83,0.86
1373,0.97,0.97,0.93,0.9,0.89,0.91,0.83,0.85
1374,0.95,0.97,0.93,0.9,0.89,0.91,0.82,0.84
1375,0.94,0.97,0.93,0.9,0.89,0.91,0.82,0.84
1376,0.94,0.97,0.93,0.9,0.88,0.91,0.81,0.83
1377,0.93,0.97,0.93,0.9,0.88,0.91,0.8,0.83
1378,0.93,0.97,0.93,0.9,0.87,0.9,0.8,0.82
1379,0.92,0.96,0.93,0.9,0.87,0.9,0.8,0.82
1380,0.92,0.96,0.93,0.9,0.87,0.9,0.79,0.81
1381,0.91,0.95,0.93,0.9,0.86,0.9,0.79,0.81
1382,0.91,0.95,0.93,0.9,0.86,0.89,0.78,0.81
1383,0.9,0.95,0.93,0.9,0.86,0.89,0.78,0.8
1384,0.91,0.94,0.93,0.9,0.86,0.88,0.77,0.79
1385,0.89,0.94,0.93,0.9,0.86,0.88,0.77,0.79
1386,0.9,0.93,0.93,0.9,0.85,0.88,0.76,0.78
1387,0.89,0.92,0.92,0.9,0.85,0.88,0.76,0.78
1388,0.88,0.92,0.92,0.9,0.84,0.87,0.76,0.78
1389,0.88,0.92,0.92,0.9,0.84,0.87,0.75,0.78
1390,0.87,0.92,0.92,0.9,0.84,0.86,0.74,0.77
1391,0.88,0.91,0.92,0.9,0.83,0.86,0.74,0.77
1392,0.86,0.91,0.92,0.92,0.83,0.86,0.74,0.77
1393,0.86,0.91,0.92,0.9,0.82,0.86,0.74,0.76
1394,0.86,0.91,0.92,0.92,0.82,0.86,0.73,0.76
1395,0.86,0.91,0.92,0.92,0.82,0.85,0.73,0.75
1396,0.88,0.91,0.92,0.92,0.81,0.85,0.72,0.76
1397,0.86,0.91,0.93,0.92,0.81,0.84,0.72,0.75
1398,0.86,0.9,0.93,0.92,0.81,0.84,0.71,0.74
1399,0.86,0.9,0.92,0.92,0.81,0.84,0.71,0.74
1400,0.86,0.9,0.92,0.92,0.81,0.84,0.71,0.74
1401,0.86,0.9,0.92,0.92,0.81,0.84,0.71,0.74
1402,0.86,0.89,0.92,0.92,0.8,0.84,0.7,0.73
1403,0.86,0.9,0.92,0.92,0.8,0.84,0.7,0.73
1404,0.86,0.89,0.93,0.93,0.8,0.83,0.69,0.72
1405,0.86,0.88,0.92,0.93,0.79,0.83,0.69,0.72
1406,0.85,0.88,0.93,0.93,0.79,0.83,0.68,0.72
1407,0.84,0.88,0.92,0.93,0.79,0.82,0.68,0.71
1408,0.84,0.88,0.92,0.93,0.78,0.82,0.68,0.71
1409,0.84,0.87,0.92,0.93,0.78,0.82,0.67,0.71
1410,0.84,0.86,0.92,0.93,0.78,0.81,0.67,0.7
1411,0.82,0.86,0.91,0.93,0.77,0.81,0.66,0.7
1412,0.82,0.85,0.91,0.93,0.77,0.8,0.66,0.69
1413,0.82,0.85,0.91,0.93,0.77,0.8,0.66,0.69
1414,0.81,0.84,0.91,0.93,0.76,0.8,0.65,0.68
1415,0.81,0.84,0.9,0.95,0.76,0.8,0.64,0.68
1416,0.8,0.84,0.9,0.95,0.76,0.79,0.64,0.67
1417,0.8,0.84,0.9,0.93,0.75,0.79,0.63,0.67
1418,0.79,0.84,0.89,0.93,0.75,0.78,0.63,0.66
1419,0.78,0.83,0.89,0.93,0.75,0.78,0.63,0.66
1420,0.79,0.83,0.89,0.93,0.74,0.78,0.62,0.66
1421,0.78,0.82,0.88,0.93,0.74,0.78,0.62,0.65
1422,0.76,0.81,0.87,0.93,0.73,0.77,0.61,0.65
1423,0.76,0.8,0.87,0.93,0.73,0.77,0.61,0.64
1424,0.74,0.8,0.87,0.93,0.73,0.77,0.61,0.64
1425,0.74,0.8,0.87,0.93,0.72,0.77,0.6,0.64
1426,0.74,0.79,0.86,0.93,0.72,0.76,0.6,0.63
1427,0.74,0.79,0.86,0.93,0.72,0.76,0.59,0.62
1428,0.72,0.78,0.86,0.93,0.71,0.75,0.58,0.62
1429,0.72,0.78,0.85,0.93,0.71,0.75,0.58,0.62
1430,0.72,0.78,0.85,0.93,0.71,0.75,0.58,0.61
1431,0.71,0.77,0.84,0.93,0.7,0.74,0.57,0.61
1432,0.72,0.77,0.84,0.93,0.7,0.74,0.57,0.6
1433,0.71,0.77,0.84,0.93,0.7,0.74,0.56,0.6
1434,0.7,0.76,0.83,0.93,0.69,0.73,0.55,0.59
1435,0.71,0.76,0.83,0.93,0.69,0.73,0.55,0.59
1436,0.7,0.75,0.82,0.93,0.68,0.72,0.54,0.58
1437,0.69,0.75,0.82,0.93,0.68,0.72,0.54,0.58
1438,0.69,0.74,0.82,0.93,0.67,0.72,0.53,0.57
1439,0.68,0.74,0.82,0.95,0.67,0.71,0.53,0.57
1440,0.69,0.73,0.81,0.93,0.67,0.71,0.53,0.57
1441,0.68,0.74,0.81,0.93,0.67,0.71,0.53,0.57
1442,0.68,0.73,0.81,0.93,0.66,0.7,0.52,0.56
1443,0.68,0.73,0.8,0.93,0.66,0.7,0.52,0.56
1444,0.67,0.72,0.8,0.93,0.64,0.69,0.5,0.54
1445,0.66,0.72,0.8,0.92,0.64,0.68,0.49,0.53
1446,0.68,0.72,0.79,0.93,0.63,0.68,0.49,0.53
1447,0.67,0.72,0.79,0.93,0.62,0.67,0.48,0.52
1448,0.66,0.71,0.79,0.93,0.62,0.67,0.47,0.52
1449,0.66,0.71,0.78,0.93,0.62,0.67,0.47,0.51
1450,0.66,0.71,0.78,0.93,0.62,0.66,0.47,0.51
1451,0.66,0.7,0.78,0.92,0.61,0.66,0.47,0.51
1452,0.66,0.7,0.78,0.92,0.61,0.66,0.47,0.51
1453,0.65,0.7,0.77,0.92,0.61,0.65,0.46,0.5
1454,0.65,0.7,0.77,0.92,0.6,0.65,0.45,0.5
1455,0.65,0.7,0.77,0.92,0.6,0.64,0.45,0.49
1456,0.64,0.69,0.77,0.93,0.59,0.64,0.45,0.49
1457,0.65,0.69,0.76,0.92,0.59,0.64,0.44,0.49
1458,0.65,0.7,0.76,0.93,0.59,0.64,0.45,0.49
1459,0.64,0.68,0.76,0.92,0.58,0.63,0.44,0.48
1460,0.64,0.68,0.75,0.93,0.58,0.63,0.44,0.48
1461,0.63,0.68,0.75,0.92,0.58,0.63,0.43,0.48
1462,0.62,0.68,0.75,0.92,0.57,0.62,0.43,0.47
1463,0.62,0.67,0.74,0.92,0.57,0.62,0.42,0.47
1464,0.62,0.66,0.73,0.92,0.56,0.61,0.42,0.46
1465,0.61,0.67,0.73,0.92,0.56,0.61,0.42,0.46
1466,0.62,0.66,0.73,0.92,0.56,0.61,0.42,0.46
1467,0.61,0.66,0.72,0.92,0.55,0.6,0.41,0.45
1468,0.61,0.66,0.72,0.92,0.55,0.6,0.41,0.45
1469,0.61,0.66,0.72,0.9,0.55,0.59,0.4,0.44
1470,0.6,0.66,0.71,0.9,0.55,0.59,0.4,0.44
1471,0.59,0.66,0.71,0.9,0.54,0.59,0.39,0.44
1472,0.59,0.65,0.71,0.9,0.54,0.59,0.39,0.43
1473,0.58,0.64,0.7,0.9,0.53,0.58,0.39,0.43
1474,0.57,0.64,0.7,0.89,0.53,0.58,0.38,0.43
1475,0.57,0.63,0.69,0.89,0.52,0.58,0.38,0.42
1476,0.57,0.64,0.69,0.89,0.52,0.57,0.37,0.42
1477,0.57,0.63,0.69,0.9,0.52,0.57,0.37,0.42
1478,0.57,0.63,0.68,0.89,0.52,0.57,0.37,0.42
1479,0.56,0.62,0.67,0.89,0.51,0.56,0.37,0.41
1480,0.56,0.61,0.67,0.9,0.51,0.56,0.37,0.41
1481,0.57,0.61,0.67,0.89,0.51,0.55,0.37,0.41
1482,0.54,0.61,0.67,0.89,0.5,0.55,0.36,0.4
1483,0.54,0.6,0.66,0.89,0.5,0.55,0.35,0.4
1484,0.53,0.6,0.65,0.89,0.49,0.54,0.35,0.39
1485,0.53,0.59,0.65,0.89,0.49,0.54,0.35,0.39
1486,0.52,0.59,0.65,0.88,0.49,0.54,0.35,0.39
1487,0.52,0.59,0.64,0.88,0.48,0.54,0.34,0.38
1488,0.52,0.59,0.64,0.89,0.48,0.53,0.34,0.38
1489,0.52,0.59,0.63,0.88,0.48,0.53,0.34,0.38
1490,0.51,0.58,0.63,0.88,0.48,0.52,0.34,0.38
1491,0.51,0.58,0.62,0.88,0.48,0.52,0.34,0.38
1492,0.51,0.58,0.62,0.88,0.47,0.52,0.33,0.37
1493,0.49,0.57,0.61,0.86,0.46,0.51,0.33,0.37
1494,0.5,0.57,0.61,0.86,0.46,0.51,0.32,0.37
1495,0.48,0.56,0.61,0.86,0.46,0.51,0.32,0.36
1496,0.49,0.56,0.6,0.86,0.46,0.51,0.32,0.36
1497,0.48,0.56,0.6,0.86,0.45,0.51,0.32,0.35
1498,0.48,0.56,0.59,0.85,0.45,0.5,0.31,0.35
1499,0.46,0.54,0.59,0.86,0.44,0.49,0.31,0.35
