0,0.02,0.0,0.01,0.0,0.02,0.03,0.01,0.0
1,0.02,0.02,0.0,0.0,0.03,0.01,0.01,0.0
2,0.02,0.0,0.01,0.0,0.02,0.01,0.01,0.0
3,0.02,0.02,0.01,0.0,0.02,0.01,0.01,0.02
4,0.04,0.0,0.01,0.0,0.02,0.03,0.01,0.0
5,0.0,0.0,0.0,0.0,0.02,0.01,0.01,0.0
6,0.02,0.0,0.0,0.0,0.02,0.01,0.01,0.02
7,0.02,0.0,0.01,0.0,0.02,0.01,0.01,0.02
8,0.02,0.0,0.0,0.0,0.03,0.01,0.01,0.0
9,0.04,0.02,0.01,0.0,0.02,0.01,0.01,0.0
10,0.02,0.0,0.01,0.0,0.02,0.01,0.01,0.0
11,0.02,0.02,0.0,0.0,0.02,0.01,0.01,0.02
12,0.02,0.0,0.01,0.0,0.02,0.01,0.01,0.0
13,0.02,0.0,0.01,0.0,0.02,0.01,0.01,0.0
14,0.04,0.0,0.01,0.0,0.02,0.01,0.01,0.02
15,0.02,0.0,0.01,0.0,0.02,0.01,0.01,0.0
16,0.02,0.0,0.0,0.0,0.03,0.0,0.01,0.0
17,0.02,0.0,0.01,0.0,0.02,0.01,0.01,0.02
18,0.02,0.0,0.01,0.0,0.02,0.0,0.01,0.02
19,0.02,0.0,0.01,0.0,0.02,0.01,0.01,0.0
20,0.02,0.0,0.01,0.0,0.02,0.01,0.01,0.02
21,0.05,0.0,0.01,0.0,0.02,0.01,0.01,0.02
22,0.04,0.0,0.01,0.0,0.02,0.01,0.0,0.0
23,0.02,0.0,0.01,0.0,0.02,0.0,0.01,0.0
24,0.04,0.02,0.01,0.0,0.02,0.01,0.01,0.02
25,0.04,0.0,0.0,0.0,0.02,0.01,0.01,0.0
26,0.05,0.0,0.0,0.0,0.02,0.01,0.01,0.02
27,0.02,0.0,0.01,0.0,0.02,0.01,0.01,0.02
28,0.02,0.0,0.01,0.0,0.02,0.0,0.01,0.0
29,0.02,0.0,0.01,0.0,0.02,0.01,0.01,0.0
30,0.02,0.0,0.01,0.0,0.02,0.01,0.01,0.0
31,0.02,0.0,0.0,0.0,0.02,0.01,0.03,0.0
32,0.02,0.0,0.01,0.0,0.02,0.01,0.01,0.0
33,0.02,0.0,0.01,0.0,0.02,0.0,0.01,0.02
34,0.02,0.0,0.0,0.0,0.02,0.01,0.03,0.0
35,0.02,0.0,0.01,0.0,0.02,0.01,0.03,0.02
36,0.02,0.0,0.01,0.0,0.02,0.0,0.03,0.02
37,0.02,0.02,0.01,0.0,0.02,0.01,0.01,0.0
38,0.04,0.0,0.0,0.0,0.02,0.01,0.01,0.0
39,0.02,0.0,0.01,0.0,0.02,0.01,0.03,0.0
40,0.02,0.0,0.01,0.0,0.02,0.0,0.03,0.02
41,0.02,0.02,0.0,0.0,0.02,0.01,0.01,0.02
42,0.02,0.0,0.01,0.0,0.02,0.01,0.01,0.02
43,0.02,0.0,0.01,0.0,0.0,0.0,0.03,0.02
44,0.02,0.02,0.01,0.0,0.02,0.0,0.03,0.0
45,0.02,0.0,0.01,0.0,0.02,0.01,0.03,0.0
46,0.02,0.02,0.0,0.0,0.02,0.01,0.03,0.02
47,0.02,0.02,0.01,0.0,0.02,0.0,0.01,0.02
48,0.04,0.0,0.0,0.0,0.02,0.0,0.01,0.02
49,0.05,0.02,0.0,0.0,0.0,0.01,0.03,0.0
50,0.02,0.0,0.01,0.0,0.02,0.0,0.03,0.02
51,0.05,0.02,0.01,0.0,0.02,0.0,0.01,0.02
52,0.05,0.02,0.0,0.0,0.02,0.0,0.03,0.02
53,0.0,0.0,0.0,0.0,0.02,0.0,0.03,0.02
54,0.02,0.0,0.01,0.0,0.02,0.01,0.03,0.02
55,0.05,0.0,0.01,0.0,0.02,0.0,0.03,0.02
56,0.02,0.0,0.01,0.0,0.02,0.01,0.01,0.02
57,0.02,0.0,0.01,0.0,0.02,0.01,0.03,0.02
58,0.0,0.02,0.01,0.0,0.02,0.0,0.03,0.02
59,0.02,0.02,0.01,0.0,0.02,0.0,0.03,0.02
60,0.02,0.0,0.01,0.0,0.02,0.0,0.03,0.02
61,0.02,0.0,0.01,0.0,0.02,0.01,0.03,0.02
62,0.02,0.0,0.01,0.0,0.02,0.01,0.03,0.05
63,0.02,0.0,0.01,0.0,0.02,0.0,0.03,0.02
64,0.02,0.0,0.0,0.0,0.02,0.0,0.03,0.02
65,0.02,0.02,0.01,0.0,0.02,0.01,0.03,0.05
66,0.02,0.02,0.02,0.0,0.02,0.01,0.03,0.02
67,0.02,0.0,0.0,0.0,0.02,0.01,0.03,0.05
68,0.02,0.02,0.01,0.0,0.03,0.01,0.04,0.05
69,0.04,0.0,0.01,0.0,0.02,0.0,0.03,0.02
70,0.02,0.02,0.01,0.0,0.02,0.01,0.03,0.02
71,0.02,0.02,0.01,0.0,0.03,0.01,0.03,0.05
72,0.02,0.0,0.01,0.0,0.03,0.01,0.03,0.05
73,0.02,0.0,0.01,0.0,0.02,0.01,0.04,0.05
74,0.07,0.02,0.01,0.0,0.02,0.01,0.04,0.05
75,0.02,0.02,0.02,0.0,0.02,0.01,0.04,0.05
76,0.02,0.02,0.01,0.0,0.02,0.01,0.04,0.05
77,0.02,0.0,0.01,0.0,0.03,0.01,0.04,0.05
78,0.02,0.0,0.01,0.0,0.03,0.01,0.04,0.05
79,0.02,0.02,0.01,0.0,0.03,0.01,0.04,0.05
80,0.04,0.02,0.01,0.0,0.02,0.01,0.04,0.05
81,0.02,0.02,0.02,0.0,0.03,0.01,0.06,0.08
82,0.02,0.02,0.01,0.0,0.03,0.01,0.04,0.08
83,0.02,0.02,0.02,0.0,0.03,0.01,0.04,0.08
84,0.02,0.02,0.02,0.0,0.03,0.01,0.06,0.08
85,0.04,0.02,0.01,0.0,0.03,0.01,0.04,0.08
86,0.04,0.02,0.01,0.0,0.03,0.01,0.06,0.08
87,0.04,0.02,0.01,0.0,0.03,0.01,0.06,0.1
88,0.02,0.02,0.01,0.0,0.05,0.03,0.04,0.08
89,0.04,0.02,0.01,0.0,0.03,0.01,0.06,0.1
90,0.02,0.02,0.01,0.0,0.05,0.03,0.06,0.08
91,0.02,0.02,0.01,0.0,0.03,0.01,0.06,0.1
92,0.04,0.02,0.02,0.0,0.03,0.03,0.07,0.1
93,0.02,0.02,0.02,0.0,0.05,0.01,0.06,0.1
94,0.02,0.02,0.01,0.0,0.03,0.03,0.07,0.08
95,0.04,0.02,0.01,0.01,0.03,0.03,0.06,0.1
96,0.02,0.02,0.02,0.01,0.03,0.03,0.07,0.1
97,0.04,0.02,0.01,0.0,0.05,0.03,0.07,0.1
98,0.02,0.04,0.02,0.0,0.03,0.03,0.07,0.1
99,0.07,0.02,0.02,0.01,0.05,0.01,0.07,0.1
100,0.02,0.04,0.01,0.0,0.05,0.03,0.07,0.1
101,0.05,0.02,0.02,0.0,0.05,0.03,0.07,0.12
102,0.04,0.04,0.02,0.01,0.05,0.03,0.07,0.1
103,0.04,0.02,0.02,0.01,0.05,0.03,0.07,0.12
104,0.04,0.02,0.02,0.01,0.05,0.03,0.09,0.1
105,0.04,0.02,0.01,0.01,0.07,0.03,0.07,0.12
106,0.04,0.02,0.02,0.01,0.05,0.03,0.09,0.12
107,0.04,0.02,0.02,0.01,0.07,0.03,0.07,0.1
108,0.04,0.02,0.02,0.01,0.07,0.03,0.07,0.12
109,0.04,0.02,0.02,0.01,0.05,0.04,0.09,0.12
110,0.04,0.02,0.02,0.01,0.05,0.03,0.09,0.1
111,0.05,0.02,0.02,0.01,0.07,0.04,0.09,0.12
112,0.04,0.04,0.02,0.01,0.07,0.03,0.09,0.12
113,0.05,0.02,0.02,0.01,0.05,0.04,0.09,0.12
114,0.05,0.04,0.02,0.01,0.07,0.04,0.07,0.12
115,0.04,0.04,0.02,0.01,0.07,0.04,0.07,0.12
116,0.05,0.02,0.02,0.02,0.07,0.04,0.09,0.12
117,0.04,0.04,0.02,0.01,0.07,0.04,0.09,0.12
118,0.05,0.04,0.02,0.02,0.07,0.04,0.09,0.12
119,0.04,0.02,0.02,0.02,0.07,0.04,0.07,0.1
120,0.04,0.04,0.02,0.02,0.07,0.04,0.07,0.12
121,0.04,0.04,0.02,0.02,0.07,0.03,0.07,0.1
122,0.07,0.04,0.02,0.02,0.07,0.03,0.07,0.12
123,0.04,0.04,0.02,0.02,0.07,0.03,0.07,0.1
124,0.05,0.02,0.02,0.02,0.07,0.04,0.07,0.12
125,0.04,0.02,0.02,0.02,0.07,0.04,0.09,0.12
126,0.04,0.04,0.02,0.02,0.07,0.04,0.09,0.1
127,0.05,0.04,0.02,0.02,0.09,0.04,0.07,0.12
128,0.04,0.04,0.02,0.02,0.07,0.04,0.09,0.1
129,0.04,0.02,0.02,0.02,0.07,0.03,0.07,0.12
130,0.05,0.04,0.02,0.02,0.09,0.04,0.07,0.12
131,0.04,0.04,0.02,0.02,0.07,0.04,0.07,0.12
132,0.05,0.04,0.02,0.02,0.07,0.04,0.07,0.12
133,0.04,0.04,0.02,0.02,0.07,0.04,0.07,0.12
134,0.07,0.04,0.02,0.02,0.09,0.03,0.09,0.1
135,0.05,0.04,0.02,0.02,0.07,0.04,0.09,0.12
136,0.05,0.04,0.02,0.02,0.07,0.04,0.07,0.1
137,0.05,0.04,0.02,0.02,0.07,0.04,0.07,0.12
138,0.04,0.04,0.02,0.02,0.09,0.04,0.07,0.1
139,0.07,0.04,0.02,0.02,0.07,0.04,0.07,0.12
140,0.04,0.04,0.02,0.02,0.09,0.04,0.09,0.12
141,0.05,0.04,0.02,0.02,0.07,0.04,0.09,0.12
142,0.05,0.04,0.02,0.02,0.07,0.04,0.09,0.1
143,0.05,0.04,0.02,0.02,0.09,0.04,0.07,0.12
144,0.07,0.05,0.02,0.03,0.09,0.04,0.09,0.1
145,0.09,0.04,0.02,0.02,0.07,0.04,0.07,0.1
146,0.04,0.04,0.02,0.02,0.09,0.04,0.07,0.1
147,0.05,0.04,0.02,0.03,0.07,0.04,0.07,0.12
148,0.05,0.04,0.02,0.02,0.09,0.03,0.09,0.1
149,0.04,0.04,0.02,0.03,0.07,0.04,0.07,0.12
150,0.05,0.04,0.02,0.03,0.07,0.04,0.07,0.1
151,0.04,0.04,0.02,0.02,0.07,0.04,0.07,0.12
152,0.05,0.04,0.02,0.03,0.07,0.03,0.07,0.1
153,0.05,0.04,0.02,0.03,0.07,0.04,0.07,0.1
154,0.05,0.04,0.02,0.03,0.07,0.04,0.07,0.12
155,0.09,0.04,0.02,0.03,0.07,0.04,0.07,0.1
156,0.07,0.04,0.02,0.03,0.07,0.04,0.07,0.1
157,0.07,0.05,0.02,0.03,0.07,0.04,0.06,0.1
158,0.07,0.04,0.02,0.03,0.07,0.04,0.07,0.12
159,0.04,0.05,0.02,0.03,0.09,0.04,0.07,0.1
160,0.05,0.04,0.02,0.03,0.07,0.04,0.06,0.1
161,0.05,0.04,0.02,0.03,0.07,0.04,0.07,0.1
162,0.04,0.04,0.02,0.03,0.09,0.04,0.07,0.1
163,0.05,0.04,0.02,0.03,0.07,0.04,0.07,0.1
164,0.05,0.04,0.02,0.03,0.07,0.04,0.07,0.1
165,0.05,0.04,0.02,0.03,0.09,0.04,0.06,0.1
166,0.05,0.04,0.02,0.03,0.07,0.04,0.07,0.1
167,0.05,0.04,0.02,0.03,0.07,0.04,0.06,0.1
168,0.04,0.05,0.02,0.03,0.09,0.04,0.07,0.1
169,0.07,0.04,0.02,0.03,0.09,0.04,0.06,0.1
170,0.05,0.04,0.02,0.03,0.07,0.04,0.06,0.1
171,0.07,0.04,0.02,0.03,0.09,0.04,0.07,0.1
172,0.05,0.04,0.02,0.04,0.07,0.03,0.06,0.1
173,0.05,0.05,0.02,0.04,0.07,0.04,0.07,0.1
174,0.05,0.05,0.02,0.03,0.07,0.04,0.06,0.1
175,0.05,0.04,0.02,0.03,0.07,0.04,0.06,0.1
176,0.05,0.04,0.02,0.04,0.07,0.04,0.07,0.1
177,0.05,0.05,0.02,0.04,0.07,0.03,0.07,0.1
178,0.07,0.05,0.02,0.04,0.09,0.04,0.07,0.1
179,0.04,0.04,0.02,0.03,0.09,0.04,0.06,0.1
180,0.05,0.04,0.03,0.03,0.07,0.03,0.07,0.1
181,0.09,0.04,0.02,0.04,0.09,0.03,0.07,0.1
182,0.05,0.05,0.02,0.04,0.07,0.04,0.07,0.1
183,0.05,0.05,0.02,0.04,0.07,0.03,0.06,0.1
184,0.09,0.04,0.02,0.04,0.07,0.04,0.06,0.1
185,0.07,0.05,0.02,0.04,0.09,0.04,0.07,0.1
186,0.05,0.04,0.02,0.04,0.07,0.04,0.07,0.1
187,0.05,0.04,0.02,0.04,0.09,0.04,0.07,0.1
188,0.05,0.04,0.02,0.04,0.07,0.03,0.06,0.1
189,0.09,0.04,0.02,0.04,0.07,0.03,0.06,0.1
190,0.05,0.04,0.02,0.04,0.07,0.03,0.07,0.1
191,0.05,0.04,0.03,0.04,0.07,0.04,0.07,0.1
192,0.05,0.04,0.02,0.04,0.07,0.04,0.07,0.1
193,0.09,0.04,0.02,0.04,0.07,0.03,0.06,0.1
194,0.05,0.05,0.03,0.04,0.07,0.04,0.06,0.1
195,0.05,0.05,0.02,0.04,0.07,0.03,0.06,0.1
196,0.11,0.04,0.02,0.04,0.07,0.03,0.07,0.1
197,0.07,0.05,0.02,0.04,0.07,0.03,0.06,0.1
198,0.09,0.05,0.02,0.04,0.07,0.03,0.07,0.08
199,0.07,0.04,0.02,0.04,0.07,0.03,0.07,0.1
200,0.09,0.04,0.03,0.04,0.07,0.03,0.07,0.1
201,0.05,0.04,0.02,0.04,0.07,0.03,0.07,0.1
202,0.05,0.04,0.02,0.04,0.07,0.03,0.06,0.08
203,0.05,0.04,0.02,0.04,0.07,0.03,0.07,0.1
204,0.05,0.05,0.02,0.04,0.07,0.03,0.06,0.1
205,0.05,0.04,0.02,0.04,0.09,0.04,0.06,0.1
206,0.05,0.05,0.02,0.04,0.07,0.03,0.07,0.1
207,0.09,0.04,0.02,0.05,0.09,0.03,0.07,0.1
208,0.05,0.04,0.02,0.04,0.09,0.04,0.06,0.1
209,0.05,0.04,0.02,0.04,0.07,0.04,0.06,0.1
210,0.07,0.04,0.02,0.04,0.07,0.03,0.07,0.1
211,0.05,0.04,0.02,0.04,0.07,0.03,0.07,0.08
212,0.05,0.04,0.02,0.04,0.07,0.04,0.07,0.1
213,0.05,0.04,0.02,0.04,0.07,0.03,0.07,0.1
214,0.05,0.04,0.02,0.04,0.07,0.03,0.06,0.08
215,0.05,0.05,0.02,0.04,0.07,0.03,0.06,0.1
216,0.05,0.05,0.02,0.04,0.07,0.03,0.07,0.1
217,0.05,0.05,0.02,0.04,0.09,0.03,0.07,0.1
218,0.07,0.05,0.02,0.05,0.07,0.03,0.07,0.1
219,0.05,0.04,0.02,0.05,0.07,0.03,0.07,0.1
220,0.09,0.05,0.02,0.05,0.09,0.04,0.07,0.12
221,0.09,0.05,0.02,0.05,0.07,0.03,0.07,0.1
222,0.09,0.05,0.02,0.05,0.09,0.03,0.07,0.1
223,0.05,0.05,0.02,0.05,0.09,0.03,0.06,0.1
224,0.11,0.05,0.02,0.05,0.07,0.03,0.07,0.1
225,0.07,0.04,0.02,0.05,0.07,0.03,0.07,0.1
226,0.05,0.05,0.02,0.05,0.07,0.04,0.07,0.1
227,0.05,0.05,0.02,0.05,0.07,0.03,0.07,0.1
228,0.05,0.04,0.02,0.05,0.09,0.04,0.07,0.1
229,0.07,0.05,0.02,0.05,0.07,0.03,0.07,0.1
230,0.05,0.04,0.02,0.05,0.07,0.03,0.07,0.1
231,0.05,0.05,0.02,0.05,0.09,0.03,0.06,0.08
232,0.05,0.04,0.02,0.05,0.07,0.04,0.07,0.08
233,0.05,0.04,0.02,0.05,0.09,0.03,0.06,0.1
234,0.05,0.05,0.02,0.05,0.07,0.03,0.07,0.1
235,0.05,0.04,0.02,0.05,0.07,0.03,0.07,0.1
236,0.07,0.05,0.02,0.05,0.07,0.03,0.07,0.1
237,0.05,0.04,0.02,0.05,0.07,0.03,0.06,0.1
238,0.05,0.04,0.02,0.05,0.07,0.03,0.06,0.1
239,0.05,0.05,0.02,0.05,0.07,0.03,0.07,0.1
240,0.07,0.05,0.02,0.05,0.09,0.03,0.07,0.1
241,0.07,0.05,0.02,0.05,0.07,0.03,0.07,0.1
242,0.05,0.05,0.02,0.05,0.07,0.03,0.07,0.1
243,0.05,0.05,0.02,0.05,0.09,0.03,0.07,0.1
244,0.05,0.04,0.02,0.05,0.09,0.03,0.07,0.1
245,0.05,0.05,0.02,0.05,0.07,0.03,0.07,0.1
246,0.05,0.04,0.02,0.05,0.07,0.04,0.07,0.08
247,0.05,0.04,0.02,0.05,0.07,0.03,0.07,0.1
248,0.09,0.05,0.02,0.05,0.07,0.03,0.07,0.1
249,0.05,0.05,0.02,0.05,0.07,0.04,0.06,0.1
250,0.05,0.05,0.02,0.05,0.07,0.03,0.07,0.1
251,0.05,0.04,0.02,0.05,0.09,0.03,0.07,0.1
252,0.07,0.05,0.02,0.05,0.07,0.03,0.07,0.1
253,0.05,0.05,0.02,0.05,0.09,0.04,0.07,0.1
254,0.05,0.05,0.02,0.05,0.09,0.03,0.07,0.1
255,0.05,0.05,0.02,0.05,0.09,0.04,0.07,0.1
256,0.05,0.04,0.02,0.05,0.09,0.04,0.07,0.1
257,0.05,0.05,0.02,0.05,0.07,0.03,0.06,0.1
258,0.05,0.04,0.02,0.05,0.07,0.03,0.06,0.1
259,0.07,0.04,0.02,0.05,0.09,0.03,0.06,0.1
260,0.05,0.05,0.02,0.05,0.07,0.03,0.07,0.1
261,0.07,0.05,0.02,0.05,0.07,0.03,0.07,0.1
262,0.05,0.05,0.02,0.05,0.07,0.03,0.07,0.08
263,0.05,0.05,0.02,0.05,0.07,0.04,0.07,0.1
264,0.09,0.04,0.02,0.05,0.07,0.03,0.06,0.1
265,0.05,0.05,0.02,0.05,0.07,0.03,0.06,0.1
266,0.05,0.05,0.02,0.05,0.07,0.03,0.06,0.08
267,0.05,0.05,0.02,0.05,0.07,0.04,0.06,0.1
268,0.05,0.05,0.02,0.05,0.09,0.04,0.07,0.08
269,0.07,0.04,0.02,0.05,0.07,0.03,0.06,0.1
270,0.05,0.05,0.02,0.05,0.09,0.03,0.06,0.1
271,0.05,0.04,0.02,0.05,0.07,0.03,0.06,0.1
272,0.05,0.04,0.02,0.05,0.07,0.04,0.06,0.1
273,0.05,0.05,0.02,0.05,0.07,0.03,0.06,0.1
274,0.05,0.05,0.02,0.05,0.09,0.04,0.07,0.1
275,0.05,0.05,0.02,0.05,0.09,0.03,0.06,0.1
276,0.05,0.07,0.02,0.05,0.09,0.03,0.06,0.08
277,0.05,0.04,0.02,0.05,0.07,0.03,0.06,0.08
278,0.05,0.05,0.02,0.05,0.09,0.04,0.06,0.08
279,0.04,0.05,0.02,0.05,0.07,0.04,0.06,0.08
280,0.07,0.05,0.02,0.05,0.07,0.03,0.06,0.08
281,0.05,0.04,0.02,0.05,0.07,0.03,0.06,0.08
282,0.09,0.07,0.02,0.05,0.07,0.03,0.06,0.1
283,0.05,0.05,0.02,0.05,0.09,0.03,0.07,0.08
284,0.07,0.05,0.02,0.05,0.07,0.03,0.06,0.08
285,0.05,0.05,0.02,0.05,0.07,0.03,0.06,0.08
286,0.05,0.05,0.02,0.05,0.07,0.03,0.06,0.08
287,0.05,0.05,0.03,0.05,0.09,0.03,0.06,0.08
288,0.05,0.05,0.02,0.05,0.09,0.03,0.07,0.08
289,0.05,0.05,0.02,0.05,0.09,0.04,0.06,0.08
290,0.05,0.05,0.02,0.05,0.07,0.03,0.06,0.08
291,0.05,0.05,0.02,0.05,0.07,0.03,0.06,0.08
292,0.05,0.07,0.02,0.05,0.07,0.03,0.06,0.08
293,0.09,0.07,0.02,0.05,0.07,0.04,0.06,0.08
294,0.05,0.05,0.02,0.05,0.09,0.03,0.06,0.08
295,0.05,0.05,0.02,0.05,0.09,0.03,0.06,0.08
296,0.05,0.05,0.02,0.05,0.09,0.03,0.06,0.08
297,0.05,0.05,0.02,0.06,0.09,0.04,0.06,0.08
298,0.07,0.05,0.03,0.05,0.09,0.03,0.06,0.08
299,0.05,0.05,0.03,0.05,0.09,0.03,0.06,0.05
300,0.07,0.05,0.02,0.06,0.09,0.03,0.06,0.05
301,0.05,0.07,0.02,0.06,0.09,0.04,0.06,0.08
302,0.05,0.05,0.02,0.05,0.09,0.03,0.06,0.08
303,0.07,0.05,0.03,0.06,0.07,0.03,0.06,0.08
304,0.11,0.05,0.02,0.06,0.07,0.03,0.06,0.08
305,0.07,0.05,0.02,0.06,0.09,0.04,0.06,0.05
306,0.09,0.05,0.03,0.06,0.07,0.03,0.06,0.05
307,0.07,0.07,0.02,0.06,0.07,0.03,0.06,0.08
308,0.05,0.05,0.03,0.06,0.07,0.03,0.06,0.05
309,0.05,0.05,0.02,0.06,0.09,0.04,0.06,0.08
310,0.05,0.05,0.02,0.06,0.09,0.03,0.06,0.08
311,0.07,0.05,0.03,0.06,0.07,0.03,0.06,0.08
312,0.05,0.07,0.02,0.06,0.07,0.03,0.06,0.08
313,0.07,0.05,0.03,0.06,0.07,0.03,0.06,0.05
314,0.05,0.05,0.03,0.06,0.07,0.03,0.06,0.05
315,0.07,0.05,0.03,0.06,0.07,0.03,0.06,0.05
316,0.05,0.05,0.03,0.06,0.09,0.04,0.06,0.05
317,0.07,0.07,0.03,0.06,0.07,0.03,0.06,0.08
318,0.07,0.05,0.02,0.06,0.07,0.04,0.06,0.05
319,0.07,0.05,0.02,0.06,0.07,0.04,0.06,0.08
320,0.07,0.07,0.03,0.06,0.09,0.04,0.06,0.05
321,0.05,0.07,0.03,0.06,0.07,0.04,0.06,0.08
322,0.07,0.05,0.02,0.06,0.07,0.03,0.06,0.08
323,0.07,0.05,0.02,0.06,0.07,0.04,0.06,0.05
324,0.05,0.07,0.03,0.06,0.07,0.03,0.06,0.08
325,0.07,0.05,0.03,0.06,0.09,0.03,0.06,0.08
326,0.07,0.07,0.02,0.07,0.07,0.03,0.06,0.08
327,0.09,0.07,0.02,0.06,0.07,0.03,0.06,0.08
328,0.07,0.07,0.02,0.06,0.09,0.03,0.06,0.08
329,0.07,0.05,0.02,0.07,0.07,0.03,0.06,0.08
330,0.05,0.05,0.03,0.06,0.09,0.03,0.04,0.05
331,0.07,0.07,0.02,0.07,0.09,0.03,0.06,0.08
332,0.11,0.05,0.03,0.07,0.07,0.03,0.06,0.08
333,0.09,0.05,0.02,0.07,0.07,0.03,0.06,0.08
334,0.07,0.05,0.02,0.07,0.07,0.03,0.06,0.05
335,0.05,0.05,0.02,0.07,0.07,0.03,0.06,0.05
336,0.05,0.05,0.02,0.06,0.07,0.03,0.04,0.08
337,0.11,0.05,0.03,0.07,0.09,0.03,0.04,0.05
338,0.07,0.05,0.02,0.07,0.07,0.03,0.04,0.05
339,0.05,0.05,0.02,0.07,0.07,0.03,0.06,0.05
340,0.05,0.05,0.03,0.07,0.07,0.03,0.04,0.05
341,0.05,0.07,0.02,0.07,0.07,0.03,0.04,0.05
342,0.09,0.07,0.03,0.07,0.07,0.03,0.04,0.05
343,0.07,0.05,0.03,0.07,0.07,0.03,0.04,0.05
344,0.07,0.05,0.02,0.07,0.07,0.01,0.04,0.05
345,0.05,0.05,0.02,0.07,0.07,0.03,0.06,0.05
346,0.09,0.05,0.03,0.07,0.07,0.03,0.06,0.05
347,0.09,0.05,0.03,0.07,0.07,0.03,0.06,0.05
348,0.05,0.05,0.02,0.07,0.07,0.03,0.04,0.05
349,0.07,0.07,0.03,0.07,0.07,0.03,0.04,0.05
350,0.07,0.05,0.02,0.07,0.07,0.03,0.04,0.05
351,0.07,0.07,0.03,0.07,0.07,0.03,0.06,0.05
352,0.05,0.05,0.03,0.07,0.07,0.03,0.04,0.05
353,0.05,0.05,0.02,0.07,0.07,0.03,0.04,0.05
354,0.11,0.05,0.03,0.07,0.07,0.03,0.04,0.05
355,0.05,0.07,0.02,0.07,0.07,0.03,0.06,0.05
356,0.05,0.07,0.03,0.07,0.07,0.03,0.06,0.05
357,0.07,0.05,0.02,0.07,0.05,0.03,0.06,0.05
358,0.05,0.07,0.02,0.07,0.09,0.03,0.04,0.05
359,0.05,0.05,0.03,0.07,0.05,0.01,0.04,0.02
360,0.05,0.05,0.02,0.07,0.07,0.03,0.04,0.05
361,0.05,0.07,0.03,0.07,0.07,0.01,0.04,0.05
362,0.05,0.05,0.02,0.07,0.05,0.03,0.04,0.05
363,0.09,0.07,0.03,0.07,0.05,0.03,0.04,0.05
364,0.07,0.05,0.02,0.07,0.05,0.03,0.04,0.02
365,0.05,0.05,0.02,0.07,0.07,0.03,0.04,0.02
366,0.05,0.05,0.02,0.07,0.07,0.01,0.04,0.05
367,0.05,0.05,0.02,0.07,0.07,0.03,0.04,0.05
368,0.09,0.07,0.02,0.07,0.07,0.03,0.04,0.02
369,0.09,0.05,0.03,0.07,0.05,0.03,0.04,0.02
370,0.05,0.05,0.02,0.07,0.05,0.03,0.04,0.02
371,0.05,0.05,0.02,0.07,0.07,0.03,0.04,0.02
372,0.09,0.05,0.03,0.07,0.07,0.01,0.04,0.02
373,0.05,0.05,0.03,0.07,0.07,0.03,0.04,0.02
374,0.07,0.07,0.03,0.07,0.07,0.01,0.04,0.02
375,0.07,0.05,0.03,0.07,0.05,0.03,0.04,0.05
376,0.05,0.05,0.03,0.07,0.07,0.03,0.04,0.02
377,0.05,0.05,0.02,0.07,0.07,0.03,0.04,0.02
378,0.07,0.05,0.02,0.07,0.07,0.03,0.03,0.02
379,0.05,0.05,0.03,0.07,0.05,0.01,0.04,0.02
380,0.05,0.05,0.02,0.08,0.07,0.01,0.04,0.02
381,0.05,0.05,0.02,0.07,0.05,0.01,0.04,0.02
382,0.05,0.05,0.02,0.07,0.07,0.03,0.04,0.05
383,0.07,0.05,0.03,0.07,0.07,0.01,0.04,0.02
384,0.05,0.05,0.02,0.07,0.07,0.01,0.04,0.02
385,0.09,0.05,0.03,0.07,0.07,0.01,0.04,0.02
386,0.07,0.07,0.03,0.07,0.05,0.01,0.04,0.02
387,0.05,0.05,0.03,0.08,0.05,0.01,0.04,0.02
388,0.05,0.07,0.02,0.08,0.05,0.01,0.03,0.02
389,0.07,0.05,0.03,0.07,0.05,0.03,0.04,0.02
390,0.07,0.05,0.02,0.07,0.07,0.01,0.03,0.02
391,0.07,0.07,0.03,0.08,0.05,0.01,0.03,0.02
392,0.05,0.05,0.03,0.07,0.07,0.01,0.04,0.02
393,0.07,0.05,0.03,0.07,0.05,0.01,0.04,0.05
394,0.09,0.07,0.03,0.07,0.05,0.03,0.04,0.05
395,0.07,0.05,0.03,0.07,0.05,0.03,0.04,0.02
396,0.07,0.07,0.03,0.07,0.07,0.01,0.04,0.02
397,0.05,0.05,0.03,0.08,0.05,0.03,0.03,0.05
398,0.07,0.07,0.03,0.08,0.05,0.01,0.04,0.02
399,0.07,0.05,0.03,0.07,0.07,0.03,0.04,0.02
400,0.07,0.07,0.04,0.07,0.05,0.01,0.04,0.02
401,0.09,0.07,0.03,0.07,0.07,0.01,0.04,0.02
402,0.11,0.05,0.03,0.08,0.05,0.01,0.03,0.02
403,0.09,0.05,0.03,0.07,0.07,0.01,0.04,0.02
404,0.07,0.05,0.03,0.08,0.07,0.03,0.04,0.02
405,0.05,0.05,0.03,0.08,0.07,0.03,0.04,0.02
406,0.07,0.05,0.04,0.08,0.07,0.03,0.04,0.02
407,0.07,0.05,0.03,0.08,0.05,0.03,0.04,0.02
408,0.07,0.07,0.04,0.07,0.07,0.03,0.03,0.02
409,0.07,0.05,0.04,0.08,0.07,0.01,0.04,0.02
410,0.07,0.07,0.03,0.08,0.05,0.01,0.04,0.02
411,0.07,0.07,0.03,0.08,0.05,0.01,0.04,0.02
412,0.09,0.05,0.03,0.08,0.05,0.01,0.04,0.02
413,0.07,0.07,0.04,0.08,0.05,0.01,0.04,0.02
414,0.05,0.05,0.03,0.08,0.07,0.01,0.04,0.02
415,0.09,0.05,0.03,0.08,0.05,0.01,0.04,0.02
416,0.05,0.05,0.03,0.07,0.05,0.01,0.04,0.02
417,0.05,0.07,0.02,0.07,0.07,0.01,0.04,0.02
418,0.05,0.05,0.03,0.08,0.07,0.01,0.04,0.02
419,0.07,0.07,0.03,0.08,0.07,0.03,0.03,0.02
420,0.11,0.05,0.03,0.08,0.05,0.01,0.04,0.02
421,0.11,0.07,0.03,0.08,0.05,0.01,0.04,0.02
422,0.09,0.07,0.04,0.08,0.05,0.01,0.04,0.02
423,0.05,0.07,0.03,0.08,0.07,0.03,0.04,0.02
424,0.11,0.07,0.03,0.08,0.07,0.01,0.04,0.02
425,0.07,0.07,0.03,0.08,0.05,0.01,0.04,0.02
426,0.07,0.07,0.03,0.08,0.05,0.01,0.04,0.02
427,0.07,0.07,0.03,0.08,0.05,0.01,0.04,0.02
428,0.07,0.05,0.03,0.08,0.07,0.01,0.04,0.02
429,0.09,0.07,0.03,0.08,0.05,0.01,0.04,0.02
430,0.07,0.07,0.04,0.08,0.05,0.01,0.04,0.02
431,0.07,0.07,0.03,0.08,0.05,0.01,0.04,0.02
432,0.09,0.07,0.03,0.08,0.05,0.01,0.03,0.02
433,0.07,0.07,0.04,0.08,0.05,0.01,0.03,0.0
434,0.07,0.07,0.03,0.08,0.05,0.01,0.03,0.02
435,0.07,0.07,0.04,0.08,0.05,0.01,0.03,0.02
436,0.05,0.07,0.03,0.08,0.05,0.01,0.04,0.02
437,0.07,0.09,0.04,0.08,0.05,0.01,0.04,0.02
438,0.07,0.07,0.04,0.08,0.05,0.01,0.04,0.02
439,0.07,0.09,0.04,0.08,0.05,0.01,0.04,0.02
440,0.07,0.07,0.04,0.08,0.07,0.01,0.04,0.02
441,0.07,0.07,0.04,0.08,0.05,0.03,0.04,0.02
442,0.09,0.07,0.05,0.08,0.07,0.01,0.04,0.02
443,0.09,0.09,0.05,0.08,0.05,0.03,0.04,0.02
444,0.07,0.07,0.05,0.08,0.07,0.03,0.04,0.02
445,0.09,0.07,0.05,0.08,0.07,0.01,0.04,0.02
446,0.09,0.09,0.06,0.08,0.07,0.03,0.04,0.0
447,0.07,0.09,0.05,0.08,0.07,0.01,0.03,0.02
448,0.07,0.09,0.06,0.08,0.07,0.03,0.03,0.02
449,0.07,0.11,0.06,0.08,0.05,0.01,0.04,0.02
450,0.09,0.11,0.08,0.09,0.05,0.03,0.04,0.02
451,0.09,0.11,0.08,0.09,0.05,0.03,0.04,0.02
452,0.09,0.11,0.08,0.09,0.05,0.03,0.04,0.02
453,0.13,0.11,0.08,0.09,0.05,0.03,0.03,0.02
454,0.09,0.11,0.08,0.09,0.05,0.03,0.03,0.02
455,0.09,0.13,0.09,0.09,0.05,0.03,0.04,0.02
456,0.13,0.11,0.09,0.09,0.05,0.03,0.04,0.02
457,0.09,0.13,0.1,0.09,0.05,0.03,0.03,0.02
458,0.09,0.13,0.1,0.1,0.07,0.04,0.04,0.0
459,0.09,0.13,0.12,0.1,0.05,0.04,0.04,0.02
460,0.09,0.15,0.12,0.1,0.07,0.04,0.03,0.02
461,0.11,0.15,0.12,0.1,0.05,0.03,0.04,0.02
462,0.11,0.15,0.12,0.1,0.07,0.04,0.04,0.02
463,0.11,0.15,0.12,0.1,0.07,0.04,0.04,0.02
464,0.11,0.16,0.13,0.1,0.07,0.04,0.04,0.0
465,0.11,0.15,0.13,0.1,0.07,0.04,0.03,0.02
466,0.11,0.15,0.13,0.1,0.07,0.04,0.04,0.02
467,0.15,0.16,0.14,0.1,0.07,0.04,0.04,0.02
468,0.11,0.15,0.15,0.11,0.07,0.04,0.04,0.02
469,0.11,0.16,0.15,0.11,0.07,0.05,0.04,0.02
470,0.11,0.15,0.16,0.11,0.07,0.05,0.04,0.0
471,0.15,0.16,0.16,0.11,0.07,0.05,0.03,0.0
472,0.13,0.16,0.17,0.11,0.07,0.05,0.03,0.0
473,0.11,0.16,0.18,0.11,0.07,0.05,0.04,0.02
474,0.13,0.16,0.18,0.11,0.07,0.04,0.04,0.0
475,0.13,0.16,0.18,0.11,0.07,0.05,0.04,0.02
476,0.18,0.16,0.18,0.11,0.07,0.07,0.04,0.02
477,0.13,0.16,0.19,0.11,0.07,0.07,0.04,0.02
478,0.15,0.18,0.2,0.11,0.09,0.07,0.04,0.02
479,0.15,0.2,0.21,0.12,0.07,0.07,0.04,0.02
480,0.16,0.18,0.21,0.12,0.07,0.07,0.04,0.02
481,0.15,0.2,0.22,0.12,0.07,0.07,0.04,0.02
482,0.15,0.2,0.22,0.12,0.09,0.07,0.04,0.02
483,0.15,0.18,0.23,0.13,0.09,0.07,0.06,0.02
484,0.16,0.2,0.24,0.13,0.09,0.08,0.06,0.02
485,0.16,0.2,0.25,0.13,0.07,0.08,0.04,0.02
486,0.18,0.2,0.27,0.13,0.09,0.08,0.04,0.05
487,0.18,0.22,0.27,0.13,0.09,0.08,0.06,0.02
488,0.22,0.22,0.28,0.13,0.09,0.08,0.04,0.02
489,0.2,0.22,0.28,0.14,0.09,0.08,0.06,0.02
490,0.2,0.24,0.29,0.14,0.09,0.08,0.06,0.02
491,0.2,0.24,0.31,0.15,0.09,0.08,0.06,0.05
492,0.24,0.25,0.32,0.14,0.09,0.09,0.06,0.05
493,0.22,0.25,0.32,0.15,0.09,0.09,0.06,0.02
494,0.22,0.25,0.33,0.15,0.09,0.09,0.06,0.05
495,0.24,0.27,0.36,0.16,0.1,0.09,0.06,0.05
496,0.25,0.29,0.37,0.16,0.1,0.11,0.06,0.05
497,0.25,0.29,0.38,0.16,0.1,0.11,0.06,0.05
498,0.25,0.31,0.39,0.16,0.1,0.11,0.06,0.05
499,0.25,0.31,0.38,0.16,0.1,0.12,0.07,0.05
500,0.31,0.33,0.42,0.17,0.12,0.12,0.06,0.05
501,0.29,0.33,0.42,0.17,0.12,0.13,0.07,0.05
502,0.29,0.35,0.43,0.17,0.12,0.13,0.07,0.08
503,0.31,0.35,0.44,0.17,0.12,0.12,0.07,0.08
504,0.33,0.36,0.45,0.18,0.12,0.13,0.07,0.08
505,0.33,0.36,0.47,0.18,0.12,0.15,0.07,0.08
506,0.33,0.38,0.47,0.18,0.12,0.15,0.09,0.08
507,0.38,0.38,0.48,0.19,0.14,0.15,0.09,0.1
508,0.35,0.4,0.5,0.19,0.14,0.16,0.09,0.08
509,0.4,0.4,0.51,0.19,0.16,0.17,0.1,0.08
510,0.36,0.42,0.51,0.2,0.16,0.17,0.1,0.1
511,0.36,0.42,0.53,0.2,0.16,0.19,0.1,0.1
512,0.4,0.44,0.54,0.21,0.17,0.2,0.1,0.1
513,0.4,0.45,0.55,0.21,0.17,0.2,0.12,0.12
514,0.42,0.45,0.55,0.21,0.17,0.2,0.12,0.12
515,0.42,0.47,0.57,0.21,0.19,0.23,0.13,0.12
516,0.44,0.49,0.58,0.22,0.21,0.24,0.13,0.12
517,0.49,0.51,0.59,0.22,0.21,0.24,0.15,0.15
518,0.47,0.53,0.61,0.23,0.22,0.25,0.16,0.15
519,0.49,0.53,0.62,0.23,0.24,0.27,0.18,0.15
520,0.51,0.55,0.63,0.24,0.26,0.28,0.19,0.2
521,0.53,0.56,0.64,0.24,0.26,0.28,0.18,0.2
522,0.55,0.56,0.65,0.25,0.28,0.31,0.21,0.2
523,0.53,0.58,0.65,0.25,0.28,0.31,0.19,0.2
524,0.56,0.58,0.67,0.25,0.33,0.31,0.21,0.2
525,0.58,0.62,0.68,0.26,0.31,0.32,0.22,0.2
526,0.58,0.62,0.7,0.26,0.33,0.33,0.22,0.22
527,0.6,0.62,0.71,0.26,0.34,0.35,0.22,0.2
528,0.6,0.64,0.72,0.27,0.36,0.36,0.24,0.22
529,0.64,0.65,0.74,0.28,0.38,0.36,0.25,0.22
530,0.6,0.65,0.73,0.28,0.38,0.36,0.24,0.25
531,0.62,0.65,0.74,0.28,0.38,0.36,0.25,0.25
532,0.64,0.67,0.75,0.29,0.38,0.37,0.26,0.25
533,0.64,0.67,0.74,0.29,0.4,0.39,0.26,0.25
534,0.64,0.69,0.75,0.3,0.41,0.39,0.26,0.28
535,0.65,0.69,0.74,0.3,0.41,0.4,0.28,0.28
536,0.67,0.71,0.74,0.31,0.43,0.41,0.29,0.28
537,0.65,0.71,0.74,0.31,0.41,0.4,0.31,0.3
538,0.65,0.71,0.74,0.31,0.43,0.43,0.31,0.3
539,0.69,0.71,0.74,0.32,0.43,0.43,0.32,0.3
540,0.67,0.69,0.72,0.32,0.45,0.41,0.34,0.32
541,0.69,0.69,0.73,0.32,0.45,0.44,0.34,0.35
542,0.69,0.69,0.72,0.32,0.47,0.45,0.35,0.35
543,0.65,0.71,0.72,0.32,0.47,0.44,0.37,0.38
544,0.65,0.67,0.72,0.33,0.48,0.45,0.38,0.38
545,0.65,0.69,0.72,0.33,0.48,0.47,0.38,0.4
546,0.65,0.67,0.72,0.33,0.48,0.47,0.38,0.4
547,0.64,0.67,0.71,0.34,0.5,0.47,0.38,0.4
548,0.67,0.65,0.71,0.34,0.5,0.48,0.4,0.42
549,0.65,0.64,0.69,0.34,0.5,0.48,0.41,0.42
550,0.64,0.64,0.7,0.35,0.53,0.49,0.4,0.45
551,0.62,0.64,0.69,0.35,0.52,0.49,0.41,0.42
552,0.6,0.62,0.68,0.35,0.53,0.51,0.41,0.45
553,0.62,0.64,0.68,0.35,0.53,0.51,0.41,0.45
554,0.62,0.62,0.68,0.36,0.53,0.49,0.41,0.45
555,0.6,0.6,0.68,0.36,0.53,0.51,0.41,0.45
556,0.6,0.6,0.68,0.36,0.55,0.52,0.43,0.45
557,0.64,0.6,0.67,0.36,0.55,0.51,0.41,0.45
558,0.58,0.58,0.66,0.36,0.55,0.52,0.43,0.48
559,0.62,0.58,0.66,0.37,0.55,0.52,0.43,0.45
560,0.58,0.56,0.65,0.37,0.57,0.52,0.43,0.48
561,0.56,0.56,0.65,0.37,0.55,0.52,0.43,0.45
562,0.56,0.56,0.65,0.37,0.55,0.52,0.44,0.48
563,0.56,0.56,0.65,0.37,0.55,0.52,0.43,0.48
564,0.56,0.55,0.65,0.37,0.57,0.53,0.44,0.48
565,0.56,0.55,0.65,0.37,0.57,0.52,0.44,0.48
566,0.56,0.56,0.65,0.37,0.57,0.53,0.44,0.48
567,0.56,0.55,0.65,0.37,0.57,0.53,0.44,0.48
568,0.58,0.53,0.65,0.38,0.57,0.53,0.44,0.5
569,0.56,0.55,0.65,0.38,0.57,0.53,0.44,0.48
570,0.56,0.55,0.65,0.38,0.59,0.53,0.44,0.48
571,0.6,0.55,0.65,0.38,0.59,0.53,0.46,0.48
572,0.58,0.56,0.65,0.38,0.59,0.55,0.46,0.5
573,0.56,0.55,0.65,0.39,0.59,0.55,0.46,0.5
574,0.58,0.55,0.65,0.39,0.59,0.55,0.46,0.5
575,0.62,0.55,0.65,0.39,0.59,0.55,0.46,0.5
576,0.56,0.56,0.65,0.39,0.59,0.55,0.46,0.5
577,0.56,0.56,0.66,0.39,0.59,0.56,0.46,0.5
578,0.58,0.56,0.66,0.4,0.59,0.55,0.44,0.5
579,0.58,0.58,0.67,0.4,0.59,0.56,0.46,0.5
580,0.58,0.56,0.68,0.4,0.59,0.56,0.46,0.5
581,0.58,0.58,0.67,0.4,0.6,0.56,0.46,0.5
582,0.58,0.6,0.68,0.41,0.6,0.56,0.46,0.52
583,0.6,0.58,0.67,0.41,0.59,0.56,0.46,0.5
584,0.6,0.58,0.68,0.41,0.59,0.56,0.46,0.52
585,0.6,0.6,0.68,0.41,0.59,0.57,0.44,0.52
586,0.6,0.6,0.68,0.41,0.59,0.56,0.44,0.5
587,0.62,0.62,0.68,0.42,0.6,0.57,0.46,0.5
588,0.6,0.6,0.68,0.42,0.59,0.57,0.44,0.48
589,0.64,0.62,0.69,0.42,0.6,0.56,0.43,0.5
590,0.62,0.62,0.69,0.42,0.59,0.57,0.44,0.5
591,0.62,0.64,0.69,0.42,0.59,0.57,0.44,0.5
592,0.62,0.62,0.69,0.42,0.59,0.57,0.43,0.5
593,0.62,0.62,0.7,0.42,0.59,0.57,0.43,0.5
594,0.62,0.64,0.7,0.43,0.59,0.57,0.43,0.5
595,0.62,0.64,0.71,0.43,0.57,0.57,0.43,0.5
596,0.62,0.62,0.7,0.43,0.59,0.59,0.41,0.48
597,0.62,0.62,0.71,0.43,0.57,0.57,0.41,0.48
598,0.62,0.64,0.71,0.43,0.59,0.59,0.41,0.48
599,0.62,0.62,0.72,0.44,0.59,0.59,0.41,0.48
600,0.62,0.62,0.72,0.44,0.57,0.6,0.41,0.48
601,0.64,0.62,0.72,0.44,0.59,0.59,0.41,0.5
602,0.64,0.62,0.72,0.44,0.57,0.6,0.41,0.48
603,0.64,0.64,0.74,0.45,0.59,0.6,0.41,0.5
604,0.65,0.64,0.75,0.45,0.57,0.59,0.41,0.48
605,0.65,0.62,0.74,0.45,0.57,0.6,0.41,0.5
606,0.65,0.64,0.75,0.45,0.59,0.6,0.41,0.5
607,0.65,0.64,0.75,0.46,0.57,0.6,0.41,0.48
608,0.65,0.65,0.75,0.46,0.57,0.6,0.41,0.5
609,0.67,0.65,0.77,0.46,0.55,0.6,0.41,0.48
610,0.69,0.65,0.77,0.46,0.57,0.61,0.41,0.5
611,0.67,0.65,0.77,0.46,0.57,0.61,0.41,0.48
612,0.69,0.67,0.78,0.47,0.57,0.61,0.41,0.5
613,0.69,0.65,0.78,0.47,0.57,0.63,0.41,0.48
614,0.71,0.69,0.79,0.47,0.57,0.63,0.43,0.5
615,0.71,0.69,0.79,0.47,0.57,0.63,0.43,0.5
616,0.73,0.69,0.79,0.48,0.57,0.63,0.43,0.5
617,0.71,0.69,0.8,0.48,0.57,0.64,0.43,0.5
618,0.75,0.71,0.8,0.48,0.57,0.64,0.41,0.5
619,0.73,0.71,0.81,0.48,0.59,0.64,0.43,0.5
620,0.75,0.73,0.81,0.48,0.57,0.65,0.43,0.5
621,0.75,0.73,0.8,0.49,0.57,0.65,0.43,0.5
622,0.73,0.73,0.82,0.49,0.57,0.65,0.43,0.5
623,0.75,0.75,0.81,0.49,0.59,0.65,0.43,0.5
624,0.75,0.75,0.82,0.5,0.59,0.67,0.44,0.5
625,0.75,0.73,0.82,0.5,0.59,0.65,0.44,0.5
626,0.75,0.73,0.82,0.5,0.59,0.67,0.44,0.52
627,0.75,0.73,0.82,0.5,0.6,0.67,0.44,0.52
628,0.75,0.73,0.82,0.51,0.59,0.67,0.44,0.52
629,0.76,0.73,0.82,0.51,0.59,0.68,0.44,0.52
630,0.73,0.75,0.82,0.51,0.59,0.68,0.44,0.52
631,0.76,0.75,0.82,0.51,0.6,0.67,0.46,0.52
632,0.78,0.73,0.82,0.52,0.59,0.68,0.44,0.52
633,0.75,0.75,0.82,0.52,0.6,0.68,0.44,0.52
634,0.75,0.75,0.83,0.52,0.59,0.68,0.44,0.52
635,0.75,0.75,0.83,0.53,0.6,0.68,0.44,0.52
636,0.76,0.75,0.83,0.53,0.6,0.68,0.44,0.52
637,0.76,0.75,0.83,0.53,0.6,0.68,0.44,0.52
638,0.76,0.75,0.84,0.53,0.6,0.69,0.43,0.52
639,0.76,0.75,0.84,0.53,0.59,0.69,0.43,0.52
640,0.76,0.76,0.85,0.53,0.59,0.69,0.44,0.5
641,0.78,0.78,0.85,0.54,0.59,0.69,0.43,0.5
642,0.82,0.75,0.85,0.54,0.59,0.71,0.43,0.52
643,0.82,0.76,0.85,0.55,0.59,0.71,0.43,0.5
644,0.78,0.78,0.85,0.55,0.59,0.71,0.43,0.5
645,0.76,0.76,0.85,0.55,0.59,0.72,0.41,0.52
646,0.76,0.76,0.86,0.56,0.57,0.72,0.41,0.5
647,0.8,0.76,0.87,0.56,0.57,0.72,0.4,0.5
648,0.76,0.76,0.86,0.56,0.57,0.72,0.41,0.5
649,0.76,0.76,0.87,0.56,0.57,0.73,0.4,0.5
650,0.76,0.76,0.86,0.57,0.59,0.73,0.4,0.5
651,0.8,0.78,0.87,0.57,0.57,0.73,0.4,0.48
652,0.78,0.76,0.87,0.57,0.55,0.73,0.4,0.48
653,0.78,0.76,0.86,0.57,0.57,0.73,0.38,0.48
654,0.78,0.78,0.87,0.57,0.55,0.73,0.38,0.45
655,0.82,0.78,0.87,0.58,0.57,0.73,0.37,0.45
656,0.78,0.78,0.87,0.58,0.55,0.75,0.37,0.45
657,0.82,0.8,0.88,0.58,0.53,0.75,0.35,0.45
658,0.84,0.8,0.87,0.58,0.53,0.73,0.35,0.45
659,0.8,0.82,0.88,0.59,0.53,0.73,0.37,0.45
660,0.8,0.8,0.88,0.59,0.53,0.75,0.35,0.42
661,0.82,0.84,0.89,0.59,0.53,0.75,0.35,0.42
662,0.82,0.84,0.9,0.59,0.55,0.73,0.34,0.42
663,0.82,0.84,0.9,0.59,0.53,0.73,0.34,0.42
664,0.82,0.82,0.9,0.6,0.53,0.73,0.35,0.42
665,0.82,0.84,0.9,0.6,0.52,0.73,0.35,0.42
666,0.82,0.84,0.91,0.6,0.52,0.73,0.34,0.4
667,0.82,0.85,0.91,0.61,0.52,0.73,0.35,0.42
668,0.82,0.85,0.92,0.61,0.53,0.73,0.34,0.42
669,0.82,0.85,0.92,0.61,0.52,0.72,0.34,0.4
670,0.82,0.85,0.92,0.62,0.52,0.72,0.35,0.4
671,0.84,0.85,0.92,0.62,0.52,0.73,0.35,0.42
672,0.82,0.85,0.93,0.62,0.52,0.73,0.35,0.42
673,0.84,0.84,0.92,0.62,0.52,0.73,0.35,0.42
674,0.84,0.84,0.93,0.62,0.52,0.73,0.37,0.42
675,0.84,0.84,0.93,0.63,0.52,0.73,0.37,0.42
676,0.84,0.85,0.93,0.63,0.52,0.73,0.37,0.42
677,0.87,0.84,0.94,0.63,0.52,0.73,0.37,0.45
678,0.85,0.84,0.94,0.63,0.52,0.73,0.38,0.45
679,0.87,0.85,0.94,0.63,0.52,0.73,0.38,0.45
680,0.85,0.84,0.94,0.63,0.52,0.73,0.38,0.45
681,0.85,0.84,0.94,0.64,0.53,0.73,0.38,0.45
682,0.89,0.85,0.94,0.64,0.53,0.75,0.38,0.45
683,0.87,0.84,0.95,0.64,0.53,0.73,0.38,0.45
684,0.85,0.85,0.95,0.65,0.53,0.75,0.4,0.45
685,0.87,0.85,0.95,0.65,0.53,0.75,0.38,0.45
686,0.85,0.84,0.95,0.65,0.53,0.75,0.38,0.45
687,0.85,0.84,0.95,0.65,0.53,0.76,0.38,0.45
688,0.85,0.85,0.95,0.65,0.53,0.76,0.4,0.48
689,0.91,0.84,0.95,0.66,0.55,0.77,0.4,0.48
690,0.87,0.85,0.95,0.66,0.55,0.77,0.4,0.5
691,0.85,0.84,0.95,0.66,0.55,0.77,0.41,0.5
692,0.91,0.84,0.95,0.66,0.55,0.77,0.41,0.5
693,0.91,0.84,0.95,0.66,0.55,0.77,0.41,0.5
694,0.87,0.84,0.95,0.66,0.57,0.77,0.41,0.5
695,0.87,0.85,0.94,0.66,0.57,0.79,0.41,0.52
696,0.85,0.84,0.94,0.67,0.57,0.79,0.41,0.52
697,0.87,0.84,0.95,0.67,0.57,0.79,0.41,0.52
698,0.87,0.84,0.94,0.67,0.57,0.79,0.41,0.52
699,0.87,0.84,0.94,0.67,0.57,0.79,0.43,0.52
700,0.87,0.84,0.94,0.67,0.57,0.79,0.41,0.52
701,0.87,0.84,0.94,0.68,0.59,0.77,0.41,0.52
702,0.85,0.84,0.94,0.68,0.57,0.79,0.41,0.52
703,0.87,0.85,0.95,0.68,0.59,0.79,0.41,0.52
704,0.87,0.84,0.94,0.68,0.59,0.79,0.41,0.52
705,0.87,0.84,0.94,0.68,0.57,0.77,0.41,0.52
706,0.85,0.84,0.94,0.68,0.57,0.79,0.41,0.52
707,0.85,0.82,0.94,0.68,0.57,0.79,0.4,0.52
708,0.85,0.82,0.93,0.68,0.57,0.79,0.4,0.52
709,0.85,0.82,0.93,0.68,0.57,0.77,0.4,0.52
710,0.85,0.84,0.92,0.68,0.57,0.77,0.4,0.52
711,0.84,0.82,0.93,0.68,0.57,0.79,0.4,0.5
712,0.84,0.8,0.92,0.69,0.57,0.77,0.4,0.5
713,0.84,0.8,0.92,0.69,0.57,0.77,0.4,0.5
714,0.84,0.8,0.92,0.69,0.57,0.77,0.4,0.5
715,0.82,0.8,0.92,0.69,0.55,0.77,0.38,0.5
716,0.82,0.8,0.91,0.69,0.55,0.77,0.38,0.5
717,0.82,0.78,0.91,0.69,0.57,0.76,0.38,0.5
718,0.82,0.78,0.9,0.69,0.57,0.76,0.37,0.5
719,0.8,0.78,0.9,0.69,0.55,0.76,0.38,0.48
720,0.84,0.8,0.91,0.69,0.57,0.76,0.37,0.48
721,0.82,0.78,0.9,0.69,0.55,0.75,0.37,0.48
722,0.82,0.78,0.9,0.69,0.55,0.73,0.37,0.45
723,0.82,0.78,0.9,0.7,0.55,0.75,0.37,0.48
724,0.82,0.78,0.89,0.69,0.53,0.75,0.37,0.48
725,0.82,0.78,0.9,0.7,0.55,0.75,0.35,0.45
726,0.85,0.78,0.89,0.69,0.55,0.73,0.35,0.45
727,0.82,0.8,0.9,0.7,0.55,0.73,0.35,0.45
728,0.82,0.78,0.89,0.7,0.53,0.73,0.35,0.45
729,0.82,0.8,0.89,0.7,0.53,0.72,0.35,0.42
730,0.82,0.8,0.9,0.7,0.53,0.72,0.34,0.45
731,0.82,0.8,0.89,0.7,0.53,0.72,0.34,0.42
732,0.84,0.8,0.9,0.7,0.53,0.72,0.34,0.42
733,0.84,0.8,0.9,0.71,0.53,0.72,0.34,0.42
734,0.84,0.82,0.89,0.71,0.52,0.72,0.32,0.42
735,0.87,0.82,0.91,0.71,0.53,0.71,0.34,0.42
736,0.84,0.82,0.9,0.71,0.52,0.71,0.32,0.42
737,0.84,0.84,0.9,0.71,0.52,0.71,0.32,0.42
738,0.84,0.82,0.91,0.71,0.52,0.71,0.32,0.4
739,0.84,0.84,0.91,0.71,0.5,0.69,0.31,0.4
740,0.85,0.84,0.91,0.71,0.5,0.69,0.32,0.4
741,0.84,0.85,0.91,0.72,0.52,0.68,0.32,0.4
742,0.85,0.85,0.92,0.72,0.5,0.68,0.31,0.4
743,0.85,0.85,0.92,0.72,0.5,0.68,0.31,0.4
744,0.85,0.85,0.92,0.72,0.48,0.68,0.31,0.38
745,0.89,0.85,0.92,0.73,0.48,0.68,0.31,0.38
746,0.85,0.85,0.92,0.73,0.48,0.67,0.31,0.38
747,0.87,0.85,0.92,0.73,0.48,0.68,0.31,0.4
748,0.87,0.85,0.9,0.73,0.48,0.67,0.31,0.4
749,0.87,0.85,0.89,0.73,0.48,0.67,0.31,0.38
750,0.87,0.85,0.9,0.74,0.47,0.67,0.29,0.38
751,0.91,0.87,0.88,0.74,0.47,0.67,0.29,0.38
752,0.87,0.89,0.88,0.74,0.48,0.67,0.29,0.35
753,0.87,0.87,0.88,0.74,0.47,0.67,0.29,0.38
754,0.89,0.89,0.88,0.74,0.47,0.67,0.29,0.38
755,0.87,0.87,0.88,0.74,0.45,0.65,0.28,0.35
756,0.89,0.91,0.88,0.74,0.47,0.65,0.29,0.35
757,0.89,0.89,0.88,0.74,0.45,0.65,0.28,0.35
758,0.91,0.89,0.88,0.74,0.47,0.64,0.28,0.38
759,0.91,0.89,0.88,0.74,0.45,0.64,0.29,0.35
760,0.85,0.89,0.88,0.74,0.45,0.64,0.29,0.35
761,0.85,0.89,0.88,0.75,0.47,0.64,0.29,0.35
762,0.85,0.87,0.88,0.75,0.45,0.64,0.29,0.35
763,0.84,0.87,0.88,0.75,0.47,0.64,0.29,0.35
764,0.87,0.85,0.87,0.75,0.47,0.64,0.31,0.35
765,0.84,0.85,0.87,0.75,0.47,0.64,0.29,0.35
766,0.85,0.85,0.87,0.75,0.47,0.63,0.29,0.35
767,0.82,0.84,0.87,0.75,0.47,0.64,0.31,0.35
768,0.85,0.82,0.86,0.75,0.45,0.64,0.31,0.35
769,0.84,0.82,0.85,0.75,0.45,0.64,0.32,0.35
770,0.85,0.8,0.85,0.75,0.45,0.63,0.32,0.35
771,0.82,0.8,0.85,0.75,0.45,0.63,0.32,0.35
772,0.8,0.8,0.85,0.75,0.45,0.64,0.31,0.35
773,0.8,0.8,0.85,0.75,0.47,0.63,0.32,0.38
774,0.82,0.8,0.85,0.76,0.45,0.63,0.34,0.35
775,0.8,0.8,0.85,0.75,0.45,0.63,0.34,0.38
776,0.8,0.78,0.85,0.76,0.45,0.63,0.35,0.38
777,0.8,0.78,0.85,0.75,0.45,0.63,0.34,0.35
778,0.82,0.78,0.85,0.76,0.45,0.63,0.35,0.38
779,0.78,0.78,0.85,0.76,0.45,0.64,0.35,0.38
780,0.8,0.78,0.85,0.76,0.47,0.63,0.37,0.4
781,0.8,0.78,0.86,0.76,0.45,0.63,0.38,0.38
782,0.8,0.8,0.86,0.76,0.47,0.63,0.38,0.4
783,0.82,0.78,0.87,0.76,0.47,0.64,0.4,0.42
784,0.84,0.78,0.87,0.76,0.47,0.64,0.38,0.4
785,0.85,0.8,0.87,0.77,0.47,0.64,0.4,0.4
786,0.8,0.78,0.88,0.76,0.47,0.63,0.4,0.42
787,0.85,0.8,0.88,0.77,0.48,0.64,0.4,0.42
788,0.8,0.8,0.88,0.77,0.48,0.65,0.4,0.42
789,0.84,0.8,0.89,0.77,0.48,0.65,0.4,0.42
790,0.84,0.82,0.89,0.77,0.48,0.65,0.41,0.45
791,0.82,0.82,0.9,0.77,0.5,0.67,0.41,0.45
792,0.84,0.8,0.9,0.78,0.48,0.67,0.41,0.45
793,0.82,0.82,0.9,0.78,0.5,0.67,0.41,0.42
794,0.82,0.82,0.9,0.78,0.48,0.68,0.4,0.42
795,0.84,0.82,0.91,0.78,0.48,0.68,0.4,0.42
796,0.84,0.82,0.91,0.79,0.48,0.67,0.41,0.42
797,0.84,0.82,0.92,0.78,0.5,0.68,0.4,0.42
798,0.82,0.82,0.92,0.79,0.48,0.68,0.4,0.45
799,0.85,0.82,0.92,0.79,0.48,0.68,0.41,0.42
800,0.85,0.82,0.93,0.79,0.5,0.69,0.41,0.42
801,0.84,0.82,0.93,0.79,0.48,0.68,0.4,0.45
802,0.84,0.82,0.94,0.79,0.48,0.68,0.41,0.45
803,0.84,0.84,0.94,0.79,0.48,0.68,0.41,0.45
804,0.85,0.84,0.94,0.79,0.5,0.68,0.41,0.45
805,0.84,0.82,0.95,0.79,0.5,0.69,0.41,0.45
806,0.85,0.82,0.95,0.8,0.5,0.68,0.43,0.45
807,0.85,0.82,0.95,0.8,0.5,0.69,0.43,0.48
808,0.85,0.82,0.95,0.8,0.52,0.71,0.43,0.48
809,0.85,0.82,0.96,0.8,0.5,0.71,0.44,0.48
810,0.85,0.84,0.96,0.81,0.52,0.71,0.46,0.48
811,0.91,0.85,0.97,0.81,0.52,0.71,0.46,0.5
812,0.89,0.85,0.98,0.81,0.53,0.72,0.46,0.5
813,0.87,0.84,0.98,0.81,0.53,0.72,0.47,0.5
814,0.89,0.85,0.98,0.81,0.53,0.72,0.47,0.5
815,0.89,0.85,0.98,0.81,0.53,0.73,0.47,0.52
816,0.89,0.87,0.98,0.82,0.55,0.75,0.49,0.52
817,0.93,0.85,0.98,0.82,0.53,0.73,0.49,0.55
818,0.89,0.87,0.98,0.82,0.55,0.73,0.5,0.55
819,0.91,0.89,0.98,0.82,0.55,0.75,0.5,0.55
820,0.91,0.87,0.98,0.82,0.55,0.75,0.51,0.55
821,0.91,0.87,0.98,0.82,0.55,0.76,0.51,0.57
822,0.95,0.89,0.98,0.83,0.57,0.76,0.53,0.57
823,0.91,0.87,0.98,0.83,0.57,0.76,0.54,0.6
824,0.95,0.89,0.98,0.83,0.57,0.76,0.53,0.6
825,0.91,0.89,0.99,0.83,0.59,0.77,0.54,0.6
826,0.91,0.89,0.99,0.83,0.59,0.77,0.56,0.6
827,0.91,0.89,0.98,0.83,0.59,0.77,0.56,0.6
828,0.93,0.89,0.98,0.83,0.59,0.79,0.56,0.6
829,0.91,0.87,0.98,0.84,0.59,0.79,0.56,0.6
830,0.89,0.87,0.98,0.84,0.6,0.77,0.57,0.6
831,0.89,0.87,0.98,0.84,0.6,0.79,0.57,0.62
832,0.89,0.84,0.97,0.84,0.6,0.8,0.56,0.62
833,0.87,0.84,0.95,0.84,0.6,0.8,0.56,0.62
834,0.87,0.84,0.95,0.84,0.62,0.79,0.56,0.62
835,0.85,0.82,0.95,0.84,0.6,0.8,0.56,0.62
836,0.85,0.82,0.94,0.84,0.6,0.79,0.54,0.62
837,0.89,0.8,0.93,0.84,0.6,0.8,0.54,0.62
838,0.87,0.8,0.92,0.84,0.6,0.8,0.54,0.62
839,0.85,0.8,0.92,0.84,0.6,0.8,0.54,0.6
840,0.84,0.8,0.92,0.84,0.6,0.79,0.53,0.6
841,0.84,0.78,0.92,0.84,0.59,0.79,0.53,0.6
842,0.84,0.78,0.9,0.84,0.59,0.79,0.53,0.6
843,0.85,0.78,0.9,0.84,0.59,0.79,0.53,0.6
844,0.82,0.76,0.89,0.84,0.59,0.77,0.5,0.57
845,0.82,0.76,0.88,0.85,0.59,0.77,0.5,0.6
846,0.82,0.75,0.88,0.85,0.59,0.77,0.5,0.57
847,0.82,0.75,0.89,0.85,0.57,0.77,0.5,0.57
848,0.82,0.75,0.88,0.85,0.57,0.77,0.5,0.57
849,0.82,0.75,0.88,0.85,0.57,0.76,0.49,0.57
850,0.84,0.76,0.88,0.85,0.57,0.76,0.49,0.55
851,0.84,0.76,0.88,0.85,0.59,0.76,0.47,0.55
852,0.84,0.76,0.88,0.85,0.57,0.76,0.47,0.55
853,0.84,0.75,0.88,0.85,0.57,0.76,0.47,0.55
854,0.84,0.76,0.88,0.85,0.55,0.75,0.46,0.55
855,0.82,0.78,0.88,0.85,0.55,0.75,0.46,0.55
856,0.84,0.76,0.88,0.85,0.55,0.75,0.47,0.55
857,0.82,0.76,0.88,0.85,0.55,0.75,0.46,0.52
858,0.84,0.78,0.88,0.86,0.55,0.75,0.44,0.55
859,0.87,0.78,0.88,0.86,0.55,0.75,0.46,0.5
860,0.85,0.8,0.88,0.85,0.55,0.73,0.44,0.52
861,0.85,0.78,0.88,0.86,0.53,0.73,0.43,0.52
862,0.84,0.8,0.88,0.86,0.55,0.73,0.44,0.52
863,0.84,0.8,0.88,0.86,0.53,0.73,0.43,0.5
864,0.84,0.8,0.88,0.86,0.53,0.73,0.43,0.5
865,0.85,0.82,0.89,0.86,0.53,0.73,0.43,0.5
866,0.85,0.82,0.9,0.86,0.53,0.72,0.41,0.48
867,0.89,0.84,0.9,0.86,0.53,0.73,0.41,0.5
868,0.85,0.84,0.9,0.86,0.53,0.73,0.41,0.5
869,0.89,0.84,0.9,0.86,0.53,0.72,0.41,0.5
870,0.87,0.84,0.9,0.86,0.52,0.72,0.41,0.5
871,0.89,0.84,0.91,0.86,0.53,0.72,0.41,0.5
872,0.89,0.84,0.92,0.87,0.52,0.72,0.41,0.48
873,0.85,0.85,0.91,0.87,0.52,0.72,0.4,0.48
874,0.87,0.85,0.92,0.87,0.52,0.72,0.41,0.48
875,0.89,0.85,0.92,0.87,0.5,0.72,0.4,0.48
876,0.87,0.85,0.92,0.87,0.52,0.72,0.41,0.5
877,0.89,0.85,0.92,0.87,0.5,0.72,0.41,0.48
878,0.89,0.85,0.92,0.87,0.5,0.72,0.4,0.48
879,0.91,0.87,0.93,0.87,0.5,0.72,0.41,0.48
880,0.89,0.87,0.93,0.87,0.5,0.72,0.41,0.5
881,0.91,0.87,0.93,0.87,0.5,0.72,0.4,0.48
882,0.95,0.87,0.94,0.88,0.5,0.72,0.4,0.48
883,0.89,0.89,0.93,0.88,0.5,0.72,0.4,0.48
884,0.93,0.89,0.94,0.88,0.5,0.72,0.4,0.48
885,0.93,0.89,0.94,0.88,0.5,0.73,0.4,0.48
886,0.91,0.89,0.94,0.88,0.5,0.73,0.4,0.48
887,0.91,0.91,0.95,0.89,0.48,0.72,0.38,0.45
888,0.91,0.91,0.95,0.89,0.48,0.72,0.37,0.45
889,0.91,0.91,0.95,0.89,0.48,0.72,0.37,0.45
890,0.89,0.91,0.95,0.89,0.48,0.71,0.37,0.45
891,0.89,0.89,0.95,0.89,0.48,0.71,0.37,0.42
892,0.89,0.89,0.95,0.89,0.48,0.69,0.37,0.45
893,0.89,0.91,0.95,0.89,0.48,0.69,0.37,0.45
894,0.89,0.89,0.95,0.89,0.48,0.69,0.37,0.45
895,0.89,0.89,0.95,0.89,0.47,0.69,0.37,0.42
896,0.89,0.89,0.95,0.89,0.48,0.69,0.35,0.45
897,0.89,0.89,0.95,0.89,0.47,0.69,0.35,0.45
898,0.89,0.89,0.95,0.89,0.47,0.68,0.35,0.45
899,0.89,0.89,0.95,0.89,0.47,0.69,0.37,0.42
900,0.89,0.89,0.95,0.89,0.47,0.68,0.37,0.45
901,0.93,0.89,0.95,0.89,0.47,0.68,0.37,0.42
902,0.89,0.87,0.95,0.89,0.47,0.68,0.37,0.45
903,0.89,0.89,0.95,0.9,0.47,0.68,0.37,0.45
904,0.89,0.89,0.95,0.89,0.47,0.68,0.38,0.48
905,0.91,0.87,0.95,0.9,0.47,0.67,0.38,0.45
906,0.89,0.87,0.95,0.89,0.47,0.68,0.4,0.48
907,0.91,0.87,0.95,0.9,0.47,0.68,0.4,0.48
908,0.89,0.87,0.95,0.9,0.47,0.68,0.4,0.48
909,0.89,0.89,0.95,0.9,0.48,0.68,0.41,0.5
910,0.95,0.87,0.95,0.9,0.48,0.68,0.41,0.5
911,0.89,0.87,0.95,0.9,0.48,0.68,0.43,0.52
912,0.91,0.87,0.95,0.9,0.47,0.68,0.41,0.52
913,0.93,0.85,0.95,0.9,0.48,0.68,0.43,0.52
914,0.89,0.87,0.95,0.9,0.48,0.68,0.43,0.52
915,0.89,0.85,0.96,0.9,0.48,0.68,0.44,0.52
916,0.89,0.85,0.95,0.9,0.48,0.68,0.44,0.52
917,0.91,0.85,0.95,0.9,0.48,0.68,0.44,0.55
918,0.89,0.85,0.95,0.9,0.48,0.68,0.44,0.52
919,0.91,0.85,0.95,0.9,0.48,0.67,0.44,0.55
920,0.91,0.85,0.95,0.9,0.48,0.68,0.44,0.52
921,0.91,0.85,0.95,0.9,0.48,0.68,0.44,0.55
922,0.91,0.85,0.95,0.9,0.48,0.68,0.43,0.55
923,0.91,0.85,0.94,0.9,0.48,0.68,0.44,0.55
924,0.91,0.85,0.95,0.9,0.5,0.68,0.43,0.55
925,0.91,0.85,0.93,0.9,0.48,0.68,0.43,0.52
926,0.91,0.85,0.94,0.91,0.48,0.68,0.43,0.55
927,0.93,0.87,0.93,0.91,0.48,0.67,0.43,0.52
928,0.91,0.85,0.93,0.9,0.48,0.68,0.43,0.52
929,0.91,0.85,0.93,0.9,0.48,0.68,0.44,0.52
930,0.91,0.85,0.93,0.9,0.48,0.67,0.44,0.55
931,0.91,0.85,0.92,0.91,0.48,0.68,0.43,0.52
932,0.91,0.85,0.92,0.91,0.48,0.67,0.44,0.55
933,0.89,0.85,0.92,0.91,0.48,0.67,0.46,0.55
934,0.89,0.85,0.92,0.9,0.48,0.67,0.46,0.57
935,0.89,0.84,0.92,0.91,0.48,0.68,0.46,0.55
936,0.95,0.85,0.92,0.9,0.48,0.67,0.46,0.57
937,0.91,0.85,0.92,0.9,0.48,0.67,0.46,0.57
938,0.91,0.85,0.91,0.91,0.48,0.68,0.47,0.57
939,0.91,0.85,0.92,0.91,0.5,0.68,0.49,0.6
940,0.91,0.85,0.91,0.91,0.5,0.68,0.47,0.6
941,0.93,0.87,0.92,0.9,0.48,0.68,0.49,0.62
942,0.91,0.87,0.92,0.91,0.5,0.68,0.5,0.62
943,0.95,0.85,0.92,0.91,0.5,0.68,0.51,0.62
944,0.93,0.87,0.92,0.91,0.5,0.69,0.53,0.65
945,0.93,0.87,0.92,0.91,0.52,0.69,0.53,0.65
946,0.91,0.87,0.92,0.91,0.52,0.69,0.54,0.68
947,0.93,0.87,0.92,0.91,0.52,0.69,0.54,0.7
948,0.91,0.87,0.92,0.91,0.52,0.69,0.54,0.7
949,0.91,0.85,0.92,0.91,0.53,0.71,0.56,0.7
950,0.91,0.85,0.91,0.91,0.53,0.69,0.56,0.7
951,0.93,0.85,0.91,0.91,0.53,0.71,0.57,0.72
952,0.91,0.84,0.9,0.91,0.53,0.71,0.56,0.72
953,0.89,0.85,0.9,0.91,0.53,0.71,0.57,0.72
954,0.89,0.84,0.9,0.91,0.53,0.72,0.57,0.7
955,0.95,0.84,0.9,0.91,0.53,0.71,0.57,0.72
956,0.89,0.84,0.9,0.91,0.53,0.71,0.56,0.72
957,0.89,0.84,0.9,0.91,0.53,0.71,0.56,0.72
958,0.89,0.84,0.9,0.9,0.55,0.71,0.56,0.72
959,0.87,0.84,0.89,0.91,0.55,0.72,0.56,0.72
960,0.87,0.82,0.89,0.9,0.55,0.71,0.54,0.7
961,0.87,0.82,0.89,0.9,0.53,0.71,0.56,0.7
962,0.89,0.82,0.9,0.9,0.53,0.69,0.54,0.7
963,0.87,0.82,0.9,0.9,0.53,0.71,0.54,0.7
964,0.87,0.82,0.89,0.9,0.55,0.72,0.54,0.7
965,0.87,0.82,0.89,0.9,0.53,0.71,0.53,0.7
966,0.87,0.82,0.89,0.9,0.53,0.71,0.51,0.65
967,0.87,0.8,0.89,0.9,0.53,0.71,0.53,0.68
968,0.87,0.8,0.89,0.9,0.53,0.71,0.51,0.68
969,0.89,0.8,0.89,0.9,0.52,0.71,0.53,0.68
970,0.89,0.82,0.89,0.9,0.52,0.71,0.51,0.68
971,0.89,0.8,0.9,0.9,0.52,0.72,0.5,0.65
972,0.85,0.8,0.9,0.9,0.53,0.72,0.51,0.65
973,0.87,0.8,0.89,0.9,0.52,0.72,0.5,0.65
974,0.84,0.8,0.89,0.9,0.52,0.71,0.5,0.62
975,0.84,0.78,0.89,0.9,0.52,0.72,0.49,0.62
976,0.87,0.8,0.91,0.9,0.52,0.72,0.49,0.62
977,0.84,0.78,0.91,0.9,0.52,0.72,0.49,0.6
978,0.84,0.8,0.91,0.9,0.5,0.73,0.47,0.6
979,0.87,0.8,0.92,0.9,0.52,0.72,0.47,0.6
980,0.84,0.8,0.91,0.9,0.5,0.72,0.47,0.6
981,0.87,0.8,0.92,0.9,0.52,0.73,0.47,0.6
982,0.85,0.78,0.92,0.9,0.5,0.72,0.47,0.6
983,0.87,0.8,0.92,0.9,0.5,0.72,0.47,0.57
984,0.84,0.8,0.93,0.91,0.5,0.73,0.47,0.6
985,0.85,0.8,0.93,0.91,0.52,0.72,0.47,0.57
986,0.85,0.8,0.93,0.91,0.5,0.73,0.46,0.57
987,0.85,0.8,0.94,0.91,0.5,0.73,0.44,0.57
988,0.89,0.82,0.95,0.91,0.5,0.73,0.44,0.57
989,0.87,0.84,0.96,0.91,0.5,0.75,0.44,0.55
990,0.87,0.85,0.96,0.91,0.5,0.75,0.43,0.55
991,0.89,0.84,0.96,0.91,0.5,0.75,0.43,0.55
992,0.89,0.85,0.96,0.91,0.5,0.75,0.43,0.55
993,0.93,0.87,0.97,0.91,0.48,0.76,0.41,0.52
994,0.89,0.87,0.97,0.92,0.48,0.75,0.41,0.52
995,0.89,0.87,0.97,0.92,0.48,0.75,0.4,0.52
996,0.91,0.87,0.98,0.92,0.48,0.76,0.41,0.5
997,0.93,0.87,0.96,0.92,0.48,0.76,0.4,0.52
998,0.91,0.89,0.95,0.92,0.47,0.75,0.38,0.5
999,0.93,0.89,0.95,0.92,0.47,0.75,0.38,0.5
1000,0.93,0.89,0.94,0.92,0.47,0.76,0.38,0.48
1001,0.91,0.89,0.94,0.92,0.47,0.75,0.37,0.48
1002,0.93,0.91,0.95,0.92,0.47,0.73,0.37,0.48
1003,0.95,0.91,0.95,0.92,0.47,0.75,0.35,0.45
1004,0.93,0.91,0.94,0.92,0.47,0.73,0.35,0.45
1005,0.93,0.91,0.94,0.92,0.47,0.73,0.35,0.45
1006,0.93,0.91,0.95,0.93,0.45,0.73,0.35,0.45
1007,0.93,0.93,0.95,0.93,0.45,0.73,0.35,0.42
1008,0.98,0.91,0.94,0.93,0.45,0.72,0.34,0.42
1009,0.98,0.93,0.94,0.93,0.45,0.71,0.34,0.42
1010,0.93,0.95,0.94,0.93,0.45,0.72,0.34,0.42
1011,0.93,0.95,0.94,0.93,0.43,0.69,0.31,0.38
1012,0.93,0.93,0.94,0.93,0.43,0.69,0.32,0.38
1013,0.93,0.93,0.94,0.93,0.43,0.69,0.31,0.38
1014,0.91,0.93,0.94,0.93,0.43,0.68,0.31,0.38
1015,0.91,0.91,0.94,0.93,0.43,0.68,0.31,0.38
1016,0.89,0.89,0.93,0.93,0.41,0.68,0.31,0.35
1017,0.91,0.89,0.93,0.93,0.41,0.67,0.29,0.35
1018,0.89,0.87,0.92,0.93,0.41,0.67,0.29,0.32
1019,0.89,0.85,0.92,0.93,0.41,0.67,0.28,0.35
1020,0.91,0.85,0.91,0.93,0.4,0.67,0.28,0.32
1021,0.87,0.84,0.91,0.93,0.4,0.65,0.28,0.32
1022,0.87,0.84,0.91,0.93,0.4,0.65,0.29,0.32
1023,0.87,0.82,0.91,0.93,0.4,0.65,0.28,0.32
1024,0.87,0.82,0.9,0.93,0.38,0.64,0.28,0.32
1025,0.91,0.82,0.9,0.93,0.4,0.64,0.28,0.32
1026,0.85,0.82,0.9,0.93,0.38,0.64,0.28,0.32
1027,0.87,0.84,0.9,0.93,0.4,0.63,0.28,0.3
1028,0.87,0.82,0.91,0.93,0.38,0.63,0.28,0.3
1029,0.87,0.82,0.91,0.94,0.38,0.63,0.28,0.3
1030,0.85,0.82,0.9,0.93,0.38,0.61,0.28,0.3
1031,0.87,0.82,0.9,0.93,0.36,0.61,0.26,0.3
1032,0.87,0.82,0.91,0.93,0.36,0.63,0.28,0.3
1033,0.87,0.82,0.92,0.94,0.38,0.61,0.28,0.3
1034,0.87,0.82,0.91,0.93,0.38,0.61,0.28,0.3
1035,0.87,0.82,0.91,0.94,0.36,0.6,0.26,0.3
1036,0.85,0.82,0.92,0.94,0.36,0.6,0.28,0.3
1037,0.87,0.82,0.92,0.94,0.36,0.6,0.26,0.3
1038,0.89,0.82,0.92,0.94,0.36,0.6,0.26,0.3
1039,0.89,0.82,0.92,0.94,0.36,0.59,0.26,0.3
1040,0.84,0.82,0.92,0.94,0.36,0.59,0.26,0.3
1041,0.85,0.84,0.92,0.94,0.36,0.59,0.28,0.3
1042,0.85,0.82,0.91,0.94,0.36,0.57,0.28,0.3
1043,0.87,0.82,0.91,0.94,0.36,0.59,0.28,0.3
1044,0.84,0.82,0.91,0.94,0.36,0.59,0.28,0.3
1045,0.84,0.82,0.9,0.94,0.36,0.59,0.29,0.3
1046,0.84,0.82,0.89,0.94,0.36,0.57,0.28,0.28
1047,0.84,0.82,0.88,0.94,0.38,0.57,0.29,0.3
1048,0.82,0.8,0.88,0.94,0.38,0.57,0.31,0.3
1049,0.84,0.8,0.87,0.93,0.38,0.57,0.31,0.3
1050,0.82,0.8,0.87,0.93,0.38,0.57,0.31,0.3
1051,0.8,0.78,0.85,0.93,0.4,0.57,0.32,0.3
1052,0.82,0.78,0.85,0.93,0.4,0.57,0.32,0.3
1053,0.8,0.8,0.85,0.93,0.4,0.57,0.32,0.3
1054,0.8,0.78,0.85,0.93,0.4,0.57,0.34,0.32
1055,0.8,0.78,0.84,0.93,0.4,0.57,0.34,0.32
1056,0.84,0.76,0.84,0.93,0.41,0.57,0.34,0.3
1057,0.8,0.78,0.84,0.93,0.41,0.57,0.35,0.35
1058,0.8,0.78,0.84,0.93,0.41,0.57,0.35,0.35
1059,0.8,0.76,0.82,0.93,0.41,0.59,0.34,0.32
1060,0.82,0.8,0.82,0.93,0.43,0.59,0.34,0.32
1061,0.82,0.8,0.83,0.93,0.43,0.59,0.34,0.32
1062,0.85,0.82,0.84,0.93,0.45,0.57,0.34,0.35
1063,0.82,0.82,0.84,0.93,0.43,0.59,0.34,0.32
1064,0.82,0.84,0.84,0.93,0.43,0.59,0.35,0.35
1065,0.84,0.82,0.85,0.93,0.45,0.6,0.34,0.35
1066,0.82,0.82,0.85,0.93,0.45,0.6,0.35,0.32
1067,0.82,0.82,0.85,0.93,0.45,0.6,0.35,0.32
1068,0.8,0.82,0.85,0.93,0.45,0.6,0.35,0.35
1069,0.8,0.82,0.85,0.93,0.45,0.6,0.35,0.32
1070,0.84,0.8,0.85,0.93,0.45,0.6,0.35,0.32
1071,0.78,0.78,0.85,0.93,0.45,0.61,0.35,0.32
1072,0.8,0.78,0.85,0.93,0.45,0.6,0.34,0.32
1073,0.82,0.78,0.86,0.93,0.45,0.6,0.35,0.35
1074,0.78,0.78,0.86,0.93,0.45,0.6,0.35,0.32
1075,0.8,0.78,0.86,0.93,0.43,0.61,0.37,0.32
1076,0.8,0.78,0.86,0.94,0.45,0.61,0.37,0.35
1077,0.78,0.78,0.87,0.93,0.45,0.61,0.38,0.38
1078,0.82,0.78,0.88,0.93,0.45,0.61,0.37,0.35
1079,0.8,0.78,0.88,0.93,0.45,0.61,0.38,0.38
1080,0.8,0.8,0.88,0.94,0.45,0.61,0.38,0.38
1081,0.8,0.8,0.88,0.94,0.45,0.63,0.38,0.38
1082,0.82,0.8,0.88,0.93,0.45,0.61,0.4,0.38
1083,0.82,0.8,0.88,0.94,0.45,0.63,0.4,0.38
1084,0.82,0.8,0.89,0.94,0.45,0.63,0.4,0.38
1085,0.82,0.8,0.9,0.94,0.45,0.63,0.4,0.4
1086,0.84,0.82,0.91,0.94,0.45,0.63,0.4,0.38
1087,0.85,0.82,0.91,0.94,0.47,0.63,0.38,0.38
1088,0.82,0.82,0.92,0.94,0.45,0.61,0.38,0.38
1089,0.84,0.84,0.92,0.94,0.45,0.63,0.4,0.4
1090,0.84,0.82,0.92,0.94,0.45,0.63,0.38,0.4
1091,0.84,0.84,0.92,0.95,0.45,0.63,0.4,0.38
1092,0.85,0.84,0.92,0.95,0.45,0.63,0.4,0.38
1093,0.84,0.82,0.93,0.94,0.45,0.63,0.38,0.38
1094,0.84,0.84,0.93,0.95,0.45,0.63,0.38,0.38
1095,0.84,0.84,0.94,0.95,0.45,0.64,0.37,0.35
1096,0.87,0.84,0.94,0.95,0.45,0.63,0.37,0.35
1097,0.85,0.84,0.94,0.95,0.45,0.63,0.37,0.35
1098,0.84,0.84,0.95,0.95,0.43,0.63,0.37,0.38
1099,0.84,0.84,0.95,0.95,0.43,0.63,0.37,0.38
1100,0.84,0.84,0.95,0.95,0.43,0.63,0.37,0.35
1101,0.85,0.82,0.95,0.95,0.43,0.64,0.37,0.35
1102,0.84,0.84,0.95,0.95,0.43,0.64,0.38,0.38
1103,0.84,0.82,0.96,0.95,0.43,0.64,0.37,0.38
1104,0.84,0.82,0.95,0.96,0.43,0.64,0.38,0.38
1105,0.82,0.82,0.95,0.96,0.43,0.67,0.4,0.38
1106,0.84,0.8,0.95,0.96,0.43,0.65,0.4,0.38
1107,0.84,0.82,0.95,0.96,0.45,0.67,0.4,0.38
1108,0.85,0.82,0.95,0.96,0.43,0.67,0.41,0.38
1109,0.85,0.84,0.95,0.96,0.47,0.68,0.43,0.4
1110,0.91,0.84,0.95,0.96,0.47,0.69,0.44,0.4
1111,0.87,0.84,0.96,0.97,0.48,0.68,0.44,0.42
1112,0.87,0.85,0.96,0.97,0.48,0.69,0.44,0.42
1113,0.89,0.85,0.96,0.97,0.48,0.71,0.46,0.42
1114,0.89,0.85,0.97,0.97,0.5,0.71,0.46,0.42
1115,0.89,0.85,0.96,0.97,0.5,0.71,0.46,0.42
1116,0.89,0.87,0.96,0.97,0.52,0.71,0.46,0.42
1117,0.91,0.87,0.97,0.98,0.52,0.71,0.44,0.42
1118,0.91,0.89,0.97,0.97,0.52,0.72,0.44,0.45
1119,0.93,0.89,0.97,0.97,0.53,0.72,0.44,0.45
1120,0.89,0.89,0.97,0.97,0.52,0.72,0.44,0.42
1121,0.89,0.89,0.97,0.98,0.53,0.71,0.44,0.42
1122,0.89,0.89,0.96,0.97,0.52,0.71,0.43,0.42
1123,0.89,0.89,0.96,0.98,0.53,0.71,0.44,0.45
1124,0.89,0.89,0.96,0.98,0.53,0.71,0.41,0.42
1125,0.87,0.89,0.97,0.97,0.52,0.72,0.41,0.4
1126,0.93,0.89,0.96,0.98,0.53,0.72,0.43,0.42
1127,0.87,0.89,0.96,0.98,0.53,0.72,0.41,0.4
1128,0.87,0.89,0.96,0.98,0.52,0.71,0.43,0.42
1129,0.87,0.87,0.96,0.98,0.52,0.71,0.4,0.4
1130,0.89,0.89,0.96,0.98,0.52,0.71,0.41,0.42
1131,0.85,0.87,0.95,0.98,0.52,0.71,0.4,0.42
1132,0.91,0.85,0.96,0.98,0.52,0.69,0.4,0.4
1133,0.87,0.85,0.95,0.98,0.52,0.69,0.4,0.4
1134,0.87,0.85,0.95,0.98,0.52,0.69,0.38,0.4
1135,0.85,0.85,0.95,0.98,0.52,0.69,0.38,0.4
1136,0.87,0.85,0.95,0.98,0.5,0.68,0.38,0.4
1137,0.85,0.84,0.95,0.98,0.5,0.68,0.37,0.38
1138,0.85,0.84,0.95,0.98,0.5,0.68,0.38,0.38
1139,0.89,0.84,0.95,0.99,0.48,0.67,0.38,0.38
1140,0.85,0.84,0.95,0.98,0.48,0.67,0.38,0.4
1141,0.85,0.84,0.95,0.99,0.48,0.67,0.38,0.38
1142,0.89,0.84,0.95,0.99,0.48,0.67,0.37,0.38
1143,0.85,0.82,0.95,0.99,0.48,0.67,0.37,0.4
1144,0.87,0.84,0.93,0.99,0.48,0.65,0.35,0.35
1145,0.89,0.85,0.92,0.99,0.48,0.65,0.35,0.35
1146,0.87,0.85,0.92,0.98,0.48,0.65,0.35,0.35
1147,0.89,0.89,0.9,0.98,0.47,0.64,0.34,0.35
1148,0.87,0.87,0.86,0.98,0.47,0.64,0.34,0.32
1149,0.87,0.89,0.86,0.98,0.47,0.64,0.32,0.32
1150,0.89,0.89,0.85,0.98,0.47,0.63,0.31,0.3
1151,0.89,0.85,0.83,0.97,0.43,0.61,0.29,0.32
1152,0.85,0.85,0.82,0.97,0.43,0.61,0.29,0.3
1153,0.87,0.85,0.82,0.97,0.43,0.6,0.29,0.3
1154,0.89,0.84,0.82,0.97,0.43,0.6,0.29,0.3
1155,0.84,0.82,0.81,0.96,0.43,0.6,0.28,0.28
1156,0.82,0.8,0.79,0.96,0.41,0.59,0.28,0.28
1157,0.82,0.82,0.79,0.96,0.41,0.59,0.29,0.28
1158,0.84,0.8,0.78,0.96,0.41,0.57,0.29,0.28
1159,0.82,0.78,0.78,0.96,0.43,0.57,0.29,0.28
1160,0.8,0.76,0.78,0.95,0.43,0.59,0.31,0.3
1161,0.8,0.76,0.78,0.95,0.41,0.57,0.31,0.28
1162,0.8,0.76,0.78,0.95,0.45,0.57,0.37,0.3
1163,0.82,0.76,0.78,0.95,0.45,0.57,0.38,0.32
1164,0.8,0.78,0.78,0.95,0.45,0.59,0.41,0.35
1165,0.84,0.78,0.78,0.95,0.45,0.57,0.43,0.32
1166,0.82,0.78,0.78,0.95,0.47,0.57,0.44,0.35
1167,0.82,0.8,0.79,0.95,0.48,0.59,0.47,0.38
1168,0.82,0.8,0.8,0.95,0.5,0.59,0.5,0.4
1169,0.82,0.8,0.8,0.95,0.53,0.59,0.51,0.4
1170,0.84,0.8,0.81,0.95,0.53,0.59,0.54,0.4
1171,0.84,0.82,0.83,0.95,0.62,0.6,0.63,0.48
1172,0.84,0.82,0.83,0.95,0.6,0.61,0.65,0.5
1173,0.85,0.82,0.83,0.95,0.62,0.61,0.66,0.5
1174,0.84,0.82,0.85,0.95,0.66,0.63,0.69,0.52
1175,0.85,0.8,0.85,0.95,0.67,0.64,0.71,0.57
1176,0.89,0.82,0.85,0.95,0.67,0.64,0.71,0.55
1177,0.89,0.82,0.85,0.95,0.72,0.65,0.76,0.62
1178,0.87,0.82,0.85,0.95,0.74,0.67,0.78,0.65
1179,0.87,0.84,0.85,0.95,0.74,0.67,0.78,0.65
1180,0.87,0.84,0.85,0.95,0.74,0.68,0.78,0.68
1181,0.89,0.85,0.85,0.95,0.76,0.68,0.79,0.65
1182,0.87,0.84,0.84,0.95,0.78,0.68,0.79,0.68
1183,0.87,0.85,0.84,0.95,0.79,0.69,0.78,0.65
1184,0.87,0.84,0.84,0.95,0.78,0.68,0.79,0.68
1185,0.84,0.85,0.82,0.95,0.79,0.69,0.79,0.7
1186,0.85,0.85,0.82,0.95,0.81,0.69,0.79,0.7
1187,0.84,0.84,0.81,0.95,0.81,0.71,0.79,0.7
1188,0.87,0.84,0.8,0.95,0.83,0.71,0.81,0.7
1189,0.84,0.84,0.79,0.95,0.83,0.71,0.81,0.72
1190,0.85,0.82,0.78,0.95,0.84,0.72,0.84,0.72
1191,0.85,0.82,0.78,0.95,0.86,0.72,0.84,0.72
1192,0.82,0.82,0.78,0.95,0.88,0.73,0.88,0.78
1193,0.84,0.84,0.78,0.95,0.88,0.73,0.88,0.78
1194,0.82,0.82,0.77,0.94,0.9,0.73,0.93,0.8
1195,0.82,0.82,0.78,0.94,0.9,0.75,0.93,0.82
1196,0.84,0.8,0.77,0.94,0.93,0.76,0.97,0.88
1197,0.82,0.8,0.76,0.94,0.93,0.77,0.99,0.9
1198,0.8,0.8,0.75,0.94,0.95,0.77,0.99,0.9
1199,0.8,0.8,0.75,0.94,0.97,0.79,1.0,0.92
1200,0.82,0.8,0.75,0.94,0.95,0.79,0.99,0.92
1201,0.8,0.78,0.75,0.94,0.97,0.79,1.0,0.95
1202,0.8,0.78,0.75,0.93,0.97,0.8,0.99,0.95
1203,0.78,0.78,0.75,0.93,0.97,0.81,0.99,0.95
1204,0.8,0.76,0.75,0.93,0.98,0.83,0.99,0.95
1205,0.84,0.76,0.76,0.94,0.98,0.83,0.99,0.95
1206,0.8,0.76,0.76,0.93,0.98,0.83,0.99,0.98
1207,0.8,0.76,0.76,0.93,0.98,0.83,0.99,0.95
1208,0.82,0.76,0.77,0.93,0.98,0.84,0.97,0.95
1209,0.85,0.76,0.78,0.93,0.98,0.84,0.96,0.95
1210,0.8,0.78,0.78,0.93,0.98,0.84,0.96,0.95
1211,0.82,0.78,0.79,0.93,1.0,0.85,0.96,0.95
1212,0.8,0.78,0.79,0.93,0.98,0.84,0.96,0.95
1213,0.82,0.78,0.8,0.93,0.98,0.84,0.94,0.95
1214,0.82,0.78,0.81,0.93,0.98,0.85,0.94,0.98
1215,0.84,0.8,0.82,0.93,0.98,0.87,0.93,0.95
1216,0.85,0.8,0.82,0.93,0.98,0.87,0.93,0.98
1217,0.82,0.78,0.82,0.93,0.98,0.88,0.93,0.98
1218,0.84,0.8,0.82,0.93,0.98,0.87,0.93,0.98
1219,0.84,0.8,0.82,0.93,0.98,0.88,0.91,0.95
1220,0.84,0.8,0.84,0.93,0.98,0.88,0.91,0.98
1221,0.84,0.82,0.85,0.93,0.98,0.88,0.93,0.98
1222,0.89,0.82,0.84,0.93,0.98,0.89,0.93,1.0
1223,0.84,0.82,0.85,0.93,0.98,0.88,0.93,0.98
1224,0.85,0.84,0.85,0.93,0.98,0.89,0.93,0.98
1225,0.89,0.84,0.85,0.93,1.0,0.91,0.91,1.0
1226,0.85,0.84,0.86,0.93,0.98,0.89,0.91,0.98
1227,0.87,0.85,0.86,0.94,0.98,0.91,0.91,1.0
1228,0.89,0.85,0.87,0.93,0.98,0.89,0.91,0.98
1229,0.87,0.85,0.87,0.93,0.98,0.89,0.88,0.98
1230,0.87,0.87,0.88,0.93,0.98,0.89,0.88,0.98
1231,0.91,0.87,0.86,0.93,0.97,0.89,0.85,0.95
1232,0.87,0.87,0.86,0.93,0.97,0.89,0.85,0.95
1233,0.87,0.87,0.85,0.93,0.95,0.88,0.84,0.92
1234,0.85,0.87,0.86,0.93,0.95,0.88,0.82,0.92
1235,0.85,0.87,0.85,0.93,0.93,0.87,0.81,0.9
1236,0.89,0.87,0.84,0.93,0.93,0.87,0.79,0.9
1237,0.85,0.87,0.82,0.93,0.9,0.85,0.79,0.88
1238,0.85,0.87,0.81,0.93,0.9,0.87,0.78,0.88
1239,0.85,0.89,0.81,0.93,0.9,0.85,0.76,0.88
1240,0.85,0.87,0.78,0.93,0.88,0.84,0.75,0.85
1241,0.85,0.89,0.78,0.92,0.88,0.84,0.76,0.85
1242,0.85,0.89,0.78,0.92,0.86,0.84,0.75,0.82
1243,0.87,0.91,0.76,0.92,0.86,0.81,0.74,0.82
1244,0.85,0.89,0.76,0.92,0.84,0.81,0.72,0.82
1245,0.85,0.89,0.75,0.92,0.84,0.83,0.72,0.82
1246,0.85,0.91,0.76,0.91,0.83,0.81,0.74,0.8
1247,0.87,0.91,0.76,0.92,0.83,0.8,0.74,0.82
1248,0.85,0.91,0.76,0.92,0.83,0.81,0.74,0.82
1249,0.91,0.91,0.76,0.92,0.83,0.8,0.74,0.82
1250,0.85,0.91,0.77,0.91,0.83,0.8,0.75,0.85
1251,0.85,0.91,0.78,0.92,0.81,0.8,0.75,0.85
1252,0.89,0.91,0.78,0.92,0.81,0.8,0.75,0.85
1253,0.85,0.91,0.78,0.91,0.81,0.79,0.75,0.85
1254,0.87,0.91,0.78,0.91,0.81,0.79,0.76,0.88
1255,0.85,0.89,0.8,0.91,0.79,0.79,0.75,0.85
1256,0.85,0.89,0.79,0.91,0.81,0.79,0.75,0.88
1257,0.89,0.89,0.8,0.92,0.79,0.79,0.75,0.88
1258,0.89,0.89,0.81,0.91,0.79,0.79,0.74,0.85
1259,0.85,0.89,0.81,0.91,0.78,0.79,0.74,0.85
1260,0.85,0.91,0.81,0.91,0.78,0.79,0.74,0.85
1261,0.87,0.89,0.8,0.91,0.78,0.79,0.72,0.85
1262,0.85,0.89,0.81,0.91,0.78,0.79,0.72,0.85
1263,0.85,0.91,0.81,0.91,0.76,0.79,0.69,0.82
1264,0.89,0.91,0.82,0.91,0.76,0.79,0.69,0.82
1265,0.85,0.91,0.81,0.91,0.74,0.77,0.68,0.8
1266,0.85,0.91,0.82,0.91,0.74,0.79,0.66,0.8
1267,0.87,0.91,0.82,0.91,0.74,0.77,0.65,0.78
1268,0.85,0.91,0.82,0.91,0.72,0.77,0.63,0.75
1269,0.87,0.91,0.82,0.91,0.71,0.76,0.63,0.75
1270,0.85,0.91,0.82,0.91,0.71,0.75,0.62,0.75
1271,0.84,0.91,0.83,0.91,0.69,0.76,0.62,0.72
1272,0.85,0.91,0.83,0.91,0.69,0.75,0.6,0.7
1273,0.84,0.89,0.82,0.91,0.69,0.75,0.59,0.7
1274,0.82,0.89,0.82,0.91,0.69,0.75,0.59,0.7
1275,0.84,0.87,0.82,0.91,0.67,0.75,0.59,0.68
1276,0.84,0.85,0.82,0.91,0.67,0.73,0.57,0.68
1277,0.8,0.85,0.82,0.9,0.66,0.73,0.56,0.65
1278,0.78,0.8,0.79,0.9,0.62,0.72,0.53,0.62
1279,0.76,0.8,0.79,0.9,0.62,0.72,0.51,0.6
1280,0.75,0.76,0.79,0.9,0.62,0.71,0.51,0.6
1281,0.76,0.78,0.78,0.9,0.62,0.69,0.51,0.6
1282,0.73,0.76,0.77,0.9,0.6,0.69,0.51,0.6
1283,0.73,0.76,0.76,0.9,0.6,0.69,0.5,0.57
1284,0.71,0.73,0.76,0.9,0.6,0.69,0.49,0.55
1285,0.71,0.73,0.76,0.9,0.59,0.69,0.5,0.57
1286,0.71,0.71,0.75,0.9,0.59,0.68,0.49,0.55
1287,0.71,0.71,0.75,0.9,0.57,0.67,0.49,0.55
1288,0.69,0.69,0.74,0.89,0.57,0.67,0.47,0.52
1289,0.69,0.69,0.74,0.89,0.57,0.67,0.47,0.52
1290,0.69,0.69,0.75,0.89,0.55,0.64,0.44,0.5
1291,0.69,0.69,0.75,0.89,0.53,0.63,0.44,0.5
1292,0.69,0.69,0.75,0.89,0.55,0.63,0.43,0.48
1293,0.71,0.69,0.75,0.89,0.53,0.63,0.43,0.48
1294,0.71,0.69,0.75,0.89,0.52,0.63,0.43,0.48
1295,0.71,0.69,0.75,0.89,0.53,0.61,0.43,0.48
1296,0.75,0.71,0.76,0.89,0.52,0.61,0.43,0.48
1297,0.76,0.73,0.77,0.89,0.52,0.61,0.41,0.48
1298,0.73,0.73,0.76,0.89,0.52,0.61,0.41,0.45
1299,0.75,0.73,0.77,0.89,0.5,0.61,0.41,0.42
1300,0.75,0.73,0.77,0.89,0.5,0.61,0.4,0.42
1301,0.76,0.75,0.78,0.89,0.5,0.61,0.4,0.45
1302,0.76,0.76,0.78,0.89,0.48,0.6,0.38,0.42
1303,0.76,0.78,0.78,0.89,0.48,0.6,0.38,0.42
1304,0.78,0.8,0.78,0.89,0.48,0.59,0.4,0.4
1305,0.78,0.8,0.79,0.89,0.48,0.6,0.38,0.4
1306,0.78,0.8,0.8,0.89,0.48,0.6,0.38,0.42
1307,0.8,0.82,0.8,0.89,0.47,0.59,0.37,0.4
1308,0.8,0.82,0.81,0.89,0.47,0.57,0.37,0.38
1309,0.8,0.84,0.82,0.89,0.47,0.57,0.35,0.4
1310,0.8,0.84,0.82,0.9,0.45,0.59,0.35,0.38
1311,0.8,0.84,0.82,0.9,0.47,0.57,0.35,0.4
1312,0.8,0.85,0.83,0.89,0.45,0.57,0.35,0.38
1313,0.85,0.87,0.83,0.9,0.45,0.56,0.35,0.38
1314,0.8,0.85,0.84,0.9,0.45,0.57,0.34,0.38
1315,0.8,0.85,0.84,0.9,0.45,0.56,0.34,0.38
1316,0.82,0.85,0.85,0.9,0.45,0.56,0.35,0.35
1317,0.8,0.87,0.85,0.9,0.43,0.56,0.34,0.35
1318,0.82,0.87,0.85,0.9,0.43,0.55,0.32,0.35
1319,0.82,0.85,0.85,0.9,0.43,0.56,0.34,0.35
1320,0.82,0.87,0.85,0.9,0.43,0.55,0.32,0.38
1321,0.85,0.85,0.86,0.9,0.43,0.55,0.34,0.35
1322,0.82,0.87,0.87,0.9,0.43,0.55,0.34,0.35
1323,0.82,0.89,0.87,0.9,0.43,0.55,0.34,0.35
1324,0.84,0.89,0.88,0.91,0.43,0.55,0.34,0.35
1325,0.84,0.89,0.88,0.91,0.43,0.55,0.34,0.35
1326,0.84,0.87,0.88,0.91,0.41,0.53,0.34,0.35
1327,0.84,0.89,0.89,0.91,0.41,0.55,0.35,0.35
1328,0.87,0.87,0.89,0.91,0.43,0.55,0.35,0.35
1329,0.85,0.89,0.9,0.91,0.41,0.55,0.35,0.35
1330,0.87,0.89,0.91,0.92,0.43,0.56,0.35,0.35
1331,0.87,0.89,0.92,0.91,0.43,0.56,0.37,0.38
1332,0.85,0.89,0.91,0.91,0.43,0.56,0.35,0.38
1333,0.85,0.89,0.92,0.92,0.43,0.57,0.35,0.35
1334,0.91,0.89,0.92,0.92,0.43,0.57,0.37,0.38
1335,0.91,0.91,0.93,0.92,0.43,0.59,0.37,0.38
1336,0.89,0.91,0.92,0.92,0.45,0.6,0.37,0.38
1337,0.89,0.93,0.93,0.92,0.45,0.61,0.38,0.38
1338,0.89,0.91,0.93,0.92,0.45,0.61,0.37,0.38
1339,0.91,0.93,0.94,0.93,0.45,0.63,0.37,0.38
1340,0.91,0.93,0.94,0.93,0.47,0.63,0.37,0.38
1341,0.89,0.93,0.95,0.93,0.47,0.64,0.38,0.38
1342,0.95,0.95,0.95,0.93,0.47,0.64,0.37,0.38
1343,0.91,0.95,0.95,0.93,0.47,0.67,0.37,0.38
1344,0.91,0.96,0.95,0.93,0.45,0.67,0.37,0.38
1345,0.91,0.95,0.95,0.94,0.45,0.67,0.37,0.38
1346,0.93,0.96,0.96,0.94,0.47,0.68,0.37,0.38
1347,0.91,0.96,0.96,0.94,0.45,0.68,0.37,0.38
1348,0.91,0.96,0.97,0.94,0.47,0.69,0.37,0.38
1349,0.91,0.98,0.98,0.95,0.47,0.69,0.37,0.38
1350,0.93,0.96,0.98,0.95,0.47,0.71,0.35,0.38
1351,0.91,0.96,0.98,0.95,0.47,0.71,0.35,0.38
1352,0.95,0.96,0.98,0.95,0.48,0.72,0.37,0.38
1353,0.91,0.96,0.98,0.95,0.47,0.72,0.34,0.38
1354,0.96,0.96,0.98,0.95,0.47,0.73,0.34,0.38
1355,0.91,0.96,0.99,0.96,0.47,0.75,0.34,0.35
1356,0.91,0.96,0.98,0.96,0.48,0.75,0.34,0.35
1357,0.91,0.96,0.98,0.96,0.48,0.76,0.34,0.35
1358,0.91,0.95,0.98,0.96,0.48,0.76,0.34,0.35
1359,0.91,0.95,0.99,0.97,0.48,0.76,0.34,0.35
1360,0.91,0.95,0.98,0.97,0.48,0.76,0.34,0.35
1361,0.93,0.95,0.99,0.97,0.48,0.76,0.34,0.35
1362,0.95,0.95,0.99,0.97,0.48,0.76,0.32,0.35
1363,0.95,0.95,0.99,0.98,0.5,0.77,0.34,0.32
1364,0.93,0.95,0.99,0.97,0.48,0.77,0.34,0.35
1365,0.93,0.95,1.0,0.98,0.5,0.77,0.34,0.35
1366,0.95,0.95,1.0,0.98,0.48,0.77,0.35,0.35
1367,0.93,0.95,0.99,0.98,0.5,0.77,0.35,0.35
1368,0.95,0.98,0.99,0.99,0.55,0.83,0.44,0.42
1369,1.0,0.96,0.99,0.99,0.55,0.84,0.44,0.45
1370,0.95,0.98,0.99,0.99,0.59,0.84,0.46,0.45
1371,0.98,0.98,0.99,0.99,0.6,0.87,0.49,0.5
1372,1.0,0.98,0.98,0.99,0.64,0.88,0.51,0.5
1373,0.96,1.0,0.99,0.99,0.67,0.89,0.53,0.52
1374,0.96,1.0,0.99,0.99,0.69,0.89,0.56,0.55
1375,0.96,1.0,0.99,0.99,0.72,0.92,0.59,0.57
1376,0.98,0.98,0.99,0.99,0.72,0.93,0.6,0.57
1377,0.96,0.98,0.99,0.99,0.76,0.93,0.63,0.6
1378,0.96,1.0,0.99,1.0,0.78,0.95,0.66,0.65
1379,0.96,1.0,0.98,1.0,0.78,0.95,0.68,0.65
1380,0.98,1.0,0.98,1.0,0.79,0.96,0.68,0.65
1381,0.96,1.0,0.98,1.0,0.81,0.96,0.69,0.68
1382,0.98,0.98,0.98,1.0,0.83,0.96,0.69,0.68
1383,0.96,0.98,0.98,1.0,0.83,0.97,0.71,0.7
1384,0.96,0.98,0.98,1.0,0.84,0.99,0.72,0.72
1385,0.98,0.96,0.97,1.0,0.88,0.99,0.74,0.72
1386,0.93,0.95,0.96,1.0,0.9,1.0,0.74,0.72
1387,0.95,0.93,0.95,1.0,0.9,0.99,0.72,0.72
1388,0.91,0.93,0.95,1.0,0.9,0.99,0.72,0.72
1389,0.91,0.91,0.95,1.0,0.9,0.99,0.72,0.72
1390,0.95,0.91,0.95,1.0,0.91,0.99,0.72,0.72
1391,0.91,0.91,0.94,1.0,0.9,0.97,0.74,0.72
1392,0.89,0.91,0.94,1.0,0.9,0.99,0.74,0.75
1393,0.89,0.91,0.94,1.0,0.9,0.97,0.74,0.72
1394,0.87,0.89,0.93,1.0,0.9,0.97,0.74,0.75
1395,0.87,0.89,0.93,1.0,0.9,0.97,0.74,0.75
1396,0.89,0.87,0.92,1.0,0.9,0.97,0.75,0.75
1397,0.89,0.85,0.92,1.0,0.9,0.97,0.75,0.75
1398,0.89,0.87,0.92,1.0,0.9,0.97,0.75,0.75
1399,0.87,0.85,0.91,1.0,0.88,0.97,0.74,0.75
1400,0.85,0.84,0.91,0.99,0.9,0.97,0.75,0.72
1401,0.84,0.84,0.9,0.99,0.88,0.96,0.75,0.75
1402,0.85,0.84,0.9,0.99,0.88,0.96,0.75,0.72
1403,0.84,0.82,0.9,0.99,0.88,0.96,0.74,0.72
1404,0.85,0.82,0.88,0.99,0.88,0.96,0.74,0.72
1405,0.82,0.8,0.87,0.99,0.86,0.95,0.72,0.72
1406,0.84,0.8,0.87,0.99,0.86,0.95,0.72,0.72
1407,0.8,0.76,0.85,0.99,0.86,0.95,0.71,0.72
1408,0.78,0.76,0.85,0.99,0.84,0.93,0.71,0.7
1409,0.82,0.76,0.85,0.98,0.83,0.93,0.69,0.7
1410,0.76,0.75,0.84,0.98,0.84,0.92,0.68,0.68
1411,0.76,0.75,0.82,0.98,0.81,0.92,0.68,0.68
1412,0.75,0.73,0.82,0.98,0.81,0.91,0.66,0.68
1413,0.78,0.73,0.81,0.97,0.79,0.91,0.66,0.65
1414,0.75,0.73,0.81,0.97,0.79,0.91,0.63,0.65
1415,0.73,0.73,0.79,0.97,0.78,0.89,0.62,0.65
1416,0.73,0.71,0.79,0.97,0.78,0.88,0.62,0.62
1417,0.73,0.71,0.79,0.97,0.76,0.88,0.6,0.62
1418,0.76,0.71,0.78,0.97,0.74,0.88,0.6,0.62
1419,0.73,0.69,0.78,0.96,0.74,0.88,0.6,0.6
1420,0.71,0.69,0.78,0.96,0.72,0.85,0.59,0.6
1421,0.75,0.69,0.78,0.96,0.72,0.85,0.57,0.6
1422,0.73,0.67,0.77,0.96,0.71,0.84,0.57,0.57
1423,0.71,0.69,0.77,0.96,0.71,0.84,0.57,0.57
1424,0.71,0.67,0.76,0.95,0.69,0.83,0.56,0.57
1425,0.69,0.69,0.76,0.95,0.69,0.81,0.56,0.57
1426,0.69,0.69,0.76,0.95,0.67,0.81,0.54,0.57
1427,0.69,0.67,0.75,0.95,0.67,0.8,0.53,0.55
1428,0.69,0.67,0.75,0.95,0.67,0.8,0.53,0.52
1429,0.69,0.69,0.75,0.95,0.66,0.8,0.53,0.55
1430,0.67,0.65,0.73,0.94,0.64,0.77,0.51,0.52
1431,0.69,0.67,0.74,0.94,0.64,0.77,0.5,0.5
1432,0.67,0.65,0.72,0.94,0.62,0.76,0.49,0.5
1433,0.67,0.67,0.72,0.94,0.62,0.76,0.49,0.5
1434,0.67,0.65,0.72,0.93,0.6,0.75,0.47,0.5
1435,0.69,0.67,0.72,0.93,0.6,0.75,0.47,0.48
1436,0.67,0.67,0.71,0.93,0.59,0.73,0.46,0.45
1437,0.67,0.65,0.71,0.93,0.59,0.72,0.46,0.48
1438,0.71,0.67,0.7,0.92,0.59,0.72,0.46,0.45
1439,0.65,0.65,0.69,0.92,0.57,0.71,0.43,0.42
1440,0.65,0.65,0.69,0.91,0.57,0.71,0.43,0.42
1441,0.64,0.65,0.68,0.92,0.55,0.71,0.41,0.42
1442,0.64,0.64,0.68,0.92,0.55,0.69,0.4,0.4
1443,0.62,0.64,0.68,0.91,0.53,0.68,0.41,0.4
1444,0.62,0.64,0.67,0.91,0.53,0.67,0.4,0.4
1445,0.62,0.62,0.67,0.9,0.53,0.67,0.38,0.38
1446,0.62,0.62,0.67,0.9,0.52,0.67,0.38,0.38
1447,0.65,0.62,0.67,0.9,0.52,0.65,0.38,0.38
1448,0.6,0.62,0.66,0.9,0.52,0.65,0.37,0.38
1449,0.58,0.6,0.65,0.9,0.5,0.64,0.37,0.38
1450,0.58,0.6,0.65,0.9,0.5,0.63,0.37,0.35
1451,0.58,0.58,0.64,0.89,0.48,0.63,0.35,0.35
1452,0.62,0.58,0.63,0.89,0.48,0.63,0.37,0.35
1453,0.56,0.56,0.62,0.89,0.48,0.61,0.35,0.32
1454,0.56,0.56,0.62,0.89,0.47,0.6,0.35,0.32
1455,0.56,0.55,0.59,0.88,0.45,0.59,0.34,0.3
1456,0.55,0.53,0.58,0.88,0.45,0.59,0.34,0.3
1457,0.56,0.55,0.58,0.87,0.45,0.57,0.34,0.3
1458,0.55,0.55,0.57,0.87,0.43,0.56,0.32,0.3
1459,0.53,0.53,0.56,0.86,0.43,0.56,0.32,0.3
1460,0.53,0.53,0.57,0.86,0.43,0.56,0.32,0.28
1461,0.55,0.51,0.55,0.86,0.41,0.55,0.31,0.28
1462,0.51,0.51,0.55,0.86,0.41,0.53,0.31,0.3
1463,0.51,0.51,0.55,0.85,0.41,0.53,0.31,0.28
1464,0.51,0.51,0.54,0.85,0.4,0.53,0.29,0.28
1465,0.49,0.51,0.54,0.85,0.4,0.52,0.29,0.28
1466,0.49,0.51,0.53,0.84,0.4,0.52,0.29,0.25
1467,0.49,0.49,0.52,0.84,0.4,0.51,0.29,0.25
1468,0.49,0.49,0.51,0.84,0.38,0.49,0.29,0.25
1469,0.49,0.49,0.51,0.83,0.36,0.49,0.28,0.25
1470,0.47,0.47,0.5,0.83,0.36,0.49,0.28,0.22
1471,0.49,0.49,0.5,0.83,0.36,0.49,0.28,0.25
1472,0.47,0.47,0.49,0.82,0.34,0.47,0.26,0.22
1473,0.47,0.49,0.48,0.82,0.34,0.47,0.26,0.22
1474,0.47,0.47,0.48,0.81,0.34,0.47,0.25,0.22
1475,0.45,0.47,0.48,0.81,0.33,0.47,0.25,0.22
1476,0.45,0.47,0.47,0.81,0.33,0.45,0.25,0.2
1477,0.44,0.45,0.45,0.8,0.31,0.44,0.24,0.18
1478,0.44,0.44,0.43,0.79,0.29,0.41,0.22,0.18
1479,0.44,0.45,0.43,0.79,0.29,0.41,0.22,0.18
1480,0.45,0.44,0.42,0.78,0.29,0.41,0.22,0.18
1481,0.44,0.44,0.43,0.78,0.28,0.4,0.21,0.15
1482,0.42,0.44,0.42,0.78,0.28,0.4,0.22,0.15
1483,0.42,0.44,0.42,0.77,0.29,0.4,0.21,0.15
1484,0.42,0.44,0.41,0.77,0.28,0.39,0.21,0.15
1485,0.42,0.44,0.41,0.77,0.28,0.4,0.21,0.15
1486,0.4,0.42,0.41,0.77,0.26,0.39,0.19,0.15
1487,0.45,0.42,0.4,0.76,0.26,0.37,0.21,0.15
1488,0.44,0.42,0.39,0.76,0.28,0.39,0.19,0.15
1489,0.45,0.42,0.39,0.76,0.26,0.36,0.19,0.15
1490,0.4,0.42,0.38,0.75,0.28,0.37,0.19,0.12
1491,0.4,0.42,0.38,0.75,0.26,0.37,0.19,0.12
1492,0.38,0.42,0.38,0.75,0.24,0.36,0.18,0.12
1493,0.36,0.4,0.36,0.74,0.22,0.35,0.16,0.1
1494,0.38,0.4,0.36,0.74,0.22,0.35,0.16,0.1
1495,0.36,0.38,0.34,0.72,0.21,0.32,0.15,0.08
1496,0.36,0.36,0.33,0.72,0.21,0.32,0.16,0.08
1497,0.35,0.38,0.34,0.72,0.21,0.31,0.15,0.08
1498,0.35,0.36,0.33,0.71,0.21,0.31,0.15,0.08
1499,0.35,0.36,0.32,0.71,0.19,0.29,0.13,0.05
