0,0.02,0.04,0.02,0.0,0.01,0.02,0.02,0.0
1,0.02,0.05,0.01,0.0,0.02,0.0,0.0,0.01
2,0.02,0.04,0.01,0.0,0.01,0.01,0.02,0.0
3,0.02,0.05,0.01,0.0,0.01,0.01,0.0,0.01
4,0.04,0.04,0.01,0.0,0.02,0.02,0.0,0.0
5,0.0,0.04,0.0,0.0,0.02,0.0,0.0,0.0
6,0.02,0.04,0.01,0.0,0.01,0.01,0.0,0.01
7,0.02,0.04,0.01,0.0,0.01,0.0,0.02,0.01
8,0.02,0.04,0.0,0.0,0.02,0.0,0.02,0.01
9,0.04,0.06,0.02,0.01,0.02,0.01,0.02,0.02
10,0.02,0.04,0.01,0.0,0.01,0.01,0.02,0.0
11,0.02,0.06,0.01,0.0,0.02,0.02,0.02,0.02
12,0.02,0.04,0.02,0.0,0.02,0.02,0.02,0.01
13,0.02,0.04,0.02,0.0,0.02,0.02,0.02,0.01
14,0.04,0.04,0.02,0.0,0.01,0.01,0.02,0.02
15,0.02,0.04,0.01,0.0,0.01,0.01,0.0,0.0
16,0.02,0.04,0.0,0.0,0.02,0.0,0.02,0.0
17,0.02,0.04,0.01,0.0,0.01,0.01,0.02,0.01
18,0.02,0.04,0.02,0.0,0.02,0.01,0.02,0.03
19,0.02,0.04,0.02,0.0,0.02,0.02,0.02,0.02
20,0.02,0.04,0.01,0.0,0.01,0.0,0.02,0.02
21,0.05,0.04,0.02,0.0,0.02,0.02,0.02,0.02
22,0.04,0.04,0.02,0.0,0.01,0.01,0.01,0.01
23,0.02,0.04,0.02,0.0,0.01,0.0,0.02,0.0
24,0.04,0.05,0.02,0.0,0.01,0.01,0.02,0.01
25,0.04,0.04,0.0,0.0,0.01,0.0,0.02,0.0
26,0.05,0.04,0.0,0.0,0.01,0.0,0.02,0.01
27,0.02,0.04,0.01,0.0,0.01,0.01,0.02,0.01
28,0.02,0.04,0.02,0.0,0.02,0.0,0.02,0.01
29,0.02,0.02,0.01,0.0,0.01,0.0,0.02,0.0
30,0.02,0.04,0.01,0.0,0.01,0.0,0.02,0.01
31,0.02,0.04,0.0,0.0,0.01,0.0,0.02,0.01
32,0.02,0.04,0.02,0.0,0.02,0.01,0.02,0.01
33,0.02,0.04,0.01,0.0,0.02,0.0,0.02,0.02
34,0.02,0.04,0.0,0.0,0.01,0.0,0.02,0.0
35,0.02,0.04,0.02,0.0,0.02,0.01,0.03,0.03
36,0.02,0.04,0.02,0.0,0.01,0.0,0.03,0.02
37,0.02,0.06,0.02,0.0,0.01,0.01,0.02,0.01
38,0.04,0.04,0.01,0.0,0.02,0.01,0.02,0.02
39,0.02,0.04,0.02,0.0,0.02,0.01,0.03,0.02
40,0.02,0.04,0.02,0.0,0.01,0.0,0.02,0.03
41,0.02,0.05,0.01,0.0,0.01,0.0,0.02,0.02
42,0.02,0.04,0.02,0.0,0.01,0.01,0.02,0.03
43,0.02,0.04,0.02,0.0,0.01,0.0,0.03,0.03
44,0.02,0.05,0.02,0.0,0.01,0.0,0.02,0.01
45,0.02,0.04,0.02,0.0,0.02,0.01,0.03,0.02
46,0.02,0.06,0.01,0.0,0.02,0.01,0.03,0.03
47,0.02,0.05,0.02,0.0,0.01,0.0,0.02,0.02
48,0.04,0.04,0.01,0.0,0.01,0.0,0.02,0.02
49,0.05,0.05,0.01,0.0,0.0,0.0,0.03,0.01
50,0.02,0.04,0.01,0.0,0.01,0.0,0.03,0.02
51,0.05,0.05,0.02,0.0,0.01,0.0,0.02,0.03
52,0.05,0.05,0.01,0.0,0.01,0.0,0.03,0.03
53,0.0,0.04,0.01,0.0,0.01,0.0,0.03,0.02
54,0.02,0.04,0.01,0.0,0.02,0.01,0.03,0.03
55,0.05,0.04,0.02,0.0,0.02,0.0,0.03,0.03
56,0.02,0.04,0.02,0.0,0.02,0.01,0.03,0.05
57,0.02,0.04,0.02,0.0,0.02,0.01,0.03,0.03
58,0.0,0.05,0.02,0.0,0.02,0.0,0.03,0.03
59,0.02,0.05,0.02,0.0,0.02,0.01,0.04,0.05
60,0.02,0.04,0.02,0.0,0.02,0.0,0.04,0.05
61,0.02,0.04,0.02,0.0,0.02,0.01,0.04,0.05
62,0.02,0.04,0.02,0.0,0.02,0.01,0.04,0.04
63,0.02,0.04,0.02,0.0,0.02,0.01,0.04,0.05
64,0.02,0.04,0.01,0.0,0.02,0.0,0.04,0.05
65,0.02,0.05,0.02,0.0,0.02,0.01,0.04,0.06
66,0.02,0.05,0.02,0.0,0.02,0.01,0.04,0.03
67,0.02,0.04,0.01,0.0,0.02,0.01,0.04,0.06
68,0.02,0.05,0.02,0.0,0.02,0.0,0.04,0.06
69,0.04,0.04,0.02,0.0,0.02,0.0,0.04,0.05
70,0.02,0.05,0.02,0.0,0.02,0.01,0.04,0.05
71,0.02,0.05,0.02,0.0,0.03,0.02,0.04,0.07
72,0.02,0.04,0.02,0.0,0.03,0.02,0.04,0.06
73,0.02,0.04,0.02,0.0,0.04,0.02,0.05,0.07
74,0.07,0.05,0.02,0.0,0.04,0.02,0.06,0.08
75,0.02,0.05,0.02,0.0,0.02,0.01,0.05,0.06
76,0.02,0.05,0.02,0.0,0.02,0.02,0.06,0.07
77,0.02,0.04,0.02,0.0,0.04,0.02,0.05,0.07
78,0.02,0.04,0.02,0.0,0.03,0.01,0.05,0.06
79,0.02,0.05,0.02,0.0,0.03,0.01,0.05,0.07
80,0.04,0.05,0.02,0.0,0.02,0.02,0.06,0.08
81,0.02,0.05,0.02,0.0,0.04,0.02,0.07,0.1
82,0.02,0.05,0.02,0.0,0.03,0.01,0.05,0.08
83,0.02,0.05,0.02,0.0,0.03,0.01,0.06,0.08
84,0.02,0.06,0.02,0.0,0.03,0.02,0.07,0.1
85,0.04,0.06,0.02,0.0,0.03,0.01,0.05,0.08
86,0.04,0.05,0.02,0.0,0.03,0.02,0.07,0.08
87,0.04,0.06,0.02,0.0,0.04,0.02,0.08,0.11
88,0.02,0.05,0.02,0.0,0.04,0.02,0.06,0.1
89,0.04,0.05,0.02,0.0,0.03,0.02,0.07,0.11
90,0.02,0.05,0.02,0.0,0.04,0.02,0.07,0.1
91,0.02,0.05,0.02,0.0,0.04,0.02,0.08,0.12
92,0.04,0.05,0.02,0.0,0.03,0.02,0.08,0.11
93,0.02,0.06,0.02,0.0,0.05,0.02,0.07,0.1
94,0.02,0.05,0.02,0.0,0.04,0.03,0.08,0.11
95,0.04,0.06,0.02,0.01,0.04,0.03,0.08,0.12
96,0.02,0.06,0.02,0.01,0.04,0.03,0.08,0.12
97,0.04,0.05,0.02,0.0,0.05,0.03,0.08,0.11
98,0.02,0.06,0.02,0.0,0.04,0.02,0.08,0.11
99,0.07,0.05,0.02,0.01,0.05,0.02,0.08,0.12
100,0.02,0.06,0.02,0.0,0.06,0.03,0.09,0.12
101,0.05,0.06,0.02,0.0,0.06,0.04,0.08,0.12
102,0.04,0.06,0.02,0.01,0.06,0.04,0.09,0.12
103,0.04,0.06,0.02,0.01,0.06,0.04,0.09,0.14
104,0.04,0.05,0.02,0.01,0.06,0.04,0.1,0.12
105,0.04,0.06,0.02,0.01,0.06,0.03,0.08,0.12
106,0.04,0.05,0.02,0.01,0.06,0.04,0.09,0.12
107,0.04,0.05,0.02,0.01,0.06,0.03,0.08,0.12
108,0.04,0.05,0.02,0.01,0.06,0.03,0.08,0.12
109,0.04,0.06,0.03,0.01,0.06,0.04,0.1,0.12
110,0.04,0.05,0.02,0.01,0.06,0.04,0.1,0.12
111,0.05,0.06,0.02,0.01,0.08,0.04,0.1,0.14
112,0.04,0.06,0.02,0.02,0.08,0.04,0.1,0.14
113,0.05,0.05,0.02,0.01,0.06,0.04,0.09,0.12
114,0.05,0.06,0.02,0.02,0.08,0.04,0.09,0.12
115,0.04,0.06,0.02,0.01,0.06,0.04,0.08,0.12
116,0.05,0.05,0.02,0.02,0.08,0.04,0.09,0.12
117,0.04,0.06,0.02,0.01,0.08,0.04,0.1,0.12
118,0.05,0.06,0.02,0.02,0.08,0.04,0.09,0.12
119,0.04,0.06,0.02,0.02,0.06,0.04,0.08,0.12
120,0.04,0.06,0.02,0.02,0.06,0.04,0.08,0.12
121,0.04,0.06,0.02,0.02,0.06,0.04,0.08,0.12
122,0.07,0.06,0.02,0.02,0.08,0.04,0.08,0.14
123,0.04,0.06,0.02,0.02,0.08,0.04,0.08,0.12
124,0.05,0.05,0.03,0.02,0.08,0.04,0.09,0.14
125,0.04,0.05,0.02,0.02,0.06,0.04,0.09,0.12
126,0.04,0.06,0.02,0.02,0.08,0.04,0.09,0.12
127,0.05,0.06,0.02,0.02,0.08,0.04,0.09,0.12
128,0.04,0.06,0.02,0.02,0.08,0.04,0.09,0.12
129,0.04,0.05,0.02,0.02,0.08,0.04,0.08,0.12
130,0.05,0.06,0.02,0.02,0.08,0.04,0.08,0.12
131,0.04,0.06,0.02,0.02,0.08,0.04,0.09,0.12
132,0.05,0.06,0.02,0.02,0.08,0.04,0.08,0.12
133,0.04,0.06,0.02,0.02,0.08,0.04,0.08,0.12
134,0.07,0.06,0.02,0.02,0.08,0.04,0.09,0.12
135,0.05,0.06,0.03,0.02,0.08,0.04,0.1,0.12
136,0.05,0.06,0.03,0.02,0.08,0.04,0.09,0.12
137,0.05,0.06,0.02,0.02,0.08,0.04,0.09,0.12
138,0.04,0.06,0.02,0.02,0.08,0.04,0.08,0.12
139,0.07,0.06,0.03,0.02,0.08,0.04,0.08,0.12
140,0.04,0.06,0.03,0.02,0.08,0.04,0.1,0.12
141,0.05,0.06,0.02,0.02,0.08,0.04,0.09,0.12
142,0.05,0.06,0.02,0.02,0.08,0.04,0.09,0.12
143,0.05,0.06,0.03,0.02,0.08,0.04,0.08,0.12
144,0.07,0.06,0.02,0.02,0.09,0.04,0.1,0.12
145,0.09,0.06,0.03,0.02,0.08,0.04,0.09,0.12
146,0.04,0.06,0.02,0.02,0.08,0.04,0.08,0.12
147,0.05,0.06,0.02,0.02,0.08,0.04,0.08,0.12
148,0.05,0.06,0.02,0.02,0.08,0.04,0.09,0.12
149,0.04,0.06,0.03,0.02,0.08,0.04,0.09,0.12
150,0.05,0.06,0.03,0.03,0.08,0.04,0.09,0.12
151,0.04,0.06,0.03,0.02,0.08,0.04,0.08,0.12
152,0.05,0.06,0.03,0.03,0.08,0.04,0.09,0.12
153,0.05,0.06,0.03,0.03,0.08,0.04,0.09,0.12
154,0.05,0.06,0.02,0.03,0.08,0.04,0.08,0.12
155,0.09,0.06,0.03,0.03,0.08,0.04,0.08,0.12
156,0.07,0.06,0.02,0.02,0.08,0.04,0.09,0.12
157,0.07,0.06,0.02,0.03,0.08,0.04,0.08,0.12
158,0.07,0.06,0.02,0.03,0.08,0.04,0.09,0.12
159,0.04,0.06,0.02,0.03,0.09,0.04,0.08,0.12
160,0.05,0.06,0.02,0.03,0.08,0.05,0.08,0.12
161,0.05,0.06,0.02,0.03,0.08,0.04,0.08,0.12
162,0.04,0.06,0.03,0.03,0.09,0.04,0.09,0.12
163,0.05,0.06,0.03,0.03,0.08,0.05,0.09,0.12
164,0.05,0.06,0.02,0.03,0.08,0.04,0.09,0.12
165,0.05,0.06,0.02,0.03,0.09,0.04,0.08,0.12
166,0.05,0.06,0.03,0.03,0.08,0.04,0.08,0.12
167,0.05,0.06,0.03,0.03,0.08,0.04,0.08,0.12
168,0.04,0.06,0.02,0.03,0.1,0.05,0.1,0.12
169,0.07,0.06,0.03,0.03,0.09,0.05,0.08,0.12
170,0.05,0.06,0.03,0.03,0.08,0.04,0.09,0.12
171,0.07,0.06,0.02,0.03,0.09,0.05,0.09,0.12
172,0.05,0.06,0.02,0.04,0.08,0.04,0.08,0.12
173,0.05,0.06,0.03,0.04,0.08,0.05,0.1,0.12
174,0.05,0.06,0.03,0.03,0.08,0.05,0.08,0.12
175,0.05,0.06,0.03,0.03,0.08,0.05,0.08,0.12
176,0.05,0.06,0.03,0.04,0.08,0.05,0.09,0.12
177,0.05,0.06,0.03,0.04,0.08,0.04,0.09,0.12
178,0.07,0.06,0.03,0.04,0.09,0.05,0.08,0.12
179,0.04,0.06,0.03,0.03,0.09,0.05,0.08,0.12
180,0.05,0.06,0.04,0.04,0.08,0.04,0.09,0.12
181,0.09,0.06,0.04,0.04,0.09,0.04,0.09,0.12
182,0.05,0.06,0.03,0.04,0.08,0.05,0.09,0.12
183,0.05,0.06,0.03,0.04,0.09,0.04,0.08,0.12
184,0.09,0.06,0.03,0.04,0.08,0.05,0.08,0.12
185,0.07,0.06,0.03,0.04,0.1,0.05,0.09,0.12
186,0.05,0.06,0.03,0.04,0.08,0.05,0.09,0.12
187,0.05,0.06,0.03,0.04,0.09,0.05,0.08,0.12
188,0.05,0.06,0.03,0.04,0.09,0.04,0.08,0.12
189,0.09,0.06,0.03,0.04,0.09,0.04,0.08,0.12
190,0.05,0.06,0.03,0.04,0.08,0.04,0.08,0.12
191,0.05,0.06,0.04,0.04,0.08,0.05,0.09,0.12
192,0.05,0.06,0.03,0.04,0.08,0.05,0.09,0.12
193,0.09,0.06,0.04,0.04,0.08,0.04,0.08,0.12
194,0.05,0.07,0.04,0.04,0.08,0.05,0.08,0.12
195,0.05,0.06,0.03,0.04,0.08,0.04,0.08,0.12
196,0.11,0.06,0.03,0.04,0.08,0.04,0.09,0.12
197,0.07,0.06,0.03,0.04,0.08,0.04,0.08,0.12
198,0.09,0.06,0.03,0.04,0.09,0.04,0.08,0.11
199,0.07,0.06,0.04,0.04,0.09,0.04,0.09,0.12
200,0.09,0.06,0.04,0.04,0.08,0.04,0.08,0.12
201,0.05,0.06,0.03,0.04,0.09,0.04,0.08,0.12
202,0.05,0.06,0.03,0.04,0.09,0.04,0.08,0.11
203,0.05,0.06,0.03,0.04,0.08,0.04,0.09,0.12
204,0.05,0.06,0.03,0.04,0.08,0.05,0.08,0.12
205,0.05,0.06,0.03,0.04,0.1,0.05,0.08,0.12
206,0.05,0.06,0.04,0.04,0.08,0.04,0.08,0.12
207,0.09,0.06,0.03,0.04,0.09,0.04,0.08,0.12
208,0.05,0.06,0.03,0.04,0.09,0.06,0.08,0.12
209,0.05,0.06,0.03,0.04,0.08,0.05,0.08,0.12
210,0.07,0.03,0.04,0.04,0.09,0.04,0.09,0.12
211,0.05,0.06,0.04,0.04,0.08,0.04,0.08,0.12
212,0.05,0.04,0.04,0.04,0.09,0.05,0.08,0.12
213,0.05,0.04,0.04,0.04,0.09,0.04,0.08,0.12
214,0.05,0.04,0.03,0.04,0.08,0.04,0.08,0.11
215,0.05,0.06,0.03,0.04,0.08,0.04,0.08,0.12
216,0.05,0.06,0.03,0.04,0.08,0.04,0.08,0.12
217,0.05,0.04,0.04,0.04,0.09,0.04,0.08,0.12
218,0.07,0.04,0.04,0.05,0.09,0.04,0.09,0.12
219,0.05,0.06,0.04,0.05,0.08,0.04,0.08,0.12
220,0.09,0.04,0.04,0.05,0.1,0.06,0.08,0.12
221,0.09,0.04,0.03,0.05,0.08,0.04,0.08,0.12
222,0.09,0.04,0.04,0.05,0.1,0.05,0.08,0.12
223,0.05,0.04,0.03,0.05,0.1,0.04,0.08,0.12
224,0.11,0.04,0.03,0.04,0.08,0.04,0.08,0.12
225,0.07,0.04,0.04,0.05,0.08,0.05,0.08,0.12
226,0.05,0.06,0.04,0.04,0.08,0.05,0.08,0.12
227,0.05,0.02,0.04,0.05,0.09,0.05,0.09,0.12
228,0.05,0.03,0.04,0.05,0.1,0.06,0.09,0.12
229,0.07,0.04,0.04,0.05,0.09,0.04,0.08,0.12
230,0.05,0.04,0.04,0.05,0.08,0.04,0.09,0.12
231,0.05,0.04,0.04,0.05,0.09,0.04,0.08,0.12
232,0.05,0.04,0.04,0.05,0.08,0.06,0.09,0.11
233,0.05,0.03,0.04,0.05,0.09,0.04,0.08,0.12
234,0.05,0.04,0.03,0.05,0.08,0.04,0.09,0.12
235,0.05,0.03,0.03,0.05,0.09,0.04,0.09,0.12
236,0.07,0.06,0.03,0.05,0.08,0.04,0.08,0.12
237,0.05,0.06,0.03,0.04,0.08,0.04,0.08,0.12
238,0.05,0.04,0.04,0.05,0.09,0.04,0.08,0.12
239,0.05,0.04,0.03,0.05,0.09,0.05,0.09,0.12
240,0.07,0.06,0.03,0.05,0.09,0.04,0.08,0.12
241,0.07,0.02,0.04,0.05,0.09,0.04,0.09,0.12
242,0.05,0.04,0.04,0.05,0.09,0.05,0.09,0.12
243,0.05,0.02,0.04,0.05,0.1,0.05,0.1,0.12
244,0.05,0.04,0.04,0.05,0.09,0.04,0.08,0.12
245,0.05,0.04,0.04,0.05,0.09,0.05,0.09,0.12
246,0.05,0.04,0.03,0.05,0.08,0.05,0.09,0.11
247,0.05,0.03,0.04,0.05,0.09,0.05,0.09,0.12
248,0.09,0.04,0.04,0.05,0.08,0.04,0.09,0.12
249,0.05,0.02,0.03,0.05,0.09,0.06,0.09,0.12
250,0.05,0.04,0.04,0.05,0.09,0.05,0.1,0.12
251,0.05,0.04,0.04,0.05,0.1,0.04,0.09,0.12
252,0.07,0.02,0.04,0.05,0.09,0.05,0.1,0.12
253,0.05,0.06,0.03,0.05,0.09,0.05,0.09,0.12
254,0.05,0.06,0.03,0.05,0.09,0.04,0.09,0.12
255,0.05,0.04,0.04,0.05,0.1,0.06,0.09,0.12
256,0.05,0.02,0.04,0.05,0.1,0.06,0.1,0.12
257,0.05,0.04,0.03,0.05,0.09,0.05,0.08,0.12
258,0.05,0.03,0.03,0.05,0.09,0.05,0.08,0.12
259,0.07,0.02,0.04,0.05,0.1,0.05,0.08,0.12
260,0.05,0.04,0.04,0.05,0.09,0.05,0.09,0.12
261,0.07,0.02,0.04,0.05,0.09,0.05,0.09,0.12
262,0.05,0.04,0.04,0.05,0.09,0.05,0.1,0.12
263,0.05,0.06,0.03,0.05,0.08,0.05,0.09,0.12
264,0.09,0.02,0.04,0.05,0.09,0.05,0.08,0.12
265,0.05,0.06,0.03,0.05,0.08,0.04,0.08,0.12
266,0.05,0.02,0.04,0.05,0.09,0.05,0.08,0.12
267,0.05,0.02,0.04,0.05,0.09,0.06,0.08,0.12
268,0.05,0.06,0.04,0.05,0.1,0.05,0.09,0.11
269,0.07,0.03,0.04,0.05,0.09,0.05,0.08,0.12
270,0.05,0.04,0.04,0.06,0.1,0.05,0.08,0.12
271,0.05,0.02,0.04,0.05,0.09,0.05,0.08,0.12
272,0.05,0.02,0.04,0.05,0.09,0.06,0.09,0.12
273,0.05,0.02,0.04,0.05,0.09,0.05,0.08,0.12
274,0.05,0.06,0.02,0.05,0.1,0.05,0.09,0.12
275,0.05,0.02,0.04,0.05,0.1,0.05,0.09,0.14
276,0.05,0.04,0.04,0.05,0.1,0.05,0.08,0.12
277,0.05,0.02,0.04,0.05,0.09,0.05,0.08,0.12
278,0.05,0.07,0.02,0.05,0.09,0.04,0.08,0.11
279,0.04,0.04,0.04,0.05,0.09,0.06,0.08,0.12
280,0.07,0.02,0.04,0.06,0.09,0.05,0.08,0.12
281,0.05,0.02,0.04,0.05,0.09,0.05,0.09,0.12
282,0.09,0.04,0.04,0.05,0.09,0.05,0.08,0.12
283,0.05,0.04,0.04,0.05,0.1,0.05,0.09,0.12
284,0.07,0.04,0.03,0.05,0.09,0.04,0.09,0.12
285,0.05,0.02,0.04,0.05,0.1,0.05,0.09,0.12
286,0.05,0.06,0.03,0.05,0.08,0.04,0.08,0.11
287,0.05,0.04,0.04,0.05,0.1,0.05,0.09,0.12
288,0.05,0.06,0.02,0.05,0.09,0.04,0.08,0.11
289,0.05,0.06,0.04,0.05,0.09,0.05,0.08,0.11
290,0.05,0.02,0.04,0.05,0.09,0.05,0.08,0.12
291,0.05,0.02,0.03,0.06,0.09,0.05,0.09,0.12
292,0.05,0.04,0.04,0.05,0.1,0.05,0.09,0.12
293,0.09,0.04,0.04,0.06,0.1,0.06,0.08,0.12
294,0.05,0.04,0.04,0.05,0.1,0.05,0.09,0.12
295,0.05,0.06,0.03,0.05,0.09,0.04,0.08,0.11
296,0.05,0.04,0.04,0.06,0.1,0.05,0.09,0.12
297,0.05,0.02,0.04,0.06,0.1,0.06,0.09,0.12
298,0.07,0.06,0.03,0.04,0.08,0.04,0.08,0.08
299,0.05,0.06,0.03,0.05,0.09,0.04,0.08,0.08
300,0.07,0.04,0.04,0.06,0.1,0.05,0.09,0.11
301,0.05,0.04,0.04,0.06,0.1,0.06,0.09,0.12
302,0.05,0.04,0.03,0.05,0.1,0.04,0.08,0.12
303,0.07,0.04,0.03,0.06,0.08,0.04,0.07,0.08
304,0.11,0.04,0.04,0.06,0.09,0.05,0.09,0.12
305,0.07,0.04,0.04,0.06,0.1,0.06,0.08,0.1
306,0.09,0.02,0.04,0.06,0.09,0.05,0.09,0.1
307,0.07,0.06,0.02,0.05,0.08,0.04,0.08,0.1
308,0.05,0.06,0.04,0.05,0.08,0.04,0.07,0.08
309,0.05,0.02,0.04,0.06,0.1,0.06,0.08,0.12
310,0.05,0.06,0.02,0.05,0.08,0.04,0.07,0.1
311,0.07,0.04,0.04,0.06,0.09,0.05,0.08,0.12
312,0.05,0.04,0.04,0.06,0.1,0.05,0.09,0.12
313,0.07,0.04,0.03,0.05,0.08,0.04,0.07,0.07
314,0.05,0.06,0.03,0.06,0.08,0.04,0.08,0.08
315,0.07,0.04,0.04,0.06,0.09,0.05,0.08,0.1
316,0.05,0.06,0.03,0.05,0.08,0.04,0.08,0.07
317,0.07,0.05,0.04,0.06,0.09,0.05,0.08,0.11
318,0.07,0.04,0.03,0.06,0.09,0.06,0.08,0.1
319,0.07,0.04,0.04,0.06,0.1,0.06,0.08,0.12
320,0.07,0.07,0.04,0.06,0.1,0.05,0.08,0.1
321,0.05,0.06,0.04,0.06,0.09,0.06,0.08,0.11
322,0.07,0.04,0.03,0.06,0.09,0.05,0.09,0.11
323,0.07,0.04,0.03,0.06,0.09,0.06,0.08,0.1
324,0.05,0.04,0.04,0.06,0.09,0.05,0.09,0.12
325,0.07,0.04,0.03,0.05,0.08,0.04,0.06,0.08
326,0.07,0.07,0.03,0.06,0.09,0.04,0.08,0.11
327,0.09,0.06,0.04,0.06,0.09,0.05,0.08,0.12
328,0.07,0.06,0.04,0.06,0.1,0.05,0.08,0.11
329,0.07,0.06,0.03,0.06,0.08,0.04,0.08,0.1
330,0.05,0.04,0.04,0.06,0.1,0.04,0.08,0.1
331,0.07,0.06,0.03,0.06,0.1,0.05,0.08,0.12
332,0.11,0.04,0.04,0.06,0.09,0.04,0.08,0.11
333,0.09,0.04,0.02,0.06,0.08,0.03,0.06,0.08
334,0.07,0.06,0.03,0.06,0.08,0.05,0.08,0.09
335,0.05,0.06,0.03,0.06,0.09,0.05,0.08,0.1
336,0.05,0.04,0.02,0.04,0.06,0.03,0.06,0.12
337,0.11,0.06,0.04,0.06,0.1,0.05,0.08,0.09
338,0.07,0.06,0.03,0.06,0.09,0.05,0.08,0.09
339,0.05,0.06,0.04,0.06,0.09,0.04,0.08,0.09
340,0.05,0.04,0.02,0.05,0.06,0.04,0.09,0.12
341,0.05,0.07,0.04,0.06,0.09,0.04,0.08,0.09
342,0.09,0.06,0.04,0.06,0.09,0.05,0.08,0.09
343,0.07,0.06,0.03,0.06,0.09,0.04,0.06,0.08
344,0.07,0.06,0.03,0.06,0.09,0.04,0.08,0.1
345,0.05,0.06,0.03,0.06,0.09,0.04,0.08,0.09
346,0.09,0.06,0.04,0.06,0.09,0.04,0.08,0.09
347,0.09,0.06,0.04,0.06,0.09,0.04,0.08,0.09
348,0.05,0.06,0.03,0.06,0.08,0.04,0.06,0.08
349,0.07,0.07,0.04,0.06,0.08,0.04,0.06,0.09
350,0.07,0.07,0.03,0.06,0.08,0.04,0.08,0.09
351,0.07,0.07,0.03,0.06,0.09,0.04,0.08,0.09
352,0.05,0.06,0.04,0.06,0.09,0.04,0.08,0.09
353,0.05,0.06,0.03,0.06,0.08,0.04,0.06,0.09
354,0.11,0.04,0.02,0.06,0.1,0.06,0.08,0.1
355,0.05,0.07,0.03,0.06,0.09,0.04,0.08,0.09
356,0.05,0.07,0.04,0.06,0.08,0.05,0.08,0.09
357,0.07,0.07,0.03,0.06,0.08,0.04,0.08,0.08
358,0.05,0.07,0.02,0.06,0.09,0.04,0.06,0.08
359,0.05,0.06,0.02,0.06,0.06,0.02,0.08,0.1
360,0.05,0.06,0.03,0.06,0.08,0.04,0.08,0.09
361,0.05,0.06,0.02,0.06,0.08,0.03,0.09,0.11
362,0.05,0.06,0.02,0.06,0.07,0.04,0.06,0.07
363,0.09,0.07,0.04,0.06,0.07,0.04,0.08,0.09
364,0.07,0.04,0.02,0.06,0.06,0.04,0.08,0.1
365,0.05,0.06,0.03,0.06,0.08,0.04,0.06,0.08
366,0.05,0.04,0.02,0.06,0.08,0.03,0.06,0.08
367,0.05,0.04,0.02,0.06,0.08,0.04,0.06,0.08
368,0.09,0.06,0.02,0.06,0.08,0.04,0.08,0.1
369,0.09,0.04,0.04,0.06,0.07,0.04,0.06,0.08
370,0.05,0.04,0.02,0.06,0.06,0.04,0.06,0.06
371,0.05,0.04,0.02,0.06,0.09,0.05,0.06,0.08
372,0.09,0.04,0.02,0.05,0.08,0.03,0.09,0.1
373,0.05,0.04,0.02,0.05,0.08,0.05,0.08,0.08
374,0.07,0.06,0.02,0.05,0.06,0.02,0.08,0.1
375,0.07,0.04,0.02,0.06,0.06,0.04,0.06,0.08
376,0.05,0.04,0.03,0.06,0.08,0.04,0.06,0.06
377,0.05,0.04,0.02,0.06,0.08,0.04,0.06,0.06
378,0.07,0.04,0.02,0.06,0.08,0.04,0.08,0.1
379,0.05,0.04,0.02,0.06,0.06,0.02,0.06,0.08
380,0.05,0.04,0.02,0.06,0.06,0.02,0.06,0.08
381,0.05,0.04,0.02,0.06,0.06,0.02,0.06,0.06
382,0.05,0.04,0.02,0.06,0.08,0.04,0.06,0.07
383,0.07,0.04,0.02,0.06,0.08,0.02,0.06,0.06
384,0.05,0.04,0.02,0.06,0.08,0.02,0.06,0.06
385,0.09,0.04,0.02,0.06,0.06,0.02,0.08,0.1
386,0.07,0.06,0.02,0.06,0.06,0.02,0.06,0.08
387,0.05,0.04,0.02,0.06,0.06,0.02,0.06,0.06
388,0.05,0.06,0.02,0.06,0.08,0.04,0.08,0.08
389,0.07,0.04,0.02,0.05,0.08,0.06,0.08,0.1
390,0.07,0.04,0.02,0.06,0.06,0.02,0.06,0.08
391,0.07,0.06,0.02,0.06,0.06,0.02,0.06,0.08
392,0.05,0.04,0.02,0.05,0.06,0.02,0.09,0.11
393,0.07,0.04,0.02,0.05,0.05,0.02,0.09,0.12
394,0.09,0.05,0.02,0.05,0.06,0.02,0.09,0.12
395,0.07,0.04,0.03,0.06,0.07,0.04,0.08,0.08
396,0.07,0.05,0.02,0.06,0.06,0.02,0.08,0.11
397,0.05,0.04,0.02,0.06,0.07,0.04,0.08,0.12
398,0.07,0.05,0.02,0.06,0.08,0.04,0.08,0.08
399,0.07,0.04,0.03,0.06,0.08,0.04,0.08,0.1
400,0.07,0.05,0.02,0.05,0.06,0.03,0.09,0.11
401,0.09,0.05,0.02,0.05,0.06,0.03,0.09,0.11
402,0.11,0.04,0.03,0.06,0.07,0.03,0.07,0.08
403,0.09,0.04,0.02,0.05,0.1,0.04,0.08,0.08
404,0.07,0.04,0.02,0.06,0.08,0.05,0.08,0.1
405,0.05,0.04,0.02,0.06,0.09,0.05,0.09,0.1
406,0.07,0.04,0.03,0.06,0.08,0.04,0.09,0.11
407,0.07,0.04,0.02,0.06,0.08,0.05,0.08,0.1
408,0.07,0.04,0.04,0.06,0.09,0.05,0.07,0.08
409,0.07,0.04,0.04,0.06,0.08,0.03,0.06,0.08
410,0.07,0.06,0.03,0.06,0.07,0.03,0.06,0.08
411,0.07,0.06,0.04,0.06,0.07,0.03,0.06,0.08
412,0.09,0.04,0.04,0.06,0.08,0.03,0.06,0.08
413,0.07,0.06,0.04,0.06,0.06,0.03,0.08,0.1
414,0.05,0.04,0.03,0.06,0.08,0.03,0.06,0.08
415,0.09,0.04,0.04,0.06,0.07,0.03,0.06,0.08
416,0.05,0.04,0.04,0.06,0.08,0.03,0.08,0.06
417,0.05,0.07,0.02,0.06,0.08,0.03,0.06,0.08
418,0.05,0.04,0.03,0.06,0.08,0.02,0.08,0.1
419,0.07,0.06,0.02,0.06,0.09,0.05,0.07,0.08
420,0.11,0.04,0.03,0.06,0.07,0.03,0.08,0.08
421,0.11,0.06,0.03,0.06,0.07,0.03,0.08,0.1
422,0.09,0.06,0.03,0.06,0.06,0.03,0.09,0.1
423,0.05,0.06,0.03,0.06,0.08,0.04,0.08,0.1
424,0.11,0.06,0.02,0.06,0.08,0.04,0.09,0.1
425,0.07,0.06,0.03,0.06,0.08,0.03,0.08,0.1
426,0.07,0.06,0.02,0.06,0.08,0.04,0.08,0.08
427,0.07,0.06,0.03,0.06,0.07,0.04,0.08,0.1
428,0.07,0.04,0.02,0.06,0.09,0.04,0.08,0.1
429,0.09,0.06,0.02,0.06,0.08,0.04,0.08,0.08
430,0.07,0.06,0.04,0.06,0.07,0.03,0.08,0.08
431,0.07,0.06,0.03,0.06,0.08,0.04,0.08,0.08
432,0.09,0.05,0.04,0.06,0.08,0.04,0.07,0.08
433,0.07,0.05,0.04,0.06,0.08,0.04,0.08,0.08
434,0.07,0.06,0.04,0.06,0.07,0.03,0.08,0.1
435,0.07,0.06,0.04,0.06,0.07,0.04,0.08,0.1
436,0.05,0.05,0.04,0.06,0.08,0.03,0.08,0.08
437,0.07,0.06,0.04,0.06,0.07,0.03,0.09,0.1
438,0.07,0.05,0.04,0.06,0.08,0.03,0.08,0.08
439,0.07,0.08,0.04,0.06,0.08,0.04,0.09,0.08
440,0.07,0.06,0.04,0.06,0.09,0.04,0.08,0.08
441,0.07,0.06,0.04,0.06,0.07,0.04,0.09,0.1
442,0.09,0.06,0.04,0.06,0.09,0.04,0.08,0.1
443,0.09,0.06,0.04,0.06,0.08,0.04,0.09,0.1
444,0.07,0.06,0.05,0.06,0.08,0.04,0.1,0.11
445,0.09,0.06,0.06,0.06,0.09,0.03,0.09,0.1
446,0.09,0.06,0.06,0.06,0.09,0.05,0.09,0.08
447,0.07,0.06,0.04,0.06,0.1,0.04,0.08,0.1
448,0.07,0.06,0.06,0.06,0.1,0.06,0.08,0.08
449,0.07,0.09,0.06,0.06,0.08,0.04,0.09,0.1
450,0.09,0.09,0.06,0.07,0.08,0.05,0.09,0.1
451,0.09,0.09,0.08,0.08,0.08,0.05,0.09,0.1
452,0.09,0.09,0.08,0.08,0.08,0.04,0.09,0.1
453,0.13,0.1,0.08,0.07,0.08,0.05,0.08,0.1
454,0.09,0.09,0.08,0.07,0.08,0.05,0.08,0.1
455,0.09,0.11,0.08,0.07,0.08,0.05,0.08,0.1
456,0.13,0.1,0.08,0.08,0.08,0.05,0.08,0.1
457,0.09,0.12,0.09,0.08,0.08,0.06,0.08,0.1
458,0.09,0.11,0.09,0.08,0.09,0.06,0.09,0.08
459,0.09,0.11,0.1,0.08,0.08,0.06,0.09,0.11
460,0.09,0.13,0.1,0.08,0.1,0.06,0.08,0.1
461,0.11,0.13,0.1,0.08,0.08,0.06,0.08,0.1
462,0.11,0.13,0.1,0.08,0.1,0.06,0.08,0.1
463,0.11,0.13,0.1,0.08,0.1,0.06,0.09,0.1
464,0.11,0.15,0.12,0.08,0.09,0.06,0.09,0.08
465,0.11,0.14,0.12,0.08,0.1,0.06,0.08,0.1
466,0.11,0.13,0.12,0.08,0.1,0.06,0.09,0.1
467,0.15,0.15,0.12,0.08,0.1,0.06,0.09,0.1
468,0.11,0.14,0.13,0.09,0.1,0.06,0.1,0.1
469,0.11,0.15,0.14,0.09,0.1,0.06,0.09,0.11
470,0.11,0.14,0.14,0.09,0.1,0.07,0.09,0.1
471,0.15,0.15,0.14,0.09,0.1,0.06,0.09,0.08
472,0.13,0.15,0.15,0.09,0.1,0.07,0.08,0.08
473,0.11,0.15,0.16,0.09,0.1,0.07,0.1,0.1
474,0.13,0.15,0.16,0.09,0.1,0.06,0.1,0.1
475,0.13,0.15,0.16,0.09,0.1,0.07,0.1,0.1
476,0.18,0.16,0.16,0.09,0.1,0.08,0.11,0.11
477,0.13,0.16,0.17,0.09,0.1,0.08,0.1,0.11
478,0.15,0.17,0.18,0.09,0.1,0.08,0.1,0.11
479,0.15,0.18,0.18,0.1,0.1,0.08,0.1,0.1
480,0.16,0.18,0.19,0.1,0.1,0.08,0.1,0.11
481,0.15,0.19,0.2,0.1,0.1,0.08,0.1,0.11
482,0.15,0.19,0.2,0.1,0.12,0.08,0.1,0.11
483,0.15,0.18,0.2,0.11,0.12,0.08,0.12,0.11
484,0.16,0.2,0.21,0.11,0.12,0.09,0.12,0.1
485,0.16,0.2,0.22,0.11,0.11,0.09,0.1,0.11
486,0.18,0.2,0.24,0.11,0.12,0.09,0.11,0.12
487,0.18,0.21,0.24,0.11,0.12,0.09,0.12,0.11
488,0.22,0.21,0.25,0.11,0.12,0.09,0.11,0.11
489,0.2,0.21,0.25,0.12,0.12,0.1,0.1,0.11
490,0.2,0.22,0.26,0.12,0.12,0.09,0.12,0.11
491,0.2,0.23,0.27,0.12,0.12,0.1,0.12,0.12
492,0.24,0.24,0.28,0.12,0.12,0.1,0.12,0.14
493,0.22,0.24,0.29,0.12,0.12,0.1,0.12,0.11
494,0.22,0.24,0.3,0.12,0.12,0.1,0.12,0.12
495,0.24,0.26,0.31,0.13,0.12,0.1,0.12,0.14
496,0.25,0.26,0.32,0.13,0.12,0.11,0.12,0.12
497,0.25,0.26,0.33,0.13,0.12,0.11,0.12,0.14
498,0.25,0.29,0.34,0.14,0.12,0.12,0.12,0.14
499,0.25,0.29,0.34,0.14,0.12,0.12,0.12,0.12
500,0.31,0.31,0.36,0.14,0.14,0.12,0.12,0.12
501,0.29,0.3,0.36,0.14,0.14,0.12,0.12,0.12
502,0.29,0.32,0.38,0.14,0.14,0.13,0.12,0.14
503,0.31,0.32,0.38,0.14,0.14,0.12,0.12,0.16
504,0.33,0.32,0.39,0.15,0.14,0.13,0.12,0.14
505,0.33,0.32,0.4,0.15,0.15,0.14,0.12,0.15
506,0.33,0.34,0.4,0.15,0.15,0.15,0.13,0.15
507,0.38,0.34,0.42,0.16,0.16,0.15,0.14,0.16
508,0.35,0.36,0.44,0.16,0.16,0.15,0.14,0.14
509,0.4,0.36,0.44,0.16,0.16,0.15,0.14,0.15
510,0.36,0.36,0.44,0.16,0.16,0.16,0.14,0.15
511,0.36,0.36,0.46,0.16,0.16,0.16,0.14,0.16
512,0.4,0.4,0.48,0.18,0.18,0.18,0.14,0.17
513,0.4,0.39,0.48,0.18,0.18,0.18,0.15,0.17
514,0.42,0.4,0.5,0.18,0.18,0.18,0.15,0.17
515,0.42,0.42,0.51,0.18,0.2,0.2,0.16,0.18
516,0.44,0.42,0.52,0.19,0.2,0.2,0.16,0.18
517,0.49,0.44,0.53,0.19,0.2,0.2,0.18,0.2
518,0.47,0.44,0.54,0.2,0.21,0.21,0.19,0.2
519,0.49,0.44,0.55,0.2,0.22,0.22,0.2,0.2
520,0.51,0.46,0.56,0.2,0.24,0.23,0.21,0.22
521,0.53,0.46,0.57,0.2,0.24,0.24,0.2,0.22
522,0.55,0.47,0.58,0.21,0.26,0.25,0.22,0.22
523,0.53,0.48,0.58,0.21,0.26,0.25,0.21,0.22
524,0.56,0.48,0.6,0.22,0.3,0.26,0.23,0.23
525,0.58,0.5,0.6,0.22,0.29,0.26,0.24,0.23
526,0.58,0.51,0.62,0.22,0.31,0.28,0.24,0.24
527,0.6,0.51,0.62,0.22,0.32,0.28,0.24,0.23
528,0.6,0.52,0.63,0.23,0.33,0.29,0.24,0.25
529,0.64,0.54,0.65,0.24,0.35,0.3,0.26,0.25
530,0.6,0.54,0.65,0.24,0.36,0.3,0.26,0.26
531,0.62,0.54,0.66,0.24,0.36,0.3,0.27,0.28
532,0.64,0.57,0.68,0.25,0.38,0.32,0.29,0.28
533,0.64,0.58,0.68,0.26,0.4,0.33,0.29,0.28
534,0.64,0.59,0.69,0.26,0.41,0.34,0.3,0.31
535,0.65,0.59,0.68,0.26,0.42,0.34,0.31,0.29
536,0.67,0.61,0.7,0.27,0.44,0.35,0.32,0.31
537,0.65,0.62,0.7,0.27,0.43,0.34,0.34,0.32
538,0.65,0.61,0.7,0.27,0.44,0.36,0.34,0.34
539,0.69,0.62,0.7,0.28,0.45,0.37,0.35,0.34
540,0.67,0.61,0.7,0.28,0.48,0.36,0.37,0.34
541,0.69,0.62,0.7,0.28,0.48,0.38,0.38,0.37
542,0.69,0.62,0.7,0.29,0.5,0.39,0.39,0.37
543,0.65,0.64,0.7,0.29,0.51,0.39,0.41,0.38
544,0.65,0.62,0.7,0.29,0.52,0.4,0.42,0.4
545,0.65,0.64,0.7,0.3,0.53,0.42,0.42,0.42
546,0.65,0.62,0.7,0.3,0.54,0.42,0.44,0.42
547,0.64,0.64,0.7,0.3,0.57,0.42,0.45,0.44
548,0.67,0.62,0.7,0.31,0.58,0.44,0.46,0.45
549,0.65,0.62,0.69,0.31,0.59,0.44,0.49,0.45
550,0.64,0.63,0.7,0.31,0.62,0.44,0.49,0.48
551,0.62,0.63,0.7,0.31,0.62,0.45,0.5,0.47
552,0.6,0.62,0.7,0.32,0.64,0.47,0.52,0.5
553,0.62,0.63,0.7,0.32,0.64,0.48,0.54,0.51
554,0.62,0.62,0.7,0.32,0.66,0.47,0.55,0.51
555,0.6,0.61,0.7,0.32,0.66,0.48,0.55,0.52
556,0.6,0.62,0.7,0.32,0.68,0.49,0.56,0.52
557,0.64,0.61,0.7,0.33,0.68,0.49,0.56,0.53
558,0.58,0.6,0.69,0.33,0.69,0.5,0.58,0.55
559,0.62,0.6,0.69,0.34,0.7,0.5,0.58,0.54
560,0.58,0.6,0.69,0.34,0.71,0.5,0.58,0.56
561,0.56,0.59,0.68,0.34,0.7,0.51,0.59,0.55
562,0.56,0.59,0.68,0.34,0.72,0.51,0.6,0.56
563,0.56,0.59,0.68,0.34,0.72,0.51,0.59,0.56
564,0.56,0.58,0.69,0.34,0.73,0.52,0.6,0.57
565,0.56,0.58,0.69,0.34,0.73,0.52,0.6,0.57
566,0.56,0.59,0.69,0.34,0.73,0.52,0.6,0.57
567,0.56,0.6,0.69,0.35,0.73,0.52,0.6,0.59
568,0.58,0.58,0.7,0.36,0.74,0.52,0.6,0.6
569,0.56,0.6,0.69,0.36,0.74,0.53,0.61,0.6
570,0.56,0.6,0.7,0.36,0.75,0.53,0.6,0.6
571,0.6,0.6,0.7,0.36,0.75,0.54,0.62,0.6
572,0.58,0.6,0.7,0.36,0.75,0.55,0.62,0.61
573,0.56,0.6,0.7,0.36,0.75,0.55,0.63,0.61
574,0.58,0.6,0.7,0.36,0.75,0.55,0.62,0.61
575,0.62,0.6,0.7,0.37,0.75,0.55,0.62,0.61
576,0.56,0.6,0.7,0.37,0.75,0.55,0.62,0.61
577,0.56,0.6,0.7,0.37,0.75,0.56,0.62,0.62
578,0.58,0.6,0.71,0.38,0.75,0.56,0.62,0.62
579,0.58,0.61,0.71,0.38,0.74,0.56,0.63,0.62
580,0.58,0.6,0.72,0.38,0.75,0.56,0.63,0.62
581,0.58,0.61,0.72,0.38,0.74,0.56,0.63,0.62
582,0.58,0.62,0.72,0.38,0.74,0.56,0.63,0.63
583,0.6,0.61,0.72,0.39,0.74,0.56,0.63,0.62
584,0.6,0.61,0.72,0.39,0.74,0.56,0.63,0.63
585,0.6,0.62,0.73,0.39,0.74,0.57,0.62,0.63
586,0.6,0.62,0.73,0.39,0.74,0.57,0.62,0.62
587,0.62,0.63,0.72,0.4,0.74,0.58,0.63,0.62
588,0.6,0.62,0.73,0.4,0.74,0.58,0.62,0.61
589,0.64,0.63,0.73,0.4,0.74,0.57,0.62,0.63
590,0.62,0.63,0.74,0.4,0.74,0.58,0.62,0.62
591,0.62,0.66,0.73,0.4,0.74,0.58,0.62,0.63
592,0.62,0.64,0.74,0.4,0.74,0.58,0.62,0.63
593,0.62,0.63,0.74,0.41,0.74,0.58,0.62,0.62
594,0.62,0.66,0.74,0.42,0.72,0.59,0.6,0.62
595,0.62,0.66,0.74,0.42,0.72,0.58,0.6,0.62
596,0.62,0.64,0.74,0.42,0.72,0.6,0.6,0.61
597,0.62,0.66,0.74,0.42,0.72,0.6,0.59,0.61
598,0.62,0.66,0.75,0.42,0.72,0.6,0.59,0.61
599,0.62,0.66,0.76,0.42,0.72,0.6,0.59,0.61
600,0.62,0.66,0.76,0.43,0.72,0.61,0.59,0.62
601,0.64,0.66,0.76,0.43,0.72,0.61,0.58,0.62
602,0.64,0.66,0.76,0.43,0.71,0.62,0.58,0.61
603,0.64,0.66,0.77,0.44,0.72,0.62,0.58,0.62
604,0.65,0.66,0.78,0.44,0.71,0.62,0.58,0.61
605,0.65,0.66,0.78,0.44,0.72,0.62,0.58,0.62
606,0.65,0.68,0.78,0.44,0.72,0.62,0.57,0.62
607,0.65,0.68,0.78,0.45,0.71,0.63,0.57,0.61
608,0.65,0.68,0.78,0.45,0.71,0.63,0.57,0.62
609,0.67,0.69,0.8,0.46,0.7,0.63,0.57,0.61
610,0.69,0.69,0.8,0.46,0.71,0.64,0.57,0.62
611,0.67,0.7,0.8,0.46,0.71,0.64,0.58,0.61
612,0.69,0.7,0.8,0.46,0.71,0.64,0.58,0.62
613,0.69,0.69,0.81,0.46,0.7,0.65,0.58,0.61
614,0.71,0.71,0.82,0.46,0.7,0.65,0.59,0.62
615,0.71,0.72,0.82,0.46,0.7,0.65,0.59,0.62
616,0.73,0.72,0.82,0.48,0.7,0.66,0.59,0.62
617,0.71,0.74,0.82,0.48,0.7,0.66,0.59,0.62
618,0.75,0.74,0.83,0.48,0.7,0.66,0.58,0.62
619,0.73,0.74,0.84,0.48,0.72,0.66,0.59,0.63
620,0.75,0.76,0.84,0.48,0.7,0.67,0.59,0.63
621,0.75,0.76,0.83,0.48,0.7,0.67,0.59,0.63
622,0.73,0.76,0.84,0.48,0.71,0.68,0.59,0.62
623,0.75,0.76,0.84,0.48,0.72,0.68,0.59,0.63
624,0.75,0.78,0.84,0.5,0.72,0.68,0.6,0.63
625,0.75,0.76,0.85,0.5,0.72,0.68,0.6,0.63
626,0.75,0.76,0.85,0.5,0.72,0.68,0.6,0.64
627,0.75,0.76,0.85,0.5,0.72,0.69,0.6,0.64
628,0.75,0.76,0.85,0.5,0.72,0.69,0.6,0.64
629,0.76,0.76,0.86,0.5,0.72,0.7,0.6,0.64
630,0.73,0.78,0.86,0.51,0.72,0.7,0.6,0.64
631,0.76,0.78,0.86,0.51,0.72,0.69,0.6,0.64
632,0.78,0.76,0.86,0.52,0.72,0.7,0.6,0.64
633,0.75,0.78,0.86,0.52,0.72,0.7,0.6,0.64
634,0.75,0.78,0.86,0.52,0.71,0.7,0.6,0.65
635,0.75,0.78,0.87,0.53,0.72,0.7,0.59,0.64
636,0.76,0.78,0.86,0.53,0.72,0.7,0.59,0.64
637,0.76,0.76,0.86,0.54,0.71,0.7,0.58,0.64
638,0.76,0.76,0.87,0.54,0.71,0.71,0.57,0.64
639,0.76,0.78,0.87,0.54,0.7,0.7,0.57,0.63
640,0.76,0.77,0.87,0.54,0.7,0.71,0.57,0.62
641,0.78,0.79,0.86,0.55,0.7,0.7,0.56,0.62
642,0.82,0.78,0.86,0.55,0.69,0.72,0.56,0.62
643,0.82,0.78,0.86,0.56,0.69,0.72,0.56,0.61
644,0.78,0.79,0.86,0.56,0.69,0.72,0.56,0.61
645,0.76,0.78,0.86,0.56,0.68,0.72,0.55,0.62
646,0.76,0.78,0.87,0.56,0.67,0.72,0.55,0.61
647,0.8,0.78,0.88,0.56,0.67,0.72,0.54,0.61
648,0.76,0.78,0.87,0.57,0.67,0.72,0.54,0.6
649,0.76,0.77,0.88,0.57,0.66,0.72,0.53,0.6
650,0.76,0.77,0.87,0.57,0.68,0.72,0.52,0.6
651,0.8,0.78,0.88,0.58,0.66,0.72,0.53,0.59
652,0.78,0.77,0.88,0.58,0.66,0.72,0.52,0.59
653,0.78,0.76,0.86,0.58,0.66,0.72,0.52,0.57
654,0.78,0.77,0.87,0.58,0.64,0.72,0.5,0.56
655,0.82,0.78,0.87,0.59,0.65,0.71,0.5,0.56
656,0.78,0.77,0.87,0.59,0.64,0.72,0.5,0.56
657,0.82,0.78,0.88,0.59,0.63,0.72,0.48,0.56
658,0.84,0.78,0.87,0.59,0.63,0.71,0.48,0.56
659,0.8,0.79,0.88,0.6,0.63,0.7,0.5,0.56
660,0.8,0.78,0.88,0.6,0.62,0.72,0.48,0.55
661,0.82,0.8,0.88,0.6,0.62,0.72,0.48,0.55
662,0.82,0.8,0.89,0.6,0.64,0.71,0.48,0.55
663,0.82,0.8,0.88,0.6,0.63,0.7,0.47,0.54
664,0.82,0.8,0.88,0.61,0.63,0.7,0.48,0.54
665,0.82,0.8,0.88,0.61,0.62,0.7,0.48,0.54
666,0.82,0.8,0.9,0.61,0.62,0.7,0.46,0.52
667,0.82,0.8,0.89,0.62,0.62,0.7,0.48,0.52
668,0.82,0.82,0.9,0.62,0.63,0.7,0.47,0.52
669,0.82,0.82,0.9,0.62,0.63,0.7,0.47,0.52
670,0.82,0.8,0.9,0.62,0.63,0.7,0.48,0.52
671,0.84,0.82,0.9,0.62,0.64,0.71,0.48,0.54
672,0.82,0.82,0.9,0.62,0.64,0.7,0.48,0.54
673,0.84,0.81,0.9,0.62,0.64,0.71,0.49,0.54
674,0.84,0.81,0.9,0.63,0.66,0.71,0.51,0.55
675,0.84,0.81,0.9,0.64,0.66,0.71,0.52,0.56
676,0.84,0.82,0.9,0.64,0.66,0.71,0.52,0.56
677,0.87,0.83,0.92,0.64,0.67,0.72,0.54,0.58
678,0.85,0.84,0.92,0.64,0.67,0.72,0.54,0.58
679,0.87,0.86,0.92,0.64,0.68,0.72,0.54,0.58
680,0.85,0.84,0.92,0.64,0.67,0.72,0.54,0.58
681,0.85,0.86,0.92,0.65,0.68,0.72,0.56,0.6
682,0.89,0.86,0.93,0.66,0.68,0.74,0.56,0.6
683,0.87,0.86,0.93,0.66,0.68,0.72,0.56,0.6
684,0.85,0.86,0.94,0.66,0.69,0.74,0.58,0.6
685,0.87,0.86,0.93,0.66,0.69,0.74,0.57,0.6
686,0.85,0.86,0.94,0.66,0.69,0.74,0.58,0.6
687,0.85,0.86,0.94,0.66,0.69,0.74,0.59,0.62
688,0.85,0.87,0.94,0.66,0.69,0.74,0.6,0.63
689,0.91,0.86,0.94,0.66,0.7,0.75,0.6,0.63
690,0.87,0.86,0.94,0.67,0.72,0.76,0.62,0.66
691,0.85,0.86,0.94,0.67,0.72,0.76,0.63,0.65
692,0.91,0.86,0.94,0.67,0.72,0.76,0.63,0.65
693,0.91,0.86,0.94,0.68,0.72,0.76,0.64,0.66
694,0.87,0.86,0.94,0.68,0.73,0.76,0.64,0.66
695,0.87,0.86,0.94,0.68,0.73,0.78,0.64,0.68
696,0.85,0.86,0.94,0.68,0.73,0.78,0.64,0.68
697,0.87,0.86,0.95,0.68,0.73,0.78,0.64,0.68
698,0.87,0.86,0.95,0.68,0.74,0.79,0.65,0.68
699,0.87,0.86,0.95,0.69,0.74,0.8,0.66,0.68
700,0.87,0.86,0.95,0.68,0.74,0.79,0.65,0.68
701,0.87,0.86,0.95,0.7,0.76,0.78,0.65,0.68
702,0.85,0.86,0.96,0.7,0.74,0.8,0.66,0.7
703,0.87,0.87,0.96,0.7,0.76,0.8,0.65,0.7
704,0.87,0.88,0.96,0.7,0.76,0.8,0.66,0.7
705,0.87,0.86,0.96,0.7,0.76,0.8,0.66,0.7
706,0.85,0.86,0.96,0.7,0.76,0.81,0.66,0.7
707,0.85,0.86,0.96,0.7,0.76,0.81,0.66,0.7
708,0.85,0.86,0.96,0.7,0.77,0.82,0.66,0.7
709,0.85,0.86,0.96,0.7,0.77,0.81,0.66,0.7
710,0.85,0.88,0.95,0.7,0.77,0.82,0.66,0.7
711,0.84,0.86,0.96,0.7,0.77,0.83,0.66,0.68
712,0.84,0.86,0.95,0.71,0.77,0.82,0.66,0.7
713,0.84,0.86,0.95,0.71,0.77,0.82,0.66,0.7
714,0.84,0.86,0.96,0.71,0.77,0.83,0.66,0.68
715,0.82,0.86,0.96,0.72,0.78,0.83,0.64,0.68
716,0.82,0.86,0.95,0.72,0.76,0.84,0.64,0.7
717,0.82,0.84,0.94,0.72,0.77,0.84,0.64,0.68
718,0.82,0.84,0.94,0.72,0.77,0.84,0.64,0.68
719,0.8,0.84,0.94,0.72,0.76,0.84,0.64,0.68
720,0.84,0.86,0.94,0.72,0.77,0.84,0.64,0.68
721,0.82,0.84,0.94,0.72,0.76,0.84,0.64,0.68
722,0.82,0.84,0.94,0.72,0.76,0.83,0.64,0.66
723,0.82,0.84,0.94,0.73,0.76,0.84,0.64,0.68
724,0.82,0.84,0.94,0.72,0.76,0.84,0.64,0.68
725,0.82,0.84,0.94,0.73,0.76,0.84,0.63,0.66
726,0.85,0.84,0.94,0.73,0.76,0.84,0.64,0.66
727,0.82,0.84,0.94,0.74,0.76,0.84,0.64,0.67
728,0.82,0.84,0.94,0.74,0.76,0.84,0.63,0.67
729,0.82,0.86,0.94,0.74,0.76,0.84,0.63,0.66
730,0.82,0.84,0.94,0.74,0.76,0.84,0.62,0.67
731,0.82,0.84,0.94,0.74,0.76,0.83,0.62,0.66
732,0.84,0.84,0.94,0.74,0.75,0.83,0.62,0.64
733,0.84,0.84,0.94,0.74,0.75,0.84,0.62,0.64
734,0.84,0.86,0.94,0.75,0.74,0.83,0.62,0.66
735,0.87,0.86,0.94,0.75,0.76,0.83,0.62,0.64
736,0.84,0.84,0.94,0.75,0.74,0.83,0.6,0.64
737,0.84,0.86,0.94,0.75,0.74,0.83,0.6,0.64
738,0.84,0.84,0.94,0.76,0.74,0.83,0.6,0.64
739,0.84,0.84,0.94,0.76,0.72,0.82,0.58,0.62
740,0.85,0.84,0.94,0.76,0.72,0.82,0.59,0.62
741,0.84,0.84,0.94,0.76,0.73,0.82,0.58,0.62
742,0.85,0.86,0.94,0.76,0.72,0.82,0.58,0.62
743,0.85,0.84,0.94,0.76,0.72,0.82,0.58,0.62
744,0.85,0.84,0.94,0.76,0.71,0.82,0.58,0.6
745,0.89,0.84,0.94,0.76,0.71,0.82,0.58,0.6
746,0.85,0.84,0.94,0.77,0.71,0.82,0.57,0.6
747,0.87,0.84,0.94,0.77,0.71,0.83,0.57,0.62
748,0.87,0.84,0.94,0.77,0.71,0.82,0.57,0.62
749,0.87,0.84,0.93,0.77,0.7,0.82,0.56,0.6
750,0.87,0.84,0.94,0.78,0.7,0.82,0.55,0.6
751,0.91,0.86,0.92,0.78,0.7,0.82,0.55,0.6
752,0.87,0.86,0.92,0.78,0.7,0.82,0.55,0.57
753,0.87,0.86,0.92,0.78,0.69,0.82,0.55,0.59
754,0.89,0.86,0.92,0.78,0.69,0.82,0.55,0.59
755,0.87,0.86,0.92,0.78,0.68,0.8,0.54,0.57
756,0.89,0.88,0.92,0.78,0.69,0.8,0.54,0.57
757,0.89,0.86,0.93,0.78,0.67,0.8,0.53,0.57
758,0.91,0.86,0.93,0.78,0.68,0.79,0.52,0.58
759,0.91,0.86,0.93,0.78,0.66,0.79,0.53,0.57
760,0.85,0.86,0.92,0.78,0.66,0.79,0.53,0.56
761,0.85,0.86,0.92,0.79,0.68,0.79,0.52,0.56
762,0.85,0.86,0.93,0.8,0.66,0.79,0.52,0.56
763,0.84,0.86,0.93,0.79,0.68,0.79,0.52,0.56
764,0.87,0.86,0.92,0.8,0.66,0.78,0.53,0.55
765,0.84,0.84,0.92,0.8,0.66,0.78,0.52,0.56
766,0.85,0.84,0.92,0.8,0.66,0.78,0.52,0.55
767,0.82,0.84,0.92,0.8,0.66,0.78,0.52,0.56
768,0.85,0.84,0.92,0.8,0.65,0.78,0.52,0.55
769,0.84,0.83,0.91,0.8,0.65,0.78,0.52,0.55
770,0.85,0.82,0.91,0.8,0.65,0.78,0.53,0.55
771,0.82,0.82,0.91,0.8,0.64,0.77,0.52,0.55
772,0.8,0.82,0.91,0.8,0.64,0.78,0.52,0.54
773,0.8,0.82,0.91,0.8,0.64,0.77,0.52,0.57
774,0.82,0.81,0.9,0.8,0.64,0.77,0.52,0.54
775,0.8,0.81,0.9,0.8,0.64,0.76,0.52,0.56
776,0.8,0.8,0.9,0.8,0.64,0.77,0.52,0.56
777,0.8,0.8,0.9,0.8,0.64,0.76,0.52,0.54
778,0.82,0.8,0.9,0.8,0.64,0.76,0.52,0.56
779,0.78,0.79,0.9,0.8,0.62,0.76,0.52,0.55
780,0.8,0.79,0.9,0.8,0.63,0.76,0.52,0.56
781,0.8,0.79,0.9,0.81,0.62,0.76,0.53,0.55
782,0.8,0.8,0.9,0.81,0.63,0.75,0.53,0.56
783,0.82,0.79,0.9,0.81,0.62,0.76,0.54,0.57
784,0.84,0.79,0.9,0.81,0.62,0.75,0.53,0.56
785,0.85,0.8,0.9,0.82,0.62,0.75,0.54,0.56
786,0.8,0.79,0.9,0.81,0.62,0.75,0.54,0.57
787,0.85,0.8,0.9,0.82,0.62,0.75,0.54,0.57
788,0.8,0.8,0.9,0.82,0.62,0.75,0.54,0.57
789,0.84,0.8,0.9,0.82,0.62,0.75,0.54,0.57
790,0.84,0.81,0.9,0.82,0.62,0.75,0.55,0.58
791,0.82,0.81,0.92,0.82,0.63,0.76,0.55,0.57
792,0.84,0.8,0.92,0.82,0.62,0.76,0.55,0.58
793,0.82,0.82,0.92,0.82,0.63,0.76,0.55,0.57
794,0.82,0.81,0.92,0.82,0.62,0.76,0.54,0.57
795,0.84,0.81,0.92,0.82,0.62,0.76,0.54,0.56
796,0.84,0.82,0.92,0.83,0.62,0.76,0.55,0.56
797,0.84,0.81,0.92,0.82,0.64,0.76,0.54,0.56
798,0.82,0.82,0.92,0.83,0.62,0.76,0.54,0.6
799,0.85,0.82,0.92,0.83,0.62,0.76,0.55,0.57
800,0.85,0.82,0.93,0.83,0.64,0.76,0.55,0.57
801,0.84,0.82,0.94,0.83,0.62,0.76,0.54,0.58
802,0.84,0.83,0.94,0.83,0.62,0.76,0.55,0.58
803,0.84,0.84,0.94,0.83,0.62,0.76,0.55,0.58
804,0.85,0.84,0.94,0.83,0.64,0.76,0.55,0.58
805,0.84,0.83,0.94,0.83,0.64,0.76,0.55,0.58
806,0.85,0.83,0.94,0.84,0.64,0.76,0.57,0.58
807,0.85,0.83,0.95,0.84,0.64,0.76,0.57,0.6
808,0.85,0.83,0.94,0.84,0.64,0.77,0.57,0.61
809,0.85,0.82,0.95,0.84,0.64,0.77,0.58,0.61
810,0.85,0.83,0.95,0.84,0.66,0.77,0.6,0.61
811,0.91,0.84,0.96,0.84,0.64,0.77,0.6,0.62
812,0.89,0.84,0.96,0.84,0.65,0.78,0.6,0.62
813,0.87,0.83,0.96,0.84,0.66,0.78,0.6,0.62
814,0.89,0.84,0.96,0.84,0.66,0.78,0.6,0.62
815,0.89,0.84,0.96,0.84,0.66,0.79,0.61,0.64
816,0.89,0.86,0.96,0.85,0.67,0.8,0.62,0.63
817,0.93,0.84,0.96,0.85,0.66,0.79,0.62,0.66
818,0.89,0.86,0.96,0.85,0.67,0.79,0.64,0.66
819,0.91,0.86,0.96,0.85,0.68,0.8,0.64,0.66
820,0.91,0.86,0.96,0.85,0.68,0.8,0.64,0.66
821,0.91,0.86,0.96,0.85,0.68,0.81,0.64,0.66
822,0.95,0.88,0.97,0.86,0.7,0.82,0.66,0.68
823,0.91,0.87,0.97,0.86,0.7,0.82,0.66,0.68
824,0.95,0.88,0.98,0.86,0.7,0.82,0.66,0.68
825,0.91,0.89,0.98,0.86,0.71,0.83,0.66,0.68
826,0.91,0.89,0.98,0.86,0.72,0.84,0.67,0.68
827,0.91,0.88,0.98,0.86,0.72,0.84,0.66,0.69
828,0.93,0.89,0.98,0.86,0.72,0.85,0.67,0.68
829,0.91,0.87,0.98,0.87,0.72,0.85,0.67,0.68
830,0.89,0.87,0.98,0.87,0.72,0.84,0.68,0.68
831,0.89,0.88,0.98,0.86,0.72,0.86,0.67,0.69
832,0.89,0.86,0.98,0.87,0.72,0.86,0.66,0.7
833,0.87,0.86,0.96,0.87,0.73,0.86,0.66,0.69
834,0.87,0.86,0.96,0.87,0.74,0.86,0.66,0.69
835,0.85,0.84,0.96,0.87,0.73,0.87,0.66,0.69
836,0.85,0.83,0.96,0.87,0.72,0.86,0.64,0.69
837,0.89,0.82,0.95,0.87,0.72,0.88,0.64,0.69
838,0.87,0.82,0.94,0.87,0.72,0.88,0.64,0.68
839,0.85,0.82,0.94,0.88,0.72,0.87,0.64,0.67
840,0.84,0.82,0.94,0.88,0.72,0.87,0.64,0.67
841,0.84,0.8,0.94,0.88,0.72,0.87,0.64,0.67
842,0.84,0.81,0.93,0.88,0.72,0.86,0.62,0.67
843,0.85,0.8,0.94,0.88,0.71,0.87,0.62,0.67
844,0.82,0.79,0.92,0.88,0.72,0.86,0.62,0.66
845,0.82,0.8,0.92,0.88,0.71,0.86,0.62,0.67
846,0.82,0.8,0.92,0.88,0.72,0.86,0.62,0.66
847,0.82,0.81,0.92,0.88,0.7,0.86,0.62,0.66
848,0.82,0.81,0.92,0.88,0.71,0.86,0.62,0.66
849,0.82,0.8,0.92,0.88,0.7,0.85,0.62,0.66
850,0.84,0.8,0.92,0.88,0.71,0.85,0.62,0.64
851,0.84,0.82,0.92,0.88,0.72,0.86,0.61,0.66
852,0.84,0.82,0.91,0.88,0.71,0.85,0.61,0.66
853,0.84,0.82,0.91,0.88,0.71,0.85,0.62,0.66
854,0.84,0.82,0.91,0.88,0.7,0.85,0.62,0.66
855,0.82,0.82,0.91,0.88,0.7,0.84,0.62,0.66
856,0.84,0.82,0.92,0.88,0.7,0.85,0.64,0.66
857,0.82,0.82,0.91,0.88,0.7,0.84,0.62,0.64
858,0.84,0.84,0.91,0.89,0.7,0.85,0.61,0.66
859,0.87,0.82,0.91,0.89,0.7,0.85,0.63,0.64
860,0.85,0.84,0.91,0.88,0.7,0.84,0.63,0.65
861,0.85,0.82,0.91,0.89,0.69,0.84,0.62,0.65
862,0.84,0.84,0.91,0.89,0.7,0.84,0.62,0.65
863,0.84,0.84,0.91,0.89,0.69,0.84,0.62,0.64
864,0.84,0.84,0.91,0.89,0.69,0.84,0.62,0.64
865,0.85,0.84,0.92,0.89,0.69,0.84,0.62,0.65
866,0.85,0.84,0.92,0.89,0.69,0.84,0.62,0.63
867,0.89,0.86,0.92,0.89,0.69,0.84,0.6,0.64
868,0.85,0.86,0.92,0.89,0.69,0.84,0.6,0.64
869,0.89,0.86,0.92,0.89,0.69,0.83,0.6,0.64
870,0.87,0.86,0.92,0.89,0.68,0.83,0.59,0.63
871,0.89,0.86,0.92,0.9,0.68,0.83,0.59,0.63
872,0.89,0.86,0.92,0.9,0.68,0.83,0.58,0.62
873,0.85,0.87,0.92,0.9,0.68,0.83,0.57,0.62
874,0.87,0.86,0.93,0.9,0.68,0.83,0.58,0.62
875,0.89,0.86,0.92,0.9,0.66,0.83,0.57,0.62
876,0.87,0.87,0.93,0.9,0.68,0.83,0.57,0.63
877,0.89,0.87,0.93,0.9,0.66,0.83,0.57,0.62
878,0.89,0.88,0.93,0.9,0.66,0.83,0.57,0.61
879,0.91,0.88,0.94,0.9,0.66,0.84,0.57,0.62
880,0.89,0.89,0.94,0.9,0.66,0.83,0.56,0.62
881,0.91,0.89,0.94,0.9,0.66,0.83,0.57,0.61
882,0.95,0.89,0.94,0.9,0.68,0.84,0.56,0.61
883,0.89,0.91,0.94,0.9,0.68,0.84,0.56,0.61
884,0.93,0.92,0.95,0.9,0.68,0.84,0.55,0.61
885,0.93,0.92,0.96,0.91,0.68,0.85,0.56,0.61
886,0.91,0.92,0.96,0.9,0.68,0.85,0.55,0.61
887,0.91,0.94,0.96,0.92,0.67,0.85,0.54,0.6
888,0.91,0.94,0.96,0.92,0.67,0.85,0.54,0.6
889,0.91,0.94,0.96,0.92,0.67,0.85,0.54,0.58
890,0.89,0.94,0.96,0.92,0.67,0.84,0.53,0.58
891,0.89,0.92,0.96,0.92,0.67,0.85,0.53,0.57
892,0.89,0.91,0.96,0.92,0.67,0.84,0.53,0.58
893,0.89,0.92,0.96,0.92,0.67,0.84,0.53,0.58
894,0.89,0.91,0.96,0.92,0.67,0.84,0.53,0.58
895,0.89,0.92,0.96,0.92,0.66,0.84,0.52,0.57
896,0.89,0.91,0.96,0.92,0.66,0.84,0.52,0.58
897,0.89,0.91,0.96,0.92,0.66,0.84,0.52,0.57
898,0.89,0.91,0.96,0.92,0.66,0.84,0.52,0.57
899,0.89,0.91,0.96,0.92,0.66,0.84,0.52,0.56
900,0.89,0.9,0.96,0.92,0.66,0.84,0.52,0.57
901,0.93,0.9,0.96,0.92,0.66,0.84,0.52,0.56
902,0.89,0.89,0.96,0.92,0.66,0.84,0.52,0.57
903,0.89,0.9,0.96,0.92,0.66,0.84,0.51,0.56
904,0.89,0.9,0.96,0.92,0.66,0.84,0.52,0.57
905,0.91,0.89,0.96,0.92,0.66,0.84,0.52,0.56
906,0.89,0.89,0.96,0.92,0.66,0.84,0.52,0.57
907,0.91,0.89,0.96,0.93,0.66,0.84,0.52,0.57
908,0.89,0.89,0.96,0.92,0.66,0.84,0.52,0.57
909,0.89,0.89,0.96,0.93,0.67,0.84,0.52,0.58
910,0.95,0.89,0.96,0.93,0.67,0.84,0.53,0.57
911,0.89,0.88,0.96,0.93,0.68,0.84,0.54,0.6
912,0.91,0.89,0.96,0.93,0.66,0.84,0.52,0.58
913,0.93,0.88,0.96,0.93,0.68,0.84,0.54,0.6
914,0.89,0.89,0.96,0.93,0.68,0.84,0.53,0.58
915,0.89,0.87,0.97,0.93,0.68,0.84,0.54,0.58
916,0.89,0.87,0.96,0.93,0.68,0.84,0.55,0.58
917,0.91,0.87,0.96,0.93,0.68,0.84,0.54,0.61
918,0.89,0.87,0.96,0.93,0.68,0.84,0.54,0.58
919,0.91,0.87,0.96,0.93,0.68,0.84,0.54,0.6
920,0.91,0.87,0.96,0.93,0.68,0.84,0.54,0.58
921,0.91,0.88,0.96,0.94,0.68,0.84,0.54,0.6
922,0.91,0.87,0.96,0.94,0.68,0.84,0.52,0.6
923,0.91,0.87,0.96,0.94,0.68,0.84,0.54,0.6
924,0.91,0.88,0.96,0.94,0.69,0.84,0.53,0.6
925,0.91,0.88,0.95,0.94,0.68,0.84,0.53,0.58
926,0.91,0.88,0.96,0.94,0.68,0.84,0.53,0.6
927,0.93,0.89,0.95,0.94,0.68,0.82,0.53,0.58
928,0.91,0.88,0.95,0.94,0.68,0.83,0.53,0.58
929,0.91,0.87,0.94,0.94,0.67,0.83,0.54,0.58
930,0.91,0.87,0.95,0.94,0.67,0.82,0.54,0.6
931,0.91,0.87,0.94,0.94,0.67,0.83,0.53,0.58
932,0.91,0.87,0.94,0.94,0.67,0.82,0.54,0.6
933,0.89,0.87,0.94,0.94,0.67,0.82,0.56,0.6
934,0.89,0.87,0.94,0.94,0.67,0.82,0.55,0.61
935,0.89,0.86,0.94,0.94,0.67,0.82,0.56,0.6
936,0.95,0.87,0.94,0.94,0.67,0.82,0.58,0.66
937,0.91,0.88,0.94,0.93,0.67,0.81,0.59,0.66
938,0.91,0.88,0.92,0.94,0.67,0.82,0.6,0.66
939,0.91,0.88,0.94,0.94,0.68,0.82,0.62,0.68
940,0.91,0.88,0.92,0.94,0.68,0.82,0.62,0.69
941,0.93,0.89,0.93,0.94,0.67,0.82,0.64,0.71
942,0.91,0.9,0.93,0.94,0.68,0.82,0.65,0.71
943,0.95,0.88,0.93,0.94,0.68,0.81,0.66,0.72
944,0.93,0.89,0.93,0.94,0.68,0.82,0.66,0.74
945,0.93,0.9,0.92,0.94,0.69,0.82,0.68,0.74
946,0.91,0.9,0.93,0.94,0.7,0.82,0.68,0.76
947,0.93,0.9,0.93,0.94,0.69,0.82,0.68,0.76
948,0.91,0.9,0.93,0.94,0.7,0.82,0.68,0.77
949,0.91,0.89,0.93,0.94,0.7,0.82,0.7,0.78
950,0.91,0.89,0.92,0.94,0.71,0.82,0.7,0.78
951,0.93,0.89,0.92,0.94,0.7,0.82,0.7,0.78
952,0.91,0.9,0.92,0.94,0.7,0.82,0.7,0.8
953,0.89,0.9,0.92,0.94,0.7,0.82,0.7,0.8
954,0.89,0.9,0.93,0.94,0.71,0.82,0.7,0.78
955,0.95,0.9,0.93,0.94,0.71,0.82,0.71,0.8
956,0.89,0.91,0.93,0.94,0.7,0.82,0.7,0.8
957,0.89,0.91,0.93,0.94,0.7,0.82,0.7,0.8
958,0.89,0.91,0.94,0.94,0.72,0.82,0.7,0.8
959,0.87,0.91,0.93,0.94,0.73,0.82,0.71,0.8
960,0.87,0.89,0.93,0.94,0.72,0.82,0.7,0.78
961,0.87,0.9,0.94,0.94,0.72,0.82,0.72,0.8
962,0.89,0.9,0.94,0.94,0.72,0.82,0.7,0.78
963,0.87,0.89,0.94,0.94,0.71,0.82,0.71,0.78
964,0.87,0.9,0.94,0.94,0.72,0.83,0.71,0.78
965,0.87,0.9,0.94,0.94,0.72,0.82,0.7,0.8
966,0.87,0.9,0.94,0.94,0.72,0.82,0.7,0.76
967,0.87,0.89,0.94,0.94,0.72,0.83,0.7,0.78
968,0.87,0.89,0.94,0.94,0.73,0.83,0.7,0.78
969,0.89,0.89,0.94,0.94,0.72,0.83,0.7,0.78
970,0.89,0.91,0.94,0.94,0.72,0.83,0.7,0.78
971,0.89,0.89,0.94,0.94,0.72,0.84,0.69,0.77
972,0.85,0.9,0.94,0.94,0.73,0.84,0.7,0.77
973,0.87,0.89,0.94,0.94,0.72,0.84,0.68,0.77
974,0.84,0.89,0.94,0.94,0.73,0.84,0.69,0.76
975,0.84,0.88,0.94,0.94,0.73,0.84,0.68,0.74
976,0.87,0.89,0.95,0.94,0.73,0.84,0.67,0.74
977,0.84,0.89,0.96,0.94,0.73,0.84,0.68,0.74
978,0.84,0.9,0.96,0.94,0.72,0.86,0.66,0.74
979,0.87,0.89,0.96,0.94,0.73,0.84,0.66,0.74
980,0.84,0.89,0.95,0.94,0.72,0.85,0.66,0.74
981,0.87,0.89,0.96,0.94,0.73,0.85,0.65,0.74
982,0.85,0.88,0.96,0.94,0.72,0.85,0.65,0.72
983,0.87,0.89,0.96,0.94,0.72,0.84,0.64,0.71
984,0.84,0.89,0.97,0.95,0.72,0.85,0.65,0.74
985,0.85,0.9,0.96,0.95,0.73,0.84,0.64,0.72
986,0.85,0.89,0.97,0.95,0.71,0.85,0.63,0.72
987,0.85,0.88,0.97,0.95,0.71,0.85,0.62,0.71
988,0.89,0.89,0.97,0.95,0.71,0.85,0.62,0.71
989,0.87,0.9,0.98,0.95,0.71,0.86,0.62,0.7
990,0.87,0.9,0.98,0.95,0.7,0.86,0.6,0.69
991,0.89,0.9,0.97,0.95,0.7,0.86,0.6,0.69
992,0.89,0.89,0.98,0.95,0.7,0.86,0.6,0.69
993,0.93,0.9,0.98,0.95,0.7,0.86,0.59,0.68
994,0.89,0.9,0.98,0.96,0.68,0.86,0.59,0.68
995,0.89,0.9,0.98,0.96,0.68,0.85,0.58,0.68
996,0.91,0.89,0.98,0.96,0.7,0.86,0.6,0.66
997,0.93,0.9,0.96,0.96,0.68,0.86,0.59,0.68
998,0.91,0.9,0.96,0.95,0.68,0.84,0.57,0.65
999,0.93,0.9,0.96,0.96,0.68,0.85,0.57,0.66
1000,0.93,0.9,0.95,0.96,0.68,0.85,0.57,0.64
1001,0.91,0.89,0.94,0.96,0.68,0.84,0.57,0.66
1002,0.93,0.9,0.95,0.95,0.66,0.83,0.56,0.64
1003,0.95,0.89,0.95,0.95,0.66,0.84,0.55,0.62
1004,0.93,0.89,0.94,0.96,0.66,0.83,0.56,0.62
1005,0.93,0.89,0.94,0.96,0.66,0.82,0.55,0.64
1006,0.93,0.89,0.94,0.96,0.65,0.82,0.55,0.62
1007,0.93,0.88,0.94,0.96,0.65,0.82,0.55,0.6
1008,0.98,0.88,0.93,0.96,0.65,0.82,0.55,0.61
1009,0.98,0.88,0.93,0.96,0.64,0.81,0.54,0.6
1010,0.93,0.92,0.93,0.96,0.64,0.82,0.54,0.6
1011,0.93,0.9,0.93,0.96,0.63,0.8,0.52,0.58
1012,0.93,0.88,0.93,0.96,0.62,0.8,0.52,0.58
1013,0.93,0.9,0.93,0.96,0.62,0.8,0.52,0.57
1014,0.91,0.9,0.93,0.96,0.62,0.78,0.52,0.57
1015,0.91,0.88,0.93,0.96,0.62,0.79,0.51,0.57
1016,0.89,0.86,0.92,0.96,0.6,0.78,0.51,0.55
1017,0.91,0.86,0.92,0.96,0.6,0.78,0.5,0.55
1018,0.89,0.86,0.92,0.96,0.6,0.78,0.5,0.53
1019,0.89,0.84,0.92,0.96,0.6,0.78,0.5,0.55
1020,0.91,0.84,0.91,0.96,0.6,0.78,0.5,0.53
1021,0.87,0.84,0.92,0.96,0.6,0.76,0.48,0.53
1022,0.87,0.84,0.92,0.96,0.6,0.76,0.5,0.52
1023,0.87,0.83,0.91,0.96,0.58,0.76,0.48,0.53
1024,0.87,0.83,0.91,0.96,0.57,0.76,0.48,0.53
1025,0.91,0.83,0.9,0.96,0.6,0.76,0.48,0.53
1026,0.85,0.83,0.91,0.96,0.58,0.76,0.48,0.52
1027,0.87,0.84,0.91,0.96,0.6,0.76,0.48,0.51
1028,0.87,0.83,0.92,0.96,0.58,0.76,0.48,0.51
1029,0.87,0.83,0.92,0.96,0.58,0.76,0.48,0.51
1030,0.85,0.83,0.91,0.96,0.58,0.74,0.48,0.51
1031,0.87,0.83,0.91,0.96,0.57,0.74,0.47,0.51
1032,0.87,0.83,0.92,0.96,0.57,0.76,0.47,0.51
1033,0.87,0.83,0.92,0.96,0.58,0.74,0.48,0.51
1034,0.87,0.84,0.92,0.96,0.58,0.74,0.47,0.51
1035,0.87,0.84,0.92,0.96,0.57,0.74,0.46,0.5
1036,0.85,0.84,0.92,0.96,0.57,0.74,0.47,0.51
1037,0.87,0.84,0.92,0.96,0.57,0.74,0.46,0.5
1038,0.89,0.84,0.92,0.96,0.57,0.74,0.46,0.5
1039,0.89,0.84,0.92,0.96,0.57,0.74,0.46,0.5
1040,0.84,0.84,0.92,0.96,0.57,0.74,0.46,0.5
1041,0.85,0.86,0.92,0.96,0.57,0.74,0.46,0.5
1042,0.85,0.84,0.92,0.96,0.57,0.72,0.46,0.48
1043,0.87,0.84,0.92,0.96,0.57,0.73,0.46,0.5
1044,0.84,0.84,0.92,0.96,0.57,0.74,0.46,0.5
1045,0.84,0.84,0.92,0.96,0.56,0.74,0.47,0.5
1046,0.84,0.83,0.91,0.96,0.56,0.72,0.46,0.48
1047,0.84,0.84,0.9,0.96,0.57,0.72,0.47,0.48
1048,0.82,0.84,0.9,0.96,0.57,0.72,0.47,0.48
1049,0.84,0.84,0.9,0.96,0.57,0.72,0.47,0.48
1050,0.82,0.82,0.9,0.96,0.57,0.72,0.47,0.48
1051,0.8,0.82,0.88,0.96,0.6,0.72,0.48,0.48
1052,0.82,0.82,0.88,0.96,0.6,0.72,0.48,0.48
1053,0.8,0.84,0.88,0.96,0.58,0.73,0.47,0.48
1054,0.8,0.84,0.88,0.96,0.6,0.72,0.48,0.5
1055,0.8,0.84,0.88,0.96,0.58,0.72,0.48,0.48
1056,0.84,0.82,0.88,0.96,0.59,0.72,0.48,0.48
1057,0.8,0.84,0.88,0.96,0.59,0.72,0.48,0.5
1058,0.8,0.84,0.88,0.96,0.59,0.72,0.48,0.5
1059,0.8,0.84,0.87,0.96,0.59,0.74,0.47,0.48
1060,0.82,0.86,0.87,0.96,0.6,0.74,0.47,0.48
1061,0.82,0.84,0.88,0.96,0.6,0.74,0.46,0.48
1062,0.85,0.86,0.88,0.96,0.6,0.72,0.47,0.5
1063,0.82,0.86,0.88,0.96,0.6,0.74,0.46,0.48
1064,0.82,0.88,0.88,0.96,0.6,0.74,0.46,0.49
1065,0.84,0.86,0.88,0.96,0.6,0.74,0.45,0.49
1066,0.82,0.86,0.88,0.96,0.6,0.74,0.46,0.48
1067,0.82,0.86,0.89,0.96,0.6,0.74,0.46,0.48
1068,0.8,0.86,0.88,0.96,0.6,0.74,0.46,0.49
1069,0.8,0.86,0.88,0.96,0.6,0.74,0.46,0.46
1070,0.84,0.86,0.88,0.96,0.61,0.74,0.46,0.48
1071,0.78,0.84,0.89,0.96,0.61,0.74,0.46,0.46
1072,0.8,0.84,0.89,0.96,0.62,0.74,0.45,0.48
1073,0.82,0.84,0.9,0.97,0.62,0.74,0.46,0.48
1074,0.78,0.84,0.9,0.96,0.62,0.74,0.45,0.46
1075,0.8,0.86,0.9,0.96,0.62,0.75,0.46,0.46
1076,0.8,0.86,0.9,0.96,0.62,0.74,0.46,0.48
1077,0.78,0.86,0.9,0.96,0.62,0.74,0.46,0.5
1078,0.82,0.87,0.9,0.96,0.64,0.74,0.46,0.48
1079,0.8,0.86,0.9,0.96,0.64,0.74,0.46,0.5
1080,0.8,0.86,0.9,0.96,0.64,0.74,0.46,0.5
1081,0.8,0.88,0.9,0.96,0.64,0.75,0.46,0.5
1082,0.82,0.86,0.9,0.96,0.64,0.74,0.48,0.5
1083,0.82,0.88,0.9,0.96,0.64,0.75,0.47,0.5
1084,0.82,0.88,0.91,0.96,0.64,0.75,0.48,0.5
1085,0.82,0.88,0.92,0.96,0.62,0.74,0.48,0.5
1086,0.84,0.89,0.92,0.96,0.64,0.74,0.48,0.48
1087,0.85,0.89,0.92,0.96,0.64,0.74,0.46,0.48
1088,0.82,0.88,0.93,0.96,0.62,0.74,0.46,0.48
1089,0.84,0.86,0.92,0.96,0.62,0.74,0.47,0.5
1090,0.84,0.86,0.92,0.96,0.62,0.74,0.46,0.5
1091,0.84,0.88,0.92,0.97,0.62,0.73,0.46,0.48
1092,0.85,0.86,0.92,0.97,0.61,0.73,0.47,0.48
1093,0.84,0.86,0.92,0.96,0.61,0.73,0.46,0.48
1094,0.84,0.86,0.92,0.97,0.61,0.73,0.45,0.48
1095,0.84,0.86,0.93,0.97,0.61,0.74,0.44,0.46
1096,0.87,0.86,0.92,0.96,0.6,0.73,0.46,0.47
1097,0.85,0.88,0.92,0.97,0.6,0.73,0.46,0.47
1098,0.84,0.86,0.93,0.97,0.6,0.73,0.48,0.5
1099,0.84,0.86,0.92,0.96,0.58,0.72,0.48,0.5
1100,0.84,0.86,0.92,0.96,0.6,0.72,0.5,0.49
1101,0.85,0.84,0.92,0.96,0.6,0.73,0.5,0.49
1102,0.84,0.86,0.92,0.96,0.6,0.73,0.52,0.5
1103,0.84,0.83,0.92,0.96,0.6,0.73,0.52,0.52
1104,0.84,0.83,0.91,0.97,0.6,0.73,0.53,0.52
1105,0.82,0.83,0.91,0.97,0.6,0.74,0.54,0.54
1106,0.84,0.81,0.9,0.97,0.6,0.73,0.54,0.54
1107,0.84,0.82,0.9,0.97,0.6,0.74,0.54,0.54
1108,0.85,0.82,0.9,0.96,0.6,0.74,0.56,0.54
1109,0.85,0.83,0.9,0.96,0.62,0.74,0.57,0.56
1110,0.91,0.82,0.9,0.96,0.62,0.74,0.58,0.56
1111,0.87,0.82,0.9,0.97,0.62,0.74,0.58,0.58
1112,0.87,0.82,0.89,0.96,0.62,0.74,0.58,0.57
1113,0.89,0.82,0.89,0.97,0.62,0.75,0.59,0.58
1114,0.89,0.82,0.89,0.96,0.63,0.74,0.59,0.58
1115,0.89,0.82,0.88,0.96,0.63,0.74,0.58,0.57
1116,0.89,0.82,0.88,0.96,0.64,0.74,0.59,0.57
1117,0.91,0.82,0.88,0.97,0.63,0.74,0.57,0.57
1118,0.91,0.81,0.88,0.96,0.63,0.74,0.57,0.58
1119,0.93,0.81,0.88,0.96,0.64,0.74,0.57,0.58
1120,0.89,0.81,0.88,0.96,0.63,0.74,0.56,0.57
1121,0.89,0.8,0.87,0.96,0.64,0.74,0.57,0.57
1122,0.89,0.8,0.86,0.96,0.62,0.73,0.56,0.57
1123,0.89,0.79,0.86,0.96,0.63,0.73,0.56,0.57
1124,0.89,0.79,0.85,0.96,0.63,0.72,0.55,0.56
1125,0.87,0.78,0.86,0.96,0.62,0.73,0.55,0.55
1126,0.93,0.78,0.84,0.96,0.62,0.72,0.56,0.57
1127,0.87,0.76,0.84,0.96,0.62,0.72,0.54,0.55
1128,0.87,0.76,0.83,0.96,0.61,0.72,0.54,0.56
1129,0.87,0.74,0.82,0.96,0.6,0.71,0.52,0.54
1130,0.89,0.76,0.82,0.96,0.6,0.71,0.52,0.55
1131,0.85,0.74,0.82,0.95,0.6,0.7,0.52,0.54
1132,0.91,0.74,0.82,0.95,0.6,0.69,0.52,0.52
1133,0.87,0.74,0.82,0.95,0.6,0.69,0.51,0.52
1134,0.87,0.74,0.82,0.94,0.58,0.69,0.5,0.52
1135,0.85,0.74,0.82,0.94,0.58,0.68,0.5,0.52
1136,0.87,0.74,0.81,0.94,0.57,0.68,0.5,0.52
1137,0.85,0.76,0.82,0.94,0.56,0.66,0.48,0.5
1138,0.85,0.76,0.82,0.94,0.56,0.66,0.49,0.5
1139,0.89,0.76,0.82,0.94,0.55,0.66,0.48,0.5
1140,0.85,0.76,0.82,0.94,0.55,0.66,0.48,0.52
1141,0.85,0.77,0.83,0.94,0.55,0.66,0.48,0.5
1142,0.89,0.77,0.84,0.94,0.55,0.66,0.48,0.5
1143,0.85,0.77,0.84,0.94,0.55,0.65,0.48,0.5
1144,0.87,0.78,0.82,0.94,0.55,0.64,0.46,0.49
1145,0.89,0.79,0.83,0.94,0.54,0.64,0.46,0.48
1146,0.87,0.79,0.83,0.94,0.54,0.64,0.46,0.48
1147,0.89,0.82,0.82,0.94,0.54,0.64,0.46,0.49
1148,0.87,0.82,0.81,0.94,0.54,0.64,0.47,0.48
1149,0.87,0.84,0.81,0.94,0.54,0.64,0.45,0.46
1150,0.89,0.84,0.81,0.94,0.54,0.62,0.45,0.45
1151,0.89,0.82,0.8,0.93,0.52,0.62,0.44,0.46
1152,0.85,0.82,0.8,0.93,0.52,0.62,0.44,0.46
1153,0.87,0.82,0.8,0.93,0.52,0.61,0.45,0.45
1154,0.89,0.81,0.8,0.93,0.52,0.61,0.45,0.46
1155,0.84,0.8,0.8,0.92,0.52,0.62,0.46,0.46
1156,0.82,0.79,0.8,0.92,0.52,0.61,0.45,0.46
1157,0.82,0.81,0.8,0.92,0.52,0.61,0.45,0.46
1158,0.84,0.8,0.8,0.92,0.52,0.6,0.46,0.46
1159,0.82,0.79,0.8,0.92,0.52,0.6,0.46,0.46
1160,0.8,0.78,0.8,0.92,0.52,0.6,0.47,0.46
1161,0.8,0.78,0.81,0.92,0.52,0.6,0.48,0.46
1162,0.8,0.79,0.8,0.92,0.55,0.6,0.51,0.48
1163,0.82,0.79,0.81,0.92,0.55,0.6,0.52,0.48
1164,0.8,0.8,0.82,0.92,0.55,0.61,0.53,0.5
1165,0.84,0.8,0.82,0.92,0.55,0.6,0.54,0.48
1166,0.82,0.8,0.82,0.92,0.56,0.6,0.55,0.5
1167,0.82,0.82,0.82,0.92,0.56,0.61,0.56,0.52
1168,0.82,0.82,0.84,0.92,0.57,0.61,0.56,0.52
1169,0.82,0.82,0.84,0.92,0.59,0.61,0.57,0.52
1170,0.84,0.82,0.84,0.92,0.59,0.61,0.58,0.52
1171,0.84,0.83,0.86,0.92,0.64,0.62,0.64,0.56
1172,0.84,0.84,0.86,0.92,0.62,0.62,0.65,0.57
1173,0.85,0.84,0.86,0.92,0.64,0.62,0.66,0.57
1174,0.84,0.84,0.88,0.92,0.66,0.63,0.66,0.57
1175,0.85,0.84,0.88,0.92,0.66,0.63,0.67,0.6
1176,0.89,0.83,0.88,0.92,0.66,0.63,0.67,0.59
1177,0.89,0.83,0.88,0.93,0.68,0.64,0.7,0.62
1178,0.87,0.83,0.88,0.93,0.7,0.65,0.7,0.64
1179,0.87,0.83,0.88,0.93,0.69,0.65,0.72,0.64
1180,0.87,0.83,0.88,0.93,0.7,0.66,0.7,0.66
1181,0.89,0.84,0.88,0.93,0.7,0.66,0.71,0.64
1182,0.87,0.83,0.87,0.93,0.72,0.66,0.71,0.66
1183,0.87,0.84,0.87,0.93,0.72,0.66,0.7,0.64
1184,0.87,0.83,0.87,0.93,0.73,0.66,0.71,0.66
1185,0.84,0.84,0.86,0.93,0.72,0.67,0.71,0.66
1186,0.85,0.84,0.86,0.94,0.74,0.67,0.71,0.66
1187,0.84,0.83,0.86,0.93,0.73,0.68,0.71,0.68
1188,0.87,0.83,0.85,0.94,0.74,0.68,0.72,0.66
1189,0.84,0.82,0.84,0.94,0.75,0.68,0.72,0.68
1190,0.85,0.82,0.84,0.94,0.74,0.69,0.74,0.68
1191,0.85,0.81,0.84,0.93,0.76,0.69,0.74,0.68
1192,0.82,0.81,0.83,0.94,0.76,0.7,0.76,0.7
1193,0.84,0.82,0.83,0.94,0.76,0.7,0.76,0.7
1194,0.82,0.82,0.82,0.93,0.77,0.7,0.78,0.72
1195,0.82,0.82,0.83,0.93,0.78,0.71,0.78,0.74
1196,0.84,0.81,0.83,0.93,0.79,0.72,0.81,0.76
1197,0.82,0.81,0.82,0.93,0.79,0.72,0.82,0.78
1198,0.8,0.82,0.82,0.93,0.8,0.73,0.82,0.78
1199,0.8,0.82,0.82,0.94,0.82,0.74,0.83,0.78
1200,0.82,0.82,0.82,0.94,0.8,0.74,0.82,0.78
1201,0.8,0.81,0.82,0.93,0.81,0.74,0.82,0.81
1202,0.8,0.82,0.82,0.92,0.81,0.74,0.82,0.8
1203,0.78,0.82,0.82,0.92,0.81,0.76,0.81,0.8
1204,0.8,0.82,0.82,0.93,0.82,0.77,0.81,0.8
1205,0.84,0.84,0.83,0.94,0.82,0.77,0.81,0.8
1206,0.8,0.82,0.84,0.93,0.82,0.77,0.82,0.82
1207,0.8,0.84,0.84,0.93,0.82,0.77,0.82,0.81
1208,0.82,0.84,0.84,0.93,0.82,0.78,0.81,0.8
1209,0.85,0.84,0.85,0.93,0.82,0.78,0.8,0.81
1210,0.8,0.86,0.85,0.93,0.82,0.78,0.8,0.8
1211,0.82,0.86,0.86,0.93,0.84,0.79,0.8,0.8
1212,0.8,0.84,0.86,0.93,0.83,0.79,0.81,0.8
1213,0.82,0.84,0.86,0.93,0.83,0.79,0.8,0.81
1214,0.82,0.86,0.87,0.93,0.83,0.8,0.81,0.82
1215,0.84,0.86,0.88,0.94,0.83,0.81,0.8,0.81
1216,0.85,0.86,0.88,0.94,0.84,0.81,0.8,0.84
1217,0.82,0.86,0.88,0.94,0.84,0.82,0.82,0.84
1218,0.84,0.86,0.88,0.94,0.84,0.82,0.82,0.85
1219,0.84,0.86,0.88,0.94,0.84,0.82,0.82,0.81
1220,0.84,0.86,0.9,0.94,0.84,0.83,0.82,0.84
1221,0.84,0.86,0.9,0.94,0.84,0.83,0.84,0.85
1222,0.89,0.86,0.9,0.94,0.86,0.84,0.82,0.85
1223,0.84,0.86,0.9,0.94,0.86,0.83,0.82,0.84
1224,0.85,0.88,0.9,0.94,0.86,0.84,0.82,0.85
1225,0.89,0.88,0.9,0.94,0.86,0.84,0.82,0.86
1226,0.85,0.88,0.91,0.94,0.86,0.84,0.82,0.85
1227,0.87,0.89,0.91,0.94,0.86,0.84,0.81,0.85
1228,0.89,0.89,0.92,0.94,0.86,0.83,0.82,0.85
1229,0.87,0.89,0.92,0.94,0.86,0.83,0.8,0.84
1230,0.87,0.9,0.91,0.94,0.86,0.83,0.8,0.84
1231,0.91,0.9,0.9,0.94,0.85,0.83,0.78,0.82
1232,0.87,0.9,0.9,0.94,0.86,0.83,0.8,0.82
1233,0.87,0.92,0.89,0.94,0.84,0.82,0.78,0.81
1234,0.85,0.9,0.9,0.94,0.84,0.82,0.78,0.81
1235,0.85,0.9,0.88,0.94,0.84,0.82,0.78,0.8
1236,0.89,0.92,0.88,0.94,0.84,0.82,0.78,0.81
1237,0.85,0.9,0.86,0.94,0.82,0.8,0.8,0.81
1238,0.85,0.9,0.85,0.94,0.83,0.82,0.8,0.82
1239,0.85,0.92,0.85,0.94,0.84,0.8,0.8,0.83
1240,0.85,0.9,0.83,0.94,0.82,0.8,0.8,0.82
1241,0.85,0.92,0.82,0.94,0.84,0.8,0.85,0.86
1242,0.85,0.91,0.82,0.94,0.84,0.8,0.85,0.86
1243,0.87,0.91,0.82,0.94,0.84,0.79,0.86,0.88
1244,0.85,0.9,0.81,0.94,0.83,0.8,0.84,0.88
1245,0.85,0.9,0.81,0.94,0.84,0.8,0.85,0.89
1246,0.85,0.91,0.81,0.93,0.83,0.79,0.86,0.88
1247,0.87,0.91,0.81,0.93,0.83,0.79,0.86,0.89
1248,0.85,0.91,0.81,0.93,0.84,0.8,0.86,0.89
1249,0.91,0.91,0.81,0.93,0.84,0.79,0.87,0.9
1250,0.85,0.9,0.82,0.92,0.84,0.79,0.88,0.92
1251,0.85,0.9,0.82,0.93,0.83,0.79,0.86,0.92
1252,0.89,0.9,0.82,0.93,0.83,0.79,0.86,0.92
1253,0.85,0.9,0.82,0.92,0.83,0.78,0.86,0.92
1254,0.87,0.9,0.82,0.92,0.83,0.78,0.87,0.94
1255,0.85,0.89,0.82,0.92,0.82,0.78,0.86,0.92
1256,0.85,0.88,0.82,0.92,0.83,0.78,0.86,0.94
1257,0.89,0.88,0.82,0.93,0.82,0.78,0.85,0.93
1258,0.89,0.88,0.84,0.92,0.82,0.78,0.84,0.92
1259,0.85,0.88,0.84,0.92,0.82,0.78,0.84,0.92
1260,0.85,0.9,0.84,0.92,0.8,0.78,0.83,0.92
1261,0.87,0.88,0.84,0.92,0.82,0.78,0.82,0.9
1262,0.85,0.88,0.84,0.92,0.8,0.78,0.82,0.89
1263,0.85,0.89,0.84,0.92,0.8,0.78,0.8,0.88
1264,0.89,0.89,0.85,0.92,0.79,0.78,0.79,0.88
1265,0.85,0.89,0.84,0.92,0.78,0.77,0.78,0.86
1266,0.85,0.9,0.85,0.92,0.78,0.78,0.77,0.86
1267,0.87,0.9,0.85,0.93,0.77,0.76,0.76,0.84
1268,0.85,0.89,0.86,0.92,0.76,0.76,0.74,0.82
1269,0.87,0.89,0.86,0.92,0.76,0.76,0.74,0.82
1270,0.85,0.9,0.86,0.92,0.75,0.76,0.72,0.82
1271,0.84,0.89,0.86,0.93,0.74,0.76,0.72,0.8
1272,0.85,0.89,0.86,0.92,0.74,0.76,0.72,0.78
1273,0.84,0.89,0.86,0.93,0.74,0.76,0.7,0.77
1274,0.82,0.88,0.86,0.93,0.73,0.76,0.7,0.78
1275,0.84,0.88,0.86,0.93,0.72,0.76,0.68,0.76
1276,0.84,0.87,0.86,0.93,0.72,0.74,0.68,0.76
1277,0.8,0.87,0.86,0.92,0.72,0.74,0.67,0.74
1278,0.78,0.84,0.86,0.92,0.69,0.74,0.65,0.71
1279,0.76,0.84,0.86,0.92,0.69,0.74,0.63,0.7
1280,0.75,0.82,0.86,0.92,0.68,0.74,0.63,0.7
1281,0.76,0.84,0.85,0.93,0.68,0.73,0.63,0.7
1282,0.73,0.84,0.84,0.93,0.67,0.74,0.62,0.69
1283,0.73,0.82,0.84,0.93,0.68,0.74,0.62,0.68
1284,0.71,0.82,0.84,0.93,0.67,0.74,0.6,0.66
1285,0.71,0.81,0.84,0.93,0.66,0.74,0.62,0.68
1286,0.71,0.81,0.84,0.93,0.66,0.74,0.6,0.66
1287,0.71,0.8,0.84,0.93,0.66,0.73,0.6,0.66
1288,0.69,0.79,0.84,0.92,0.65,0.73,0.6,0.64
1289,0.69,0.79,0.84,0.92,0.65,0.73,0.59,0.64
1290,0.69,0.79,0.84,0.93,0.64,0.72,0.57,0.63
1291,0.69,0.79,0.84,0.92,0.63,0.71,0.57,0.63
1292,0.69,0.79,0.84,0.92,0.64,0.71,0.56,0.61
1293,0.71,0.8,0.84,0.93,0.63,0.71,0.56,0.62
1294,0.71,0.79,0.84,0.93,0.62,0.71,0.56,0.61
1295,0.71,0.78,0.84,0.93,0.62,0.7,0.55,0.6
1296,0.75,0.79,0.84,0.93,0.62,0.7,0.55,0.6
1297,0.76,0.8,0.86,0.93,0.62,0.7,0.54,0.6
1298,0.73,0.8,0.84,0.93,0.62,0.7,0.53,0.58
1299,0.75,0.78,0.85,0.94,0.6,0.7,0.53,0.56
1300,0.75,0.8,0.85,0.94,0.6,0.7,0.52,0.57
1301,0.76,0.8,0.86,0.94,0.6,0.7,0.52,0.57
1302,0.76,0.8,0.85,0.94,0.59,0.7,0.5,0.56
1303,0.76,0.8,0.85,0.94,0.59,0.7,0.5,0.55
1304,0.78,0.81,0.85,0.94,0.59,0.7,0.51,0.54
1305,0.78,0.81,0.86,0.94,0.59,0.7,0.5,0.54
1306,0.78,0.81,0.86,0.94,0.59,0.7,0.5,0.55
1307,0.8,0.83,0.86,0.94,0.58,0.7,0.5,0.54
1308,0.8,0.82,0.86,0.94,0.58,0.68,0.5,0.52
1309,0.8,0.83,0.87,0.94,0.58,0.68,0.49,0.54
1310,0.8,0.83,0.87,0.94,0.57,0.7,0.48,0.52
1311,0.8,0.84,0.87,0.94,0.57,0.68,0.48,0.52
1312,0.8,0.84,0.88,0.94,0.57,0.69,0.48,0.52
1313,0.85,0.84,0.88,0.94,0.57,0.68,0.49,0.52
1314,0.8,0.84,0.88,0.94,0.57,0.69,0.48,0.52
1315,0.8,0.84,0.88,0.94,0.57,0.69,0.5,0.52
1316,0.82,0.86,0.88,0.94,0.57,0.68,0.49,0.5
1317,0.8,0.86,0.88,0.94,0.56,0.68,0.48,0.5
1318,0.82,0.86,0.88,0.94,0.57,0.68,0.48,0.5
1319,0.82,0.86,0.88,0.94,0.57,0.68,0.5,0.51
1320,0.82,0.86,0.88,0.94,0.56,0.68,0.48,0.52
1321,0.85,0.86,0.89,0.94,0.57,0.68,0.5,0.51
1322,0.82,0.87,0.9,0.94,0.57,0.68,0.5,0.51
1323,0.82,0.88,0.9,0.94,0.57,0.68,0.5,0.51
1324,0.84,0.89,0.9,0.94,0.58,0.68,0.5,0.51
1325,0.84,0.9,0.9,0.95,0.58,0.68,0.5,0.52
1326,0.84,0.89,0.9,0.95,0.56,0.67,0.5,0.51
1327,0.84,0.9,0.9,0.94,0.56,0.68,0.5,0.5
1328,0.87,0.89,0.9,0.95,0.58,0.68,0.5,0.51
1329,0.85,0.91,0.91,0.94,0.56,0.68,0.5,0.5
1330,0.87,0.91,0.92,0.96,0.57,0.69,0.5,0.51
1331,0.87,0.9,0.92,0.95,0.57,0.68,0.5,0.52
1332,0.85,0.9,0.91,0.95,0.57,0.68,0.49,0.5
1333,0.85,0.9,0.92,0.96,0.56,0.69,0.48,0.49
1334,0.91,0.9,0.92,0.96,0.56,0.69,0.5,0.5
1335,0.91,0.91,0.92,0.96,0.57,0.7,0.5,0.5
1336,0.89,0.91,0.92,0.96,0.57,0.7,0.48,0.5
1337,0.89,0.92,0.92,0.96,0.57,0.71,0.5,0.52
1338,0.89,0.91,0.92,0.96,0.57,0.71,0.48,0.5
1339,0.91,0.91,0.92,0.96,0.57,0.72,0.48,0.5
1340,0.91,0.92,0.92,0.96,0.58,0.72,0.48,0.5
1341,0.89,0.92,0.93,0.96,0.58,0.73,0.49,0.5
1342,0.95,0.93,0.93,0.96,0.58,0.73,0.48,0.52
1343,0.91,0.93,0.93,0.96,0.58,0.74,0.48,0.5
1344,0.91,0.94,0.93,0.96,0.57,0.74,0.48,0.5
1345,0.91,0.94,0.93,0.96,0.57,0.74,0.48,0.5
1346,0.93,0.94,0.93,0.96,0.58,0.75,0.48,0.5
1347,0.91,0.94,0.93,0.96,0.57,0.75,0.48,0.5
1348,0.91,0.94,0.94,0.96,0.58,0.74,0.48,0.5
1349,0.91,0.96,0.94,0.97,0.58,0.75,0.48,0.5
1350,0.93,0.94,0.94,0.97,0.58,0.76,0.48,0.5
1351,0.91,0.94,0.94,0.97,0.58,0.76,0.46,0.5
1352,0.95,0.94,0.94,0.97,0.58,0.76,0.48,0.5
1353,0.91,0.94,0.94,0.97,0.57,0.76,0.46,0.5
1354,0.96,0.94,0.95,0.97,0.58,0.76,0.46,0.5
1355,0.91,0.94,0.96,0.98,0.57,0.78,0.46,0.48
1356,0.91,0.94,0.95,0.98,0.58,0.78,0.46,0.48
1357,0.91,0.94,0.94,0.98,0.58,0.78,0.45,0.48
1358,0.91,0.94,0.95,0.98,0.58,0.78,0.46,0.48
1359,0.91,0.94,0.96,0.98,0.57,0.78,0.45,0.47
1360,0.91,0.94,0.95,0.98,0.57,0.78,0.45,0.47
1361,0.93,0.94,0.96,0.98,0.57,0.78,0.45,0.47
1362,0.95,0.94,0.96,0.98,0.57,0.78,0.44,0.47
1363,0.95,0.94,0.96,0.99,0.57,0.78,0.45,0.45
1364,0.93,0.94,0.96,0.98,0.56,0.78,0.44,0.47
1365,0.93,0.92,0.96,0.99,0.57,0.77,0.44,0.46
1366,0.95,0.92,0.96,0.99,0.56,0.78,0.44,0.46
1367,0.93,0.92,0.94,0.99,0.57,0.77,0.44,0.44
1368,0.95,0.9,0.94,1.0,0.58,0.79,0.46,0.48
1369,1.0,0.89,0.94,1.0,0.58,0.8,0.46,0.48
1370,0.95,0.9,0.94,1.0,0.6,0.8,0.48,0.48
1371,0.98,0.9,0.94,1.0,0.6,0.8,0.48,0.51
1372,1.0,0.89,0.93,1.0,0.62,0.81,0.5,0.51
1373,0.96,0.9,0.94,1.0,0.63,0.82,0.5,0.52
1374,0.96,0.9,0.94,1.0,0.64,0.81,0.52,0.54
1375,0.96,0.9,0.93,1.0,0.66,0.82,0.53,0.53
1376,0.98,0.88,0.93,1.0,0.65,0.83,0.54,0.53
1377,0.96,0.88,0.93,1.0,0.67,0.83,0.55,0.55
1378,0.96,0.88,0.92,1.0,0.68,0.83,0.56,0.56
1379,0.96,0.88,0.92,1.0,0.67,0.84,0.57,0.57
1380,0.98,0.88,0.92,1.0,0.68,0.84,0.57,0.56
1381,0.96,0.86,0.92,1.0,0.68,0.84,0.57,0.58
1382,0.98,0.87,0.91,1.0,0.7,0.84,0.57,0.59
1383,0.96,0.86,0.91,1.0,0.7,0.84,0.58,0.59
1384,0.96,0.86,0.91,1.0,0.7,0.85,0.59,0.6
1385,0.98,0.84,0.9,1.0,0.72,0.84,0.6,0.6
1386,0.93,0.84,0.9,1.0,0.73,0.85,0.6,0.6
1387,0.95,0.83,0.88,1.0,0.73,0.84,0.58,0.59
1388,0.91,0.82,0.88,0.99,0.73,0.84,0.58,0.59
1389,0.91,0.81,0.88,1.0,0.73,0.84,0.58,0.6
1390,0.95,0.81,0.88,0.99,0.72,0.84,0.58,0.59
1391,0.91,0.81,0.87,0.99,0.72,0.82,0.6,0.59
1392,0.89,0.8,0.86,0.99,0.72,0.84,0.6,0.6
1393,0.89,0.81,0.87,0.99,0.72,0.82,0.58,0.59
1394,0.87,0.79,0.86,0.99,0.72,0.82,0.58,0.59
1395,0.87,0.78,0.86,0.99,0.72,0.82,0.58,0.59
1396,0.89,0.77,0.84,0.98,0.71,0.82,0.59,0.6
1397,0.89,0.76,0.84,0.98,0.72,0.82,0.59,0.59
1398,0.89,0.77,0.84,0.98,0.71,0.81,0.59,0.59
1399,0.87,0.76,0.82,0.98,0.7,0.8,0.58,0.59
1400,0.85,0.76,0.82,0.98,0.71,0.81,0.59,0.57
1401,0.84,0.76,0.82,0.98,0.7,0.8,0.59,0.59
1402,0.85,0.74,0.81,0.98,0.7,0.8,0.58,0.56
1403,0.84,0.74,0.81,0.98,0.7,0.8,0.58,0.56
1404,0.85,0.73,0.8,0.97,0.7,0.8,0.58,0.57
1405,0.82,0.72,0.78,0.97,0.68,0.79,0.57,0.56
1406,0.84,0.72,0.79,0.97,0.68,0.79,0.57,0.56
1407,0.8,0.7,0.77,0.97,0.68,0.78,0.56,0.56
1408,0.78,0.7,0.77,0.96,0.67,0.78,0.56,0.56
1409,0.82,0.69,0.77,0.96,0.66,0.78,0.55,0.55
1410,0.76,0.7,0.76,0.96,0.66,0.76,0.55,0.55
1411,0.76,0.68,0.75,0.96,0.64,0.76,0.54,0.55
1412,0.75,0.68,0.74,0.96,0.64,0.76,0.52,0.55
1413,0.78,0.68,0.74,0.95,0.64,0.76,0.53,0.53
1414,0.75,0.66,0.72,0.94,0.63,0.74,0.5,0.52
1415,0.73,0.66,0.7,0.94,0.62,0.74,0.5,0.52
1416,0.73,0.66,0.7,0.94,0.62,0.72,0.5,0.5
1417,0.73,0.64,0.7,0.94,0.6,0.72,0.48,0.5
1418,0.76,0.64,0.69,0.94,0.6,0.72,0.48,0.5
1419,0.73,0.62,0.68,0.93,0.6,0.72,0.48,0.5
1420,0.71,0.62,0.68,0.93,0.58,0.7,0.48,0.5
1421,0.75,0.62,0.68,0.93,0.58,0.7,0.47,0.5
1422,0.73,0.62,0.67,0.92,0.58,0.7,0.47,0.47
1423,0.71,0.62,0.66,0.92,0.57,0.7,0.47,0.47
1424,0.71,0.6,0.66,0.92,0.56,0.68,0.46,0.47
1425,0.69,0.62,0.66,0.92,0.56,0.68,0.46,0.47
1426,0.69,0.61,0.65,0.92,0.56,0.68,0.46,0.47
1427,0.69,0.6,0.64,0.92,0.56,0.66,0.45,0.46
1428,0.69,0.6,0.64,0.91,0.56,0.66,0.44,0.44
1429,0.69,0.61,0.64,0.91,0.55,0.66,0.44,0.46
1430,0.67,0.59,0.62,0.9,0.53,0.64,0.43,0.44
1431,0.69,0.6,0.63,0.9,0.53,0.64,0.42,0.44
1432,0.67,0.58,0.62,0.9,0.53,0.64,0.42,0.44
1433,0.67,0.59,0.62,0.9,0.52,0.64,0.42,0.44
1434,0.67,0.58,0.62,0.9,0.51,0.63,0.41,0.44
1435,0.69,0.59,0.6,0.89,0.51,0.62,0.41,0.42
1436,0.67,0.59,0.6,0.89,0.5,0.62,0.4,0.41
1437,0.67,0.58,0.6,0.88,0.5,0.61,0.42,0.42
1438,0.71,0.59,0.59,0.88,0.5,0.61,0.4,0.4
1439,0.65,0.57,0.57,0.88,0.49,0.6,0.39,0.38
1440,0.65,0.57,0.57,0.87,0.49,0.6,0.39,0.4
1441,0.64,0.56,0.56,0.87,0.48,0.6,0.38,0.4
1442,0.64,0.55,0.56,0.87,0.48,0.59,0.38,0.38
1443,0.62,0.56,0.56,0.86,0.46,0.58,0.38,0.38
1444,0.62,0.55,0.55,0.86,0.46,0.57,0.37,0.38
1445,0.62,0.54,0.55,0.86,0.46,0.57,0.36,0.36
1446,0.62,0.54,0.55,0.86,0.46,0.57,0.36,0.36
1447,0.65,0.54,0.55,0.85,0.46,0.56,0.36,0.36
1448,0.6,0.54,0.54,0.85,0.46,0.56,0.36,0.36
1449,0.58,0.53,0.53,0.85,0.44,0.55,0.34,0.36
1450,0.58,0.52,0.52,0.85,0.44,0.54,0.34,0.35
1451,0.58,0.51,0.52,0.84,0.43,0.54,0.34,0.35
1452,0.62,0.51,0.51,0.84,0.43,0.54,0.34,0.35
1453,0.56,0.5,0.5,0.84,0.43,0.52,0.34,0.32
1454,0.56,0.5,0.5,0.84,0.42,0.52,0.33,0.32
1455,0.56,0.48,0.48,0.83,0.42,0.52,0.32,0.32
1456,0.55,0.48,0.48,0.82,0.4,0.51,0.32,0.32
1457,0.56,0.48,0.48,0.82,0.4,0.5,0.32,0.32
1458,0.55,0.48,0.47,0.82,0.4,0.49,0.32,0.32
1459,0.53,0.46,0.46,0.81,0.39,0.49,0.3,0.3
1460,0.53,0.48,0.46,0.81,0.4,0.48,0.3,0.29
1461,0.55,0.46,0.45,0.81,0.38,0.48,0.31,0.29
1462,0.51,0.46,0.45,0.8,0.38,0.47,0.3,0.3
1463,0.51,0.46,0.44,0.79,0.37,0.46,0.3,0.28
1464,0.51,0.44,0.43,0.79,0.36,0.46,0.29,0.28
1465,0.49,0.44,0.43,0.78,0.36,0.45,0.28,0.28
1466,0.49,0.44,0.42,0.78,0.36,0.44,0.28,0.26
1467,0.49,0.44,0.42,0.78,0.36,0.44,0.28,0.26
1468,0.49,0.42,0.4,0.77,0.35,0.43,0.28,0.26
1469,0.49,0.42,0.4,0.77,0.34,0.42,0.27,0.26
1470,0.47,0.42,0.4,0.76,0.33,0.42,0.26,0.24
1471,0.49,0.44,0.4,0.76,0.33,0.42,0.26,0.26
1472,0.47,0.42,0.38,0.76,0.32,0.41,0.26,0.25
1473,0.47,0.44,0.38,0.75,0.32,0.4,0.24,0.24
1474,0.47,0.42,0.38,0.75,0.32,0.4,0.25,0.24
1475,0.45,0.42,0.38,0.75,0.31,0.4,0.24,0.24
1476,0.45,0.42,0.37,0.75,0.31,0.39,0.24,0.22
1477,0.44,0.4,0.36,0.74,0.3,0.38,0.24,0.21
1478,0.44,0.38,0.36,0.74,0.3,0.38,0.22,0.22
1479,0.44,0.39,0.35,0.73,0.28,0.37,0.22,0.21
1480,0.45,0.38,0.34,0.73,0.29,0.37,0.22,0.21
1481,0.44,0.38,0.34,0.73,0.28,0.36,0.22,0.2
1482,0.42,0.4,0.34,0.72,0.28,0.36,0.22,0.2
1483,0.42,0.38,0.34,0.72,0.28,0.36,0.22,0.2
1484,0.42,0.38,0.33,0.72,0.28,0.35,0.22,0.2
1485,0.42,0.38,0.32,0.72,0.28,0.36,0.22,0.2
1486,0.4,0.38,0.33,0.71,0.26,0.35,0.21,0.2
1487,0.45,0.38,0.32,0.7,0.26,0.34,0.22,0.2
1488,0.44,0.38,0.31,0.7,0.27,0.34,0.2,0.2
1489,0.45,0.36,0.31,0.7,0.26,0.33,0.2,0.2
1490,0.4,0.38,0.3,0.69,0.27,0.33,0.2,0.17
1491,0.4,0.38,0.3,0.69,0.25,0.33,0.2,0.17
1492,0.38,0.36,0.3,0.69,0.24,0.32,0.2,0.17
1493,0.36,0.36,0.29,0.68,0.23,0.32,0.19,0.17
1494,0.38,0.36,0.29,0.68,0.24,0.32,0.19,0.16
1495,0.36,0.34,0.28,0.66,0.22,0.3,0.18,0.15
1496,0.36,0.34,0.27,0.66,0.22,0.3,0.2,0.15
1497,0.35,0.34,0.28,0.66,0.22,0.3,0.18,0.15
1498,0.35,0.34,0.27,0.66,0.22,0.29,0.18,0.15
1499,0.35,0.34,0.26,0.66,0.22,0.28,0.18,0.14
