0,0.01,0.01,0.01,0.06,0.05,0.47,0.47,0.51
1,0.0,0.01,0.0,0.05,0.06,0.47,0.47,0.51
2,0.0,0.01,0.0,0.05,0.09,0.47,0.47,0.55
3,0.02,0.01,0.0,0.06,0.05,0.38,0.47,0.51
4,0.0,0.01,0.01,0.05,0.06,0.38,0.47,0.55
5,0.0,0.0,0.01,0.05,0.05,0.38,0.47,0.55
6,0.0,0.02,0.01,0.05,0.06,0.47,0.47,0.55
7,0.0,0.01,0.01,0.05,0.09,0.47,0.47,0.55
8,0.0,0.01,0.0,0.05,0.05,0.45,0.47,0.55
9,0.01,0.01,0.0,0.05,0.09,0.47,0.52,0.55
10,0.01,0.01,0.0,0.05,0.05,0.47,0.47,0.51
11,0.01,0.0,0.0,0.04,0.05,0.47,0.47,0.55
12,0.0,0.01,0.0,0.05,0.05,0.47,0.47,0.51
13,0.01,0.01,0.0,0.03,0.05,0.47,0.52,0.55
14,0.0,0.01,0.01,0.03,0.06,0.45,0.47,0.51
15,0.02,0.01,0.0,0.05,0.06,0.47,0.52,0.55
16,0.01,0.01,0.0,0.03,0.05,0.38,0.47,0.51
17,0.01,0.01,0.0,0.04,0.05,0.37,0.52,0.51
18,0.0,0.01,0.0,0.04,0.05,0.38,0.52,0.51
19,0.0,0.0,0.0,0.04,0.05,0.47,0.47,0.51
20,0.0,0.01,0.0,0.04,0.09,0.37,0.52,0.51
21,0.0,0.0,0.01,0.04,0.09,0.47,0.52,0.51
22,0.0,0.01,0.01,0.04,0.05,0.45,0.52,0.57
23,0.01,0.0,0.0,0.02,0.09,0.37,0.47,0.51
24,0.0,0.01,0.0,0.04,0.05,0.37,0.52,0.55
25,0.01,0.0,0.0,0.04,0.09,0.37,0.52,0.57
26,0.0,0.0,0.0,0.02,0.05,0.37,0.52,0.57
27,0.01,0.0,0.01,0.03,0.09,0.45,0.52,0.57
28,0.01,0.0,0.01,0.02,0.05,0.45,0.47,0.51
29,0.0,0.01,0.0,0.01,0.05,0.45,0.52,0.57
30,0.04,0.01,0.01,0.03,0.05,0.37,0.52,0.57
31,0.01,0.0,0.0,0.01,0.05,0.37,0.58,0.57
32,0.01,0.01,0.0,0.02,0.05,0.37,0.52,0.57
33,0.01,0.01,0.0,0.02,0.05,0.45,0.52,0.57
34,0.01,0.01,0.0,0.02,0.09,0.45,0.52,0.57
35,0.01,0.0,0.0,0.01,0.09,0.45,0.52,0.57
36,0.01,0.01,0.0,0.03,0.05,0.45,0.52,0.57
37,0.01,0.01,0.01,0.03,0.09,0.45,0.52,0.57
38,0.01,0.0,0.01,0.03,0.09,0.37,0.52,0.57
39,0.04,0.01,0.01,0.03,0.09,0.45,0.58,0.61
40,0.05,0.01,0.01,0.03,0.09,0.45,0.58,0.57
41,0.01,0.0,0.01,0.03,0.05,0.45,0.52,0.57
42,0.01,0.0,0.01,0.03,0.05,0.45,0.58,0.57
43,0.04,0.0,0.01,0.03,0.09,0.45,0.52,0.61
44,0.02,0.0,0.01,0.02,0.05,0.45,0.57,0.57
45,0.02,0.01,0.01,0.03,0.09,0.45,0.52,0.57
46,0.01,0.01,0.01,0.03,0.09,0.43,0.62,0.57
47,0.01,0.0,0.01,0.05,0.09,0.43,0.52,0.57
48,0.02,0.01,0.01,0.05,0.09,0.43,0.52,0.57
49,0.02,0.0,0.01,0.06,0.09,0.43,0.57,0.57
50,0.04,0.0,0.01,0.06,0.09,0.45,0.58,0.67
51,0.02,0.01,0.01,0.06,0.09,0.45,0.58,0.67
52,0.02,0.0,0.01,0.06,0.09,0.45,0.62,0.64
53,0.04,0.01,0.01,0.08,0.09,0.45,0.62,0.57
54,0.02,0.01,0.01,0.06,0.09,0.45,0.52,0.61
55,0.02,0.0,0.01,0.08,0.09,0.45,0.62,0.67
56,0.02,0.01,0.01,0.06,0.09,0.45,0.62,0.67
57,0.02,0.0,0.01,0.08,0.09,0.45,0.62,0.67
58,0.02,0.01,0.01,0.08,0.09,0.45,0.69,0.67
59,0.05,0.01,0.01,0.08,0.09,0.45,0.62,0.67
60,0.02,0.01,0.01,0.08,0.14,0.45,0.62,0.64
61,0.02,0.01,0.01,0.08,0.14,0.45,0.69,0.67
62,0.04,0.01,0.01,0.08,0.1,0.45,0.62,0.67
63,0.02,0.01,0.01,0.1,0.14,0.45,0.62,0.67
64,0.02,0.01,0.01,0.1,0.14,0.52,0.67,0.67
65,0.04,0.0,0.01,0.11,0.14,0.43,0.69,0.67
66,0.02,0.01,0.01,0.11,0.14,0.54,0.67,0.67
67,0.02,0.01,0.01,0.11,0.14,0.45,0.73,0.67
68,0.04,0.01,0.01,0.14,0.14,0.54,0.73,0.67
69,0.04,0.01,0.01,0.14,0.14,0.52,0.73,0.67
70,0.04,0.01,0.02,0.15,0.14,0.52,0.73,0.74
71,0.04,0.01,0.02,0.14,0.19,0.52,0.69,0.67
72,0.04,0.01,0.01,0.14,0.14,0.52,0.73,0.67
73,0.05,0.01,0.01,0.15,0.14,0.52,0.73,0.74
74,0.04,0.0,0.01,0.17,0.14,0.54,0.73,0.67
75,0.06,0.01,0.02,0.17,0.19,0.54,0.79,0.71
76,0.04,0.01,0.01,0.17,0.14,0.54,0.79,0.77
77,0.04,0.01,0.02,0.17,0.19,0.54,0.79,0.74
78,0.04,0.01,0.01,0.17,0.14,0.54,0.73,0.77
79,0.04,0.01,0.02,0.2,0.19,0.54,0.73,0.77
80,0.04,0.01,0.02,0.18,0.2,0.54,0.73,0.74
81,0.04,0.01,0.02,0.2,0.2,0.54,0.73,0.74
82,0.05,0.01,0.02,0.23,0.19,0.54,0.79,0.77
83,0.04,0.01,0.02,0.2,0.19,0.63,0.73,0.74
84,0.04,0.0,0.02,0.23,0.19,0.54,0.79,0.74
85,0.04,0.01,0.03,0.22,0.23,0.62,0.79,0.77
86,0.04,0.01,0.01,0.21,0.19,0.54,0.79,0.74
87,0.05,0.02,0.02,0.23,0.19,0.63,0.73,0.77
88,0.05,0.01,0.02,0.23,0.2,0.63,0.79,0.77
89,0.04,0.0,0.02,0.23,0.2,0.63,0.73,0.77
90,0.04,0.01,0.02,0.26,0.24,0.52,0.73,0.77
91,0.04,0.01,0.02,0.26,0.24,0.63,0.77,0.77
92,0.06,0.01,0.03,0.26,0.24,0.63,0.73,0.74
93,0.04,0.01,0.02,0.26,0.24,0.63,0.79,0.77
94,0.04,0.0,0.02,0.28,0.2,0.63,0.73,0.77
95,0.05,0.01,0.03,0.26,0.2,0.54,0.73,0.77
96,0.04,0.0,0.02,0.28,0.24,0.63,0.73,0.74
97,0.04,0.01,0.02,0.28,0.24,0.63,0.73,0.77
98,0.04,0.01,0.02,0.28,0.24,0.63,0.73,0.77
99,0.04,0.01,0.02,0.29,0.24,0.62,0.73,0.77
100,0.04,0.0,0.03,0.29,0.24,0.63,0.73,0.77
101,0.05,0.01,0.02,0.29,0.2,0.63,0.73,0.77
102,0.04,0.01,0.02,0.3,0.24,0.72,0.73,0.77
103,0.06,0.01,0.03,0.33,0.25,0.65,0.73,0.74
104,0.04,0.0,0.03,0.33,0.25,0.63,0.73,0.71
105,0.04,0.01,0.02,0.33,0.25,0.63,0.77,0.77
106,0.04,0.01,0.02,0.35,0.24,0.63,0.73,0.71
107,0.04,0.01,0.02,0.34,0.24,0.63,0.71,0.77
108,0.04,0.01,0.02,0.34,0.24,0.63,0.73,0.77
109,0.04,0.01,0.02,0.35,0.24,0.63,0.73,0.77
110,0.04,0.0,0.03,0.37,0.24,0.54,0.73,0.77
111,0.04,0.01,0.02,0.37,0.25,0.63,0.73,0.71
112,0.04,0.01,0.03,0.38,0.25,0.63,0.67,0.77
113,0.02,0.01,0.02,0.38,0.25,0.63,0.67,0.77
114,0.05,0.01,0.02,0.38,0.24,0.72,0.73,0.71
115,0.05,0.01,0.02,0.41,0.24,0.63,0.67,0.71
116,0.04,0.01,0.03,0.41,0.24,0.63,0.73,0.71
117,0.04,0.0,0.03,0.41,0.24,0.63,0.67,0.71
118,0.04,0.0,0.03,0.41,0.24,0.63,0.67,0.71
119,0.04,0.0,0.02,0.41,0.24,0.63,0.67,0.71
120,0.04,0.01,0.03,0.42,0.24,0.63,0.67,0.67
121,0.04,0.0,0.02,0.45,0.24,0.63,0.67,0.71
122,0.02,0.01,0.02,0.45,0.25,0.63,0.67,0.71
123,0.02,0.01,0.03,0.45,0.24,0.63,0.62,0.71
124,0.04,0.01,0.02,0.45,0.24,0.63,0.62,0.71
125,0.02,0.0,0.02,0.45,0.25,0.62,0.67,0.71
126,0.04,0.01,0.03,0.45,0.25,0.63,0.61,0.71
127,0.02,0.0,0.02,0.48,0.24,0.63,0.62,0.71
128,0.04,0.0,0.03,0.45,0.24,0.63,0.61,0.67
129,0.05,0.01,0.03,0.48,0.24,0.63,0.57,0.71
130,0.04,0.01,0.02,0.46,0.24,0.63,0.62,0.71
131,0.02,0.0,0.02,0.48,0.24,0.63,0.61,0.71
132,0.05,0.01,0.03,0.51,0.25,0.72,0.61,0.71
133,0.04,0.0,0.03,0.48,0.25,0.63,0.61,0.71
134,0.04,0.0,0.02,0.52,0.24,0.63,0.61,0.71
135,0.02,0.0,0.02,0.51,0.25,0.63,0.57,0.71
136,0.02,0.01,0.02,0.52,0.21,0.63,0.61,0.65
137,0.04,0.0,0.03,0.52,0.2,0.63,0.61,0.65
138,0.02,0.0,0.02,0.52,0.21,0.63,0.61,0.65
139,0.02,0.0,0.03,0.53,0.24,0.63,0.57,0.65
140,0.02,0.01,0.02,0.52,0.24,0.63,0.61,0.71
141,0.04,0.0,0.02,0.52,0.21,0.63,0.56,0.65
142,0.04,0.0,0.03,0.53,0.24,0.54,0.56,0.65
143,0.04,0.0,0.02,0.55,0.24,0.63,0.56,0.65
144,0.04,0.0,0.03,0.55,0.2,0.52,0.61,0.59
145,0.02,0.01,0.02,0.56,0.25,0.54,0.56,0.65
146,0.04,0.01,0.02,0.55,0.2,0.63,0.51,0.65
147,0.05,0.01,0.02,0.56,0.2,0.54,0.56,0.65
148,0.02,0.0,0.03,0.55,0.25,0.54,0.56,0.65
149,0.02,0.0,0.02,0.56,0.2,0.63,0.56,0.65
150,0.05,0.01,0.02,0.58,0.2,0.63,0.56,0.59
151,0.02,0.0,0.02,0.58,0.21,0.63,0.51,0.65
152,0.06,0.01,0.02,0.59,0.21,0.63,0.56,0.65
153,0.02,0.01,0.02,0.59,0.2,0.63,0.49,0.59
154,0.02,0.0,0.02,0.59,0.21,0.63,0.49,0.59
155,0.04,0.0,0.02,0.59,0.2,0.54,0.49,0.59
156,0.04,0.0,0.02,0.6,0.2,0.54,0.49,0.65
157,0.02,0.01,0.02,0.59,0.21,0.52,0.49,0.59
158,0.04,0.0,0.03,0.6,0.25,0.54,0.49,0.59
159,0.02,0.0,0.03,0.59,0.21,0.54,0.49,0.59
160,0.02,0.01,0.02,0.62,0.2,0.62,0.49,0.59
161,0.02,0.01,0.02,0.62,0.21,0.54,0.45,0.59
162,0.02,0.01,0.02,0.62,0.2,0.54,0.49,0.55
163,0.02,0.0,0.02,0.62,0.21,0.54,0.45,0.59
164,0.02,0.01,0.02,0.62,0.21,0.54,0.49,0.59
165,0.02,0.0,0.02,0.63,0.21,0.54,0.49,0.59
166,0.02,0.01,0.02,0.62,0.16,0.52,0.49,0.59
167,0.02,0.01,0.03,0.63,0.16,0.54,0.39,0.52
168,0.02,0.01,0.02,0.63,0.2,0.54,0.49,0.59
169,0.02,0.0,0.03,0.66,0.21,0.54,0.49,0.52
170,0.02,0.0,0.02,0.66,0.15,0.45,0.44,0.52
171,0.04,0.01,0.02,0.66,0.16,0.45,0.49,0.59
172,0.02,0.0,0.02,0.66,0.21,0.54,0.39,0.59
173,0.02,0.0,0.02,0.66,0.21,0.54,0.49,0.52
174,0.02,0.01,0.02,0.67,0.21,0.54,0.49,0.48
175,0.02,0.0,0.02,0.67,0.21,0.45,0.49,0.59
176,0.05,0.0,0.02,0.67,0.15,0.54,0.45,0.52
177,0.02,0.01,0.02,0.67,0.16,0.45,0.44,0.52
178,0.02,0.0,0.02,0.67,0.16,0.45,0.39,0.52
179,0.05,0.0,0.02,0.7,0.16,0.45,0.39,0.52
180,0.01,0.01,0.02,0.7,0.15,0.45,0.39,0.52
181,0.02,0.0,0.02,0.7,0.16,0.45,0.49,0.52
182,0.02,0.0,0.02,0.68,0.21,0.45,0.39,0.52
183,0.01,0.0,0.02,0.7,0.15,0.37,0.39,0.52
184,0.02,0.01,0.02,0.7,0.15,0.43,0.39,0.52
185,0.04,0.0,0.02,0.7,0.16,0.45,0.44,0.52
186,0.05,0.0,0.02,0.71,0.16,0.54,0.49,0.59
187,0.01,0.0,0.02,0.71,0.15,0.45,0.39,0.52
188,0.01,0.01,0.02,0.71,0.16,0.43,0.45,0.52
189,0.01,0.0,0.02,0.73,0.16,0.43,0.39,0.52
190,0.01,0.0,0.02,0.73,0.15,0.43,0.39,0.52
191,0.04,0.01,0.02,0.73,0.16,0.45,0.38,0.46
192,0.01,0.0,0.02,0.73,0.16,0.43,0.39,0.46
193,0.02,0.0,0.02,0.71,0.16,0.43,0.44,0.42
194,0.02,0.0,0.02,0.72,0.16,0.45,0.39,0.52
195,0.02,0.0,0.02,0.74,0.16,0.43,0.39,0.52
196,0.02,0.01,0.02,0.74,0.16,0.37,0.44,0.52
197,0.02,0.0,0.02,0.74,0.16,0.45,0.44,0.46
198,0.02,0.0,0.02,0.74,0.15,0.43,0.44,0.52
199,0.02,0.0,0.02,0.74,0.16,0.43,0.39,0.46
200,0.01,0.0,0.02,0.74,0.16,0.45,0.38,0.46
201,0.02,0.0,0.02,0.78,0.16,0.45,0.44,0.46
202,0.01,0.01,0.02,0.75,0.11,0.45,0.38,0.52
203,0.01,0.0,0.02,0.74,0.16,0.43,0.44,0.46
204,0.01,0.0,0.02,0.75,0.11,0.45,0.34,0.46
205,0.01,0.0,0.02,0.78,0.16,0.45,0.38,0.46
206,0.04,0.0,0.02,0.75,0.11,0.45,0.39,0.52
207,0.01,0.01,0.02,0.75,0.11,0.37,0.44,0.46
208,0.05,0.01,0.02,0.78,0.16,0.37,0.38,0.42
209,0.04,0.0,0.02,0.78,0.11,0.35,0.44,0.46
210,0.02,0.0,0.02,0.78,0.11,0.45,0.34,0.52
211,0.01,0.0,0.02,0.78,0.11,0.37,0.44,0.46
212,0.02,0.01,0.02,0.78,0.11,0.37,0.44,0.46
213,0.04,0.01,0.02,0.78,0.11,0.37,0.38,0.46
214,0.02,0.01,0.02,0.81,0.11,0.45,0.44,0.46
215,0.02,0.0,0.02,0.78,0.11,0.37,0.38,0.46
216,0.02,0.01,0.02,0.78,0.15,0.35,0.38,0.46
217,0.01,0.0,0.02,0.81,0.16,0.35,0.38,0.46
218,0.01,0.0,0.02,0.81,0.16,0.37,0.38,0.46
219,0.01,0.0,0.02,0.82,0.16,0.37,0.38,0.46
220,0.01,0.0,0.02,0.82,0.11,0.37,0.38,0.46
221,0.05,0.01,0.02,0.82,0.11,0.45,0.38,0.46
222,0.02,0.0,0.02,0.82,0.11,0.37,0.38,0.46
223,0.01,0.0,0.02,0.82,0.16,0.37,0.34,0.46
224,0.01,0.0,0.02,0.82,0.11,0.37,0.38,0.46
225,0.01,0.0,0.02,0.82,0.11,0.37,0.38,0.46
226,0.01,0.01,0.02,0.84,0.11,0.37,0.32,0.46
227,0.05,0.0,0.02,0.82,0.11,0.37,0.34,0.46
228,0.01,0.01,0.02,0.82,0.11,0.37,0.38,0.46
229,0.01,0.0,0.02,0.84,0.11,0.37,0.38,0.5
230,0.0,0.0,0.02,0.82,0.11,0.37,0.27,0.46
231,0.01,0.0,0.02,0.82,0.11,0.37,0.27,0.46
232,0.0,0.0,0.02,0.84,0.11,0.37,0.32,0.39
233,0.0,0.0,0.02,0.84,0.11,0.37,0.27,0.39
234,0.01,0.0,0.02,0.84,0.11,0.37,0.27,0.39
235,0.01,0.0,0.02,0.84,0.11,0.37,0.38,0.46
236,0.01,0.0,0.02,0.84,0.11,0.37,0.38,0.39
237,0.0,0.0,0.02,0.84,0.07,0.28,0.32,0.39
238,0.02,0.0,0.02,0.82,0.11,0.35,0.34,0.46
239,0.0,0.0,0.02,0.84,0.11,0.28,0.27,0.39
240,0.0,0.0,0.01,0.84,0.11,0.28,0.38,0.39
241,0.0,0.0,0.02,0.84,0.11,0.37,0.32,0.39
242,0.0,0.01,0.02,0.84,0.07,0.28,0.32,0.39
243,0.01,0.0,0.01,0.84,0.07,0.28,0.32,0.46
244,0.0,0.0,0.01,0.84,0.11,0.37,0.27,0.39
245,0.0,0.0,0.01,0.84,0.07,0.28,0.32,0.39
246,0.0,0.01,0.01,0.84,0.07,0.28,0.34,0.39
247,0.0,0.0,0.02,0.84,0.07,0.37,0.32,0.33
248,0.0,0.0,0.01,0.85,0.07,0.37,0.32,0.43
249,0.0,0.0,0.02,0.84,0.07,0.28,0.32,0.39
250,0.01,0.0,0.02,0.84,0.11,0.28,0.32,0.43
251,0.0,0.0,0.01,0.85,0.07,0.28,0.27,0.39
252,0.01,0.0,0.02,0.85,0.07,0.28,0.34,0.39
253,0.0,0.01,0.01,0.85,0.07,0.28,0.32,0.39
254,0.0,0.0,0.01,0.85,0.11,0.28,0.27,0.39
255,0.01,0.0,0.01,0.85,0.11,0.28,0.32,0.39
256,0.02,0.0,0.02,0.85,0.07,0.28,0.27,0.39
257,0.0,0.0,0.01,0.85,0.07,0.37,0.32,0.39
258,0.0,0.0,0.01,0.85,0.11,0.28,0.27,0.39
259,0.01,0.0,0.01,0.85,0.11,0.28,0.32,0.39
260,0.0,0.0,0.01,0.89,0.07,0.27,0.27,0.33
261,0.0,0.0,0.01,0.88,0.07,0.28,0.27,0.33
262,0.01,0.0,0.01,0.89,0.07,0.28,0.27,0.43
263,0.0,0.0,0.01,0.89,0.07,0.27,0.32,0.39
264,0.0,0.0,0.02,0.89,0.11,0.28,0.27,0.33
265,0.0,0.0,0.02,0.86,0.07,0.28,0.27,0.33
266,0.0,0.0,0.01,0.86,0.07,0.28,0.26,0.39
267,0.01,0.0,0.01,0.85,0.07,0.28,0.32,0.37
268,0.0,0.0,0.01,0.88,0.11,0.28,0.32,0.39
269,0.01,0.0,0.02,0.89,0.07,0.28,0.27,0.33
270,0.01,0.0,0.02,0.89,0.07,0.28,0.26,0.43
271,0.01,0.0,0.02,0.89,0.07,0.28,0.22,0.39
272,0.0,0.0,0.01,0.89,0.11,0.19,0.26,0.43
273,0.0,0.0,0.01,0.88,0.07,0.27,0.32,0.37
274,0.0,0.0,0.01,0.89,0.06,0.28,0.32,0.43
275,0.0,0.0,0.02,0.88,0.07,0.19,0.32,0.33
276,0.0,0.0,0.01,0.89,0.07,0.28,0.26,0.33
277,0.0,0.0,0.01,0.89,0.06,0.27,0.26,0.39
278,0.0,0.0,0.02,0.86,0.07,0.19,0.22,0.37
279,0.0,0.0,0.02,0.89,0.07,0.19,0.27,0.33
280,0.0,0.0,0.01,0.89,0.06,0.28,0.27,0.39
281,0.0,0.0,0.02,0.89,0.07,0.27,0.26,0.39
282,0.01,0.0,0.01,0.89,0.07,0.19,0.27,0.33
283,0.0,0.0,0.01,0.91,0.07,0.18,0.22,0.43
284,0.0,0.0,0.01,0.89,0.07,0.28,0.27,0.33
285,0.01,0.0,0.02,0.9,0.07,0.18,0.22,0.33
286,0.01,0.0,0.01,0.9,0.07,0.18,0.22,0.33
287,0.0,0.0,0.01,0.89,0.07,0.28,0.26,0.33
288,0.0,0.0,0.01,0.89,0.07,0.28,0.22,0.33
289,0.0,0.01,0.01,0.9,0.07,0.19,0.22,0.33
290,0.04,0.0,0.02,0.89,0.07,0.27,0.22,0.33
291,0.02,0.0,0.02,0.9,0.07,0.19,0.27,0.33
292,0.04,0.0,0.02,0.9,0.07,0.19,0.26,0.33
293,0.01,0.0,0.01,0.9,0.07,0.19,0.26,0.33
294,0.0,0.0,0.02,0.9,0.07,0.19,0.22,0.37
295,0.0,0.0,0.01,0.89,0.02,0.19,0.22,0.33
296,0.0,0.0,0.01,0.92,0.07,0.18,0.22,0.33
297,0.01,0.0,0.02,0.9,0.02,0.1,0.26,0.33
298,0.01,0.0,0.01,0.92,0.07,0.19,0.22,0.33
299,0.0,0.0,0.01,0.92,0.07,0.19,0.27,0.33
300,0.0,0.0,0.01,0.92,0.07,0.18,0.22,0.33
301,0.0,0.0,0.01,0.92,0.01,0.19,0.26,0.33
302,0.0,0.0,0.01,0.92,0.07,0.19,0.22,0.33
303,0.0,0.0,0.01,0.92,0.02,0.19,0.22,0.33
304,0.0,0.0,0.01,0.92,0.07,0.19,0.22,0.33
305,0.0,0.0,0.01,0.92,0.02,0.18,0.32,0.33
306,0.01,0.0,0.01,0.92,0.02,0.18,0.27,0.33
307,0.0,0.0,0.01,0.92,0.07,0.19,0.22,0.39
308,0.0,0.0,0.01,0.92,0.02,0.19,0.27,0.33
309,0.0,0.0,0.01,0.92,0.02,0.19,0.22,0.33
310,0.0,0.0,0.01,0.92,0.02,0.19,0.27,0.33
311,0.0,0.0,0.01,0.92,0.02,0.19,0.26,0.33
312,0.0,0.0,0.01,0.92,0.02,0.19,0.22,0.33
313,0.0,0.0,0.01,0.9,0.07,0.18,0.27,0.33
314,0.0,0.0,0.01,0.92,0.02,0.19,0.26,0.33
315,0.0,0.0,0.01,0.92,0.02,0.18,0.22,0.33
316,0.02,0.0,0.01,0.92,0.07,0.19,0.26,0.33
317,0.0,0.0,0.01,0.94,0.02,0.19,0.27,0.33
318,0.02,0.01,0.02,0.92,0.02,0.1,0.27,0.33
319,0.0,0.0,0.01,0.92,0.07,0.19,0.26,0.43
320,0.02,0.01,0.01,0.92,0.07,0.27,0.27,0.33
321,0.01,0.0,0.02,0.92,0.07,0.18,0.26,0.37
322,0.0,0.0,0.01,0.94,0.07,0.19,0.32,0.33
323,0.01,0.0,0.02,0.92,0.07,0.19,0.22,0.33
324,0.0,0.01,0.02,0.94,0.07,0.19,0.32,0.37
325,0.01,0.01,0.01,0.94,0.02,0.19,0.22,0.39
326,0.0,0.0,0.01,0.92,0.02,0.19,0.27,0.37
327,0.0,0.01,0.01,0.92,0.02,0.19,0.27,0.37
328,0.0,0.0,0.01,0.94,0.07,0.19,0.32,0.33
329,0.01,0.0,0.01,0.92,0.07,0.19,0.26,0.33
330,0.0,0.01,0.02,0.95,0.07,0.1,0.32,0.43
331,0.02,0.01,0.01,0.94,0.02,0.08,0.27,0.37
332,0.0,0.0,0.02,0.94,0.07,0.19,0.26,0.37
333,0.0,0.0,0.02,0.93,0.07,0.19,0.32,0.37
334,0.0,0.0,0.02,0.94,0.07,0.19,0.32,0.37
335,0.0,0.0,0.02,0.94,0.07,0.1,0.26,0.37
336,0.0,0.0,0.01,0.95,0.07,0.19,0.32,0.33
337,0.0,0.0,0.01,0.93,0.02,0.19,0.27,0.37
338,0.0,0.0,0.01,0.95,0.07,0.19,0.26,0.33
339,0.0,0.0,0.01,0.94,0.02,0.19,0.32,0.33
340,0.01,0.0,0.01,0.95,0.07,0.19,0.26,0.37
341,0.0,0.0,0.01,0.95,0.08,0.19,0.22,0.33
342,0.01,0.0,0.01,0.95,0.07,0.19,0.26,0.33
343,0.01,0.0,0.01,0.94,0.07,0.1,0.26,0.33
344,0.0,0.0,0.02,0.98,0.02,0.1,0.32,0.33
345,0.0,0.0,0.01,0.95,0.07,0.19,0.26,0.33
346,0.01,0.0,0.01,0.95,0.07,0.19,0.26,0.33
347,0.0,0.0,0.01,0.97,0.02,0.19,0.26,0.33
348,0.0,0.01,0.01,0.94,0.07,0.1,0.32,0.26
349,0.0,0.0,0.01,0.94,0.07,0.19,0.26,0.3
350,0.01,0.01,0.01,0.94,0.02,0.19,0.26,0.33
351,0.0,0.01,0.01,0.95,0.02,0.1,0.32,0.33
352,0.01,0.01,0.01,0.94,0.07,0.08,0.27,0.37
353,0.02,0.0,0.01,0.94,0.07,0.19,0.32,0.33
354,0.0,0.0,0.02,0.94,0.03,0.1,0.26,0.33
355,0.01,0.0,0.01,0.94,0.02,0.19,0.32,0.33
356,0.0,0.0,0.02,0.94,0.02,0.1,0.22,0.33
357,0.0,0.0,0.01,0.97,0.07,0.1,0.26,0.37
358,0.0,0.01,0.02,0.94,0.02,0.19,0.27,0.33
359,0.0,0.01,0.02,0.97,0.02,0.19,0.22,0.33
360,0.0,0.0,0.02,0.95,0.02,0.19,0.26,0.26
361,0.0,0.0,0.01,0.94,0.07,0.1,0.26,0.33
362,0.01,0.0,0.02,0.97,0.02,0.1,0.22,0.33
363,0.0,0.01,0.01,0.97,0.07,0.19,0.26,0.26
364,0.02,0.01,0.01,0.94,0.07,0.18,0.26,0.33
365,0.0,0.0,0.02,0.97,0.02,0.18,0.22,0.26
366,0.0,0.01,0.01,0.97,0.02,0.19,0.27,0.26
367,0.0,0.01,0.01,0.94,0.07,0.1,0.26,0.26
368,0.0,0.01,0.01,0.94,0.02,0.19,0.26,0.33
369,0.0,0.01,0.02,0.97,0.07,0.1,0.22,0.33
370,0.0,0.0,0.02,0.95,0.02,0.19,0.32,0.26
371,0.0,0.01,0.02,0.94,0.02,0.19,0.27,0.33
372,0.0,0.0,0.02,0.97,0.02,0.1,0.26,0.33
373,0.01,0.0,0.02,0.97,0.02,0.19,0.26,0.26
374,0.01,0.01,0.02,0.94,0.07,0.1,0.26,0.26
375,0.01,0.0,0.02,0.94,0.02,0.1,0.22,0.33
376,0.04,0.0,0.02,0.97,0.02,0.1,0.26,0.37
377,0.0,0.01,0.02,0.93,0.02,0.19,0.26,0.33
378,0.0,0.01,0.02,0.97,0.03,0.1,0.26,0.33
379,0.0,0.01,0.02,0.97,0.07,0.08,0.26,0.33
380,0.0,0.01,0.02,0.97,0.02,0.19,0.26,0.33
381,0.01,0.01,0.02,0.96,0.07,0.1,0.26,0.33
382,0.0,0.01,0.02,0.97,0.02,0.19,0.26,0.33
383,0.0,0.02,0.04,0.96,0.02,0.1,0.26,0.26
384,0.01,0.01,0.03,0.97,0.02,0.1,0.26,0.33
385,0.0,0.02,0.03,0.97,0.03,0.1,0.26,0.26
386,0.0,0.02,0.03,0.97,0.02,0.1,0.26,0.26
387,0.0,0.01,0.04,0.97,0.07,0.1,0.26,0.3
388,0.0,0.01,0.04,0.97,0.08,0.08,0.26,0.37
389,0.0,0.01,0.04,0.96,0.02,0.1,0.26,0.33
390,0.0,0.02,0.05,0.97,0.03,0.1,0.26,0.33
391,0.0,0.02,0.04,0.99,0.03,0.1,0.26,0.33
392,0.0,0.02,0.05,0.97,0.02,0.1,0.26,0.26
393,0.0,0.02,0.05,0.96,0.03,0.1,0.26,0.37
394,0.02,0.02,0.05,0.96,0.03,0.1,0.26,0.37
395,0.0,0.02,0.05,0.96,0.03,0.12,0.3,0.37
396,0.0,0.03,0.06,0.98,0.03,0.1,0.26,0.33
397,0.0,0.02,0.05,0.97,0.02,0.1,0.26,0.37
398,0.01,0.02,0.06,0.96,0.08,0.1,0.26,0.33
399,0.0,0.03,0.06,0.98,0.02,0.12,0.26,0.3
400,0.0,0.03,0.07,0.98,0.03,0.12,0.26,0.33
401,0.01,0.03,0.06,0.96,0.03,0.12,0.26,0.3
402,0.01,0.04,0.07,0.96,0.08,0.02,0.3,0.37
403,0.0,0.04,0.07,0.98,0.03,0.1,0.26,0.3
404,0.01,0.04,0.07,0.98,0.03,0.1,0.26,0.3
405,0.01,0.04,0.07,0.98,0.08,0.1,0.26,0.26
406,0.0,0.04,0.08,0.99,0.03,0.1,0.26,0.37
407,0.01,0.04,0.08,0.98,0.03,0.12,0.26,0.26
408,0.01,0.04,0.08,0.98,0.03,0.12,0.3,0.37
409,0.02,0.04,0.08,0.98,0.03,0.12,0.26,0.37
410,0.01,0.05,0.09,0.98,0.03,0.1,0.26,0.3
411,0.01,0.05,0.09,0.98,0.04,0.12,0.3,0.37
412,0.01,0.05,0.09,0.98,0.03,0.03,0.3,0.37
413,0.02,0.05,0.09,0.98,0.03,0.12,0.26,0.3
414,0.01,0.05,0.1,0.98,0.03,0.03,0.25,0.3
415,0.05,0.06,0.11,0.98,0.04,0.1,0.3,0.3
416,0.02,0.06,0.11,0.98,0.04,0.12,0.3,0.37
417,0.02,0.06,0.11,0.96,0.03,0.12,0.26,0.37
418,0.04,0.06,0.11,0.98,0.03,0.12,0.26,0.37
419,0.04,0.06,0.12,0.98,0.03,0.03,0.26,0.3
420,0.02,0.07,0.12,0.98,0.04,0.02,0.26,0.3
421,0.02,0.06,0.12,0.98,0.04,0.12,0.3,0.37
422,0.04,0.07,0.13,0.98,0.03,0.03,0.25,0.3
423,0.04,0.08,0.13,0.97,0.04,0.12,0.26,0.3
424,0.04,0.08,0.13,0.98,0.09,0.12,0.3,0.3
425,0.05,0.08,0.14,0.97,0.04,0.03,0.26,0.3
426,0.05,0.08,0.14,0.98,0.03,0.1,0.26,0.37
427,0.04,0.08,0.15,0.97,0.04,0.03,0.3,0.3
428,0.05,0.08,0.15,0.97,0.04,0.03,0.26,0.37
429,0.06,0.09,0.16,0.97,0.05,0.03,0.3,0.37
430,0.06,0.09,0.17,0.97,0.04,0.12,0.32,0.4
431,0.06,0.1,0.17,0.97,0.04,0.12,0.3,0.3
432,0.06,0.09,0.17,0.97,0.05,0.12,0.26,0.37
433,0.09,0.11,0.18,0.97,0.1,0.12,0.36,0.37
434,0.07,0.11,0.18,0.97,0.05,0.03,0.36,0.3
435,0.07,0.11,0.18,0.98,0.04,0.03,0.36,0.3
436,0.09,0.12,0.19,0.94,0.05,0.05,0.3,0.37
437,0.11,0.13,0.19,0.95,0.05,0.14,0.36,0.37
438,0.1,0.13,0.2,0.97,0.05,0.14,0.3,0.37
439,0.1,0.13,0.2,0.97,0.05,0.14,0.36,0.37
440,0.12,0.13,0.21,0.97,0.05,0.05,0.3,0.37
441,0.11,0.13,0.21,0.95,0.05,0.03,0.3,0.3
442,0.12,0.14,0.22,0.97,0.05,0.05,0.36,0.37
443,0.12,0.14,0.23,0.94,0.05,0.05,0.36,0.34
444,0.13,0.14,0.23,0.94,0.05,0.14,0.3,0.37
445,0.13,0.15,0.24,0.94,0.11,0.14,0.32,0.3
446,0.12,0.16,0.24,0.94,0.1,0.14,0.32,0.4
447,0.15,0.16,0.25,0.94,0.05,0.14,0.32,0.37
448,0.15,0.16,0.26,0.96,0.06,0.14,0.3,0.37
449,0.16,0.16,0.26,0.94,0.11,0.14,0.36,0.37
450,0.18,0.17,0.27,0.94,0.06,0.14,0.36,0.4
451,0.17,0.17,0.27,0.94,0.06,0.14,0.3,0.4
452,0.17,0.17,0.27,0.96,0.11,0.14,0.32,0.4
453,0.2,0.18,0.29,0.94,0.11,0.14,0.3,0.37
454,0.18,0.19,0.3,0.93,0.08,0.14,0.36,0.46
455,0.2,0.19,0.31,0.94,0.06,0.14,0.3,0.4
456,0.21,0.2,0.32,0.94,0.06,0.05,0.3,0.4
457,0.21,0.2,0.32,0.94,0.08,0.05,0.36,0.4
458,0.21,0.2,0.32,0.93,0.12,0.15,0.36,0.4
459,0.21,0.21,0.33,0.93,0.12,0.14,0.36,0.4
460,0.22,0.21,0.33,0.93,0.11,0.15,0.35,0.4
461,0.23,0.21,0.34,0.93,0.12,0.15,0.36,0.37
462,0.23,0.22,0.34,0.93,0.11,0.15,0.4,0.4
463,0.23,0.22,0.35,0.93,0.12,0.15,0.4,0.4
464,0.24,0.24,0.35,0.93,0.12,0.15,0.4,0.4
465,0.27,0.24,0.36,0.93,0.12,0.15,0.4,0.4
466,0.24,0.24,0.37,0.93,0.12,0.15,0.36,0.4
467,0.26,0.25,0.37,0.93,0.14,0.15,0.4,0.44
468,0.26,0.25,0.38,0.91,0.17,0.07,0.4,0.4
469,0.29,0.25,0.38,0.92,0.14,0.15,0.4,0.44
470,0.27,0.26,0.39,0.93,0.18,0.17,0.36,0.44
471,0.27,0.26,0.4,0.93,0.15,0.17,0.4,0.44
472,0.28,0.27,0.4,0.92,0.14,0.17,0.4,0.44
473,0.28,0.26,0.4,0.93,0.14,0.17,0.4,0.4
474,0.29,0.27,0.41,0.93,0.14,0.17,0.4,0.4
475,0.28,0.27,0.41,0.93,0.15,0.15,0.4,0.44
476,0.29,0.28,0.41,0.93,0.14,0.17,0.4,0.5
477,0.3,0.28,0.41,0.9,0.19,0.17,0.4,0.44
478,0.29,0.29,0.42,0.92,0.15,0.18,0.4,0.5
479,0.32,0.29,0.43,0.93,0.19,0.17,0.4,0.44
480,0.33,0.3,0.44,0.92,0.19,0.18,0.51,0.44
481,0.33,0.3,0.44,0.93,0.2,0.18,0.44,0.5
482,0.3,0.3,0.44,0.92,0.19,0.18,0.4,0.5
483,0.33,0.31,0.44,0.92,0.19,0.18,0.44,0.44
484,0.32,0.31,0.45,0.9,0.19,0.18,0.44,0.5
485,0.33,0.31,0.45,0.9,0.19,0.18,0.44,0.44
486,0.32,0.32,0.45,0.92,0.2,0.27,0.4,0.44
487,0.33,0.32,0.46,0.91,0.2,0.18,0.44,0.44
488,0.34,0.32,0.46,0.9,0.2,0.29,0.44,0.5
489,0.35,0.32,0.47,0.9,0.2,0.29,0.44,0.44
490,0.34,0.32,0.47,0.9,0.21,0.18,0.44,0.48
491,0.35,0.33,0.48,0.9,0.21,0.18,0.44,0.5
492,0.35,0.34,0.48,0.9,0.21,0.18,0.44,0.54
493,0.38,0.35,0.49,0.9,0.21,0.29,0.44,0.44
494,0.37,0.35,0.49,0.89,0.21,0.29,0.44,0.48
495,0.37,0.35,0.5,0.9,0.21,0.2,0.44,0.44
496,0.38,0.36,0.51,0.9,0.21,0.2,0.44,0.44
497,0.38,0.36,0.51,0.88,0.21,0.29,0.39,0.48
498,0.39,0.37,0.52,0.9,0.22,0.2,0.44,0.48
499,0.43,0.37,0.53,0.88,0.22,0.2,0.44,0.48
500,0.4,0.37,0.54,0.88,0.21,0.2,0.39,0.48
501,0.4,0.38,0.54,0.88,0.26,0.2,0.39,0.48
502,0.41,0.38,0.54,0.88,0.27,0.2,0.39,0.48
503,0.43,0.39,0.54,0.89,0.27,0.2,0.39,0.48
504,0.43,0.39,0.55,0.87,0.22,0.2,0.39,0.48
505,0.43,0.4,0.56,0.88,0.23,0.22,0.39,0.48
506,0.44,0.4,0.56,0.88,0.22,0.2,0.43,0.48
507,0.44,0.4,0.56,0.88,0.22,0.22,0.44,0.48
508,0.45,0.41,0.56,0.87,0.27,0.2,0.44,0.48
509,0.45,0.41,0.58,0.88,0.23,0.2,0.44,0.44
510,0.45,0.42,0.57,0.88,0.22,0.2,0.44,0.48
511,0.46,0.42,0.58,0.88,0.27,0.22,0.44,0.48
512,0.49,0.42,0.58,0.88,0.28,0.31,0.39,0.48
513,0.48,0.43,0.58,0.88,0.23,0.22,0.43,0.48
514,0.49,0.44,0.6,0.88,0.28,0.22,0.43,0.45
515,0.49,0.44,0.6,0.87,0.28,0.31,0.49,0.41
516,0.51,0.44,0.6,0.88,0.23,0.22,0.39,0.52
517,0.49,0.45,0.61,0.86,0.23,0.31,0.39,0.48
518,0.5,0.46,0.61,0.88,0.28,0.22,0.43,0.48
519,0.51,0.45,0.62,0.85,0.28,0.22,0.49,0.52
520,0.51,0.46,0.62,0.85,0.29,0.23,0.39,0.48
521,0.52,0.47,0.63,0.86,0.29,0.22,0.43,0.52
522,0.54,0.47,0.63,0.85,0.29,0.22,0.49,0.41
523,0.52,0.47,0.63,0.83,0.34,0.22,0.49,0.48
524,0.55,0.48,0.64,0.85,0.29,0.22,0.43,0.52
525,0.52,0.48,0.64,0.85,0.29,0.23,0.43,0.41
526,0.54,0.49,0.64,0.86,0.29,0.23,0.43,0.48
527,0.57,0.5,0.65,0.85,0.29,0.23,0.43,0.41
528,0.56,0.5,0.65,0.82,0.29,0.23,0.43,0.52
529,0.55,0.5,0.66,0.85,0.3,0.23,0.43,0.48
530,0.56,0.5,0.66,0.82,0.3,0.23,0.43,0.52
531,0.57,0.52,0.66,0.82,0.3,0.23,0.43,0.45
532,0.56,0.52,0.67,0.82,0.3,0.23,0.43,0.52
533,0.57,0.53,0.67,0.82,0.3,0.25,0.43,0.52
534,0.6,0.53,0.68,0.85,0.35,0.23,0.43,0.52
535,0.59,0.53,0.68,0.84,0.3,0.25,0.43,0.45
536,0.59,0.54,0.68,0.82,0.35,0.23,0.48,0.41
537,0.59,0.54,0.68,0.82,0.36,0.25,0.43,0.41
538,0.6,0.54,0.69,0.82,0.35,0.25,0.43,0.52
539,0.6,0.54,0.69,0.82,0.3,0.32,0.43,0.45
540,0.6,0.55,0.69,0.79,0.35,0.25,0.43,0.45
541,0.63,0.56,0.7,0.82,0.35,0.34,0.43,0.52
542,0.63,0.56,0.71,0.8,0.36,0.34,0.38,0.41
543,0.62,0.56,0.71,0.82,0.35,0.25,0.43,0.45
544,0.63,0.56,0.7,0.81,0.36,0.34,0.43,0.45
545,0.63,0.57,0.71,0.79,0.36,0.25,0.43,0.52
546,0.63,0.57,0.71,0.8,0.36,0.25,0.43,0.41
547,0.63,0.58,0.71,0.79,0.35,0.25,0.38,0.45
548,0.65,0.58,0.72,0.8,0.36,0.25,0.48,0.52
549,0.65,0.58,0.72,0.8,0.36,0.25,0.43,0.45
550,0.66,0.58,0.73,0.8,0.36,0.34,0.43,0.45
551,0.65,0.59,0.72,0.8,0.36,0.25,0.43,0.52
552,0.67,0.59,0.73,0.79,0.4,0.27,0.43,0.52
553,0.67,0.59,0.73,0.8,0.36,0.27,0.43,0.45
554,0.66,0.59,0.73,0.8,0.37,0.27,0.43,0.45
555,0.65,0.59,0.73,0.79,0.36,0.27,0.43,0.41
556,0.66,0.6,0.74,0.79,0.37,0.27,0.43,0.45
557,0.66,0.6,0.75,0.8,0.37,0.36,0.43,0.45
558,0.67,0.61,0.74,0.79,0.4,0.27,0.38,0.41
559,0.7,0.61,0.74,0.77,0.37,0.36,0.43,0.45
560,0.68,0.62,0.75,0.77,0.37,0.36,0.43,0.45
561,0.67,0.62,0.75,0.77,0.37,0.36,0.43,0.45
562,0.67,0.62,0.75,0.79,0.36,0.27,0.43,0.45
563,0.68,0.63,0.74,0.79,0.37,0.36,0.43,0.45
564,0.68,0.63,0.74,0.79,0.37,0.27,0.43,0.45
565,0.71,0.63,0.75,0.79,0.41,0.27,0.43,0.45
566,0.68,0.63,0.75,0.77,0.41,0.36,0.38,0.45
567,0.71,0.63,0.75,0.77,0.37,0.27,0.39,0.45
568,0.71,0.64,0.75,0.77,0.41,0.27,0.43,0.52
569,0.71,0.63,0.75,0.76,0.41,0.36,0.43,0.45
570,0.71,0.64,0.74,0.77,0.37,0.36,0.39,0.52
571,0.7,0.64,0.75,0.77,0.41,0.27,0.43,0.45
572,0.71,0.65,0.75,0.76,0.41,0.25,0.43,0.41
573,0.71,0.64,0.76,0.77,0.41,0.27,0.43,0.41
574,0.71,0.66,0.76,0.77,0.37,0.36,0.43,0.48
575,0.72,0.65,0.76,0.77,0.41,0.27,0.39,0.52
576,0.71,0.66,0.76,0.77,0.42,0.36,0.39,0.52
577,0.72,0.66,0.75,0.77,0.41,0.36,0.39,0.41
578,0.72,0.66,0.75,0.77,0.41,0.27,0.43,0.48
579,0.71,0.66,0.75,0.76,0.41,0.36,0.43,0.45
580,0.74,0.66,0.76,0.73,0.41,0.36,0.39,0.45
581,0.72,0.66,0.76,0.73,0.46,0.36,0.39,0.52
582,0.72,0.66,0.76,0.74,0.41,0.27,0.39,0.45
583,0.74,0.66,0.76,0.73,0.41,0.36,0.43,0.52
584,0.72,0.67,0.76,0.76,0.42,0.38,0.39,0.41
585,0.72,0.67,0.76,0.73,0.46,0.36,0.43,0.45
586,0.74,0.67,0.76,0.73,0.41,0.36,0.43,0.41
587,0.72,0.68,0.76,0.73,0.41,0.36,0.43,0.48
588,0.72,0.68,0.76,0.73,0.42,0.36,0.43,0.48
589,0.72,0.67,0.77,0.73,0.46,0.38,0.43,0.41
590,0.72,0.68,0.77,0.76,0.42,0.36,0.43,0.48
591,0.72,0.68,0.77,0.73,0.46,0.27,0.43,0.41
592,0.74,0.68,0.78,0.73,0.42,0.38,0.39,0.41
593,0.73,0.68,0.78,0.73,0.47,0.36,0.43,0.45
594,0.73,0.68,0.78,0.73,0.42,0.36,0.43,0.48
595,0.73,0.7,0.78,0.73,0.47,0.29,0.43,0.41
596,0.73,0.7,0.78,0.72,0.47,0.38,0.43,0.45
597,0.73,0.7,0.78,0.73,0.47,0.38,0.43,0.41
598,0.73,0.7,0.78,0.72,0.48,0.38,0.43,0.45
599,0.73,0.7,0.78,0.73,0.48,0.38,0.43,0.41
600,0.73,0.7,0.78,0.73,0.48,0.38,0.38,0.41
601,0.73,0.71,0.78,0.71,0.47,0.38,0.43,0.48
602,0.72,0.7,0.78,0.7,0.48,0.38,0.43,0.45
603,0.72,0.7,0.78,0.7,0.47,0.38,0.43,0.41
604,0.72,0.71,0.77,0.71,0.47,0.38,0.38,0.45
605,0.73,0.71,0.77,0.73,0.48,0.38,0.43,0.41
606,0.74,0.71,0.77,0.71,0.47,0.29,0.38,0.35
607,0.73,0.71,0.77,0.7,0.48,0.38,0.43,0.45
608,0.72,0.71,0.77,0.71,0.53,0.38,0.43,0.45
609,0.74,0.71,0.77,0.7,0.48,0.38,0.43,0.45
610,0.72,0.72,0.77,0.7,0.48,0.38,0.43,0.45
611,0.72,0.71,0.77,0.71,0.53,0.36,0.43,0.45
612,0.73,0.72,0.76,0.7,0.53,0.38,0.38,0.45
613,0.73,0.72,0.77,0.71,0.48,0.38,0.48,0.45
614,0.73,0.72,0.77,0.71,0.53,0.39,0.43,0.45
615,0.73,0.72,0.77,0.7,0.53,0.47,0.43,0.45
616,0.73,0.72,0.77,0.7,0.48,0.38,0.43,0.45
617,0.73,0.73,0.76,0.7,0.53,0.47,0.43,0.49
618,0.73,0.72,0.77,0.7,0.53,0.38,0.38,0.45
619,0.76,0.72,0.76,0.7,0.54,0.47,0.43,0.45
620,0.73,0.73,0.76,0.7,0.58,0.47,0.38,0.45
621,0.72,0.73,0.76,0.7,0.49,0.48,0.43,0.45
622,0.73,0.72,0.76,0.69,0.54,0.47,0.38,0.39
623,0.72,0.73,0.77,0.7,0.54,0.39,0.38,0.39
624,0.73,0.73,0.76,0.7,0.54,0.39,0.38,0.39
625,0.73,0.73,0.76,0.68,0.54,0.48,0.42,0.39
626,0.74,0.73,0.76,0.68,0.54,0.39,0.43,0.49
627,0.73,0.73,0.76,0.7,0.55,0.39,0.42,0.45
628,0.73,0.73,0.76,0.68,0.6,0.39,0.42,0.45
629,0.73,0.73,0.76,0.68,0.54,0.48,0.38,0.39
630,0.73,0.73,0.76,0.68,0.55,0.48,0.42,0.45
631,0.73,0.73,0.76,0.68,0.54,0.38,0.38,0.45
632,0.73,0.73,0.76,0.68,0.6,0.48,0.38,0.45
633,0.76,0.74,0.76,0.68,0.55,0.39,0.48,0.49
634,0.74,0.74,0.76,0.7,0.6,0.41,0.38,0.45
635,0.73,0.74,0.76,0.67,0.55,0.38,0.42,0.43
636,0.72,0.74,0.76,0.68,0.55,0.39,0.38,0.45
637,0.73,0.74,0.76,0.68,0.55,0.39,0.43,0.45
638,0.76,0.74,0.76,0.68,0.55,0.39,0.42,0.49
639,0.72,0.74,0.76,0.67,0.6,0.39,0.43,0.45
640,0.73,0.74,0.77,0.67,0.6,0.39,0.38,0.45
641,0.73,0.74,0.77,0.67,0.55,0.39,0.42,0.45
642,0.73,0.74,0.77,0.67,0.55,0.39,0.42,0.45
643,0.73,0.74,0.77,0.64,0.6,0.39,0.43,0.45
644,0.73,0.74,0.77,0.67,0.6,0.39,0.48,0.45
645,0.74,0.74,0.77,0.67,0.61,0.5,0.42,0.45
646,0.73,0.74,0.77,0.67,0.6,0.48,0.42,0.45
647,0.77,0.74,0.78,0.64,0.61,0.48,0.43,0.45
648,0.74,0.75,0.78,0.67,0.6,0.48,0.43,0.41
649,0.73,0.75,0.78,0.67,0.6,0.39,0.38,0.45
650,0.74,0.75,0.77,0.67,0.6,0.39,0.38,0.45
651,0.74,0.75,0.78,0.64,0.6,0.39,0.43,0.49
652,0.73,0.75,0.78,0.64,0.6,0.39,0.38,0.39
653,0.74,0.75,0.78,0.63,0.61,0.41,0.42,0.45
654,0.74,0.75,0.78,0.64,0.61,0.48,0.43,0.45
655,0.77,0.75,0.78,0.64,0.61,0.39,0.38,0.45
656,0.76,0.75,0.78,0.66,0.6,0.39,0.38,0.45
657,0.74,0.75,0.79,0.63,0.6,0.5,0.38,0.45
658,0.74,0.75,0.78,0.63,0.61,0.48,0.38,0.45
659,0.74,0.76,0.78,0.63,0.61,0.39,0.38,0.45
660,0.73,0.75,0.78,0.63,0.66,0.5,0.43,0.45
661,0.73,0.75,0.78,0.63,0.61,0.41,0.38,0.45
662,0.74,0.76,0.79,0.63,0.61,0.39,0.38,0.39
663,0.73,0.75,0.79,0.63,0.66,0.5,0.38,0.45
664,0.73,0.75,0.79,0.61,0.61,0.41,0.43,0.45
665,0.73,0.76,0.79,0.63,0.61,0.41,0.38,0.45
666,0.73,0.75,0.78,0.63,0.61,0.41,0.43,0.45
667,0.72,0.76,0.79,0.61,0.66,0.39,0.38,0.45
668,0.72,0.75,0.79,0.61,0.62,0.48,0.38,0.45
669,0.73,0.76,0.79,0.62,0.61,0.48,0.38,0.45
670,0.72,0.76,0.79,0.6,0.66,0.5,0.38,0.45
671,0.73,0.75,0.79,0.62,0.61,0.5,0.38,0.45
672,0.72,0.76,0.79,0.6,0.67,0.41,0.38,0.39
673,0.73,0.76,0.79,0.62,0.61,0.5,0.38,0.45
674,0.73,0.75,0.8,0.6,0.66,0.5,0.43,0.45
675,0.76,0.76,0.79,0.62,0.67,0.5,0.43,0.45
676,0.73,0.76,0.8,0.62,0.61,0.41,0.38,0.39
677,0.73,0.75,0.8,0.6,0.61,0.5,0.38,0.45
678,0.72,0.76,0.8,0.6,0.67,0.5,0.38,0.39
679,0.72,0.76,0.8,0.62,0.67,0.5,0.38,0.45
680,0.74,0.76,0.8,0.6,0.62,0.41,0.38,0.45
681,0.72,0.76,0.8,0.6,0.62,0.5,0.43,0.45
682,0.73,0.77,0.8,0.6,0.67,0.39,0.38,0.45
683,0.72,0.76,0.8,0.6,0.67,0.5,0.38,0.45
684,0.72,0.76,0.8,0.6,0.62,0.41,0.38,0.45
685,0.72,0.75,0.8,0.6,0.67,0.5,0.38,0.45
686,0.74,0.76,0.8,0.59,0.67,0.5,0.43,0.39
687,0.72,0.76,0.81,0.6,0.67,0.5,0.38,0.45
688,0.72,0.76,0.81,0.6,0.67,0.5,0.38,0.39
689,0.72,0.76,0.81,0.59,0.67,0.5,0.43,0.45
690,0.72,0.76,0.81,0.6,0.67,0.5,0.38,0.39
691,0.73,0.76,0.81,0.6,0.68,0.5,0.38,0.49
692,0.73,0.76,0.81,0.59,0.67,0.41,0.38,0.41
693,0.76,0.76,0.82,0.6,0.68,0.5,0.43,0.45
694,0.73,0.76,0.82,0.59,0.67,0.5,0.43,0.45
695,0.73,0.76,0.82,0.59,0.68,0.5,0.38,0.45
696,0.74,0.76,0.81,0.59,0.67,0.5,0.38,0.39
697,0.74,0.77,0.81,0.57,0.67,0.5,0.38,0.39
698,0.73,0.77,0.82,0.59,0.67,0.5,0.38,0.39
699,0.73,0.77,0.82,0.59,0.67,0.5,0.38,0.45
700,0.77,0.76,0.83,0.6,0.73,0.5,0.39,0.39
701,0.74,0.77,0.82,0.6,0.67,0.39,0.38,0.45
702,0.77,0.77,0.83,0.6,0.67,0.5,0.38,0.39
703,0.73,0.79,0.83,0.59,0.68,0.41,0.38,0.39
704,0.74,0.77,0.83,0.59,0.67,0.41,0.38,0.39
705,0.74,0.77,0.84,0.57,0.67,0.5,0.38,0.39
706,0.74,0.77,0.82,0.6,0.67,0.5,0.33,0.39
707,0.74,0.79,0.83,0.6,0.67,0.5,0.33,0.41
708,0.77,0.77,0.83,0.57,0.67,0.5,0.33,0.35
709,0.74,0.77,0.83,0.59,0.68,0.5,0.38,0.35
710,0.74,0.77,0.84,0.6,0.67,0.52,0.38,0.35
711,0.77,0.79,0.83,0.6,0.67,0.5,0.38,0.45
712,0.76,0.77,0.83,0.58,0.67,0.5,0.33,0.35
713,0.76,0.79,0.84,0.59,0.67,0.5,0.33,0.35
714,0.76,0.79,0.82,0.58,0.72,0.5,0.38,0.45
715,0.76,0.79,0.83,0.6,0.67,0.5,0.33,0.35
716,0.76,0.79,0.83,0.57,0.67,0.5,0.33,0.45
717,0.76,0.79,0.83,0.57,0.68,0.5,0.33,0.35
718,0.76,0.79,0.83,0.57,0.67,0.5,0.38,0.39
719,0.76,0.79,0.83,0.57,0.67,0.5,0.38,0.35
720,0.76,0.79,0.83,0.59,0.67,0.48,0.33,0.45
721,0.76,0.79,0.83,0.57,0.73,0.5,0.33,0.39
722,0.77,0.79,0.83,0.59,0.67,0.5,0.33,0.41
723,0.78,0.79,0.84,0.59,0.67,0.5,0.38,0.35
724,0.78,0.79,0.83,0.57,0.72,0.5,0.33,0.35
725,0.77,0.79,0.83,0.57,0.72,0.5,0.33,0.41
726,0.77,0.79,0.83,0.57,0.72,0.5,0.33,0.35
727,0.77,0.79,0.84,0.59,0.67,0.5,0.33,0.35
728,0.78,0.79,0.84,0.57,0.72,0.41,0.33,0.41
729,0.76,0.8,0.84,0.57,0.68,0.5,0.33,0.41
730,0.77,0.79,0.83,0.57,0.73,0.39,0.33,0.35
731,0.77,0.8,0.84,0.57,0.72,0.5,0.33,0.35
732,0.77,0.79,0.83,0.56,0.68,0.5,0.33,0.35
733,0.79,0.79,0.83,0.56,0.67,0.5,0.33,0.35
734,0.77,0.79,0.83,0.57,0.72,0.5,0.27,0.35
735,0.77,0.79,0.83,0.57,0.73,0.5,0.33,0.35
736,0.77,0.8,0.83,0.57,0.72,0.5,0.27,0.35
737,0.76,0.8,0.83,0.57,0.67,0.41,0.33,0.41
738,0.76,0.79,0.83,0.57,0.68,0.48,0.38,0.35
739,0.77,0.8,0.83,0.55,0.67,0.5,0.33,0.35
740,0.77,0.8,0.83,0.57,0.72,0.5,0.33,0.35
741,0.79,0.8,0.83,0.55,0.72,0.5,0.33,0.31
742,0.76,0.79,0.83,0.57,0.72,0.5,0.33,0.35
743,0.78,0.8,0.83,0.57,0.72,0.41,0.33,0.35
744,0.76,0.79,0.82,0.57,0.72,0.5,0.33,0.35
745,0.77,0.8,0.82,0.54,0.72,0.41,0.33,0.31
746,0.78,0.8,0.82,0.55,0.67,0.5,0.27,0.35
747,0.76,0.8,0.83,0.54,0.73,0.41,0.27,0.35
748,0.77,0.8,0.82,0.55,0.72,0.5,0.33,0.35
749,0.78,0.8,0.83,0.55,0.72,0.5,0.33,0.35
750,0.77,0.81,0.83,0.55,0.72,0.5,0.33,0.35
751,0.77,0.8,0.83,0.54,0.72,0.5,0.33,0.35
752,0.77,0.8,0.83,0.55,0.72,0.5,0.33,0.35
753,0.76,0.8,0.82,0.56,0.73,0.5,0.33,0.35
754,0.77,0.81,0.82,0.57,0.72,0.5,0.33,0.35
755,0.77,0.81,0.82,0.55,0.72,0.41,0.33,0.35
756,0.77,0.8,0.82,0.55,0.72,0.41,0.33,0.35
757,0.76,0.8,0.82,0.54,0.72,0.5,0.29,0.35
758,0.78,0.8,0.82,0.55,0.67,0.5,0.27,0.35
759,0.77,0.81,0.82,0.54,0.72,0.5,0.33,0.31
760,0.79,0.81,0.82,0.54,0.72,0.39,0.27,0.31
761,0.77,0.81,0.82,0.54,0.73,0.48,0.33,0.35
762,0.76,0.81,0.83,0.54,0.72,0.5,0.27,0.29
763,0.76,0.82,0.83,0.55,0.72,0.48,0.33,0.29
764,0.77,0.81,0.82,0.55,0.67,0.39,0.33,0.29
765,0.76,0.81,0.83,0.54,0.72,0.5,0.27,0.35
766,0.76,0.81,0.82,0.54,0.72,0.5,0.33,0.35
767,0.76,0.81,0.82,0.55,0.73,0.41,0.27,0.35
768,0.76,0.81,0.83,0.55,0.67,0.48,0.27,0.35
769,0.79,0.81,0.82,0.54,0.73,0.39,0.27,0.35
770,0.77,0.82,0.83,0.55,0.72,0.41,0.27,0.31
771,0.76,0.81,0.83,0.55,0.72,0.41,0.27,0.29
772,0.77,0.81,0.83,0.55,0.67,0.41,0.27,0.29
773,0.77,0.82,0.82,0.55,0.72,0.5,0.38,0.35
774,0.78,0.82,0.84,0.55,0.72,0.48,0.27,0.31
775,0.76,0.82,0.83,0.55,0.72,0.41,0.27,0.35
776,0.77,0.82,0.83,0.55,0.67,0.5,0.27,0.29
777,0.77,0.82,0.83,0.55,0.73,0.5,0.27,0.35
778,0.77,0.82,0.84,0.52,0.72,0.48,0.23,0.35
779,0.77,0.82,0.84,0.55,0.72,0.5,0.27,0.29
780,0.77,0.82,0.84,0.54,0.72,0.5,0.27,0.35
781,0.77,0.82,0.84,0.55,0.72,0.41,0.27,0.29
782,0.77,0.83,0.84,0.55,0.68,0.5,0.27,0.35
783,0.77,0.82,0.84,0.52,0.73,0.41,0.27,0.29
784,0.77,0.82,0.84,0.55,0.72,0.41,0.27,0.29
785,0.77,0.82,0.85,0.55,0.72,0.41,0.27,0.29
786,0.77,0.83,0.85,0.55,0.68,0.41,0.23,0.29
787,0.77,0.82,0.85,0.55,0.72,0.39,0.27,0.29
788,0.78,0.83,0.86,0.55,0.72,0.5,0.23,0.29
789,0.78,0.84,0.86,0.52,0.76,0.5,0.33,0.29
790,0.78,0.83,0.86,0.55,0.72,0.5,0.27,0.29
791,0.78,0.83,0.86,0.53,0.72,0.41,0.27,0.35
792,0.78,0.83,0.86,0.55,0.73,0.5,0.27,0.29
793,0.78,0.83,0.86,0.55,0.72,0.48,0.27,0.35
794,0.78,0.83,0.86,0.55,0.72,0.41,0.23,0.29
795,0.78,0.83,0.86,0.55,0.72,0.41,0.27,0.29
796,0.79,0.84,0.87,0.55,0.73,0.41,0.27,0.29
797,0.8,0.84,0.87,0.55,0.67,0.39,0.27,0.29
798,0.8,0.84,0.87,0.55,0.72,0.41,0.27,0.29
799,0.79,0.84,0.88,0.55,0.72,0.48,0.27,0.29
800,0.8,0.84,0.88,0.55,0.72,0.48,0.27,0.29
801,0.8,0.84,0.88,0.55,0.73,0.5,0.23,0.29
802,0.82,0.84,0.88,0.55,0.72,0.39,0.27,0.35
803,0.82,0.84,0.89,0.55,0.72,0.5,0.29,0.25
804,0.83,0.84,0.88,0.53,0.73,0.5,0.29,0.29
805,0.82,0.84,0.89,0.55,0.72,0.41,0.33,0.25
806,0.83,0.84,0.89,0.55,0.72,0.41,0.27,0.35
807,0.84,0.85,0.89,0.55,0.73,0.5,0.27,0.29
808,0.84,0.85,0.89,0.53,0.73,0.5,0.27,0.29
809,0.85,0.85,0.89,0.55,0.72,0.5,0.33,0.29
810,0.87,0.86,0.89,0.55,0.76,0.41,0.33,0.35
811,0.84,0.86,0.89,0.55,0.72,0.5,0.27,0.29
812,0.84,0.86,0.89,0.53,0.73,0.5,0.27,0.29
813,0.87,0.86,0.89,0.53,0.72,0.41,0.27,0.35
814,0.88,0.86,0.89,0.53,0.73,0.39,0.33,0.29
815,0.85,0.86,0.89,0.53,0.72,0.48,0.27,0.35
816,0.87,0.87,0.89,0.53,0.73,0.41,0.33,0.29
817,0.87,0.87,0.89,0.53,0.73,0.5,0.27,0.35
818,0.87,0.87,0.89,0.53,0.72,0.5,0.27,0.35
819,0.88,0.87,0.89,0.53,0.72,0.5,0.33,0.35
820,0.87,0.87,0.89,0.55,0.73,0.41,0.27,0.35
821,0.88,0.87,0.88,0.53,0.73,0.48,0.27,0.29
822,0.88,0.88,0.89,0.53,0.77,0.5,0.27,0.29
823,0.89,0.87,0.88,0.53,0.72,0.41,0.27,0.29
824,0.88,0.88,0.88,0.53,0.73,0.5,0.23,0.29
825,0.88,0.88,0.88,0.53,0.73,0.5,0.27,0.35
826,0.91,0.88,0.88,0.53,0.73,0.5,0.33,0.35
827,0.89,0.88,0.88,0.53,0.73,0.5,0.27,0.31
828,0.89,0.88,0.89,0.53,0.73,0.41,0.33,0.35
829,0.88,0.88,0.89,0.53,0.73,0.5,0.27,0.29
830,0.89,0.88,0.89,0.53,0.73,0.52,0.27,0.29
831,0.88,0.88,0.89,0.53,0.73,0.5,0.29,0.35
832,0.88,0.89,0.89,0.53,0.73,0.5,0.27,0.35
833,0.89,0.89,0.89,0.53,0.73,0.5,0.27,0.35
834,0.89,0.88,0.89,0.51,0.73,0.41,0.27,0.35
835,0.89,0.89,0.89,0.53,0.73,0.52,0.33,0.35
836,0.89,0.89,0.89,0.53,0.73,0.41,0.33,0.35
837,0.89,0.89,0.9,0.51,0.74,0.5,0.27,0.29
838,0.93,0.89,0.9,0.53,0.78,0.5,0.38,0.29
839,0.89,0.89,0.9,0.51,0.73,0.52,0.33,0.35
840,0.9,0.9,0.9,0.51,0.73,0.5,0.27,0.35
841,0.9,0.89,0.9,0.51,0.73,0.5,0.27,0.29
842,0.89,0.89,0.9,0.51,0.73,0.5,0.27,0.35
843,0.9,0.89,0.9,0.52,0.73,0.5,0.33,0.29
844,0.93,0.9,0.9,0.51,0.73,0.41,0.33,0.29
845,0.9,0.9,0.91,0.51,0.74,0.41,0.27,0.29
846,0.9,0.91,0.91,0.51,0.74,0.52,0.38,0.35
847,0.91,0.9,0.9,0.51,0.73,0.5,0.33,0.35
848,0.9,0.9,0.92,0.51,0.77,0.5,0.33,0.35
849,0.91,0.9,0.92,0.51,0.73,0.5,0.27,0.35
850,0.91,0.9,0.92,0.51,0.73,0.5,0.27,0.35
851,0.91,0.9,0.92,0.51,0.77,0.41,0.33,0.29
852,0.91,0.9,0.92,0.53,0.73,0.52,0.31,0.35
853,0.91,0.91,0.92,0.51,0.74,0.5,0.33,0.35
854,0.93,0.91,0.92,0.52,0.74,0.5,0.27,0.35
855,0.94,0.91,0.93,0.51,0.73,0.52,0.38,0.35
856,0.93,0.91,0.93,0.51,0.74,0.5,0.27,0.35
857,0.93,0.91,0.94,0.51,0.78,0.52,0.27,0.29
858,0.93,0.92,0.94,0.52,0.78,0.5,0.27,0.35
859,0.94,0.91,0.94,0.51,0.73,0.5,0.27,0.29
860,0.94,0.92,0.94,0.51,0.73,0.5,0.27,0.35
861,0.95,0.92,0.94,0.52,0.78,0.5,0.27,0.35
862,0.94,0.92,0.94,0.52,0.73,0.41,0.33,0.29
863,0.95,0.92,0.94,0.51,0.78,0.5,0.27,0.29
864,0.94,0.92,0.94,0.51,0.73,0.5,0.27,0.29
865,0.94,0.92,0.94,0.52,0.73,0.5,0.27,0.29
866,0.98,0.93,0.95,0.52,0.74,0.5,0.33,0.31
867,0.98,0.92,0.94,0.51,0.73,0.42,0.23,0.35
868,0.95,0.93,0.94,0.51,0.74,0.5,0.27,0.35
869,0.95,0.93,0.94,0.51,0.73,0.5,0.33,0.29
870,0.95,0.94,0.94,0.51,0.74,0.5,0.29,0.35
871,0.95,0.93,0.94,0.52,0.73,0.52,0.23,0.35
872,0.95,0.94,0.95,0.51,0.73,0.41,0.23,0.31
873,0.95,0.93,0.94,0.51,0.77,0.41,0.27,0.29
874,0.95,0.93,0.95,0.51,0.73,0.5,0.23,0.25
875,0.98,0.94,0.95,0.48,0.77,0.41,0.33,0.31
876,0.96,0.94,0.94,0.51,0.73,0.52,0.33,0.29
877,0.95,0.94,0.94,0.49,0.74,0.5,0.27,0.29
878,0.96,0.94,0.94,0.48,0.73,0.5,0.33,0.31
879,0.96,0.94,0.94,0.48,0.74,0.52,0.33,0.31
880,0.96,0.95,0.94,0.48,0.74,0.5,0.27,0.29
881,0.96,0.94,0.94,0.51,0.74,0.5,0.27,0.35
882,0.96,0.95,0.94,0.51,0.78,0.5,0.27,0.29
883,0.96,0.95,0.94,0.51,0.73,0.5,0.27,0.29
884,0.96,0.95,0.94,0.48,0.77,0.5,0.33,0.29
885,0.98,0.95,0.94,0.48,0.77,0.41,0.31,0.35
886,0.98,0.95,0.94,0.48,0.73,0.41,0.27,0.35
887,0.96,0.96,0.94,0.51,0.77,0.5,0.27,0.35
888,0.96,0.95,0.95,0.48,0.73,0.52,0.33,0.35
889,0.98,0.96,0.94,0.48,0.73,0.5,0.27,0.25
890,1.0,0.95,0.94,0.48,0.73,0.5,0.31,0.35
891,0.98,0.96,0.95,0.48,0.73,0.41,0.27,0.29
892,0.96,0.95,0.94,0.48,0.74,0.5,0.27,0.31
893,0.96,0.96,0.95,0.48,0.73,0.5,0.33,0.35
894,0.96,0.96,0.94,0.48,0.74,0.5,0.27,0.29
895,0.96,0.96,0.95,0.48,0.73,0.52,0.27,0.35
896,0.96,0.96,0.94,0.48,0.74,0.52,0.27,0.35
897,0.96,0.96,0.95,0.48,0.73,0.5,0.27,0.29
898,0.96,0.96,0.95,0.48,0.73,0.41,0.27,0.29
899,0.95,0.96,0.94,0.48,0.74,0.5,0.33,0.29
900,0.95,0.96,0.94,0.48,0.73,0.52,0.27,0.29
901,0.95,0.96,0.94,0.48,0.73,0.5,0.27,0.29
902,0.95,0.96,0.95,0.48,0.77,0.5,0.27,0.29
903,0.96,0.96,0.95,0.48,0.74,0.5,0.27,0.29
904,0.94,0.96,0.95,0.48,0.74,0.5,0.31,0.35
905,0.94,0.96,0.96,0.48,0.74,0.5,0.27,0.29
906,0.96,0.96,0.96,0.48,0.73,0.52,0.27,0.35
907,0.95,0.96,0.96,0.48,0.73,0.5,0.27,0.29
908,0.95,0.96,0.96,0.48,0.74,0.52,0.27,0.23
909,0.95,0.96,0.96,0.45,0.73,0.5,0.27,0.29
910,0.94,0.96,0.96,0.48,0.74,0.41,0.27,0.29
911,0.94,0.96,0.96,0.45,0.74,0.5,0.27,0.29
912,0.94,0.96,0.96,0.45,0.78,0.42,0.27,0.35
913,0.95,0.96,0.96,0.48,0.77,0.42,0.27,0.29
914,0.96,0.96,0.96,0.48,0.78,0.5,0.27,0.29
915,0.95,0.96,0.96,0.45,0.74,0.5,0.27,0.29
916,0.95,0.96,0.96,0.48,0.78,0.5,0.27,0.35
917,0.99,0.96,0.96,0.48,0.74,0.5,0.27,0.29
918,0.95,0.96,0.96,0.48,0.74,0.52,0.27,0.35
919,0.95,0.97,0.96,0.48,0.74,0.5,0.27,0.35
920,0.95,0.96,0.96,0.47,0.74,0.52,0.33,0.29
921,0.96,0.96,0.96,0.48,0.77,0.5,0.27,0.29
922,0.95,0.96,0.96,0.48,0.78,0.5,0.33,0.29
923,0.96,0.97,0.96,0.48,0.78,0.5,0.29,0.25
924,0.96,0.97,0.96,0.48,0.74,0.5,0.23,0.29
925,0.98,0.97,0.95,0.45,0.74,0.5,0.27,0.35
926,1.0,0.97,0.95,0.48,0.73,0.5,0.23,0.29
927,0.96,0.97,0.94,0.48,0.78,0.5,0.29,0.29
928,0.96,0.98,0.94,0.44,0.74,0.5,0.27,0.29
929,0.96,0.97,0.94,0.48,0.77,0.5,0.27,0.29
930,0.96,0.97,0.94,0.47,0.73,0.5,0.27,0.29
931,0.96,0.97,0.94,0.48,0.74,0.5,0.27,0.29
932,0.95,0.97,0.94,0.47,0.73,0.52,0.33,0.29
933,0.94,0.96,0.94,0.48,0.73,0.52,0.27,0.35
934,0.94,0.97,0.94,0.47,0.73,0.5,0.27,0.29
935,0.95,0.97,0.94,0.45,0.73,0.5,0.29,0.29
936,0.94,0.97,0.94,0.47,0.74,0.41,0.27,0.29
937,0.93,0.97,0.94,0.48,0.73,0.5,0.27,0.29
938,0.95,0.97,0.94,0.47,0.77,0.5,0.27,0.29
939,0.93,0.97,0.94,0.47,0.73,0.5,0.33,0.29
940,0.91,0.97,0.94,0.44,0.74,0.5,0.23,0.29
941,0.91,0.96,0.94,0.48,0.78,0.5,0.33,0.29
942,0.91,0.97,0.94,0.47,0.73,0.5,0.23,0.29
943,0.91,0.96,0.94,0.47,0.73,0.41,0.27,0.29
944,0.91,0.96,0.94,0.48,0.78,0.5,0.29,0.29
945,0.93,0.96,0.93,0.47,0.77,0.5,0.29,0.35
946,0.91,0.96,0.94,0.47,0.73,0.5,0.23,0.29
947,0.91,0.96,0.94,0.47,0.73,0.5,0.27,0.29
948,0.94,0.97,0.94,0.47,0.78,0.52,0.23,0.29
949,0.91,0.97,0.95,0.47,0.73,0.5,0.23,0.29
950,0.91,0.96,0.94,0.47,0.73,0.5,0.23,0.29
951,0.91,0.96,0.94,0.47,0.73,0.5,0.33,0.29
952,0.93,0.96,0.94,0.47,0.73,0.5,0.27,0.25
953,0.91,0.96,0.95,0.47,0.73,0.5,0.27,0.29
954,0.91,0.97,0.94,0.47,0.73,0.5,0.23,0.25
955,0.91,0.96,0.94,0.47,0.73,0.52,0.23,0.31
956,0.93,0.96,0.95,0.47,0.73,0.5,0.23,0.29
957,0.93,0.96,0.94,0.47,0.77,0.5,0.23,0.29
958,0.93,0.96,0.95,0.47,0.74,0.5,0.33,0.29
959,0.93,0.96,0.94,0.47,0.78,0.5,0.23,0.29
960,0.93,0.96,0.94,0.47,0.73,0.41,0.23,0.29
961,0.91,0.97,0.95,0.44,0.77,0.48,0.29,0.29
962,0.93,0.97,0.94,0.44,0.77,0.5,0.33,0.31
963,0.91,0.96,0.94,0.47,0.73,0.5,0.23,0.25
964,0.94,0.97,0.94,0.47,0.73,0.5,0.29,0.35
965,0.93,0.96,0.94,0.44,0.77,0.5,0.23,0.25
966,0.91,0.96,0.94,0.44,0.73,0.5,0.29,0.35
967,0.91,0.96,0.94,0.47,0.74,0.5,0.23,0.29
968,0.91,0.96,0.94,0.47,0.78,0.5,0.27,0.29
969,0.91,0.96,0.94,0.44,0.73,0.5,0.33,0.29
970,0.9,0.96,0.95,0.47,0.73,0.5,0.29,0.29
971,0.9,0.96,0.94,0.47,0.77,0.5,0.23,0.29
972,0.93,0.96,0.94,0.47,0.77,0.5,0.29,0.25
973,0.91,0.96,0.94,0.47,0.78,0.5,0.23,0.35
974,0.9,0.96,0.93,0.47,0.73,0.5,0.23,0.25
975,0.9,0.96,0.93,0.47,0.73,0.5,0.27,0.29
976,0.9,0.95,0.93,0.47,0.73,0.5,0.27,0.35
977,0.9,0.95,0.93,0.47,0.77,0.5,0.29,0.25
978,0.9,0.96,0.93,0.47,0.73,0.52,0.29,0.31
979,0.9,0.96,0.94,0.47,0.77,0.5,0.23,0.29
980,0.9,0.96,0.93,0.47,0.73,0.5,0.23,0.29
981,0.89,0.96,0.93,0.47,0.77,0.41,0.23,0.35
982,0.93,0.96,0.93,0.47,0.77,0.5,0.33,0.35
983,0.9,0.96,0.94,0.47,0.77,0.5,0.29,0.29
984,0.9,0.96,0.93,0.47,0.77,0.5,0.33,0.25
985,0.91,0.95,0.94,0.47,0.77,0.52,0.27,0.31
986,0.9,0.96,0.93,0.47,0.78,0.5,0.33,0.35
987,0.9,0.95,0.93,0.46,0.77,0.52,0.29,0.25
988,0.9,0.96,0.93,0.46,0.77,0.52,0.29,0.31
989,0.9,0.95,0.93,0.46,0.78,0.5,0.29,0.35
990,0.9,0.96,0.93,0.47,0.77,0.5,0.29,0.31
991,0.91,0.95,0.93,0.46,0.77,0.5,0.33,0.25
992,0.93,0.96,0.93,0.46,0.77,0.52,0.29,0.31
993,0.9,0.96,0.93,0.47,0.82,0.5,0.29,0.35
994,0.9,0.95,0.93,0.46,0.78,0.52,0.29,0.35
995,0.9,0.95,0.93,0.47,0.77,0.5,0.29,0.35
996,0.91,0.94,0.92,0.47,0.78,0.5,0.33,0.31
997,0.9,0.95,0.93,0.48,0.77,0.6,0.27,0.35
998,0.91,0.95,0.92,0.46,0.78,0.52,0.33,0.31
999,0.9,0.94,0.93,0.46,0.78,0.5,0.29,0.31
1000,0.91,0.94,0.94,0.47,0.77,0.5,0.29,0.35
1001,0.93,0.95,0.93,0.46,0.83,0.6,0.33,0.35
1002,0.9,0.94,0.93,0.46,0.78,0.58,0.33,0.35
1003,0.91,0.94,0.93,0.46,0.78,0.6,0.29,0.31
1004,0.9,0.94,0.93,0.46,0.78,0.6,0.29,0.35
1005,0.91,0.94,0.93,0.46,0.78,0.6,0.29,0.35
1006,0.9,0.95,0.93,0.48,0.78,0.6,0.33,0.35
1007,0.91,0.94,0.93,0.48,0.78,0.52,0.33,0.35
1008,0.9,0.94,0.93,0.46,0.83,0.6,0.29,0.35
1009,0.89,0.94,0.93,0.46,0.78,0.58,0.29,0.38
1010,0.9,0.94,0.93,0.48,0.78,0.5,0.33,0.35
1011,0.89,0.94,0.93,0.46,0.78,0.5,0.29,0.35
1012,0.91,0.94,0.93,0.46,0.79,0.6,0.33,0.35
1013,0.91,0.94,0.93,0.46,0.78,0.58,0.33,0.35
1014,0.9,0.94,0.94,0.46,0.79,0.6,0.33,0.31
1015,0.89,0.94,0.94,0.48,0.84,0.58,0.33,0.35
1016,0.9,0.94,0.94,0.46,0.83,0.58,0.29,0.35
1017,0.88,0.94,0.94,0.48,0.83,0.6,0.39,0.35
1018,0.89,0.93,0.94,0.46,0.78,0.6,0.33,0.31
1019,0.89,0.94,0.94,0.48,0.78,0.6,0.33,0.35
1020,0.88,0.94,0.94,0.44,0.78,0.58,0.35,0.35
1021,0.89,0.93,0.94,0.46,0.79,0.58,0.33,0.35
1022,0.89,0.94,0.94,0.44,0.83,0.6,0.33,0.31
1023,0.89,0.94,0.94,0.46,0.83,0.6,0.33,0.35
1024,0.89,0.93,0.94,0.46,0.78,0.6,0.33,0.35
1025,0.89,0.93,0.94,0.46,0.78,0.6,0.35,0.41
1026,0.89,0.93,0.94,0.46,0.79,0.58,0.33,0.41
1027,0.9,0.94,0.94,0.44,0.83,0.6,0.33,0.31
1028,0.91,0.93,0.94,0.47,0.79,0.6,0.35,0.31
1029,0.91,0.94,0.94,0.44,0.78,0.6,0.39,0.41
1030,0.89,0.94,0.94,0.44,0.78,0.6,0.33,0.35
1031,0.9,0.93,0.94,0.44,0.79,0.6,0.39,0.41
1032,0.89,0.94,0.94,0.46,0.84,0.6,0.29,0.35
1033,0.89,0.93,0.94,0.44,0.84,0.6,0.35,0.41
1034,0.89,0.93,0.94,0.44,0.83,0.6,0.35,0.31
1035,0.89,0.94,0.94,0.44,0.83,0.6,0.39,0.41
1036,0.89,0.93,0.94,0.47,0.84,0.6,0.35,0.41
1037,0.89,0.93,0.94,0.44,0.84,0.6,0.39,0.41
1038,0.89,0.93,0.94,0.44,0.83,0.6,0.35,0.41
1039,0.89,0.93,0.94,0.44,0.84,0.6,0.39,0.38
1040,0.89,0.93,0.94,0.44,0.83,0.6,0.35,0.38
1041,0.89,0.93,0.94,0.46,0.84,0.67,0.35,0.41
1042,0.89,0.94,0.95,0.44,0.88,0.68,0.4,0.41
1043,0.89,0.93,0.95,0.47,0.84,0.6,0.35,0.41
1044,0.88,0.93,0.95,0.44,0.83,0.6,0.35,0.31
1045,0.88,0.93,0.96,0.44,0.83,0.67,0.35,0.38
1046,0.89,0.93,0.96,0.44,0.88,0.68,0.35,0.38
1047,0.9,0.93,0.96,0.44,0.84,0.68,0.35,0.41
1048,0.89,0.94,0.97,0.44,0.83,0.68,0.35,0.41
1049,0.91,0.93,0.97,0.44,0.84,0.68,0.35,0.38
1050,0.9,0.93,0.97,0.44,0.83,0.68,0.35,0.38
1051,0.9,0.93,0.97,0.44,0.84,0.68,0.36,0.38
1052,0.9,0.94,0.97,0.44,0.88,0.6,0.35,0.38
1053,0.9,0.94,0.97,0.44,0.83,0.68,0.35,0.38
1054,0.9,0.93,0.97,0.47,0.88,0.58,0.35,0.38
1055,0.94,0.93,0.96,0.44,0.83,0.67,0.35,0.38
1056,0.9,0.93,0.96,0.46,0.84,0.68,0.35,0.38
1057,0.91,0.94,0.97,0.47,0.89,0.68,0.35,0.38
1058,0.91,0.94,0.97,0.44,0.88,0.68,0.3,0.38
1059,0.9,0.94,0.96,0.47,0.88,0.67,0.35,0.38
1060,0.91,0.93,0.96,0.47,0.89,0.67,0.35,0.38
1061,0.91,0.94,0.97,0.46,0.88,0.67,0.3,0.38
1062,0.9,0.94,0.96,0.44,0.88,0.58,0.4,0.4
1063,0.91,0.93,0.96,0.47,0.88,0.67,0.35,0.38
1064,0.9,0.94,0.96,0.47,0.88,0.68,0.35,0.38
1065,0.91,0.94,0.96,0.44,0.88,0.58,0.4,0.38
1066,0.91,0.94,0.96,0.44,0.89,0.68,0.35,0.38
1067,0.91,0.93,0.96,0.44,0.88,0.68,0.4,0.44
1068,0.91,0.93,0.96,0.44,0.88,0.67,0.4,0.38
1069,0.91,0.93,0.95,0.44,0.88,0.67,0.3,0.38
1070,0.91,0.94,0.95,0.44,0.89,0.76,0.4,0.38
1071,0.91,0.93,0.95,0.44,0.88,0.76,0.4,0.38
1072,0.91,0.93,0.95,0.44,0.88,0.67,0.36,0.48
1073,0.91,0.93,0.95,0.44,0.88,0.67,0.4,0.38
1074,0.91,0.93,0.95,0.47,0.88,0.67,0.35,0.44
1075,0.91,0.93,0.94,0.44,0.92,0.67,0.35,0.44
1076,0.93,0.93,0.94,0.44,0.88,0.68,0.4,0.38
1077,0.91,0.93,0.95,0.47,0.88,0.68,0.35,0.44
1078,0.91,0.93,0.94,0.47,0.92,0.67,0.35,0.44
1079,0.91,0.94,0.94,0.47,0.88,0.68,0.35,0.38
1080,0.91,0.93,0.94,0.44,0.92,0.67,0.36,0.44
1081,0.91,0.93,0.94,0.47,0.92,0.76,0.4,0.38
1082,0.91,0.93,0.94,0.47,0.91,0.76,0.4,0.48
1083,0.91,0.93,0.94,0.44,0.92,0.76,0.4,0.41
1084,0.91,0.93,0.94,0.44,0.88,0.76,0.4,0.44
1085,0.91,0.93,0.94,0.44,0.92,0.76,0.4,0.44
1086,0.91,0.93,0.94,0.47,0.88,0.76,0.4,0.38
1087,0.91,0.92,0.94,0.44,0.92,0.76,0.35,0.44
1088,0.91,0.93,0.94,0.47,0.92,0.76,0.36,0.44
1089,0.9,0.93,0.94,0.44,0.92,0.76,0.4,0.44
1090,0.9,0.93,0.94,0.47,0.92,0.76,0.36,0.44
1091,0.91,0.93,0.94,0.44,0.92,0.76,0.4,0.44
1092,0.9,0.92,0.94,0.47,0.92,0.77,0.36,0.38
1093,0.91,0.92,0.95,0.44,0.92,0.76,0.4,0.44
1094,0.9,0.93,0.95,0.47,0.92,0.67,0.36,0.38
1095,0.94,0.93,0.94,0.44,0.92,0.67,0.4,0.44
1096,0.91,0.92,0.94,0.47,0.92,0.76,0.36,0.48
1097,0.93,0.93,0.95,0.44,0.92,0.76,0.4,0.44
1098,0.91,0.93,0.95,0.47,0.92,0.76,0.4,0.44
1099,0.93,0.93,0.96,0.44,0.97,0.76,0.4,0.44
1100,0.9,0.94,0.95,0.44,0.92,0.76,0.35,0.44
1101,0.91,0.93,0.96,0.44,0.97,0.77,0.4,0.44
1102,0.9,0.93,0.95,0.44,0.97,0.76,0.4,0.38
1103,0.9,0.93,0.96,0.47,0.97,0.76,0.4,0.44
1104,0.93,0.93,0.96,0.47,0.92,0.67,0.4,0.44
1105,0.9,0.93,0.96,0.44,0.92,0.76,0.3,0.44
1106,0.9,0.93,0.96,0.44,0.92,0.77,0.4,0.48
1107,0.9,0.93,0.95,0.44,0.92,0.86,0.4,0.41
1108,0.9,0.93,0.96,0.46,0.91,0.76,0.4,0.44
1109,0.9,0.93,0.95,0.44,0.97,0.77,0.35,0.44
1110,0.9,0.93,0.95,0.47,0.92,0.76,0.4,0.48
1111,0.9,0.93,0.96,0.46,0.92,0.77,0.4,0.48
1112,0.9,0.93,0.95,0.47,0.97,0.77,0.35,0.44
1113,0.91,0.93,0.95,0.44,0.92,0.76,0.4,0.44
1114,0.9,0.93,0.95,0.44,0.92,0.77,0.4,0.44
1115,0.9,0.93,0.95,0.44,0.97,0.77,0.4,0.41
1116,0.91,0.92,0.95,0.44,0.97,0.67,0.4,0.48
1117,0.93,0.93,0.95,0.46,0.92,0.77,0.35,0.48
1118,0.93,0.93,0.95,0.46,0.92,0.77,0.35,0.38
1119,0.9,0.93,0.95,0.44,0.92,0.76,0.35,0.38
1120,0.9,0.93,0.95,0.44,0.92,0.68,0.35,0.48
1121,0.9,0.93,0.95,0.44,0.92,0.76,0.44,0.38
1122,0.9,0.93,0.95,0.44,0.93,0.77,0.44,0.41
1123,0.94,0.93,0.95,0.44,0.88,0.67,0.44,0.48
1124,0.9,0.93,0.96,0.44,0.92,0.68,0.4,0.41
1125,0.93,0.93,0.96,0.44,0.92,0.76,0.44,0.41
1126,0.91,0.93,0.96,0.44,0.92,0.68,0.35,0.41
1127,0.91,0.93,0.95,0.44,0.93,0.67,0.39,0.38
1128,0.9,0.93,0.96,0.44,0.93,0.68,0.39,0.48
1129,0.91,0.93,0.96,0.44,0.92,0.68,0.39,0.41
1130,0.9,0.94,0.96,0.46,0.88,0.68,0.39,0.41
1131,0.91,0.93,0.96,0.44,0.89,0.68,0.35,0.41
1132,0.91,0.92,0.96,0.44,0.93,0.68,0.39,0.41
1133,0.93,0.93,0.96,0.44,0.93,0.68,0.39,0.41
1134,0.9,0.93,0.96,0.44,0.93,0.68,0.39,0.41
1135,0.9,0.93,0.95,0.44,0.93,0.68,0.39,0.41
1136,0.9,0.93,0.95,0.44,0.89,0.68,0.39,0.41
1137,0.91,0.93,0.95,0.44,0.93,0.6,0.35,0.41
1138,0.91,0.93,0.95,0.44,0.93,0.68,0.39,0.41
1139,0.9,0.93,0.95,0.44,0.89,0.68,0.33,0.45
1140,0.91,0.93,0.95,0.42,0.89,0.68,0.39,0.41
1141,0.9,0.93,0.95,0.44,0.89,0.68,0.35,0.35
1142,0.9,0.93,0.95,0.44,0.89,0.68,0.33,0.45
1143,0.93,0.94,0.96,0.42,0.93,0.68,0.39,0.41
1144,0.9,0.94,0.96,0.42,0.89,0.68,0.35,0.41
1145,0.9,0.93,0.95,0.44,0.93,0.7,0.29,0.41
1146,0.9,0.93,0.96,0.42,0.89,0.68,0.33,0.41
1147,0.91,0.93,0.96,0.42,0.9,0.68,0.39,0.41
1148,0.91,0.94,0.96,0.44,0.89,0.7,0.39,0.41
1149,0.91,0.93,0.96,0.44,0.89,0.68,0.39,0.39
1150,0.91,0.94,0.96,0.42,0.89,0.7,0.39,0.45
1151,0.91,0.93,0.96,0.42,0.9,0.68,0.33,0.41
1152,0.91,0.94,0.96,0.44,0.89,0.7,0.33,0.41
1153,0.93,0.94,0.97,0.42,0.89,0.7,0.33,0.35
1154,0.94,0.94,0.96,0.42,0.89,0.7,0.33,0.35
1155,0.93,0.94,0.97,0.42,0.89,0.7,0.33,0.35
1156,0.93,0.94,0.96,0.42,0.89,0.7,0.39,0.35
1157,0.94,0.94,0.97,0.42,0.89,0.7,0.39,0.39
1158,0.93,0.94,0.96,0.42,0.89,0.68,0.39,0.45
1159,0.91,0.94,0.97,0.42,0.89,0.7,0.39,0.45
1160,0.93,0.94,0.97,0.42,0.89,0.7,0.39,0.45
1161,0.93,0.95,0.97,0.42,0.89,0.62,0.33,0.39
1162,0.94,0.94,0.96,0.42,0.89,0.7,0.39,0.45
1163,0.94,0.95,0.97,0.42,0.89,0.7,0.39,0.41
1164,0.93,0.94,0.97,0.42,0.89,0.7,0.39,0.45
1165,0.91,0.95,0.97,0.42,0.89,0.62,0.43,0.39
1166,0.91,0.95,0.97,0.4,0.89,0.7,0.39,0.45
1167,0.93,0.94,0.97,0.39,0.89,0.7,0.39,0.41
1168,0.93,0.95,0.97,0.42,0.9,0.7,0.43,0.45
1169,0.93,0.94,0.96,0.42,0.89,0.62,0.39,0.45
1170,0.95,0.95,0.97,0.39,0.94,0.7,0.33,0.45
1171,0.93,0.95,0.96,0.4,0.9,0.7,0.39,0.45
1172,0.95,0.95,0.96,0.4,0.89,0.62,0.43,0.45
1173,0.93,0.95,0.96,0.4,0.9,0.72,0.33,0.39
1174,0.93,0.95,0.96,0.4,0.9,0.7,0.43,0.45
1175,0.93,0.94,0.96,0.4,0.94,0.62,0.39,0.45
1176,0.93,0.95,0.96,0.42,0.9,0.7,0.43,0.45
1177,0.93,0.94,0.96,0.4,0.9,0.7,0.39,0.39
1178,0.91,0.95,0.96,0.4,0.9,0.7,0.43,0.45
1179,0.93,0.95,0.96,0.4,0.9,0.62,0.39,0.45
1180,0.93,0.94,0.96,0.4,0.9,0.7,0.33,0.39
1181,0.93,0.95,0.96,0.4,0.9,0.7,0.33,0.45
1182,0.93,0.95,0.96,0.4,0.89,0.62,0.39,0.45
1183,0.91,0.95,0.96,0.4,0.9,0.72,0.43,0.45
1184,0.91,0.95,0.96,0.4,0.9,0.68,0.43,0.45
1185,0.91,0.94,0.96,0.4,0.9,0.72,0.43,0.45
1186,0.94,0.94,0.97,0.4,0.94,0.72,0.33,0.45
1187,0.91,0.95,0.96,0.4,0.9,0.62,0.33,0.45
1188,0.91,0.94,0.96,0.4,0.9,0.72,0.39,0.45
1189,0.91,0.94,0.97,0.38,0.9,0.72,0.39,0.39
1190,0.91,0.94,0.97,0.4,0.9,0.72,0.43,0.45
1191,0.91,0.94,0.97,0.38,0.9,0.63,0.39,0.45
1192,0.93,0.94,0.97,0.4,0.9,0.72,0.39,0.45
1193,0.91,0.94,0.97,0.38,0.9,0.72,0.38,0.45
1194,0.9,0.94,0.97,0.4,0.9,0.62,0.43,0.45
1195,0.9,0.94,0.97,0.4,0.9,0.63,0.39,0.45
1196,0.9,0.94,0.98,0.4,0.94,0.72,0.38,0.39
1197,0.91,0.94,0.97,0.39,0.9,0.7,0.39,0.45
1198,0.93,0.94,0.98,0.4,0.9,0.72,0.39,0.45
1199,0.91,0.94,0.97,0.4,0.94,0.62,0.39,0.45
1200,0.91,0.95,0.98,0.4,0.95,0.72,0.43,0.45
1201,0.93,0.94,0.98,0.42,0.9,0.72,0.39,0.45
1202,0.91,0.94,0.99,0.4,0.9,0.7,0.39,0.45
1203,0.93,0.94,0.99,0.4,0.9,0.72,0.38,0.41
1204,0.93,0.94,0.99,0.4,0.9,0.62,0.39,0.45
1205,0.91,0.94,0.99,0.39,0.94,0.63,0.39,0.39
1206,0.94,0.94,0.99,0.4,0.9,0.7,0.43,0.45
1207,0.94,0.94,0.99,0.4,0.9,0.7,0.43,0.45
1208,0.93,0.94,0.99,0.4,0.9,0.72,0.33,0.39
1209,0.93,0.94,0.99,0.4,0.94,0.7,0.39,0.41
1210,0.93,0.95,0.99,0.39,0.9,0.72,0.39,0.45
1211,0.93,0.95,0.99,0.42,0.9,0.72,0.39,0.45
1212,0.93,0.95,0.99,0.4,0.94,0.72,0.39,0.45
1213,0.96,0.94,0.99,0.4,0.94,0.72,0.43,0.45
1214,0.94,0.94,0.99,0.42,0.91,0.63,0.39,0.45
1215,0.96,0.94,0.98,0.38,0.94,0.72,0.39,0.45
1216,0.94,0.94,0.99,0.42,0.94,0.7,0.39,0.41
1217,0.94,0.94,0.99,0.4,0.94,0.79,0.39,0.45
1218,0.94,0.94,0.99,0.42,0.9,0.72,0.39,0.45
1219,0.95,0.94,0.98,0.4,0.94,0.7,0.39,0.45
1220,0.94,0.94,0.98,0.42,0.9,0.7,0.39,0.45
1221,0.95,0.94,0.98,0.38,0.9,0.72,0.39,0.45
1222,0.95,0.94,0.98,0.39,0.9,0.7,0.39,0.45
1223,0.95,0.94,0.98,0.39,0.94,0.72,0.39,0.45
1224,0.95,0.95,0.98,0.4,0.94,0.72,0.39,0.45
1225,0.95,0.95,0.98,0.39,0.91,0.73,0.39,0.45
1226,0.95,0.95,0.98,0.38,0.94,0.81,0.39,0.45
1227,0.95,0.95,0.98,0.42,0.94,0.72,0.39,0.41
1228,0.95,0.95,0.98,0.4,0.9,0.72,0.39,0.45
1229,0.95,0.95,0.98,0.42,0.94,0.72,0.43,0.45
1230,0.95,0.95,0.98,0.42,0.94,0.72,0.43,0.45
1231,0.95,0.97,0.98,0.38,0.9,0.7,0.39,0.45
1232,0.98,0.95,0.98,0.39,0.94,0.72,0.43,0.45
1233,0.96,0.95,0.98,0.38,0.94,0.72,0.43,0.45
1234,0.94,0.95,0.98,0.39,0.95,0.72,0.43,0.45
1235,0.94,0.97,0.98,0.39,0.94,0.72,0.43,0.39
1236,0.94,0.95,0.98,0.42,0.9,0.72,0.43,0.45
1237,0.95,0.97,0.98,0.38,0.94,0.72,0.33,0.45
1238,0.94,0.97,0.98,0.38,0.94,0.72,0.39,0.45
1239,0.94,0.95,0.98,0.38,0.9,0.72,0.39,0.45
1240,0.94,0.95,0.98,0.38,0.94,0.72,0.43,0.45
1241,0.94,0.94,0.98,0.38,0.9,0.72,0.39,0.45
1242,0.93,0.97,0.97,0.4,0.94,0.72,0.39,0.45
1243,0.94,0.95,0.97,0.39,0.91,0.72,0.43,0.45
1244,0.93,0.95,0.97,0.38,0.94,0.72,0.39,0.39
1245,0.93,0.95,0.97,0.38,0.95,0.72,0.43,0.45
1246,0.94,0.95,0.97,0.38,0.9,0.72,0.39,0.45
1247,0.93,0.95,0.97,0.38,0.9,0.72,0.39,0.45
1248,0.94,0.95,0.96,0.39,0.95,0.7,0.43,0.45
1249,0.94,0.97,0.96,0.38,0.91,0.72,0.33,0.45
1250,0.93,0.96,0.97,0.39,0.9,0.72,0.43,0.39
1251,0.94,0.95,0.96,0.38,0.95,0.72,0.43,0.49
1252,0.93,0.96,0.97,0.37,0.94,0.72,0.43,0.45
1253,0.95,0.95,0.98,0.4,0.91,0.63,0.39,0.49
1254,0.93,0.96,0.97,0.38,0.91,0.72,0.43,0.45
1255,0.94,0.96,0.97,0.39,0.9,0.72,0.43,0.45
1256,0.93,0.96,0.98,0.39,0.9,0.72,0.43,0.45
1257,0.93,0.95,0.98,0.39,0.94,0.72,0.43,0.45
1258,0.93,0.95,0.97,0.38,0.95,0.72,0.39,0.45
1259,0.93,0.96,0.98,0.37,0.9,0.81,0.39,0.39
1260,0.93,0.96,0.98,0.39,0.91,0.72,0.43,0.45
1261,0.93,0.96,0.98,0.39,0.91,0.81,0.43,0.45
1262,0.93,0.96,0.98,0.39,0.94,0.72,0.39,0.52
1263,0.93,0.96,0.99,0.39,0.9,0.7,0.43,0.39
1264,0.94,0.97,0.98,0.39,0.9,0.72,0.43,0.45
1265,0.93,0.97,0.98,0.39,0.94,0.72,0.43,0.45
1266,0.95,0.96,0.99,0.39,0.94,0.72,0.43,0.39
1267,0.94,0.97,0.98,0.39,0.94,0.72,0.39,0.45
1268,0.93,0.96,0.99,0.38,0.94,0.72,0.43,0.45
1269,0.93,0.96,0.99,0.39,0.9,0.72,0.44,0.45
1270,0.94,0.97,0.99,0.38,0.94,0.72,0.39,0.55
1271,0.93,0.97,0.98,0.39,0.9,0.72,0.43,0.49
1272,0.93,0.97,0.99,0.38,0.95,0.72,0.39,0.52
1273,0.94,0.96,0.99,0.39,0.9,0.72,0.39,0.45
1274,0.95,0.96,0.99,0.38,0.95,0.72,0.49,0.45
1275,0.95,0.96,0.99,0.39,0.94,0.72,0.39,0.45
1276,0.94,0.96,0.98,0.39,0.94,0.72,0.49,0.45
1277,0.94,0.97,0.99,0.38,0.9,0.72,0.43,0.45
1278,0.95,0.96,0.98,0.38,0.94,0.72,0.43,0.45
1279,0.94,0.96,0.98,0.39,0.94,0.72,0.43,0.45
1280,0.95,0.97,0.98,0.37,0.9,0.72,0.49,0.45
1281,0.95,0.97,0.98,0.39,0.94,0.72,0.39,0.45
1282,0.95,0.97,0.97,0.37,0.9,0.72,0.43,0.45
1283,0.95,0.97,0.98,0.35,0.94,0.72,0.43,0.45
1284,0.96,0.97,0.98,0.37,0.94,0.81,0.39,0.45
1285,0.99,0.97,0.98,0.38,0.94,0.72,0.43,0.52
1286,0.96,0.97,0.98,0.37,0.91,0.72,0.49,0.52
1287,0.99,0.98,0.97,0.37,0.95,0.72,0.39,0.45
1288,0.99,0.97,0.98,0.35,0.95,0.73,0.43,0.49
1289,0.96,0.98,0.98,0.35,0.94,0.73,0.49,0.45
1290,0.96,0.98,0.97,0.35,0.99,0.72,0.49,0.49
1291,0.96,0.97,0.98,0.37,0.94,0.72,0.39,0.45
1292,0.96,0.98,0.97,0.37,0.94,0.72,0.43,0.45
1293,0.96,0.98,0.98,0.35,0.95,0.72,0.43,0.45
1294,0.95,0.98,0.98,0.38,0.94,0.73,0.49,0.45
1295,0.95,0.97,0.98,0.37,0.99,0.82,0.44,0.45
1296,0.96,0.97,0.97,0.37,0.99,0.73,0.43,0.45
1297,0.95,0.98,0.98,0.37,0.95,0.73,0.43,0.49
1298,0.94,0.97,0.98,0.35,0.95,0.73,0.43,0.55
1299,0.94,0.98,0.98,0.37,0.95,0.82,0.43,0.43
1300,0.94,0.97,0.98,0.35,1.0,0.73,0.43,0.45
1301,0.94,0.97,0.97,0.35,0.95,0.73,0.43,0.49
1302,0.95,0.97,0.97,0.35,0.95,0.82,0.43,0.45
1303,0.94,0.97,0.97,0.37,0.95,0.73,0.43,0.49
1304,0.94,0.98,0.97,0.38,1.0,0.82,0.43,0.49
1305,0.95,0.97,0.97,0.35,0.95,0.82,0.43,0.49
1306,0.94,0.98,0.97,0.35,0.94,0.73,0.43,0.52
1307,0.94,0.97,0.97,0.37,0.95,0.73,0.43,0.45
1308,0.94,0.97,0.96,0.37,0.95,0.73,0.43,0.45
1309,0.94,0.97,0.96,0.37,0.95,0.82,0.43,0.49
1310,0.95,0.97,0.96,0.35,0.95,0.73,0.38,0.45
1311,0.94,0.98,0.96,0.35,0.95,0.73,0.38,0.45
1312,0.94,0.97,0.96,0.33,0.95,0.82,0.38,0.49
1313,0.93,0.97,0.97,0.35,0.95,0.73,0.38,0.55
1314,0.93,0.97,0.97,0.35,1.0,0.73,0.43,0.45
1315,0.93,0.97,0.96,0.35,0.95,0.72,0.43,0.52
1316,0.94,0.97,0.96,0.35,1.0,0.73,0.38,0.45
1317,0.93,0.97,0.96,0.35,0.95,0.73,0.43,0.39
1318,0.93,0.97,0.96,0.35,0.95,0.73,0.38,0.39
1319,0.93,0.97,0.96,0.33,1.0,0.82,0.43,0.45
1320,0.94,0.97,0.96,0.35,0.95,0.72,0.38,0.45
1321,0.91,0.97,0.96,0.37,1.0,0.73,0.38,0.45
1322,0.91,0.97,0.95,0.35,0.95,0.73,0.33,0.45
1323,0.93,0.97,0.95,0.37,0.95,0.73,0.39,0.45
1324,0.91,0.97,0.95,0.34,0.95,0.73,0.38,0.39
1325,0.9,0.97,0.94,0.34,0.95,0.82,0.43,0.39
1326,0.9,0.97,0.94,0.37,0.95,0.72,0.39,0.35
1327,0.93,0.97,0.94,0.35,0.95,0.72,0.33,0.45
1328,0.9,0.97,0.94,0.34,0.95,0.82,0.39,0.39
1329,0.9,0.95,0.93,0.33,0.94,0.72,0.33,0.45
1330,0.9,0.95,0.93,0.33,0.95,0.73,0.33,0.45
1331,0.89,0.95,0.92,0.37,0.91,0.73,0.39,0.45
1332,0.89,0.95,0.92,0.37,0.95,0.72,0.39,0.45
1333,0.89,0.95,0.92,0.37,0.94,0.72,0.33,0.45
1334,0.9,0.95,0.92,0.34,0.94,0.73,0.33,0.35
1335,0.89,0.94,0.92,0.37,0.94,0.72,0.29,0.41
1336,0.89,0.94,0.91,0.34,0.95,0.73,0.33,0.45
1337,0.88,0.95,0.92,0.37,0.94,0.63,0.39,0.41
1338,0.88,0.94,0.92,0.34,0.94,0.73,0.33,0.41
1339,0.88,0.94,0.91,0.37,0.95,0.72,0.39,0.35
1340,0.87,0.93,0.91,0.37,0.94,0.65,0.29,0.35
1341,0.87,0.94,0.91,0.37,0.94,0.72,0.35,0.41
1342,0.85,0.94,0.9,0.34,0.94,0.72,0.29,0.35
1343,0.85,0.93,0.9,0.37,0.94,0.81,0.29,0.35
1344,0.87,0.92,0.89,0.37,0.93,0.63,0.29,0.41
1345,0.85,0.93,0.9,0.35,0.94,0.72,0.29,0.31
1346,0.87,0.93,0.89,0.37,0.94,0.63,0.29,0.41
1347,0.83,0.92,0.89,0.37,0.89,0.7,0.39,0.35
1348,0.84,0.92,0.89,0.37,0.93,0.7,0.29,0.35
1349,0.83,0.92,0.88,0.37,0.9,0.72,0.35,0.41
1350,0.83,0.91,0.88,0.35,0.93,0.72,0.29,0.35
1351,0.83,0.91,0.88,0.34,0.93,0.7,0.29,0.35
1352,0.8,0.9,0.88,0.38,0.89,0.63,0.35,0.35
1353,0.8,0.9,0.87,0.38,0.93,0.7,0.35,0.35
1354,0.8,0.9,0.87,0.38,0.93,0.62,0.35,0.35
1355,0.79,0.9,0.86,0.38,0.89,0.62,0.29,0.41
1356,0.79,0.89,0.86,0.38,0.89,0.7,0.29,0.35
1357,0.82,0.89,0.86,0.38,0.89,0.72,0.29,0.35
1358,0.78,0.89,0.86,0.38,0.89,0.7,0.29,0.41
1359,0.78,0.88,0.86,0.4,0.89,0.62,0.29,0.35
1360,0.78,0.89,0.86,0.38,0.89,0.7,0.29,0.38
1361,0.77,0.88,0.86,0.38,0.89,0.62,0.29,0.31
1362,0.78,0.88,0.85,0.38,0.89,0.7,0.29,0.35
1363,0.77,0.86,0.86,0.4,0.89,0.62,0.3,0.35
1364,0.77,0.86,0.84,0.4,0.89,0.62,0.35,0.35
1365,0.76,0.86,0.84,0.4,0.89,0.62,0.25,0.41
1366,0.77,0.86,0.84,0.38,0.88,0.7,0.29,0.31
1367,0.76,0.86,0.84,0.4,0.88,0.62,0.29,0.31
1368,0.76,0.86,0.84,0.4,0.88,0.7,0.29,0.35
1369,0.76,0.86,0.84,0.4,0.83,0.62,0.35,0.41
1370,0.78,0.85,0.84,0.4,0.89,0.62,0.29,0.35
1371,0.77,0.85,0.84,0.4,0.83,0.7,0.25,0.35
1372,0.74,0.84,0.84,0.4,0.83,0.6,0.29,0.31
1373,0.73,0.85,0.82,0.4,0.83,0.62,0.29,0.41
1374,0.73,0.84,0.82,0.4,0.83,0.62,0.35,0.31
1375,0.73,0.84,0.82,0.43,0.83,0.6,0.29,0.35
1376,0.74,0.83,0.82,0.41,0.83,0.62,0.29,0.31
1377,0.72,0.83,0.82,0.4,0.83,0.52,0.29,0.35
1378,0.72,0.83,0.82,0.44,0.82,0.62,0.29,0.31
1379,0.72,0.83,0.82,0.43,0.83,0.6,0.29,0.41
1380,0.72,0.82,0.82,0.41,0.88,0.62,0.29,0.35
1381,0.73,0.82,0.8,0.41,0.87,0.6,0.29,0.31
1382,0.72,0.82,0.8,0.41,0.87,0.68,0.29,0.31
1383,0.72,0.83,0.8,0.41,0.82,0.62,0.29,0.31
1384,0.72,0.81,0.8,0.44,0.83,0.6,0.29,0.35
1385,0.73,0.81,0.8,0.45,0.82,0.6,0.18,0.31
1386,0.72,0.82,0.79,0.44,0.82,0.6,0.29,0.31
1387,0.7,0.8,0.79,0.45,0.83,0.6,0.29,0.35
1388,0.72,0.81,0.78,0.44,0.82,0.6,0.29,0.31
1389,0.71,0.8,0.78,0.45,0.82,0.6,0.29,0.31
1390,0.68,0.8,0.77,0.45,0.82,0.6,0.25,0.31
1391,0.68,0.79,0.77,0.45,0.82,0.6,0.25,0.31
1392,0.67,0.79,0.77,0.45,0.82,0.6,0.25,0.31
1393,0.67,0.79,0.77,0.45,0.82,0.6,0.3,0.31
1394,0.67,0.79,0.77,0.47,0.77,0.52,0.25,0.31
1395,0.67,0.79,0.76,0.45,0.82,0.6,0.29,0.25
1396,0.67,0.79,0.77,0.47,0.76,0.58,0.29,0.31
1397,0.66,0.78,0.76,0.47,0.81,0.6,0.25,0.31
1398,0.66,0.78,0.74,0.45,0.81,0.58,0.25,0.31
1399,0.66,0.78,0.74,0.48,0.76,0.58,0.25,0.31
1400,0.65,0.76,0.75,0.48,0.81,0.6,0.25,0.31
1401,0.65,0.76,0.74,0.48,0.81,0.6,0.25,0.31
1402,0.63,0.76,0.73,0.48,0.77,0.58,0.25,0.31
1403,0.63,0.75,0.74,0.51,0.76,0.58,0.25,0.31
1404,0.65,0.75,0.74,0.48,0.76,0.6,0.25,0.31
1405,0.62,0.74,0.73,0.49,0.81,0.58,0.23,0.25
1406,0.59,0.73,0.7,0.5,0.72,0.5,0.25,0.31
1407,0.57,0.71,0.7,0.51,0.72,0.5,0.18,0.31
1408,0.57,0.71,0.69,0.54,0.71,0.5,0.25,0.25
1409,0.56,0.71,0.68,0.54,0.76,0.58,0.23,0.31
1410,0.55,0.71,0.68,0.51,0.76,0.52,0.18,0.21
1411,0.55,0.7,0.67,0.52,0.72,0.58,0.25,0.25
1412,0.54,0.7,0.67,0.54,0.71,0.5,0.25,0.28
1413,0.54,0.7,0.67,0.51,0.72,0.58,0.25,0.31
1414,0.52,0.7,0.66,0.54,0.71,0.52,0.21,0.31
1415,0.52,0.68,0.65,0.51,0.76,0.48,0.18,0.25
1416,0.51,0.67,0.64,0.51,0.72,0.5,0.29,0.21
1417,0.54,0.67,0.64,0.52,0.71,0.58,0.18,0.25
1418,0.5,0.66,0.64,0.55,0.71,0.5,0.25,0.31
1419,0.5,0.66,0.63,0.57,0.71,0.5,0.25,0.28
1420,0.49,0.66,0.63,0.55,0.72,0.5,0.25,0.31
1421,0.49,0.65,0.62,0.55,0.66,0.5,0.25,0.31
1422,0.48,0.65,0.62,0.57,0.71,0.41,0.18,0.28
1423,0.49,0.64,0.6,0.52,0.71,0.5,0.18,0.25
1424,0.48,0.64,0.61,0.55,0.66,0.48,0.25,0.25
1425,0.46,0.63,0.6,0.58,0.64,0.5,0.25,0.25
1426,0.46,0.62,0.6,0.57,0.71,0.5,0.18,0.21
1427,0.46,0.63,0.6,0.55,0.66,0.41,0.18,0.21
1428,0.46,0.62,0.59,0.56,0.69,0.5,0.18,0.25
1429,0.45,0.62,0.58,0.56,0.64,0.48,0.18,0.31
1430,0.44,0.62,0.58,0.58,0.61,0.39,0.25,0.28
1431,0.45,0.62,0.58,0.58,0.64,0.48,0.25,0.21
1432,0.44,0.6,0.57,0.57,0.64,0.48,0.25,0.25
1433,0.45,0.6,0.56,0.58,0.66,0.48,0.25,0.21
1434,0.44,0.59,0.56,0.58,0.61,0.39,0.25,0.28
1435,0.43,0.59,0.55,0.58,0.64,0.39,0.25,0.28
1436,0.43,0.58,0.55,0.58,0.6,0.48,0.25,0.21
1437,0.41,0.58,0.55,0.58,0.6,0.39,0.25,0.21
1438,0.41,0.58,0.55,0.58,0.64,0.39,0.21,0.21
1439,0.41,0.58,0.54,0.58,0.64,0.48,0.21,0.21
1440,0.4,0.57,0.53,0.58,0.6,0.39,0.14,0.21
1441,0.41,0.57,0.53,0.58,0.64,0.39,0.14,0.21
1442,0.39,0.57,0.53,0.58,0.63,0.39,0.25,0.25
1443,0.41,0.57,0.52,0.58,0.55,0.39,0.21,0.31
1444,0.4,0.56,0.52,0.58,0.6,0.39,0.25,0.21
1445,0.39,0.56,0.52,0.6,0.58,0.39,0.25,0.21
1446,0.39,0.56,0.52,0.59,0.63,0.48,0.18,0.19
1447,0.39,0.55,0.51,0.6,0.6,0.38,0.18,0.21
1448,0.4,0.55,0.51,0.58,0.58,0.39,0.21,0.21
1449,0.38,0.54,0.5,0.59,0.64,0.38,0.09,0.21
1450,0.38,0.54,0.5,0.6,0.58,0.38,0.25,0.21
1451,0.39,0.53,0.5,0.61,0.54,0.29,0.25,0.28
1452,0.37,0.53,0.49,0.61,0.54,0.29,0.21,0.21
1453,0.38,0.53,0.48,0.58,0.58,0.47,0.18,0.21
1454,0.34,0.52,0.48,0.6,0.54,0.29,0.21,0.21
1455,0.35,0.52,0.48,0.61,0.58,0.38,0.21,0.21
1456,0.35,0.52,0.48,0.64,0.58,0.38,0.18,0.21
1457,0.34,0.51,0.47,0.61,0.54,0.29,0.14,0.21
1458,0.34,0.51,0.47,0.64,0.49,0.29,0.14,0.21
1459,0.38,0.52,0.46,0.61,0.54,0.38,0.14,0.15
1460,0.33,0.5,0.47,0.64,0.58,0.38,0.14,0.21
1461,0.34,0.5,0.46,0.64,0.58,0.38,0.09,0.21
1462,0.35,0.51,0.45,0.61,0.53,0.47,0.14,0.21
1463,0.33,0.49,0.46,0.61,0.48,0.29,0.21,0.28
1464,0.33,0.49,0.45,0.61,0.49,0.27,0.14,0.21
1465,0.32,0.49,0.45,0.61,0.48,0.29,0.14,0.28
1466,0.34,0.49,0.45,0.61,0.58,0.36,0.21,0.21
1467,0.33,0.49,0.45,0.61,0.48,0.29,0.21,0.21
1468,0.33,0.48,0.44,0.64,0.53,0.29,0.21,0.21
1469,0.32,0.49,0.44,0.61,0.53,0.38,0.14,0.21
1470,0.34,0.48,0.44,0.62,0.48,0.27,0.21,0.21
1471,0.33,0.46,0.44,0.64,0.48,0.27,0.25,0.21
1472,0.3,0.47,0.43,0.64,0.48,0.29,0.21,0.28
1473,0.3,0.46,0.43,0.64,0.47,0.27,0.14,0.21
1474,0.32,0.46,0.42,0.64,0.47,0.27,0.14,0.21
1475,0.3,0.47,0.42,0.64,0.47,0.27,0.21,0.28
1476,0.32,0.46,0.42,0.64,0.47,0.27,0.21,0.21
1477,0.3,0.46,0.42,0.64,0.48,0.27,0.14,0.21
1478,0.29,0.46,0.42,0.64,0.48,0.27,0.21,0.21
1479,0.29,0.45,0.42,0.67,0.47,0.27,0.14,0.21
1480,0.3,0.46,0.41,0.64,0.47,0.36,0.14,0.18
1481,0.3,0.46,0.41,0.64,0.48,0.34,0.14,0.18
1482,0.3,0.45,0.4,0.64,0.47,0.36,0.14,0.18
1483,0.29,0.44,0.4,0.64,0.47,0.27,0.14,0.21
1484,0.28,0.44,0.4,0.67,0.48,0.17,0.21,0.28
1485,0.29,0.44,0.4,0.64,0.52,0.25,0.21,0.18
1486,0.29,0.44,0.4,0.65,0.46,0.36,0.14,0.15
1487,0.28,0.44,0.39,0.67,0.47,0.27,0.21,0.28
1488,0.28,0.43,0.4,0.67,0.42,0.18,0.21,0.28
1489,0.28,0.44,0.39,0.67,0.41,0.25,0.21,0.18
1490,0.28,0.44,0.39,0.67,0.46,0.18,0.14,0.21
1491,0.28,0.43,0.39,0.68,0.46,0.25,0.09,0.21
1492,0.28,0.43,0.39,0.64,0.46,0.36,0.14,0.18
1493,0.27,0.43,0.38,0.64,0.46,0.36,0.14,0.18
1494,0.28,0.42,0.38,0.68,0.41,0.27,0.14,0.21
1495,0.27,0.42,0.37,0.67,0.41,0.27,0.21,0.18
1496,0.29,0.42,0.38,0.67,0.41,0.17,0.21,0.24
1497,0.26,0.42,0.37,0.67,0.42,0.18,0.21,0.21
1498,0.27,0.42,0.37,0.68,0.41,0.25,0.14,0.18
1499,0.28,0.42,0.37,0.67,0.41,0.17,0.21,0.24
