0,0.01,0.02,0.01,0.0,0.0,0.01,0.01,0.01
1,0.0,0.02,0.01,0.0,0.0,0.01,0.01,0.01
2,0.01,0.02,0.01,0.0,0.0,0.01,0.01,0.01
3,0.01,0.02,0.01,0.0,0.0,0.01,0.01,0.01
4,0.01,0.03,0.01,0.0,0.0,0.01,0.01,0.01
5,0.01,0.02,0.01,0.01,0.0,0.01,0.01,0.01
6,0.03,0.03,0.01,0.01,0.0,0.01,0.01,0.01
7,0.01,0.02,0.01,0.01,0.0,0.01,0.01,0.01
8,0.01,0.02,0.01,0.0,0.0,0.01,0.01,0.01
9,0.02,0.02,0.02,0.0,0.0,0.01,0.01,0.01
10,0.01,0.02,0.02,0.01,0.0,0.01,0.01,0.01
11,0.01,0.02,0.02,0.0,0.0,0.01,0.01,0.01
12,0.01,0.03,0.01,0.0,0.0,0.01,0.01,0.01
13,0.01,0.03,0.01,0.0,0.0,0.01,0.01,0.01
14,0.02,0.02,0.01,0.0,0.0,0.01,0.01,0.01
15,0.01,0.02,0.01,0.0,0.0,0.01,0.01,0.01
16,0.01,0.03,0.01,0.0,0.0,0.01,0.01,0.01
17,0.01,0.02,0.01,0.01,0.0,0.01,0.01,0.01
18,0.01,0.02,0.01,0.0,0.0,0.01,0.01,0.01
19,0.01,0.02,0.01,0.0,0.0,0.01,0.01,0.01
20,0.03,0.02,0.01,0.0,0.0,0.01,0.01,0.01
21,0.01,0.02,0.01,0.0,0.0,0.01,0.01,0.01
22,0.01,0.02,0.01,0.0,0.0,0.01,0.01,0.01
23,0.01,0.02,0.01,0.0,0.0,0.01,0.01,0.01
24,0.01,0.02,0.01,0.0,0.0,0.01,0.01,0.01
25,0.01,0.02,0.01,0.0,0.0,0.01,0.01,0.01
26,0.01,0.03,0.02,0.0,0.0,0.01,0.01,0.01
27,0.0,0.02,0.01,0.0,0.0,0.01,0.01,0.01
28,0.01,0.02,0.01,0.0,0.0,0.01,0.01,0.01
29,0.01,0.02,0.01,0.0,0.0,0.01,0.01,0.01
30,0.0,0.02,0.01,0.0,0.0,0.01,0.01,0.01
31,0.0,0.02,0.01,0.0,0.0,0.01,0.01,0.01
32,0.02,0.02,0.01,0.0,0.0,0.01,0.01,0.01
33,0.01,0.02,0.01,0.0,0.0,0.01,0.01,0.01
34,0.01,0.01,0.01,0.0,0.0,0.01,0.01,0.01
35,0.02,0.02,0.01,0.0,0.0,0.01,0.01,0.01
36,0.03,0.02,0.01,0.0,0.0,0.01,0.01,0.01
37,0.01,0.02,0.01,0.0,0.0,0.01,0.01,0.01
38,0.01,0.02,0.01,0.0,0.0,0.01,0.01,0.01
39,0.03,0.02,0.01,0.0,0.0,0.01,0.01,0.01
40,0.01,0.03,0.01,0.0,0.0,0.01,0.01,0.01
41,0.01,0.02,0.01,0.0,0.0,0.01,0.01,0.01
42,0.01,0.02,0.01,0.0,0.0,0.01,0.01,0.01
43,0.01,0.02,0.01,0.0,0.0,0.01,0.01,0.01
44,0.01,0.02,0.01,0.0,0.0,0.01,0.01,0.01
45,0.01,0.03,0.01,0.0,0.0,0.01,0.01,0.01
46,0.01,0.03,0.01,0.0,0.0,0.01,0.01,0.01
47,0.01,0.03,0.01,0.0,0.0,0.01,0.01,0.01
48,0.01,0.02,0.01,0.0,0.0,0.01,0.01,0.01
49,0.01,0.02,0.01,0.0,0.0,0.01,0.01,0.01
50,0.01,0.02,0.01,0.0,0.0,0.01,0.01,0.01
51,0.01,0.02,0.01,0.0,0.0,0.01,0.01,0.01
52,0.01,0.02,0.02,0.0,0.01,0.01,0.01,0.01
53,0.01,0.02,0.01,0.0,0.0,0.01,0.01,0.01
54,0.01,0.03,0.02,0.0,0.0,0.01,0.01,0.01
55,0.04,0.02,0.01,0.0,0.01,0.01,0.01,0.01
56,0.02,0.02,0.01,0.0,0.0,0.01,0.01,0.01
57,0.02,0.03,0.01,0.0,0.0,0.01,0.01,0.01
58,0.01,0.02,0.01,0.0,0.0,0.01,0.01,0.01
59,0.02,0.02,0.01,0.0,0.0,0.01,0.01,0.01
60,0.02,0.02,0.01,0.0,0.0,0.01,0.01,0.01
61,0.04,0.02,0.01,0.0,0.0,0.01,0.01,0.01
62,0.02,0.02,0.01,0.0,0.0,0.01,0.01,0.01
63,0.01,0.02,0.01,0.0,0.0,0.01,0.01,0.01
64,0.02,0.04,0.01,0.0,0.0,0.01,0.01,0.01
65,0.04,0.03,0.01,0.0,0.0,0.01,0.01,0.01
66,0.02,0.02,0.01,0.0,0.01,0.01,0.01,0.01
67,0.02,0.02,0.01,0.0,0.0,0.01,0.02,0.01
68,0.02,0.03,0.01,0.0,0.0,0.01,0.02,0.01
69,0.03,0.02,0.01,0.0,0.01,0.01,0.02,0.01
70,0.02,0.02,0.01,0.0,0.01,0.01,0.01,0.02
71,0.02,0.02,0.01,0.0,0.0,0.01,0.01,0.01
72,0.02,0.02,0.01,0.0,0.01,0.01,0.02,0.01
73,0.03,0.04,0.01,0.0,0.01,0.01,0.01,0.01
74,0.02,0.02,0.01,0.0,0.01,0.01,0.01,0.01
75,0.03,0.03,0.02,0.01,0.01,0.01,0.01,0.01
76,0.02,0.04,0.02,0.0,0.01,0.01,0.01,0.02
77,0.02,0.02,0.01,0.01,0.01,0.01,0.01,0.02
78,0.02,0.02,0.01,0.01,0.01,0.01,0.02,0.02
79,0.03,0.02,0.02,0.01,0.01,0.01,0.02,0.02
80,0.02,0.02,0.02,0.01,0.01,0.01,0.02,0.02
81,0.02,0.02,0.01,0.01,0.01,0.01,0.02,0.02
82,0.04,0.04,0.02,0.01,0.01,0.01,0.01,0.02
83,0.04,0.04,0.01,0.01,0.01,0.01,0.02,0.02
84,0.04,0.03,0.01,0.01,0.01,0.01,0.02,0.02
85,0.02,0.04,0.02,0.01,0.01,0.01,0.02,0.02
86,0.02,0.02,0.01,0.01,0.01,0.01,0.02,0.02
87,0.02,0.02,0.01,0.01,0.01,0.01,0.02,0.02
88,0.02,0.03,0.02,0.01,0.01,0.01,0.02,0.02
89,0.03,0.02,0.02,0.01,0.01,0.01,0.02,0.02
90,0.04,0.02,0.02,0.01,0.01,0.01,0.02,0.02
91,0.04,0.02,0.01,0.01,0.01,0.01,0.01,0.02
92,0.05,0.02,0.01,0.01,0.01,0.01,0.02,0.02
93,0.02,0.04,0.01,0.01,0.01,0.01,0.02,0.02
94,0.04,0.02,0.01,0.01,0.01,0.01,0.02,0.02
95,0.02,0.03,0.02,0.01,0.01,0.01,0.02,0.02
96,0.02,0.03,0.01,0.01,0.01,0.01,0.02,0.02
97,0.02,0.02,0.01,0.01,0.01,0.01,0.02,0.02
98,0.02,0.04,0.02,0.01,0.01,0.01,0.02,0.02
99,0.02,0.03,0.02,0.01,0.01,0.01,0.02,0.02
100,0.03,0.03,0.02,0.01,0.01,0.01,0.02,0.02
101,0.02,0.04,0.01,0.01,0.01,0.01,0.02,0.02
102,0.02,0.03,0.01,0.01,0.01,0.01,0.02,0.02
103,0.02,0.03,0.01,0.01,0.01,0.01,0.02,0.02
104,0.03,0.03,0.01,0.01,0.01,0.01,0.02,0.02
105,0.03,0.04,0.02,0.01,0.01,0.01,0.02,0.02
106,0.04,0.02,0.01,0.01,0.01,0.01,0.02,0.02
107,0.05,0.03,0.01,0.01,0.01,0.01,0.02,0.02
108,0.02,0.04,0.02,0.01,0.01,0.01,0.02,0.02
109,0.04,0.02,0.02,0.01,0.01,0.01,0.02,0.02
110,0.02,0.02,0.01,0.01,0.01,0.01,0.02,0.02
111,0.03,0.02,0.02,0.01,0.01,0.01,0.02,0.02
112,0.04,0.04,0.01,0.01,0.01,0.01,0.02,0.02
113,0.03,0.02,0.02,0.01,0.01,0.01,0.02,0.02
114,0.03,0.04,0.01,0.01,0.01,0.01,0.02,0.02
115,0.03,0.02,0.01,0.01,0.01,0.01,0.02,0.02
116,0.05,0.02,0.01,0.01,0.01,0.01,0.02,0.02
117,0.02,0.03,0.02,0.01,0.01,0.01,0.02,0.02
118,0.03,0.02,0.01,0.01,0.01,0.01,0.02,0.02
119,0.04,0.02,0.01,0.01,0.01,0.01,0.02,0.02
120,0.03,0.03,0.02,0.01,0.01,0.01,0.02,0.02
121,0.02,0.04,0.01,0.01,0.01,0.01,0.02,0.02
122,0.02,0.04,0.01,0.01,0.01,0.01,0.02,0.02
123,0.03,0.04,0.02,0.01,0.01,0.01,0.02,0.02
124,0.05,0.02,0.02,0.01,0.01,0.01,0.02,0.02
125,0.02,0.04,0.01,0.01,0.01,0.01,0.02,0.02
126,0.03,0.03,0.01,0.02,0.01,0.01,0.02,0.02
127,0.03,0.03,0.02,0.02,0.01,0.01,0.02,0.02
128,0.03,0.02,0.02,0.02,0.01,0.01,0.02,0.02
129,0.04,0.04,0.01,0.02,0.01,0.01,0.02,0.02
130,0.03,0.04,0.01,0.02,0.01,0.01,0.02,0.02
131,0.02,0.02,0.02,0.01,0.01,0.01,0.02,0.02
132,0.03,0.04,0.01,0.02,0.01,0.01,0.02,0.02
133,0.03,0.03,0.01,0.02,0.01,0.01,0.02,0.02
134,0.03,0.03,0.02,0.02,0.01,0.02,0.02,0.02
135,0.03,0.04,0.01,0.02,0.01,0.01,0.02,0.02
136,0.03,0.02,0.01,0.02,0.01,0.01,0.02,0.02
137,0.02,0.02,0.01,0.02,0.01,0.01,0.01,0.02
138,0.04,0.03,0.02,0.02,0.01,0.01,0.02,0.02
139,0.04,0.03,0.01,0.02,0.01,0.01,0.01,0.02
140,0.03,0.04,0.02,0.02,0.01,0.01,0.01,0.02
141,0.03,0.03,0.02,0.02,0.01,0.01,0.02,0.02
142,0.03,0.02,0.02,0.02,0.01,0.01,0.02,0.02
143,0.02,0.03,0.01,0.02,0.01,0.01,0.02,0.02
144,0.05,0.04,0.01,0.02,0.01,0.01,0.02,0.02
145,0.03,0.03,0.02,0.02,0.01,0.01,0.01,0.02
146,0.04,0.02,0.01,0.02,0.01,0.01,0.02,0.02
147,0.03,0.03,0.01,0.02,0.01,0.01,0.02,0.02
148,0.03,0.02,0.02,0.02,0.01,0.01,0.02,0.02
149,0.03,0.04,0.01,0.02,0.01,0.01,0.02,0.02
150,0.05,0.04,0.01,0.02,0.01,0.01,0.02,0.02
151,0.03,0.03,0.02,0.02,0.01,0.01,0.01,0.02
152,0.03,0.04,0.01,0.02,0.01,0.01,0.02,0.02
153,0.03,0.02,0.01,0.02,0.01,0.01,0.02,0.02
154,0.03,0.04,0.01,0.02,0.01,0.01,0.02,0.02
155,0.03,0.04,0.01,0.02,0.01,0.01,0.01,0.02
156,0.03,0.04,0.01,0.02,0.01,0.02,0.01,0.02
157,0.03,0.04,0.01,0.02,0.01,0.01,0.02,0.02
158,0.03,0.03,0.01,0.02,0.01,0.01,0.01,0.02
159,0.03,0.04,0.01,0.02,0.02,0.01,0.01,0.02
160,0.03,0.04,0.02,0.02,0.01,0.01,0.01,0.02
161,0.04,0.02,0.01,0.02,0.01,0.01,0.02,0.02
162,0.04,0.02,0.01,0.02,0.01,0.01,0.01,0.02
163,0.06,0.02,0.01,0.02,0.01,0.01,0.01,0.02
164,0.03,0.02,0.01,0.02,0.01,0.01,0.02,0.02
165,0.05,0.04,0.01,0.02,0.01,0.01,0.01,0.01
166,0.03,0.02,0.01,0.02,0.01,0.01,0.01,0.01
167,0.03,0.02,0.01,0.02,0.01,0.01,0.01,0.02
168,0.03,0.04,0.01,0.02,0.01,0.01,0.01,0.01
169,0.03,0.04,0.01,0.02,0.01,0.01,0.01,0.02
170,0.03,0.02,0.02,0.02,0.01,0.01,0.01,0.01
171,0.04,0.02,0.01,0.03,0.01,0.01,0.01,0.01
172,0.03,0.02,0.01,0.02,0.01,0.01,0.01,0.01
173,0.03,0.02,0.01,0.03,0.01,0.01,0.01,0.01
174,0.03,0.02,0.01,0.02,0.01,0.01,0.01,0.02
175,0.03,0.02,0.01,0.02,0.01,0.01,0.01,0.01
176,0.04,0.02,0.01,0.02,0.01,0.01,0.01,0.01
177,0.03,0.02,0.01,0.02,0.01,0.01,0.01,0.01
178,0.03,0.02,0.01,0.02,0.01,0.01,0.01,0.02
179,0.05,0.02,0.01,0.02,0.01,0.01,0.01,0.01
180,0.04,0.02,0.01,0.02,0.01,0.01,0.01,0.01
181,0.04,0.02,0.01,0.02,0.01,0.01,0.01,0.01
182,0.04,0.04,0.01,0.03,0.01,0.01,0.01,0.01
183,0.04,0.02,0.01,0.02,0.01,0.01,0.01,0.01
184,0.05,0.02,0.01,0.02,0.01,0.01,0.01,0.01
185,0.03,0.02,0.01,0.02,0.01,0.01,0.01,0.01
186,0.04,0.02,0.01,0.02,0.01,0.01,0.01,0.01
187,0.03,0.02,0.01,0.02,0.01,0.01,0.01,0.01
188,0.05,0.02,0.01,0.02,0.01,0.01,0.01,0.01
189,0.03,0.02,0.01,0.02,0.01,0.01,0.01,0.01
190,0.03,0.02,0.01,0.02,0.01,0.01,0.01,0.01
191,0.03,0.02,0.01,0.02,0.01,0.01,0.01,0.01
192,0.03,0.04,0.01,0.02,0.01,0.01,0.01,0.01
193,0.03,0.02,0.01,0.02,0.01,0.01,0.01,0.01
194,0.03,0.02,0.01,0.02,0.01,0.01,0.01,0.01
195,0.03,0.02,0.01,0.02,0.01,0.01,0.01,0.01
196,0.03,0.04,0.01,0.02,0.01,0.01,0.01,0.01
197,0.03,0.04,0.01,0.03,0.01,0.01,0.01,0.01
198,0.04,0.02,0.01,0.03,0.01,0.01,0.01,0.01
199,0.04,0.02,0.01,0.02,0.01,0.01,0.01,0.01
200,0.03,0.02,0.01,0.02,0.01,0.01,0.01,0.01
201,0.03,0.03,0.01,0.02,0.01,0.01,0.01,0.01
202,0.05,0.03,0.01,0.02,0.01,0.01,0.01,0.01
203,0.04,0.02,0.01,0.03,0.01,0.01,0.01,0.01
204,0.05,0.03,0.01,0.02,0.01,0.01,0.01,0.01
205,0.03,0.02,0.01,0.02,0.01,0.01,0.01,0.01
206,0.05,0.02,0.01,0.02,0.01,0.01,0.01,0.01
207,0.03,0.02,0.01,0.03,0.01,0.01,0.01,0.01
208,0.03,0.04,0.01,0.02,0.01,0.01,0.01,0.01
209,0.04,0.02,0.01,0.02,0.01,0.01,0.01,0.01
210,0.03,0.02,0.01,0.02,0.01,0.01,0.01,0.01
211,0.04,0.02,0.01,0.02,0.01,0.01,0.01,0.01
212,0.03,0.03,0.01,0.02,0.01,0.01,0.01,0.01
213,0.04,0.02,0.01,0.02,0.01,0.01,0.01,0.01
214,0.03,0.02,0.01,0.02,0.01,0.01,0.01,0.01
215,0.03,0.02,0.01,0.03,0.01,0.01,0.01,0.01
216,0.03,0.03,0.01,0.02,0.01,0.01,0.01,0.01
217,0.03,0.02,0.01,0.03,0.01,0.01,0.01,0.01
218,0.03,0.04,0.01,0.03,0.01,0.01,0.01,0.01
219,0.04,0.04,0.01,0.03,0.01,0.01,0.01,0.01
220,0.03,0.03,0.01,0.02,0.01,0.01,0.01,0.01
221,0.04,0.02,0.01,0.03,0.01,0.01,0.01,0.01
222,0.05,0.03,0.01,0.02,0.01,0.01,0.01,0.01
223,0.03,0.02,0.01,0.03,0.01,0.01,0.01,0.01
224,0.04,0.02,0.01,0.02,0.01,0.01,0.01,0.01
225,0.03,0.03,0.01,0.03,0.01,0.01,0.01,0.01
226,0.05,0.02,0.01,0.02,0.01,0.01,0.01,0.01
227,0.03,0.02,0.01,0.03,0.01,0.01,0.01,0.01
228,0.03,0.04,0.01,0.03,0.01,0.01,0.01,0.01
229,0.03,0.04,0.01,0.02,0.01,0.01,0.01,0.01
230,0.05,0.02,0.01,0.03,0.01,0.01,0.01,0.01
231,0.04,0.02,0.01,0.03,0.01,0.01,0.01,0.01
232,0.04,0.02,0.01,0.03,0.01,0.01,0.01,0.01
233,0.03,0.02,0.01,0.02,0.01,0.01,0.01,0.01
234,0.04,0.03,0.01,0.03,0.01,0.01,0.01,0.01
235,0.04,0.03,0.01,0.03,0.01,0.01,0.01,0.01
236,0.03,0.02,0.01,0.03,0.01,0.01,0.01,0.01
237,0.04,0.03,0.01,0.02,0.01,0.01,0.01,0.01
238,0.04,0.02,0.01,0.03,0.01,0.01,0.01,0.01
239,0.03,0.02,0.01,0.02,0.01,0.01,0.01,0.01
240,0.05,0.02,0.01,0.02,0.01,0.01,0.01,0.01
241,0.03,0.02,0.01,0.03,0.01,0.01,0.01,0.01
242,0.04,0.02,0.01,0.02,0.01,0.01,0.01,0.01
243,0.04,0.02,0.01,0.03,0.01,0.01,0.01,0.01
244,0.04,0.02,0.01,0.02,0.01,0.01,0.01,0.01
245,0.03,0.02,0.01,0.02,0.01,0.01,0.01,0.01
246,0.03,0.02,0.01,0.03,0.01,0.01,0.01,0.01
247,0.03,0.02,0.01,0.02,0.01,0.01,0.01,0.01
248,0.05,0.02,0.01,0.02,0.01,0.01,0.01,0.01
249,0.03,0.03,0.01,0.03,0.01,0.01,0.01,0.01
250,0.03,0.02,0.01,0.02,0.01,0.01,0.01,0.01
251,0.04,0.03,0.01,0.02,0.01,0.01,0.01,0.01
252,0.03,0.02,0.01,0.03,0.01,0.01,0.01,0.01
253,0.03,0.02,0.01,0.03,0.01,0.01,0.01,0.01
254,0.03,0.02,0.01,0.02,0.01,0.01,0.01,0.01
255,0.03,0.02,0.01,0.02,0.01,0.01,0.01,0.01
256,0.03,0.02,0.01,0.02,0.01,0.01,0.01,0.01
257,0.03,0.02,0.01,0.03,0.01,0.01,0.01,0.01
258,0.04,0.02,0.01,0.02,0.01,0.01,0.01,0.01
259,0.04,0.02,0.01,0.02,0.01,0.01,0.01,0.01
260,0.04,0.03,0.01,0.03,0.01,0.01,0.01,0.01
261,0.05,0.02,0.01,0.02,0.01,0.01,0.01,0.01
262,0.04,0.02,0.01,0.03,0.01,0.01,0.01,0.01
263,0.03,0.03,0.01,0.02,0.01,0.01,0.01,0.01
264,0.04,0.02,0.01,0.03,0.01,0.01,0.01,0.01
265,0.03,0.02,0.01,0.03,0.01,0.01,0.01,0.01
266,0.03,0.03,0.01,0.02,0.01,0.01,0.01,0.01
267,0.03,0.03,0.01,0.03,0.01,0.01,0.01,0.01
268,0.03,0.02,0.01,0.02,0.01,0.01,0.01,0.01
269,0.06,0.02,0.01,0.02,0.01,0.01,0.01,0.01
270,0.03,0.03,0.01,0.02,0.01,0.01,0.01,0.01
271,0.03,0.02,0.01,0.02,0.01,0.01,0.01,0.01
272,0.03,0.03,0.01,0.03,0.01,0.01,0.01,0.01
273,0.03,0.03,0.01,0.03,0.01,0.01,0.01,0.01
274,0.04,0.01,0.01,0.02,0.01,0.01,0.01,0.01
275,0.03,0.02,0.01,0.02,0.01,0.01,0.01,0.01
276,0.05,0.02,0.01,0.03,0.01,0.01,0.01,0.01
277,0.03,0.02,0.01,0.03,0.01,0.01,0.01,0.01
278,0.04,0.02,0.01,0.02,0.01,0.01,0.01,0.01
279,0.03,0.02,0.01,0.02,0.01,0.01,0.01,0.01
280,0.03,0.02,0.01,0.03,0.01,0.01,0.01,0.01
281,0.03,0.02,0.01,0.03,0.01,0.01,0.01,0.01
282,0.03,0.02,0.01,0.03,0.01,0.01,0.01,0.01
283,0.03,0.02,0.01,0.03,0.01,0.01,0.01,0.01
284,0.05,0.02,0.01,0.03,0.01,0.01,0.01,0.01
285,0.03,0.02,0.01,0.03,0.01,0.01,0.01,0.01
286,0.03,0.03,0.01,0.02,0.01,0.01,0.01,0.01
287,0.03,0.03,0.0,0.02,0.01,0.01,0.01,0.01
288,0.03,0.02,0.01,0.02,0.01,0.01,0.01,0.01
289,0.05,0.02,0.01,0.02,0.01,0.01,0.01,0.01
290,0.03,0.02,0.01,0.02,0.01,0.01,0.01,0.01
291,0.03,0.02,0.01,0.03,0.01,0.01,0.01,0.01
292,0.03,0.03,0.01,0.03,0.01,0.01,0.01,0.01
293,0.03,0.02,0.01,0.02,0.01,0.01,0.01,0.01
294,0.03,0.02,0.01,0.03,0.01,0.01,0.01,0.01
295,0.04,0.02,0.01,0.02,0.01,0.01,0.01,0.01
296,0.05,0.02,0.0,0.02,0.01,0.01,0.0,0.01
297,0.03,0.02,0.0,0.02,0.01,0.01,0.01,0.01
298,0.03,0.02,0.01,0.02,0.01,0.01,0.01,0.0
299,0.03,0.02,0.01,0.02,0.01,0.01,0.01,0.01
300,0.04,0.02,0.01,0.02,0.01,0.01,0.01,0.0
301,0.03,0.02,0.01,0.02,0.01,0.01,0.01,0.01
302,0.03,0.02,0.01,0.02,0.01,0.01,0.01,0.01
303,0.03,0.02,0.0,0.02,0.01,0.01,0.01,0.01
304,0.03,0.02,0.01,0.02,0.01,0.01,0.01,0.01
305,0.04,0.02,0.01,0.02,0.01,0.01,0.01,0.01
306,0.03,0.02,0.01,0.02,0.01,0.01,0.01,0.0
307,0.03,0.02,0.0,0.02,0.01,0.01,0.01,0.01
308,0.04,0.02,0.01,0.02,0.01,0.01,0.01,0.0
309,0.03,0.01,0.01,0.02,0.01,0.01,0.01,0.01
310,0.04,0.02,0.01,0.03,0.01,0.01,0.01,0.0
311,0.03,0.02,0.0,0.03,0.01,0.01,0.01,0.01
312,0.03,0.02,0.01,0.02,0.01,0.01,0.01,0.01
313,0.03,0.02,0.0,0.03,0.01,0.01,0.01,0.01
314,0.03,0.02,0.01,0.03,0.01,0.01,0.01,0.01
315,0.03,0.02,0.0,0.03,0.01,0.01,0.01,0.0
316,0.03,0.02,0.01,0.02,0.01,0.01,0.01,0.0
317,0.03,0.02,0.0,0.02,0.01,0.01,0.01,0.01
318,0.04,0.02,0.01,0.02,0.01,0.01,0.0,0.01
319,0.03,0.02,0.01,0.02,0.01,0.01,0.01,0.0
320,0.04,0.02,0.01,0.02,0.01,0.01,0.01,0.01
321,0.04,0.02,0.01,0.03,0.01,0.01,0.01,0.0
322,0.03,0.02,0.0,0.02,0.01,0.01,0.0,0.01
323,0.03,0.02,0.01,0.03,0.01,0.01,0.01,0.01
324,0.03,0.02,0.0,0.02,0.01,0.01,0.01,0.0
325,0.03,0.02,0.01,0.03,0.01,0.01,0.01,0.01
326,0.03,0.02,0.0,0.03,0.01,0.01,0.01,0.01
327,0.03,0.02,0.01,0.02,0.01,0.01,0.0,0.01
328,0.03,0.02,0.0,0.02,0.01,0.01,0.0,0.0
329,0.03,0.02,0.0,0.02,0.01,0.01,0.0,0.0
330,0.03,0.02,0.01,0.02,0.01,0.01,0.01,0.01
331,0.03,0.02,0.0,0.02,0.01,0.01,0.0,0.0
332,0.03,0.02,0.0,0.02,0.01,0.01,0.0,0.0
333,0.03,0.02,0.01,0.02,0.01,0.01,0.01,0.01
334,0.03,0.02,0.01,0.02,0.01,0.01,0.01,0.0
335,0.03,0.02,0.0,0.02,0.01,0.01,0.0,0.0
336,0.03,0.02,0.01,0.02,0.01,0.01,0.01,0.01
337,0.03,0.01,0.0,0.02,0.01,0.01,0.01,0.0
338,0.03,0.02,0.0,0.02,0.01,0.01,0.0,0.01
339,0.04,0.02,0.0,0.02,0.01,0.01,0.0,0.0
340,0.03,0.02,0.0,0.02,0.01,0.01,0.01,0.0
341,0.03,0.02,0.0,0.02,0.01,0.01,0.0,0.0
342,0.03,0.02,0.0,0.02,0.01,0.01,0.0,0.0
343,0.03,0.02,0.01,0.02,0.01,0.01,0.01,0.0
344,0.03,0.01,0.0,0.02,0.0,0.01,0.01,0.0
345,0.05,0.02,0.01,0.02,0.01,0.01,0.0,0.0
346,0.04,0.02,0.0,0.02,0.01,0.01,0.01,0.01
347,0.04,0.02,0.0,0.02,0.01,0.01,0.01,0.0
348,0.03,0.02,0.0,0.02,0.01,0.01,0.0,0.0
349,0.03,0.02,0.0,0.02,0.01,0.01,0.01,0.0
350,0.05,0.02,0.0,0.02,0.01,0.0,0.0,0.0
351,0.03,0.02,0.0,0.02,0.0,0.01,0.01,0.0
352,0.03,0.02,0.0,0.02,0.01,0.01,0.0,0.0
353,0.04,0.02,0.0,0.02,0.01,0.01,0.0,0.0
354,0.04,0.01,0.0,0.02,0.01,0.01,0.01,0.0
355,0.03,0.02,0.0,0.02,0.0,0.0,0.01,0.0
356,0.04,0.02,0.01,0.02,0.01,0.01,0.01,0.0
357,0.03,0.02,0.01,0.02,0.01,0.01,0.0,0.0
358,0.03,0.02,0.01,0.02,0.01,0.01,0.01,0.0
359,0.03,0.02,0.01,0.02,0.01,0.01,0.0,0.0
360,0.03,0.02,0.01,0.02,0.01,0.01,0.01,0.0
361,0.04,0.02,0.01,0.02,0.01,0.01,0.0,0.0
362,0.03,0.02,0.01,0.02,0.01,0.01,0.0,0.0
363,0.03,0.02,0.01,0.02,0.01,0.01,0.0,0.0
364,0.03,0.02,0.01,0.02,0.0,0.01,0.0,0.0
365,0.03,0.03,0.01,0.02,0.01,0.0,0.01,0.0
366,0.03,0.02,0.01,0.02,0.01,0.01,0.01,0.0
367,0.03,0.02,0.01,0.02,0.01,0.01,0.01,0.0
368,0.04,0.02,0.01,0.02,0.01,0.01,0.01,0.0
369,0.04,0.02,0.01,0.02,0.01,0.01,0.0,0.0
370,0.06,0.01,0.01,0.02,0.01,0.01,0.0,0.0
371,0.03,0.02,0.01,0.02,0.0,0.0,0.0,0.0
372,0.04,0.02,0.01,0.02,0.01,0.01,0.0,0.0
373,0.06,0.02,0.01,0.02,0.0,0.0,0.0,0.0
374,0.04,0.02,0.01,0.02,0.01,0.0,0.0,0.0
375,0.04,0.02,0.02,0.02,0.01,0.01,0.01,0.0
376,0.05,0.02,0.02,0.02,0.0,0.01,0.01,0.0
377,0.05,0.02,0.02,0.02,0.0,0.0,0.0,0.0
378,0.05,0.03,0.02,0.02,0.01,0.01,0.01,0.0
379,0.06,0.03,0.02,0.02,0.01,0.0,0.01,0.0
380,0.07,0.02,0.02,0.02,0.01,0.01,0.01,0.0
381,0.06,0.03,0.02,0.03,0.01,0.01,0.01,0.0
382,0.06,0.03,0.02,0.03,0.01,0.01,0.01,0.01
383,0.06,0.04,0.02,0.03,0.01,0.01,0.01,0.01
384,0.06,0.04,0.03,0.03,0.01,0.01,0.01,0.01
385,0.08,0.03,0.03,0.03,0.01,0.01,0.01,0.01
386,0.07,0.03,0.04,0.03,0.01,0.01,0.01,0.01
387,0.06,0.03,0.03,0.03,0.01,0.01,0.01,0.01
388,0.07,0.03,0.04,0.03,0.01,0.02,0.01,0.01
389,0.08,0.04,0.04,0.03,0.01,0.02,0.01,0.01
390,0.08,0.04,0.04,0.03,0.01,0.02,0.01,0.01
391,0.08,0.04,0.04,0.03,0.02,0.01,0.02,0.01
392,0.08,0.05,0.04,0.03,0.01,0.01,0.01,0.01
393,0.09,0.05,0.05,0.03,0.01,0.01,0.01,0.01
394,0.09,0.05,0.05,0.03,0.01,0.01,0.01,0.01
395,0.1,0.05,0.05,0.03,0.02,0.02,0.02,0.01
396,0.11,0.06,0.05,0.03,0.02,0.01,0.01,0.01
397,0.11,0.05,0.06,0.03,0.01,0.02,0.02,0.01
398,0.11,0.06,0.06,0.03,0.01,0.01,0.02,0.01
399,0.12,0.06,0.06,0.03,0.02,0.01,0.02,0.01
400,0.12,0.06,0.06,0.04,0.01,0.02,0.02,0.01
401,0.13,0.06,0.07,0.04,0.01,0.02,0.02,0.02
402,0.13,0.06,0.07,0.04,0.01,0.02,0.02,0.02
403,0.14,0.07,0.07,0.04,0.02,0.02,0.02,0.02
404,0.15,0.07,0.08,0.04,0.02,0.02,0.02,0.02
405,0.15,0.07,0.08,0.04,0.02,0.02,0.02,0.02
406,0.16,0.07,0.08,0.04,0.02,0.02,0.02,0.02
407,0.17,0.08,0.08,0.04,0.02,0.02,0.02,0.02
408,0.17,0.08,0.09,0.04,0.02,0.02,0.02,0.02
409,0.17,0.08,0.09,0.04,0.02,0.02,0.02,0.02
410,0.18,0.09,0.09,0.04,0.02,0.02,0.02,0.02
411,0.18,0.08,0.09,0.04,0.02,0.02,0.02,0.02
412,0.21,0.1,0.1,0.04,0.02,0.02,0.03,0.02
413,0.21,0.09,0.1,0.05,0.02,0.03,0.03,0.02
414,0.2,0.1,0.1,0.05,0.02,0.03,0.03,0.02
415,0.24,0.09,0.11,0.05,0.02,0.02,0.03,0.03
416,0.22,0.1,0.11,0.05,0.03,0.02,0.03,0.03
417,0.25,0.11,0.12,0.05,0.03,0.03,0.04,0.03
418,0.27,0.11,0.12,0.05,0.03,0.03,0.04,0.03
419,0.25,0.12,0.12,0.05,0.03,0.03,0.04,0.03
420,0.28,0.12,0.13,0.05,0.03,0.04,0.04,0.03
421,0.27,0.12,0.13,0.06,0.04,0.03,0.04,0.03
422,0.28,0.13,0.14,0.06,0.04,0.04,0.04,0.04
423,0.3,0.12,0.14,0.06,0.04,0.03,0.04,0.04
424,0.3,0.13,0.14,0.06,0.04,0.04,0.05,0.04
425,0.31,0.13,0.14,0.06,0.04,0.04,0.05,0.04
426,0.31,0.14,0.14,0.06,0.04,0.04,0.05,0.04
427,0.32,0.14,0.15,0.06,0.04,0.04,0.05,0.04
428,0.33,0.15,0.16,0.06,0.05,0.04,0.05,0.04
429,0.35,0.15,0.16,0.06,0.04,0.04,0.05,0.05
430,0.35,0.15,0.16,0.06,0.04,0.04,0.06,0.05
431,0.35,0.15,0.16,0.06,0.05,0.04,0.06,0.05
432,0.36,0.15,0.16,0.07,0.06,0.05,0.06,0.05
433,0.38,0.15,0.17,0.07,0.05,0.05,0.06,0.05
434,0.38,0.15,0.17,0.07,0.05,0.05,0.06,0.05
435,0.39,0.16,0.17,0.07,0.05,0.05,0.07,0.06
436,0.39,0.16,0.18,0.07,0.05,0.05,0.07,0.06
437,0.4,0.16,0.18,0.07,0.05,0.05,0.07,0.06
438,0.42,0.16,0.19,0.07,0.06,0.05,0.07,0.06
439,0.42,0.17,0.18,0.08,0.06,0.06,0.08,0.06
440,0.44,0.18,0.2,0.08,0.07,0.06,0.09,0.07
441,0.44,0.18,0.2,0.08,0.08,0.07,0.09,0.08
442,0.47,0.18,0.2,0.09,0.08,0.08,0.1,0.08
443,0.48,0.19,0.2,0.09,0.09,0.08,0.1,0.09
444,0.49,0.19,0.21,0.09,0.08,0.08,0.1,0.09
445,0.49,0.19,0.22,0.09,0.08,0.08,0.1,0.09
446,0.49,0.19,0.22,0.09,0.09,0.08,0.12,0.09
447,0.5,0.21,0.22,0.09,0.1,0.09,0.12,0.1
448,0.5,0.21,0.22,0.09,0.1,0.09,0.12,0.1
449,0.5,0.22,0.22,0.09,0.1,0.09,0.12,0.1
450,0.5,0.22,0.23,0.1,0.1,0.1,0.13,0.1
451,0.51,0.22,0.24,0.1,0.11,0.1,0.13,0.11
452,0.51,0.22,0.24,0.1,0.11,0.1,0.13,0.11
453,0.51,0.22,0.24,0.1,0.11,0.1,0.14,0.11
454,0.52,0.24,0.24,0.1,0.11,0.11,0.14,0.11
455,0.52,0.24,0.26,0.11,0.12,0.11,0.14,0.12
456,0.53,0.24,0.26,0.11,0.12,0.11,0.14,0.13
457,0.53,0.24,0.26,0.11,0.12,0.11,0.15,0.13
458,0.54,0.25,0.26,0.11,0.12,0.11,0.15,0.13
459,0.55,0.25,0.28,0.11,0.12,0.12,0.15,0.13
460,0.55,0.26,0.28,0.12,0.12,0.12,0.15,0.14
461,0.56,0.26,0.28,0.12,0.13,0.12,0.16,0.14
462,0.57,0.27,0.29,0.12,0.13,0.12,0.16,0.14
463,0.57,0.27,0.3,0.12,0.14,0.12,0.16,0.14
464,0.58,0.28,0.3,0.12,0.13,0.13,0.16,0.15
465,0.58,0.28,0.3,0.13,0.14,0.13,0.16,0.15
466,0.6,0.28,0.3,0.13,0.14,0.14,0.16,0.15
467,0.59,0.28,0.31,0.13,0.14,0.14,0.16,0.15
468,0.6,0.29,0.32,0.13,0.15,0.14,0.16,0.15
469,0.6,0.29,0.32,0.13,0.15,0.14,0.16,0.15
470,0.62,0.3,0.33,0.13,0.15,0.14,0.17,0.16
471,0.61,0.29,0.34,0.14,0.15,0.14,0.17,0.15
472,0.61,0.3,0.34,0.14,0.15,0.15,0.17,0.16
473,0.62,0.3,0.35,0.15,0.15,0.15,0.17,0.16
474,0.62,0.3,0.35,0.15,0.16,0.15,0.17,0.16
475,0.63,0.31,0.36,0.15,0.16,0.15,0.17,0.16
476,0.63,0.31,0.37,0.15,0.16,0.15,0.18,0.16
477,0.64,0.31,0.37,0.15,0.16,0.16,0.18,0.16
478,0.64,0.32,0.38,0.16,0.16,0.16,0.18,0.16
479,0.66,0.32,0.38,0.16,0.16,0.16,0.18,0.16
480,0.66,0.33,0.39,0.16,0.16,0.17,0.18,0.17
481,0.66,0.33,0.39,0.16,0.16,0.17,0.18,0.17
482,0.67,0.33,0.4,0.17,0.16,0.17,0.18,0.17
483,0.68,0.34,0.4,0.17,0.17,0.18,0.18,0.17
484,0.69,0.35,0.41,0.17,0.17,0.18,0.19,0.17
485,0.69,0.34,0.41,0.18,0.17,0.18,0.19,0.18
486,0.7,0.35,0.42,0.18,0.17,0.18,0.19,0.18
487,0.7,0.36,0.42,0.19,0.17,0.18,0.19,0.18
488,0.7,0.36,0.43,0.19,0.17,0.18,0.19,0.18
489,0.7,0.36,0.43,0.19,0.18,0.18,0.2,0.18
490,0.72,0.37,0.44,0.19,0.18,0.19,0.2,0.18
491,0.72,0.37,0.44,0.19,0.18,0.19,0.2,0.18
492,0.71,0.37,0.44,0.19,0.18,0.19,0.2,0.18
493,0.71,0.38,0.45,0.19,0.18,0.19,0.2,0.19
494,0.71,0.37,0.45,0.2,0.18,0.2,0.22,0.19
495,0.72,0.38,0.46,0.2,0.19,0.2,0.22,0.19
496,0.72,0.38,0.46,0.2,0.19,0.2,0.22,0.19
497,0.72,0.38,0.46,0.21,0.19,0.2,0.22,0.19
498,0.72,0.38,0.46,0.21,0.19,0.2,0.22,0.2
499,0.72,0.38,0.48,0.21,0.2,0.2,0.22,0.2
500,0.72,0.4,0.47,0.22,0.2,0.2,0.22,0.2
501,0.73,0.38,0.48,0.22,0.2,0.21,0.23,0.2
502,0.74,0.4,0.48,0.22,0.2,0.21,0.24,0.2
503,0.73,0.4,0.49,0.22,0.2,0.21,0.23,0.21
504,0.74,0.39,0.49,0.22,0.2,0.21,0.24,0.2
505,0.74,0.4,0.5,0.23,0.2,0.22,0.24,0.21
506,0.75,0.4,0.5,0.23,0.21,0.22,0.24,0.21
507,0.75,0.41,0.51,0.23,0.21,0.22,0.24,0.21
508,0.76,0.4,0.51,0.23,0.21,0.22,0.25,0.21
509,0.76,0.41,0.52,0.23,0.22,0.22,0.25,0.22
510,0.76,0.41,0.52,0.23,0.22,0.23,0.26,0.22
511,0.77,0.42,0.52,0.24,0.22,0.24,0.26,0.22
512,0.77,0.42,0.53,0.24,0.22,0.24,0.26,0.23
513,0.78,0.43,0.53,0.24,0.22,0.24,0.26,0.23
514,0.8,0.42,0.54,0.24,0.22,0.24,0.27,0.23
515,0.78,0.43,0.54,0.24,0.23,0.25,0.28,0.23
516,0.78,0.42,0.54,0.25,0.24,0.25,0.28,0.24
517,0.78,0.44,0.55,0.26,0.24,0.25,0.29,0.24
518,0.78,0.45,0.55,0.26,0.24,0.25,0.29,0.25
519,0.78,0.45,0.55,0.26,0.24,0.26,0.29,0.25
520,0.79,0.46,0.55,0.26,0.25,0.26,0.3,0.26
521,0.79,0.46,0.56,0.26,0.26,0.27,0.31,0.26
522,0.78,0.46,0.57,0.26,0.26,0.27,0.31,0.26
523,0.79,0.46,0.57,0.27,0.26,0.27,0.32,0.27
524,0.8,0.47,0.58,0.28,0.27,0.28,0.32,0.28
525,0.78,0.47,0.58,0.28,0.27,0.28,0.32,0.28
526,0.78,0.51,0.61,0.28,0.29,0.3,0.35,0.3
527,0.78,0.5,0.61,0.28,0.29,0.3,0.36,0.3
528,0.78,0.51,0.62,0.3,0.3,0.31,0.37,0.3
529,0.77,0.52,0.62,0.3,0.3,0.31,0.37,0.31
530,0.77,0.55,0.65,0.3,0.32,0.32,0.4,0.33
531,0.78,0.56,0.64,0.3,0.32,0.33,0.4,0.33
532,0.77,0.59,0.67,0.32,0.35,0.35,0.44,0.36
533,0.78,0.6,0.67,0.32,0.35,0.35,0.44,0.36
534,0.79,0.6,0.67,0.32,0.36,0.36,0.45,0.37
535,0.8,0.6,0.68,0.33,0.37,0.37,0.46,0.38
536,0.79,0.62,0.69,0.33,0.38,0.37,0.47,0.38
537,0.78,0.62,0.69,0.34,0.38,0.38,0.47,0.39
538,0.79,0.63,0.69,0.34,0.38,0.38,0.47,0.4
539,0.79,0.63,0.7,0.34,0.39,0.38,0.48,0.4
540,0.79,0.65,0.7,0.34,0.39,0.39,0.5,0.41
541,0.8,0.64,0.7,0.35,0.4,0.39,0.5,0.41
542,0.8,0.65,0.71,0.35,0.4,0.39,0.5,0.42
543,0.81,0.65,0.71,0.35,0.41,0.39,0.5,0.42
544,0.8,0.65,0.72,0.35,0.41,0.4,0.51,0.43
545,0.81,0.66,0.72,0.36,0.42,0.41,0.52,0.43
546,0.81,0.65,0.72,0.36,0.42,0.41,0.52,0.43
547,0.8,0.66,0.72,0.37,0.42,0.42,0.52,0.44
548,0.8,0.66,0.73,0.37,0.44,0.42,0.53,0.45
549,0.8,0.66,0.73,0.37,0.44,0.43,0.53,0.45
550,0.81,0.67,0.73,0.37,0.44,0.43,0.52,0.45
551,0.8,0.67,0.74,0.38,0.45,0.43,0.53,0.46
552,0.81,0.67,0.74,0.38,0.46,0.44,0.54,0.46
553,0.81,0.67,0.75,0.38,0.46,0.44,0.54,0.46
554,0.81,0.67,0.75,0.38,0.46,0.45,0.53,0.47
555,0.82,0.67,0.75,0.39,0.47,0.45,0.54,0.47
556,0.83,0.68,0.74,0.39,0.47,0.46,0.54,0.47
557,0.82,0.67,0.75,0.39,0.47,0.46,0.55,0.47
558,0.83,0.68,0.76,0.4,0.47,0.46,0.54,0.48
559,0.83,0.68,0.75,0.4,0.48,0.46,0.55,0.48
560,0.83,0.68,0.75,0.4,0.49,0.47,0.55,0.48
561,0.83,0.68,0.76,0.4,0.49,0.47,0.55,0.49
562,0.84,0.68,0.76,0.4,0.49,0.47,0.55,0.49
563,0.84,0.68,0.76,0.41,0.49,0.48,0.55,0.49
564,0.85,0.68,0.76,0.41,0.49,0.48,0.55,0.5
565,0.85,0.68,0.77,0.42,0.5,0.48,0.55,0.5
566,0.85,0.68,0.77,0.42,0.5,0.48,0.55,0.5
567,0.85,0.68,0.77,0.42,0.5,0.49,0.56,0.5
568,0.88,0.68,0.77,0.42,0.5,0.49,0.56,0.5
569,0.86,0.69,0.78,0.43,0.5,0.5,0.56,0.51
570,0.86,0.69,0.78,0.43,0.51,0.5,0.56,0.51
571,0.87,0.69,0.79,0.44,0.53,0.51,0.57,0.52
572,0.89,0.69,0.79,0.45,0.53,0.51,0.58,0.52
573,0.88,0.69,0.79,0.45,0.52,0.52,0.58,0.53
574,0.88,0.69,0.79,0.45,0.53,0.52,0.58,0.53
575,0.89,0.7,0.79,0.45,0.53,0.53,0.58,0.53
576,0.89,0.7,0.79,0.46,0.53,0.53,0.58,0.53
577,0.89,0.7,0.8,0.46,0.54,0.53,0.58,0.54
578,0.89,0.7,0.8,0.46,0.54,0.53,0.58,0.54
579,0.89,0.7,0.8,0.46,0.54,0.53,0.59,0.54
580,0.9,0.7,0.8,0.47,0.55,0.53,0.59,0.54
581,0.89,0.7,0.8,0.47,0.54,0.53,0.59,0.54
582,0.89,0.71,0.81,0.47,0.55,0.54,0.59,0.54
583,0.91,0.71,0.8,0.47,0.55,0.55,0.59,0.55
584,0.91,0.71,0.81,0.47,0.55,0.55,0.6,0.55
585,0.9,0.71,0.81,0.48,0.55,0.55,0.6,0.55
586,0.9,0.72,0.81,0.48,0.55,0.56,0.6,0.56
587,0.9,0.72,0.82,0.48,0.55,0.56,0.6,0.55
588,0.9,0.72,0.82,0.48,0.56,0.56,0.6,0.55
589,0.9,0.72,0.82,0.49,0.56,0.56,0.6,0.55
590,0.91,0.73,0.82,0.49,0.56,0.56,0.6,0.55
591,0.91,0.73,0.83,0.49,0.56,0.56,0.61,0.56
592,0.91,0.73,0.83,0.49,0.57,0.56,0.61,0.56
593,0.91,0.74,0.82,0.49,0.57,0.56,0.61,0.56
594,0.92,0.74,0.83,0.5,0.57,0.57,0.62,0.57
595,0.92,0.74,0.84,0.5,0.57,0.57,0.62,0.57
596,0.92,0.74,0.84,0.5,0.58,0.57,0.62,0.57
597,0.91,0.74,0.84,0.51,0.58,0.57,0.62,0.57
598,0.93,0.74,0.84,0.51,0.58,0.58,0.62,0.57
599,0.92,0.76,0.84,0.51,0.58,0.58,0.62,0.58
600,0.92,0.76,0.84,0.52,0.58,0.58,0.62,0.58
601,0.93,0.76,0.85,0.52,0.58,0.58,0.62,0.58
602,0.92,0.76,0.85,0.52,0.58,0.58,0.62,0.58
603,0.92,0.77,0.85,0.52,0.58,0.58,0.62,0.59
604,0.93,0.78,0.85,0.53,0.58,0.58,0.62,0.59
605,0.93,0.79,0.86,0.53,0.59,0.59,0.63,0.58
606,0.93,0.78,0.86,0.53,0.59,0.59,0.63,0.59
607,0.94,0.8,0.86,0.53,0.59,0.59,0.63,0.59
608,0.94,0.8,0.86,0.54,0.6,0.6,0.63,0.6
609,0.95,0.81,0.86,0.54,0.6,0.6,0.64,0.6
610,0.94,0.8,0.86,0.54,0.6,0.6,0.64,0.6
611,0.96,0.8,0.87,0.54,0.6,0.6,0.64,0.6
612,0.95,0.81,0.87,0.55,0.6,0.61,0.64,0.6
613,0.94,0.82,0.87,0.55,0.61,0.61,0.64,0.6
614,0.95,0.81,0.86,0.55,0.6,0.61,0.64,0.6
615,0.94,0.81,0.87,0.55,0.6,0.61,0.64,0.6
616,0.94,0.8,0.86,0.56,0.6,0.61,0.64,0.6
617,0.95,0.81,0.86,0.56,0.61,0.61,0.64,0.6
618,0.95,0.81,0.86,0.57,0.61,0.62,0.63,0.6
619,0.95,0.81,0.86,0.57,0.61,0.62,0.63,0.6
620,0.94,0.8,0.86,0.57,0.62,0.63,0.63,0.61
621,0.94,0.8,0.86,0.58,0.61,0.63,0.63,0.61
622,0.95,0.81,0.86,0.58,0.61,0.63,0.64,0.61
623,0.95,0.8,0.86,0.58,0.61,0.63,0.64,0.62
624,0.94,0.78,0.87,0.59,0.61,0.62,0.64,0.62
625,0.94,0.8,0.86,0.59,0.62,0.63,0.64,0.62
626,0.94,0.8,0.87,0.59,0.62,0.63,0.64,0.62
627,0.95,0.79,0.86,0.59,0.62,0.63,0.65,0.62
628,0.94,0.79,0.87,0.59,0.62,0.63,0.65,0.62
629,0.94,0.8,0.87,0.6,0.62,0.64,0.65,0.62
630,0.94,0.8,0.86,0.6,0.62,0.64,0.66,0.62
631,0.94,0.78,0.87,0.6,0.62,0.64,0.66,0.62
632,0.94,0.78,0.86,0.6,0.63,0.64,0.66,0.63
633,0.94,0.78,0.87,0.6,0.63,0.64,0.66,0.63
634,0.93,0.77,0.87,0.61,0.63,0.64,0.67,0.64
635,0.93,0.78,0.87,0.61,0.63,0.64,0.67,0.64
636,0.93,0.78,0.87,0.61,0.63,0.65,0.68,0.64
637,0.93,0.78,0.87,0.61,0.64,0.65,0.68,0.64
638,0.92,0.78,0.87,0.61,0.64,0.65,0.68,0.64
639,0.93,0.78,0.87,0.61,0.64,0.65,0.68,0.64
640,0.93,0.8,0.87,0.61,0.64,0.65,0.69,0.64
641,0.93,0.79,0.87,0.61,0.64,0.66,0.7,0.65
642,0.91,0.79,0.88,0.61,0.64,0.66,0.7,0.65
643,0.92,0.8,0.88,0.61,0.65,0.66,0.7,0.66
644,0.9,0.8,0.88,0.62,0.64,0.66,0.7,0.66
645,0.91,0.8,0.88,0.62,0.65,0.66,0.71,0.66
646,0.9,0.8,0.88,0.62,0.65,0.67,0.71,0.67
647,0.89,0.81,0.88,0.62,0.66,0.67,0.72,0.67
648,0.89,0.8,0.88,0.63,0.66,0.67,0.72,0.67
649,0.89,0.8,0.88,0.63,0.67,0.67,0.73,0.67
650,0.88,0.8,0.88,0.63,0.67,0.67,0.73,0.68
651,0.87,0.8,0.89,0.64,0.67,0.68,0.74,0.69
652,0.87,0.8,0.88,0.64,0.67,0.68,0.74,0.69
653,0.87,0.82,0.89,0.64,0.67,0.68,0.75,0.69
654,0.87,0.8,0.89,0.64,0.68,0.68,0.75,0.7
655,0.86,0.82,0.89,0.64,0.68,0.69,0.75,0.7
656,0.85,0.81,0.89,0.64,0.68,0.69,0.76,0.71
657,0.85,0.82,0.89,0.64,0.69,0.69,0.76,0.71
658,0.85,0.81,0.88,0.64,0.69,0.7,0.76,0.71
659,0.85,0.82,0.89,0.64,0.69,0.7,0.77,0.72
660,0.84,0.82,0.89,0.64,0.69,0.71,0.77,0.72
661,0.83,0.81,0.88,0.65,0.7,0.71,0.77,0.72
662,0.83,0.8,0.88,0.65,0.7,0.71,0.77,0.72
663,0.83,0.81,0.88,0.66,0.71,0.71,0.78,0.72
664,0.83,0.81,0.89,0.66,0.71,0.71,0.77,0.73
665,0.83,0.81,0.88,0.66,0.71,0.71,0.77,0.73
666,0.83,0.81,0.88,0.66,0.71,0.72,0.77,0.73
667,0.83,0.81,0.89,0.66,0.72,0.72,0.77,0.74
668,0.83,0.8,0.89,0.66,0.72,0.72,0.77,0.74
669,0.85,0.81,0.89,0.66,0.72,0.72,0.78,0.74
670,0.83,0.8,0.89,0.66,0.72,0.72,0.78,0.74
671,0.83,0.82,0.89,0.66,0.72,0.72,0.78,0.74
672,0.83,0.8,0.89,0.67,0.72,0.72,0.78,0.74
673,0.85,0.8,0.89,0.67,0.72,0.73,0.78,0.74
674,0.84,0.81,0.89,0.67,0.72,0.73,0.78,0.74
675,0.84,0.81,0.89,0.68,0.72,0.73,0.78,0.74
676,0.84,0.81,0.89,0.68,0.72,0.73,0.78,0.74
677,0.84,0.81,0.9,0.68,0.73,0.73,0.78,0.74
678,0.84,0.82,0.9,0.68,0.73,0.74,0.79,0.74
679,0.84,0.81,0.9,0.69,0.73,0.74,0.79,0.74
680,0.85,0.81,0.9,0.69,0.74,0.74,0.79,0.75
681,0.85,0.81,0.9,0.69,0.74,0.74,0.79,0.75
682,0.88,0.81,0.9,0.69,0.74,0.75,0.79,0.75
683,0.85,0.82,0.91,0.69,0.74,0.75,0.8,0.75
684,0.86,0.81,0.91,0.69,0.75,0.75,0.8,0.75
685,0.85,0.82,0.91,0.7,0.74,0.75,0.8,0.75
686,0.86,0.81,0.91,0.71,0.75,0.76,0.8,0.76
687,0.86,0.82,0.91,0.7,0.75,0.76,0.81,0.76
688,0.86,0.82,0.91,0.71,0.75,0.76,0.81,0.76
689,0.86,0.82,0.91,0.71,0.75,0.77,0.81,0.76
690,0.87,0.82,0.92,0.71,0.76,0.77,0.81,0.76
691,0.86,0.82,0.92,0.71,0.76,0.77,0.81,0.76
692,0.86,0.83,0.92,0.71,0.76,0.77,0.82,0.77
693,0.85,0.84,0.92,0.71,0.76,0.77,0.82,0.77
694,0.85,0.84,0.92,0.72,0.76,0.77,0.82,0.77
695,0.86,0.84,0.92,0.72,0.76,0.78,0.83,0.78
696,0.85,0.84,0.92,0.72,0.77,0.78,0.83,0.78
697,0.87,0.84,0.92,0.73,0.77,0.78,0.83,0.78
698,0.87,0.85,0.93,0.73,0.78,0.79,0.84,0.79
699,0.88,0.85,0.92,0.73,0.79,0.79,0.84,0.79
700,0.88,0.85,0.93,0.73,0.79,0.79,0.84,0.79
701,0.86,0.85,0.93,0.74,0.79,0.79,0.84,0.79
702,0.88,0.86,0.93,0.73,0.79,0.8,0.84,0.79
703,0.88,0.86,0.93,0.74,0.79,0.79,0.84,0.79
704,0.89,0.86,0.94,0.74,0.8,0.8,0.84,0.79
705,0.88,0.86,0.93,0.74,0.8,0.8,0.84,0.79
706,0.89,0.88,0.93,0.74,0.8,0.8,0.84,0.8
707,0.9,0.87,0.93,0.75,0.8,0.8,0.84,0.8
708,0.88,0.87,0.93,0.75,0.8,0.8,0.84,0.8
709,0.87,0.88,0.93,0.75,0.8,0.81,0.84,0.8
710,0.87,0.87,0.93,0.76,0.8,0.81,0.84,0.8
711,0.87,0.87,0.93,0.75,0.8,0.81,0.84,0.8
712,0.87,0.87,0.93,0.76,0.8,0.81,0.84,0.81
713,0.87,0.86,0.93,0.76,0.8,0.81,0.84,0.81
714,0.86,0.86,0.93,0.76,0.81,0.81,0.84,0.81
715,0.86,0.86,0.93,0.76,0.8,0.81,0.84,0.81
716,0.86,0.86,0.93,0.77,0.81,0.82,0.84,0.81
717,0.85,0.85,0.93,0.77,0.81,0.82,0.84,0.81
718,0.85,0.85,0.94,0.77,0.81,0.82,0.84,0.81
719,0.86,0.85,0.93,0.77,0.81,0.82,0.84,0.81
720,0.86,0.85,0.93,0.77,0.81,0.82,0.83,0.81
721,0.86,0.85,0.94,0.77,0.81,0.82,0.83,0.81
722,0.87,0.85,0.94,0.78,0.81,0.82,0.83,0.81
723,0.85,0.84,0.93,0.78,0.81,0.82,0.83,0.81
724,0.86,0.84,0.94,0.78,0.81,0.82,0.83,0.81
725,0.86,0.84,0.93,0.78,0.81,0.82,0.82,0.81
726,0.88,0.84,0.94,0.78,0.81,0.83,0.83,0.81
727,0.87,0.85,0.94,0.78,0.81,0.83,0.83,0.81
728,0.87,0.84,0.94,0.78,0.82,0.84,0.83,0.81
729,0.87,0.84,0.94,0.79,0.81,0.83,0.83,0.81
730,0.88,0.84,0.94,0.79,0.82,0.84,0.83,0.81
731,0.87,0.84,0.95,0.79,0.82,0.84,0.83,0.81
732,0.88,0.85,0.95,0.79,0.82,0.84,0.83,0.81
733,0.89,0.85,0.94,0.79,0.82,0.84,0.83,0.81
734,0.89,0.86,0.94,0.79,0.82,0.84,0.83,0.82
735,0.88,0.85,0.94,0.79,0.81,0.84,0.83,0.82
736,0.88,0.86,0.95,0.8,0.82,0.84,0.84,0.82
737,0.89,0.86,0.95,0.8,0.82,0.84,0.84,0.82
738,0.88,0.87,0.95,0.8,0.82,0.85,0.84,0.82
739,0.9,0.86,0.95,0.8,0.82,0.85,0.84,0.82
740,0.89,0.86,0.95,0.8,0.82,0.85,0.84,0.83
741,0.9,0.88,0.95,0.8,0.82,0.85,0.84,0.83
742,0.89,0.87,0.95,0.81,0.82,0.85,0.84,0.83
743,0.89,0.87,0.95,0.81,0.82,0.85,0.85,0.83
744,0.87,0.87,0.95,0.8,0.83,0.86,0.85,0.83
745,0.87,0.88,0.96,0.81,0.83,0.85,0.85,0.83
746,0.87,0.87,0.96,0.81,0.83,0.86,0.85,0.84
747,0.87,0.88,0.95,0.81,0.83,0.86,0.85,0.83
748,0.86,0.87,0.94,0.81,0.84,0.86,0.85,0.84
749,0.85,0.87,0.95,0.81,0.83,0.86,0.85,0.84
750,0.85,0.87,0.94,0.81,0.84,0.86,0.86,0.84
751,0.85,0.87,0.94,0.81,0.84,0.86,0.86,0.84
752,0.84,0.86,0.95,0.82,0.84,0.87,0.86,0.85
753,0.84,0.87,0.94,0.82,0.84,0.87,0.87,0.85
754,0.84,0.86,0.95,0.82,0.84,0.87,0.87,0.85
755,0.84,0.86,0.94,0.82,0.84,0.87,0.87,0.86
756,0.84,0.86,0.94,0.82,0.85,0.88,0.87,0.86
757,0.84,0.87,0.94,0.82,0.84,0.88,0.87,0.86
758,0.84,0.86,0.95,0.83,0.85,0.88,0.87,0.86
759,0.85,0.86,0.94,0.83,0.86,0.88,0.87,0.86
760,0.87,0.86,0.94,0.83,0.86,0.88,0.87,0.86
761,0.85,0.86,0.94,0.83,0.86,0.88,0.87,0.86
762,0.86,0.87,0.94,0.83,0.86,0.88,0.87,0.86
763,0.87,0.87,0.95,0.83,0.86,0.88,0.87,0.86
764,0.88,0.87,0.96,0.83,0.86,0.88,0.87,0.86
765,0.87,0.88,0.95,0.83,0.86,0.88,0.87,0.86
766,0.87,0.88,0.95,0.84,0.86,0.88,0.87,0.86
767,0.88,0.88,0.95,0.84,0.86,0.88,0.87,0.86
768,0.88,0.88,0.96,0.84,0.86,0.88,0.87,0.86
769,0.89,0.89,0.96,0.84,0.86,0.88,0.88,0.86
770,0.89,0.9,0.96,0.85,0.86,0.89,0.88,0.86
771,0.91,0.9,0.96,0.85,0.86,0.89,0.88,0.86
772,0.91,0.9,0.96,0.84,0.87,0.89,0.88,0.86
773,0.92,0.9,0.96,0.85,0.87,0.89,0.88,0.86
774,0.92,0.9,0.96,0.85,0.86,0.89,0.87,0.86
775,0.91,0.91,0.96,0.85,0.87,0.89,0.87,0.86
776,0.91,0.89,0.96,0.85,0.87,0.89,0.88,0.86
777,0.92,0.92,0.97,0.85,0.87,0.89,0.88,0.86
778,0.92,0.9,0.96,0.85,0.87,0.9,0.88,0.86
779,0.93,0.91,0.96,0.86,0.87,0.89,0.87,0.86
780,0.93,0.91,0.96,0.86,0.87,0.9,0.87,0.86
781,0.94,0.91,0.96,0.86,0.86,0.89,0.87,0.86
782,0.93,0.9,0.95,0.86,0.87,0.89,0.87,0.86
783,0.94,0.9,0.96,0.86,0.87,0.89,0.86,0.85
784,0.94,0.91,0.96,0.86,0.87,0.89,0.86,0.86
785,0.94,0.9,0.96,0.86,0.87,0.89,0.86,0.86
786,0.94,0.9,0.96,0.86,0.87,0.89,0.86,0.86
787,0.94,0.92,0.96,0.86,0.87,0.89,0.86,0.85
788,0.94,0.92,0.96,0.86,0.86,0.89,0.85,0.85
789,0.94,0.91,0.96,0.86,0.86,0.89,0.85,0.85
790,0.95,0.91,0.96,0.86,0.86,0.89,0.84,0.85
791,0.94,0.91,0.96,0.86,0.86,0.88,0.84,0.85
792,0.94,0.91,0.95,0.86,0.86,0.89,0.84,0.84
793,0.94,0.9,0.95,0.86,0.86,0.89,0.84,0.84
794,0.94,0.9,0.96,0.86,0.86,0.88,0.84,0.84
795,0.93,0.9,0.95,0.86,0.86,0.89,0.84,0.84
796,0.93,0.9,0.95,0.86,0.86,0.89,0.84,0.84
797,0.94,0.9,0.95,0.86,0.86,0.89,0.84,0.84
798,0.94,0.9,0.95,0.86,0.86,0.89,0.84,0.84
799,0.93,0.89,0.96,0.87,0.86,0.89,0.84,0.84
800,0.93,0.89,0.95,0.86,0.87,0.89,0.84,0.84
801,0.93,0.9,0.95,0.86,0.87,0.89,0.84,0.84
802,0.92,0.89,0.94,0.86,0.87,0.89,0.85,0.84
803,0.94,0.89,0.95,0.86,0.87,0.89,0.85,0.84
804,0.92,0.88,0.95,0.87,0.86,0.89,0.85,0.85
805,0.92,0.89,0.95,0.87,0.86,0.89,0.85,0.85
806,0.92,0.88,0.95,0.87,0.86,0.89,0.84,0.84
807,0.91,0.88,0.95,0.87,0.86,0.89,0.85,0.85
808,0.93,0.89,0.95,0.87,0.86,0.89,0.85,0.84
809,0.92,0.89,0.95,0.88,0.86,0.89,0.85,0.85
810,0.91,0.88,0.95,0.87,0.87,0.89,0.85,0.85
811,0.92,0.89,0.95,0.88,0.86,0.89,0.85,0.85
812,0.9,0.88,0.95,0.88,0.87,0.89,0.85,0.85
813,0.91,0.88,0.95,0.88,0.87,0.89,0.86,0.85
814,0.9,0.89,0.95,0.88,0.87,0.9,0.86,0.85
815,0.89,0.89,0.95,0.88,0.88,0.89,0.86,0.85
816,0.89,0.89,0.95,0.88,0.88,0.9,0.86,0.85
817,0.89,0.89,0.95,0.88,0.88,0.9,0.86,0.85
818,0.89,0.9,0.95,0.88,0.88,0.9,0.87,0.85
819,0.89,0.9,0.96,0.88,0.88,0.9,0.87,0.85
820,0.88,0.9,0.95,0.88,0.88,0.9,0.87,0.86
821,0.87,0.89,0.96,0.88,0.88,0.9,0.87,0.86
822,0.88,0.89,0.96,0.88,0.88,0.9,0.87,0.86
823,0.87,0.9,0.96,0.88,0.88,0.9,0.87,0.86
824,0.87,0.9,0.95,0.89,0.88,0.89,0.87,0.86
825,0.86,0.9,0.95,0.88,0.88,0.9,0.87,0.86
826,0.86,0.89,0.95,0.89,0.88,0.9,0.87,0.86
827,0.86,0.9,0.95,0.89,0.88,0.9,0.86,0.85
828,0.86,0.9,0.94,0.89,0.88,0.9,0.86,0.85
829,0.87,0.9,0.94,0.89,0.88,0.9,0.86,0.85
830,0.89,0.9,0.93,0.88,0.88,0.9,0.86,0.85
831,0.88,0.9,0.94,0.89,0.88,0.89,0.86,0.85
832,0.87,0.9,0.93,0.89,0.88,0.89,0.86,0.84
833,0.85,0.89,0.93,0.89,0.88,0.89,0.86,0.84
834,0.87,0.92,0.93,0.89,0.88,0.89,0.86,0.84
835,0.87,0.91,0.93,0.89,0.88,0.89,0.86,0.85
836,0.85,0.9,0.93,0.89,0.88,0.89,0.86,0.85
837,0.85,0.9,0.93,0.89,0.88,0.89,0.86,0.84
838,0.85,0.9,0.93,0.89,0.88,0.89,0.86,0.84
839,0.85,0.9,0.92,0.89,0.88,0.9,0.87,0.84
840,0.86,0.88,0.93,0.89,0.89,0.9,0.87,0.85
841,0.85,0.88,0.92,0.89,0.89,0.9,0.87,0.85
842,0.88,0.9,0.93,0.89,0.89,0.9,0.87,0.85
843,0.86,0.88,0.93,0.89,0.88,0.9,0.88,0.85
844,0.86,0.88,0.93,0.89,0.89,0.9,0.87,0.85
845,0.87,0.88,0.93,0.89,0.88,0.9,0.87,0.86
846,0.87,0.9,0.93,0.89,0.89,0.9,0.87,0.85
847,0.88,0.88,0.93,0.89,0.89,0.9,0.87,0.85
848,0.9,0.88,0.94,0.89,0.89,0.9,0.87,0.85
849,0.9,0.9,0.94,0.9,0.89,0.9,0.87,0.85
850,0.9,0.89,0.95,0.89,0.89,0.9,0.87,0.85
851,0.9,0.9,0.95,0.89,0.89,0.9,0.87,0.85
852,0.91,0.91,0.95,0.9,0.89,0.9,0.88,0.86
853,0.91,0.9,0.95,0.9,0.89,0.91,0.88,0.86
854,0.91,0.91,0.95,0.9,0.89,0.91,0.88,0.86
855,0.91,0.92,0.95,0.9,0.89,0.91,0.88,0.86
856,0.92,0.92,0.95,0.9,0.89,0.91,0.88,0.86
857,0.92,0.92,0.95,0.9,0.89,0.91,0.88,0.86
858,0.92,0.92,0.96,0.9,0.89,0.91,0.89,0.86
859,0.91,0.92,0.96,0.9,0.9,0.91,0.89,0.86
860,0.92,0.93,0.96,0.9,0.9,0.91,0.9,0.86
861,0.92,0.93,0.96,0.91,0.9,0.91,0.91,0.87
862,0.92,0.92,0.96,0.9,0.9,0.91,0.91,0.87
863,0.91,0.93,0.96,0.91,0.91,0.92,0.92,0.88
864,0.91,0.93,0.96,0.91,0.91,0.92,0.92,0.89
865,0.91,0.93,0.96,0.91,0.91,0.92,0.93,0.89
866,0.91,0.93,0.96,0.91,0.91,0.92,0.94,0.9
867,0.91,0.93,0.96,0.91,0.91,0.92,0.94,0.9
868,0.91,0.93,0.96,0.91,0.92,0.92,0.94,0.9
869,0.92,0.93,0.96,0.91,0.92,0.93,0.95,0.91
870,0.91,0.93,0.96,0.91,0.92,0.93,0.95,0.91
871,0.92,0.94,0.96,0.92,0.93,0.93,0.96,0.91
872,0.92,0.93,0.96,0.91,0.93,0.93,0.96,0.92
873,0.91,0.93,0.96,0.92,0.93,0.93,0.96,0.92
874,0.91,0.94,0.95,0.91,0.93,0.93,0.96,0.92
875,0.91,0.94,0.96,0.92,0.93,0.94,0.96,0.93
876,0.91,0.93,0.96,0.92,0.93,0.94,0.96,0.93
877,0.92,0.93,0.96,0.92,0.93,0.94,0.96,0.94
878,0.92,0.94,0.96,0.92,0.94,0.94,0.96,0.94
879,0.93,0.94,0.96,0.92,0.94,0.94,0.96,0.94
880,0.92,0.94,0.95,0.92,0.94,0.94,0.95,0.94
881,0.93,0.93,0.95,0.92,0.94,0.94,0.96,0.94
882,0.93,0.93,0.95,0.92,0.94,0.94,0.95,0.93
883,0.93,0.93,0.95,0.92,0.94,0.94,0.95,0.93
884,0.93,0.93,0.95,0.92,0.94,0.94,0.95,0.93
885,0.93,0.92,0.95,0.92,0.94,0.94,0.94,0.93
886,0.94,0.92,0.95,0.92,0.94,0.94,0.94,0.93
887,0.93,0.92,0.95,0.92,0.94,0.94,0.94,0.93
888,0.93,0.92,0.94,0.92,0.94,0.94,0.93,0.93
889,0.93,0.91,0.94,0.92,0.94,0.94,0.93,0.93
890,0.93,0.91,0.94,0.92,0.94,0.94,0.93,0.93
891,0.93,0.9,0.94,0.92,0.94,0.94,0.92,0.92
892,0.94,0.9,0.94,0.92,0.94,0.94,0.92,0.92
893,0.94,0.9,0.94,0.92,0.94,0.94,0.91,0.92
894,0.94,0.9,0.94,0.92,0.94,0.94,0.91,0.91
895,0.94,0.9,0.94,0.92,0.94,0.94,0.9,0.91
896,0.94,0.9,0.94,0.92,0.94,0.94,0.9,0.91
897,0.94,0.9,0.93,0.92,0.94,0.94,0.9,0.9
898,0.94,0.9,0.94,0.92,0.93,0.94,0.89,0.9
899,0.96,0.9,0.94,0.92,0.93,0.94,0.89,0.9
900,0.95,0.9,0.93,0.92,0.93,0.94,0.89,0.9
901,0.95,0.9,0.94,0.92,0.93,0.93,0.88,0.9
902,0.96,0.9,0.93,0.92,0.93,0.93,0.88,0.9
903,0.96,0.9,0.93,0.92,0.92,0.93,0.88,0.89
904,0.96,0.9,0.93,0.92,0.92,0.93,0.88,0.89
905,0.98,0.9,0.94,0.92,0.92,0.93,0.88,0.89
906,0.96,0.9,0.94,0.92,0.92,0.93,0.87,0.89
907,0.96,0.89,0.93,0.92,0.92,0.93,0.88,0.89
908,0.97,0.89,0.94,0.92,0.92,0.92,0.88,0.89
909,0.96,0.89,0.94,0.92,0.92,0.92,0.88,0.88
910,0.97,0.89,0.94,0.92,0.92,0.92,0.88,0.88
911,0.97,0.9,0.94,0.92,0.92,0.92,0.88,0.88
912,0.98,0.89,0.93,0.92,0.92,0.92,0.88,0.88
913,0.97,0.89,0.94,0.92,0.92,0.92,0.87,0.88
914,0.96,0.9,0.94,0.92,0.91,0.92,0.87,0.88
915,0.96,0.9,0.93,0.92,0.91,0.92,0.87,0.87
916,0.96,0.9,0.94,0.92,0.91,0.92,0.86,0.87
917,0.96,0.9,0.94,0.92,0.91,0.92,0.86,0.87
918,0.99,0.9,0.94,0.92,0.91,0.92,0.86,0.87
919,0.96,0.9,0.94,0.92,0.91,0.92,0.86,0.87
920,0.97,0.91,0.94,0.93,0.91,0.92,0.87,0.87
921,0.96,0.9,0.94,0.93,0.91,0.92,0.87,0.87
922,0.97,0.9,0.94,0.92,0.91,0.91,0.86,0.86
923,0.99,0.9,0.94,0.93,0.91,0.91,0.86,0.86
924,0.97,0.91,0.94,0.92,0.91,0.91,0.86,0.86
925,0.96,0.91,0.94,0.92,0.91,0.92,0.86,0.86
926,0.98,0.91,0.95,0.93,0.9,0.92,0.86,0.86
927,0.96,0.91,0.94,0.93,0.9,0.92,0.86,0.86
928,0.96,0.91,0.95,0.92,0.9,0.92,0.87,0.86
929,0.97,0.91,0.95,0.93,0.9,0.92,0.87,0.86
930,0.97,0.91,0.95,0.93,0.9,0.92,0.87,0.87
931,0.96,0.92,0.95,0.92,0.9,0.92,0.87,0.87
932,0.95,0.91,0.95,0.93,0.91,0.91,0.87,0.87
933,0.97,0.91,0.95,0.93,0.91,0.91,0.87,0.87
934,0.95,0.91,0.95,0.92,0.91,0.92,0.88,0.87
935,0.95,0.92,0.95,0.93,0.91,0.91,0.88,0.87
936,0.95,0.92,0.95,0.93,0.91,0.92,0.89,0.87
937,0.94,0.92,0.95,0.92,0.91,0.92,0.89,0.87
938,0.95,0.91,0.95,0.92,0.91,0.92,0.89,0.87
939,0.94,0.92,0.96,0.93,0.9,0.92,0.89,0.87
940,0.95,0.92,0.96,0.93,0.9,0.92,0.89,0.88
941,0.94,0.91,0.96,0.93,0.9,0.92,0.89,0.88
942,0.94,0.91,0.95,0.93,0.9,0.92,0.89,0.88
943,0.94,0.91,0.96,0.93,0.9,0.92,0.89,0.88
944,0.94,0.91,0.96,0.93,0.9,0.92,0.89,0.88
945,0.94,0.92,0.96,0.93,0.9,0.91,0.89,0.88
946,0.93,0.92,0.96,0.93,0.9,0.92,0.9,0.88
947,0.93,0.92,0.96,0.93,0.91,0.92,0.9,0.88
948,0.94,0.92,0.96,0.93,0.91,0.92,0.9,0.88
949,0.93,0.92,0.95,0.93,0.91,0.92,0.9,0.88
950,0.94,0.91,0.96,0.93,0.91,0.92,0.9,0.88
951,0.93,0.91,0.96,0.93,0.91,0.92,0.9,0.88
952,0.94,0.91,0.96,0.93,0.91,0.92,0.89,0.88
953,0.93,0.91,0.96,0.93,0.91,0.92,0.89,0.88
954,0.93,0.91,0.95,0.93,0.91,0.92,0.89,0.88
955,0.93,0.91,0.95,0.93,0.91,0.92,0.89,0.88
956,0.95,0.91,0.96,0.94,0.91,0.92,0.89,0.88
957,0.93,0.91,0.95,0.94,0.91,0.92,0.89,0.88
958,0.93,0.9,0.95,0.94,0.91,0.92,0.89,0.88
959,0.93,0.89,0.96,0.94,0.91,0.92,0.89,0.88
960,0.94,0.9,0.95,0.94,0.91,0.92,0.89,0.88
961,0.93,0.9,0.95,0.94,0.91,0.92,0.89,0.88
962,0.93,0.89,0.95,0.93,0.91,0.92,0.88,0.87
963,0.93,0.9,0.94,0.93,0.91,0.92,0.88,0.87
964,0.94,0.89,0.95,0.93,0.91,0.92,0.88,0.87
965,0.93,0.89,0.94,0.93,0.91,0.92,0.88,0.87
966,0.93,0.89,0.94,0.93,0.91,0.92,0.88,0.87
967,0.94,0.89,0.94,0.93,0.91,0.92,0.88,0.87
968,0.93,0.89,0.95,0.93,0.91,0.92,0.88,0.87
969,0.93,0.9,0.95,0.93,0.9,0.92,0.88,0.87
970,0.93,0.89,0.95,0.93,0.9,0.92,0.88,0.86
971,0.93,0.89,0.96,0.93,0.9,0.92,0.88,0.86
972,0.93,0.9,0.95,0.93,0.9,0.92,0.88,0.86
973,0.94,0.9,0.95,0.93,0.9,0.92,0.88,0.86
974,0.94,0.9,0.96,0.93,0.9,0.92,0.87,0.86
975,0.93,0.89,0.96,0.93,0.9,0.92,0.88,0.86
976,0.92,0.89,0.96,0.93,0.9,0.91,0.88,0.86
977,0.93,0.9,0.96,0.93,0.9,0.92,0.88,0.86
978,0.92,0.9,0.96,0.94,0.9,0.91,0.89,0.86
979,0.92,0.9,0.96,0.93,0.9,0.91,0.89,0.86
980,0.93,0.89,0.96,0.94,0.9,0.91,0.89,0.86
981,0.92,0.9,0.96,0.94,0.91,0.92,0.9,0.88
982,0.93,0.89,0.96,0.93,0.91,0.92,0.9,0.87
983,0.92,0.9,0.96,0.94,0.91,0.92,0.9,0.87
984,0.93,0.9,0.96,0.94,0.91,0.92,0.91,0.88
985,0.92,0.89,0.96,0.94,0.91,0.92,0.91,0.88
986,0.93,0.9,0.96,0.94,0.91,0.93,0.91,0.88
987,0.92,0.91,0.96,0.94,0.91,0.93,0.91,0.89
988,0.94,0.91,0.96,0.94,0.91,0.93,0.91,0.89
989,0.92,0.91,0.96,0.94,0.91,0.93,0.91,0.9
990,0.92,0.92,0.96,0.94,0.92,0.93,0.92,0.89
991,0.93,0.9,0.96,0.94,0.92,0.93,0.92,0.9
992,0.94,0.9,0.96,0.94,0.92,0.94,0.92,0.9
993,0.93,0.9,0.96,0.94,0.92,0.94,0.92,0.91
994,0.93,0.9,0.95,0.94,0.93,0.94,0.92,0.91
995,0.94,0.9,0.95,0.94,0.93,0.94,0.92,0.91
996,0.92,0.9,0.95,0.94,0.93,0.94,0.92,0.92
997,0.92,0.9,0.95,0.93,0.93,0.94,0.92,0.91
998,0.94,0.89,0.95,0.94,0.93,0.94,0.92,0.91
999,0.93,0.89,0.94,0.94,0.94,0.94,0.92,0.92
1000,0.94,0.88,0.95,0.94,0.94,0.95,0.92,0.92
1001,0.94,0.88,0.95,0.94,0.93,0.95,0.92,0.92
1002,0.93,0.88,0.95,0.94,0.94,0.94,0.92,0.92
1003,0.92,0.88,0.95,0.94,0.94,0.95,0.92,0.91
1004,0.92,0.87,0.95,0.94,0.94,0.95,0.92,0.91
1005,0.92,0.87,0.95,0.94,0.93,0.94,0.91,0.91
1006,0.92,0.87,0.94,0.94,0.93,0.95,0.91,0.91
1007,0.93,0.86,0.95,0.94,0.93,0.95,0.91,0.91
1008,0.94,0.86,0.95,0.94,0.93,0.95,0.91,0.91
1009,0.93,0.85,0.95,0.94,0.93,0.94,0.91,0.91
1010,0.92,0.85,0.95,0.94,0.93,0.94,0.9,0.9
1011,0.93,0.85,0.95,0.94,0.93,0.94,0.9,0.9
1012,0.94,0.85,0.94,0.94,0.92,0.95,0.9,0.9
1013,0.93,0.85,0.95,0.94,0.93,0.95,0.9,0.9
1014,0.93,0.85,0.95,0.94,0.93,0.94,0.89,0.9
1015,0.92,0.84,0.94,0.94,0.93,0.95,0.89,0.9
1016,0.94,0.85,0.95,0.93,0.93,0.95,0.88,0.89
1017,0.92,0.84,0.95,0.94,0.93,0.94,0.89,0.89
1018,0.92,0.84,0.94,0.94,0.93,0.95,0.88,0.9
1019,0.94,0.85,0.95,0.94,0.93,0.94,0.88,0.9
1020,0.92,0.85,0.95,0.94,0.93,0.94,0.88,0.9
1021,0.91,0.85,0.94,0.93,0.93,0.94,0.88,0.89
1022,0.92,0.85,0.95,0.94,0.93,0.94,0.88,0.89
1023,0.9,0.84,0.95,0.94,0.92,0.94,0.88,0.9
1024,0.9,0.84,0.95,0.94,0.92,0.94,0.88,0.89
1025,0.9,0.85,0.94,0.94,0.92,0.94,0.88,0.89
1026,0.9,0.86,0.94,0.94,0.92,0.94,0.88,0.89
1027,0.91,0.86,0.95,0.94,0.92,0.94,0.88,0.89
1028,0.9,0.87,0.94,0.94,0.92,0.94,0.88,0.89
1029,0.9,0.88,0.95,0.94,0.92,0.94,0.88,0.89
1030,0.9,0.88,0.94,0.94,0.92,0.94,0.88,0.89
1031,0.92,0.88,0.94,0.94,0.92,0.94,0.88,0.89
1032,0.9,0.88,0.95,0.94,0.92,0.94,0.88,0.89
1033,0.91,0.88,0.94,0.94,0.92,0.94,0.88,0.89
1034,0.9,0.89,0.94,0.94,0.92,0.94,0.88,0.9
1035,0.9,0.89,0.94,0.93,0.92,0.94,0.88,0.89
1036,0.9,0.9,0.94,0.93,0.92,0.94,0.88,0.89
1037,0.9,0.9,0.95,0.94,0.92,0.94,0.88,0.9
1038,0.9,0.9,0.95,0.93,0.92,0.94,0.88,0.89
1039,0.91,0.9,0.95,0.93,0.92,0.94,0.88,0.9
1040,0.91,0.9,0.95,0.93,0.92,0.94,0.88,0.9
1041,0.91,0.9,0.95,0.93,0.92,0.94,0.88,0.9
1042,0.93,0.91,0.95,0.93,0.92,0.94,0.87,0.89
1043,0.92,0.91,0.96,0.94,0.92,0.93,0.88,0.89
1044,0.91,0.92,0.96,0.94,0.92,0.93,0.88,0.9
1045,0.92,0.93,0.96,0.94,0.92,0.94,0.88,0.9
1046,0.91,0.94,0.96,0.93,0.92,0.94,0.88,0.89
1047,0.92,0.94,0.97,0.94,0.92,0.94,0.88,0.89
1048,0.92,0.94,0.96,0.94,0.92,0.94,0.88,0.89
1049,0.91,0.96,0.96,0.94,0.92,0.94,0.88,0.89
1050,0.91,0.96,0.96,0.94,0.92,0.94,0.89,0.89
1051,0.92,0.95,0.98,0.94,0.92,0.94,0.88,0.89
1052,0.91,0.97,0.98,0.95,0.92,0.93,0.89,0.89
1053,0.91,0.97,0.97,0.94,0.92,0.93,0.89,0.89
1054,0.91,0.97,0.97,0.94,0.91,0.93,0.89,0.9
1055,0.92,0.98,0.97,0.94,0.92,0.93,0.89,0.89
1056,0.93,0.97,0.97,0.95,0.92,0.94,0.9,0.9
1057,0.92,0.97,0.97,0.95,0.92,0.94,0.9,0.9
1058,0.91,0.97,0.97,0.95,0.92,0.94,0.91,0.9
1059,0.92,0.97,0.97,0.95,0.92,0.94,0.91,0.91
1060,0.92,0.97,0.97,0.95,0.93,0.94,0.92,0.91
1061,0.93,0.96,0.97,0.95,0.93,0.94,0.92,0.92
1062,0.91,0.96,0.97,0.95,0.94,0.94,0.93,0.93
1063,0.91,0.96,0.96,0.95,0.93,0.95,0.93,0.93
1064,0.93,0.95,0.96,0.95,0.95,0.95,0.94,0.93
1065,0.93,0.94,0.96,0.95,0.94,0.94,0.94,0.93
1066,0.92,0.94,0.96,0.95,0.95,0.95,0.94,0.94
1067,0.91,0.94,0.95,0.95,0.95,0.96,0.94,0.95
1068,0.92,0.92,0.95,0.95,0.95,0.96,0.95,0.95
1069,0.93,0.92,0.95,0.95,0.96,0.96,0.95,0.95
1070,0.91,0.93,0.96,0.95,0.96,0.96,0.95,0.95
1071,0.91,0.92,0.96,0.95,0.96,0.96,0.95,0.95
1072,0.92,0.94,0.95,0.95,0.96,0.97,0.94,0.96
1073,0.93,0.93,0.96,0.95,0.97,0.97,0.94,0.96
1074,0.92,0.93,0.95,0.95,0.97,0.97,0.94,0.96
1075,0.92,0.92,0.95,0.95,0.97,0.97,0.93,0.96
1076,0.92,0.94,0.95,0.95,0.96,0.97,0.93,0.95
1077,0.92,0.93,0.95,0.95,0.96,0.97,0.92,0.95
1078,0.93,0.92,0.95,0.95,0.96,0.97,0.92,0.95
1079,0.93,0.92,0.95,0.95,0.96,0.97,0.92,0.95
1080,0.93,0.92,0.95,0.95,0.96,0.97,0.91,0.95
1081,0.93,0.91,0.95,0.95,0.96,0.97,0.91,0.95
1082,0.93,0.91,0.95,0.95,0.96,0.97,0.9,0.95
1083,0.92,0.9,0.95,0.95,0.96,0.97,0.9,0.93
1084,0.92,0.89,0.95,0.95,0.95,0.97,0.9,0.93
1085,0.94,0.89,0.95,0.95,0.95,0.97,0.9,0.93
1086,0.92,0.89,0.96,0.95,0.95,0.97,0.9,0.93
1087,0.92,0.88,0.95,0.95,0.95,0.97,0.89,0.93
1088,0.93,0.88,0.95,0.95,0.95,0.97,0.89,0.92
1089,0.93,0.88,0.96,0.95,0.94,0.96,0.89,0.92
1090,0.93,0.88,0.95,0.95,0.94,0.96,0.88,0.92
1091,0.92,0.88,0.95,0.95,0.94,0.96,0.88,0.92
1092,0.93,0.88,0.94,0.95,0.94,0.96,0.88,0.91
1093,0.93,0.88,0.94,0.95,0.94,0.96,0.87,0.91
1094,0.93,0.88,0.95,0.95,0.93,0.96,0.87,0.91
1095,0.93,0.88,0.96,0.95,0.93,0.96,0.87,0.91
1096,0.94,0.88,0.95,0.95,0.93,0.96,0.87,0.91
1097,0.93,0.88,0.95,0.95,0.93,0.96,0.87,0.91
1098,0.94,0.87,0.95,0.95,0.93,0.96,0.87,0.9
1099,0.94,0.88,0.94,0.95,0.93,0.96,0.86,0.9
1100,0.95,0.87,0.95,0.95,0.93,0.95,0.86,0.9
1101,0.94,0.87,0.95,0.95,0.93,0.95,0.86,0.89
1102,0.94,0.88,0.95,0.95,0.92,0.96,0.86,0.89
1103,0.94,0.87,0.95,0.95,0.93,0.95,0.86,0.89
1104,0.94,0.88,0.95,0.95,0.92,0.95,0.86,0.88
1105,0.95,0.89,0.95,0.94,0.92,0.95,0.86,0.88
1106,0.95,0.89,0.95,0.95,0.92,0.95,0.86,0.88
1107,0.97,0.89,0.96,0.95,0.91,0.95,0.86,0.88
1108,0.95,0.91,0.96,0.95,0.91,0.94,0.86,0.88
1109,0.97,0.91,0.96,0.95,0.91,0.94,0.87,0.88
1110,0.96,0.91,0.96,0.95,0.91,0.94,0.87,0.88
1111,0.96,0.92,0.97,0.95,0.91,0.94,0.87,0.88
1112,0.98,0.92,0.96,0.95,0.91,0.94,0.88,0.89
1113,0.96,0.92,0.96,0.95,0.91,0.94,0.88,0.89
1114,0.97,0.93,0.96,0.95,0.91,0.94,0.88,0.89
1115,0.96,0.92,0.96,0.95,0.92,0.94,0.88,0.89
1116,0.96,0.93,0.96,0.95,0.92,0.94,0.89,0.89
1117,0.96,0.93,0.96,0.95,0.92,0.94,0.89,0.89
1118,0.98,0.93,0.97,0.95,0.91,0.94,0.89,0.9
1119,0.99,0.93,0.97,0.95,0.91,0.94,0.9,0.9
1120,0.99,0.93,0.97,0.96,0.91,0.94,0.9,0.9
1121,0.96,0.93,0.97,0.96,0.91,0.94,0.9,0.9
1122,0.97,0.93,0.96,0.95,0.92,0.94,0.9,0.9
1123,0.96,0.93,0.96,0.95,0.92,0.94,0.9,0.9
1124,0.96,0.94,0.96,0.95,0.92,0.94,0.9,0.9
1125,0.98,0.94,0.97,0.95,0.92,0.95,0.9,0.9
1126,0.96,0.94,0.97,0.95,0.92,0.94,0.9,0.9
1127,0.96,0.93,0.97,0.95,0.92,0.95,0.9,0.9
1128,0.96,0.94,0.97,0.96,0.92,0.95,0.9,0.9
1129,0.96,0.94,0.96,0.96,0.92,0.95,0.9,0.9
1130,0.97,0.93,0.97,0.95,0.92,0.94,0.89,0.9
1131,0.95,0.94,0.97,0.96,0.92,0.94,0.9,0.9
1132,0.95,0.94,0.97,0.96,0.92,0.94,0.89,0.9
1133,0.96,0.93,0.97,0.96,0.92,0.95,0.89,0.9
1134,0.94,0.94,0.97,0.96,0.92,0.94,0.89,0.9
1135,0.94,0.94,0.96,0.96,0.93,0.95,0.89,0.9
1136,0.94,0.93,0.96,0.96,0.92,0.95,0.89,0.9
1137,0.94,0.92,0.96,0.96,0.92,0.94,0.89,0.9
1138,0.94,0.94,0.96,0.96,0.92,0.95,0.89,0.89
1139,0.94,0.91,0.96,0.96,0.92,0.94,0.89,0.89
1140,0.94,0.91,0.96,0.96,0.92,0.94,0.89,0.89
1141,0.94,0.91,0.96,0.96,0.92,0.94,0.89,0.89
1142,0.94,0.91,0.96,0.96,0.92,0.94,0.89,0.89
1143,0.94,0.91,0.96,0.96,0.93,0.94,0.89,0.89
1144,0.94,0.91,0.96,0.96,0.93,0.94,0.89,0.89
1145,0.94,0.91,0.96,0.96,0.92,0.94,0.89,0.89
1146,0.94,0.91,0.96,0.96,0.92,0.95,0.89,0.89
1147,0.94,0.91,0.96,0.96,0.93,0.95,0.89,0.89
1148,0.93,0.91,0.96,0.96,0.93,0.95,0.89,0.89
1149,0.94,0.9,0.96,0.96,0.92,0.95,0.9,0.89
1150,0.93,0.9,0.96,0.96,0.93,0.94,0.9,0.89
1151,0.93,0.91,0.96,0.96,0.93,0.95,0.89,0.89
1152,0.93,0.91,0.96,0.96,0.93,0.95,0.9,0.89
1153,0.94,0.91,0.97,0.96,0.93,0.95,0.9,0.89
1154,0.93,0.91,0.97,0.96,0.93,0.95,0.9,0.89
1155,0.93,0.91,0.96,0.96,0.92,0.95,0.9,0.9
1156,0.93,0.91,0.96,0.96,0.93,0.95,0.9,0.9
1157,0.94,0.91,0.96,0.96,0.93,0.95,0.9,0.89
1158,0.94,0.91,0.97,0.96,0.93,0.95,0.9,0.9
1159,0.94,0.91,0.97,0.96,0.93,0.95,0.91,0.9
1160,0.93,0.93,0.97,0.96,0.93,0.95,0.9,0.89
1161,0.94,0.92,0.97,0.96,0.93,0.95,0.91,0.89
1162,0.95,0.93,0.97,0.96,0.93,0.95,0.9,0.9
1163,0.94,0.94,0.96,0.95,0.93,0.95,0.9,0.9
1164,0.93,0.92,0.98,0.96,0.93,0.95,0.91,0.9
1165,0.94,0.92,0.97,0.96,0.93,0.96,0.91,0.9
1166,0.93,0.93,0.97,0.96,0.93,0.95,0.91,0.9
1167,0.93,0.93,0.97,0.96,0.94,0.96,0.91,0.9
1168,0.93,0.93,0.97,0.96,0.94,0.95,0.92,0.9
1169,0.92,0.93,0.97,0.96,0.94,0.96,0.92,0.91
1170,0.93,0.94,0.97,0.96,0.94,0.96,0.92,0.91
1171,0.92,0.93,0.97,0.96,0.94,0.95,0.92,0.91
1172,0.92,0.94,0.97,0.96,0.93,0.95,0.92,0.91
1173,0.92,0.94,0.96,0.96,0.94,0.96,0.92,0.91
1174,0.92,0.93,0.97,0.96,0.93,0.96,0.92,0.91
1175,0.94,0.94,0.97,0.96,0.94,0.95,0.91,0.91
1176,0.92,0.94,0.97,0.96,0.94,0.96,0.91,0.91
1177,0.93,0.93,0.97,0.96,0.94,0.96,0.92,0.92
1178,0.93,0.94,0.97,0.96,0.94,0.96,0.92,0.92
1179,0.92,0.94,0.97,0.97,0.94,0.96,0.91,0.92
1180,0.93,0.93,0.97,0.97,0.94,0.96,0.91,0.92
1181,0.93,0.94,0.97,0.96,0.94,0.96,0.91,0.92
1182,0.93,0.94,0.97,0.96,0.94,0.96,0.91,0.91
1183,0.93,0.93,0.97,0.97,0.94,0.96,0.91,0.91
1184,0.94,0.93,0.97,0.97,0.94,0.96,0.91,0.91
1185,0.93,0.94,0.97,0.97,0.94,0.96,0.91,0.92
1186,0.93,0.94,0.97,0.97,0.94,0.96,0.91,0.92
1187,0.92,0.93,0.97,0.96,0.94,0.97,0.91,0.91
1188,0.94,0.92,0.97,0.97,0.94,0.97,0.91,0.92
1189,0.94,0.92,0.97,0.97,0.94,0.96,0.91,0.91
1190,0.92,0.92,0.97,0.97,0.94,0.96,0.91,0.91
1191,0.94,0.92,0.97,0.97,0.94,0.96,0.9,0.91
1192,0.94,0.92,0.97,0.97,0.94,0.97,0.9,0.91
1193,0.94,0.92,0.97,0.97,0.94,0.97,0.9,0.91
1194,0.92,0.92,0.96,0.97,0.94,0.97,0.9,0.91
1195,0.93,0.91,0.96,0.96,0.94,0.97,0.9,0.9
1196,0.93,0.91,0.96,0.97,0.94,0.97,0.9,0.91
1197,0.93,0.92,0.97,0.97,0.94,0.97,0.9,0.91
1198,0.92,0.91,0.97,0.97,0.94,0.97,0.9,0.9
1199,0.93,0.91,0.97,0.97,0.94,0.97,0.89,0.9
1200,0.93,0.92,0.97,0.97,0.94,0.97,0.9,0.9
1201,0.93,0.92,0.96,0.97,0.95,0.97,0.89,0.9
1202,0.95,0.91,0.97,0.97,0.94,0.97,0.9,0.9
1203,0.94,0.91,0.97,0.97,0.94,0.97,0.9,0.9
1204,0.94,0.91,0.97,0.97,0.94,0.97,0.89,0.89
1205,0.94,0.91,0.97,0.97,0.94,0.97,0.9,0.9
1206,0.94,0.91,0.98,0.97,0.94,0.97,0.89,0.9
1207,0.94,0.92,0.97,0.97,0.94,0.97,0.89,0.9
1208,0.94,0.91,0.97,0.97,0.94,0.96,0.89,0.9
1209,0.94,0.92,0.97,0.97,0.94,0.96,0.89,0.9
1210,0.94,0.92,0.97,0.97,0.94,0.97,0.88,0.9
1211,0.94,0.92,0.97,0.97,0.94,0.97,0.88,0.89
1212,0.94,0.92,0.97,0.97,0.94,0.97,0.89,0.89
1213,0.95,0.94,0.97,0.98,0.94,0.97,0.88,0.89
1214,0.94,0.95,0.98,0.98,0.93,0.96,0.88,0.9
1215,0.94,0.95,0.97,0.97,0.94,0.97,0.88,0.89
1216,0.94,0.94,0.97,0.98,0.93,0.97,0.88,0.89
1217,0.94,0.96,0.98,0.98,0.93,0.97,0.88,0.89
1218,0.94,0.95,0.97,0.98,0.93,0.96,0.88,0.89
1219,0.94,0.96,0.98,0.98,0.93,0.96,0.88,0.89
1220,0.94,0.95,0.98,0.98,0.93,0.96,0.88,0.89
1221,0.94,0.96,0.97,0.97,0.94,0.96,0.87,0.88
1222,0.94,0.96,0.98,0.98,0.93,0.96,0.88,0.89
1223,0.94,0.96,0.97,0.98,0.94,0.96,0.87,0.88
1224,0.94,0.96,0.97,0.98,0.93,0.96,0.87,0.89
1225,0.95,0.96,0.98,0.98,0.93,0.96,0.87,0.89
1226,0.94,0.96,0.97,0.98,0.93,0.96,0.86,0.88
1227,0.94,0.96,0.97,0.98,0.93,0.96,0.86,0.88
1228,0.95,0.96,0.98,0.97,0.92,0.96,0.86,0.88
1229,0.95,0.96,0.97,0.98,0.92,0.96,0.86,0.88
1230,0.94,0.97,0.96,0.98,0.92,0.96,0.86,0.88
1231,0.96,0.97,0.96,0.97,0.93,0.96,0.86,0.88
1232,0.95,0.97,0.97,0.97,0.92,0.96,0.86,0.88
1233,0.96,0.97,0.96,0.97,0.92,0.96,0.85,0.88
1234,0.95,0.97,0.97,0.98,0.92,0.96,0.86,0.88
1235,0.95,0.97,0.97,0.98,0.92,0.96,0.85,0.88
1236,0.95,0.98,0.97,0.97,0.92,0.95,0.86,0.88
1237,0.95,0.96,0.97,0.98,0.92,0.95,0.86,0.88
1238,0.97,0.97,0.96,0.97,0.92,0.95,0.86,0.87
1239,0.96,0.96,0.98,0.98,0.92,0.94,0.86,0.87
1240,0.95,0.96,0.97,0.98,0.92,0.95,0.86,0.87
1241,0.96,0.96,0.97,0.98,0.92,0.95,0.86,0.87
1242,0.96,0.96,0.97,0.97,0.92,0.95,0.86,0.87
1243,0.96,0.95,0.97,0.98,0.92,0.94,0.86,0.87
1244,0.96,0.94,0.96,0.97,0.92,0.95,0.86,0.87
1245,0.95,0.94,0.96,0.97,0.92,0.95,0.86,0.87
1246,0.95,0.93,0.96,0.97,0.92,0.95,0.87,0.87
1247,0.96,0.92,0.96,0.97,0.92,0.95,0.86,0.87
1248,0.96,0.93,0.96,0.98,0.92,0.94,0.86,0.87
1249,0.96,0.93,0.95,0.97,0.92,0.95,0.86,0.86
1250,0.98,0.92,0.96,0.97,0.92,0.94,0.86,0.87
1251,0.96,0.92,0.96,0.97,0.92,0.95,0.86,0.86
1252,0.97,0.92,0.96,0.97,0.92,0.95,0.85,0.86
1253,0.96,0.92,0.97,0.97,0.92,0.94,0.85,0.86
1254,0.96,0.92,0.96,0.97,0.92,0.95,0.85,0.86
1255,0.95,0.92,0.98,0.97,0.92,0.94,0.86,0.87
1256,0.95,0.92,0.97,0.97,0.92,0.94,0.87,0.87
1257,0.95,0.92,0.97,0.97,0.92,0.94,0.88,0.87
1258,0.96,0.92,0.97,0.97,0.92,0.94,0.88,0.87
1259,0.95,0.92,0.98,0.97,0.92,0.94,0.88,0.87
1260,0.96,0.93,0.97,0.97,0.93,0.94,0.88,0.87
1261,0.96,0.93,0.98,0.97,0.92,0.94,0.88,0.87
1262,0.95,0.92,0.98,0.97,0.92,0.94,0.89,0.88
1263,0.96,0.93,0.98,0.97,0.93,0.94,0.89,0.88
1264,0.96,0.93,0.97,0.97,0.93,0.94,0.9,0.88
1265,0.95,0.93,0.98,0.97,0.93,0.95,0.9,0.88
1266,0.95,0.93,0.98,0.97,0.93,0.95,0.9,0.89
1267,0.95,0.93,0.98,0.97,0.94,0.95,0.91,0.89
1268,0.95,0.93,0.98,0.97,0.94,0.95,0.91,0.89
1269,0.96,0.94,0.98,0.97,0.94,0.95,0.92,0.9
1270,0.95,0.94,0.97,0.97,0.95,0.96,0.92,0.89
1271,0.96,0.94,0.98,0.97,0.94,0.96,0.93,0.9
1272,0.96,0.94,0.98,0.97,0.94,0.96,0.92,0.9
1273,0.95,0.94,0.98,0.97,0.95,0.96,0.92,0.9
1274,0.95,0.95,0.97,0.97,0.95,0.96,0.92,0.9
1275,0.95,0.94,0.97,0.98,0.95,0.96,0.93,0.9
1276,0.96,0.95,0.98,0.97,0.95,0.97,0.93,0.91
1277,0.96,0.95,0.98,0.98,0.96,0.96,0.93,0.92
1278,0.95,0.95,0.98,0.98,0.96,0.96,0.93,0.91
1279,0.96,0.96,0.98,0.98,0.96,0.97,0.93,0.91
1280,0.95,0.95,0.98,0.98,0.96,0.96,0.92,0.92
1281,0.95,0.96,0.97,0.97,0.96,0.97,0.92,0.91
1282,0.95,0.96,0.98,0.98,0.96,0.97,0.92,0.92
1283,0.94,0.96,0.98,0.98,0.95,0.96,0.93,0.92
1284,0.95,0.96,0.97,0.98,0.96,0.97,0.93,0.91
1285,0.95,0.96,0.98,0.98,0.96,0.97,0.93,0.92
1286,0.95,0.96,0.98,0.98,0.96,0.97,0.93,0.92
1287,0.95,0.96,0.98,0.98,0.96,0.97,0.93,0.92
1288,0.95,0.96,0.98,0.98,0.96,0.98,0.93,0.92
1289,0.94,0.96,0.98,0.98,0.96,0.97,0.93,0.92
1290,0.95,0.95,0.98,0.98,0.96,0.98,0.92,0.92
1291,0.98,0.96,0.98,0.98,0.96,0.98,0.92,0.92
1292,0.96,0.96,0.98,0.98,0.96,0.98,0.92,0.91
1293,0.95,0.98,0.99,0.98,0.96,0.97,0.92,0.92
1294,0.97,0.96,0.98,0.98,0.96,0.98,0.92,0.92
1295,0.95,0.97,0.99,0.98,0.96,0.98,0.92,0.92
1296,0.95,0.97,0.99,0.98,0.96,0.98,0.92,0.92
1297,0.96,0.96,0.99,0.98,0.96,0.98,0.91,0.92
1298,0.97,0.97,0.99,0.98,0.95,0.98,0.92,0.92
1299,0.97,0.97,0.99,0.98,0.95,0.98,0.91,0.91
1300,0.97,0.97,0.99,0.98,0.95,0.97,0.91,0.92
1301,0.97,0.96,0.99,0.98,0.95,0.97,0.91,0.91
1302,0.97,0.97,0.99,0.98,0.95,0.98,0.91,0.91
1303,0.98,0.96,0.99,0.98,0.96,0.98,0.91,0.91
1304,0.97,0.96,1.0,0.99,0.95,0.98,0.91,0.91
1305,0.97,0.96,1.0,0.98,0.95,0.97,0.91,0.91
1306,0.97,0.97,0.99,0.98,0.96,0.98,0.91,0.9
1307,0.97,0.96,0.99,0.98,0.95,0.97,0.92,0.9
1308,0.97,0.95,0.98,0.98,0.96,0.98,0.91,0.91
1309,0.98,0.96,0.99,0.98,0.95,0.98,0.92,0.9
1310,0.98,0.95,0.99,0.98,0.95,0.98,0.92,0.9
1311,0.98,0.95,0.99,0.98,0.95,0.98,0.92,0.9
1312,0.98,0.97,0.99,0.98,0.95,0.98,0.92,0.9
1313,0.97,0.97,0.98,0.98,0.96,0.98,0.91,0.9
1314,1.0,0.96,0.99,0.98,0.95,0.98,0.92,0.9
1315,0.98,0.96,0.99,0.99,0.96,0.98,0.92,0.91
1316,0.98,0.96,0.99,0.99,0.95,0.98,0.92,0.92
1317,0.98,0.96,0.99,0.99,0.96,0.98,0.92,0.92
1318,0.97,0.96,0.99,0.99,0.96,0.98,0.92,0.92
1319,0.98,0.96,0.99,0.99,0.96,0.98,0.92,0.92
1320,1.0,0.97,0.99,0.99,0.96,0.98,0.92,0.92
1321,0.97,0.98,0.98,0.99,0.96,0.98,0.91,0.92
1322,0.97,0.98,0.98,0.99,0.96,0.98,0.91,0.91
1323,0.98,0.99,0.98,0.99,0.96,0.99,0.91,0.91
1324,0.98,0.98,0.98,0.99,0.96,0.98,0.92,0.91
1325,0.97,0.98,0.99,0.99,0.96,0.98,0.91,0.91
1326,0.97,0.98,0.97,0.99,0.96,0.98,0.91,0.91
1327,0.97,0.98,0.98,0.99,0.95,0.98,0.91,0.92
1328,0.97,0.98,0.98,0.99,0.95,0.98,0.91,0.92
1329,0.97,0.98,0.97,0.99,0.96,0.98,0.91,0.92
1330,0.97,0.98,0.97,0.99,0.95,0.98,0.91,0.92
1331,0.97,0.96,0.97,0.99,0.96,0.98,0.91,0.92
1332,0.97,0.96,0.96,0.99,0.96,0.98,0.9,0.92
1333,0.97,0.96,0.97,0.99,0.96,0.98,0.9,0.92
1334,0.98,0.96,0.97,0.99,0.95,0.98,0.9,0.92
1335,0.96,0.96,0.97,0.99,0.95,0.98,0.9,0.92
1336,0.96,0.96,0.96,0.99,0.96,0.98,0.89,0.91
1337,0.99,0.96,0.96,0.99,0.95,0.98,0.89,0.91
1338,0.97,0.96,0.96,0.99,0.95,0.98,0.89,0.91
1339,0.98,0.95,0.96,0.99,0.95,0.97,0.89,0.91
1340,0.96,0.95,0.95,0.99,0.95,0.98,0.88,0.9
1341,0.96,0.95,0.96,0.99,0.94,0.97,0.88,0.9
1342,0.95,0.94,0.96,0.98,0.94,0.97,0.88,0.9
1343,0.95,0.94,0.95,0.98,0.94,0.98,0.88,0.89
1344,0.95,0.94,0.96,0.98,0.94,0.97,0.88,0.9
1345,0.95,0.93,0.96,0.98,0.94,0.97,0.88,0.89
1346,0.95,0.93,0.96,0.98,0.93,0.97,0.88,0.88
1347,0.94,0.93,0.97,0.98,0.93,0.97,0.87,0.88
1348,0.95,0.92,0.96,0.98,0.94,0.97,0.86,0.88
1349,0.94,0.92,0.96,0.98,0.94,0.97,0.86,0.88
1350,0.96,0.92,0.97,0.99,0.93,0.96,0.86,0.88
1351,0.94,0.93,0.96,0.98,0.94,0.96,0.86,0.87
1352,0.94,0.93,0.97,0.98,0.93,0.96,0.87,0.87
1353,0.96,0.93,0.97,0.98,0.93,0.96,0.86,0.87
1354,0.94,0.93,0.97,0.98,0.93,0.96,0.87,0.88
1355,0.94,0.92,0.97,0.99,0.92,0.96,0.87,0.87
1356,0.96,0.92,0.97,0.99,0.92,0.96,0.86,0.88
1357,0.94,0.92,0.97,0.98,0.92,0.96,0.86,0.87
1358,0.96,0.93,0.96,0.98,0.93,0.96,0.86,0.87
1359,0.96,0.92,0.97,0.99,0.92,0.96,0.86,0.87
1360,0.96,0.92,0.97,0.99,0.92,0.96,0.86,0.88
1361,0.94,0.92,0.96,0.98,0.93,0.96,0.86,0.87
1362,0.94,0.94,0.97,0.98,0.92,0.96,0.86,0.87
1363,0.94,0.94,0.97,0.99,0.92,0.96,0.86,0.86
1364,0.94,0.94,0.97,0.99,0.92,0.96,0.86,0.87
1365,0.94,0.94,0.97,0.99,0.92,0.96,0.86,0.86
1366,0.93,0.94,0.97,0.99,0.93,0.96,0.85,0.86
1367,0.94,0.94,0.96,0.98,0.93,0.96,0.85,0.86
1368,0.92,0.94,0.96,0.98,0.93,0.96,0.86,0.86
1369,0.91,0.94,0.96,0.98,0.92,0.95,0.86,0.87
1370,0.91,0.93,0.97,0.98,0.92,0.95,0.86,0.86
1371,0.92,0.91,0.97,0.98,0.92,0.95,0.86,0.87
1372,0.89,0.91,0.95,0.98,0.92,0.96,0.87,0.87
1373,0.88,0.91,0.94,0.98,0.93,0.96,0.87,0.86
1374,0.89,0.9,0.95,0.98,0.92,0.96,0.88,0.87
1375,0.88,0.89,0.95,0.98,0.93,0.96,0.88,0.87
1376,0.87,0.88,0.94,0.98,0.93,0.96,0.88,0.87
1377,0.87,0.88,0.93,0.98,0.93,0.96,0.87,0.87
1378,0.88,0.87,0.94,0.98,0.93,0.96,0.87,0.88
1379,0.86,0.87,0.93,0.98,0.93,0.96,0.87,0.88
1380,0.86,0.87,0.93,0.98,0.93,0.96,0.87,0.88
1381,0.86,0.87,0.93,0.97,0.93,0.95,0.87,0.87
1382,0.85,0.85,0.93,0.97,0.93,0.95,0.87,0.87
1383,0.85,0.85,0.92,0.97,0.92,0.95,0.86,0.87
1384,0.86,0.85,0.93,0.97,0.92,0.95,0.86,0.86
1385,0.86,0.86,0.92,0.97,0.92,0.95,0.85,0.85
1386,0.85,0.86,0.91,0.96,0.92,0.95,0.85,0.85
1387,0.84,0.85,0.92,0.97,0.91,0.94,0.85,0.86
1388,0.83,0.86,0.93,0.97,0.91,0.94,0.85,0.86
1389,0.83,0.85,0.92,0.97,0.91,0.94,0.84,0.85
1390,0.83,0.84,0.93,0.97,0.91,0.94,0.84,0.85
1391,0.83,0.84,0.92,0.97,0.91,0.94,0.84,0.85
1392,0.83,0.86,0.92,0.97,0.91,0.94,0.84,0.84
1393,0.83,0.84,0.92,0.97,0.91,0.93,0.84,0.84
1394,0.83,0.84,0.92,0.97,0.9,0.93,0.84,0.84
1395,0.82,0.83,0.92,0.97,0.9,0.93,0.83,0.84
1396,0.82,0.84,0.92,0.97,0.9,0.93,0.83,0.84
1397,0.83,0.82,0.91,0.97,0.9,0.93,0.82,0.84
1398,0.81,0.83,0.92,0.97,0.9,0.93,0.82,0.84
1399,0.81,0.82,0.92,0.96,0.9,0.93,0.83,0.83
1400,0.81,0.82,0.9,0.96,0.9,0.93,0.82,0.82
1401,0.81,0.82,0.91,0.96,0.9,0.93,0.82,0.83
1402,0.8,0.82,0.91,0.96,0.89,0.92,0.81,0.82
1403,0.83,0.82,0.9,0.95,0.89,0.92,0.81,0.82
1404,0.79,0.84,0.91,0.96,0.89,0.92,0.81,0.82
1405,0.79,0.83,0.91,0.95,0.89,0.92,0.81,0.81
1406,0.79,0.84,0.91,0.96,0.89,0.92,0.81,0.81
1407,0.79,0.85,0.91,0.95,0.89,0.92,0.81,0.81
1408,0.77,0.84,0.92,0.96,0.89,0.92,0.8,0.82
1409,0.78,0.84,0.91,0.95,0.89,0.92,0.8,0.81
1410,0.77,0.84,0.91,0.95,0.88,0.92,0.81,0.81
1411,0.76,0.84,0.91,0.95,0.88,0.92,0.81,0.81
1412,0.76,0.84,0.9,0.95,0.88,0.92,0.81,0.81
1413,0.76,0.84,0.91,0.95,0.88,0.91,0.8,0.81
1414,0.75,0.83,0.91,0.95,0.88,0.91,0.8,0.81
1415,0.74,0.84,0.9,0.95,0.88,0.92,0.8,0.81
1416,0.72,0.83,0.9,0.95,0.88,0.91,0.81,0.8
1417,0.73,0.84,0.9,0.95,0.88,0.91,0.8,0.81
1418,0.73,0.83,0.89,0.95,0.88,0.91,0.8,0.81
1419,0.72,0.83,0.9,0.95,0.87,0.91,0.81,0.81
1420,0.72,0.83,0.89,0.94,0.88,0.91,0.8,0.81
1421,0.72,0.84,0.9,0.94,0.87,0.91,0.81,0.81
1422,0.71,0.85,0.89,0.94,0.87,0.91,0.8,0.81
1423,0.7,0.83,0.89,0.94,0.88,0.91,0.8,0.81
1424,0.71,0.84,0.89,0.94,0.87,0.91,0.8,0.81
1425,0.71,0.84,0.89,0.94,0.87,0.9,0.8,0.81
1426,0.68,0.83,0.89,0.95,0.87,0.9,0.8,0.81
1427,0.69,0.84,0.89,0.94,0.87,0.91,0.8,0.8
1428,0.68,0.84,0.89,0.94,0.87,0.91,0.8,0.81
1429,0.68,0.83,0.88,0.94,0.87,0.91,0.8,0.81
1430,0.69,0.83,0.88,0.95,0.87,0.91,0.79,0.81
1431,0.68,0.83,0.89,0.95,0.87,0.9,0.79,0.81
1432,0.66,0.83,0.88,0.94,0.87,0.9,0.79,0.81
1433,0.66,0.83,0.88,0.94,0.87,0.9,0.79,0.81
1434,0.65,0.83,0.88,0.94,0.86,0.9,0.79,0.8
1435,0.65,0.83,0.88,0.94,0.86,0.9,0.79,0.8
1436,0.64,0.82,0.88,0.94,0.86,0.9,0.79,0.8
1437,0.64,0.82,0.87,0.94,0.86,0.9,0.78,0.8
1438,0.65,0.82,0.87,0.94,0.86,0.9,0.78,0.8
1439,0.64,0.82,0.87,0.94,0.86,0.9,0.78,0.8
1440,0.63,0.8,0.87,0.94,0.86,0.9,0.78,0.8
1441,0.63,0.79,0.86,0.94,0.86,0.89,0.78,0.8
1442,0.63,0.8,0.84,0.93,0.86,0.9,0.77,0.79
1443,0.61,0.78,0.85,0.93,0.86,0.89,0.77,0.79
1444,0.62,0.79,0.85,0.93,0.86,0.89,0.77,0.79
1445,0.61,0.77,0.85,0.93,0.86,0.89,0.77,0.78
1446,0.61,0.78,0.84,0.92,0.85,0.89,0.76,0.78
1447,0.61,0.77,0.84,0.93,0.84,0.89,0.76,0.78
1448,0.62,0.77,0.84,0.93,0.85,0.89,0.76,0.78
1449,0.61,0.76,0.83,0.92,0.84,0.88,0.76,0.78
1450,0.61,0.76,0.82,0.92,0.84,0.88,0.76,0.78
1451,0.59,0.76,0.82,0.92,0.85,0.88,0.76,0.78
1452,0.59,0.76,0.82,0.92,0.84,0.88,0.76,0.78
1453,0.61,0.76,0.82,0.91,0.84,0.88,0.76,0.77
1454,0.57,0.76,0.81,0.92,0.84,0.87,0.77,0.78
1455,0.6,0.76,0.8,0.91,0.84,0.87,0.76,0.77
1456,0.57,0.75,0.8,0.91,0.83,0.87,0.76,0.77
1457,0.58,0.74,0.79,0.9,0.83,0.87,0.76,0.77
1458,0.56,0.75,0.78,0.9,0.83,0.87,0.76,0.77
1459,0.55,0.73,0.78,0.9,0.83,0.87,0.76,0.77
1460,0.55,0.74,0.77,0.9,0.83,0.87,0.76,0.77
1461,0.53,0.72,0.77,0.9,0.83,0.87,0.76,0.77
1462,0.52,0.72,0.76,0.9,0.82,0.86,0.75,0.77
1463,0.54,0.71,0.76,0.89,0.82,0.86,0.74,0.76
1464,0.51,0.7,0.76,0.89,0.82,0.85,0.74,0.76
1465,0.5,0.7,0.75,0.89,0.81,0.85,0.74,0.75
1466,0.5,0.69,0.74,0.89,0.81,0.85,0.73,0.75
1467,0.52,0.69,0.74,0.88,0.81,0.85,0.73,0.75
1468,0.5,0.67,0.74,0.89,0.81,0.85,0.72,0.74
1469,0.51,0.66,0.72,0.87,0.81,0.84,0.71,0.74
1470,0.49,0.66,0.72,0.88,0.8,0.84,0.71,0.74
1471,0.49,0.65,0.72,0.88,0.8,0.83,0.7,0.73
1472,0.5,0.66,0.71,0.86,0.8,0.83,0.7,0.72
1473,0.49,0.64,0.71,0.87,0.79,0.83,0.69,0.72
1474,0.48,0.64,0.7,0.86,0.79,0.83,0.69,0.71
1475,0.47,0.63,0.69,0.86,0.78,0.82,0.68,0.71
1476,0.49,0.64,0.68,0.86,0.78,0.82,0.68,0.71
1477,0.46,0.61,0.68,0.84,0.78,0.81,0.67,0.7
1478,0.46,0.61,0.67,0.84,0.78,0.82,0.67,0.69
1479,0.48,0.6,0.67,0.84,0.77,0.81,0.66,0.69
1480,0.46,0.6,0.67,0.84,0.77,0.8,0.66,0.69
1481,0.45,0.57,0.66,0.84,0.75,0.79,0.64,0.67
1482,0.45,0.57,0.65,0.83,0.75,0.79,0.64,0.67
1483,0.44,0.58,0.65,0.82,0.75,0.79,0.63,0.66
1484,0.44,0.56,0.63,0.82,0.74,0.78,0.63,0.66
1485,0.45,0.56,0.63,0.81,0.74,0.78,0.62,0.66
1486,0.44,0.55,0.62,0.8,0.73,0.78,0.62,0.66
1487,0.42,0.55,0.62,0.8,0.73,0.78,0.61,0.65
1488,0.43,0.53,0.61,0.81,0.72,0.77,0.6,0.64
1489,0.42,0.54,0.61,0.8,0.72,0.77,0.6,0.64
1490,0.43,0.54,0.6,0.79,0.72,0.76,0.6,0.63
1491,0.42,0.52,0.59,0.78,0.72,0.76,0.59,0.62
1492,0.42,0.51,0.6,0.79,0.71,0.75,0.59,0.63
1493,0.41,0.5,0.59,0.78,0.71,0.75,0.57,0.61
1494,0.41,0.51,0.58,0.78,0.7,0.74,0.57,0.61
1495,0.42,0.51,0.58,0.77,0.7,0.74,0.57,0.62
1496,0.4,0.48,0.57,0.77,0.69,0.74,0.56,0.6
1497,0.4,0.49,0.56,0.76,0.69,0.74,0.56,0.6
1498,0.4,0.48,0.56,0.76,0.68,0.74,0.55,0.6
1499,0.4,0.46,0.55,0.76,0.68,0.73,0.54,0.59
