0,0.0,0.02,0.0,0.01,0.0,0.0,0.01,0.0
1,0.0,0.02,0.0,0.0,0.01,0.0,0.01,0.0
2,0.0,0.02,0.0,0.0,0.0,0.0,0.01,0.0
3,0.0,0.02,0.01,0.01,0.01,0.0,0.0,0.0
4,0.0,0.02,0.0,0.01,0.0,0.0,0.01,0.0
5,0.01,0.02,0.0,0.01,0.0,0.0,0.01,0.0
6,0.0,0.02,0.0,0.01,0.0,0.01,0.01,0.0
7,0.0,0.0,0.01,0.01,0.0,0.01,0.01,0.0
8,0.0,0.02,0.01,0.01,0.0,0.0,0.01,0.0
9,0.0,0.02,0.01,0.01,0.01,0.01,0.01,0.0
10,0.01,0.02,0.01,0.01,0.01,0.01,0.01,0.01
11,0.0,0.02,0.0,0.01,0.01,0.0,0.01,0.01
12,0.0,0.02,0.0,0.01,0.0,0.0,0.01,0.0
13,0.0,0.04,0.0,0.02,0.01,0.01,0.01,0.0
14,0.01,0.02,0.01,0.02,0.01,0.0,0.01,0.0
15,0.02,0.02,0.01,0.02,0.01,0.01,0.01,0.01
16,0.0,0.02,0.01,0.01,0.01,0.01,0.01,0.0
17,0.0,0.04,0.01,0.02,0.01,0.01,0.01,0.0
18,0.0,0.02,0.01,0.02,0.01,0.01,0.01,0.01
19,0.0,0.02,0.01,0.02,0.01,0.01,0.01,0.01
20,0.03,0.02,0.01,0.02,0.01,0.01,0.01,0.01
21,0.0,0.02,0.01,0.02,0.01,0.01,0.01,0.01
22,0.01,0.02,0.01,0.02,0.01,0.01,0.01,0.01
23,0.02,0.02,0.01,0.03,0.01,0.01,0.01,0.01
24,0.01,0.02,0.01,0.02,0.01,0.01,0.01,0.01
25,0.02,0.02,0.01,0.02,0.01,0.01,0.01,0.01
26,0.02,0.02,0.01,0.02,0.01,0.01,0.01,0.01
27,0.02,0.02,0.01,0.02,0.01,0.01,0.02,0.01
28,0.03,0.02,0.01,0.02,0.01,0.01,0.01,0.01
29,0.01,0.02,0.01,0.03,0.01,0.01,0.01,0.01
30,0.02,0.02,0.01,0.03,0.01,0.01,0.01,0.01
31,0.03,0.02,0.01,0.03,0.01,0.01,0.01,0.01
32,0.04,0.02,0.01,0.03,0.01,0.01,0.02,0.01
33,0.01,0.04,0.01,0.03,0.01,0.01,0.02,0.01
34,0.01,0.02,0.01,0.03,0.01,0.01,0.02,0.01
35,0.03,0.02,0.01,0.03,0.01,0.01,0.02,0.01
36,0.01,0.04,0.02,0.03,0.01,0.01,0.02,0.01
37,0.01,0.02,0.01,0.03,0.01,0.01,0.02,0.01
38,0.01,0.04,0.01,0.03,0.01,0.01,0.02,0.01
39,0.02,0.02,0.01,0.03,0.01,0.01,0.02,0.01
40,0.02,0.02,0.01,0.03,0.01,0.01,0.02,0.01
41,0.02,0.02,0.02,0.03,0.01,0.02,0.02,0.01
42,0.04,0.02,0.01,0.03,0.01,0.01,0.02,0.02
43,0.02,0.02,0.02,0.04,0.02,0.01,0.02,0.01
44,0.02,0.02,0.02,0.04,0.01,0.02,0.02,0.02
45,0.02,0.02,0.02,0.04,0.02,0.02,0.02,0.02
46,0.04,0.04,0.02,0.04,0.02,0.02,0.02,0.02
47,0.02,0.02,0.02,0.04,0.01,0.02,0.02,0.02
48,0.02,0.04,0.02,0.05,0.01,0.02,0.03,0.02
49,0.02,0.04,0.03,0.05,0.01,0.02,0.02,0.02
50,0.03,0.04,0.02,0.05,0.02,0.02,0.03,0.02
51,0.02,0.02,0.02,0.05,0.02,0.02,0.03,0.02
52,0.02,0.04,0.03,0.05,0.02,0.02,0.03,0.02
53,0.02,0.04,0.03,0.06,0.02,0.02,0.03,0.02
54,0.02,0.02,0.03,0.05,0.02,0.02,0.03,0.02
55,0.03,0.02,0.03,0.06,0.02,0.02,0.03,0.02
56,0.03,0.02,0.03,0.06,0.02,0.02,0.03,0.02
57,0.02,0.02,0.03,0.06,0.02,0.02,0.03,0.02
58,0.03,0.04,0.03,0.06,0.02,0.02,0.03,0.03
59,0.02,0.02,0.03,0.07,0.02,0.02,0.03,0.03
60,0.03,0.02,0.03,0.07,0.02,0.02,0.03,0.02
61,0.03,0.04,0.03,0.07,0.02,0.02,0.03,0.02
62,0.03,0.04,0.03,0.07,0.02,0.02,0.03,0.03
63,0.03,0.04,0.03,0.07,0.02,0.02,0.04,0.03
64,0.03,0.04,0.03,0.08,0.02,0.02,0.03,0.03
65,0.03,0.04,0.03,0.08,0.02,0.02,0.03,0.03
66,0.03,0.04,0.03,0.08,0.02,0.02,0.04,0.03
67,0.04,0.04,0.03,0.08,0.02,0.02,0.04,0.03
68,0.04,0.04,0.03,0.08,0.03,0.02,0.04,0.04
69,0.05,0.06,0.03,0.08,0.02,0.03,0.04,0.03
70,0.03,0.04,0.04,0.08,0.03,0.02,0.04,0.04
71,0.06,0.04,0.03,0.08,0.02,0.03,0.04,0.03
72,0.03,0.04,0.03,0.08,0.03,0.02,0.04,0.04
73,0.04,0.06,0.04,0.08,0.03,0.03,0.04,0.04
74,0.05,0.04,0.04,0.09,0.03,0.03,0.04,0.04
75,0.04,0.04,0.04,0.09,0.03,0.03,0.04,0.04
76,0.04,0.04,0.03,0.09,0.04,0.03,0.04,0.04
77,0.04,0.04,0.04,0.1,0.04,0.03,0.04,0.04
78,0.04,0.04,0.03,0.09,0.03,0.03,0.04,0.04
79,0.04,0.04,0.04,0.1,0.04,0.03,0.04,0.04
80,0.04,0.04,0.04,0.1,0.04,0.03,0.04,0.04
81,0.04,0.04,0.04,0.1,0.04,0.03,0.04,0.04
82,0.04,0.06,0.04,0.11,0.04,0.03,0.04,0.04
83,0.06,0.04,0.04,0.1,0.04,0.03,0.04,0.04
84,0.04,0.04,0.04,0.11,0.04,0.03,0.04,0.04
85,0.06,0.06,0.04,0.11,0.04,0.03,0.04,0.04
86,0.04,0.04,0.04,0.12,0.04,0.03,0.04,0.04
87,0.04,0.04,0.04,0.12,0.04,0.04,0.04,0.04
88,0.06,0.04,0.04,0.12,0.04,0.04,0.04,0.04
89,0.04,0.04,0.04,0.12,0.04,0.03,0.04,0.04
90,0.06,0.06,0.04,0.13,0.04,0.04,0.05,0.04
91,0.06,0.06,0.04,0.13,0.04,0.04,0.04,0.05
92,0.04,0.04,0.04,0.13,0.04,0.04,0.05,0.04
93,0.05,0.04,0.04,0.13,0.04,0.04,0.04,0.05
94,0.04,0.04,0.04,0.13,0.04,0.04,0.05,0.05
95,0.04,0.04,0.04,0.14,0.04,0.04,0.04,0.04
96,0.04,0.04,0.04,0.13,0.04,0.04,0.05,0.05
97,0.04,0.06,0.04,0.14,0.04,0.04,0.04,0.04
98,0.04,0.04,0.04,0.14,0.05,0.04,0.05,0.05
99,0.04,0.04,0.05,0.15,0.05,0.04,0.05,0.06
100,0.04,0.04,0.04,0.15,0.04,0.04,0.05,0.05
101,0.04,0.04,0.05,0.15,0.05,0.04,0.05,0.06
102,0.04,0.04,0.04,0.15,0.05,0.04,0.05,0.06
103,0.04,0.04,0.04,0.15,0.05,0.04,0.05,0.05
104,0.05,0.04,0.04,0.15,0.05,0.04,0.05,0.05
105,0.04,0.06,0.04,0.15,0.05,0.04,0.05,0.06
106,0.04,0.04,0.04,0.16,0.05,0.04,0.05,0.06
107,0.04,0.04,0.04,0.16,0.05,0.04,0.05,0.05
108,0.04,0.06,0.04,0.16,0.05,0.04,0.05,0.06
109,0.04,0.04,0.04,0.16,0.05,0.04,0.05,0.06
110,0.04,0.06,0.04,0.16,0.05,0.04,0.05,0.06
111,0.04,0.04,0.04,0.16,0.06,0.04,0.05,0.06
112,0.04,0.04,0.04,0.16,0.05,0.05,0.05,0.06
113,0.04,0.04,0.04,0.17,0.05,0.04,0.05,0.06
114,0.06,0.06,0.05,0.17,0.05,0.05,0.05,0.05
115,0.04,0.04,0.04,0.17,0.05,0.04,0.05,0.06
116,0.04,0.04,0.04,0.17,0.05,0.05,0.05,0.06
117,0.05,0.06,0.04,0.17,0.05,0.05,0.05,0.05
118,0.05,0.04,0.04,0.17,0.05,0.05,0.05,0.05
119,0.03,0.06,0.04,0.18,0.06,0.05,0.05,0.06
120,0.03,0.04,0.04,0.18,0.06,0.05,0.05,0.06
121,0.04,0.04,0.04,0.18,0.05,0.05,0.05,0.06
122,0.04,0.04,0.04,0.18,0.05,0.05,0.06,0.06
123,0.04,0.06,0.04,0.18,0.05,0.05,0.05,0.06
124,0.06,0.06,0.04,0.18,0.05,0.05,0.05,0.06
125,0.03,0.06,0.04,0.19,0.05,0.05,0.06,0.06
126,0.04,0.04,0.04,0.19,0.06,0.05,0.06,0.06
127,0.03,0.06,0.04,0.19,0.06,0.05,0.05,0.06
128,0.04,0.04,0.04,0.19,0.06,0.05,0.05,0.06
129,0.04,0.06,0.04,0.19,0.06,0.05,0.06,0.06
130,0.04,0.04,0.04,0.19,0.05,0.05,0.05,0.06
131,0.03,0.04,0.04,0.19,0.06,0.05,0.06,0.06
132,0.03,0.04,0.04,0.19,0.05,0.05,0.05,0.06
133,0.05,0.06,0.04,0.19,0.06,0.05,0.06,0.06
134,0.04,0.04,0.04,0.19,0.06,0.05,0.05,0.06
135,0.03,0.04,0.04,0.2,0.06,0.05,0.05,0.06
136,0.04,0.04,0.04,0.19,0.06,0.05,0.06,0.06
137,0.03,0.04,0.04,0.2,0.06,0.05,0.06,0.06
138,0.03,0.04,0.04,0.2,0.06,0.05,0.06,0.06
139,0.03,0.04,0.04,0.2,0.05,0.05,0.06,0.06
140,0.04,0.04,0.04,0.2,0.06,0.05,0.06,0.06
141,0.06,0.04,0.04,0.2,0.06,0.05,0.06,0.06
142,0.03,0.06,0.04,0.2,0.06,0.05,0.05,0.06
143,0.03,0.04,0.04,0.2,0.06,0.05,0.06,0.06
144,0.03,0.04,0.04,0.2,0.06,0.05,0.05,0.06
145,0.05,0.04,0.04,0.2,0.06,0.05,0.06,0.06
146,0.04,0.04,0.04,0.21,0.06,0.05,0.06,0.06
147,0.04,0.04,0.04,0.21,0.06,0.05,0.05,0.06
148,0.06,0.06,0.04,0.21,0.06,0.05,0.06,0.06
149,0.03,0.06,0.04,0.21,0.06,0.05,0.06,0.06
150,0.04,0.04,0.04,0.21,0.05,0.05,0.05,0.06
151,0.04,0.06,0.04,0.21,0.06,0.05,0.06,0.06
152,0.05,0.04,0.04,0.21,0.05,0.05,0.06,0.06
153,0.04,0.06,0.04,0.21,0.06,0.05,0.05,0.06
154,0.04,0.04,0.04,0.21,0.06,0.05,0.05,0.06
155,0.04,0.06,0.04,0.21,0.06,0.05,0.06,0.06
156,0.04,0.04,0.04,0.22,0.06,0.05,0.06,0.06
157,0.04,0.04,0.04,0.22,0.06,0.05,0.05,0.06
158,0.03,0.06,0.04,0.22,0.06,0.05,0.06,0.06
159,0.03,0.06,0.04,0.22,0.06,0.05,0.05,0.06
160,0.03,0.06,0.04,0.22,0.06,0.05,0.06,0.06
161,0.03,0.06,0.04,0.22,0.06,0.05,0.06,0.06
162,0.03,0.06,0.04,0.23,0.06,0.05,0.05,0.06
163,0.03,0.04,0.04,0.23,0.06,0.05,0.06,0.06
164,0.04,0.04,0.04,0.23,0.06,0.05,0.06,0.06
165,0.04,0.04,0.04,0.23,0.06,0.05,0.06,0.06
166,0.04,0.04,0.04,0.22,0.06,0.05,0.05,0.06
167,0.03,0.04,0.04,0.23,0.06,0.05,0.05,0.06
168,0.04,0.04,0.04,0.23,0.06,0.05,0.06,0.06
169,0.03,0.06,0.04,0.24,0.06,0.05,0.06,0.06
170,0.03,0.04,0.04,0.23,0.06,0.05,0.05,0.06
171,0.06,0.06,0.04,0.24,0.06,0.05,0.06,0.06
172,0.03,0.04,0.04,0.23,0.06,0.05,0.06,0.06
173,0.04,0.04,0.04,0.24,0.06,0.05,0.06,0.06
174,0.04,0.06,0.04,0.24,0.06,0.05,0.06,0.06
175,0.03,0.06,0.04,0.24,0.06,0.05,0.06,0.06
176,0.03,0.04,0.04,0.24,0.06,0.05,0.06,0.06
177,0.03,0.06,0.04,0.24,0.06,0.05,0.06,0.06
178,0.04,0.04,0.04,0.24,0.06,0.05,0.06,0.06
179,0.03,0.06,0.04,0.24,0.06,0.05,0.06,0.06
180,0.04,0.04,0.04,0.24,0.06,0.06,0.06,0.06
181,0.04,0.04,0.04,0.25,0.06,0.05,0.06,0.06
182,0.05,0.06,0.04,0.24,0.06,0.05,0.06,0.06
183,0.03,0.06,0.04,0.24,0.06,0.05,0.05,0.06
184,0.04,0.06,0.04,0.25,0.06,0.05,0.06,0.06
185,0.03,0.04,0.04,0.25,0.06,0.05,0.06,0.06
186,0.04,0.06,0.04,0.25,0.06,0.05,0.06,0.06
187,0.03,0.06,0.04,0.25,0.06,0.05,0.06,0.06
188,0.04,0.06,0.04,0.25,0.06,0.05,0.05,0.06
189,0.03,0.06,0.04,0.25,0.06,0.05,0.06,0.06
190,0.03,0.06,0.04,0.25,0.06,0.06,0.06,0.06
191,0.03,0.06,0.04,0.25,0.06,0.05,0.06,0.06
192,0.05,0.06,0.04,0.25,0.06,0.06,0.06,0.06
193,0.04,0.06,0.04,0.25,0.06,0.06,0.05,0.06
194,0.03,0.04,0.04,0.25,0.06,0.05,0.06,0.06
195,0.03,0.04,0.04,0.25,0.06,0.06,0.06,0.06
196,0.03,0.04,0.04,0.25,0.06,0.05,0.06,0.06
197,0.03,0.06,0.04,0.25,0.06,0.06,0.06,0.06
198,0.03,0.06,0.04,0.25,0.06,0.05,0.06,0.06
199,0.04,0.06,0.04,0.25,0.06,0.05,0.05,0.06
200,0.03,0.06,0.04,0.25,0.06,0.06,0.06,0.06
201,0.03,0.04,0.04,0.25,0.06,0.05,0.06,0.06
202,0.03,0.06,0.04,0.25,0.06,0.05,0.06,0.06
203,0.05,0.06,0.04,0.25,0.06,0.05,0.06,0.06
204,0.04,0.06,0.04,0.25,0.06,0.06,0.06,0.06
205,0.06,0.06,0.04,0.25,0.06,0.06,0.05,0.06
206,0.04,0.06,0.04,0.25,0.06,0.06,0.06,0.06
207,0.04,0.04,0.04,0.25,0.06,0.05,0.06,0.06
208,0.05,0.06,0.04,0.25,0.06,0.06,0.06,0.06
209,0.04,0.04,0.04,0.25,0.06,0.06,0.06,0.06
210,0.03,0.06,0.04,0.25,0.06,0.06,0.05,0.06
211,0.03,0.04,0.04,0.26,0.06,0.06,0.06,0.06
212,0.04,0.04,0.04,0.25,0.06,0.05,0.06,0.06
213,0.05,0.06,0.04,0.26,0.06,0.05,0.06,0.06
214,0.04,0.06,0.04,0.25,0.06,0.05,0.05,0.06
215,0.03,0.06,0.04,0.25,0.06,0.05,0.06,0.06
216,0.04,0.06,0.04,0.25,0.06,0.06,0.06,0.06
217,0.03,0.06,0.04,0.25,0.06,0.06,0.05,0.06
218,0.04,0.06,0.04,0.25,0.06,0.05,0.05,0.06
219,0.03,0.06,0.04,0.26,0.06,0.06,0.05,0.06
220,0.03,0.06,0.04,0.25,0.06,0.06,0.05,0.06
221,0.03,0.06,0.04,0.26,0.06,0.05,0.05,0.06
222,0.03,0.06,0.04,0.26,0.06,0.05,0.05,0.06
223,0.04,0.06,0.04,0.26,0.06,0.05,0.06,0.06
224,0.03,0.06,0.04,0.26,0.06,0.05,0.05,0.06
225,0.03,0.06,0.04,0.26,0.06,0.05,0.05,0.06
226,0.04,0.06,0.04,0.26,0.06,0.05,0.05,0.06
227,0.04,0.04,0.04,0.26,0.06,0.05,0.05,0.06
228,0.06,0.06,0.04,0.26,0.06,0.05,0.05,0.06
229,0.04,0.06,0.04,0.26,0.06,0.05,0.05,0.06
230,0.05,0.06,0.04,0.26,0.06,0.06,0.05,0.06
231,0.03,0.06,0.03,0.26,0.06,0.05,0.05,0.06
232,0.04,0.06,0.04,0.26,0.06,0.05,0.05,0.06
233,0.03,0.06,0.04,0.26,0.06,0.05,0.05,0.06
234,0.04,0.04,0.04,0.27,0.06,0.05,0.05,0.06
235,0.03,0.04,0.04,0.26,0.06,0.05,0.05,0.06
236,0.04,0.04,0.04,0.26,0.06,0.05,0.05,0.06
237,0.04,0.06,0.03,0.26,0.06,0.05,0.06,0.06
238,0.03,0.04,0.04,0.26,0.06,0.05,0.05,0.06
239,0.03,0.06,0.04,0.26,0.06,0.05,0.05,0.06
240,0.03,0.06,0.03,0.26,0.06,0.05,0.05,0.06
241,0.03,0.06,0.04,0.26,0.06,0.05,0.05,0.06
242,0.04,0.06,0.04,0.26,0.06,0.05,0.05,0.06
243,0.03,0.06,0.04,0.26,0.06,0.05,0.05,0.06
244,0.04,0.06,0.04,0.26,0.05,0.05,0.05,0.06
245,0.04,0.06,0.04,0.26,0.05,0.05,0.05,0.06
246,0.03,0.06,0.03,0.26,0.06,0.05,0.05,0.06
247,0.03,0.06,0.04,0.26,0.06,0.05,0.05,0.05
248,0.04,0.06,0.04,0.26,0.06,0.05,0.05,0.06
249,0.03,0.04,0.04,0.26,0.06,0.05,0.05,0.06
250,0.06,0.08,0.04,0.26,0.06,0.05,0.04,0.06
251,0.03,0.04,0.04,0.27,0.06,0.05,0.05,0.06
252,0.03,0.04,0.03,0.27,0.05,0.05,0.05,0.05
253,0.03,0.04,0.03,0.26,0.05,0.05,0.05,0.06
254,0.03,0.06,0.03,0.26,0.06,0.05,0.05,0.06
255,0.03,0.06,0.04,0.26,0.06,0.05,0.04,0.06
256,0.03,0.06,0.03,0.26,0.05,0.05,0.04,0.06
257,0.03,0.04,0.03,0.26,0.06,0.05,0.04,0.05
258,0.05,0.04,0.03,0.27,0.06,0.05,0.04,0.05
259,0.03,0.04,0.03,0.27,0.05,0.05,0.05,0.05
260,0.03,0.04,0.03,0.26,0.05,0.05,0.05,0.05
261,0.05,0.04,0.03,0.26,0.06,0.05,0.04,0.05
262,0.03,0.06,0.03,0.26,0.06,0.05,0.05,0.05
263,0.03,0.06,0.03,0.26,0.06,0.05,0.05,0.05
264,0.03,0.06,0.04,0.26,0.06,0.05,0.04,0.06
265,0.03,0.06,0.03,0.26,0.06,0.05,0.04,0.05
266,0.03,0.06,0.03,0.26,0.06,0.05,0.05,0.05
267,0.03,0.06,0.03,0.27,0.06,0.05,0.04,0.05
268,0.03,0.04,0.03,0.26,0.06,0.05,0.04,0.05
269,0.03,0.06,0.03,0.26,0.06,0.05,0.05,0.05
270,0.03,0.06,0.03,0.26,0.05,0.05,0.05,0.05
271,0.03,0.04,0.04,0.26,0.05,0.05,0.04,0.05
272,0.03,0.06,0.03,0.26,0.05,0.05,0.04,0.05
273,0.03,0.06,0.03,0.26,0.05,0.05,0.05,0.05
274,0.03,0.06,0.04,0.26,0.05,0.05,0.05,0.05
275,0.03,0.04,0.03,0.25,0.05,0.05,0.04,0.05
276,0.03,0.04,0.03,0.26,0.05,0.05,0.04,0.04
277,0.03,0.06,0.03,0.26,0.05,0.05,0.04,0.05
278,0.03,0.06,0.03,0.26,0.05,0.05,0.04,0.05
279,0.03,0.04,0.03,0.26,0.06,0.05,0.04,0.05
280,0.03,0.04,0.03,0.26,0.06,0.05,0.04,0.05
281,0.03,0.04,0.03,0.26,0.06,0.04,0.04,0.05
282,0.04,0.04,0.03,0.26,0.05,0.05,0.04,0.05
283,0.05,0.06,0.03,0.26,0.05,0.05,0.04,0.05
284,0.03,0.06,0.03,0.26,0.06,0.04,0.04,0.05
285,0.03,0.04,0.03,0.26,0.05,0.05,0.05,0.05
286,0.03,0.04,0.03,0.26,0.05,0.05,0.05,0.05
287,0.04,0.06,0.04,0.26,0.05,0.05,0.04,0.05
288,0.03,0.06,0.03,0.26,0.06,0.04,0.04,0.04
289,0.03,0.06,0.04,0.26,0.06,0.05,0.04,0.05
290,0.05,0.06,0.03,0.26,0.06,0.05,0.04,0.04
291,0.04,0.04,0.03,0.26,0.06,0.05,0.04,0.05
292,0.03,0.06,0.03,0.26,0.05,0.05,0.04,0.04
293,0.03,0.04,0.03,0.26,0.05,0.04,0.04,0.05
294,0.02,0.04,0.03,0.26,0.05,0.05,0.04,0.05
295,0.03,0.04,0.03,0.26,0.05,0.05,0.04,0.05
296,0.03,0.04,0.04,0.26,0.06,0.05,0.04,0.04
297,0.03,0.06,0.03,0.26,0.06,0.05,0.04,0.05
298,0.02,0.06,0.03,0.26,0.05,0.05,0.04,0.04
299,0.03,0.04,0.03,0.27,0.05,0.05,0.04,0.05
300,0.03,0.06,0.03,0.26,0.05,0.05,0.04,0.04
301,0.03,0.06,0.03,0.27,0.05,0.05,0.04,0.05
302,0.03,0.06,0.03,0.26,0.05,0.05,0.04,0.04
303,0.04,0.04,0.04,0.27,0.05,0.05,0.04,0.05
304,0.04,0.06,0.03,0.27,0.05,0.05,0.04,0.05
305,0.03,0.06,0.03,0.26,0.05,0.05,0.04,0.05
306,0.03,0.06,0.03,0.26,0.05,0.05,0.04,0.04
307,0.03,0.06,0.03,0.27,0.05,0.05,0.04,0.05
308,0.04,0.06,0.03,0.27,0.05,0.05,0.04,0.05
309,0.03,0.04,0.03,0.27,0.05,0.04,0.04,0.05
310,0.05,0.06,0.04,0.27,0.05,0.05,0.04,0.04
311,0.03,0.06,0.03,0.27,0.05,0.05,0.04,0.05
312,0.03,0.04,0.03,0.27,0.05,0.04,0.04,0.05
313,0.02,0.04,0.03,0.27,0.05,0.05,0.04,0.05
314,0.03,0.06,0.03,0.27,0.05,0.04,0.04,0.05
315,0.04,0.06,0.04,0.27,0.04,0.05,0.04,0.05
316,0.02,0.06,0.03,0.27,0.05,0.05,0.04,0.04
317,0.05,0.06,0.03,0.27,0.05,0.05,0.04,0.05
318,0.03,0.06,0.03,0.27,0.05,0.05,0.04,0.04
319,0.04,0.06,0.03,0.26,0.05,0.05,0.04,0.04
320,0.03,0.06,0.04,0.27,0.05,0.04,0.04,0.04
321,0.04,0.06,0.04,0.27,0.05,0.05,0.04,0.04
322,0.03,0.06,0.03,0.27,0.05,0.05,0.04,0.04
323,0.03,0.06,0.04,0.27,0.05,0.05,0.04,0.05
324,0.04,0.06,0.04,0.27,0.05,0.05,0.04,0.04
325,0.04,0.04,0.03,0.27,0.05,0.05,0.04,0.04
326,0.05,0.06,0.03,0.28,0.05,0.04,0.04,0.04
327,0.03,0.04,0.03,0.27,0.05,0.05,0.04,0.05
328,0.03,0.04,0.03,0.27,0.05,0.04,0.04,0.04
329,0.02,0.06,0.03,0.27,0.05,0.04,0.04,0.04
330,0.03,0.06,0.04,0.27,0.04,0.04,0.04,0.04
331,0.03,0.06,0.03,0.27,0.04,0.04,0.04,0.04
332,0.03,0.06,0.04,0.27,0.05,0.05,0.04,0.04
333,0.03,0.06,0.03,0.27,0.05,0.04,0.04,0.04
334,0.03,0.06,0.03,0.28,0.05,0.04,0.04,0.04
335,0.04,0.06,0.03,0.27,0.05,0.05,0.04,0.04
336,0.03,0.06,0.03,0.27,0.05,0.04,0.04,0.04
337,0.03,0.04,0.03,0.27,0.05,0.04,0.04,0.05
338,0.04,0.06,0.03,0.27,0.05,0.05,0.05,0.04
339,0.05,0.06,0.03,0.27,0.05,0.04,0.04,0.05
340,0.05,0.04,0.03,0.27,0.05,0.04,0.04,0.05
341,0.03,0.06,0.04,0.27,0.05,0.05,0.05,0.04
342,0.03,0.06,0.03,0.27,0.05,0.04,0.04,0.05
343,0.04,0.06,0.03,0.27,0.05,0.05,0.05,0.05
344,0.03,0.06,0.03,0.28,0.05,0.05,0.05,0.05
345,0.03,0.06,0.03,0.27,0.05,0.04,0.05,0.05
346,0.03,0.04,0.03,0.27,0.05,0.05,0.05,0.05
347,0.03,0.06,0.03,0.27,0.05,0.04,0.06,0.05
348,0.03,0.06,0.03,0.28,0.05,0.04,0.06,0.05
349,0.03,0.06,0.03,0.28,0.05,0.05,0.06,0.06
350,0.05,0.06,0.04,0.27,0.05,0.05,0.06,0.06
351,0.04,0.08,0.04,0.28,0.06,0.05,0.07,0.06
352,0.04,0.06,0.04,0.28,0.06,0.05,0.07,0.06
353,0.04,0.06,0.04,0.28,0.06,0.05,0.07,0.06
354,0.04,0.06,0.04,0.28,0.06,0.05,0.07,0.06
355,0.04,0.08,0.04,0.28,0.06,0.05,0.07,0.07
356,0.05,0.08,0.04,0.28,0.06,0.05,0.08,0.07
357,0.05,0.06,0.04,0.29,0.06,0.05,0.08,0.07
358,0.04,0.08,0.04,0.28,0.06,0.05,0.08,0.07
359,0.05,0.08,0.04,0.28,0.06,0.05,0.08,0.07
360,0.05,0.06,0.04,0.29,0.06,0.05,0.08,0.08
361,0.05,0.08,0.05,0.28,0.07,0.05,0.09,0.07
362,0.05,0.06,0.04,0.28,0.07,0.06,0.09,0.08
363,0.06,0.06,0.04,0.28,0.07,0.06,0.09,0.09
364,0.06,0.08,0.05,0.28,0.07,0.06,0.1,0.09
365,0.06,0.08,0.05,0.29,0.07,0.06,0.11,0.09
366,0.07,0.06,0.06,0.28,0.07,0.06,0.11,0.09
367,0.07,0.08,0.06,0.28,0.07,0.06,0.11,0.09
368,0.08,0.08,0.06,0.29,0.08,0.07,0.12,0.09
369,0.08,0.08,0.06,0.28,0.08,0.07,0.12,0.1
370,0.08,0.08,0.07,0.29,0.09,0.07,0.12,0.1
371,0.08,0.1,0.07,0.29,0.09,0.07,0.13,0.1
372,0.09,0.08,0.07,0.28,0.09,0.07,0.14,0.1
373,0.11,0.08,0.07,0.29,0.1,0.07,0.14,0.11
374,0.1,0.1,0.08,0.29,0.09,0.07,0.15,0.12
375,0.11,0.1,0.08,0.29,0.1,0.08,0.15,0.12
376,0.09,0.1,0.08,0.29,0.1,0.08,0.16,0.12
377,0.11,0.1,0.08,0.29,0.11,0.08,0.16,0.12
378,0.1,0.1,0.09,0.29,0.11,0.08,0.17,0.13
379,0.1,0.1,0.09,0.29,0.11,0.08,0.17,0.13
380,0.12,0.1,0.1,0.29,0.12,0.09,0.18,0.14
381,0.11,0.1,0.1,0.29,0.12,0.09,0.18,0.14
382,0.12,0.1,0.1,0.3,0.12,0.09,0.19,0.15
383,0.12,0.1,0.11,0.3,0.12,0.1,0.19,0.15
384,0.12,0.1,0.11,0.3,0.13,0.1,0.2,0.15
385,0.13,0.1,0.12,0.3,0.14,0.11,0.21,0.16
386,0.14,0.12,0.12,0.3,0.14,0.11,0.22,0.17
387,0.14,0.12,0.13,0.3,0.14,0.11,0.22,0.17
388,0.15,0.12,0.13,0.3,0.15,0.12,0.23,0.17
389,0.15,0.12,0.15,0.3,0.15,0.12,0.23,0.18
390,0.18,0.14,0.15,0.31,0.16,0.12,0.23,0.19
391,0.17,0.14,0.16,0.31,0.16,0.12,0.24,0.19
392,0.17,0.14,0.15,0.31,0.16,0.13,0.25,0.2
393,0.17,0.16,0.16,0.31,0.17,0.13,0.25,0.2
394,0.18,0.14,0.17,0.31,0.17,0.14,0.26,0.21
395,0.19,0.14,0.18,0.31,0.18,0.14,0.27,0.21
396,0.2,0.16,0.18,0.31,0.19,0.14,0.27,0.21
397,0.2,0.18,0.2,0.31,0.19,0.14,0.28,0.22
398,0.21,0.16,0.2,0.31,0.19,0.15,0.28,0.23
399,0.21,0.18,0.2,0.31,0.2,0.15,0.29,0.23
400,0.22,0.16,0.21,0.32,0.21,0.16,0.3,0.24
401,0.22,0.18,0.22,0.32,0.22,0.16,0.31,0.25
402,0.23,0.18,0.23,0.32,0.22,0.16,0.32,0.25
403,0.23,0.18,0.23,0.32,0.22,0.17,0.32,0.26
404,0.24,0.2,0.25,0.33,0.23,0.17,0.33,0.26
405,0.24,0.18,0.25,0.33,0.23,0.18,0.33,0.27
406,0.26,0.2,0.26,0.33,0.24,0.18,0.34,0.28
407,0.26,0.2,0.27,0.33,0.24,0.19,0.36,0.28
408,0.26,0.2,0.27,0.33,0.25,0.19,0.37,0.29
409,0.28,0.22,0.27,0.34,0.25,0.2,0.37,0.29
410,0.29,0.22,0.28,0.34,0.26,0.21,0.38,0.31
411,0.28,0.22,0.29,0.34,0.27,0.21,0.39,0.31
412,0.28,0.22,0.3,0.35,0.27,0.21,0.39,0.31
413,0.29,0.22,0.3,0.34,0.28,0.22,0.41,0.32
414,0.29,0.22,0.31,0.35,0.29,0.22,0.41,0.33
415,0.3,0.24,0.32,0.34,0.29,0.22,0.41,0.33
416,0.32,0.24,0.32,0.35,0.3,0.23,0.42,0.34
417,0.32,0.24,0.34,0.36,0.3,0.24,0.44,0.36
418,0.32,0.24,0.34,0.36,0.31,0.24,0.44,0.36
419,0.32,0.24,0.35,0.36,0.31,0.25,0.44,0.36
420,0.33,0.24,0.35,0.36,0.32,0.25,0.45,0.37
421,0.35,0.25,0.35,0.36,0.33,0.26,0.46,0.38
422,0.34,0.25,0.37,0.36,0.34,0.27,0.47,0.39
423,0.35,0.27,0.38,0.37,0.34,0.27,0.48,0.4
424,0.35,0.25,0.39,0.36,0.35,0.28,0.48,0.41
425,0.37,0.27,0.41,0.38,0.37,0.3,0.51,0.43
426,0.39,0.29,0.42,0.39,0.39,0.31,0.52,0.45
427,0.41,0.29,0.42,0.39,0.39,0.32,0.53,0.45
428,0.4,0.29,0.43,0.39,0.4,0.33,0.53,0.46
429,0.4,0.29,0.44,0.39,0.4,0.33,0.54,0.47
430,0.41,0.31,0.44,0.4,0.41,0.34,0.55,0.47
431,0.42,0.31,0.44,0.4,0.41,0.34,0.55,0.47
432,0.44,0.31,0.46,0.41,0.42,0.35,0.56,0.48
433,0.43,0.31,0.46,0.41,0.42,0.35,0.56,0.49
434,0.46,0.33,0.47,0.41,0.43,0.36,0.57,0.5
435,0.44,0.33,0.48,0.42,0.43,0.37,0.58,0.51
436,0.47,0.33,0.49,0.42,0.45,0.38,0.58,0.52
437,0.45,0.35,0.49,0.42,0.45,0.38,0.58,0.52
438,0.46,0.35,0.49,0.42,0.45,0.39,0.59,0.53
439,0.46,0.35,0.5,0.42,0.47,0.39,0.6,0.54
440,0.47,0.35,0.51,0.42,0.47,0.4,0.61,0.55
441,0.47,0.37,0.51,0.42,0.47,0.41,0.61,0.55
442,0.48,0.37,0.53,0.43,0.49,0.42,0.62,0.56
443,0.48,0.37,0.53,0.44,0.5,0.42,0.62,0.57
444,0.49,0.39,0.53,0.44,0.5,0.43,0.63,0.57
445,0.48,0.39,0.54,0.44,0.5,0.43,0.63,0.58
446,0.5,0.39,0.54,0.45,0.51,0.43,0.63,0.58
447,0.49,0.39,0.54,0.44,0.51,0.44,0.63,0.58
448,0.5,0.39,0.55,0.45,0.52,0.45,0.64,0.59
449,0.49,0.39,0.55,0.45,0.52,0.45,0.64,0.6
450,0.51,0.41,0.56,0.46,0.53,0.46,0.65,0.6
451,0.51,0.41,0.57,0.46,0.54,0.46,0.66,0.6
452,0.53,0.41,0.57,0.46,0.55,0.47,0.66,0.6
453,0.51,0.41,0.58,0.46,0.55,0.47,0.66,0.61
454,0.52,0.41,0.58,0.47,0.55,0.48,0.66,0.61
455,0.52,0.41,0.58,0.47,0.56,0.48,0.67,0.62
456,0.52,0.41,0.59,0.47,0.57,0.49,0.67,0.62
457,0.53,0.41,0.59,0.47,0.57,0.49,0.67,0.63
458,0.53,0.41,0.61,0.47,0.58,0.51,0.68,0.63
459,0.54,0.43,0.61,0.48,0.58,0.51,0.68,0.63
460,0.55,0.43,0.61,0.48,0.59,0.51,0.68,0.64
461,0.54,0.43,0.61,0.48,0.59,0.52,0.68,0.64
462,0.57,0.47,0.65,0.5,0.61,0.54,0.69,0.65
463,0.58,0.45,0.65,0.5,0.61,0.54,0.69,0.66
464,0.58,0.47,0.65,0.5,0.62,0.54,0.69,0.66
465,0.59,0.47,0.66,0.51,0.62,0.55,0.69,0.66
466,0.59,0.49,0.66,0.51,0.62,0.55,0.7,0.66
467,0.6,0.49,0.67,0.51,0.63,0.56,0.7,0.67
468,0.62,0.49,0.67,0.52,0.63,0.56,0.7,0.67
469,0.62,0.49,0.68,0.52,0.64,0.57,0.7,0.67
470,0.62,0.51,0.68,0.53,0.65,0.57,0.71,0.68
471,0.63,0.51,0.69,0.53,0.65,0.58,0.7,0.68
472,0.63,0.53,0.69,0.53,0.65,0.58,0.7,0.69
473,0.64,0.53,0.7,0.53,0.65,0.58,0.71,0.69
474,0.64,0.53,0.71,0.53,0.66,0.58,0.71,0.69
475,0.64,0.55,0.71,0.53,0.66,0.59,0.71,0.69
476,0.65,0.55,0.72,0.54,0.66,0.6,0.71,0.69
477,0.65,0.57,0.73,0.54,0.68,0.61,0.71,0.7
478,0.67,0.55,0.73,0.55,0.68,0.61,0.71,0.71
479,0.66,0.57,0.73,0.55,0.68,0.61,0.71,0.7
480,0.65,0.55,0.73,0.55,0.68,0.62,0.71,0.7
481,0.66,0.55,0.73,0.56,0.68,0.62,0.72,0.71
482,0.66,0.57,0.75,0.56,0.69,0.63,0.72,0.71
483,0.66,0.59,0.75,0.57,0.7,0.63,0.72,0.71
484,0.66,0.57,0.75,0.57,0.7,0.63,0.72,0.71
485,0.67,0.59,0.75,0.57,0.7,0.64,0.73,0.71
486,0.66,0.57,0.75,0.58,0.7,0.63,0.73,0.71
487,0.66,0.57,0.76,0.58,0.7,0.64,0.73,0.72
488,0.66,0.57,0.76,0.58,0.7,0.64,0.74,0.72
489,0.66,0.59,0.77,0.58,0.71,0.65,0.74,0.72
490,0.67,0.59,0.77,0.58,0.71,0.65,0.74,0.72
491,0.67,0.59,0.77,0.59,0.71,0.65,0.75,0.72
492,0.67,0.59,0.78,0.59,0.72,0.65,0.76,0.72
493,0.66,0.57,0.78,0.59,0.72,0.65,0.76,0.72
494,0.66,0.59,0.78,0.59,0.72,0.66,0.76,0.73
495,0.67,0.59,0.78,0.59,0.72,0.66,0.76,0.73
496,0.65,0.57,0.78,0.59,0.73,0.66,0.77,0.74
497,0.66,0.57,0.78,0.6,0.73,0.67,0.77,0.74
498,0.64,0.57,0.78,0.6,0.73,0.67,0.77,0.74
499,0.65,0.57,0.78,0.61,0.73,0.67,0.77,0.74
500,0.65,0.57,0.78,0.61,0.74,0.67,0.78,0.74
501,0.64,0.59,0.78,0.61,0.74,0.68,0.78,0.75
502,0.64,0.59,0.78,0.62,0.74,0.68,0.78,0.75
503,0.64,0.57,0.78,0.62,0.74,0.68,0.78,0.75
504,0.65,0.59,0.78,0.62,0.75,0.69,0.78,0.75
505,0.65,0.59,0.78,0.62,0.75,0.69,0.78,0.75
506,0.68,0.57,0.79,0.63,0.75,0.7,0.78,0.75
507,0.66,0.57,0.78,0.63,0.75,0.69,0.77,0.76
508,0.66,0.61,0.79,0.63,0.75,0.7,0.78,0.77
509,0.67,0.59,0.8,0.63,0.75,0.71,0.78,0.77
510,0.7,0.61,0.8,0.65,0.77,0.73,0.78,0.78
511,0.72,0.63,0.81,0.65,0.77,0.73,0.78,0.79
512,0.71,0.63,0.81,0.65,0.77,0.73,0.78,0.79
513,0.71,0.63,0.82,0.66,0.77,0.73,0.79,0.79
514,0.7,0.65,0.82,0.66,0.78,0.74,0.79,0.79
515,0.71,0.65,0.82,0.65,0.78,0.74,0.79,0.8
516,0.71,0.65,0.82,0.66,0.78,0.74,0.79,0.8
517,0.71,0.63,0.83,0.66,0.79,0.74,0.79,0.8
518,0.71,0.65,0.83,0.67,0.79,0.75,0.8,0.8
519,0.72,0.65,0.84,0.68,0.8,0.75,0.81,0.8
520,0.71,0.65,0.84,0.68,0.8,0.76,0.81,0.8
521,0.71,0.65,0.84,0.68,0.8,0.76,0.82,0.81
522,0.71,0.65,0.84,0.69,0.8,0.76,0.82,0.81
523,0.7,0.65,0.84,0.69,0.8,0.76,0.82,0.82
524,0.7,0.65,0.84,0.69,0.8,0.76,0.83,0.82
525,0.7,0.63,0.84,0.69,0.81,0.77,0.83,0.82
526,0.7,0.65,0.84,0.69,0.81,0.77,0.83,0.82
527,0.72,0.65,0.84,0.69,0.82,0.77,0.83,0.82
528,0.71,0.63,0.84,0.69,0.82,0.78,0.84,0.82
529,0.69,0.65,0.84,0.69,0.82,0.78,0.84,0.83
530,0.71,0.65,0.84,0.69,0.82,0.78,0.84,0.82
531,0.72,0.65,0.84,0.7,0.82,0.79,0.84,0.82
532,0.7,0.63,0.84,0.7,0.83,0.79,0.84,0.83
533,0.69,0.63,0.84,0.7,0.83,0.79,0.84,0.83
534,0.69,0.63,0.84,0.7,0.83,0.79,0.85,0.83
535,0.69,0.63,0.84,0.71,0.83,0.79,0.85,0.83
536,0.7,0.63,0.84,0.71,0.84,0.8,0.85,0.83
537,0.68,0.65,0.84,0.71,0.84,0.8,0.85,0.83
538,0.68,0.63,0.84,0.71,0.84,0.8,0.85,0.84
539,0.68,0.65,0.84,0.71,0.84,0.81,0.85,0.83
540,0.69,0.65,0.84,0.72,0.84,0.81,0.85,0.84
541,0.7,0.63,0.84,0.71,0.84,0.81,0.85,0.84
542,0.69,0.63,0.84,0.72,0.84,0.81,0.85,0.84
543,0.69,0.63,0.84,0.72,0.84,0.82,0.85,0.84
544,0.69,0.63,0.84,0.72,0.84,0.82,0.86,0.85
545,0.7,0.63,0.84,0.72,0.85,0.82,0.86,0.85
546,0.7,0.63,0.85,0.72,0.85,0.82,0.86,0.85
547,0.71,0.63,0.85,0.73,0.85,0.82,0.86,0.85
548,0.71,0.65,0.85,0.73,0.85,0.83,0.86,0.85
549,0.71,0.65,0.85,0.73,0.85,0.83,0.86,0.85
550,0.72,0.63,0.85,0.73,0.85,0.83,0.86,0.86
551,0.72,0.65,0.86,0.73,0.86,0.83,0.86,0.86
552,0.73,0.65,0.86,0.74,0.86,0.83,0.86,0.87
553,0.73,0.65,0.86,0.74,0.86,0.83,0.87,0.87
554,0.74,0.65,0.87,0.74,0.86,0.84,0.86,0.87
555,0.74,0.65,0.87,0.75,0.86,0.84,0.86,0.87
556,0.76,0.67,0.87,0.75,0.86,0.84,0.87,0.87
557,0.76,0.67,0.87,0.75,0.86,0.84,0.86,0.87
558,0.76,0.69,0.87,0.75,0.87,0.84,0.87,0.87
559,0.76,0.67,0.87,0.75,0.87,0.84,0.87,0.87
560,0.77,0.69,0.88,0.75,0.87,0.85,0.87,0.87
561,0.78,0.69,0.88,0.75,0.87,0.85,0.88,0.87
562,0.76,0.69,0.87,0.75,0.87,0.85,0.88,0.87
563,0.78,0.69,0.89,0.75,0.88,0.85,0.88,0.88
564,0.77,0.69,0.89,0.75,0.88,0.86,0.88,0.88
565,0.77,0.69,0.88,0.76,0.88,0.86,0.88,0.88
566,0.77,0.71,0.89,0.76,0.88,0.86,0.89,0.88
567,0.76,0.69,0.89,0.75,0.88,0.86,0.89,0.88
568,0.77,0.69,0.89,0.76,0.88,0.86,0.89,0.88
569,0.77,0.69,0.89,0.76,0.88,0.86,0.89,0.88
570,0.77,0.69,0.89,0.77,0.89,0.86,0.9,0.88
571,0.77,0.69,0.89,0.77,0.89,0.86,0.89,0.88
572,0.77,0.69,0.89,0.77,0.89,0.87,0.89,0.88
573,0.77,0.71,0.89,0.77,0.89,0.87,0.9,0.89
574,0.77,0.69,0.89,0.77,0.89,0.87,0.9,0.88
575,0.78,0.69,0.89,0.77,0.89,0.87,0.9,0.88
576,0.77,0.71,0.89,0.77,0.89,0.87,0.9,0.89
577,0.78,0.69,0.89,0.77,0.89,0.87,0.9,0.89
578,0.77,0.71,0.9,0.78,0.89,0.88,0.91,0.89
579,0.77,0.69,0.9,0.78,0.9,0.87,0.91,0.9
580,0.77,0.71,0.9,0.78,0.89,0.88,0.91,0.9
581,0.77,0.71,0.9,0.79,0.9,0.88,0.91,0.9
582,0.8,0.71,0.9,0.78,0.89,0.88,0.91,0.9
583,0.77,0.71,0.91,0.78,0.9,0.88,0.92,0.9
584,0.78,0.71,0.91,0.79,0.9,0.88,0.92,0.9
585,0.77,0.71,0.91,0.79,0.9,0.88,0.92,0.91
586,0.77,0.71,0.91,0.8,0.91,0.89,0.92,0.91
587,0.79,0.71,0.91,0.8,0.91,0.89,0.92,0.91
588,0.78,0.71,0.91,0.79,0.91,0.89,0.93,0.91
589,0.77,0.71,0.92,0.81,0.91,0.89,0.93,0.92
590,0.77,0.71,0.91,0.8,0.91,0.89,0.93,0.92
591,0.78,0.73,0.92,0.8,0.91,0.9,0.94,0.93
592,0.78,0.71,0.92,0.8,0.91,0.9,0.94,0.93
593,0.78,0.71,0.92,0.81,0.92,0.91,0.94,0.93
594,0.79,0.71,0.92,0.81,0.92,0.91,0.94,0.93
595,0.79,0.73,0.92,0.81,0.92,0.91,0.94,0.93
596,0.78,0.73,0.92,0.81,0.92,0.91,0.95,0.94
597,0.78,0.71,0.93,0.81,0.93,0.91,0.95,0.94
598,0.79,0.73,0.93,0.81,0.93,0.92,0.95,0.94
599,0.8,0.73,0.93,0.81,0.93,0.92,0.95,0.94
600,0.78,0.73,0.93,0.81,0.93,0.92,0.96,0.94
601,0.78,0.71,0.94,0.81,0.93,0.92,0.95,0.94
602,0.78,0.73,0.94,0.82,0.93,0.92,0.95,0.94
603,0.77,0.71,0.94,0.81,0.93,0.92,0.96,0.94
604,0.78,0.73,0.94,0.81,0.93,0.92,0.96,0.94
605,0.78,0.71,0.93,0.82,0.94,0.92,0.96,0.94
606,0.76,0.71,0.93,0.82,0.94,0.92,0.96,0.94
607,0.77,0.71,0.93,0.82,0.93,0.92,0.96,0.94
608,0.76,0.71,0.93,0.82,0.93,0.93,0.96,0.94
609,0.76,0.71,0.92,0.82,0.93,0.93,0.96,0.94
610,0.74,0.71,0.92,0.83,0.93,0.93,0.96,0.94
611,0.74,0.71,0.92,0.83,0.94,0.93,0.96,0.94
612,0.74,0.71,0.92,0.83,0.93,0.93,0.96,0.94
613,0.74,0.71,0.92,0.83,0.93,0.93,0.96,0.94
614,0.73,0.69,0.92,0.83,0.93,0.93,0.95,0.94
615,0.76,0.69,0.92,0.84,0.93,0.93,0.95,0.94
616,0.72,0.69,0.91,0.84,0.93,0.94,0.94,0.94
617,0.73,0.69,0.91,0.83,0.94,0.94,0.94,0.94
618,0.73,0.69,0.91,0.84,0.93,0.94,0.94,0.94
619,0.73,0.71,0.91,0.84,0.93,0.94,0.93,0.94
620,0.72,0.71,0.91,0.84,0.94,0.94,0.93,0.94
621,0.73,0.69,0.9,0.84,0.93,0.94,0.93,0.94
622,0.73,0.69,0.9,0.84,0.93,0.93,0.92,0.94
623,0.76,0.69,0.91,0.84,0.93,0.94,0.92,0.93
624,0.72,0.67,0.91,0.85,0.93,0.94,0.92,0.93
625,0.72,0.69,0.91,0.84,0.93,0.93,0.91,0.93
626,0.72,0.69,0.9,0.84,0.93,0.94,0.91,0.93
627,0.73,0.67,0.9,0.84,0.93,0.94,0.91,0.93
628,0.73,0.69,0.91,0.85,0.93,0.94,0.91,0.93
629,0.72,0.67,0.91,0.85,0.93,0.94,0.9,0.93
630,0.73,0.69,0.9,0.85,0.93,0.93,0.89,0.92
631,0.73,0.67,0.91,0.85,0.93,0.93,0.89,0.92
632,0.73,0.69,0.91,0.85,0.93,0.93,0.89,0.91
633,0.73,0.69,0.9,0.85,0.92,0.93,0.88,0.91
634,0.74,0.67,0.9,0.85,0.92,0.93,0.88,0.91
635,0.74,0.69,0.9,0.86,0.92,0.93,0.88,0.91
636,0.76,0.69,0.91,0.85,0.92,0.93,0.88,0.91
637,0.76,0.69,0.9,0.86,0.92,0.93,0.87,0.91
638,0.77,0.69,0.91,0.85,0.92,0.93,0.87,0.9
639,0.77,0.71,0.91,0.86,0.91,0.93,0.88,0.91
640,0.77,0.71,0.91,0.86,0.91,0.93,0.88,0.91
641,0.77,0.71,0.91,0.86,0.92,0.93,0.88,0.91
642,0.77,0.71,0.91,0.86,0.92,0.93,0.88,0.9
643,0.78,0.71,0.91,0.86,0.91,0.93,0.88,0.9
644,0.79,0.71,0.91,0.86,0.91,0.93,0.88,0.9
645,0.8,0.71,0.92,0.86,0.91,0.93,0.88,0.91
646,0.79,0.71,0.92,0.86,0.91,0.93,0.88,0.91
647,0.78,0.73,0.92,0.86,0.92,0.93,0.89,0.91
648,0.79,0.71,0.92,0.86,0.92,0.93,0.89,0.91
649,0.81,0.71,0.92,0.86,0.92,0.93,0.89,0.91
650,0.79,0.73,0.92,0.86,0.92,0.93,0.89,0.91
651,0.79,0.73,0.92,0.86,0.92,0.93,0.89,0.91
652,0.79,0.73,0.92,0.86,0.92,0.93,0.89,0.91
653,0.8,0.73,0.94,0.86,0.92,0.93,0.9,0.91
654,0.8,0.73,0.93,0.86,0.92,0.93,0.9,0.91
655,0.8,0.73,0.93,0.86,0.92,0.93,0.91,0.91
656,0.8,0.73,0.94,0.86,0.92,0.93,0.91,0.91
657,0.81,0.73,0.93,0.86,0.93,0.93,0.91,0.91
658,0.8,0.73,0.93,0.86,0.92,0.93,0.91,0.91
659,0.8,0.73,0.94,0.86,0.92,0.93,0.91,0.92
660,0.8,0.73,0.94,0.86,0.93,0.93,0.91,0.92
661,0.8,0.75,0.94,0.86,0.93,0.93,0.92,0.92
662,0.8,0.73,0.94,0.87,0.93,0.93,0.92,0.93
663,0.81,0.73,0.94,0.87,0.93,0.93,0.92,0.93
664,0.8,0.73,0.94,0.87,0.93,0.94,0.92,0.93
665,0.81,0.73,0.94,0.87,0.93,0.94,0.93,0.93
666,0.81,0.75,0.94,0.87,0.93,0.94,0.93,0.93
667,0.82,0.75,0.94,0.87,0.93,0.94,0.93,0.93
668,0.82,0.75,0.94,0.87,0.93,0.94,0.93,0.94
669,0.82,0.75,0.94,0.87,0.93,0.94,0.92,0.94
670,0.82,0.75,0.94,0.88,0.94,0.94,0.92,0.94
671,0.82,0.75,0.93,0.88,0.93,0.94,0.92,0.94
672,0.82,0.75,0.93,0.88,0.94,0.94,0.92,0.94
673,0.82,0.75,0.93,0.88,0.94,0.94,0.92,0.94
674,0.84,0.75,0.93,0.88,0.94,0.94,0.92,0.94
675,0.82,0.75,0.92,0.87,0.94,0.94,0.92,0.94
676,0.83,0.76,0.92,0.88,0.94,0.94,0.91,0.94
677,0.85,0.75,0.92,0.88,0.94,0.94,0.91,0.94
678,0.83,0.76,0.92,0.88,0.93,0.94,0.91,0.93
679,0.84,0.76,0.92,0.88,0.93,0.95,0.9,0.94
680,0.84,0.76,0.92,0.88,0.94,0.95,0.9,0.93
681,0.84,0.76,0.92,0.88,0.93,0.95,0.9,0.93
682,0.84,0.78,0.92,0.88,0.94,0.94,0.9,0.93
683,0.84,0.76,0.92,0.88,0.94,0.95,0.89,0.94
684,0.84,0.76,0.92,0.88,0.94,0.95,0.89,0.93
685,0.86,0.76,0.93,0.88,0.94,0.95,0.89,0.93
686,0.84,0.78,0.92,0.88,0.94,0.94,0.89,0.93
687,0.84,0.76,0.93,0.88,0.94,0.95,0.89,0.93
688,0.84,0.76,0.92,0.88,0.94,0.95,0.89,0.93
689,0.84,0.78,0.93,0.88,0.94,0.94,0.89,0.93
690,0.83,0.76,0.93,0.88,0.94,0.94,0.89,0.93
691,0.82,0.78,0.93,0.88,0.94,0.95,0.89,0.93
692,0.82,0.78,0.93,0.88,0.94,0.95,0.89,0.93
693,0.82,0.76,0.92,0.88,0.94,0.95,0.89,0.93
694,0.82,0.76,0.93,0.88,0.94,0.95,0.89,0.93
695,0.81,0.76,0.92,0.88,0.94,0.95,0.89,0.93
696,0.81,0.76,0.92,0.88,0.94,0.95,0.89,0.93
697,0.8,0.78,0.92,0.89,0.94,0.95,0.89,0.93
698,0.8,0.76,0.92,0.89,0.94,0.95,0.89,0.93
699,0.81,0.75,0.92,0.89,0.94,0.95,0.9,0.92
700,0.79,0.75,0.92,0.89,0.94,0.95,0.89,0.93
701,0.79,0.76,0.92,0.89,0.94,0.95,0.89,0.93
702,0.79,0.76,0.92,0.89,0.94,0.95,0.9,0.93
703,0.78,0.75,0.92,0.89,0.94,0.95,0.9,0.92
704,0.78,0.75,0.92,0.88,0.94,0.95,0.89,0.92
705,0.78,0.75,0.92,0.89,0.94,0.95,0.89,0.91
706,0.76,0.75,0.92,0.89,0.94,0.95,0.9,0.92
707,0.76,0.73,0.92,0.89,0.94,0.95,0.9,0.92
708,0.78,0.75,0.91,0.89,0.94,0.95,0.89,0.91
709,0.76,0.73,0.91,0.89,0.94,0.95,0.89,0.91
710,0.76,0.73,0.91,0.89,0.94,0.95,0.89,0.91
711,0.73,0.73,0.91,0.89,0.94,0.95,0.89,0.91
712,0.74,0.73,0.91,0.89,0.94,0.95,0.89,0.91
713,0.74,0.73,0.91,0.89,0.94,0.95,0.89,0.91
714,0.74,0.71,0.91,0.89,0.94,0.95,0.89,0.91
715,0.73,0.71,0.91,0.89,0.94,0.95,0.89,0.91
716,0.76,0.71,0.91,0.89,0.94,0.94,0.89,0.9
717,0.73,0.71,0.91,0.9,0.93,0.95,0.88,0.9
718,0.73,0.71,0.91,0.89,0.93,0.95,0.89,0.9
719,0.74,0.71,0.92,0.9,0.93,0.94,0.88,0.9
720,0.74,0.71,0.91,0.9,0.94,0.94,0.88,0.9
721,0.77,0.71,0.91,0.89,0.93,0.94,0.88,0.9
722,0.74,0.71,0.92,0.89,0.93,0.94,0.88,0.9
723,0.76,0.71,0.92,0.9,0.93,0.94,0.88,0.9
724,0.77,0.71,0.92,0.9,0.93,0.94,0.89,0.9
725,0.77,0.73,0.93,0.9,0.93,0.94,0.89,0.9
726,0.79,0.73,0.92,0.9,0.93,0.94,0.89,0.9
727,0.79,0.73,0.92,0.9,0.93,0.94,0.89,0.9
728,0.79,0.73,0.94,0.9,0.93,0.94,0.9,0.9
729,0.79,0.73,0.94,0.9,0.93,0.95,0.9,0.91
730,0.79,0.73,0.94,0.9,0.93,0.95,0.9,0.91
731,0.8,0.73,0.94,0.91,0.93,0.95,0.91,0.91
732,0.81,0.75,0.96,0.91,0.93,0.95,0.92,0.92
733,0.82,0.75,0.95,0.91,0.93,0.95,0.92,0.92
734,0.82,0.75,0.96,0.91,0.94,0.95,0.92,0.93
735,0.82,0.76,0.96,0.91,0.94,0.95,0.92,0.93
736,0.83,0.76,0.96,0.91,0.94,0.95,0.93,0.93
737,0.82,0.75,0.96,0.92,0.94,0.95,0.93,0.93
738,0.83,0.76,0.97,0.92,0.94,0.95,0.93,0.94
739,0.84,0.76,0.97,0.92,0.94,0.95,0.93,0.94
740,0.84,0.78,0.97,0.92,0.94,0.95,0.93,0.93
741,0.84,0.76,0.97,0.92,0.94,0.96,0.94,0.94
742,0.85,0.78,0.97,0.92,0.94,0.96,0.94,0.95
743,0.86,0.78,0.97,0.92,0.94,0.96,0.95,0.95
744,0.85,0.8,0.97,0.92,0.94,0.96,0.94,0.95
745,0.85,0.78,0.97,0.92,0.95,0.96,0.96,0.96
746,0.85,0.78,0.97,0.92,0.94,0.96,0.96,0.96
747,0.84,0.8,0.98,0.92,0.96,0.96,0.96,0.96
748,0.85,0.8,0.97,0.92,0.95,0.96,0.97,0.96
749,0.85,0.78,0.98,0.92,0.96,0.97,0.97,0.97
750,0.84,0.78,0.98,0.92,0.96,0.97,0.97,0.98
751,0.86,0.78,0.97,0.93,0.96,0.97,0.97,0.98
752,0.84,0.78,0.97,0.92,0.96,0.97,0.97,0.98
753,0.83,0.8,0.97,0.92,0.96,0.97,0.98,0.98
754,0.83,0.78,0.97,0.92,0.96,0.98,0.98,0.99
755,0.83,0.78,0.97,0.92,0.97,0.98,0.99,0.99
756,0.82,0.78,0.97,0.92,0.97,0.98,0.98,0.99
757,0.82,0.78,0.97,0.93,0.97,0.98,0.99,0.99
758,0.81,0.8,0.97,0.93,0.98,0.98,0.99,0.99
759,0.83,0.78,0.97,0.93,0.97,0.98,0.99,0.99
760,0.81,0.78,0.97,0.93,0.98,0.98,0.99,1.0
761,0.81,0.78,0.97,0.93,0.98,0.99,0.99,0.99
762,0.8,0.78,0.97,0.93,0.97,0.98,1.0,0.99
763,0.8,0.78,0.96,0.93,0.98,0.99,0.99,1.0
764,0.79,0.76,0.96,0.93,0.98,0.98,0.99,1.0
765,0.79,0.78,0.96,0.93,0.98,0.99,1.0,0.99
766,0.8,0.78,0.96,0.93,0.98,0.99,1.0,1.0
767,0.8,0.76,0.96,0.93,0.98,0.99,1.0,1.0
768,0.78,0.76,0.96,0.93,0.98,0.99,1.0,1.0
769,0.79,0.78,0.96,0.93,0.98,0.99,0.99,0.99
770,0.8,0.76,0.96,0.94,0.98,0.99,1.0,0.99
771,0.78,0.75,0.96,0.93,0.98,0.99,0.99,0.99
772,0.79,0.76,0.96,0.93,0.98,0.99,0.99,0.99
773,0.77,0.76,0.95,0.94,0.98,0.99,0.99,0.99
774,0.77,0.76,0.95,0.94,0.98,0.99,0.99,0.99
775,0.76,0.75,0.95,0.93,0.98,0.99,0.99,0.99
776,0.76,0.75,0.96,0.93,0.98,0.99,0.99,0.99
777,0.77,0.75,0.94,0.93,0.98,0.99,0.99,0.99
778,0.76,0.75,0.94,0.94,0.98,0.99,0.99,0.98
779,0.74,0.75,0.94,0.94,0.98,0.99,0.99,0.98
780,0.74,0.73,0.94,0.93,0.98,0.99,0.98,0.98
781,0.74,0.75,0.93,0.93,0.98,1.0,0.97,0.98
782,0.76,0.75,0.94,0.94,0.98,1.0,0.98,0.98
783,0.76,0.75,0.93,0.93,0.98,0.99,0.97,0.98
784,0.76,0.73,0.93,0.94,0.98,0.99,0.97,0.98
785,0.77,0.75,0.93,0.94,0.98,0.99,0.97,0.98
786,0.76,0.73,0.92,0.93,0.97,0.99,0.97,0.97
787,0.77,0.73,0.92,0.93,0.97,0.99,0.96,0.97
788,0.76,0.73,0.92,0.94,0.97,0.99,0.96,0.97
789,0.76,0.73,0.93,0.94,0.98,0.99,0.95,0.96
790,0.77,0.75,0.92,0.94,0.97,0.99,0.95,0.96
791,0.77,0.75,0.93,0.94,0.97,0.99,0.95,0.96
792,0.77,0.75,0.92,0.94,0.97,0.99,0.95,0.96
793,0.78,0.75,0.92,0.94,0.97,0.99,0.94,0.96
794,0.78,0.75,0.92,0.94,0.96,0.99,0.94,0.96
795,0.8,0.75,0.93,0.94,0.96,0.99,0.94,0.96
796,0.77,0.76,0.93,0.94,0.96,0.99,0.94,0.95
797,0.77,0.75,0.93,0.94,0.96,0.99,0.94,0.95
798,0.77,0.75,0.92,0.94,0.96,0.99,0.93,0.94
799,0.79,0.75,0.93,0.94,0.96,0.99,0.93,0.95
800,0.77,0.75,0.93,0.94,0.96,0.98,0.93,0.94
801,0.79,0.75,0.92,0.94,0.96,0.98,0.93,0.94
802,0.77,0.75,0.92,0.94,0.96,0.99,0.93,0.94
803,0.77,0.75,0.92,0.94,0.95,0.98,0.93,0.94
804,0.77,0.73,0.92,0.94,0.95,0.98,0.93,0.94
805,0.77,0.75,0.93,0.94,0.95,0.98,0.93,0.94
806,0.76,0.75,0.93,0.94,0.95,0.98,0.93,0.94
807,0.76,0.75,0.93,0.94,0.95,0.98,0.93,0.94
808,0.76,0.75,0.93,0.94,0.95,0.98,0.93,0.94
809,0.76,0.75,0.93,0.94,0.95,0.98,0.93,0.93
810,0.76,0.73,0.94,0.95,0.95,0.98,0.93,0.94
811,0.76,0.73,0.94,0.94,0.95,0.98,0.93,0.94
812,0.76,0.73,0.94,0.94,0.95,0.98,0.93,0.94
813,0.76,0.73,0.94,0.94,0.94,0.97,0.93,0.94
814,0.74,0.75,0.94,0.94,0.94,0.98,0.93,0.94
815,0.76,0.73,0.94,0.94,0.94,0.98,0.93,0.94
816,0.78,0.73,0.94,0.95,0.94,0.98,0.93,0.93
817,0.76,0.73,0.94,0.94,0.94,0.97,0.93,0.93
818,0.74,0.73,0.94,0.94,0.94,0.97,0.93,0.93
819,0.76,0.73,0.94,0.94,0.94,0.98,0.92,0.93
820,0.74,0.73,0.94,0.94,0.94,0.97,0.92,0.93
821,0.77,0.73,0.94,0.94,0.94,0.97,0.93,0.93
822,0.74,0.73,0.94,0.95,0.94,0.97,0.92,0.93
823,0.78,0.73,0.94,0.94,0.94,0.97,0.92,0.93
824,0.73,0.71,0.93,0.94,0.94,0.97,0.92,0.92
825,0.74,0.71,0.93,0.94,0.94,0.97,0.92,0.93
826,0.74,0.73,0.94,0.95,0.94,0.97,0.92,0.93
827,0.74,0.73,0.94,0.94,0.94,0.97,0.92,0.93
828,0.74,0.73,0.93,0.95,0.93,0.97,0.92,0.92
829,0.76,0.73,0.94,0.95,0.93,0.97,0.92,0.93
830,0.76,0.73,0.94,0.95,0.93,0.97,0.92,0.93
831,0.77,0.73,0.94,0.95,0.94,0.96,0.92,0.92
832,0.76,0.73,0.93,0.95,0.93,0.96,0.92,0.93
833,0.77,0.73,0.94,0.94,0.94,0.97,0.92,0.92
834,0.74,0.73,0.94,0.95,0.94,0.97,0.92,0.93
835,0.74,0.73,0.94,0.95,0.94,0.96,0.93,0.92
836,0.76,0.73,0.94,0.95,0.93,0.97,0.93,0.92
837,0.74,0.71,0.94,0.95,0.93,0.96,0.92,0.92
838,0.73,0.73,0.94,0.95,0.93,0.97,0.93,0.92
839,0.73,0.71,0.94,0.95,0.94,0.97,0.93,0.93
840,0.73,0.73,0.94,0.95,0.93,0.97,0.93,0.93
841,0.73,0.73,0.94,0.95,0.93,0.96,0.93,0.93
842,0.74,0.71,0.94,0.95,0.94,0.97,0.93,0.93
843,0.73,0.71,0.94,0.96,0.93,0.96,0.93,0.93
844,0.72,0.73,0.94,0.95,0.94,0.96,0.93,0.93
845,0.72,0.71,0.94,0.96,0.93,0.96,0.93,0.93
846,0.73,0.71,0.94,0.95,0.94,0.97,0.93,0.92
847,0.73,0.71,0.94,0.95,0.93,0.96,0.93,0.93
848,0.72,0.71,0.94,0.95,0.94,0.96,0.93,0.92
849,0.73,0.71,0.94,0.95,0.93,0.96,0.93,0.92
850,0.72,0.73,0.94,0.96,0.93,0.97,0.93,0.92
851,0.72,0.71,0.94,0.95,0.93,0.96,0.93,0.93
852,0.71,0.71,0.94,0.96,0.93,0.96,0.93,0.92
853,0.72,0.71,0.94,0.96,0.93,0.96,0.93,0.92
854,0.71,0.71,0.94,0.96,0.93,0.96,0.93,0.93
855,0.71,0.71,0.94,0.95,0.93,0.96,0.93,0.92
856,0.71,0.71,0.94,0.96,0.93,0.96,0.93,0.92
857,0.71,0.71,0.93,0.96,0.93,0.96,0.93,0.92
858,0.72,0.71,0.93,0.96,0.93,0.96,0.93,0.93
859,0.71,0.71,0.93,0.96,0.93,0.96,0.93,0.92
860,0.71,0.71,0.92,0.95,0.93,0.96,0.93,0.92
861,0.7,0.69,0.92,0.96,0.93,0.96,0.93,0.93
862,0.7,0.69,0.93,0.96,0.93,0.96,0.93,0.92
863,0.7,0.71,0.93,0.96,0.93,0.96,0.93,0.92
864,0.7,0.71,0.92,0.96,0.93,0.96,0.93,0.92
865,0.7,0.69,0.92,0.96,0.93,0.96,0.93,0.92
866,0.69,0.69,0.92,0.96,0.93,0.96,0.93,0.92
867,0.71,0.69,0.92,0.96,0.93,0.96,0.93,0.92
868,0.7,0.69,0.92,0.96,0.93,0.96,0.93,0.91
869,0.73,0.69,0.92,0.95,0.93,0.96,0.93,0.91
870,0.7,0.69,0.92,0.96,0.93,0.96,0.93,0.92
871,0.72,0.69,0.92,0.96,0.93,0.96,0.93,0.91
872,0.71,0.69,0.92,0.96,0.93,0.96,0.92,0.92
873,0.71,0.71,0.92,0.96,0.93,0.96,0.92,0.92
874,0.76,0.69,0.93,0.96,0.93,0.96,0.92,0.92
875,0.73,0.69,0.93,0.96,0.93,0.96,0.92,0.92
876,0.74,0.69,0.94,0.96,0.93,0.96,0.92,0.92
877,0.74,0.69,0.94,0.96,0.93,0.96,0.92,0.91
878,0.74,0.71,0.94,0.96,0.93,0.96,0.92,0.92
879,0.77,0.71,0.94,0.97,0.93,0.96,0.92,0.92
880,0.77,0.71,0.95,0.96,0.93,0.96,0.92,0.92
881,0.78,0.73,0.95,0.96,0.93,0.96,0.92,0.92
882,0.78,0.73,0.95,0.97,0.93,0.96,0.92,0.92
883,0.8,0.73,0.95,0.97,0.93,0.96,0.92,0.92
884,0.8,0.73,0.95,0.97,0.93,0.96,0.92,0.92
885,0.8,0.75,0.96,0.97,0.93,0.96,0.92,0.92
886,0.8,0.73,0.96,0.97,0.93,0.96,0.92,0.93
887,0.81,0.75,0.96,0.97,0.93,0.96,0.91,0.93
888,0.81,0.75,0.96,0.97,0.93,0.96,0.92,0.93
889,0.81,0.76,0.96,0.97,0.93,0.96,0.92,0.92
890,0.82,0.76,0.96,0.97,0.93,0.96,0.92,0.93
891,0.83,0.76,0.97,0.97,0.93,0.96,0.92,0.93
892,0.82,0.76,0.97,0.97,0.93,0.96,0.92,0.93
893,0.84,0.76,0.97,0.97,0.93,0.97,0.92,0.93
894,0.83,0.76,0.97,0.97,0.93,0.96,0.92,0.93
895,0.82,0.76,0.97,0.97,0.94,0.96,0.92,0.93
896,0.85,0.78,0.97,0.97,0.93,0.96,0.92,0.93
897,0.82,0.76,0.97,0.97,0.94,0.96,0.92,0.93
898,0.82,0.76,0.97,0.97,0.94,0.97,0.92,0.93
899,0.82,0.78,0.97,0.97,0.94,0.96,0.93,0.93
900,0.83,0.76,0.97,0.97,0.94,0.97,0.93,0.93
901,0.82,0.78,0.97,0.97,0.94,0.97,0.93,0.93
902,0.83,0.78,0.97,0.97,0.94,0.96,0.93,0.92
903,0.83,0.78,0.97,0.97,0.94,0.97,0.93,0.93
904,0.83,0.76,0.97,0.97,0.95,0.96,0.93,0.93
905,0.81,0.78,0.97,0.97,0.94,0.96,0.93,0.93
906,0.83,0.76,0.96,0.97,0.95,0.96,0.93,0.92
907,0.81,0.78,0.97,0.97,0.95,0.96,0.93,0.92
908,0.81,0.76,0.97,0.97,0.95,0.97,0.93,0.92
909,0.82,0.76,0.97,0.97,0.95,0.97,0.94,0.92
910,0.83,0.78,0.96,0.98,0.96,0.97,0.94,0.92
911,0.8,0.76,0.97,0.97,0.95,0.97,0.94,0.92
912,0.8,0.78,0.97,0.97,0.96,0.96,0.94,0.91
913,0.81,0.76,0.97,0.97,0.96,0.96,0.94,0.91
914,0.79,0.76,0.96,0.97,0.96,0.97,0.94,0.91
915,0.81,0.76,0.96,0.98,0.96,0.97,0.95,0.91
916,0.79,0.76,0.96,0.97,0.96,0.96,0.94,0.91
917,0.8,0.76,0.96,0.97,0.96,0.96,0.95,0.91
918,0.8,0.76,0.96,0.98,0.96,0.96,0.95,0.91
919,0.78,0.76,0.96,0.97,0.96,0.96,0.95,0.91
920,0.78,0.76,0.96,0.97,0.96,0.96,0.95,0.91
921,0.78,0.75,0.96,0.97,0.96,0.96,0.95,0.91
922,0.78,0.75,0.96,0.97,0.96,0.96,0.94,0.91
923,0.78,0.76,0.95,0.97,0.96,0.96,0.95,0.91
924,0.78,0.75,0.96,0.97,0.96,0.96,0.95,0.91
925,0.78,0.76,0.95,0.98,0.96,0.96,0.95,0.91
926,0.78,0.75,0.95,0.98,0.96,0.96,0.95,0.91
927,0.78,0.75,0.95,0.97,0.96,0.96,0.94,0.9
928,0.78,0.75,0.94,0.97,0.96,0.96,0.94,0.9
929,0.79,0.75,0.95,0.97,0.96,0.96,0.94,0.9
930,0.82,0.75,0.95,0.97,0.96,0.96,0.93,0.9
931,0.8,0.75,0.95,0.97,0.95,0.96,0.93,0.9
932,0.8,0.75,0.95,0.97,0.96,0.96,0.93,0.9
933,0.83,0.76,0.96,0.98,0.95,0.96,0.93,0.9
934,0.8,0.76,0.95,0.97,0.95,0.96,0.92,0.9
935,0.81,0.76,0.96,0.97,0.95,0.96,0.92,0.9
936,0.82,0.76,0.96,0.98,0.95,0.96,0.92,0.9
937,0.82,0.78,0.96,0.98,0.94,0.95,0.92,0.9
938,0.84,0.78,0.96,0.97,0.95,0.95,0.91,0.9
939,0.84,0.78,0.97,0.97,0.94,0.95,0.91,0.89
940,0.84,0.78,0.96,0.98,0.94,0.95,0.91,0.89
941,0.84,0.78,0.97,0.98,0.94,0.95,0.91,0.89
942,0.84,0.78,0.96,0.97,0.94,0.95,0.91,0.89
943,0.86,0.8,0.97,0.97,0.94,0.95,0.9,0.89
944,0.85,0.8,0.96,0.97,0.94,0.95,0.89,0.88
945,0.87,0.82,0.96,0.97,0.94,0.95,0.89,0.89
946,0.88,0.82,0.96,0.97,0.94,0.95,0.89,0.88
947,0.87,0.82,0.96,0.98,0.94,0.95,0.89,0.88
948,0.9,0.84,0.96,0.98,0.94,0.95,0.88,0.88
949,0.89,0.84,0.96,0.98,0.94,0.94,0.88,0.88
950,0.9,0.84,0.96,0.98,0.94,0.95,0.88,0.88
951,0.9,0.84,0.95,0.98,0.94,0.94,0.87,0.88
952,0.9,0.84,0.96,0.97,0.94,0.94,0.87,0.88
953,0.91,0.86,0.95,0.97,0.93,0.94,0.87,0.88
954,0.91,0.84,0.96,0.97,0.93,0.94,0.87,0.88
955,0.92,0.86,0.96,0.97,0.93,0.94,0.87,0.88
956,0.92,0.86,0.96,0.97,0.93,0.94,0.87,0.88
957,0.92,0.88,0.96,0.97,0.94,0.94,0.87,0.88
958,0.92,0.88,0.96,0.97,0.93,0.94,0.87,0.88
959,0.92,0.88,0.96,0.97,0.93,0.94,0.86,0.88
960,0.93,0.88,0.97,0.97,0.93,0.94,0.87,0.88
961,0.93,0.88,0.97,0.97,0.93,0.94,0.87,0.88
962,0.94,0.9,0.97,0.97,0.94,0.94,0.86,0.88
963,0.93,0.9,0.97,0.97,0.94,0.94,0.87,0.88
964,0.93,0.9,0.97,0.97,0.94,0.94,0.87,0.88
965,0.93,0.9,0.97,0.97,0.94,0.94,0.87,0.88
966,0.94,0.9,0.98,0.97,0.94,0.94,0.87,0.88
967,0.93,0.9,0.98,0.97,0.94,0.94,0.87,0.88
968,0.95,0.9,0.98,0.97,0.94,0.94,0.87,0.88
969,0.93,0.9,0.98,0.97,0.94,0.94,0.87,0.89
970,0.93,0.9,0.98,0.97,0.94,0.94,0.88,0.89
971,0.93,0.9,0.99,0.97,0.94,0.94,0.88,0.89
972,0.93,0.92,0.98,0.97,0.94,0.94,0.88,0.89
973,0.93,0.9,0.99,0.97,0.94,0.94,0.88,0.89
974,0.94,0.9,0.99,0.97,0.94,0.94,0.88,0.89
975,0.93,0.9,0.99,0.97,0.94,0.95,0.89,0.9
976,0.92,0.9,0.99,0.97,0.95,0.95,0.89,0.9
977,0.93,0.92,0.99,0.98,0.95,0.95,0.89,0.9
978,0.95,0.9,0.99,0.97,0.95,0.95,0.89,0.91
979,0.93,0.92,0.99,0.97,0.95,0.95,0.89,0.91
980,0.94,0.9,0.99,0.98,0.95,0.95,0.89,0.91
981,0.93,0.9,0.99,0.97,0.96,0.95,0.89,0.91
982,0.93,0.9,0.99,0.98,0.96,0.95,0.89,0.92
983,0.94,0.92,0.99,0.98,0.96,0.95,0.89,0.92
984,0.93,0.92,0.99,0.98,0.96,0.96,0.9,0.92
985,0.94,0.92,0.99,0.98,0.96,0.95,0.89,0.93
986,0.94,0.94,1.0,0.97,0.96,0.96,0.89,0.93
987,0.96,0.94,0.99,0.98,0.96,0.96,0.89,0.93
988,0.96,0.92,1.0,0.98,0.96,0.96,0.9,0.93
989,0.95,0.94,0.99,0.98,0.96,0.96,0.89,0.93
990,0.95,0.92,0.99,0.98,0.97,0.96,0.89,0.94
991,0.96,0.94,0.99,0.98,0.97,0.96,0.89,0.94
992,0.96,0.94,0.99,0.97,0.97,0.96,0.9,0.94
993,0.97,0.94,0.99,0.98,0.97,0.96,0.89,0.94
994,0.97,0.94,1.0,0.98,0.97,0.97,0.9,0.94
995,0.97,0.94,1.0,0.98,0.98,0.97,0.89,0.95
996,0.97,0.96,1.0,0.98,0.98,0.97,0.9,0.95
997,0.98,0.96,0.99,0.98,0.98,0.97,0.9,0.95
998,0.98,0.96,1.0,0.98,0.98,0.97,0.9,0.96
999,0.98,0.96,1.0,0.98,0.98,0.97,0.9,0.96
1000,0.99,0.98,0.99,0.98,0.98,0.98,0.9,0.96
1001,0.99,0.96,1.0,0.98,0.99,0.98,0.91,0.96
1002,0.98,0.98,1.0,0.98,0.99,0.98,0.9,0.97
1003,0.99,0.98,1.0,0.98,0.99,0.98,0.9,0.97
1004,0.99,0.96,1.0,0.98,0.99,0.98,0.9,0.96
1005,0.99,0.98,0.99,0.98,0.99,0.99,0.9,0.97
1006,1.0,0.98,0.99,0.98,0.99,0.99,0.9,0.98
1007,0.99,0.98,0.99,0.98,0.99,0.99,0.89,0.98
1008,0.99,0.98,0.99,0.98,0.99,0.98,0.89,0.98
1009,0.98,0.98,0.98,0.98,0.99,0.99,0.89,0.98
1010,0.98,0.98,0.98,0.98,1.0,0.99,0.89,0.97
1011,0.98,1.0,0.97,0.98,1.0,0.99,0.89,0.98
1012,1.0,1.0,0.98,0.98,0.99,0.99,0.88,0.97
1013,0.99,0.98,0.97,0.98,0.99,0.99,0.88,0.97
1014,0.96,0.98,0.97,0.99,1.0,0.99,0.88,0.97
1015,0.97,0.98,0.96,0.98,0.99,1.0,0.87,0.96
1016,0.96,1.0,0.97,0.98,0.99,1.0,0.87,0.96
1017,0.98,1.0,0.96,0.98,0.99,1.0,0.87,0.96
1018,0.95,0.98,0.96,0.98,1.0,1.0,0.87,0.96
1019,0.94,0.98,0.97,0.98,0.99,1.0,0.87,0.96
1020,0.95,0.98,0.96,0.98,0.99,1.0,0.86,0.96
1021,0.94,0.98,0.96,0.98,0.99,1.0,0.86,0.96
1022,0.92,0.98,0.96,0.98,0.99,1.0,0.86,0.96
1023,0.92,0.96,0.95,0.97,0.99,1.0,0.86,0.95
1024,0.9,0.94,0.95,0.98,0.99,1.0,0.86,0.94
1025,0.89,0.96,0.96,0.98,0.99,1.0,0.86,0.94
1026,0.9,0.94,0.94,0.97,0.99,1.0,0.86,0.94
1027,0.91,0.94,0.94,0.97,0.99,0.99,0.86,0.94
1028,0.88,0.94,0.94,0.97,0.99,1.0,0.86,0.94
1029,0.88,0.94,0.94,0.97,0.99,1.0,0.86,0.94
1030,0.86,0.94,0.94,0.97,0.99,0.99,0.86,0.94
1031,0.86,0.9,0.94,0.97,0.98,1.0,0.86,0.93
1032,0.87,0.92,0.94,0.97,0.98,1.0,0.86,0.93
1033,0.85,0.92,0.93,0.97,0.98,0.99,0.86,0.94
1034,0.85,0.92,0.93,0.97,0.98,0.99,0.86,0.94
1035,0.84,0.9,0.93,0.97,0.98,1.0,0.86,0.93
1036,0.84,0.9,0.93,0.97,0.98,0.99,0.86,0.93
1037,0.84,0.9,0.93,0.97,0.98,0.99,0.86,0.93
1038,0.83,0.88,0.93,0.97,0.98,0.99,0.86,0.93
1039,0.82,0.88,0.92,0.97,0.98,0.99,0.86,0.93
1040,0.84,0.88,0.93,0.97,0.98,0.99,0.86,0.93
1041,0.82,0.88,0.92,0.97,0.97,0.99,0.86,0.93
1042,0.82,0.88,0.92,0.97,0.98,0.99,0.86,0.93
1043,0.83,0.88,0.92,0.97,0.97,0.99,0.86,0.93
1044,0.82,0.86,0.92,0.97,0.97,0.99,0.86,0.93
1045,0.81,0.86,0.92,0.97,0.97,0.99,0.87,0.93
1046,0.84,0.86,0.92,0.97,0.97,0.99,0.87,0.93
1047,0.81,0.86,0.93,0.97,0.97,0.99,0.87,0.93
1048,0.82,0.86,0.93,0.97,0.97,0.99,0.87,0.93
1049,0.82,0.86,0.94,0.97,0.96,0.99,0.87,0.93
1050,0.82,0.86,0.94,0.97,0.96,0.99,0.88,0.93
1051,0.82,0.86,0.94,0.97,0.97,0.99,0.88,0.93
1052,0.82,0.86,0.94,0.97,0.97,0.99,0.88,0.93
1053,0.82,0.86,0.94,0.97,0.96,0.99,0.88,0.93
1054,0.83,0.86,0.95,0.97,0.96,0.99,0.89,0.93
1055,0.82,0.86,0.96,0.97,0.97,0.99,0.89,0.93
1056,0.82,0.86,0.96,0.97,0.97,0.99,0.9,0.93
1057,0.82,0.86,0.96,0.97,0.96,0.98,0.9,0.93
1058,0.82,0.84,0.96,0.97,0.97,0.99,0.9,0.93
1059,0.82,0.84,0.96,0.97,0.96,0.99,0.91,0.93
1060,0.81,0.86,0.97,0.97,0.96,0.99,0.91,0.94
1061,0.81,0.84,0.96,0.97,0.96,0.99,0.91,0.94
1062,0.82,0.84,0.96,0.97,0.96,0.99,0.92,0.93
1063,0.81,0.84,0.97,0.97,0.97,0.99,0.92,0.94
1064,0.82,0.84,0.96,0.97,0.96,0.99,0.92,0.94
1065,0.81,0.82,0.97,0.97,0.96,0.99,0.92,0.94
1066,0.8,0.82,0.96,0.97,0.96,0.99,0.92,0.94
1067,0.8,0.84,0.96,0.97,0.96,0.99,0.93,0.94
1068,0.8,0.82,0.97,0.97,0.96,0.99,0.92,0.94
1069,0.79,0.82,0.97,0.97,0.96,0.99,0.93,0.94
1070,0.79,0.82,0.96,0.97,0.96,0.99,0.93,0.94
1071,0.79,0.82,0.96,0.97,0.96,0.99,0.93,0.94
1072,0.8,0.82,0.96,0.97,0.97,0.99,0.93,0.94
1073,0.78,0.8,0.96,0.97,0.96,0.99,0.94,0.94
1074,0.78,0.82,0.96,0.97,0.96,0.99,0.94,0.94
1075,0.79,0.8,0.97,0.97,0.96,0.98,0.94,0.94
1076,0.78,0.8,0.96,0.97,0.96,0.98,0.94,0.94
1077,0.78,0.8,0.96,0.97,0.97,0.99,0.94,0.94
1078,0.78,0.8,0.96,0.97,0.96,0.98,0.94,0.94
1079,0.78,0.82,0.96,0.97,0.96,0.98,0.94,0.94
1080,0.79,0.8,0.96,0.97,0.96,0.98,0.94,0.94
1081,0.78,0.8,0.96,0.97,0.96,0.98,0.94,0.94
1082,0.78,0.8,0.95,0.97,0.96,0.99,0.94,0.94
1083,0.79,0.8,0.96,0.97,0.96,0.99,0.94,0.94
1084,0.78,0.8,0.96,0.97,0.96,0.99,0.94,0.94
1085,0.81,0.8,0.96,0.97,0.96,0.98,0.94,0.94
1086,0.78,0.8,0.96,0.97,0.96,0.98,0.93,0.94
1087,0.8,0.8,0.96,0.97,0.96,0.98,0.93,0.94
1088,0.78,0.8,0.96,0.97,0.96,0.98,0.93,0.93
1089,0.8,0.82,0.96,0.97,0.96,0.98,0.93,0.93
1090,0.79,0.78,0.96,0.97,0.96,0.98,0.93,0.94
1091,0.78,0.8,0.96,0.97,0.95,0.98,0.93,0.94
1092,0.78,0.78,0.96,0.97,0.95,0.98,0.93,0.93
1093,0.79,0.8,0.96,0.97,0.96,0.98,0.93,0.93
1094,0.79,0.8,0.97,0.97,0.96,0.98,0.93,0.93
1095,0.78,0.78,0.96,0.97,0.95,0.98,0.93,0.93
1096,0.79,0.8,0.96,0.97,0.96,0.98,0.93,0.93
1097,0.78,0.8,0.97,0.97,0.96,0.98,0.93,0.93
1098,0.78,0.8,0.96,0.97,0.95,0.98,0.93,0.93
1099,0.78,0.8,0.96,0.97,0.95,0.98,0.93,0.93
1100,0.78,0.78,0.97,0.97,0.95,0.98,0.93,0.93
1101,0.78,0.78,0.96,0.98,0.95,0.98,0.92,0.93
1102,0.79,0.78,0.96,0.97,0.95,0.98,0.92,0.93
1103,0.78,0.78,0.96,0.98,0.95,0.98,0.92,0.92
1104,0.78,0.78,0.97,0.98,0.95,0.98,0.92,0.92
1105,0.78,0.78,0.97,0.97,0.95,0.98,0.92,0.92
1106,0.79,0.8,0.97,0.98,0.95,0.97,0.92,0.91
1107,0.78,0.8,0.96,0.97,0.94,0.98,0.92,0.92
1108,0.78,0.78,0.96,0.98,0.95,0.97,0.92,0.92
1109,0.81,0.8,0.97,0.98,0.94,0.97,0.92,0.91
1110,0.82,0.8,0.97,0.97,0.94,0.97,0.91,0.91
1111,0.8,0.78,0.97,0.97,0.94,0.97,0.92,0.91
1112,0.8,0.78,0.97,0.98,0.94,0.97,0.91,0.91
1113,0.8,0.78,0.97,0.98,0.94,0.97,0.91,0.91
1114,0.79,0.8,0.97,0.98,0.94,0.97,0.91,0.91
1115,0.79,0.8,0.97,0.98,0.94,0.97,0.91,0.91
1116,0.8,0.78,0.97,0.98,0.94,0.97,0.91,0.91
1117,0.81,0.8,0.97,0.98,0.94,0.97,0.91,0.91
1118,0.8,0.78,0.97,0.98,0.94,0.97,0.91,0.91
1119,0.8,0.8,0.97,0.99,0.94,0.97,0.91,0.91
1120,0.8,0.8,0.99,0.98,0.94,0.97,0.91,0.91
1121,0.8,0.78,0.98,0.98,0.94,0.97,0.91,0.91
1122,0.8,0.78,0.99,0.98,0.94,0.96,0.91,0.91
1123,0.8,0.8,0.99,0.98,0.94,0.97,0.92,0.91
1124,0.8,0.8,0.99,0.98,0.94,0.97,0.91,0.91
1125,0.8,0.78,0.99,0.98,0.94,0.97,0.92,0.91
1126,0.8,0.78,0.99,0.99,0.94,0.97,0.92,0.91
1127,0.8,0.78,0.99,0.98,0.94,0.96,0.92,0.91
1128,0.79,0.78,0.99,0.98,0.94,0.96,0.92,0.91
1129,0.79,0.78,0.99,0.98,0.94,0.96,0.93,0.91
1130,0.79,0.8,0.99,0.99,0.94,0.96,0.92,0.91
1131,0.79,0.78,0.99,0.98,0.94,0.96,0.93,0.91
1132,0.78,0.78,0.99,0.99,0.94,0.96,0.93,0.91
1133,0.78,0.78,0.99,0.99,0.94,0.96,0.94,0.91
1134,0.78,0.78,0.98,0.99,0.94,0.97,0.94,0.91
1135,0.77,0.78,0.98,0.99,0.94,0.97,0.94,0.91
1136,0.8,0.76,0.98,0.99,0.94,0.97,0.94,0.92
1137,0.77,0.78,0.97,0.99,0.94,0.97,0.94,0.91
1138,0.78,0.78,0.98,0.99,0.94,0.97,0.94,0.91
1139,0.77,0.76,0.97,0.99,0.94,0.96,0.94,0.92
1140,0.77,0.76,0.97,0.99,0.94,0.97,0.94,0.92
1141,0.76,0.76,0.97,0.99,0.94,0.96,0.94,0.92
1142,0.76,0.76,0.96,0.99,0.94,0.97,0.94,0.93
1143,0.77,0.78,0.96,0.99,0.94,0.97,0.94,0.92
1144,0.76,0.76,0.96,0.99,0.94,0.97,0.94,0.92
1145,0.77,0.76,0.96,0.99,0.94,0.97,0.94,0.92
1146,0.77,0.76,0.96,0.99,0.94,0.96,0.94,0.92
1147,0.78,0.76,0.96,0.99,0.94,0.97,0.94,0.93
1148,0.77,0.76,0.96,0.99,0.94,0.97,0.94,0.93
1149,0.77,0.76,0.96,0.99,0.94,0.97,0.94,0.93
1150,0.77,0.76,0.96,0.99,0.95,0.97,0.94,0.93
1151,0.78,0.76,0.96,0.99,0.94,0.97,0.94,0.93
1152,0.77,0.76,0.96,0.99,0.94,0.97,0.94,0.93
1153,0.78,0.76,0.96,0.99,0.94,0.97,0.94,0.93
1154,0.78,0.76,0.96,0.99,0.95,0.97,0.94,0.93
1155,0.78,0.76,0.96,0.99,0.95,0.97,0.95,0.93
1156,0.78,0.78,0.97,0.99,0.95,0.97,0.95,0.93
1157,0.79,0.76,0.97,0.99,0.95,0.97,0.96,0.93
1158,0.78,0.76,0.97,0.99,0.96,0.97,0.96,0.93
1159,0.78,0.76,0.97,0.99,0.96,0.97,0.96,0.93
1160,0.78,0.76,0.97,0.99,0.96,0.97,0.97,0.93
1161,0.78,0.76,0.97,0.99,0.96,0.97,0.97,0.94
1162,0.78,0.76,0.98,0.99,0.96,0.97,0.97,0.94
1163,0.79,0.78,0.97,0.99,0.96,0.97,0.97,0.94
1164,0.78,0.76,0.97,0.99,0.96,0.97,0.98,0.94
1165,0.79,0.76,0.98,0.99,0.96,0.97,0.98,0.94
1166,0.78,0.76,0.97,0.99,0.96,0.97,0.98,0.94
1167,0.78,0.76,0.98,0.99,0.97,0.97,0.98,0.94
1168,0.79,0.76,0.97,0.99,0.96,0.98,0.98,0.94
1169,0.8,0.78,0.99,1.0,0.96,0.98,0.98,0.94
1170,0.8,0.78,0.99,1.0,0.96,0.97,0.98,0.95
1171,0.8,0.78,0.98,0.99,0.98,0.98,0.98,0.94
1172,0.8,0.76,0.99,0.99,0.97,0.98,0.98,0.94
1173,0.8,0.76,0.99,0.99,0.97,0.98,0.98,0.95
1174,0.83,0.78,0.99,1.0,0.97,0.98,0.98,0.95
1175,0.81,0.76,0.99,0.99,0.97,0.98,0.98,0.95
1176,0.82,0.78,0.99,0.99,0.97,0.98,0.98,0.95
1177,0.82,0.78,0.99,1.0,0.98,0.98,0.98,0.94
1178,0.83,0.78,0.99,1.0,0.98,0.98,0.97,0.95
1179,0.83,0.78,0.99,1.0,0.97,0.99,0.97,0.95
1180,0.84,0.78,0.99,1.0,0.98,0.98,0.97,0.95
1181,0.84,0.78,0.99,1.0,0.97,0.98,0.96,0.95
1182,0.84,0.78,0.99,1.0,0.97,0.98,0.96,0.95
1183,0.85,0.8,0.99,1.0,0.98,0.98,0.96,0.94
1184,0.85,0.8,0.99,0.99,0.98,0.98,0.96,0.94
1185,0.85,0.8,0.99,1.0,0.97,0.98,0.96,0.94
1186,0.86,0.8,0.99,1.0,0.97,0.98,0.95,0.94
1187,0.86,0.8,0.99,1.0,0.97,0.98,0.95,0.94
1188,0.88,0.82,0.99,1.0,0.97,0.98,0.95,0.94
1189,0.86,0.82,0.99,0.99,0.97,0.98,0.94,0.94
1190,0.86,0.82,0.99,1.0,0.97,0.98,0.95,0.94
1191,0.86,0.82,1.0,1.0,0.98,0.98,0.95,0.94
1192,0.89,0.82,1.0,0.99,0.98,0.98,0.95,0.94
1193,0.86,0.84,1.0,1.0,0.98,0.98,0.95,0.94
1194,0.87,0.84,1.0,1.0,0.98,0.98,0.94,0.94
1195,0.87,0.84,1.0,1.0,0.98,0.98,0.94,0.94
1196,0.86,0.84,1.0,1.0,0.98,0.98,0.94,0.94
1197,0.86,0.82,1.0,1.0,0.98,0.98,0.94,0.94
1198,0.86,0.84,1.0,1.0,0.98,0.98,0.94,0.94
1199,0.85,0.82,0.99,1.0,0.98,0.98,0.94,0.94
1200,0.86,0.82,0.99,1.0,0.98,0.98,0.94,0.94
1201,0.87,0.82,0.99,1.0,0.98,0.99,0.94,0.94
1202,0.86,0.82,0.99,0.99,0.98,0.98,0.94,0.94
1203,0.83,0.82,0.99,1.0,0.98,0.98,0.94,0.94
1204,0.83,0.84,0.99,1.0,0.98,0.98,0.94,0.94
1205,0.82,0.82,0.98,1.0,0.98,0.99,0.94,0.94
1206,0.83,0.8,0.99,1.0,0.98,0.98,0.94,0.94
1207,0.82,0.82,0.98,1.0,0.98,0.98,0.94,0.94
1208,0.81,0.8,0.97,1.0,0.98,0.98,0.94,0.93
1209,0.82,0.82,0.98,1.0,0.99,0.98,0.94,0.93
1210,0.81,0.8,0.97,1.0,0.98,0.98,0.94,0.93
1211,0.82,0.8,0.97,0.99,0.98,0.98,0.94,0.93
1212,0.8,0.8,0.96,0.99,0.98,0.98,0.94,0.93
1213,0.8,0.8,0.97,0.99,0.98,0.98,0.94,0.93
1214,0.81,0.8,0.97,0.99,0.98,0.98,0.94,0.93
1215,0.81,0.8,0.96,0.99,0.98,0.98,0.94,0.93
1216,0.79,0.8,0.96,0.99,0.98,0.98,0.94,0.92
1217,0.81,0.78,0.96,1.0,0.98,0.98,0.94,0.93
1218,0.78,0.78,0.96,1.0,0.98,0.98,0.94,0.92
1219,0.77,0.78,0.96,1.0,0.98,0.98,0.94,0.93
1220,0.78,0.78,0.96,0.99,0.98,0.98,0.94,0.92
1221,0.78,0.78,0.95,0.99,0.98,0.98,0.93,0.92
1222,0.77,0.78,0.96,0.99,0.98,0.98,0.94,0.91
1223,0.78,0.78,0.96,0.99,0.98,0.98,0.93,0.92
1224,0.78,0.78,0.96,0.99,0.98,0.98,0.93,0.91
1225,0.78,0.76,0.96,0.99,0.98,0.98,0.93,0.91
1226,0.78,0.78,0.95,0.98,0.98,0.98,0.93,0.91
1227,0.77,0.78,0.95,0.99,0.97,0.97,0.93,0.91
1228,0.77,0.76,0.96,0.98,0.98,0.98,0.93,0.91
1229,0.79,0.78,0.96,0.98,0.97,0.97,0.93,0.91
1230,0.8,0.76,0.95,0.98,0.97,0.97,0.93,0.91
1231,0.79,0.78,0.96,0.98,0.97,0.97,0.93,0.91
1232,0.78,0.78,0.96,0.99,0.97,0.97,0.93,0.9
1233,0.78,0.76,0.96,0.99,0.96,0.97,0.93,0.91
1234,0.78,0.76,0.96,0.98,0.97,0.97,0.93,0.91
1235,0.78,0.76,0.96,0.98,0.96,0.97,0.92,0.91
1236,0.77,0.76,0.96,0.98,0.96,0.97,0.93,0.9
1237,0.78,0.76,0.96,0.98,0.96,0.97,0.93,0.9
1238,0.77,0.76,0.96,0.98,0.96,0.97,0.93,0.9
1239,0.78,0.76,0.96,0.98,0.96,0.97,0.93,0.9
1240,0.78,0.76,0.96,0.98,0.96,0.96,0.93,0.9
1241,0.78,0.76,0.96,0.98,0.96,0.97,0.93,0.9
1242,0.78,0.76,0.96,0.99,0.96,0.97,0.93,0.9
1243,0.78,0.76,0.96,0.98,0.96,0.97,0.93,0.9
1244,0.78,0.75,0.97,0.99,0.96,0.97,0.93,0.91
1245,0.78,0.76,0.96,0.98,0.96,0.97,0.93,0.9
1246,0.8,0.76,0.97,0.98,0.96,0.96,0.93,0.91
1247,0.8,0.75,0.97,0.99,0.96,0.96,0.93,0.91
1248,0.78,0.75,0.97,0.99,0.95,0.96,0.93,0.91
1249,0.78,0.76,0.97,0.98,0.95,0.96,0.93,0.91
1250,0.78,0.76,0.97,0.98,0.95,0.97,0.93,0.91
1251,0.78,0.76,0.97,0.98,0.96,0.97,0.93,0.91
1252,0.8,0.76,0.97,0.98,0.95,0.97,0.93,0.91
1253,0.77,0.75,0.97,0.99,0.96,0.97,0.94,0.91
1254,0.77,0.75,0.97,0.98,0.95,0.97,0.94,0.92
1255,0.77,0.76,0.97,0.98,0.95,0.97,0.94,0.92
1256,0.77,0.75,0.97,0.98,0.95,0.97,0.94,0.92
1257,0.79,0.75,0.97,0.98,0.95,0.97,0.95,0.92
1258,0.77,0.75,0.97,0.98,0.96,0.97,0.94,0.92
1259,0.77,0.75,0.97,0.98,0.95,0.97,0.95,0.93
1260,0.77,0.75,0.97,0.98,0.96,0.97,0.96,0.93
1261,0.77,0.75,0.97,0.99,0.96,0.98,0.96,0.93
1262,0.76,0.75,0.97,0.98,0.96,0.97,0.96,0.93
1263,0.77,0.75,0.97,0.98,0.96,0.97,0.96,0.93
1264,0.76,0.75,0.97,0.99,0.96,0.97,0.96,0.93
1265,0.77,0.75,0.97,0.98,0.96,0.97,0.96,0.94
1266,0.76,0.75,0.97,0.98,0.96,0.97,0.96,0.94
1267,0.74,0.75,0.97,0.99,0.96,0.98,0.97,0.94
1268,0.77,0.75,0.96,0.98,0.96,0.98,0.97,0.94
1269,0.76,0.73,0.97,0.99,0.96,0.97,0.97,0.94
1270,0.74,0.73,0.97,0.98,0.96,0.97,0.97,0.94
1271,0.76,0.73,0.97,0.99,0.96,0.97,0.97,0.94
1272,0.76,0.73,0.97,0.99,0.96,0.97,0.97,0.94
1273,0.76,0.75,0.96,0.98,0.96,0.98,0.97,0.94
1274,0.74,0.73,0.96,0.99,0.96,0.98,0.97,0.94
1275,0.78,0.73,0.97,0.98,0.96,0.97,0.97,0.94
1276,0.76,0.75,0.97,0.98,0.96,0.98,0.97,0.94
1277,0.77,0.75,0.97,0.99,0.96,0.98,0.97,0.94
1278,0.76,0.73,0.96,0.98,0.96,0.98,0.96,0.94
1279,0.78,0.75,0.96,0.98,0.96,0.98,0.96,0.94
1280,0.79,0.73,0.97,0.98,0.96,0.98,0.96,0.94
1281,0.76,0.75,0.97,0.99,0.96,0.98,0.96,0.94
1282,0.77,0.73,0.97,0.98,0.96,0.98,0.96,0.94
1283,0.77,0.73,0.97,0.99,0.96,0.98,0.96,0.94
1284,0.77,0.75,0.97,0.98,0.96,0.98,0.96,0.94
1285,0.77,0.75,0.97,0.98,0.96,0.98,0.96,0.94
1286,0.77,0.75,0.97,0.98,0.96,0.98,0.96,0.94
1287,0.77,0.73,0.97,0.98,0.96,0.97,0.95,0.94
1288,0.78,0.73,0.97,0.99,0.96,0.98,0.95,0.94
1289,0.78,0.73,0.97,0.98,0.96,0.98,0.95,0.93
1290,0.78,0.73,0.97,0.98,0.96,0.98,0.95,0.93
1291,0.78,0.73,0.98,0.98,0.96,0.98,0.94,0.94
1292,0.78,0.73,0.97,0.98,0.96,0.98,0.94,0.94
1293,0.78,0.75,0.97,0.98,0.96,0.98,0.94,0.93
1294,0.79,0.73,0.97,0.98,0.96,0.98,0.94,0.93
1295,0.8,0.75,0.96,0.98,0.96,0.98,0.93,0.93
1296,0.8,0.75,0.97,0.99,0.96,0.98,0.93,0.94
1297,0.81,0.76,0.97,0.99,0.96,0.98,0.93,0.93
1298,0.81,0.75,0.97,0.98,0.96,0.98,0.93,0.93
1299,0.82,0.75,0.97,0.98,0.96,0.98,0.93,0.93
1300,0.81,0.75,0.97,0.98,0.96,0.98,0.93,0.93
1301,0.82,0.76,0.97,0.99,0.96,0.98,0.93,0.93
1302,0.82,0.75,0.97,0.99,0.96,0.98,0.93,0.94
1303,0.81,0.76,0.97,0.99,0.96,0.98,0.93,0.94
1304,0.82,0.76,0.98,0.99,0.96,0.98,0.93,0.94
1305,0.83,0.78,0.97,0.98,0.96,0.98,0.93,0.93
1306,0.83,0.78,0.97,0.99,0.96,0.98,0.93,0.93
1307,0.83,0.78,0.98,0.99,0.96,0.98,0.94,0.94
1308,0.83,0.78,0.98,0.99,0.96,0.98,0.94,0.94
1309,0.84,0.78,0.98,0.98,0.96,0.98,0.94,0.94
1310,0.84,0.78,0.98,0.98,0.96,0.98,0.94,0.94
1311,0.84,0.8,0.98,0.98,0.96,0.98,0.93,0.94
1312,0.86,0.8,0.99,0.99,0.96,0.98,0.93,0.94
1313,0.85,0.78,0.99,0.99,0.96,0.98,0.94,0.94
1314,0.86,0.78,0.99,0.99,0.96,0.98,0.94,0.95
1315,0.85,0.8,0.98,0.99,0.96,0.99,0.93,0.94
1316,0.86,0.78,0.99,0.99,0.96,0.98,0.94,0.95
1317,0.86,0.8,0.99,0.99,0.96,0.99,0.93,0.94
1318,0.87,0.82,0.99,0.99,0.96,0.99,0.93,0.95
1319,0.86,0.82,0.99,0.99,0.96,0.98,0.93,0.95
1320,0.88,0.8,0.99,0.98,0.96,0.99,0.93,0.95
1321,0.9,0.8,0.99,0.99,0.96,0.99,0.93,0.95
1322,0.88,0.82,0.99,0.99,0.96,0.99,0.93,0.95
1323,0.87,0.8,0.99,0.99,0.96,0.99,0.93,0.96
1324,0.88,0.8,0.99,0.99,0.96,0.99,0.93,0.95
1325,0.88,0.8,0.99,0.99,0.96,0.99,0.93,0.96
1326,0.88,0.84,0.99,0.99,0.96,0.99,0.93,0.95
1327,0.88,0.82,0.99,0.99,0.96,0.99,0.93,0.96
1328,0.88,0.84,0.99,0.99,0.96,0.99,0.93,0.96
1329,0.88,0.84,0.99,0.98,0.96,0.99,0.93,0.95
1330,0.88,0.82,0.99,0.99,0.96,0.99,0.93,0.96
1331,0.89,0.84,1.0,0.99,0.96,0.99,0.93,0.95
1332,0.87,0.84,0.99,0.99,0.96,0.99,0.93,0.95
1333,0.87,0.82,0.99,0.99,0.97,0.99,0.93,0.96
1334,0.88,0.84,0.99,1.0,0.97,0.99,0.92,0.96
1335,0.86,0.82,0.99,0.99,0.97,0.99,0.92,0.95
1336,0.87,0.84,0.99,0.99,0.97,0.99,0.93,0.95
1337,0.88,0.82,0.99,0.99,0.97,0.99,0.93,0.95
1338,0.87,0.82,0.99,0.99,0.97,0.99,0.92,0.95
1339,0.86,0.82,0.99,0.99,0.98,0.99,0.92,0.95
1340,0.85,0.82,0.99,0.99,0.98,0.99,0.93,0.95
1341,0.85,0.82,0.99,0.99,0.97,0.99,0.93,0.94
1342,0.84,0.82,0.98,0.99,0.98,0.99,0.93,0.94
1343,0.83,0.82,0.98,0.99,0.98,0.99,0.93,0.94
1344,0.82,0.8,0.97,0.99,0.98,0.99,0.93,0.94
1345,0.83,0.8,0.98,0.99,0.97,0.99,0.93,0.94
1346,0.85,0.8,0.97,0.98,0.98,0.99,0.93,0.94
1347,0.82,0.8,0.97,0.99,0.98,0.99,0.94,0.94
1348,0.81,0.8,0.97,0.98,0.98,0.99,0.94,0.94
1349,0.81,0.78,0.96,0.98,0.98,0.99,0.93,0.94
1350,0.8,0.8,0.96,0.98,0.98,0.99,0.93,0.93
1351,0.79,0.78,0.96,0.99,0.98,0.99,0.93,0.93
1352,0.8,0.78,0.96,0.99,0.98,0.99,0.93,0.93
1353,0.81,0.8,0.96,0.99,0.98,0.99,0.93,0.93
1354,0.79,0.8,0.96,0.99,0.98,0.99,0.93,0.93
1355,0.78,0.78,0.95,0.98,0.98,0.99,0.93,0.93
1356,0.78,0.78,0.94,0.98,0.98,0.99,0.92,0.92
1357,0.77,0.76,0.95,0.99,0.97,0.99,0.92,0.93
1358,0.79,0.78,0.94,0.98,0.97,0.99,0.92,0.92
1359,0.77,0.76,0.94,0.98,0.97,0.98,0.92,0.92
1360,0.77,0.76,0.94,0.98,0.97,0.99,0.92,0.92
1361,0.78,0.76,0.94,0.98,0.97,0.99,0.92,0.92
1362,0.76,0.76,0.94,0.98,0.97,0.99,0.91,0.91
1363,0.74,0.75,0.94,0.98,0.96,0.98,0.92,0.91
1364,0.74,0.75,0.94,0.98,0.96,0.98,0.91,0.91
1365,0.76,0.75,0.94,0.98,0.96,0.98,0.91,0.91
1366,0.74,0.75,0.93,0.98,0.96,0.98,0.91,0.91
1367,0.74,0.75,0.93,0.98,0.96,0.98,0.9,0.91
1368,0.76,0.75,0.93,0.97,0.96,0.98,0.9,0.91
1369,0.74,0.75,0.93,0.97,0.95,0.98,0.9,0.9
1370,0.76,0.75,0.94,0.98,0.95,0.98,0.89,0.9
1371,0.74,0.73,0.93,0.97,0.95,0.97,0.89,0.9
1372,0.76,0.73,0.93,0.98,0.95,0.97,0.89,0.9
1373,0.74,0.75,0.94,0.97,0.94,0.97,0.88,0.9
1374,0.74,0.73,0.94,0.98,0.94,0.97,0.88,0.9
1375,0.77,0.75,0.93,0.97,0.94,0.97,0.87,0.89
1376,0.76,0.75,0.94,0.97,0.94,0.97,0.87,0.89
1377,0.74,0.75,0.93,0.97,0.94,0.97,0.87,0.89
1378,0.74,0.75,0.93,0.97,0.93,0.97,0.87,0.88
1379,0.76,0.73,0.94,0.97,0.93,0.97,0.86,0.88
1380,0.76,0.73,0.94,0.97,0.93,0.97,0.86,0.88
1381,0.76,0.73,0.94,0.97,0.93,0.96,0.86,0.88
1382,0.77,0.75,0.94,0.97,0.93,0.96,0.85,0.87
1383,0.76,0.73,0.94,0.97,0.93,0.95,0.84,0.87
1384,0.76,0.73,0.94,0.97,0.92,0.96,0.84,0.87
1385,0.76,0.73,0.92,0.97,0.92,0.96,0.83,0.87
1386,0.74,0.73,0.93,0.97,0.92,0.95,0.83,0.87
1387,0.77,0.73,0.93,0.97,0.91,0.95,0.83,0.86
1388,0.76,0.73,0.93,0.97,0.91,0.95,0.82,0.86
1389,0.77,0.73,0.93,0.97,0.91,0.95,0.82,0.85
1390,0.76,0.73,0.93,0.97,0.9,0.94,0.81,0.85
1391,0.74,0.75,0.92,0.97,0.89,0.94,0.81,0.84
1392,0.74,0.73,0.92,0.97,0.89,0.94,0.81,0.84
1393,0.77,0.75,0.92,0.97,0.9,0.94,0.8,0.84
1394,0.74,0.73,0.92,0.97,0.89,0.94,0.79,0.84
1395,0.73,0.73,0.92,0.97,0.89,0.93,0.79,0.83
1396,0.73,0.73,0.92,0.97,0.89,0.93,0.79,0.83
1397,0.73,0.73,0.92,0.96,0.88,0.93,0.78,0.82
1398,0.72,0.73,0.91,0.97,0.88,0.92,0.77,0.82
1399,0.72,0.73,0.91,0.96,0.88,0.92,0.77,0.82
1400,0.71,0.73,0.91,0.96,0.87,0.92,0.76,0.8
1401,0.73,0.71,0.91,0.96,0.87,0.92,0.76,0.8
1402,0.71,0.71,0.91,0.96,0.86,0.92,0.75,0.8
1403,0.72,0.71,0.91,0.97,0.86,0.92,0.75,0.8
1404,0.71,0.71,0.9,0.95,0.86,0.91,0.74,0.79
1405,0.69,0.71,0.89,0.96,0.85,0.91,0.74,0.79
1406,0.68,0.69,0.89,0.96,0.84,0.9,0.73,0.78
1407,0.7,0.69,0.89,0.95,0.84,0.9,0.72,0.77
1408,0.68,0.69,0.89,0.95,0.84,0.9,0.72,0.77
1409,0.68,0.69,0.88,0.95,0.84,0.89,0.72,0.77
1410,0.67,0.69,0.87,0.95,0.84,0.89,0.72,0.77
1411,0.67,0.67,0.87,0.96,0.84,0.89,0.72,0.77
1412,0.65,0.69,0.87,0.95,0.83,0.88,0.71,0.75
1413,0.67,0.67,0.87,0.94,0.83,0.88,0.71,0.75
1414,0.64,0.67,0.85,0.95,0.82,0.87,0.69,0.74
1415,0.63,0.67,0.85,0.94,0.82,0.87,0.69,0.74
1416,0.63,0.65,0.84,0.94,0.81,0.87,0.68,0.73
1417,0.63,0.65,0.84,0.95,0.81,0.87,0.68,0.73
1418,0.62,0.65,0.84,0.94,0.81,0.86,0.68,0.73
1419,0.62,0.65,0.84,0.94,0.81,0.86,0.68,0.72
1420,0.61,0.65,0.83,0.94,0.8,0.86,0.67,0.72
1421,0.6,0.65,0.82,0.93,0.8,0.85,0.67,0.71
1422,0.59,0.63,0.82,0.93,0.8,0.85,0.66,0.71
1423,0.59,0.63,0.8,0.93,0.79,0.85,0.66,0.7
1424,0.58,0.63,0.8,0.93,0.78,0.84,0.65,0.7
1425,0.58,0.61,0.8,0.93,0.78,0.84,0.65,0.69
1426,0.57,0.61,0.8,0.93,0.78,0.84,0.64,0.69
1427,0.57,0.61,0.78,0.92,0.78,0.84,0.64,0.69
1428,0.57,0.61,0.78,0.92,0.77,0.84,0.64,0.69
1429,0.56,0.59,0.77,0.93,0.76,0.83,0.63,0.68
1430,0.57,0.59,0.78,0.92,0.76,0.82,0.63,0.67
1431,0.55,0.61,0.77,0.92,0.76,0.83,0.62,0.67
1432,0.56,0.59,0.75,0.92,0.75,0.82,0.62,0.66
1433,0.55,0.59,0.75,0.92,0.75,0.81,0.61,0.66
1434,0.55,0.59,0.74,0.92,0.75,0.81,0.61,0.66
1435,0.56,0.59,0.75,0.92,0.74,0.81,0.61,0.66
1436,0.54,0.57,0.73,0.91,0.74,0.81,0.61,0.64
1437,0.52,0.57,0.73,0.92,0.73,0.8,0.6,0.65
1438,0.52,0.57,0.73,0.91,0.73,0.79,0.59,0.64
1439,0.52,0.55,0.73,0.91,0.72,0.79,0.59,0.63
1440,0.52,0.57,0.72,0.91,0.72,0.79,0.58,0.63
1441,0.53,0.57,0.71,0.9,0.71,0.78,0.57,0.62
1442,0.52,0.55,0.71,0.91,0.71,0.77,0.57,0.62
1443,0.52,0.57,0.71,0.9,0.71,0.78,0.57,0.62
1444,0.53,0.57,0.71,0.9,0.7,0.78,0.57,0.61
1445,0.51,0.57,0.7,0.89,0.7,0.77,0.56,0.61
1446,0.51,0.53,0.7,0.9,0.7,0.77,0.56,0.61
1447,0.51,0.55,0.7,0.9,0.69,0.76,0.55,0.6
1448,0.52,0.55,0.7,0.9,0.69,0.76,0.54,0.6
1449,0.51,0.55,0.68,0.88,0.68,0.75,0.53,0.58
1450,0.51,0.55,0.68,0.88,0.68,0.75,0.53,0.58
1451,0.5,0.53,0.68,0.89,0.67,0.74,0.53,0.58
1452,0.5,0.53,0.68,0.89,0.66,0.74,0.52,0.58
1453,0.5,0.55,0.68,0.88,0.66,0.74,0.52,0.58
1454,0.51,0.55,0.67,0.88,0.66,0.74,0.52,0.58
1455,0.5,0.53,0.66,0.88,0.66,0.74,0.52,0.57
1456,0.51,0.55,0.67,0.88,0.65,0.73,0.51,0.57
1457,0.49,0.55,0.66,0.88,0.65,0.72,0.5,0.56
1458,0.5,0.53,0.65,0.87,0.64,0.72,0.5,0.55
1459,0.51,0.53,0.66,0.87,0.64,0.72,0.5,0.55
1460,0.49,0.53,0.66,0.88,0.64,0.71,0.5,0.55
1461,0.49,0.55,0.65,0.87,0.63,0.71,0.49,0.55
1462,0.48,0.53,0.65,0.87,0.63,0.71,0.49,0.55
1463,0.49,0.53,0.65,0.87,0.63,0.71,0.49,0.55
1464,0.48,0.51,0.64,0.87,0.62,0.7,0.48,0.53
1465,0.48,0.53,0.63,0.86,0.62,0.69,0.48,0.53
1466,0.48,0.51,0.63,0.86,0.6,0.68,0.47,0.52
1467,0.49,0.51,0.62,0.86,0.6,0.68,0.46,0.52
1468,0.47,0.53,0.61,0.86,0.6,0.67,0.46,0.51
1469,0.46,0.53,0.61,0.86,0.59,0.66,0.45,0.5
1470,0.46,0.51,0.61,0.86,0.59,0.66,0.44,0.5
1471,0.46,0.51,0.6,0.86,0.58,0.66,0.44,0.5
1472,0.46,0.51,0.6,0.86,0.58,0.66,0.44,0.5
1473,0.46,0.49,0.6,0.86,0.58,0.66,0.44,0.5
1474,0.46,0.49,0.6,0.86,0.57,0.65,0.44,0.5
1475,0.44,0.49,0.58,0.85,0.57,0.65,0.43,0.48
1476,0.44,0.49,0.58,0.85,0.57,0.64,0.43,0.48
1477,0.43,0.49,0.58,0.85,0.57,0.64,0.43,0.48
1478,0.43,0.49,0.57,0.84,0.56,0.63,0.42,0.47
1479,0.43,0.49,0.57,0.84,0.55,0.63,0.42,0.47
1480,0.42,0.49,0.56,0.84,0.55,0.63,0.42,0.47
1481,0.42,0.47,0.56,0.84,0.55,0.63,0.42,0.47
1482,0.41,0.47,0.56,0.84,0.55,0.62,0.42,0.47
1483,0.42,0.47,0.56,0.83,0.55,0.62,0.41,0.46
1484,0.42,0.47,0.54,0.83,0.54,0.62,0.41,0.46
1485,0.4,0.47,0.54,0.83,0.54,0.62,0.41,0.45
1486,0.43,0.47,0.54,0.83,0.53,0.61,0.4,0.45
1487,0.4,0.45,0.53,0.82,0.53,0.6,0.39,0.44
1488,0.4,0.47,0.53,0.82,0.53,0.6,0.39,0.45
1489,0.38,0.43,0.53,0.82,0.52,0.59,0.39,0.44
1490,0.39,0.47,0.53,0.81,0.52,0.59,0.39,0.44
1491,0.39,0.45,0.51,0.81,0.52,0.59,0.38,0.44
1492,0.38,0.45,0.51,0.81,0.51,0.58,0.38,0.44
1493,0.38,0.43,0.51,0.81,0.51,0.58,0.38,0.43
1494,0.37,0.43,0.5,0.81,0.5,0.58,0.38,0.42
1495,0.36,0.43,0.49,0.81,0.5,0.58,0.37,0.42
1496,0.36,0.43,0.49,0.81,0.5,0.57,0.37,0.42
1497,0.37,0.43,0.49,0.81,0.5,0.57,0.37,0.42
1498,0.35,0.43,0.48,0.81,0.49,0.57,0.37,0.41
1499,0.36,0.41,0.47,0.81,0.49,0.56,0.36,0.41
