0,0.05,0.02,0.0,0.0,0.01,0.0,0.0,0.0
1,0.03,0.02,0.0,0.0,0.01,0.0,0.0,0.0
2,0.02,0.02,0.02,0.01,0.01,0.0,0.0,0.01
3,0.03,0.02,0.01,0.01,0.01,0.0,0.0,0.0
4,0.03,0.02,0.01,0.01,0.01,0.0,0.01,0.0
5,0.03,0.02,0.01,0.0,0.01,0.0,0.0,0.0
6,0.0,0.02,0.0,0.01,0.01,0.0,0.0,0.0
7,0.02,0.02,0.01,0.01,0.0,0.0,0.0,0.0
8,0.0,0.02,0.0,0.0,0.0,0.0,0.0,0.0
9,0.0,0.02,0.0,0.01,0.01,0.0,0.0,0.0
10,0.03,0.0,0.01,0.01,0.01,0.0,0.0,0.0
11,0.0,0.02,0.01,0.0,0.01,0.0,0.0,0.0
12,0.0,0.02,0.01,0.01,0.01,0.0,0.0,0.0
13,0.0,0.02,0.0,0.0,0.01,0.0,0.0,0.0
14,0.0,0.0,0.01,0.01,0.0,0.0,0.0,0.0
15,0.02,0.02,0.01,0.01,0.01,0.0,0.0,0.0
16,0.02,0.0,0.0,0.0,0.01,0.0,0.0,0.0
17,0.02,0.02,0.0,0.0,0.01,0.0,0.0,0.0
18,0.02,0.0,0.01,0.01,0.0,0.0,0.0,0.01
19,0.03,0.02,0.01,0.01,0.01,0.0,0.01,0.01
20,0.02,0.02,0.01,0.0,0.01,0.0,0.0,0.0
21,0.0,0.02,0.01,0.01,0.01,0.0,0.0,0.01
22,0.0,0.02,0.01,0.01,0.01,0.0,0.01,0.01
23,0.05,0.02,0.0,0.0,0.01,0.0,0.0,0.0
24,0.02,0.02,0.01,0.01,0.01,0.0,0.0,0.0
25,0.02,0.02,0.01,0.01,0.01,0.0,0.01,0.01
26,0.02,0.02,0.01,0.01,0.01,0.0,0.0,0.01
27,0.02,0.02,0.01,0.01,0.01,0.0,0.0,0.01
28,0.02,0.02,0.02,0.0,0.01,0.0,0.01,0.01
29,0.05,0.02,0.02,0.01,0.01,0.0,0.0,0.01
30,0.02,0.02,0.02,0.01,0.01,0.0,0.01,0.01
31,0.03,0.02,0.02,0.01,0.01,0.0,0.01,0.01
32,0.02,0.02,0.01,0.01,0.01,0.0,0.01,0.01
33,0.02,0.02,0.02,0.01,0.01,0.0,0.01,0.01
34,0.03,0.02,0.01,0.01,0.01,0.0,0.01,0.01
35,0.05,0.02,0.02,0.01,0.01,0.0,0.01,0.01
36,0.02,0.02,0.02,0.01,0.01,0.0,0.01,0.01
37,0.03,0.02,0.02,0.01,0.01,0.0,0.01,0.01
38,0.02,0.02,0.01,0.01,0.01,0.01,0.01,0.01
39,0.02,0.04,0.02,0.01,0.01,0.0,0.01,0.01
40,0.02,0.02,0.02,0.01,0.01,0.0,0.01,0.01
41,0.02,0.02,0.02,0.01,0.02,0.0,0.01,0.01
42,0.03,0.04,0.02,0.01,0.01,0.0,0.01,0.01
43,0.02,0.02,0.01,0.01,0.01,0.0,0.01,0.01
44,0.02,0.02,0.01,0.01,0.01,0.0,0.01,0.01
45,0.03,0.04,0.02,0.01,0.01,0.0,0.01,0.01
46,0.05,0.04,0.02,0.01,0.02,0.01,0.02,0.02
47,0.02,0.04,0.02,0.01,0.02,0.0,0.01,0.02
48,0.07,0.02,0.02,0.01,0.02,0.01,0.02,0.02
49,0.03,0.02,0.03,0.01,0.01,0.0,0.01,0.02
50,0.02,0.02,0.02,0.01,0.01,0.0,0.02,0.02
51,0.03,0.02,0.03,0.01,0.02,0.01,0.02,0.02
52,0.03,0.02,0.03,0.01,0.02,0.01,0.02,0.02
53,0.02,0.04,0.02,0.01,0.02,0.01,0.02,0.02
54,0.02,0.02,0.03,0.01,0.02,0.01,0.02,0.02
55,0.02,0.04,0.02,0.01,0.02,0.01,0.02,0.02
56,0.02,0.02,0.02,0.01,0.01,0.01,0.02,0.02
57,0.05,0.04,0.02,0.01,0.02,0.01,0.02,0.02
58,0.03,0.02,0.02,0.02,0.02,0.01,0.02,0.03
59,0.05,0.02,0.03,0.01,0.02,0.01,0.02,0.02
60,0.03,0.04,0.03,0.02,0.02,0.01,0.02,0.03
61,0.03,0.04,0.03,0.02,0.02,0.01,0.02,0.02
62,0.05,0.04,0.02,0.02,0.02,0.01,0.03,0.03
63,0.03,0.02,0.02,0.02,0.02,0.01,0.02,0.02
64,0.07,0.02,0.03,0.02,0.02,0.01,0.02,0.02
65,0.03,0.04,0.02,0.02,0.02,0.01,0.02,0.03
66,0.03,0.04,0.02,0.02,0.02,0.01,0.02,0.03
67,0.03,0.04,0.03,0.02,0.02,0.01,0.02,0.03
68,0.03,0.04,0.03,0.02,0.02,0.01,0.03,0.03
69,0.03,0.02,0.03,0.02,0.02,0.01,0.02,0.03
70,0.05,0.04,0.02,0.02,0.02,0.01,0.02,0.03
71,0.03,0.04,0.03,0.02,0.03,0.01,0.03,0.03
72,0.03,0.04,0.03,0.02,0.03,0.01,0.03,0.03
73,0.03,0.04,0.03,0.02,0.02,0.01,0.03,0.03
74,0.03,0.04,0.03,0.02,0.03,0.01,0.03,0.03
75,0.05,0.07,0.03,0.03,0.03,0.01,0.02,0.03
76,0.03,0.04,0.02,0.02,0.02,0.01,0.03,0.03
77,0.03,0.04,0.03,0.02,0.02,0.01,0.03,0.03
78,0.05,0.04,0.03,0.03,0.03,0.02,0.03,0.03
79,0.03,0.04,0.03,0.03,0.03,0.02,0.03,0.03
80,0.07,0.04,0.03,0.03,0.03,0.02,0.03,0.03
81,0.03,0.04,0.03,0.03,0.03,0.02,0.03,0.03
82,0.08,0.04,0.03,0.03,0.03,0.02,0.03,0.03
83,0.05,0.04,0.03,0.03,0.03,0.01,0.03,0.03
84,0.05,0.04,0.03,0.03,0.03,0.01,0.03,0.03
85,0.08,0.04,0.03,0.03,0.03,0.02,0.03,0.03
86,0.07,0.04,0.03,0.03,0.03,0.02,0.03,0.03
87,0.08,0.04,0.03,0.03,0.03,0.02,0.03,0.03
88,0.08,0.04,0.03,0.03,0.03,0.02,0.03,0.04
89,0.03,0.04,0.03,0.03,0.03,0.02,0.03,0.03
90,0.03,0.04,0.03,0.03,0.03,0.02,0.03,0.03
91,0.07,0.04,0.03,0.03,0.03,0.02,0.03,0.03
92,0.07,0.04,0.03,0.03,0.03,0.02,0.03,0.03
93,0.05,0.04,0.03,0.03,0.03,0.01,0.03,0.03
94,0.08,0.04,0.03,0.03,0.03,0.02,0.03,0.03
95,0.07,0.04,0.03,0.03,0.03,0.02,0.03,0.03
96,0.05,0.04,0.03,0.04,0.03,0.02,0.03,0.03
97,0.05,0.04,0.03,0.03,0.03,0.02,0.03,0.03
98,0.05,0.07,0.03,0.04,0.04,0.02,0.03,0.03
99,0.07,0.04,0.03,0.04,0.03,0.02,0.03,0.03
100,0.03,0.04,0.03,0.03,0.03,0.02,0.03,0.03
101,0.08,0.04,0.03,0.03,0.03,0.02,0.03,0.03
102,0.07,0.04,0.03,0.03,0.03,0.02,0.03,0.03
103,0.07,0.04,0.03,0.04,0.03,0.02,0.03,0.03
104,0.07,0.04,0.03,0.04,0.04,0.02,0.03,0.03
105,0.05,0.04,0.03,0.04,0.03,0.02,0.03,0.03
106,0.08,0.04,0.03,0.04,0.03,0.02,0.03,0.03
107,0.08,0.04,0.03,0.04,0.03,0.02,0.03,0.03
108,0.07,0.04,0.03,0.04,0.03,0.02,0.03,0.03
109,0.08,0.04,0.03,0.04,0.03,0.02,0.03,0.03
110,0.08,0.04,0.03,0.04,0.03,0.02,0.03,0.03
111,0.05,0.04,0.03,0.04,0.03,0.02,0.04,0.03
112,0.05,0.04,0.03,0.04,0.03,0.02,0.03,0.03
113,0.05,0.04,0.03,0.04,0.03,0.02,0.03,0.03
114,0.05,0.04,0.03,0.04,0.03,0.02,0.03,0.03
115,0.05,0.04,0.03,0.04,0.04,0.02,0.03,0.04
116,0.08,0.07,0.03,0.04,0.03,0.02,0.03,0.03
117,0.05,0.04,0.03,0.04,0.03,0.02,0.03,0.03
118,0.08,0.04,0.03,0.04,0.04,0.02,0.03,0.03
119,0.07,0.04,0.03,0.04,0.03,0.02,0.03,0.03
120,0.08,0.04,0.03,0.04,0.03,0.02,0.03,0.03
121,0.05,0.04,0.03,0.04,0.03,0.02,0.03,0.03
122,0.05,0.04,0.03,0.04,0.03,0.02,0.03,0.03
123,0.08,0.04,0.03,0.04,0.04,0.02,0.03,0.03
124,0.05,0.04,0.03,0.04,0.03,0.02,0.03,0.03
125,0.05,0.04,0.03,0.04,0.03,0.02,0.03,0.03
126,0.07,0.04,0.03,0.04,0.03,0.02,0.03,0.03
127,0.08,0.07,0.03,0.04,0.03,0.02,0.03,0.03
128,0.07,0.04,0.03,0.05,0.03,0.02,0.03,0.03
129,0.07,0.04,0.03,0.04,0.03,0.02,0.03,0.03
130,0.07,0.04,0.03,0.04,0.03,0.02,0.03,0.03
131,0.05,0.04,0.03,0.05,0.03,0.02,0.03,0.03
132,0.08,0.04,0.03,0.05,0.03,0.02,0.03,0.03
133,0.07,0.04,0.03,0.05,0.03,0.02,0.03,0.03
134,0.08,0.04,0.03,0.05,0.03,0.02,0.03,0.02
135,0.05,0.04,0.03,0.05,0.03,0.02,0.03,0.02
136,0.08,0.04,0.03,0.05,0.03,0.02,0.03,0.03
137,0.05,0.04,0.03,0.05,0.03,0.02,0.03,0.03
138,0.07,0.07,0.03,0.05,0.03,0.02,0.03,0.03
139,0.08,0.04,0.03,0.05,0.03,0.02,0.03,0.03
140,0.08,0.04,0.03,0.05,0.03,0.02,0.03,0.03
141,0.07,0.04,0.03,0.05,0.03,0.02,0.03,0.02
142,0.07,0.04,0.03,0.05,0.03,0.02,0.02,0.03
143,0.05,0.04,0.03,0.05,0.03,0.02,0.03,0.03
144,0.07,0.04,0.03,0.05,0.03,0.02,0.03,0.02
145,0.05,0.04,0.03,0.05,0.03,0.02,0.03,0.03
146,0.08,0.04,0.03,0.05,0.03,0.02,0.03,0.03
147,0.05,0.04,0.03,0.05,0.03,0.02,0.02,0.02
148,0.08,0.04,0.03,0.05,0.03,0.02,0.03,0.02
149,0.05,0.04,0.03,0.05,0.03,0.02,0.03,0.02
150,0.05,0.04,0.03,0.05,0.03,0.02,0.02,0.02
151,0.05,0.04,0.03,0.05,0.03,0.02,0.03,0.02
152,0.08,0.04,0.03,0.05,0.03,0.02,0.02,0.02
153,0.07,0.04,0.03,0.05,0.03,0.02,0.02,0.03
154,0.08,0.04,0.03,0.05,0.03,0.02,0.02,0.02
155,0.07,0.04,0.03,0.05,0.03,0.02,0.02,0.02
156,0.05,0.04,0.03,0.06,0.03,0.02,0.02,0.02
157,0.08,0.04,0.03,0.05,0.03,0.02,0.02,0.02
158,0.08,0.04,0.03,0.06,0.03,0.02,0.02,0.03
159,0.07,0.04,0.03,0.06,0.03,0.02,0.02,0.02
160,0.07,0.04,0.03,0.06,0.03,0.02,0.02,0.03
161,0.07,0.04,0.03,0.06,0.03,0.02,0.02,0.02
162,0.08,0.04,0.03,0.06,0.03,0.02,0.02,0.02
163,0.05,0.04,0.03,0.06,0.03,0.02,0.02,0.02
164,0.07,0.04,0.03,0.06,0.03,0.02,0.02,0.02
165,0.05,0.04,0.03,0.06,0.03,0.02,0.02,0.02
166,0.08,0.04,0.03,0.06,0.03,0.02,0.02,0.02
167,0.05,0.04,0.03,0.06,0.03,0.02,0.02,0.02
168,0.08,0.04,0.03,0.06,0.03,0.02,0.02,0.02
169,0.08,0.04,0.03,0.06,0.03,0.02,0.02,0.02
170,0.07,0.04,0.03,0.06,0.03,0.02,0.03,0.02
171,0.08,0.04,0.03,0.06,0.03,0.02,0.02,0.02
172,0.05,0.04,0.03,0.06,0.03,0.02,0.02,0.02
173,0.05,0.04,0.03,0.06,0.03,0.02,0.02,0.02
174,0.08,0.04,0.03,0.06,0.03,0.01,0.02,0.02
175,0.05,0.04,0.03,0.06,0.03,0.02,0.02,0.02
176,0.05,0.04,0.03,0.06,0.03,0.02,0.02,0.02
177,0.08,0.04,0.03,0.06,0.03,0.02,0.02,0.02
178,0.07,0.04,0.03,0.06,0.03,0.02,0.02,0.02
179,0.08,0.04,0.03,0.06,0.03,0.02,0.02,0.02
180,0.07,0.04,0.03,0.06,0.03,0.02,0.02,0.02
181,0.08,0.04,0.03,0.06,0.03,0.02,0.02,0.02
182,0.08,0.04,0.03,0.06,0.03,0.01,0.02,0.02
183,0.08,0.04,0.03,0.06,0.03,0.01,0.02,0.02
184,0.08,0.04,0.03,0.06,0.03,0.02,0.02,0.02
185,0.08,0.04,0.03,0.07,0.03,0.02,0.02,0.02
186,0.08,0.04,0.03,0.06,0.03,0.02,0.02,0.02
187,0.07,0.04,0.03,0.06,0.03,0.02,0.02,0.02
188,0.07,0.04,0.03,0.06,0.03,0.02,0.02,0.02
189,0.07,0.04,0.03,0.06,0.03,0.02,0.02,0.02
190,0.08,0.04,0.03,0.07,0.03,0.02,0.02,0.02
191,0.05,0.04,0.04,0.07,0.03,0.02,0.02,0.02
192,0.05,0.04,0.03,0.06,0.03,0.01,0.02,0.02
193,0.07,0.04,0.03,0.06,0.03,0.02,0.02,0.02
194,0.07,0.04,0.03,0.07,0.03,0.02,0.02,0.02
195,0.08,0.04,0.03,0.06,0.03,0.02,0.02,0.02
196,0.08,0.04,0.03,0.07,0.03,0.02,0.02,0.02
197,0.08,0.04,0.03,0.07,0.03,0.02,0.02,0.02
198,0.07,0.04,0.03,0.07,0.03,0.02,0.02,0.02
199,0.08,0.04,0.03,0.07,0.03,0.02,0.02,0.02
200,0.05,0.04,0.03,0.07,0.03,0.02,0.02,0.02
201,0.05,0.04,0.03,0.07,0.03,0.02,0.02,0.02
202,0.05,0.07,0.03,0.07,0.03,0.02,0.02,0.02
203,0.08,0.04,0.03,0.07,0.03,0.02,0.02,0.02
204,0.05,0.04,0.03,0.07,0.03,0.02,0.02,0.02
205,0.08,0.04,0.03,0.07,0.03,0.02,0.02,0.02
206,0.07,0.04,0.03,0.07,0.03,0.01,0.02,0.02
207,0.08,0.04,0.03,0.07,0.03,0.02,0.02,0.02
208,0.1,0.04,0.03,0.07,0.03,0.02,0.02,0.02
209,0.05,0.04,0.03,0.07,0.03,0.02,0.02,0.02
210,0.05,0.04,0.03,0.07,0.03,0.02,0.02,0.02
211,0.05,0.04,0.03,0.07,0.03,0.01,0.02,0.02
212,0.08,0.04,0.03,0.07,0.03,0.02,0.02,0.02
213,0.07,0.04,0.03,0.07,0.03,0.02,0.03,0.02
214,0.07,0.04,0.03,0.07,0.03,0.02,0.02,0.02
215,0.07,0.04,0.03,0.07,0.03,0.02,0.02,0.02
216,0.08,0.04,0.03,0.07,0.03,0.02,0.02,0.02
217,0.08,0.04,0.03,0.07,0.03,0.02,0.02,0.02
218,0.08,0.07,0.03,0.07,0.03,0.02,0.02,0.02
219,0.05,0.04,0.03,0.07,0.03,0.02,0.02,0.02
220,0.08,0.04,0.03,0.08,0.03,0.02,0.02,0.02
221,0.05,0.04,0.03,0.08,0.03,0.01,0.02,0.02
222,0.05,0.04,0.04,0.07,0.03,0.02,0.02,0.02
223,0.05,0.04,0.03,0.07,0.03,0.02,0.02,0.02
224,0.05,0.04,0.03,0.07,0.03,0.01,0.02,0.02
225,0.07,0.04,0.03,0.07,0.03,0.01,0.02,0.02
226,0.08,0.04,0.03,0.07,0.03,0.01,0.02,0.01
227,0.07,0.04,0.03,0.08,0.03,0.02,0.02,0.02
228,0.08,0.04,0.03,0.08,0.03,0.02,0.02,0.02
229,0.08,0.07,0.03,0.07,0.03,0.02,0.02,0.02
230,0.07,0.04,0.03,0.08,0.03,0.02,0.02,0.02
231,0.07,0.04,0.03,0.08,0.03,0.02,0.02,0.02
232,0.05,0.04,0.03,0.08,0.03,0.02,0.02,0.02
233,0.05,0.04,0.03,0.08,0.03,0.02,0.02,0.02
234,0.05,0.04,0.04,0.08,0.03,0.01,0.02,0.02
235,0.08,0.07,0.03,0.08,0.03,0.01,0.02,0.02
236,0.07,0.04,0.03,0.08,0.03,0.01,0.02,0.02
237,0.08,0.04,0.03,0.09,0.03,0.01,0.02,0.02
238,0.07,0.07,0.03,0.08,0.03,0.01,0.02,0.02
239,0.08,0.04,0.03,0.08,0.03,0.01,0.02,0.02
240,0.08,0.04,0.04,0.08,0.03,0.01,0.02,0.02
241,0.07,0.07,0.03,0.09,0.03,0.02,0.02,0.02
242,0.07,0.07,0.04,0.09,0.03,0.02,0.02,0.02
243,0.07,0.04,0.03,0.08,0.03,0.02,0.02,0.02
244,0.1,0.04,0.03,0.08,0.03,0.01,0.02,0.02
245,0.08,0.04,0.03,0.08,0.03,0.01,0.02,0.01
246,0.05,0.07,0.04,0.08,0.03,0.01,0.02,0.01
247,0.08,0.07,0.04,0.09,0.03,0.02,0.02,0.02
248,0.07,0.04,0.04,0.08,0.03,0.01,0.02,0.01
249,0.08,0.04,0.03,0.09,0.03,0.01,0.02,0.01
250,0.08,0.07,0.03,0.09,0.03,0.01,0.02,0.02
251,0.07,0.04,0.03,0.09,0.03,0.01,0.02,0.02
252,0.05,0.04,0.03,0.09,0.03,0.01,0.02,0.02
253,0.08,0.04,0.04,0.09,0.03,0.01,0.02,0.01
254,0.07,0.04,0.03,0.09,0.03,0.01,0.02,0.01
255,0.1,0.04,0.03,0.09,0.03,0.01,0.02,0.01
256,0.08,0.04,0.03,0.09,0.03,0.01,0.02,0.01
257,0.08,0.04,0.03,0.09,0.03,0.01,0.02,0.01
258,0.1,0.07,0.03,0.09,0.03,0.01,0.02,0.02
259,0.08,0.04,0.03,0.09,0.03,0.01,0.02,0.01
260,0.07,0.04,0.03,0.09,0.03,0.01,0.02,0.01
261,0.05,0.04,0.03,0.09,0.03,0.01,0.02,0.01
262,0.07,0.04,0.03,0.09,0.03,0.01,0.02,0.01
263,0.08,0.04,0.04,0.09,0.03,0.02,0.02,0.01
264,0.08,0.04,0.03,0.09,0.03,0.01,0.02,0.01
265,0.05,0.07,0.03,0.09,0.03,0.01,0.02,0.01
266,0.05,0.04,0.03,0.09,0.03,0.01,0.02,0.01
267,0.08,0.07,0.03,0.09,0.03,0.01,0.02,0.01
268,0.1,0.07,0.04,0.09,0.03,0.01,0.01,0.01
269,0.1,0.07,0.03,0.09,0.03,0.01,0.02,0.02
270,0.08,0.04,0.03,0.09,0.03,0.01,0.01,0.01
271,0.05,0.04,0.04,0.09,0.03,0.01,0.02,0.01
272,0.1,0.04,0.04,0.09,0.03,0.01,0.02,0.02
273,0.08,0.04,0.04,0.09,0.03,0.01,0.02,0.01
274,0.08,0.04,0.04,0.09,0.03,0.01,0.01,0.01
275,0.1,0.04,0.03,0.09,0.03,0.01,0.01,0.01
276,0.05,0.07,0.03,0.1,0.03,0.01,0.02,0.01
277,0.05,0.07,0.03,0.09,0.03,0.01,0.01,0.01
278,0.1,0.04,0.03,0.1,0.03,0.01,0.01,0.01
279,0.05,0.04,0.04,0.09,0.03,0.01,0.01,0.01
280,0.07,0.07,0.04,0.1,0.03,0.01,0.01,0.01
281,0.08,0.07,0.03,0.1,0.03,0.01,0.01,0.01
282,0.08,0.04,0.03,0.1,0.03,0.01,0.01,0.01
283,0.08,0.07,0.04,0.1,0.03,0.01,0.02,0.01
284,0.1,0.04,0.03,0.09,0.03,0.01,0.02,0.01
285,0.05,0.07,0.03,0.1,0.03,0.01,0.01,0.01
286,0.05,0.07,0.03,0.1,0.03,0.01,0.02,0.01
287,0.07,0.07,0.04,0.1,0.03,0.01,0.01,0.01
288,0.1,0.07,0.03,0.1,0.03,0.01,0.02,0.01
289,0.07,0.04,0.03,0.1,0.03,0.01,0.01,0.01
290,0.1,0.07,0.04,0.1,0.03,0.01,0.01,0.01
291,0.08,0.07,0.03,0.1,0.03,0.01,0.01,0.01
292,0.1,0.07,0.03,0.1,0.03,0.01,0.01,0.01
293,0.07,0.07,0.04,0.1,0.03,0.01,0.01,0.01
294,0.08,0.07,0.03,0.1,0.03,0.01,0.01,0.01
295,0.1,0.07,0.03,0.1,0.03,0.01,0.01,0.01
296,0.08,0.07,0.04,0.1,0.03,0.01,0.01,0.01
297,0.07,0.07,0.03,0.1,0.03,0.01,0.01,0.01
298,0.07,0.07,0.04,0.1,0.03,0.01,0.02,0.01
299,0.07,0.07,0.03,0.1,0.03,0.01,0.01,0.01
300,0.07,0.07,0.03,0.1,0.03,0.01,0.01,0.01
301,0.07,0.07,0.03,0.1,0.03,0.01,0.01,0.01
302,0.05,0.07,0.04,0.1,0.03,0.01,0.01,0.01
303,0.08,0.07,0.04,0.1,0.03,0.01,0.01,0.01
304,0.07,0.07,0.04,0.1,0.03,0.01,0.02,0.01
305,0.08,0.07,0.03,0.1,0.03,0.01,0.01,0.01
306,0.08,0.07,0.04,0.1,0.03,0.01,0.01,0.01
307,0.07,0.07,0.03,0.1,0.03,0.01,0.01,0.01
308,0.1,0.07,0.04,0.1,0.03,0.01,0.02,0.01
309,0.08,0.07,0.03,0.1,0.03,0.01,0.01,0.01
310,0.07,0.04,0.03,0.1,0.03,0.01,0.01,0.01
311,0.07,0.07,0.03,0.1,0.03,0.01,0.01,0.01
312,0.08,0.07,0.03,0.1,0.03,0.01,0.01,0.01
313,0.1,0.07,0.04,0.1,0.03,0.01,0.02,0.01
314,0.1,0.07,0.04,0.1,0.03,0.01,0.01,0.01
315,0.07,0.07,0.04,0.1,0.03,0.01,0.01,0.01
316,0.05,0.07,0.04,0.1,0.03,0.01,0.01,0.01
317,0.08,0.09,0.03,0.1,0.03,0.01,0.01,0.01
318,0.08,0.07,0.04,0.1,0.03,0.01,0.01,0.01
319,0.08,0.07,0.04,0.1,0.03,0.01,0.01,0.01
320,0.1,0.07,0.03,0.1,0.03,0.01,0.01,0.01
321,0.08,0.07,0.04,0.1,0.03,0.01,0.01,0.01
322,0.05,0.09,0.03,0.1,0.03,0.01,0.01,0.01
323,0.08,0.07,0.03,0.1,0.03,0.01,0.02,0.01
324,0.07,0.07,0.03,0.1,0.03,0.01,0.01,0.01
325,0.07,0.07,0.03,0.1,0.03,0.01,0.01,0.01
326,0.05,0.07,0.04,0.1,0.03,0.01,0.01,0.01
327,0.1,0.07,0.04,0.1,0.03,0.01,0.02,0.01
328,0.07,0.07,0.04,0.11,0.03,0.01,0.01,0.01
329,0.07,0.07,0.03,0.1,0.03,0.01,0.01,0.01
330,0.08,0.07,0.03,0.11,0.03,0.01,0.01,0.01
331,0.05,0.07,0.03,0.11,0.03,0.01,0.01,0.01
332,0.08,0.07,0.03,0.11,0.03,0.01,0.01,0.01
333,0.05,0.07,0.03,0.11,0.03,0.01,0.01,0.01
334,0.08,0.07,0.04,0.11,0.03,0.01,0.02,0.01
335,0.1,0.07,0.04,0.11,0.03,0.01,0.02,0.01
336,0.1,0.07,0.03,0.11,0.03,0.01,0.01,0.01
337,0.08,0.07,0.03,0.11,0.03,0.01,0.01,0.01
338,0.07,0.07,0.03,0.11,0.03,0.01,0.01,0.01
339,0.07,0.07,0.04,0.11,0.03,0.01,0.02,0.01
340,0.07,0.09,0.04,0.11,0.03,0.01,0.01,0.01
341,0.08,0.07,0.04,0.11,0.03,0.01,0.01,0.01
342,0.08,0.07,0.04,0.11,0.03,0.01,0.01,0.01
343,0.07,0.07,0.04,0.11,0.03,0.01,0.01,0.01
344,0.1,0.07,0.04,0.11,0.03,0.01,0.01,0.01
345,0.08,0.07,0.04,0.11,0.03,0.01,0.01,0.01
346,0.1,0.07,0.04,0.11,0.03,0.01,0.01,0.01
347,0.07,0.09,0.04,0.11,0.03,0.01,0.01,0.01
348,0.05,0.09,0.04,0.11,0.03,0.01,0.01,0.01
349,0.08,0.07,0.05,0.11,0.03,0.01,0.01,0.01
350,0.08,0.07,0.04,0.11,0.03,0.01,0.01,0.01
351,0.1,0.09,0.03,0.11,0.03,0.01,0.01,0.01
352,0.07,0.07,0.04,0.11,0.03,0.01,0.01,0.01
353,0.08,0.07,0.04,0.11,0.03,0.01,0.01,0.01
354,0.08,0.07,0.04,0.11,0.02,0.01,0.01,0.01
355,0.07,0.07,0.04,0.11,0.03,0.01,0.01,0.01
356,0.07,0.07,0.03,0.11,0.03,0.01,0.01,0.01
357,0.1,0.09,0.04,0.11,0.02,0.01,0.01,0.01
358,0.08,0.07,0.03,0.11,0.02,0.01,0.01,0.01
359,0.07,0.07,0.04,0.11,0.03,0.01,0.01,0.01
360,0.07,0.07,0.04,0.11,0.03,0.01,0.01,0.01
361,0.08,0.07,0.03,0.11,0.03,0.01,0.01,0.01
362,0.07,0.09,0.04,0.11,0.02,0.01,0.01,0.01
363,0.08,0.07,0.04,0.11,0.02,0.01,0.01,0.01
364,0.07,0.07,0.04,0.11,0.03,0.01,0.01,0.01
365,0.07,0.07,0.04,0.11,0.03,0.01,0.01,0.01
366,0.1,0.07,0.04,0.11,0.02,0.01,0.01,0.01
367,0.08,0.07,0.03,0.11,0.02,0.01,0.01,0.01
368,0.07,0.09,0.04,0.11,0.03,0.01,0.01,0.01
369,0.07,0.07,0.03,0.11,0.02,0.01,0.01,0.01
370,0.08,0.07,0.04,0.11,0.03,0.01,0.01,0.01
371,0.08,0.09,0.04,0.11,0.02,0.01,0.01,0.01
372,0.07,0.07,0.04,0.11,0.02,0.01,0.01,0.01
373,0.1,0.07,0.04,0.11,0.03,0.01,0.01,0.01
374,0.03,0.09,0.04,0.11,0.03,0.01,0.01,0.01
375,0.08,0.07,0.04,0.11,0.03,0.01,0.01,0.01
376,0.07,0.07,0.04,0.11,0.03,0.01,0.01,0.01
377,0.07,0.07,0.04,0.11,0.03,0.01,0.01,0.01
378,0.05,0.07,0.05,0.11,0.03,0.01,0.01,0.01
379,0.08,0.07,0.04,0.11,0.03,0.01,0.01,0.01
380,0.07,0.09,0.04,0.11,0.03,0.01,0.01,0.01
381,0.07,0.09,0.04,0.11,0.03,0.01,0.01,0.01
382,0.08,0.09,0.05,0.11,0.03,0.01,0.02,0.01
383,0.08,0.09,0.05,0.11,0.03,0.01,0.01,0.01
384,0.08,0.07,0.05,0.11,0.02,0.01,0.01,0.01
385,0.08,0.07,0.05,0.11,0.03,0.01,0.02,0.01
386,0.07,0.09,0.05,0.11,0.03,0.01,0.02,0.01
387,0.08,0.09,0.05,0.11,0.03,0.01,0.02,0.01
388,0.08,0.09,0.05,0.11,0.03,0.01,0.02,0.01
389,0.08,0.09,0.05,0.12,0.03,0.01,0.02,0.01
390,0.07,0.09,0.05,0.12,0.03,0.01,0.02,0.01
391,0.1,0.09,0.06,0.11,0.03,0.01,0.03,0.01
392,0.1,0.09,0.06,0.12,0.03,0.01,0.02,0.02
393,0.07,0.09,0.06,0.12,0.03,0.01,0.03,0.02
394,0.07,0.07,0.06,0.12,0.03,0.01,0.03,0.02
395,0.1,0.09,0.07,0.12,0.03,0.01,0.03,0.02
396,0.08,0.09,0.08,0.12,0.03,0.02,0.03,0.02
397,0.1,0.09,0.07,0.12,0.03,0.02,0.04,0.03
398,0.11,0.11,0.08,0.12,0.04,0.02,0.04,0.03
399,0.11,0.09,0.07,0.12,0.03,0.02,0.04,0.03
400,0.08,0.09,0.07,0.12,0.03,0.02,0.04,0.03
401,0.08,0.09,0.08,0.12,0.04,0.02,0.05,0.03
402,0.08,0.09,0.08,0.12,0.05,0.02,0.05,0.04
403,0.1,0.09,0.08,0.12,0.05,0.02,0.05,0.04
404,0.11,0.11,0.09,0.12,0.05,0.02,0.05,0.04
405,0.11,0.11,0.1,0.13,0.05,0.03,0.06,0.05
406,0.11,0.11,0.1,0.12,0.05,0.03,0.06,0.05
407,0.11,0.13,0.11,0.13,0.05,0.03,0.06,0.05
408,0.13,0.11,0.11,0.12,0.06,0.03,0.06,0.05
409,0.1,0.11,0.12,0.13,0.06,0.03,0.07,0.05
410,0.1,0.13,0.12,0.13,0.06,0.03,0.07,0.06
411,0.1,0.13,0.13,0.13,0.06,0.04,0.07,0.06
412,0.1,0.13,0.13,0.13,0.06,0.04,0.08,0.06
413,0.15,0.16,0.13,0.13,0.06,0.04,0.08,0.07
414,0.13,0.13,0.13,0.13,0.06,0.04,0.08,0.07
415,0.11,0.13,0.14,0.13,0.07,0.05,0.09,0.08
416,0.16,0.16,0.15,0.13,0.07,0.05,0.09,0.08
417,0.15,0.16,0.15,0.14,0.07,0.05,0.1,0.08
418,0.13,0.16,0.15,0.13,0.07,0.05,0.1,0.08
419,0.15,0.16,0.16,0.14,0.07,0.05,0.11,0.09
420,0.15,0.16,0.17,0.14,0.08,0.06,0.11,0.09
421,0.16,0.16,0.18,0.14,0.09,0.06,0.11,0.1
422,0.15,0.16,0.18,0.14,0.09,0.06,0.12,0.1
423,0.18,0.16,0.18,0.14,0.09,0.06,0.12,0.1
424,0.2,0.18,0.19,0.15,0.09,0.07,0.13,0.11
425,0.16,0.18,0.2,0.14,0.1,0.07,0.13,0.11
426,0.18,0.18,0.21,0.15,0.1,0.07,0.13,0.11
427,0.2,0.18,0.22,0.16,0.1,0.08,0.14,0.12
428,0.21,0.18,0.22,0.16,0.1,0.08,0.14,0.12
429,0.2,0.2,0.24,0.16,0.11,0.08,0.15,0.13
430,0.18,0.2,0.24,0.16,0.11,0.09,0.15,0.13
431,0.18,0.22,0.25,0.16,0.11,0.09,0.16,0.14
432,0.21,0.24,0.28,0.17,0.13,0.1,0.18,0.16
433,0.21,0.24,0.29,0.17,0.14,0.11,0.19,0.16
434,0.25,0.27,0.29,0.18,0.14,0.11,0.19,0.17
435,0.23,0.27,0.3,0.18,0.14,0.11,0.2,0.18
436,0.21,0.27,0.31,0.18,0.14,0.12,0.2,0.18
437,0.26,0.29,0.32,0.18,0.15,0.13,0.21,0.19
438,0.25,0.27,0.33,0.19,0.15,0.13,0.22,0.19
439,0.26,0.27,0.33,0.19,0.16,0.14,0.22,0.2
440,0.26,0.29,0.34,0.19,0.16,0.14,0.23,0.2
441,0.25,0.29,0.34,0.19,0.17,0.14,0.23,0.2
442,0.3,0.29,0.35,0.19,0.17,0.15,0.23,0.2
443,0.25,0.29,0.36,0.2,0.18,0.15,0.24,0.21
444,0.26,0.29,0.36,0.2,0.18,0.15,0.25,0.22
445,0.31,0.33,0.39,0.21,0.2,0.17,0.27,0.24
446,0.3,0.31,0.39,0.21,0.2,0.18,0.28,0.25
447,0.31,0.33,0.39,0.21,0.2,0.18,0.28,0.25
448,0.31,0.36,0.4,0.21,0.22,0.19,0.29,0.27
449,0.33,0.36,0.4,0.22,0.22,0.19,0.3,0.27
450,0.3,0.36,0.41,0.22,0.22,0.19,0.3,0.27
451,0.3,0.36,0.42,0.22,0.23,0.2,0.3,0.28
452,0.3,0.38,0.42,0.22,0.23,0.2,0.32,0.29
453,0.31,0.38,0.42,0.23,0.24,0.21,0.32,0.29
454,0.3,0.38,0.43,0.24,0.24,0.21,0.33,0.3
455,0.34,0.38,0.44,0.23,0.25,0.21,0.33,0.3
456,0.33,0.38,0.44,0.24,0.26,0.22,0.33,0.31
457,0.31,0.4,0.45,0.24,0.26,0.23,0.34,0.32
458,0.33,0.4,0.45,0.24,0.27,0.23,0.35,0.33
459,0.33,0.4,0.45,0.24,0.27,0.24,0.35,0.33
460,0.34,0.4,0.45,0.24,0.28,0.24,0.36,0.33
461,0.36,0.4,0.46,0.25,0.28,0.25,0.37,0.34
462,0.34,0.42,0.47,0.25,0.29,0.25,0.37,0.35
463,0.38,0.42,0.46,0.25,0.29,0.25,0.37,0.35
464,0.36,0.4,0.47,0.25,0.3,0.26,0.38,0.36
465,0.36,0.42,0.48,0.26,0.3,0.27,0.39,0.37
466,0.36,0.42,0.48,0.26,0.31,0.27,0.39,0.37
467,0.36,0.42,0.49,0.26,0.31,0.28,0.39,0.37
468,0.41,0.42,0.5,0.26,0.32,0.28,0.4,0.38
469,0.39,0.42,0.5,0.27,0.32,0.29,0.4,0.38
470,0.43,0.42,0.5,0.27,0.32,0.29,0.41,0.39
471,0.41,0.42,0.51,0.27,0.34,0.3,0.42,0.4
472,0.39,0.42,0.51,0.27,0.34,0.3,0.42,0.4
473,0.43,0.42,0.51,0.27,0.34,0.3,0.42,0.4
474,0.43,0.42,0.53,0.28,0.35,0.31,0.43,0.4
475,0.43,0.42,0.54,0.28,0.35,0.32,0.43,0.41
476,0.41,0.44,0.54,0.28,0.36,0.32,0.44,0.41
477,0.46,0.42,0.54,0.28,0.36,0.32,0.44,0.41
478,0.43,0.44,0.55,0.29,0.37,0.33,0.44,0.42
479,0.46,0.44,0.55,0.29,0.38,0.33,0.44,0.42
480,0.48,0.44,0.56,0.29,0.38,0.34,0.44,0.42
481,0.46,0.44,0.55,0.29,0.38,0.34,0.45,0.42
482,0.44,0.44,0.57,0.29,0.38,0.35,0.45,0.43
483,0.46,0.44,0.57,0.3,0.39,0.35,0.46,0.43
484,0.46,0.47,0.58,0.3,0.39,0.36,0.46,0.44
485,0.48,0.49,0.6,0.3,0.4,0.36,0.46,0.44
486,0.48,0.49,0.59,0.3,0.4,0.36,0.46,0.44
487,0.52,0.49,0.6,0.31,0.4,0.37,0.47,0.44
488,0.52,0.49,0.61,0.31,0.41,0.37,0.47,0.45
489,0.51,0.51,0.61,0.32,0.41,0.38,0.48,0.45
490,0.51,0.49,0.61,0.32,0.41,0.38,0.48,0.46
491,0.54,0.51,0.61,0.32,0.42,0.38,0.48,0.46
492,0.52,0.51,0.62,0.33,0.42,0.39,0.49,0.47
493,0.54,0.53,0.62,0.33,0.43,0.39,0.49,0.47
494,0.56,0.53,0.63,0.33,0.43,0.4,0.49,0.46
495,0.56,0.53,0.64,0.33,0.43,0.4,0.49,0.47
496,0.54,0.56,0.65,0.34,0.44,0.4,0.5,0.47
497,0.54,0.56,0.65,0.34,0.44,0.41,0.5,0.47
498,0.54,0.58,0.65,0.34,0.44,0.41,0.5,0.48
499,0.59,0.56,0.66,0.35,0.45,0.42,0.5,0.48
500,0.61,0.58,0.66,0.34,0.45,0.42,0.5,0.48
501,0.61,0.58,0.67,0.35,0.45,0.42,0.51,0.48
502,0.57,0.58,0.67,0.35,0.45,0.43,0.51,0.49
503,0.59,0.6,0.68,0.35,0.46,0.43,0.52,0.49
504,0.62,0.6,0.69,0.36,0.46,0.44,0.52,0.49
505,0.59,0.6,0.7,0.36,0.47,0.45,0.52,0.5
506,0.59,0.62,0.7,0.36,0.47,0.45,0.53,0.5
507,0.59,0.62,0.71,0.36,0.48,0.45,0.53,0.5
508,0.62,0.62,0.71,0.37,0.48,0.45,0.53,0.51
509,0.64,0.62,0.72,0.37,0.48,0.46,0.54,0.51
510,0.62,0.64,0.72,0.38,0.49,0.46,0.55,0.51
511,0.61,0.64,0.72,0.38,0.49,0.47,0.55,0.52
512,0.66,0.64,0.73,0.39,0.49,0.47,0.56,0.52
513,0.62,0.67,0.76,0.4,0.52,0.49,0.58,0.54
514,0.66,0.67,0.76,0.4,0.52,0.5,0.59,0.55
515,0.64,0.67,0.76,0.41,0.53,0.5,0.6,0.56
516,0.66,0.67,0.77,0.41,0.53,0.5,0.6,0.56
517,0.66,0.67,0.77,0.41,0.54,0.51,0.61,0.56
518,0.62,0.69,0.77,0.42,0.55,0.52,0.61,0.57
519,0.67,0.69,0.78,0.42,0.55,0.52,0.62,0.58
520,0.67,0.69,0.78,0.42,0.55,0.52,0.62,0.58
521,0.66,0.69,0.79,0.42,0.57,0.53,0.64,0.6
522,0.67,0.69,0.79,0.43,0.57,0.53,0.64,0.6
523,0.67,0.69,0.79,0.43,0.57,0.54,0.65,0.6
524,0.66,0.71,0.8,0.43,0.58,0.55,0.65,0.61
525,0.7,0.71,0.8,0.44,0.59,0.55,0.66,0.62
526,0.69,0.73,0.81,0.44,0.6,0.55,0.66,0.62
527,0.7,0.71,0.81,0.45,0.6,0.56,0.67,0.63
528,0.66,0.73,0.81,0.45,0.6,0.56,0.67,0.63
529,0.7,0.73,0.82,0.45,0.61,0.57,0.68,0.64
530,0.7,0.73,0.82,0.47,0.62,0.59,0.68,0.65
531,0.72,0.73,0.82,0.47,0.62,0.59,0.69,0.65
532,0.7,0.76,0.83,0.47,0.63,0.6,0.69,0.66
533,0.72,0.73,0.84,0.48,0.64,0.6,0.69,0.66
534,0.69,0.76,0.84,0.48,0.64,0.6,0.69,0.66
535,0.72,0.73,0.84,0.48,0.64,0.61,0.7,0.67
536,0.72,0.76,0.85,0.49,0.64,0.61,0.7,0.67
537,0.74,0.76,0.85,0.49,0.65,0.62,0.7,0.67
538,0.7,0.76,0.85,0.49,0.65,0.62,0.71,0.67
539,0.72,0.76,0.86,0.5,0.65,0.62,0.71,0.68
540,0.72,0.78,0.85,0.5,0.65,0.62,0.71,0.68
541,0.72,0.76,0.85,0.5,0.66,0.63,0.71,0.68
542,0.74,0.76,0.86,0.51,0.66,0.64,0.72,0.69
543,0.72,0.78,0.86,0.51,0.66,0.64,0.72,0.69
544,0.74,0.78,0.86,0.51,0.67,0.64,0.72,0.69
545,0.75,0.78,0.86,0.51,0.67,0.64,0.72,0.69
546,0.72,0.78,0.86,0.52,0.68,0.65,0.72,0.7
547,0.75,0.78,0.86,0.52,0.68,0.65,0.72,0.71
548,0.72,0.78,0.87,0.52,0.68,0.65,0.73,0.7
549,0.75,0.78,0.86,0.53,0.68,0.66,0.73,0.71
550,0.72,0.78,0.86,0.53,0.69,0.66,0.73,0.71
551,0.74,0.8,0.86,0.53,0.69,0.66,0.73,0.71
552,0.74,0.8,0.86,0.53,0.69,0.67,0.73,0.72
553,0.77,0.8,0.86,0.55,0.7,0.67,0.74,0.72
554,0.72,0.8,0.87,0.55,0.7,0.68,0.74,0.72
555,0.77,0.8,0.87,0.55,0.7,0.68,0.74,0.72
556,0.77,0.8,0.87,0.55,0.7,0.69,0.74,0.73
557,0.77,0.78,0.86,0.55,0.7,0.69,0.74,0.73
558,0.74,0.8,0.87,0.56,0.71,0.69,0.74,0.73
559,0.79,0.8,0.87,0.56,0.71,0.69,0.74,0.73
560,0.77,0.82,0.87,0.57,0.71,0.69,0.74,0.73
561,0.77,0.8,0.87,0.57,0.72,0.7,0.75,0.73
562,0.77,0.8,0.87,0.57,0.72,0.7,0.75,0.73
563,0.77,0.8,0.87,0.57,0.72,0.7,0.75,0.74
564,0.8,0.82,0.87,0.57,0.72,0.7,0.75,0.74
565,0.75,0.8,0.88,0.58,0.73,0.7,0.75,0.74
566,0.75,0.82,0.87,0.58,0.73,0.7,0.76,0.74
567,0.79,0.82,0.87,0.58,0.73,0.71,0.76,0.75
568,0.8,0.82,0.88,0.59,0.73,0.71,0.76,0.75
569,0.79,0.82,0.87,0.59,0.73,0.72,0.76,0.75
570,0.79,0.82,0.88,0.59,0.73,0.72,0.76,0.75
571,0.79,0.82,0.88,0.59,0.74,0.72,0.77,0.76
572,0.77,0.82,0.88,0.59,0.74,0.72,0.77,0.75
573,0.77,0.82,0.88,0.6,0.74,0.72,0.77,0.75
574,0.77,0.82,0.88,0.6,0.74,0.73,0.77,0.76
575,0.79,0.84,0.88,0.6,0.74,0.73,0.78,0.76
576,0.79,0.84,0.89,0.61,0.75,0.73,0.77,0.76
577,0.8,0.84,0.89,0.61,0.75,0.73,0.77,0.76
578,0.77,0.84,0.89,0.61,0.75,0.73,0.78,0.76
579,0.82,0.84,0.88,0.61,0.75,0.74,0.77,0.77
580,0.8,0.84,0.89,0.61,0.76,0.74,0.77,0.76
581,0.8,0.84,0.89,0.62,0.76,0.74,0.77,0.77
582,0.8,0.84,0.9,0.62,0.76,0.74,0.77,0.77
583,0.82,0.84,0.89,0.62,0.76,0.74,0.77,0.77
584,0.84,0.84,0.89,0.63,0.76,0.74,0.77,0.77
585,0.85,0.84,0.89,0.63,0.76,0.75,0.77,0.77
586,0.84,0.84,0.89,0.63,0.76,0.75,0.77,0.77
587,0.84,0.84,0.91,0.64,0.77,0.75,0.76,0.77
588,0.85,0.87,0.9,0.64,0.76,0.75,0.76,0.76
589,0.87,0.87,0.9,0.65,0.77,0.75,0.76,0.77
590,0.82,0.87,0.91,0.65,0.77,0.75,0.76,0.76
591,0.85,0.87,0.9,0.65,0.77,0.75,0.75,0.76
592,0.84,0.87,0.91,0.65,0.77,0.75,0.76,0.76
593,0.82,0.84,0.9,0.65,0.77,0.75,0.75,0.76
594,0.87,0.84,0.9,0.66,0.77,0.76,0.75,0.76
595,0.84,0.84,0.9,0.66,0.77,0.76,0.75,0.76
596,0.84,0.84,0.91,0.66,0.77,0.75,0.75,0.76
597,0.84,0.84,0.9,0.66,0.77,0.76,0.75,0.76
598,0.87,0.84,0.91,0.66,0.77,0.76,0.75,0.76
599,0.84,0.84,0.91,0.66,0.77,0.76,0.75,0.76
600,0.84,0.84,0.91,0.67,0.77,0.76,0.75,0.76
601,0.84,0.84,0.91,0.67,0.77,0.76,0.75,0.76
602,0.85,0.84,0.91,0.67,0.77,0.76,0.76,0.76
603,0.84,0.84,0.91,0.68,0.77,0.77,0.75,0.76
604,0.87,0.82,0.91,0.67,0.77,0.77,0.75,0.76
605,0.87,0.87,0.91,0.68,0.77,0.77,0.76,0.76
606,0.89,0.84,0.92,0.68,0.77,0.77,0.76,0.76
607,0.85,0.84,0.92,0.68,0.78,0.77,0.76,0.76
608,0.89,0.84,0.92,0.68,0.78,0.77,0.76,0.76
609,0.89,0.87,0.92,0.68,0.78,0.78,0.76,0.76
610,0.85,0.87,0.92,0.69,0.78,0.78,0.76,0.76
611,0.89,0.87,0.92,0.69,0.78,0.78,0.76,0.76
612,0.87,0.87,0.92,0.7,0.78,0.78,0.77,0.77
613,0.85,0.87,0.93,0.7,0.78,0.78,0.77,0.77
614,0.89,0.87,0.92,0.7,0.78,0.78,0.77,0.77
615,0.87,0.89,0.93,0.7,0.78,0.79,0.77,0.77
616,0.9,0.89,0.92,0.7,0.79,0.79,0.78,0.77
617,0.89,0.89,0.92,0.71,0.79,0.79,0.78,0.78
618,0.9,0.89,0.93,0.71,0.79,0.79,0.78,0.78
619,0.87,0.89,0.93,0.71,0.8,0.79,0.79,0.78
620,0.87,0.89,0.93,0.71,0.8,0.79,0.79,0.79
621,0.9,0.89,0.94,0.72,0.8,0.79,0.79,0.79
622,0.89,0.89,0.94,0.72,0.8,0.8,0.79,0.79
623,0.87,0.91,0.94,0.72,0.8,0.8,0.8,0.8
624,0.9,0.91,0.94,0.72,0.8,0.8,0.8,0.79
625,0.9,0.89,0.94,0.72,0.8,0.8,0.81,0.8
626,0.89,0.89,0.94,0.72,0.81,0.8,0.81,0.8
627,0.9,0.89,0.94,0.73,0.81,0.8,0.81,0.8
628,0.89,0.89,0.94,0.73,0.81,0.81,0.82,0.8
629,0.9,0.89,0.94,0.73,0.81,0.81,0.83,0.81
630,0.87,0.89,0.94,0.73,0.81,0.81,0.83,0.81
631,0.87,0.89,0.94,0.74,0.82,0.82,0.83,0.81
632,0.89,0.91,0.94,0.74,0.82,0.82,0.83,0.82
633,0.9,0.89,0.94,0.74,0.82,0.82,0.84,0.82
634,0.89,0.89,0.94,0.74,0.82,0.82,0.84,0.82
635,0.87,0.89,0.94,0.74,0.82,0.83,0.84,0.82
636,0.9,0.89,0.95,0.75,0.82,0.83,0.85,0.83
637,0.92,0.91,0.95,0.75,0.82,0.83,0.85,0.83
638,0.9,0.89,0.95,0.75,0.83,0.83,0.85,0.83
639,0.9,0.89,0.95,0.75,0.83,0.84,0.86,0.83
640,0.89,0.89,0.95,0.75,0.83,0.84,0.86,0.83
641,0.87,0.89,0.96,0.76,0.84,0.84,0.86,0.84
642,0.92,0.89,0.96,0.76,0.84,0.84,0.87,0.84
643,0.9,0.89,0.96,0.76,0.84,0.84,0.87,0.84
644,0.9,0.89,0.96,0.76,0.84,0.85,0.87,0.84
645,0.9,0.89,0.96,0.76,0.84,0.85,0.88,0.85
646,0.9,0.89,0.96,0.76,0.84,0.85,0.88,0.85
647,0.89,0.89,0.95,0.76,0.85,0.85,0.88,0.85
648,0.92,0.89,0.95,0.76,0.84,0.85,0.88,0.85
649,0.9,0.89,0.96,0.77,0.85,0.85,0.88,0.85
650,0.89,0.89,0.96,0.77,0.85,0.85,0.88,0.85
651,0.92,0.89,0.96,0.78,0.85,0.85,0.88,0.86
652,0.9,0.89,0.97,0.78,0.85,0.86,0.88,0.85
653,0.89,0.89,0.97,0.78,0.86,0.86,0.87,0.86
654,0.92,0.91,0.96,0.79,0.86,0.86,0.87,0.86
655,0.89,0.91,0.96,0.79,0.86,0.86,0.87,0.85
656,0.9,0.91,0.97,0.79,0.86,0.86,0.87,0.85
657,0.93,0.91,0.96,0.79,0.86,0.86,0.87,0.86
658,0.9,0.91,0.97,0.79,0.86,0.86,0.87,0.86
659,0.93,0.91,0.96,0.79,0.86,0.86,0.87,0.86
660,0.92,0.91,0.97,0.8,0.86,0.86,0.86,0.85
661,0.89,0.91,0.97,0.8,0.86,0.86,0.86,0.85
662,0.92,0.91,0.97,0.8,0.86,0.86,0.86,0.85
663,0.92,0.93,0.97,0.8,0.86,0.86,0.85,0.85
664,0.92,0.93,0.97,0.8,0.86,0.86,0.85,0.85
665,0.93,0.91,0.97,0.8,0.86,0.86,0.85,0.85
666,0.92,0.91,0.97,0.8,0.86,0.86,0.85,0.85
667,0.9,0.93,0.97,0.81,0.86,0.86,0.84,0.85
668,0.9,0.93,0.96,0.81,0.86,0.86,0.85,0.85
669,0.93,0.91,0.96,0.81,0.86,0.86,0.84,0.85
670,0.9,0.93,0.96,0.81,0.86,0.86,0.84,0.85
671,0.9,0.93,0.96,0.81,0.85,0.86,0.84,0.85
672,0.93,0.93,0.96,0.81,0.86,0.86,0.84,0.85
673,0.93,0.93,0.96,0.82,0.86,0.86,0.84,0.85
674,0.92,0.93,0.96,0.81,0.86,0.86,0.84,0.85
675,0.95,0.93,0.96,0.81,0.85,0.86,0.84,0.85
676,0.93,0.93,0.96,0.81,0.85,0.86,0.84,0.85
677,0.93,0.93,0.95,0.82,0.85,0.86,0.84,0.84
678,0.9,0.93,0.95,0.82,0.86,0.86,0.84,0.85
679,0.92,0.93,0.96,0.82,0.86,0.86,0.84,0.85
680,0.92,0.93,0.96,0.82,0.85,0.87,0.83,0.85
681,0.92,0.93,0.96,0.82,0.85,0.86,0.83,0.85
682,0.95,0.93,0.96,0.82,0.85,0.86,0.83,0.84
683,0.93,0.93,0.96,0.82,0.86,0.86,0.83,0.85
684,0.93,0.93,0.96,0.83,0.85,0.87,0.83,0.85
685,0.95,0.93,0.95,0.83,0.85,0.86,0.83,0.84
686,0.93,0.93,0.96,0.83,0.85,0.86,0.83,0.85
687,0.92,0.93,0.96,0.83,0.85,0.87,0.83,0.85
688,0.92,0.93,0.95,0.83,0.85,0.87,0.83,0.85
689,0.93,0.93,0.96,0.83,0.86,0.87,0.83,0.85
690,0.93,0.93,0.96,0.83,0.86,0.87,0.84,0.85
691,0.93,0.93,0.95,0.83,0.86,0.87,0.84,0.85
692,0.92,0.93,0.95,0.83,0.86,0.86,0.84,0.85
693,0.9,0.93,0.96,0.84,0.86,0.87,0.84,0.85
694,0.9,0.93,0.95,0.84,0.86,0.87,0.84,0.85
695,0.93,0.91,0.96,0.84,0.86,0.87,0.85,0.85
696,0.95,0.91,0.96,0.83,0.86,0.87,0.85,0.85
697,0.92,0.93,0.95,0.84,0.86,0.87,0.85,0.85
698,0.92,0.91,0.96,0.84,0.86,0.88,0.85,0.86
699,0.9,0.93,0.96,0.84,0.86,0.87,0.85,0.86
700,0.9,0.91,0.96,0.84,0.86,0.88,0.86,0.86
701,0.93,0.93,0.96,0.85,0.87,0.88,0.86,0.87
702,0.92,0.93,0.96,0.84,0.87,0.88,0.86,0.87
703,0.93,0.93,0.96,0.84,0.87,0.88,0.86,0.87
704,0.93,0.93,0.96,0.85,0.88,0.89,0.87,0.87
705,0.9,0.93,0.97,0.85,0.88,0.89,0.87,0.87
706,0.9,0.93,0.96,0.85,0.88,0.89,0.87,0.87
707,0.92,0.93,0.97,0.85,0.88,0.89,0.87,0.88
708,0.93,0.93,0.96,0.86,0.88,0.89,0.88,0.88
709,0.92,0.93,0.96,0.86,0.88,0.89,0.87,0.88
710,0.95,0.93,0.96,0.86,0.88,0.9,0.88,0.88
711,0.92,0.93,0.97,0.86,0.88,0.9,0.88,0.88
712,0.92,0.93,0.97,0.86,0.88,0.9,0.88,0.89
713,0.93,0.93,0.96,0.86,0.89,0.9,0.88,0.89
714,0.92,0.93,0.96,0.86,0.89,0.9,0.88,0.89
715,0.93,0.96,0.97,0.86,0.89,0.9,0.88,0.89
716,0.9,0.96,0.97,0.87,0.89,0.9,0.89,0.89
717,0.9,0.96,0.97,0.87,0.89,0.9,0.89,0.89
718,0.92,0.96,0.97,0.87,0.89,0.9,0.89,0.89
719,0.95,0.93,0.97,0.87,0.89,0.91,0.89,0.9
720,0.9,0.93,0.97,0.87,0.89,0.91,0.89,0.9
721,0.92,0.96,0.97,0.87,0.89,0.91,0.89,0.9
722,0.9,0.96,0.96,0.87,0.89,0.91,0.88,0.9
723,0.9,0.93,0.97,0.87,0.89,0.91,0.88,0.89
724,0.92,0.93,0.96,0.87,0.9,0.91,0.88,0.9
725,0.93,0.93,0.96,0.87,0.9,0.91,0.88,0.89
726,0.9,0.93,0.95,0.88,0.89,0.91,0.88,0.89
727,0.9,0.93,0.95,0.88,0.89,0.91,0.88,0.89
728,0.93,0.93,0.96,0.87,0.9,0.91,0.88,0.89
729,0.9,0.96,0.95,0.88,0.89,0.91,0.87,0.89
730,0.92,0.96,0.95,0.88,0.9,0.91,0.87,0.89
731,0.93,0.93,0.95,0.88,0.9,0.91,0.87,0.89
732,0.93,0.96,0.96,0.88,0.9,0.91,0.87,0.88
733,0.89,0.93,0.95,0.88,0.9,0.91,0.87,0.88
734,0.9,0.96,0.95,0.88,0.9,0.91,0.87,0.88
735,0.92,0.96,0.95,0.88,0.9,0.91,0.87,0.88
736,0.92,0.96,0.95,0.88,0.9,0.91,0.87,0.88
737,0.92,0.96,0.95,0.88,0.9,0.91,0.88,0.88
738,0.92,0.96,0.95,0.89,0.9,0.91,0.88,0.88
739,0.9,0.96,0.95,0.88,0.9,0.91,0.88,0.88
740,0.9,0.96,0.94,0.88,0.9,0.91,0.88,0.88
741,0.92,0.96,0.94,0.88,0.9,0.91,0.88,0.89
742,0.87,0.96,0.94,0.89,0.9,0.91,0.88,0.89
743,0.9,0.96,0.94,0.88,0.9,0.91,0.88,0.88
744,0.92,0.96,0.94,0.89,0.9,0.91,0.87,0.88
745,0.92,0.96,0.94,0.89,0.9,0.91,0.87,0.88
746,0.92,0.96,0.93,0.89,0.9,0.9,0.86,0.88
747,0.92,0.96,0.94,0.89,0.9,0.91,0.86,0.88
748,0.89,0.96,0.93,0.89,0.9,0.9,0.86,0.87
749,0.92,0.96,0.93,0.89,0.9,0.9,0.85,0.87
750,0.9,0.96,0.93,0.89,0.9,0.9,0.85,0.87
751,0.89,0.96,0.93,0.89,0.9,0.9,0.84,0.86
752,0.89,0.96,0.93,0.89,0.9,0.9,0.84,0.86
753,0.9,0.96,0.93,0.89,0.9,0.9,0.83,0.86
754,0.93,0.96,0.93,0.89,0.89,0.9,0.83,0.86
755,0.9,0.93,0.93,0.89,0.89,0.9,0.83,0.85
756,0.93,0.96,0.94,0.89,0.89,0.89,0.83,0.85
757,0.93,0.96,0.94,0.89,0.89,0.89,0.82,0.85
758,0.92,0.93,0.93,0.89,0.89,0.9,0.82,0.84
759,0.92,0.93,0.94,0.89,0.89,0.89,0.82,0.84
760,0.95,0.93,0.94,0.89,0.89,0.89,0.82,0.84
761,0.93,0.93,0.95,0.89,0.89,0.89,0.82,0.84
762,0.97,0.93,0.94,0.89,0.88,0.88,0.81,0.84
763,0.93,0.93,0.94,0.89,0.88,0.88,0.81,0.83
764,0.93,0.93,0.95,0.9,0.88,0.89,0.81,0.83
765,0.97,0.93,0.95,0.89,0.88,0.88,0.81,0.83
766,0.95,0.93,0.95,0.9,0.88,0.88,0.81,0.83
767,0.97,0.96,0.95,0.9,0.88,0.88,0.81,0.83
768,0.93,0.96,0.95,0.89,0.88,0.88,0.81,0.83
769,0.97,0.96,0.95,0.9,0.88,0.88,0.82,0.83
770,0.93,0.96,0.96,0.9,0.88,0.88,0.82,0.83
771,0.97,0.96,0.96,0.9,0.88,0.88,0.82,0.83
772,0.93,0.96,0.96,0.9,0.88,0.88,0.83,0.83
773,0.97,0.98,0.95,0.9,0.88,0.88,0.83,0.83
774,0.92,0.98,0.95,0.9,0.88,0.88,0.83,0.83
775,0.93,0.96,0.95,0.9,0.88,0.88,0.83,0.83
776,0.95,0.96,0.95,0.9,0.88,0.88,0.84,0.84
777,0.95,0.96,0.95,0.9,0.88,0.88,0.84,0.84
778,0.95,0.96,0.95,0.9,0.88,0.88,0.85,0.84
779,0.93,0.93,0.96,0.9,0.88,0.89,0.85,0.84
780,0.92,0.93,0.95,0.9,0.88,0.89,0.86,0.85
781,0.95,0.93,0.95,0.9,0.88,0.88,0.86,0.85
782,0.92,0.93,0.95,0.9,0.88,0.89,0.86,0.85
783,0.92,0.93,0.95,0.9,0.89,0.89,0.86,0.85
784,0.92,0.93,0.95,0.9,0.89,0.88,0.86,0.85
785,0.95,0.91,0.95,0.9,0.89,0.89,0.86,0.85
786,0.92,0.93,0.94,0.91,0.89,0.88,0.86,0.85
787,0.9,0.91,0.94,0.9,0.89,0.89,0.86,0.86
788,0.93,0.93,0.94,0.9,0.89,0.89,0.87,0.86
789,0.9,0.93,0.94,0.9,0.89,0.88,0.86,0.85
790,0.9,0.93,0.94,0.91,0.89,0.89,0.86,0.86
791,0.92,0.93,0.94,0.91,0.89,0.89,0.86,0.86
792,0.95,0.93,0.94,0.91,0.89,0.89,0.86,0.86
793,0.93,0.96,0.93,0.91,0.89,0.89,0.86,0.86
794,0.93,0.93,0.94,0.91,0.89,0.89,0.86,0.86
795,0.92,0.93,0.94,0.91,0.89,0.88,0.86,0.86
796,0.9,0.93,0.94,0.91,0.89,0.88,0.86,0.86
797,0.92,0.93,0.94,0.91,0.89,0.88,0.86,0.86
798,0.95,0.93,0.94,0.91,0.89,0.89,0.86,0.86
799,0.93,0.93,0.94,0.91,0.89,0.89,0.86,0.86
800,0.9,0.96,0.95,0.91,0.88,0.89,0.86,0.86
801,0.93,0.93,0.94,0.91,0.88,0.89,0.85,0.86
802,0.93,0.93,0.94,0.91,0.88,0.88,0.85,0.85
803,0.92,0.93,0.94,0.91,0.88,0.89,0.85,0.85
804,0.92,0.93,0.94,0.91,0.88,0.89,0.85,0.85
805,0.95,0.93,0.94,0.91,0.88,0.89,0.85,0.85
806,0.93,0.93,0.94,0.91,0.88,0.88,0.84,0.85
807,0.93,0.93,0.94,0.91,0.88,0.89,0.84,0.85
808,0.92,0.93,0.94,0.91,0.88,0.89,0.84,0.85
809,0.92,0.93,0.94,0.91,0.88,0.89,0.84,0.85
810,0.92,0.93,0.94,0.91,0.88,0.89,0.84,0.85
811,0.93,0.93,0.95,0.92,0.88,0.89,0.84,0.85
812,0.92,0.93,0.95,0.91,0.88,0.88,0.84,0.85
813,0.95,0.93,0.95,0.91,0.88,0.89,0.83,0.84
814,0.95,0.93,0.95,0.91,0.88,0.89,0.83,0.85
815,0.93,0.93,0.96,0.92,0.88,0.89,0.83,0.84
816,0.93,0.93,0.96,0.92,0.87,0.89,0.83,0.84
817,0.97,0.93,0.95,0.92,0.87,0.89,0.83,0.84
818,0.95,0.93,0.95,0.92,0.87,0.89,0.83,0.84
819,0.97,0.93,0.96,0.91,0.87,0.89,0.83,0.84
820,0.93,0.93,0.96,0.91,0.87,0.89,0.83,0.84
821,0.97,0.91,0.96,0.91,0.87,0.89,0.83,0.84
822,0.95,0.93,0.96,0.92,0.87,0.89,0.83,0.84
823,0.95,0.93,0.96,0.92,0.87,0.89,0.83,0.84
824,0.95,0.93,0.96,0.92,0.87,0.89,0.83,0.84
825,0.97,0.93,0.96,0.92,0.87,0.9,0.83,0.84
826,0.97,0.93,0.96,0.92,0.87,0.89,0.82,0.84
827,0.95,0.93,0.96,0.92,0.87,0.9,0.82,0.84
828,0.95,0.93,0.96,0.93,0.87,0.89,0.82,0.84
829,0.95,0.93,0.96,0.93,0.87,0.9,0.82,0.83
830,0.95,0.93,0.97,0.93,0.87,0.9,0.82,0.83
831,0.95,0.93,0.96,0.93,0.87,0.9,0.81,0.83
832,0.95,0.93,0.96,0.93,0.87,0.9,0.81,0.83
833,0.98,0.96,0.97,0.93,0.87,0.9,0.8,0.83
834,0.95,0.93,0.97,0.93,0.87,0.9,0.8,0.83
835,1.0,0.93,0.97,0.93,0.87,0.9,0.8,0.82
836,0.97,0.93,0.97,0.93,0.87,0.9,0.8,0.82
837,0.97,0.93,0.97,0.93,0.87,0.9,0.8,0.82
838,1.0,0.96,0.97,0.93,0.87,0.9,0.8,0.82
839,0.98,0.96,0.97,0.93,0.87,0.9,0.8,0.82
840,0.97,0.96,0.97,0.93,0.87,0.9,0.8,0.82
841,0.98,0.96,0.97,0.93,0.86,0.9,0.8,0.82
842,0.97,0.96,0.97,0.93,0.87,0.9,0.81,0.82
843,0.98,0.96,0.97,0.93,0.87,0.9,0.81,0.82
844,0.98,0.96,0.97,0.94,0.87,0.9,0.81,0.82
845,0.98,0.96,0.96,0.93,0.88,0.9,0.81,0.83
846,0.95,0.96,0.96,0.94,0.88,0.9,0.82,0.83
847,0.98,0.98,0.95,0.94,0.88,0.9,0.82,0.83
848,0.95,0.96,0.95,0.93,0.88,0.9,0.83,0.83
849,0.95,0.96,0.95,0.93,0.88,0.9,0.83,0.83
850,0.95,0.96,0.95,0.94,0.88,0.9,0.83,0.83
851,0.97,0.93,0.95,0.93,0.88,0.9,0.83,0.84
852,0.93,0.96,0.94,0.93,0.88,0.9,0.84,0.84
853,0.97,0.96,0.94,0.94,0.88,0.9,0.83,0.84
854,0.93,0.96,0.95,0.93,0.88,0.9,0.83,0.84
855,0.97,0.96,0.94,0.94,0.88,0.9,0.83,0.84
856,0.92,0.96,0.94,0.94,0.88,0.9,0.83,0.84
857,0.93,0.96,0.94,0.93,0.88,0.9,0.83,0.84
858,0.95,0.96,0.94,0.94,0.88,0.9,0.83,0.84
859,0.93,0.96,0.94,0.94,0.88,0.9,0.83,0.84
860,0.95,0.96,0.94,0.94,0.88,0.9,0.83,0.84
861,0.95,0.96,0.94,0.94,0.88,0.89,0.83,0.84
862,0.92,0.96,0.94,0.94,0.88,0.89,0.83,0.84
863,0.92,0.96,0.94,0.94,0.88,0.9,0.83,0.84
864,0.93,0.96,0.94,0.94,0.88,0.89,0.82,0.83
865,0.95,0.93,0.94,0.94,0.88,0.89,0.82,0.83
866,0.92,0.93,0.94,0.94,0.88,0.89,0.82,0.83
867,0.92,0.96,0.94,0.94,0.88,0.89,0.82,0.82
868,0.93,0.93,0.95,0.94,0.88,0.89,0.81,0.82
869,0.93,0.93,0.95,0.94,0.88,0.88,0.81,0.82
870,0.92,0.93,0.94,0.94,0.87,0.88,0.81,0.81
871,0.9,0.91,0.94,0.94,0.86,0.88,0.8,0.81
872,0.93,0.91,0.94,0.94,0.86,0.88,0.8,0.8
873,0.95,0.91,0.94,0.94,0.86,0.88,0.8,0.8
874,0.92,0.91,0.94,0.94,0.86,0.87,0.8,0.8
875,0.9,0.89,0.94,0.94,0.86,0.87,0.8,0.8
876,0.9,0.89,0.94,0.94,0.86,0.87,0.8,0.8
877,0.93,0.89,0.94,0.94,0.85,0.87,0.8,0.8
878,0.93,0.89,0.94,0.94,0.86,0.87,0.8,0.8
879,0.95,0.89,0.95,0.94,0.85,0.87,0.8,0.8
880,0.92,0.89,0.94,0.94,0.85,0.86,0.8,0.8
881,0.93,0.89,0.94,0.94,0.85,0.86,0.8,0.8
882,0.9,0.89,0.94,0.94,0.85,0.86,0.8,0.8
883,0.92,0.89,0.95,0.94,0.85,0.86,0.8,0.8
884,0.93,0.89,0.95,0.94,0.85,0.86,0.8,0.8
885,0.93,0.89,0.94,0.94,0.85,0.86,0.8,0.79
886,0.95,0.89,0.95,0.94,0.84,0.86,0.8,0.8
887,0.95,0.89,0.95,0.94,0.84,0.86,0.8,0.8
888,0.92,0.89,0.95,0.94,0.84,0.86,0.81,0.8
889,0.92,0.89,0.95,0.94,0.84,0.86,0.8,0.8
890,0.95,0.89,0.95,0.94,0.84,0.86,0.81,0.8
891,0.92,0.91,0.96,0.94,0.84,0.86,0.81,0.8
892,0.93,0.89,0.96,0.94,0.84,0.86,0.81,0.8
893,0.93,0.91,0.96,0.94,0.84,0.86,0.81,0.8
894,0.93,0.91,0.96,0.94,0.84,0.86,0.81,0.8
895,0.92,0.93,0.96,0.94,0.84,0.86,0.82,0.81
896,0.92,0.91,0.96,0.94,0.84,0.86,0.82,0.81
897,0.93,0.93,0.96,0.94,0.84,0.87,0.82,0.81
898,0.93,0.93,0.96,0.94,0.85,0.87,0.83,0.82
899,0.93,0.93,0.96,0.94,0.85,0.87,0.83,0.82
900,0.92,0.93,0.96,0.94,0.85,0.87,0.83,0.82
901,0.92,0.93,0.96,0.94,0.85,0.87,0.83,0.83
902,0.93,0.96,0.96,0.94,0.85,0.87,0.83,0.83
903,0.9,0.93,0.96,0.94,0.85,0.87,0.84,0.83
904,0.92,0.93,0.96,0.94,0.85,0.87,0.84,0.83
905,0.92,0.93,0.96,0.94,0.85,0.88,0.84,0.83
906,0.93,0.93,0.95,0.94,0.86,0.88,0.85,0.84
907,0.92,0.93,0.96,0.94,0.86,0.88,0.85,0.84
908,0.93,0.93,0.95,0.94,0.86,0.88,0.85,0.85
909,0.92,0.93,0.95,0.94,0.86,0.88,0.85,0.85
910,0.95,0.93,0.95,0.94,0.86,0.88,0.86,0.85
911,0.95,0.93,0.95,0.95,0.86,0.89,0.86,0.85
912,0.92,0.93,0.95,0.94,0.86,0.89,0.86,0.86
913,0.95,0.93,0.96,0.94,0.87,0.89,0.86,0.86
914,0.93,0.93,0.95,0.94,0.87,0.89,0.86,0.87
915,0.92,0.93,0.96,0.95,0.87,0.9,0.86,0.87
916,0.93,0.96,0.96,0.94,0.87,0.9,0.86,0.87
917,0.95,0.96,0.96,0.95,0.88,0.9,0.86,0.87
918,0.95,0.96,0.96,0.95,0.88,0.9,0.87,0.87
919,0.92,0.96,0.97,0.95,0.88,0.9,0.86,0.87
920,0.93,0.96,0.96,0.95,0.88,0.9,0.87,0.87
921,0.95,0.96,0.96,0.95,0.88,0.9,0.86,0.87
922,0.93,0.96,0.96,0.95,0.88,0.9,0.86,0.88
923,0.93,0.96,0.96,0.95,0.88,0.91,0.86,0.88
924,0.92,0.96,0.97,0.95,0.89,0.91,0.86,0.88
925,0.95,0.96,0.97,0.95,0.88,0.91,0.86,0.88
926,0.93,0.96,0.97,0.95,0.89,0.91,0.86,0.88
927,0.93,0.96,0.97,0.95,0.88,0.91,0.86,0.88
928,0.93,0.96,0.97,0.95,0.89,0.91,0.86,0.88
929,0.93,0.96,0.97,0.95,0.89,0.91,0.87,0.88
930,0.95,0.96,0.97,0.95,0.89,0.91,0.87,0.88
931,0.95,0.96,0.97,0.95,0.89,0.92,0.87,0.88
932,0.93,0.96,0.97,0.95,0.89,0.92,0.87,0.88
933,0.97,0.96,0.97,0.95,0.89,0.91,0.87,0.88
934,0.97,0.96,0.97,0.95,0.89,0.92,0.87,0.88
935,0.93,0.96,0.97,0.96,0.89,0.92,0.87,0.89
936,0.97,0.96,0.97,0.96,0.9,0.92,0.87,0.89
937,0.97,0.98,0.98,0.96,0.9,0.92,0.87,0.89
938,0.95,0.98,0.98,0.96,0.9,0.92,0.88,0.89
939,0.98,0.98,0.98,0.96,0.9,0.93,0.88,0.89
940,0.95,0.98,0.98,0.96,0.9,0.93,0.88,0.89
941,0.97,0.98,0.98,0.96,0.9,0.93,0.88,0.89
942,0.97,0.96,0.98,0.96,0.9,0.93,0.89,0.89
943,0.93,0.96,0.98,0.96,0.9,0.93,0.89,0.9
944,0.97,0.96,0.98,0.96,0.9,0.93,0.89,0.89
945,0.98,0.98,0.98,0.96,0.9,0.93,0.89,0.9
946,0.97,0.98,0.98,0.96,0.9,0.93,0.9,0.9
947,0.93,0.98,0.97,0.96,0.9,0.93,0.89,0.9
948,0.98,0.96,0.97,0.96,0.91,0.93,0.9,0.9
949,0.93,0.96,0.97,0.96,0.91,0.93,0.9,0.91
950,0.93,0.96,0.97,0.96,0.9,0.93,0.9,0.91
951,0.93,0.96,0.97,0.96,0.91,0.93,0.9,0.91
952,0.93,0.93,0.98,0.97,0.91,0.93,0.91,0.91
953,0.97,0.93,0.98,0.97,0.91,0.94,0.91,0.92
954,0.93,0.93,0.98,0.97,0.91,0.94,0.91,0.91
955,0.97,0.93,0.97,0.96,0.91,0.94,0.92,0.91
956,0.95,0.93,0.98,0.97,0.91,0.94,0.92,0.91
957,0.93,0.96,0.98,0.97,0.91,0.94,0.92,0.92
958,0.93,0.93,0.97,0.97,0.92,0.94,0.92,0.92
959,0.93,0.93,0.97,0.97,0.92,0.95,0.92,0.92
960,0.97,0.93,0.98,0.97,0.92,0.95,0.92,0.92
961,0.93,0.96,0.98,0.97,0.93,0.95,0.93,0.93
962,0.95,0.96,0.99,0.97,0.93,0.95,0.93,0.93
963,0.97,0.96,0.99,0.97,0.93,0.95,0.94,0.93
964,0.95,0.96,0.99,0.97,0.93,0.95,0.94,0.93
965,0.97,0.96,0.99,0.97,0.93,0.95,0.94,0.93
966,0.95,0.96,0.99,0.97,0.93,0.96,0.94,0.93
967,0.98,0.98,0.99,0.98,0.94,0.96,0.94,0.93
968,0.97,0.96,1.0,0.98,0.94,0.96,0.94,0.93
969,0.97,0.98,0.99,0.98,0.94,0.96,0.94,0.93
970,0.93,0.98,0.99,0.98,0.94,0.96,0.94,0.93
971,0.97,0.98,1.0,0.98,0.94,0.96,0.94,0.93
972,0.98,0.98,0.99,0.98,0.94,0.96,0.95,0.93
973,0.97,1.0,0.99,0.98,0.94,0.96,0.94,0.93
974,0.97,1.0,0.99,0.98,0.94,0.97,0.95,0.93
975,0.97,1.0,1.0,0.98,0.95,0.97,0.95,0.93
976,0.95,1.0,0.99,0.98,0.95,0.97,0.94,0.94
977,0.93,0.98,0.99,0.98,0.95,0.97,0.94,0.93
978,0.97,0.98,0.98,0.98,0.95,0.97,0.94,0.93
979,0.92,0.98,0.98,0.98,0.95,0.97,0.94,0.93
980,0.93,1.0,0.98,0.98,0.95,0.97,0.94,0.93
981,0.95,1.0,0.97,0.98,0.95,0.97,0.94,0.93
982,0.95,0.98,0.97,0.98,0.95,0.97,0.94,0.93
983,0.92,0.98,0.97,0.98,0.95,0.97,0.94,0.93
984,0.93,1.0,0.97,0.98,0.95,0.97,0.94,0.93
985,0.9,0.98,0.97,0.99,0.95,0.97,0.94,0.93
986,0.92,0.98,0.97,0.98,0.95,0.96,0.94,0.93
987,0.95,0.98,0.97,0.98,0.95,0.97,0.94,0.93
988,0.92,0.98,0.97,0.98,0.95,0.96,0.94,0.93
989,0.95,0.98,0.97,0.98,0.95,0.96,0.94,0.93
990,0.9,0.98,0.97,0.98,0.95,0.96,0.94,0.93
991,0.9,0.98,0.97,0.98,0.95,0.96,0.94,0.93
992,0.9,0.98,0.97,0.98,0.95,0.96,0.94,0.93
993,0.92,0.98,0.97,0.98,0.95,0.96,0.94,0.93
994,0.9,0.98,0.97,0.98,0.95,0.96,0.94,0.93
995,0.92,0.98,0.97,0.98,0.95,0.97,0.95,0.94
996,0.93,0.98,0.96,0.98,0.95,0.97,0.95,0.94
997,0.89,0.98,0.96,0.98,0.95,0.97,0.95,0.94
998,0.9,0.98,0.96,0.98,0.96,0.97,0.95,0.95
999,0.9,0.98,0.96,0.98,0.96,0.97,0.96,0.95
1000,0.9,0.98,0.96,0.98,0.97,0.97,0.95,0.95
1001,0.92,0.96,0.95,0.98,0.96,0.97,0.95,0.95
1002,0.92,0.96,0.96,0.98,0.97,0.97,0.96,0.95
1003,0.89,0.98,0.96,0.98,0.97,0.97,0.95,0.95
1004,0.89,0.98,0.95,0.98,0.97,0.97,0.94,0.95
1005,0.9,0.98,0.95,0.98,0.97,0.97,0.94,0.95
1006,0.92,0.98,0.95,0.98,0.96,0.97,0.94,0.95
1007,0.87,0.98,0.95,0.98,0.97,0.97,0.93,0.95
1008,0.9,0.98,0.96,0.99,0.96,0.97,0.93,0.95
1009,0.92,0.98,0.95,0.98,0.96,0.97,0.92,0.95
1010,0.92,0.98,0.95,0.98,0.96,0.97,0.91,0.94
1011,0.89,0.98,0.95,0.98,0.96,0.97,0.9,0.94
1012,0.92,0.98,0.95,0.99,0.96,0.97,0.9,0.93
1013,0.92,1.0,0.95,0.98,0.95,0.97,0.9,0.93
1014,0.89,0.98,0.95,0.98,0.95,0.96,0.89,0.92
1015,0.89,1.0,0.95,0.99,0.95,0.96,0.88,0.92
1016,0.9,0.98,0.95,0.99,0.95,0.96,0.88,0.91
1017,0.89,0.96,0.95,0.98,0.95,0.96,0.87,0.91
1018,0.89,0.96,0.95,0.98,0.95,0.95,0.86,0.9
1019,0.9,0.96,0.95,0.99,0.94,0.95,0.86,0.9
1020,0.9,0.93,0.94,0.98,0.94,0.95,0.85,0.89
1021,0.9,0.93,0.94,0.98,0.94,0.95,0.85,0.89
1022,0.87,0.93,0.94,0.98,0.94,0.95,0.84,0.88
1023,0.9,0.93,0.94,0.98,0.93,0.95,0.84,0.87
1024,0.87,0.91,0.94,0.98,0.93,0.95,0.84,0.87
1025,0.9,0.91,0.94,0.98,0.93,0.94,0.83,0.86
1026,0.89,0.89,0.93,0.98,0.93,0.94,0.83,0.86
1027,0.85,0.89,0.93,0.98,0.92,0.94,0.83,0.86
1028,0.87,0.89,0.93,0.98,0.92,0.94,0.83,0.85
1029,0.89,0.89,0.93,0.98,0.91,0.93,0.83,0.85
1030,0.89,0.87,0.92,0.98,0.91,0.93,0.83,0.85
1031,0.85,0.87,0.93,0.98,0.91,0.93,0.83,0.85
1032,0.9,0.87,0.93,0.98,0.91,0.92,0.83,0.84
1033,0.89,0.87,0.92,0.98,0.91,0.92,0.83,0.84
1034,0.89,0.89,0.92,0.98,0.91,0.92,0.83,0.84
1035,0.89,0.87,0.92,0.98,0.9,0.92,0.83,0.84
1036,0.89,0.84,0.92,0.98,0.9,0.91,0.83,0.83
1037,0.9,0.87,0.92,0.98,0.9,0.91,0.83,0.84
1038,0.9,0.87,0.92,0.98,0.9,0.91,0.83,0.83
1039,0.87,0.89,0.92,0.97,0.9,0.91,0.83,0.83
1040,0.85,0.87,0.92,0.98,0.9,0.91,0.83,0.83
1041,0.87,0.87,0.92,0.97,0.89,0.91,0.83,0.83
1042,0.89,0.87,0.92,0.97,0.89,0.91,0.83,0.83
1043,0.85,0.87,0.92,0.97,0.89,0.91,0.84,0.83
1044,0.85,0.89,0.92,0.97,0.89,0.9,0.85,0.84
1045,0.85,0.89,0.92,0.97,0.89,0.9,0.84,0.83
1046,0.84,0.89,0.92,0.97,0.89,0.9,0.85,0.84
1047,0.87,0.89,0.91,0.97,0.89,0.9,0.85,0.84
1048,0.89,0.89,0.91,0.97,0.89,0.9,0.85,0.84
1049,0.87,0.89,0.91,0.97,0.89,0.9,0.86,0.84
1050,0.84,0.89,0.91,0.97,0.89,0.9,0.86,0.84
1051,0.85,0.89,0.91,0.97,0.89,0.9,0.86,0.85
1052,0.85,0.89,0.91,0.97,0.89,0.9,0.87,0.85
1053,0.87,0.89,0.9,0.96,0.89,0.9,0.87,0.85
1054,0.85,0.89,0.91,0.96,0.89,0.9,0.87,0.85
1055,0.84,0.89,0.91,0.97,0.89,0.9,0.88,0.86
1056,0.84,0.89,0.91,0.96,0.89,0.9,0.88,0.86
1057,0.85,0.89,0.9,0.96,0.89,0.9,0.88,0.86
1058,0.87,0.87,0.91,0.96,0.89,0.9,0.88,0.86
1059,0.82,0.87,0.9,0.96,0.89,0.9,0.89,0.87
1060,0.85,0.87,0.9,0.96,0.89,0.9,0.89,0.87
1061,0.87,0.87,0.9,0.96,0.89,0.9,0.89,0.87
1062,0.85,0.87,0.91,0.96,0.89,0.9,0.89,0.87
1063,0.84,0.87,0.9,0.96,0.89,0.9,0.9,0.88
1064,0.82,0.87,0.91,0.96,0.9,0.9,0.9,0.88
1065,0.85,0.87,0.91,0.96,0.89,0.9,0.9,0.88
1066,0.85,0.87,0.91,0.96,0.89,0.9,0.9,0.88
1067,0.85,0.87,0.91,0.96,0.89,0.9,0.91,0.88
1068,0.82,0.87,0.91,0.96,0.89,0.9,0.91,0.89
1069,0.87,0.84,0.91,0.96,0.89,0.9,0.91,0.89
1070,0.85,0.84,0.91,0.96,0.9,0.9,0.91,0.89
1071,0.85,0.84,0.91,0.96,0.89,0.91,0.91,0.89
1072,0.87,0.84,0.91,0.96,0.89,0.9,0.91,0.89
1073,0.87,0.87,0.92,0.96,0.9,0.91,0.91,0.89
1074,0.84,0.84,0.91,0.96,0.9,0.91,0.91,0.9
1075,0.84,0.87,0.92,0.96,0.9,0.91,0.91,0.89
1076,0.89,0.87,0.92,0.96,0.9,0.91,0.91,0.89
1077,0.85,0.87,0.92,0.96,0.9,0.91,0.91,0.89
1078,0.85,0.87,0.92,0.96,0.9,0.91,0.91,0.89
1079,0.87,0.87,0.92,0.96,0.9,0.91,0.91,0.89
1080,0.89,0.87,0.92,0.96,0.9,0.91,0.91,0.89
1081,0.87,0.87,0.92,0.96,0.9,0.91,0.91,0.89
1082,0.87,0.89,0.92,0.96,0.9,0.91,0.9,0.89
1083,0.89,0.89,0.92,0.96,0.9,0.91,0.9,0.9
1084,0.9,0.89,0.92,0.96,0.9,0.91,0.9,0.89
1085,0.9,0.89,0.92,0.96,0.9,0.91,0.89,0.89
1086,0.9,0.87,0.92,0.96,0.9,0.92,0.89,0.89
1087,0.9,0.89,0.92,0.96,0.9,0.92,0.89,0.89
1088,0.9,0.89,0.92,0.96,0.9,0.92,0.89,0.89
1089,0.9,0.89,0.92,0.96,0.9,0.92,0.89,0.89
1090,0.9,0.89,0.93,0.96,0.9,0.92,0.89,0.89
1091,0.87,0.91,0.93,0.96,0.9,0.92,0.89,0.89
1092,0.89,0.91,0.93,0.96,0.9,0.92,0.89,0.89
1093,0.9,0.91,0.92,0.96,0.9,0.92,0.89,0.89
1094,0.92,0.93,0.92,0.96,0.9,0.93,0.89,0.89
1095,0.87,0.93,0.92,0.96,0.9,0.93,0.89,0.89
1096,0.87,0.93,0.92,0.96,0.9,0.93,0.89,0.89
1097,0.87,0.93,0.92,0.96,0.91,0.93,0.89,0.9
1098,0.87,0.93,0.92,0.96,0.91,0.93,0.89,0.9
1099,0.9,0.93,0.92,0.96,0.91,0.93,0.9,0.9
1100,0.87,0.93,0.92,0.96,0.91,0.93,0.9,0.91
1101,0.85,0.96,0.92,0.96,0.91,0.93,0.9,0.91
1102,0.87,0.96,0.92,0.96,0.92,0.93,0.91,0.91
1103,0.89,0.96,0.92,0.96,0.92,0.94,0.91,0.92
1104,0.87,0.93,0.91,0.96,0.93,0.94,0.91,0.92
1105,0.89,0.93,0.91,0.96,0.93,0.94,0.92,0.92
1106,0.85,0.96,0.92,0.96,0.93,0.94,0.92,0.93
1107,0.85,0.93,0.91,0.96,0.93,0.94,0.93,0.93
1108,0.87,0.93,0.91,0.96,0.93,0.94,0.93,0.93
1109,0.84,0.93,0.91,0.96,0.93,0.95,0.93,0.94
1110,0.89,0.93,0.91,0.96,0.93,0.95,0.94,0.94
1111,0.84,0.93,0.91,0.96,0.94,0.95,0.94,0.94
1112,0.85,0.93,0.9,0.96,0.94,0.95,0.94,0.94
1113,0.87,0.91,0.91,0.96,0.94,0.95,0.94,0.95
1114,0.87,0.91,0.9,0.96,0.94,0.95,0.94,0.95
1115,0.87,0.91,0.91,0.96,0.94,0.95,0.94,0.95
1116,0.87,0.91,0.91,0.96,0.94,0.95,0.94,0.95
1117,0.84,0.91,0.9,0.96,0.94,0.95,0.94,0.95
1118,0.89,0.91,0.91,0.96,0.95,0.95,0.93,0.95
1119,0.85,0.91,0.91,0.96,0.94,0.95,0.93,0.95
1120,0.87,0.91,0.91,0.96,0.94,0.95,0.93,0.95
1121,0.85,0.89,0.91,0.96,0.95,0.95,0.94,0.95
1122,0.87,0.91,0.92,0.96,0.95,0.95,0.94,0.95
1123,0.87,0.89,0.91,0.96,0.94,0.95,0.94,0.95
1124,0.9,0.89,0.92,0.95,0.94,0.95,0.94,0.95
1125,0.9,0.89,0.92,0.96,0.94,0.95,0.94,0.95
1126,0.9,0.91,0.92,0.95,0.94,0.95,0.94,0.95
1127,0.87,0.89,0.92,0.96,0.94,0.95,0.94,0.95
1128,0.9,0.89,0.92,0.96,0.95,0.96,0.94,0.95
1129,0.87,0.89,0.92,0.96,0.94,0.96,0.93,0.94
1130,0.9,0.89,0.92,0.96,0.94,0.96,0.93,0.94
1131,0.9,0.89,0.93,0.96,0.94,0.96,0.93,0.95
1132,0.89,0.89,0.92,0.96,0.94,0.96,0.93,0.94
1133,0.92,0.89,0.92,0.96,0.94,0.96,0.93,0.94
1134,0.92,0.89,0.92,0.96,0.94,0.96,0.93,0.94
1135,0.89,0.91,0.94,0.96,0.94,0.96,0.92,0.94
1136,0.9,0.91,0.94,0.96,0.94,0.96,0.92,0.94
1137,0.9,0.91,0.94,0.96,0.94,0.96,0.92,0.94
1138,0.92,0.91,0.94,0.96,0.94,0.96,0.92,0.94
1139,0.93,0.91,0.94,0.96,0.95,0.96,0.92,0.94
1140,0.93,0.93,0.94,0.96,0.94,0.96,0.92,0.93
1141,0.93,0.93,0.94,0.96,0.94,0.96,0.92,0.93
1142,0.92,0.93,0.94,0.96,0.94,0.96,0.91,0.93
1143,0.93,0.93,0.94,0.96,0.94,0.96,0.92,0.93
1144,0.93,0.96,0.95,0.96,0.95,0.96,0.92,0.93
1145,0.95,0.96,0.94,0.96,0.95,0.96,0.92,0.94
1146,0.92,0.96,0.95,0.96,0.95,0.96,0.92,0.94
1147,0.93,0.96,0.95,0.96,0.95,0.96,0.92,0.94
1148,0.93,0.98,0.94,0.96,0.95,0.96,0.93,0.94
1149,0.93,0.98,0.95,0.96,0.95,0.96,0.93,0.95
1150,0.93,0.98,0.95,0.96,0.95,0.96,0.93,0.94
1151,0.92,0.98,0.95,0.96,0.95,0.97,0.94,0.95
1152,0.9,0.98,0.95,0.96,0.95,0.97,0.94,0.95
1153,0.92,0.98,0.95,0.96,0.95,0.97,0.94,0.95
1154,0.89,0.98,0.94,0.96,0.95,0.96,0.94,0.95
1155,0.9,0.98,0.94,0.96,0.96,0.97,0.94,0.96
1156,0.93,0.98,0.95,0.96,0.96,0.97,0.94,0.96
1157,0.92,0.98,0.95,0.96,0.97,0.97,0.95,0.96
1158,0.93,1.0,0.94,0.97,0.97,0.97,0.95,0.97
1159,0.89,0.98,0.94,0.97,0.97,0.97,0.96,0.97
1160,0.93,0.98,0.95,0.97,0.97,0.98,0.96,0.97
1161,0.9,0.98,0.94,0.97,0.97,0.97,0.96,0.97
1162,0.89,0.98,0.95,0.97,0.98,0.98,0.97,0.98
1163,0.92,0.98,0.94,0.97,0.98,0.98,0.97,0.98
1164,0.9,0.96,0.95,0.97,0.98,0.98,0.98,0.98
1165,0.87,0.98,0.94,0.97,0.99,0.98,0.98,0.98
1166,0.92,0.96,0.94,0.97,0.98,0.98,0.98,0.99
1167,0.89,0.96,0.95,0.97,0.98,0.99,0.99,0.99
1168,0.9,0.96,0.94,0.97,0.99,0.99,0.99,0.99
1169,0.9,0.96,0.94,0.97,0.99,0.99,0.99,0.99
1170,0.87,0.93,0.95,0.97,0.99,0.99,1.0,0.99
1171,0.87,0.93,0.95,0.97,0.99,0.99,1.0,1.0
1172,0.89,0.93,0.95,0.97,0.99,0.99,1.0,1.0
1173,0.87,0.96,0.95,0.97,0.99,1.0,1.0,1.0
1174,0.87,0.93,0.94,0.97,0.99,0.99,1.0,1.0
1175,0.87,0.91,0.94,0.97,0.99,0.99,1.0,1.0
1176,0.9,0.91,0.95,0.97,0.99,1.0,1.0,1.0
1177,0.87,0.91,0.94,0.97,0.99,1.0,1.0,1.0
1178,0.89,0.91,0.95,0.97,1.0,1.0,1.0,1.0
1179,0.87,0.89,0.94,0.97,0.99,1.0,1.0,1.0
1180,0.89,0.91,0.94,0.97,1.0,1.0,1.0,1.0
1181,0.92,0.91,0.95,0.97,0.99,1.0,0.99,1.0
1182,0.9,0.89,0.95,0.97,1.0,1.0,0.99,1.0
1183,0.9,0.91,0.95,0.97,0.99,1.0,0.99,1.0
1184,0.93,0.91,0.95,0.97,0.99,1.0,0.99,0.99
1185,0.92,0.91,0.95,0.97,0.99,1.0,0.99,0.99
1186,0.9,0.91,0.96,0.97,0.99,1.0,0.99,0.99
1187,0.9,0.91,0.95,0.97,0.99,1.0,0.98,0.99
1188,0.9,0.91,0.96,0.97,0.99,1.0,0.98,0.99
1189,0.93,0.91,0.96,0.97,0.99,1.0,0.98,0.99
1190,0.9,0.91,0.96,0.97,0.99,1.0,0.98,0.99
1191,0.95,0.91,0.96,0.97,0.99,1.0,0.98,0.99
1192,0.93,0.91,0.97,0.97,0.99,1.0,0.98,0.98
1193,0.93,0.91,0.96,0.97,0.99,1.0,0.97,0.99
1194,0.93,0.91,0.97,0.97,0.99,1.0,0.97,0.98
1195,0.95,0.91,0.97,0.97,0.99,1.0,0.96,0.98
1196,0.93,0.91,0.97,0.98,0.99,1.0,0.96,0.98
1197,0.95,0.91,0.97,0.97,0.99,1.0,0.96,0.98
1198,0.93,0.91,0.97,0.98,0.98,1.0,0.96,0.98
1199,0.95,0.91,0.97,0.98,0.98,0.99,0.94,0.97
1200,0.93,0.91,0.97,0.98,0.98,0.99,0.94,0.97
1201,0.93,0.91,0.97,0.98,0.98,0.99,0.94,0.96
1202,0.93,0.91,0.97,0.98,0.98,0.99,0.94,0.96
1203,0.92,0.91,0.96,0.98,0.97,0.99,0.94,0.96
1204,0.92,0.93,0.96,0.98,0.97,0.99,0.94,0.96
1205,0.93,0.93,0.96,0.98,0.97,0.98,0.93,0.96
1206,0.9,0.93,0.96,0.98,0.97,0.98,0.94,0.95
1207,0.92,0.93,0.96,0.98,0.97,0.98,0.93,0.95
1208,0.93,0.93,0.96,0.98,0.97,0.98,0.94,0.95
1209,0.93,0.93,0.96,0.98,0.97,0.98,0.93,0.95
1210,0.93,0.96,0.96,0.98,0.97,0.98,0.93,0.95
1211,0.92,0.93,0.97,0.98,0.96,0.98,0.93,0.95
1212,0.95,0.93,0.96,0.98,0.96,0.98,0.93,0.95
1213,0.93,0.93,0.96,0.98,0.95,0.98,0.93,0.95
1214,0.9,0.93,0.95,0.98,0.96,0.98,0.92,0.95
1215,0.93,0.93,0.95,0.98,0.95,0.98,0.93,0.95
1216,0.93,0.93,0.96,0.98,0.95,0.98,0.92,0.95
1217,0.9,0.93,0.95,0.98,0.95,0.97,0.92,0.95
1218,0.92,0.93,0.95,0.98,0.95,0.97,0.92,0.95
1219,0.92,0.93,0.95,0.98,0.95,0.98,0.92,0.94
1220,0.9,0.91,0.95,0.98,0.95,0.97,0.91,0.95
1221,0.95,0.93,0.95,0.98,0.95,0.98,0.91,0.95
1222,0.9,0.91,0.95,0.98,0.95,0.97,0.91,0.95
1223,0.92,0.93,0.94,0.98,0.95,0.97,0.91,0.94
1224,0.9,0.91,0.95,0.98,0.95,0.97,0.92,0.94
1225,0.9,0.91,0.95,0.98,0.95,0.97,0.92,0.94
1226,0.9,0.93,0.95,0.98,0.95,0.97,0.92,0.95
1227,0.92,0.91,0.94,0.98,0.95,0.97,0.91,0.95
1228,0.9,0.93,0.94,0.98,0.95,0.97,0.92,0.95
1229,0.9,0.93,0.94,0.98,0.95,0.98,0.92,0.95
1230,0.9,0.93,0.94,0.98,0.95,0.98,0.92,0.95
1231,0.9,0.93,0.94,0.98,0.95,0.97,0.92,0.95
1232,0.9,0.93,0.94,0.98,0.95,0.98,0.92,0.95
1233,0.92,0.96,0.94,0.98,0.95,0.98,0.92,0.95
1234,0.9,0.93,0.94,0.98,0.95,0.98,0.91,0.95
1235,0.92,0.93,0.94,0.98,0.95,0.98,0.91,0.95
1236,0.93,0.96,0.93,0.98,0.95,0.98,0.91,0.95
1237,0.93,0.96,0.94,0.98,0.95,0.98,0.91,0.95
1238,0.93,0.96,0.93,0.98,0.95,0.98,0.91,0.95
1239,0.93,0.96,0.94,0.98,0.95,0.98,0.92,0.95
1240,0.93,0.96,0.94,0.98,0.95,0.98,0.92,0.95
1241,0.9,0.93,0.93,0.98,0.95,0.98,0.92,0.95
1242,0.92,0.96,0.93,0.98,0.95,0.98,0.92,0.95
1243,0.92,0.93,0.93,0.98,0.95,0.97,0.92,0.94
1244,0.93,0.93,0.93,0.98,0.95,0.98,0.91,0.94
1245,0.95,0.93,0.93,0.98,0.95,0.98,0.91,0.94
1246,0.93,0.93,0.93,0.98,0.95,0.98,0.92,0.94
1247,0.93,0.93,0.94,0.98,0.95,0.97,0.91,0.94
1248,0.92,0.91,0.93,0.98,0.95,0.98,0.91,0.94
1249,0.95,0.91,0.93,0.98,0.95,0.98,0.91,0.94
1250,0.92,0.93,0.94,0.98,0.95,0.97,0.91,0.94
1251,0.95,0.93,0.94,0.98,0.95,0.97,0.9,0.93
1252,0.92,0.91,0.94,0.98,0.94,0.97,0.91,0.93
1253,0.97,0.91,0.94,0.98,0.94,0.97,0.9,0.93
1254,0.95,0.91,0.95,0.98,0.94,0.97,0.9,0.93
1255,0.95,0.91,0.94,0.98,0.94,0.97,0.9,0.93
1256,0.95,0.93,0.94,0.98,0.94,0.97,0.9,0.93
1257,0.97,0.93,0.94,0.98,0.94,0.97,0.9,0.93
1258,0.93,0.91,0.94,0.98,0.94,0.97,0.9,0.93
1259,0.93,0.93,0.94,0.98,0.94,0.97,0.9,0.93
1260,0.93,0.93,0.94,0.98,0.94,0.97,0.9,0.93
1261,0.97,0.93,0.95,0.98,0.94,0.97,0.9,0.93
1262,0.93,0.93,0.94,0.98,0.94,0.97,0.9,0.93
1263,0.95,0.93,0.94,0.98,0.94,0.97,0.91,0.93
1264,0.95,0.93,0.95,0.98,0.95,0.97,0.91,0.93
1265,0.93,0.93,0.95,0.98,0.94,0.97,0.91,0.93
1266,0.95,0.93,0.95,0.98,0.94,0.97,0.92,0.93
1267,0.93,0.93,0.95,0.98,0.94,0.97,0.92,0.93
1268,0.92,0.93,0.95,0.98,0.94,0.97,0.92,0.93
1269,0.92,0.93,0.95,0.98,0.94,0.97,0.92,0.94
1270,0.92,0.93,0.96,0.98,0.94,0.97,0.93,0.94
1271,0.95,0.93,0.95,0.98,0.95,0.97,0.93,0.94
1272,0.93,0.93,0.95,0.98,0.95,0.97,0.93,0.94
1273,0.92,0.93,0.95,0.98,0.95,0.97,0.93,0.94
1274,0.93,0.93,0.95,0.98,0.95,0.97,0.94,0.95
1275,0.92,0.93,0.96,0.99,0.95,0.97,0.94,0.95
1276,0.93,0.93,0.97,0.98,0.95,0.97,0.94,0.95
1277,0.95,0.93,0.96,0.98,0.95,0.97,0.94,0.95
1278,0.92,0.93,0.96,0.98,0.95,0.97,0.94,0.95
1279,0.93,0.93,0.97,0.99,0.95,0.97,0.95,0.95
1280,0.93,0.96,0.96,0.98,0.96,0.98,0.94,0.95
1281,0.93,0.93,0.97,0.98,0.96,0.98,0.95,0.96
1282,0.92,0.93,0.97,0.98,0.96,0.98,0.95,0.96
1283,0.93,0.96,0.96,0.99,0.96,0.98,0.95,0.97
1284,0.93,0.93,0.96,0.99,0.97,0.98,0.95,0.97
1285,0.93,0.93,0.96,0.99,0.97,0.98,0.95,0.97
1286,0.9,0.96,0.97,0.99,0.97,0.98,0.95,0.97
1287,0.9,0.96,0.97,0.99,0.97,0.98,0.94,0.97
1288,0.9,0.96,0.96,0.99,0.97,0.98,0.95,0.97
1289,0.92,0.96,0.96,0.99,0.97,0.98,0.94,0.96
1290,0.9,0.96,0.96,0.99,0.97,0.98,0.94,0.96
1291,0.9,0.98,0.96,0.99,0.97,0.98,0.94,0.96
1292,0.92,0.96,0.96,0.99,0.97,0.98,0.93,0.96
1293,0.93,0.98,0.96,0.99,0.96,0.98,0.93,0.95
1294,0.92,0.98,0.95,0.99,0.96,0.98,0.92,0.95
1295,0.9,0.96,0.97,0.99,0.97,0.98,0.92,0.95
1296,0.9,0.98,0.96,0.99,0.96,0.98,0.92,0.95
1297,0.93,0.98,0.96,0.99,0.96,0.97,0.91,0.94
1298,0.93,0.98,0.96,0.99,0.95,0.97,0.91,0.94
1299,0.92,0.98,0.96,0.99,0.95,0.97,0.91,0.94
1300,0.92,0.96,0.96,0.99,0.95,0.97,0.91,0.94
1301,0.93,0.96,0.97,0.99,0.95,0.97,0.91,0.94
1302,0.93,0.96,0.97,0.99,0.95,0.97,0.9,0.93
1303,0.92,0.96,0.97,0.99,0.95,0.97,0.9,0.93
1304,0.93,0.96,0.97,1.0,0.95,0.97,0.9,0.93
1305,0.95,0.98,0.97,0.99,0.95,0.97,0.9,0.93
1306,0.93,0.98,0.97,0.99,0.95,0.97,0.9,0.93
1307,0.95,0.96,0.97,1.0,0.94,0.97,0.9,0.93
1308,0.92,0.96,0.97,0.99,0.95,0.97,0.9,0.93
1309,0.93,0.98,0.97,1.0,0.95,0.97,0.9,0.92
1310,0.95,0.96,0.97,1.0,0.94,0.97,0.89,0.92
1311,0.97,0.96,0.97,1.0,0.94,0.97,0.9,0.92
1312,0.92,0.98,0.97,1.0,0.94,0.97,0.9,0.92
1313,0.97,0.98,0.97,1.0,0.94,0.97,0.89,0.92
1314,0.93,0.96,0.97,0.99,0.94,0.97,0.9,0.92
1315,0.92,0.96,0.97,1.0,0.94,0.96,0.9,0.92
1316,0.97,0.98,0.97,1.0,0.94,0.97,0.9,0.92
1317,0.93,0.96,0.96,1.0,0.94,0.97,0.9,0.92
1318,0.92,0.96,0.96,1.0,0.94,0.96,0.9,0.92
1319,0.92,0.96,0.96,1.0,0.93,0.96,0.9,0.92
1320,0.95,0.96,0.96,1.0,0.93,0.97,0.9,0.92
1321,0.92,0.96,0.96,1.0,0.94,0.96,0.9,0.92
1322,0.93,0.96,0.95,1.0,0.93,0.96,0.91,0.92
1323,0.93,0.93,0.95,1.0,0.93,0.96,0.9,0.92
1324,0.93,0.93,0.94,0.99,0.93,0.96,0.9,0.92
1325,0.93,0.93,0.94,0.99,0.93,0.96,0.9,0.92
1326,0.9,0.93,0.93,0.99,0.93,0.96,0.9,0.92
1327,0.9,0.93,0.93,0.99,0.94,0.96,0.9,0.92
1328,0.9,0.93,0.93,1.0,0.93,0.96,0.9,0.92
1329,0.92,0.93,0.92,0.99,0.93,0.96,0.9,0.92
1330,0.9,0.93,0.92,0.99,0.93,0.96,0.9,0.91
1331,0.92,0.91,0.92,0.99,0.93,0.96,0.9,0.91
1332,0.89,0.91,0.91,0.99,0.93,0.95,0.9,0.91
1333,0.92,0.91,0.91,0.99,0.93,0.96,0.89,0.91
1334,0.9,0.91,0.91,0.99,0.93,0.95,0.89,0.91
1335,0.87,0.91,0.91,0.99,0.93,0.95,0.89,0.9
1336,0.92,0.91,0.9,0.99,0.93,0.95,0.89,0.9
1337,0.89,0.91,0.9,0.99,0.93,0.95,0.89,0.9
1338,0.87,0.89,0.89,0.99,0.93,0.95,0.89,0.9
1339,0.87,0.91,0.89,0.99,0.92,0.95,0.88,0.9
1340,0.87,0.89,0.89,0.99,0.92,0.95,0.88,0.89
1341,0.89,0.89,0.88,0.98,0.92,0.95,0.88,0.89
1342,0.85,0.91,0.88,0.98,0.92,0.95,0.88,0.89
1343,0.89,0.89,0.87,0.98,0.91,0.95,0.88,0.89
1344,0.85,0.89,0.87,0.98,0.91,0.94,0.88,0.88
1345,0.89,0.89,0.87,0.98,0.91,0.94,0.87,0.88
1346,0.87,0.87,0.86,0.98,0.91,0.94,0.87,0.88
1347,0.87,0.87,0.86,0.98,0.91,0.94,0.87,0.88
1348,0.85,0.87,0.85,0.98,0.91,0.94,0.87,0.87
1349,0.87,0.87,0.84,0.97,0.91,0.93,0.87,0.87
1350,0.87,0.87,0.84,0.97,0.91,0.94,0.87,0.87
1351,0.85,0.84,0.83,0.97,0.9,0.93,0.86,0.86
1352,0.82,0.87,0.83,0.97,0.9,0.93,0.86,0.87
1353,0.82,0.84,0.83,0.97,0.9,0.92,0.86,0.87
1354,0.8,0.87,0.82,0.97,0.9,0.92,0.86,0.86
1355,0.84,0.84,0.82,0.96,0.9,0.92,0.86,0.86
1356,0.82,0.84,0.8,0.96,0.9,0.92,0.85,0.86
1357,0.82,0.84,0.8,0.96,0.89,0.91,0.85,0.85
1358,0.8,0.82,0.79,0.96,0.89,0.91,0.85,0.85
1359,0.8,0.84,0.78,0.96,0.89,0.91,0.85,0.85
1360,0.82,0.82,0.78,0.95,0.89,0.91,0.85,0.84
1361,0.8,0.82,0.76,0.95,0.88,0.9,0.84,0.84
1362,0.8,0.82,0.76,0.95,0.88,0.9,0.84,0.84
1363,0.75,0.82,0.76,0.95,0.88,0.9,0.83,0.83
1364,0.77,0.82,0.76,0.95,0.88,0.9,0.84,0.83
1365,0.75,0.8,0.75,0.94,0.88,0.9,0.83,0.83
1366,0.77,0.78,0.74,0.94,0.88,0.9,0.83,0.83
1367,0.74,0.78,0.72,0.94,0.87,0.89,0.83,0.82
1368,0.74,0.78,0.72,0.94,0.86,0.89,0.83,0.82
1369,0.75,0.78,0.71,0.94,0.86,0.89,0.83,0.82
1370,0.72,0.76,0.71,0.93,0.86,0.88,0.82,0.81
1371,0.7,0.76,0.7,0.93,0.86,0.88,0.82,0.81
1372,0.7,0.76,0.69,0.93,0.86,0.87,0.81,0.8
1373,0.74,0.73,0.69,0.92,0.86,0.87,0.81,0.8
1374,0.72,0.73,0.69,0.92,0.85,0.87,0.8,0.8
1375,0.74,0.73,0.68,0.92,0.85,0.86,0.8,0.8
1376,0.72,0.71,0.67,0.91,0.84,0.86,0.79,0.8
1377,0.72,0.71,0.66,0.91,0.84,0.86,0.79,0.79
1378,0.7,0.71,0.66,0.91,0.84,0.85,0.78,0.79
1379,0.69,0.71,0.66,0.9,0.83,0.85,0.78,0.78
1380,0.67,0.71,0.66,0.9,0.83,0.85,0.78,0.78
1381,0.7,0.69,0.65,0.9,0.82,0.85,0.77,0.77
1382,0.69,0.69,0.65,0.89,0.82,0.85,0.77,0.77
1383,0.7,0.69,0.64,0.9,0.82,0.84,0.76,0.76
1384,0.67,0.69,0.63,0.89,0.81,0.83,0.75,0.75
1385,0.66,0.69,0.63,0.89,0.81,0.84,0.75,0.75
1386,0.69,0.67,0.61,0.88,0.8,0.82,0.74,0.74
1387,0.66,0.67,0.61,0.88,0.81,0.82,0.74,0.74
1388,0.66,0.67,0.61,0.87,0.8,0.82,0.73,0.73
1389,0.64,0.64,0.6,0.88,0.79,0.81,0.73,0.73
1390,0.66,0.64,0.59,0.87,0.79,0.81,0.73,0.72
1391,0.67,0.64,0.59,0.87,0.78,0.8,0.73,0.72
1392,0.64,0.64,0.58,0.86,0.78,0.8,0.72,0.71
1393,0.62,0.62,0.57,0.86,0.78,0.8,0.72,0.71
1394,0.62,0.62,0.57,0.86,0.77,0.79,0.72,0.7
1395,0.64,0.6,0.56,0.86,0.77,0.79,0.72,0.7
1396,0.61,0.6,0.55,0.85,0.76,0.78,0.71,0.7
1397,0.59,0.6,0.55,0.84,0.76,0.78,0.71,0.69
1398,0.62,0.6,0.54,0.84,0.76,0.78,0.7,0.69
1399,0.59,0.6,0.53,0.84,0.75,0.77,0.7,0.69
1400,0.57,0.6,0.52,0.83,0.74,0.77,0.69,0.68
1401,0.61,0.56,0.52,0.83,0.74,0.76,0.68,0.67
1402,0.59,0.56,0.51,0.83,0.74,0.76,0.68,0.67
1403,0.59,0.56,0.51,0.82,0.74,0.75,0.68,0.67
1404,0.59,0.56,0.5,0.82,0.73,0.75,0.67,0.66
1405,0.57,0.56,0.5,0.82,0.73,0.75,0.67,0.66
1406,0.56,0.53,0.5,0.82,0.72,0.75,0.66,0.65
1407,0.59,0.56,0.49,0.81,0.72,0.74,0.65,0.65
1408,0.54,0.53,0.48,0.81,0.71,0.73,0.64,0.64
1409,0.56,0.53,0.48,0.81,0.71,0.73,0.64,0.64
1410,0.56,0.53,0.48,0.8,0.7,0.73,0.63,0.63
1411,0.56,0.51,0.47,0.8,0.7,0.72,0.63,0.63
1412,0.52,0.51,0.46,0.8,0.69,0.72,0.62,0.62
1413,0.51,0.51,0.45,0.79,0.69,0.71,0.61,0.61
1414,0.51,0.51,0.45,0.79,0.68,0.7,0.61,0.61
1415,0.52,0.51,0.45,0.78,0.68,0.7,0.6,0.6
1416,0.51,0.49,0.44,0.78,0.67,0.69,0.59,0.6
1417,0.52,0.49,0.44,0.78,0.66,0.69,0.59,0.6
1418,0.51,0.49,0.43,0.78,0.66,0.69,0.58,0.59
1419,0.52,0.49,0.43,0.76,0.65,0.68,0.57,0.58
1420,0.52,0.49,0.43,0.77,0.65,0.68,0.57,0.58
1421,0.52,0.47,0.42,0.76,0.65,0.67,0.57,0.58
1422,0.52,0.49,0.42,0.76,0.64,0.67,0.56,0.57
1423,0.48,0.47,0.39,0.74,0.62,0.65,0.54,0.55
1424,0.48,0.47,0.39,0.74,0.61,0.64,0.53,0.54
1425,0.48,0.44,0.39,0.74,0.61,0.64,0.53,0.54
1426,0.49,0.44,0.39,0.73,0.61,0.64,0.52,0.53
1427,0.48,0.44,0.38,0.73,0.6,0.63,0.52,0.52
1428,0.48,0.44,0.38,0.73,0.6,0.63,0.52,0.52
1429,0.44,0.44,0.37,0.72,0.59,0.62,0.51,0.51
1430,0.48,0.42,0.37,0.72,0.59,0.62,0.5,0.51
1431,0.46,0.42,0.36,0.72,0.58,0.61,0.5,0.5
1432,0.43,0.42,0.36,0.71,0.57,0.6,0.5,0.5
1433,0.43,0.42,0.35,0.71,0.57,0.6,0.49,0.5
1434,0.44,0.42,0.35,0.71,0.57,0.6,0.48,0.49
1435,0.46,0.42,0.34,0.7,0.56,0.59,0.47,0.48
1436,0.44,0.4,0.34,0.7,0.56,0.59,0.47,0.48
1437,0.43,0.4,0.34,0.7,0.55,0.58,0.46,0.48
1438,0.43,0.4,0.34,0.69,0.54,0.58,0.46,0.47
1439,0.41,0.4,0.34,0.69,0.55,0.58,0.45,0.46
1440,0.43,0.4,0.33,0.68,0.54,0.57,0.45,0.46
1441,0.43,0.38,0.33,0.68,0.53,0.57,0.44,0.46
1442,0.43,0.38,0.32,0.68,0.53,0.56,0.44,0.45
1443,0.39,0.4,0.32,0.67,0.52,0.55,0.43,0.44
1444,0.41,0.38,0.31,0.67,0.52,0.55,0.43,0.44
1445,0.39,0.38,0.31,0.67,0.51,0.55,0.43,0.43
1446,0.41,0.38,0.31,0.66,0.51,0.55,0.42,0.43
1447,0.38,0.38,0.3,0.66,0.5,0.54,0.41,0.42
1448,0.39,0.36,0.3,0.66,0.49,0.53,0.41,0.42
1449,0.41,0.36,0.3,0.66,0.49,0.52,0.4,0.42
1450,0.36,0.38,0.3,0.65,0.49,0.52,0.4,0.41
1451,0.39,0.36,0.29,0.65,0.49,0.52,0.39,0.41
1452,0.36,0.36,0.29,0.65,0.48,0.52,0.39,0.4
1453,0.41,0.36,0.29,0.64,0.47,0.51,0.39,0.4
1454,0.39,0.36,0.29,0.64,0.47,0.51,0.39,0.4
1455,0.36,0.33,0.28,0.64,0.47,0.5,0.38,0.4
1456,0.38,0.33,0.28,0.64,0.46,0.5,0.38,0.39
1457,0.38,0.33,0.27,0.63,0.45,0.49,0.37,0.39
1458,0.39,0.33,0.27,0.63,0.45,0.49,0.37,0.39
1459,0.38,0.33,0.27,0.62,0.45,0.49,0.37,0.38
1460,0.36,0.33,0.27,0.62,0.45,0.48,0.36,0.38
1461,0.38,0.33,0.27,0.62,0.44,0.48,0.36,0.38
1462,0.36,0.33,0.26,0.61,0.44,0.47,0.35,0.37
1463,0.34,0.33,0.25,0.6,0.43,0.46,0.34,0.36
1464,0.34,0.31,0.25,0.6,0.42,0.46,0.34,0.36
1465,0.34,0.31,0.24,0.6,0.41,0.45,0.33,0.35
1466,0.33,0.31,0.24,0.6,0.41,0.45,0.33,0.35
1467,0.31,0.31,0.24,0.59,0.4,0.45,0.33,0.35
1468,0.33,0.31,0.24,0.59,0.4,0.44,0.33,0.34
1469,0.34,0.31,0.24,0.59,0.4,0.44,0.32,0.34
1470,0.31,0.31,0.24,0.58,0.39,0.43,0.32,0.33
1471,0.33,0.31,0.23,0.58,0.39,0.43,0.32,0.33
1472,0.3,0.31,0.24,0.58,0.39,0.43,0.32,0.33
1473,0.33,0.29,0.23,0.58,0.39,0.42,0.31,0.33
1474,0.31,0.29,0.22,0.57,0.37,0.41,0.3,0.32
1475,0.3,0.29,0.21,0.56,0.37,0.41,0.3,0.31
1476,0.33,0.31,0.22,0.56,0.36,0.4,0.3,0.31
1477,0.28,0.29,0.21,0.56,0.36,0.4,0.29,0.31
1478,0.3,0.29,0.2,0.56,0.36,0.4,0.29,0.3
1479,0.3,0.27,0.2,0.56,0.36,0.4,0.29,0.3
1480,0.3,0.29,0.2,0.56,0.35,0.4,0.29,0.3
1481,0.3,0.29,0.2,0.55,0.35,0.39,0.28,0.3
1482,0.3,0.29,0.2,0.55,0.35,0.39,0.28,0.29
1483,0.28,0.27,0.2,0.55,0.34,0.38,0.28,0.29
1484,0.28,0.27,0.19,0.53,0.34,0.38,0.28,0.29
1485,0.31,0.27,0.19,0.54,0.34,0.38,0.28,0.28
1486,0.28,0.27,0.19,0.53,0.34,0.37,0.27,0.28
1487,0.28,0.27,0.18,0.53,0.33,0.37,0.27,0.28
1488,0.3,0.27,0.19,0.53,0.32,0.36,0.27,0.27
1489,0.28,0.27,0.18,0.53,0.32,0.36,0.26,0.27
1490,0.28,0.27,0.18,0.53,0.32,0.36,0.26,0.27
1491,0.26,0.27,0.18,0.52,0.32,0.35,0.26,0.27
1492,0.26,0.27,0.18,0.52,0.31,0.35,0.26,0.27
1493,0.28,0.27,0.18,0.51,0.31,0.35,0.25,0.26
1494,0.26,0.24,0.18,0.52,0.31,0.35,0.25,0.26
1495,0.26,0.24,0.18,0.51,0.31,0.35,0.25,0.26
1496,0.25,0.24,0.18,0.51,0.31,0.34,0.25,0.26
1497,0.26,0.24,0.18,0.51,0.3,0.34,0.25,0.25
1498,0.25,0.27,0.18,0.5,0.3,0.34,0.24,0.25
1499,0.23,0.24,0.17,0.51,0.3,0.33,0.24,0.25
