0,0.01,0.01,0.01,0.28,0.02,0.01,0.01,0.0
1,0.01,0.02,0.01,0.28,0.01,0.01,0.0,0.01
2,0.01,0.01,0.01,0.28,0.01,0.01,0.01,0.0
3,0.01,0.02,0.01,0.28,0.01,0.01,0.0,0.0
4,0.01,0.02,0.01,0.31,0.01,0.02,0.0,0.0
5,0.01,0.01,0.01,0.28,0.01,0.01,0.0,0.0
6,0.01,0.01,0.01,0.28,0.01,0.01,0.0,0.0
7,0.01,0.01,0.01,0.28,0.01,0.01,0.0,0.0
8,0.01,0.01,0.01,0.28,0.01,0.01,0.01,0.0
9,0.02,0.01,0.01,0.28,0.01,0.01,0.01,0.0
10,0.01,0.01,0.01,0.28,0.01,0.01,0.0,0.0
11,0.01,0.01,0.01,0.28,0.01,0.01,0.01,0.01
12,0.01,0.01,0.01,0.28,0.01,0.01,0.0,0.01
13,0.0,0.01,0.01,0.28,0.0,0.01,0.0,0.0
14,0.01,0.02,0.01,0.26,0.0,0.01,0.0,0.0
15,0.0,0.01,0.01,0.26,0.01,0.01,0.0,0.0
16,0.0,0.01,0.01,0.26,0.01,0.01,0.01,0.0
17,0.01,0.01,0.01,0.28,0.01,0.01,0.0,0.0
18,0.01,0.01,0.01,0.28,0.01,0.01,0.01,0.0
19,0.0,0.01,0.01,0.28,0.01,0.01,0.01,0.0
20,0.01,0.01,0.01,0.28,0.01,0.01,0.0,0.0
21,0.0,0.02,0.01,0.28,0.01,0.01,0.0,0.0
22,0.0,0.02,0.01,0.28,0.01,0.01,0.0,0.0
23,0.01,0.01,0.01,0.28,0.01,0.01,0.0,0.0
24,0.02,0.01,0.01,0.26,0.01,0.01,0.0,0.0
25,0.01,0.01,0.01,0.28,0.01,0.01,0.0,0.0
26,0.02,0.01,0.01,0.28,0.01,0.01,0.01,0.0
27,0.0,0.02,0.01,0.28,0.01,0.01,0.01,0.0
28,0.02,0.01,0.01,0.28,0.0,0.01,0.0,0.01
29,0.02,0.02,0.01,0.28,0.01,0.01,0.0,0.0
30,0.01,0.02,0.01,0.28,0.01,0.01,0.0,0.0
31,0.01,0.02,0.01,0.28,0.01,0.01,0.0,0.0
32,0.01,0.02,0.01,0.28,0.01,0.01,0.01,0.0
33,0.01,0.01,0.01,0.28,0.01,0.01,0.01,0.0
34,0.02,0.01,0.01,0.28,0.0,0.01,0.0,0.0
35,0.01,0.02,0.01,0.26,0.01,0.01,0.0,0.0
36,0.01,0.02,0.01,0.28,0.01,0.01,0.0,0.0
37,0.01,0.01,0.01,0.28,0.01,0.01,0.0,0.0
38,0.02,0.02,0.01,0.28,0.01,0.01,0.0,0.0
39,0.02,0.01,0.01,0.28,0.01,0.01,0.01,0.01
40,0.02,0.01,0.01,0.28,0.01,0.01,0.0,0.01
41,0.01,0.01,0.01,0.28,0.01,0.01,0.01,0.0
42,0.01,0.01,0.01,0.31,0.01,0.01,0.01,0.01
43,0.01,0.01,0.01,0.31,0.01,0.01,0.01,0.01
44,0.0,0.01,0.01,0.28,0.0,0.01,0.0,0.0
45,0.02,0.02,0.01,0.28,0.0,0.01,0.01,0.0
46,0.01,0.02,0.01,0.31,0.01,0.01,0.01,0.01
47,0.01,0.02,0.01,0.31,0.01,0.01,0.01,0.0
48,0.01,0.02,0.02,0.31,0.01,0.01,0.01,0.01
49,0.02,0.02,0.02,0.31,0.01,0.01,0.01,0.01
50,0.01,0.01,0.01,0.31,0.01,0.01,0.01,0.01
51,0.01,0.02,0.02,0.31,0.01,0.01,0.01,0.01
52,0.01,0.02,0.01,0.31,0.01,0.01,0.01,0.01
53,0.02,0.02,0.01,0.31,0.01,0.01,0.01,0.01
54,0.01,0.02,0.01,0.31,0.01,0.01,0.01,0.01
55,0.01,0.01,0.01,0.33,0.01,0.01,0.01,0.01
56,0.02,0.02,0.01,0.33,0.01,0.01,0.01,0.01
57,0.02,0.01,0.01,0.33,0.01,0.02,0.01,0.01
58,0.01,0.02,0.01,0.33,0.01,0.01,0.01,0.02
59,0.03,0.02,0.02,0.33,0.01,0.01,0.01,0.01
60,0.02,0.02,0.01,0.33,0.01,0.01,0.02,0.01
61,0.02,0.02,0.02,0.33,0.01,0.01,0.01,0.01
62,0.01,0.03,0.02,0.33,0.02,0.01,0.01,0.02
63,0.01,0.02,0.02,0.36,0.01,0.02,0.01,0.02
64,0.01,0.02,0.02,0.36,0.02,0.01,0.02,0.01
65,0.01,0.01,0.01,0.36,0.01,0.01,0.01,0.02
66,0.03,0.02,0.02,0.36,0.01,0.01,0.01,0.01
67,0.02,0.03,0.02,0.36,0.01,0.01,0.01,0.02
68,0.01,0.02,0.01,0.36,0.02,0.01,0.02,0.02
69,0.03,0.02,0.02,0.36,0.02,0.01,0.01,0.02
70,0.02,0.02,0.02,0.36,0.02,0.02,0.02,0.01
71,0.02,0.02,0.01,0.36,0.01,0.01,0.02,0.02
72,0.02,0.02,0.01,0.38,0.01,0.01,0.01,0.01
73,0.01,0.02,0.02,0.36,0.01,0.01,0.02,0.01
74,0.02,0.02,0.02,0.36,0.02,0.01,0.02,0.02
75,0.02,0.02,0.02,0.38,0.02,0.01,0.02,0.02
76,0.02,0.03,0.02,0.38,0.01,0.01,0.02,0.02
77,0.02,0.02,0.02,0.41,0.02,0.02,0.02,0.02
78,0.02,0.02,0.02,0.41,0.01,0.02,0.02,0.02
79,0.02,0.02,0.02,0.38,0.01,0.02,0.02,0.02
80,0.01,0.02,0.02,0.38,0.02,0.01,0.02,0.02
81,0.02,0.02,0.02,0.38,0.02,0.02,0.02,0.02
82,0.02,0.02,0.02,0.38,0.02,0.02,0.02,0.02
83,0.02,0.02,0.02,0.41,0.02,0.01,0.02,0.02
84,0.03,0.02,0.02,0.41,0.02,0.02,0.02,0.02
85,0.02,0.03,0.02,0.41,0.02,0.02,0.02,0.02
86,0.03,0.02,0.02,0.41,0.02,0.01,0.02,0.02
87,0.02,0.02,0.02,0.41,0.02,0.02,0.01,0.02
88,0.02,0.02,0.02,0.41,0.02,0.01,0.02,0.02
89,0.02,0.03,0.02,0.41,0.02,0.01,0.02,0.02
90,0.02,0.02,0.02,0.44,0.02,0.01,0.02,0.02
91,0.02,0.02,0.02,0.41,0.02,0.02,0.02,0.02
92,0.02,0.02,0.02,0.41,0.02,0.01,0.02,0.02
93,0.02,0.02,0.02,0.44,0.02,0.02,0.02,0.02
94,0.03,0.02,0.02,0.44,0.02,0.01,0.02,0.02
95,0.02,0.02,0.02,0.44,0.02,0.02,0.02,0.02
96,0.02,0.03,0.02,0.44,0.02,0.02,0.02,0.02
97,0.02,0.02,0.02,0.44,0.02,0.02,0.02,0.02
98,0.02,0.03,0.02,0.44,0.02,0.02,0.02,0.02
99,0.04,0.02,0.02,0.44,0.02,0.01,0.02,0.02
100,0.02,0.03,0.02,0.44,0.02,0.01,0.02,0.02
101,0.02,0.03,0.02,0.44,0.02,0.02,0.02,0.02
102,0.02,0.03,0.02,0.46,0.02,0.02,0.02,0.02
103,0.02,0.03,0.02,0.46,0.02,0.02,0.02,0.02
104,0.02,0.03,0.02,0.46,0.02,0.02,0.02,0.02
105,0.02,0.03,0.02,0.44,0.02,0.02,0.02,0.02
106,0.02,0.02,0.02,0.46,0.02,0.02,0.02,0.02
107,0.02,0.02,0.02,0.46,0.02,0.02,0.02,0.02
108,0.02,0.03,0.02,0.46,0.02,0.02,0.02,0.02
109,0.02,0.03,0.02,0.46,0.02,0.02,0.02,0.02
110,0.02,0.02,0.02,0.49,0.02,0.02,0.02,0.02
111,0.02,0.02,0.02,0.46,0.02,0.02,0.02,0.02
112,0.02,0.02,0.02,0.46,0.02,0.01,0.02,0.02
113,0.02,0.02,0.02,0.46,0.02,0.02,0.02,0.02
114,0.02,0.02,0.02,0.46,0.02,0.02,0.02,0.02
115,0.02,0.02,0.02,0.46,0.02,0.02,0.02,0.02
116,0.02,0.02,0.02,0.46,0.02,0.02,0.02,0.02
117,0.02,0.03,0.02,0.49,0.02,0.02,0.02,0.02
118,0.04,0.02,0.02,0.46,0.02,0.02,0.02,0.02
119,0.02,0.03,0.02,0.49,0.02,0.02,0.02,0.02
120,0.02,0.03,0.02,0.46,0.02,0.02,0.02,0.02
121,0.02,0.02,0.02,0.49,0.02,0.02,0.02,0.02
122,0.02,0.02,0.02,0.49,0.02,0.02,0.02,0.02
123,0.02,0.02,0.02,0.49,0.02,0.02,0.02,0.02
124,0.02,0.02,0.02,0.49,0.02,0.02,0.02,0.02
125,0.02,0.03,0.02,0.49,0.02,0.02,0.02,0.02
126,0.02,0.03,0.02,0.49,0.02,0.02,0.02,0.02
127,0.02,0.02,0.02,0.49,0.02,0.02,0.02,0.02
128,0.02,0.03,0.02,0.49,0.02,0.02,0.02,0.02
129,0.02,0.03,0.02,0.51,0.02,0.02,0.02,0.02
130,0.04,0.03,0.02,0.51,0.02,0.03,0.02,0.02
131,0.03,0.03,0.02,0.51,0.02,0.03,0.02,0.02
132,0.02,0.02,0.02,0.49,0.02,0.02,0.02,0.02
133,0.02,0.02,0.02,0.51,0.02,0.02,0.02,0.02
134,0.02,0.02,0.02,0.51,0.02,0.02,0.02,0.02
135,0.02,0.02,0.02,0.51,0.02,0.02,0.02,0.02
136,0.03,0.03,0.02,0.51,0.02,0.02,0.02,0.02
137,0.02,0.02,0.02,0.51,0.02,0.02,0.02,0.02
138,0.02,0.03,0.02,0.54,0.02,0.03,0.02,0.02
139,0.02,0.03,0.03,0.54,0.02,0.02,0.02,0.02
140,0.02,0.03,0.02,0.54,0.02,0.02,0.02,0.02
141,0.02,0.03,0.02,0.51,0.02,0.02,0.02,0.02
142,0.02,0.03,0.02,0.54,0.02,0.02,0.02,0.02
143,0.02,0.03,0.02,0.54,0.02,0.02,0.02,0.02
144,0.02,0.03,0.02,0.54,0.02,0.02,0.02,0.02
145,0.02,0.03,0.02,0.54,0.02,0.02,0.02,0.02
146,0.02,0.02,0.02,0.54,0.02,0.03,0.02,0.02
147,0.03,0.03,0.02,0.54,0.02,0.03,0.02,0.02
148,0.02,0.03,0.03,0.56,0.02,0.03,0.02,0.02
149,0.02,0.03,0.02,0.56,0.02,0.03,0.02,0.02
150,0.02,0.03,0.02,0.54,0.02,0.03,0.02,0.02
151,0.03,0.03,0.02,0.56,0.02,0.03,0.02,0.02
152,0.02,0.03,0.02,0.56,0.02,0.02,0.02,0.02
153,0.02,0.02,0.02,0.56,0.02,0.02,0.02,0.02
154,0.02,0.02,0.02,0.56,0.02,0.02,0.02,0.02
155,0.02,0.03,0.02,0.54,0.02,0.02,0.02,0.02
156,0.02,0.03,0.02,0.56,0.02,0.03,0.02,0.02
157,0.02,0.03,0.02,0.56,0.02,0.02,0.02,0.02
158,0.03,0.03,0.02,0.56,0.02,0.03,0.02,0.02
159,0.02,0.02,0.02,0.56,0.02,0.03,0.02,0.02
160,0.02,0.03,0.02,0.56,0.02,0.03,0.02,0.02
161,0.02,0.03,0.02,0.59,0.02,0.02,0.02,0.02
162,0.03,0.03,0.02,0.56,0.02,0.03,0.02,0.02
163,0.02,0.03,0.02,0.56,0.02,0.03,0.02,0.02
164,0.02,0.03,0.02,0.59,0.02,0.03,0.02,0.02
165,0.02,0.03,0.02,0.59,0.02,0.02,0.02,0.02
166,0.02,0.03,0.02,0.56,0.02,0.02,0.02,0.02
167,0.02,0.03,0.03,0.56,0.02,0.02,0.02,0.02
168,0.02,0.03,0.02,0.59,0.02,0.03,0.02,0.02
169,0.03,0.03,0.02,0.59,0.02,0.03,0.02,0.02
170,0.02,0.03,0.02,0.59,0.02,0.03,0.02,0.02
171,0.02,0.03,0.02,0.59,0.02,0.02,0.02,0.02
172,0.02,0.03,0.02,0.59,0.02,0.02,0.02,0.02
173,0.02,0.03,0.02,0.59,0.03,0.03,0.02,0.02
174,0.02,0.03,0.02,0.59,0.02,0.03,0.02,0.02
175,0.02,0.03,0.02,0.59,0.02,0.03,0.02,0.02
176,0.03,0.03,0.03,0.59,0.03,0.02,0.02,0.02
177,0.02,0.03,0.03,0.62,0.02,0.03,0.02,0.02
178,0.03,0.03,0.02,0.59,0.02,0.03,0.02,0.02
179,0.02,0.03,0.03,0.59,0.02,0.02,0.02,0.02
180,0.02,0.03,0.02,0.59,0.02,0.03,0.02,0.02
181,0.02,0.03,0.02,0.62,0.03,0.03,0.02,0.02
182,0.02,0.03,0.02,0.62,0.02,0.03,0.02,0.02
183,0.02,0.03,0.02,0.62,0.03,0.03,0.02,0.02
184,0.02,0.03,0.03,0.62,0.02,0.02,0.02,0.02
185,0.02,0.03,0.02,0.62,0.02,0.02,0.02,0.02
186,0.02,0.02,0.02,0.59,0.02,0.02,0.02,0.02
187,0.02,0.03,0.02,0.59,0.02,0.03,0.02,0.02
188,0.02,0.03,0.02,0.62,0.02,0.03,0.02,0.02
189,0.02,0.03,0.02,0.62,0.02,0.02,0.02,0.02
190,0.02,0.03,0.02,0.62,0.02,0.03,0.02,0.02
191,0.02,0.03,0.02,0.62,0.02,0.03,0.02,0.02
192,0.02,0.03,0.02,0.62,0.02,0.03,0.02,0.02
193,0.02,0.03,0.02,0.62,0.02,0.03,0.02,0.02
194,0.03,0.03,0.03,0.64,0.02,0.02,0.02,0.02
195,0.02,0.03,0.02,0.62,0.02,0.02,0.02,0.02
196,0.02,0.03,0.02,0.62,0.02,0.03,0.02,0.02
197,0.02,0.03,0.02,0.64,0.02,0.03,0.02,0.02
198,0.03,0.03,0.02,0.62,0.02,0.02,0.02,0.02
199,0.02,0.03,0.02,0.64,0.02,0.02,0.02,0.02
200,0.02,0.03,0.02,0.62,0.02,0.03,0.02,0.02
201,0.02,0.02,0.02,0.62,0.02,0.02,0.02,0.02
202,0.02,0.03,0.02,0.62,0.02,0.03,0.02,0.02
203,0.02,0.03,0.02,0.64,0.02,0.02,0.02,0.03
204,0.03,0.03,0.02,0.62,0.02,0.02,0.02,0.02
205,0.03,0.03,0.02,0.62,0.02,0.03,0.02,0.02
206,0.02,0.03,0.02,0.62,0.02,0.02,0.02,0.02
207,0.02,0.02,0.02,0.62,0.02,0.02,0.02,0.02
208,0.02,0.02,0.02,0.64,0.02,0.03,0.02,0.02
209,0.02,0.03,0.02,0.64,0.02,0.03,0.02,0.02
210,0.02,0.03,0.02,0.62,0.02,0.02,0.02,0.02
211,0.02,0.02,0.02,0.64,0.02,0.02,0.02,0.02
212,0.02,0.03,0.02,0.64,0.02,0.02,0.02,0.02
213,0.02,0.03,0.02,0.62,0.02,0.02,0.02,0.02
214,0.02,0.03,0.02,0.64,0.02,0.02,0.02,0.02
215,0.02,0.02,0.02,0.64,0.02,0.02,0.02,0.02
216,0.02,0.02,0.02,0.64,0.02,0.02,0.02,0.02
217,0.02,0.02,0.02,0.64,0.02,0.02,0.02,0.02
218,0.02,0.02,0.02,0.64,0.02,0.02,0.02,0.02
219,0.02,0.02,0.02,0.64,0.02,0.02,0.02,0.02
220,0.03,0.03,0.02,0.62,0.02,0.02,0.02,0.02
221,0.02,0.03,0.02,0.64,0.02,0.02,0.02,0.02
222,0.02,0.02,0.02,0.64,0.02,0.02,0.02,0.02
223,0.02,0.02,0.02,0.64,0.02,0.02,0.02,0.02
224,0.02,0.03,0.02,0.64,0.02,0.02,0.02,0.02
225,0.02,0.03,0.02,0.64,0.02,0.02,0.02,0.02
226,0.02,0.02,0.02,0.64,0.02,0.02,0.02,0.02
227,0.02,0.02,0.02,0.64,0.02,0.02,0.02,0.02
228,0.01,0.02,0.02,0.64,0.02,0.02,0.02,0.02
229,0.02,0.02,0.02,0.64,0.02,0.02,0.02,0.02
230,0.02,0.02,0.02,0.64,0.02,0.02,0.02,0.02
231,0.02,0.02,0.02,0.64,0.02,0.02,0.02,0.02
232,0.02,0.03,0.02,0.64,0.02,0.02,0.02,0.02
233,0.02,0.02,0.02,0.64,0.02,0.02,0.02,0.02
234,0.02,0.02,0.02,0.62,0.02,0.02,0.02,0.02
235,0.01,0.02,0.02,0.64,0.02,0.01,0.02,0.02
236,0.02,0.02,0.02,0.64,0.02,0.02,0.02,0.01
237,0.01,0.03,0.01,0.64,0.02,0.02,0.02,0.02
238,0.02,0.02,0.02,0.64,0.02,0.02,0.02,0.02
239,0.01,0.02,0.02,0.64,0.02,0.01,0.02,0.02
240,0.01,0.02,0.01,0.64,0.02,0.02,0.02,0.02
241,0.01,0.01,0.01,0.62,0.02,0.01,0.01,0.01
242,0.02,0.02,0.01,0.64,0.02,0.01,0.01,0.02
243,0.01,0.02,0.02,0.62,0.02,0.01,0.02,0.01
244,0.03,0.03,0.01,0.64,0.02,0.02,0.02,0.01
245,0.02,0.02,0.01,0.64,0.02,0.02,0.02,0.02
246,0.02,0.03,0.02,0.64,0.02,0.02,0.02,0.02
247,0.01,0.03,0.02,0.64,0.02,0.02,0.01,0.02
248,0.02,0.02,0.01,0.64,0.01,0.02,0.02,0.02
249,0.01,0.02,0.02,0.64,0.02,0.01,0.02,0.01
250,0.01,0.02,0.02,0.64,0.02,0.01,0.02,0.02
251,0.02,0.02,0.02,0.62,0.02,0.02,0.02,0.02
252,0.01,0.03,0.01,0.64,0.02,0.02,0.02,0.02
253,0.01,0.02,0.01,0.64,0.02,0.02,0.02,0.01
254,0.01,0.02,0.01,0.67,0.02,0.01,0.02,0.02
255,0.02,0.02,0.02,0.67,0.02,0.01,0.02,0.02
256,0.02,0.01,0.02,0.67,0.02,0.01,0.02,0.02
257,0.01,0.02,0.02,0.64,0.02,0.02,0.02,0.01
258,0.01,0.02,0.01,0.64,0.02,0.01,0.02,0.02
259,0.01,0.02,0.01,0.64,0.02,0.02,0.02,0.02
260,0.01,0.01,0.01,0.64,0.02,0.01,0.01,0.01
261,0.01,0.02,0.01,0.64,0.01,0.01,0.02,0.02
262,0.01,0.02,0.02,0.67,0.01,0.01,0.01,0.01
263,0.01,0.02,0.01,0.64,0.02,0.01,0.02,0.01
264,0.02,0.02,0.01,0.64,0.02,0.01,0.02,0.01
265,0.02,0.02,0.02,0.64,0.02,0.01,0.02,0.02
266,0.01,0.02,0.01,0.64,0.02,0.02,0.01,0.02
267,0.02,0.02,0.01,0.64,0.02,0.01,0.02,0.01
268,0.01,0.02,0.01,0.64,0.02,0.02,0.02,0.01
269,0.01,0.01,0.02,0.64,0.02,0.01,0.02,0.02
270,0.01,0.02,0.01,0.64,0.02,0.01,0.01,0.01
271,0.02,0.02,0.01,0.67,0.02,0.02,0.01,0.02
272,0.02,0.01,0.01,0.64,0.02,0.01,0.02,0.01
273,0.01,0.01,0.02,0.67,0.02,0.02,0.02,0.02
274,0.02,0.02,0.01,0.67,0.02,0.02,0.02,0.01
275,0.01,0.02,0.01,0.64,0.01,0.01,0.01,0.01
276,0.01,0.02,0.01,0.67,0.02,0.01,0.01,0.02
277,0.01,0.02,0.01,0.67,0.02,0.02,0.02,0.01
278,0.01,0.01,0.02,0.64,0.02,0.01,0.02,0.02
279,0.02,0.02,0.01,0.64,0.02,0.01,0.02,0.02
280,0.01,0.01,0.01,0.64,0.02,0.01,0.01,0.01
281,0.01,0.01,0.01,0.64,0.01,0.01,0.0,0.01
282,0.01,0.01,0.01,0.64,0.01,0.01,0.01,0.01
283,0.0,0.01,0.01,0.64,0.02,0.01,0.01,0.0
284,0.0,0.02,0.01,0.64,0.01,0.01,0.01,0.01
285,0.02,0.01,0.01,0.64,0.01,0.01,0.02,0.01
286,0.01,0.01,0.01,0.64,0.02,0.01,0.01,0.01
287,0.01,0.02,0.01,0.64,0.01,0.01,0.02,0.01
288,0.01,0.02,0.01,0.64,0.02,0.01,0.01,0.01
289,0.01,0.01,0.01,0.64,0.01,0.01,0.01,0.01
290,0.01,0.02,0.01,0.64,0.02,0.01,0.01,0.01
291,0.01,0.01,0.01,0.64,0.01,0.01,0.01,0.01
292,0.01,0.01,0.01,0.64,0.02,0.01,0.02,0.01
293,0.01,0.01,0.01,0.64,0.02,0.01,0.02,0.02
294,0.01,0.01,0.01,0.64,0.02,0.01,0.01,0.01
295,0.01,0.01,0.01,0.64,0.01,0.01,0.01,0.01
296,0.01,0.01,0.01,0.64,0.01,0.01,0.01,0.01
297,0.01,0.02,0.01,0.64,0.01,0.01,0.01,0.01
298,0.01,0.02,0.01,0.64,0.01,0.01,0.02,0.01
299,0.01,0.01,0.01,0.64,0.02,0.01,0.01,0.01
300,0.01,0.02,0.01,0.64,0.02,0.01,0.01,0.01
301,0.01,0.02,0.01,0.64,0.02,0.01,0.01,0.01
302,0.01,0.02,0.01,0.62,0.01,0.01,0.01,0.01
303,0.01,0.01,0.01,0.64,0.01,0.01,0.01,0.01
304,0.01,0.01,0.01,0.64,0.01,0.01,0.02,0.01
305,0.01,0.01,0.01,0.64,0.01,0.01,0.01,0.01
306,0.01,0.02,0.01,0.64,0.01,0.01,0.02,0.01
307,0.02,0.02,0.01,0.64,0.01,0.02,0.01,0.01
308,0.01,0.01,0.01,0.64,0.02,0.01,0.02,0.01
309,0.02,0.02,0.01,0.64,0.01,0.01,0.01,0.01
310,0.01,0.02,0.01,0.64,0.02,0.01,0.01,0.01
311,0.0,0.02,0.01,0.62,0.01,0.01,0.02,0.01
312,0.01,0.01,0.01,0.64,0.01,0.01,0.01,0.01
313,0.01,0.01,0.01,0.64,0.01,0.01,0.01,0.0
314,0.01,0.02,0.01,0.64,0.01,0.01,0.01,0.01
315,0.01,0.02,0.01,0.64,0.01,0.01,0.01,0.01
316,0.01,0.02,0.01,0.62,0.01,0.01,0.01,0.01
317,0.02,0.01,0.01,0.64,0.02,0.01,0.01,0.0
318,0.02,0.01,0.01,0.62,0.02,0.01,0.01,0.0
319,0.0,0.01,0.01,0.64,0.01,0.01,0.01,0.0
320,0.01,0.01,0.01,0.64,0.01,0.01,0.02,0.01
321,0.01,0.01,0.01,0.62,0.01,0.01,0.01,0.01
322,0.02,0.01,0.01,0.64,0.01,0.01,0.02,0.01
323,0.01,0.02,0.01,0.64,0.01,0.01,0.01,0.01
324,0.02,0.01,0.01,0.62,0.01,0.01,0.01,0.01
325,0.01,0.01,0.01,0.64,0.01,0.01,0.01,0.01
326,0.0,0.01,0.01,0.62,0.01,0.01,0.01,0.01
327,0.01,0.01,0.01,0.64,0.01,0.01,0.01,0.0
328,0.01,0.01,0.01,0.64,0.01,0.01,0.01,0.01
329,0.02,0.01,0.01,0.62,0.01,0.01,0.01,0.01
330,0.0,0.01,0.01,0.62,0.01,0.01,0.01,0.0
331,0.0,0.0,0.01,0.62,0.0,0.01,0.01,0.0
332,0.0,0.01,0.01,0.64,0.01,0.01,0.01,0.0
333,0.02,0.01,0.01,0.62,0.01,0.01,0.01,0.01
334,0.02,0.02,0.01,0.62,0.01,0.01,0.01,0.01
335,0.01,0.01,0.01,0.62,0.01,0.01,0.01,0.01
336,0.01,0.01,0.01,0.64,0.01,0.01,0.01,0.01
337,0.01,0.01,0.01,0.62,0.01,0.01,0.01,0.0
338,0.01,0.01,0.01,0.62,0.01,0.01,0.01,0.0
339,0.01,0.01,0.01,0.62,0.01,0.01,0.01,0.0
340,0.01,0.01,0.01,0.62,0.01,0.01,0.01,0.01
341,0.01,0.01,0.01,0.62,0.01,0.01,0.01,0.01
342,0.01,0.01,0.01,0.62,0.01,0.01,0.01,0.01
343,0.02,0.01,0.01,0.62,0.01,0.01,0.02,0.0
344,0.01,0.01,0.01,0.62,0.01,0.01,0.01,0.01
345,0.01,0.01,0.01,0.62,0.01,0.01,0.01,0.01
346,0.02,0.01,0.01,0.62,0.01,0.01,0.01,0.01
347,0.02,0.01,0.01,0.62,0.01,0.01,0.01,0.0
348,0.01,0.01,0.01,0.62,0.01,0.01,0.01,0.0
349,0.01,0.01,0.01,0.62,0.01,0.01,0.01,0.01
350,0.01,0.01,0.01,0.64,0.01,0.01,0.01,0.01
351,0.01,0.01,0.01,0.62,0.01,0.01,0.01,0.0
352,0.01,0.01,0.01,0.62,0.01,0.01,0.01,0.0
353,0.0,0.01,0.01,0.62,0.01,0.01,0.01,0.01
354,0.0,0.01,0.01,0.62,0.0,0.0,0.01,0.0
355,0.0,0.0,0.0,0.62,0.01,0.01,0.0,0.0
356,0.0,0.0,0.01,0.62,0.0,0.01,0.01,0.01
357,0.01,0.01,0.01,0.62,0.01,0.01,0.01,0.0
358,0.02,0.01,0.01,0.64,0.01,0.01,0.01,0.01
359,0.01,0.01,0.01,0.62,0.01,0.01,0.01,0.01
360,0.01,0.01,0.01,0.62,0.01,0.01,0.01,0.01
361,0.01,0.01,0.01,0.62,0.01,0.01,0.02,0.01
362,0.01,0.01,0.01,0.62,0.01,0.01,0.01,0.01
363,0.01,0.01,0.01,0.62,0.0,0.01,0.01,0.01
364,0.01,0.01,0.01,0.62,0.0,0.01,0.02,0.01
365,0.01,0.01,0.01,0.62,0.01,0.01,0.02,0.02
366,0.02,0.01,0.01,0.62,0.01,0.01,0.02,0.01
367,0.02,0.01,0.01,0.62,0.01,0.01,0.01,0.01
368,0.02,0.02,0.01,0.59,0.01,0.01,0.02,0.01
369,0.02,0.01,0.01,0.62,0.01,0.01,0.02,0.01
370,0.02,0.01,0.02,0.62,0.01,0.01,0.02,0.02
371,0.05,0.02,0.03,0.62,0.01,0.01,0.03,0.02
372,0.03,0.02,0.03,0.62,0.01,0.01,0.02,0.02
373,0.03,0.01,0.03,0.62,0.01,0.01,0.03,0.02
374,0.03,0.02,0.03,0.62,0.01,0.01,0.03,0.02
375,0.04,0.02,0.03,0.62,0.02,0.01,0.03,0.03
376,0.06,0.03,0.06,0.59,0.02,0.01,0.05,0.04
377,0.06,0.03,0.05,0.62,0.02,0.02,0.04,0.04
378,0.06,0.03,0.06,0.62,0.02,0.02,0.06,0.04
379,0.07,0.04,0.06,0.62,0.02,0.02,0.06,0.04
380,0.09,0.04,0.07,0.59,0.02,0.03,0.06,0.04
381,0.08,0.04,0.08,0.62,0.02,0.03,0.06,0.05
382,0.09,0.05,0.08,0.62,0.02,0.03,0.07,0.06
383,0.09,0.05,0.08,0.62,0.03,0.03,0.07,0.06
384,0.11,0.05,0.08,0.59,0.03,0.03,0.07,0.06
385,0.1,0.05,0.09,0.62,0.04,0.03,0.08,0.06
386,0.1,0.05,0.1,0.62,0.04,0.03,0.09,0.06
387,0.1,0.06,0.1,0.62,0.04,0.03,0.09,0.07
388,0.11,0.06,0.11,0.59,0.04,0.04,0.1,0.08
389,0.14,0.07,0.13,0.59,0.05,0.05,0.12,0.09
390,0.15,0.09,0.15,0.59,0.06,0.05,0.13,0.1
391,0.15,0.1,0.15,0.62,0.07,0.05,0.13,0.11
392,0.17,0.09,0.15,0.59,0.07,0.06,0.13,0.11
393,0.16,0.1,0.16,0.62,0.07,0.06,0.14,0.12
394,0.17,0.1,0.16,0.62,0.08,0.07,0.15,0.13
395,0.18,0.11,0.17,0.62,0.08,0.07,0.17,0.13
396,0.18,0.1,0.18,0.62,0.08,0.07,0.17,0.13
397,0.19,0.11,0.18,0.62,0.09,0.07,0.17,0.13
398,0.2,0.12,0.19,0.62,0.09,0.08,0.17,0.14
399,0.22,0.13,0.2,0.62,0.09,0.09,0.18,0.16
400,0.22,0.12,0.2,0.62,0.1,0.09,0.19,0.16
401,0.22,0.13,0.21,0.62,0.1,0.09,0.2,0.17
402,0.22,0.14,0.22,0.62,0.12,0.09,0.21,0.17
403,0.23,0.14,0.22,0.62,0.11,0.1,0.2,0.17
404,0.23,0.15,0.22,0.62,0.12,0.1,0.21,0.17
405,0.25,0.15,0.23,0.62,0.12,0.1,0.21,0.18
406,0.25,0.17,0.24,0.64,0.13,0.11,0.23,0.19
407,0.26,0.17,0.25,0.64,0.14,0.12,0.24,0.2
408,0.26,0.18,0.25,0.62,0.14,0.12,0.25,0.2
409,0.27,0.17,0.26,0.64,0.15,0.12,0.25,0.2
410,0.28,0.18,0.26,0.64,0.16,0.13,0.26,0.21
411,0.29,0.19,0.27,0.62,0.16,0.13,0.28,0.22
412,0.29,0.19,0.27,0.64,0.16,0.13,0.28,0.22
413,0.3,0.2,0.28,0.64,0.18,0.14,0.29,0.23
414,0.3,0.21,0.29,0.64,0.18,0.14,0.31,0.24
415,0.3,0.22,0.29,0.64,0.19,0.15,0.32,0.24
416,0.32,0.22,0.31,0.67,0.2,0.17,0.35,0.28
417,0.34,0.24,0.33,0.64,0.22,0.18,0.37,0.28
418,0.34,0.24,0.34,0.64,0.22,0.18,0.37,0.29
419,0.35,0.25,0.34,0.64,0.23,0.19,0.38,0.3
420,0.35,0.25,0.34,0.67,0.23,0.19,0.39,0.3
421,0.36,0.26,0.35,0.67,0.25,0.21,0.4,0.31
422,0.37,0.26,0.35,0.67,0.25,0.21,0.4,0.31
423,0.37,0.27,0.37,0.67,0.25,0.21,0.41,0.32
424,0.38,0.28,0.37,0.67,0.26,0.21,0.41,0.33
425,0.38,0.28,0.37,0.67,0.26,0.22,0.42,0.33
426,0.39,0.28,0.38,0.67,0.27,0.23,0.43,0.35
427,0.38,0.29,0.39,0.69,0.28,0.24,0.42,0.35
428,0.4,0.29,0.39,0.67,0.28,0.23,0.43,0.35
429,0.4,0.3,0.4,0.69,0.29,0.25,0.44,0.35
430,0.4,0.31,0.4,0.67,0.29,0.25,0.44,0.36
431,0.4,0.31,0.4,0.69,0.29,0.25,0.44,0.37
432,0.42,0.31,0.4,0.67,0.3,0.26,0.44,0.36
433,0.41,0.32,0.41,0.69,0.3,0.26,0.44,0.37
434,0.41,0.32,0.41,0.69,0.31,0.26,0.44,0.38
435,0.42,0.33,0.42,0.69,0.32,0.28,0.45,0.39
436,0.43,0.34,0.42,0.72,0.33,0.28,0.45,0.39
437,0.44,0.36,0.43,0.69,0.33,0.29,0.46,0.39
438,0.43,0.34,0.44,0.72,0.33,0.28,0.47,0.4
439,0.43,0.35,0.43,0.69,0.33,0.3,0.46,0.4
440,0.44,0.35,0.43,0.69,0.34,0.3,0.48,0.41
441,0.44,0.36,0.44,0.69,0.34,0.3,0.48,0.42
442,0.44,0.36,0.44,0.72,0.35,0.31,0.48,0.43
443,0.46,0.37,0.45,0.72,0.35,0.31,0.49,0.43
444,0.46,0.37,0.45,0.72,0.36,0.32,0.49,0.43
445,0.47,0.37,0.46,0.72,0.36,0.32,0.5,0.44
446,0.46,0.38,0.46,0.72,0.37,0.33,0.49,0.44
447,0.46,0.38,0.46,0.74,0.37,0.33,0.5,0.45
448,0.47,0.39,0.47,0.72,0.37,0.34,0.51,0.46
449,0.47,0.39,0.47,0.72,0.38,0.34,0.51,0.46
450,0.47,0.4,0.48,0.74,0.39,0.34,0.52,0.47
451,0.48,0.4,0.48,0.74,0.38,0.34,0.52,0.47
452,0.48,0.39,0.49,0.74,0.38,0.34,0.52,0.47
453,0.48,0.39,0.49,0.74,0.38,0.34,0.52,0.47
454,0.49,0.4,0.49,0.72,0.39,0.35,0.52,0.48
455,0.5,0.4,0.5,0.72,0.4,0.36,0.52,0.48
456,0.5,0.41,0.5,0.72,0.4,0.37,0.52,0.49
457,0.5,0.42,0.51,0.74,0.4,0.36,0.52,0.49
458,0.5,0.42,0.51,0.74,0.4,0.37,0.53,0.5
459,0.5,0.42,0.51,0.74,0.41,0.38,0.54,0.5
460,0.53,0.43,0.52,0.74,0.42,0.38,0.54,0.5
461,0.51,0.43,0.51,0.74,0.42,0.39,0.54,0.5
462,0.52,0.43,0.51,0.74,0.43,0.39,0.55,0.51
463,0.53,0.44,0.52,0.74,0.43,0.4,0.56,0.51
464,0.52,0.44,0.53,0.77,0.43,0.4,0.56,0.53
465,0.53,0.45,0.53,0.74,0.43,0.4,0.56,0.52
466,0.54,0.45,0.54,0.77,0.44,0.41,0.57,0.53
467,0.54,0.45,0.54,0.74,0.44,0.42,0.57,0.53
468,0.56,0.46,0.54,0.77,0.46,0.42,0.58,0.54
469,0.54,0.46,0.55,0.77,0.46,0.42,0.58,0.54
470,0.55,0.47,0.55,0.77,0.46,0.42,0.58,0.54
471,0.56,0.47,0.55,0.77,0.47,0.43,0.58,0.55
472,0.57,0.47,0.56,0.77,0.47,0.43,0.59,0.55
473,0.56,0.48,0.56,0.77,0.47,0.44,0.59,0.55
474,0.56,0.48,0.55,0.77,0.47,0.44,0.59,0.55
475,0.58,0.49,0.56,0.77,0.48,0.45,0.6,0.56
476,0.57,0.49,0.56,0.77,0.48,0.45,0.6,0.56
477,0.57,0.49,0.56,0.77,0.49,0.46,0.6,0.56
478,0.58,0.51,0.57,0.77,0.48,0.46,0.6,0.57
479,0.58,0.51,0.57,0.79,0.5,0.46,0.6,0.57
480,0.58,0.51,0.58,0.79,0.49,0.46,0.61,0.57
481,0.58,0.52,0.58,0.79,0.5,0.46,0.6,0.57
482,0.59,0.52,0.58,0.79,0.5,0.47,0.6,0.57
483,0.59,0.52,0.58,0.77,0.5,0.48,0.6,0.57
484,0.59,0.53,0.58,0.79,0.5,0.48,0.61,0.57
485,0.6,0.54,0.58,0.79,0.51,0.49,0.61,0.58
486,0.59,0.53,0.59,0.82,0.52,0.48,0.62,0.58
487,0.6,0.53,0.59,0.79,0.51,0.48,0.61,0.58
488,0.62,0.54,0.59,0.79,0.53,0.49,0.62,0.58
489,0.61,0.54,0.6,0.79,0.53,0.5,0.63,0.59
490,0.63,0.55,0.6,0.79,0.53,0.5,0.63,0.6
491,0.62,0.55,0.6,0.79,0.53,0.5,0.63,0.6
492,0.63,0.55,0.6,0.82,0.53,0.5,0.63,0.61
493,0.62,0.55,0.61,0.82,0.53,0.5,0.63,0.61
494,0.65,0.56,0.6,0.79,0.54,0.52,0.63,0.6
495,0.63,0.56,0.61,0.82,0.54,0.52,0.63,0.61
496,0.63,0.56,0.61,0.79,0.54,0.52,0.64,0.61
497,0.65,0.57,0.61,0.79,0.55,0.52,0.65,0.61
498,0.65,0.57,0.62,0.82,0.56,0.52,0.65,0.62
499,0.65,0.58,0.62,0.82,0.56,0.53,0.66,0.62
500,0.66,0.58,0.63,0.82,0.57,0.53,0.65,0.62
501,0.66,0.59,0.63,0.82,0.56,0.54,0.66,0.62
502,0.66,0.59,0.63,0.85,0.57,0.54,0.66,0.63
503,0.66,0.6,0.62,0.79,0.57,0.54,0.66,0.62
504,0.66,0.6,0.63,0.82,0.57,0.54,0.67,0.63
505,0.66,0.6,0.63,0.82,0.57,0.55,0.67,0.63
506,0.66,0.61,0.64,0.85,0.58,0.56,0.67,0.64
507,0.69,0.61,0.63,0.82,0.59,0.56,0.67,0.64
508,0.69,0.61,0.63,0.85,0.59,0.56,0.67,0.65
509,0.68,0.62,0.63,0.82,0.6,0.56,0.68,0.65
510,0.68,0.62,0.64,0.85,0.6,0.56,0.69,0.65
511,0.68,0.63,0.65,0.82,0.61,0.58,0.69,0.66
512,0.69,0.63,0.65,0.85,0.61,0.58,0.69,0.66
513,0.7,0.64,0.64,0.82,0.61,0.58,0.69,0.66
514,0.7,0.64,0.65,0.85,0.61,0.58,0.7,0.67
515,0.69,0.63,0.66,0.87,0.62,0.58,0.7,0.67
516,0.7,0.63,0.66,0.85,0.62,0.58,0.71,0.67
517,0.7,0.64,0.66,0.85,0.63,0.59,0.71,0.67
518,0.7,0.64,0.66,0.85,0.64,0.6,0.71,0.68
519,0.7,0.65,0.67,0.87,0.64,0.6,0.73,0.69
520,0.7,0.65,0.68,0.85,0.64,0.6,0.73,0.69
521,0.71,0.65,0.68,0.87,0.64,0.61,0.74,0.69
522,0.71,0.65,0.68,0.85,0.64,0.61,0.75,0.69
523,0.71,0.66,0.69,0.85,0.65,0.61,0.75,0.7
524,0.74,0.66,0.69,0.85,0.65,0.62,0.75,0.7
525,0.72,0.67,0.69,0.85,0.66,0.62,0.75,0.7
526,0.73,0.67,0.69,0.87,0.66,0.62,0.77,0.71
527,0.72,0.67,0.69,0.87,0.67,0.62,0.77,0.72
528,0.72,0.68,0.7,0.87,0.66,0.63,0.78,0.72
529,0.72,0.67,0.69,0.87,0.67,0.63,0.78,0.72
530,0.72,0.68,0.7,0.87,0.67,0.63,0.78,0.72
531,0.73,0.68,0.7,0.87,0.67,0.64,0.78,0.72
532,0.72,0.67,0.7,0.87,0.67,0.63,0.78,0.72
533,0.72,0.68,0.7,0.87,0.67,0.63,0.79,0.72
534,0.73,0.69,0.7,0.87,0.68,0.64,0.79,0.73
535,0.72,0.68,0.71,0.87,0.68,0.64,0.8,0.74
536,0.72,0.69,0.71,0.87,0.68,0.64,0.8,0.74
537,0.72,0.69,0.71,0.87,0.68,0.65,0.8,0.75
538,0.72,0.69,0.7,0.87,0.69,0.65,0.79,0.74
539,0.72,0.69,0.7,0.87,0.69,0.65,0.81,0.76
540,0.72,0.69,0.71,0.9,0.69,0.65,0.81,0.75
541,0.71,0.69,0.7,0.87,0.69,0.65,0.81,0.76
542,0.72,0.69,0.7,0.87,0.69,0.66,0.8,0.75
543,0.72,0.7,0.7,0.87,0.69,0.66,0.81,0.76
544,0.7,0.69,0.7,0.9,0.7,0.66,0.82,0.76
545,0.71,0.7,0.69,0.87,0.71,0.67,0.81,0.75
546,0.71,0.7,0.7,0.87,0.7,0.67,0.82,0.76
547,0.71,0.7,0.7,0.87,0.7,0.67,0.82,0.76
548,0.7,0.7,0.7,0.87,0.7,0.67,0.82,0.76
549,0.7,0.7,0.71,0.9,0.71,0.67,0.82,0.76
550,0.7,0.69,0.71,0.87,0.7,0.67,0.82,0.76
551,0.71,0.7,0.72,0.9,0.71,0.67,0.83,0.77
552,0.71,0.7,0.72,0.87,0.7,0.68,0.82,0.76
553,0.71,0.7,0.72,0.87,0.7,0.67,0.82,0.76
554,0.72,0.7,0.73,0.87,0.71,0.68,0.82,0.76
555,0.74,0.71,0.73,0.87,0.71,0.68,0.83,0.77
556,0.73,0.7,0.73,0.9,0.71,0.68,0.83,0.78
557,0.74,0.7,0.74,0.9,0.71,0.68,0.83,0.78
558,0.74,0.7,0.74,0.9,0.71,0.68,0.83,0.78
559,0.74,0.71,0.75,0.9,0.71,0.69,0.83,0.78
560,0.75,0.71,0.75,0.9,0.72,0.69,0.83,0.79
561,0.75,0.71,0.75,0.9,0.72,0.7,0.83,0.79
562,0.75,0.72,0.76,0.9,0.72,0.7,0.83,0.79
563,0.77,0.72,0.76,0.9,0.72,0.7,0.84,0.8
564,0.76,0.73,0.77,0.87,0.73,0.7,0.83,0.8
565,0.76,0.73,0.78,0.9,0.73,0.7,0.84,0.8
566,0.77,0.72,0.78,0.9,0.73,0.71,0.83,0.8
567,0.77,0.73,0.77,0.9,0.74,0.71,0.83,0.8
568,0.78,0.74,0.78,0.9,0.74,0.72,0.84,0.81
569,0.77,0.74,0.78,0.9,0.74,0.72,0.84,0.81
570,0.78,0.74,0.78,0.9,0.74,0.72,0.84,0.81
571,0.78,0.74,0.78,0.9,0.74,0.72,0.84,0.81
572,0.78,0.74,0.78,0.92,0.74,0.72,0.84,0.8
573,0.78,0.76,0.78,0.87,0.75,0.74,0.84,0.81
574,0.78,0.75,0.78,0.9,0.75,0.73,0.85,0.81
575,0.78,0.75,0.79,0.9,0.75,0.74,0.85,0.82
576,0.78,0.75,0.79,0.92,0.76,0.74,0.84,0.82
577,0.79,0.76,0.78,0.9,0.77,0.75,0.83,0.81
578,0.78,0.75,0.79,0.9,0.77,0.74,0.84,0.81
579,0.79,0.75,0.78,0.9,0.77,0.75,0.83,0.81
580,0.81,0.76,0.79,0.92,0.77,0.75,0.84,0.82
581,0.79,0.76,0.79,0.9,0.77,0.75,0.84,0.82
582,0.79,0.76,0.79,0.92,0.77,0.75,0.84,0.82
583,0.8,0.76,0.79,0.92,0.78,0.75,0.83,0.82
584,0.81,0.77,0.79,0.9,0.78,0.75,0.83,0.81
585,0.81,0.78,0.79,0.9,0.78,0.76,0.83,0.81
586,0.81,0.77,0.79,0.92,0.78,0.75,0.83,0.82
587,0.81,0.77,0.8,0.9,0.78,0.75,0.83,0.82
588,0.81,0.78,0.79,0.9,0.78,0.76,0.83,0.81
589,0.81,0.78,0.79,0.92,0.78,0.77,0.82,0.81
590,0.81,0.78,0.79,0.87,0.78,0.76,0.82,0.8
591,0.81,0.78,0.79,0.9,0.78,0.75,0.81,0.8
592,0.81,0.78,0.79,0.92,0.78,0.76,0.81,0.8
593,0.81,0.78,0.79,0.92,0.78,0.76,0.81,0.8
594,0.82,0.79,0.79,0.87,0.78,0.77,0.81,0.8
595,0.82,0.79,0.79,0.9,0.78,0.77,0.81,0.8
596,0.81,0.79,0.79,0.9,0.78,0.77,0.8,0.81
597,0.82,0.79,0.79,0.92,0.78,0.77,0.8,0.8
598,0.81,0.8,0.79,0.92,0.78,0.77,0.8,0.8
599,0.82,0.79,0.79,0.9,0.78,0.77,0.79,0.8
600,0.82,0.79,0.79,0.9,0.77,0.77,0.8,0.8
601,0.81,0.79,0.78,0.9,0.78,0.77,0.79,0.8
602,0.81,0.79,0.79,0.9,0.77,0.77,0.79,0.8
603,0.82,0.79,0.78,0.9,0.78,0.77,0.79,0.79
604,0.82,0.79,0.79,0.9,0.78,0.77,0.79,0.8
605,0.82,0.8,0.78,0.9,0.78,0.78,0.79,0.79
606,0.81,0.81,0.79,0.9,0.77,0.77,0.79,0.79
607,0.82,0.8,0.79,0.92,0.77,0.77,0.79,0.8
608,0.82,0.8,0.79,0.95,0.77,0.77,0.78,0.79
609,0.82,0.8,0.79,0.92,0.77,0.77,0.78,0.79
610,0.82,0.79,0.79,0.92,0.76,0.76,0.77,0.78
611,0.83,0.8,0.78,0.92,0.76,0.77,0.76,0.77
612,0.82,0.81,0.78,0.9,0.76,0.77,0.75,0.77
613,0.82,0.81,0.79,0.9,0.76,0.77,0.75,0.77
614,0.82,0.81,0.78,0.92,0.76,0.77,0.75,0.77
615,0.82,0.81,0.78,0.92,0.75,0.76,0.75,0.76
616,0.82,0.81,0.78,0.9,0.75,0.77,0.75,0.76
617,0.82,0.82,0.78,0.9,0.75,0.76,0.75,0.76
618,0.82,0.82,0.78,0.9,0.75,0.77,0.74,0.75
619,0.82,0.81,0.78,0.92,0.75,0.76,0.74,0.76
620,0.82,0.81,0.78,0.92,0.75,0.75,0.74,0.76
621,0.82,0.81,0.77,0.9,0.74,0.76,0.73,0.76
622,0.82,0.82,0.77,0.87,0.74,0.75,0.72,0.75
623,0.81,0.81,0.77,0.87,0.74,0.75,0.72,0.74
624,0.81,0.8,0.77,0.9,0.73,0.74,0.72,0.74
625,0.82,0.81,0.76,0.87,0.74,0.75,0.72,0.74
626,0.82,0.81,0.76,0.87,0.74,0.75,0.71,0.73
627,0.82,0.81,0.76,0.9,0.74,0.75,0.72,0.74
628,0.82,0.82,0.77,0.87,0.74,0.74,0.73,0.74
629,0.82,0.81,0.77,0.9,0.74,0.75,0.72,0.74
630,0.82,0.81,0.77,0.87,0.74,0.75,0.72,0.74
631,0.82,0.81,0.77,0.9,0.74,0.75,0.74,0.75
632,0.82,0.82,0.77,0.87,0.74,0.76,0.74,0.74
633,0.82,0.82,0.77,0.9,0.74,0.75,0.75,0.75
634,0.82,0.82,0.77,0.92,0.74,0.75,0.75,0.76
635,0.82,0.82,0.77,0.9,0.75,0.75,0.74,0.76
636,0.83,0.83,0.78,0.9,0.75,0.75,0.75,0.75
637,0.82,0.82,0.77,0.9,0.74,0.75,0.75,0.75
638,0.82,0.82,0.78,0.9,0.74,0.75,0.75,0.75
639,0.83,0.82,0.78,0.9,0.74,0.75,0.75,0.76
640,0.82,0.83,0.78,0.92,0.74,0.75,0.76,0.76
641,0.82,0.82,0.78,0.92,0.74,0.75,0.77,0.76
642,0.83,0.83,0.78,0.87,0.75,0.76,0.76,0.76
643,0.83,0.82,0.79,0.92,0.75,0.75,0.76,0.76
644,0.83,0.83,0.78,0.9,0.75,0.75,0.76,0.76
645,0.83,0.83,0.78,0.87,0.75,0.76,0.76,0.76
646,0.82,0.83,0.79,0.92,0.74,0.75,0.78,0.77
647,0.83,0.83,0.78,0.9,0.75,0.76,0.77,0.76
648,0.84,0.83,0.79,0.92,0.75,0.75,0.77,0.77
649,0.83,0.83,0.79,0.9,0.76,0.77,0.77,0.76
650,0.83,0.83,0.79,0.92,0.75,0.76,0.77,0.77
651,0.83,0.83,0.8,0.92,0.75,0.75,0.78,0.78
652,0.82,0.84,0.81,0.95,0.75,0.76,0.79,0.77
653,0.83,0.83,0.79,0.9,0.75,0.76,0.77,0.76
654,0.83,0.83,0.8,0.9,0.76,0.77,0.77,0.76
655,0.83,0.83,0.8,0.92,0.76,0.76,0.78,0.77
656,0.83,0.84,0.8,0.9,0.76,0.77,0.77,0.76
657,0.84,0.84,0.82,0.92,0.76,0.76,0.77,0.77
658,0.85,0.84,0.81,0.92,0.76,0.77,0.77,0.76
659,0.85,0.83,0.82,0.95,0.76,0.77,0.76,0.76
660,0.85,0.85,0.8,0.9,0.77,0.77,0.77,0.76
661,0.85,0.84,0.81,0.92,0.76,0.77,0.76,0.76
662,0.84,0.83,0.82,0.95,0.76,0.76,0.77,0.77
663,0.84,0.84,0.82,0.95,0.76,0.77,0.77,0.76
664,0.85,0.84,0.81,0.9,0.76,0.77,0.78,0.76
665,0.85,0.85,0.81,0.92,0.76,0.77,0.77,0.76
666,0.85,0.85,0.81,0.92,0.76,0.77,0.77,0.76
667,0.84,0.84,0.8,0.92,0.77,0.77,0.77,0.77
668,0.83,0.84,0.82,0.92,0.76,0.76,0.79,0.78
669,0.84,0.84,0.81,0.92,0.77,0.76,0.78,0.79
670,0.84,0.84,0.81,0.92,0.77,0.77,0.79,0.79
671,0.85,0.85,0.8,0.9,0.77,0.78,0.79,0.79
672,0.84,0.85,0.81,0.92,0.78,0.77,0.79,0.8
673,0.84,0.86,0.81,0.92,0.77,0.77,0.81,0.8
674,0.84,0.86,0.8,0.9,0.78,0.78,0.8,0.81
675,0.85,0.85,0.8,0.92,0.78,0.79,0.81,0.81
676,0.84,0.85,0.82,0.92,0.78,0.77,0.81,0.82
677,0.84,0.85,0.81,0.92,0.77,0.78,0.82,0.83
678,0.85,0.85,0.82,0.9,0.78,0.79,0.82,0.83
679,0.84,0.84,0.82,0.95,0.77,0.78,0.83,0.84
680,0.83,0.84,0.82,0.95,0.78,0.78,0.83,0.85
681,0.85,0.84,0.81,0.9,0.78,0.79,0.83,0.84
682,0.85,0.85,0.82,0.92,0.79,0.79,0.84,0.85
683,0.84,0.84,0.82,0.95,0.79,0.79,0.85,0.86
684,0.84,0.85,0.83,0.95,0.78,0.79,0.86,0.87
685,0.84,0.84,0.83,0.95,0.79,0.79,0.86,0.87
686,0.86,0.84,0.83,0.95,0.8,0.8,0.86,0.87
687,0.86,0.86,0.83,0.92,0.79,0.8,0.87,0.87
688,0.85,0.84,0.84,0.95,0.79,0.79,0.87,0.88
689,0.85,0.84,0.84,0.95,0.8,0.8,0.86,0.88
690,0.86,0.85,0.84,0.95,0.8,0.8,0.87,0.89
691,0.86,0.85,0.84,0.95,0.8,0.8,0.88,0.89
692,0.87,0.86,0.84,0.92,0.81,0.81,0.87,0.88
693,0.86,0.86,0.84,0.95,0.81,0.81,0.88,0.89
694,0.87,0.86,0.85,0.92,0.81,0.82,0.89,0.89
695,0.87,0.86,0.84,0.95,0.82,0.81,0.89,0.89
696,0.86,0.85,0.85,0.97,0.81,0.81,0.9,0.91
697,0.87,0.86,0.86,0.97,0.81,0.81,0.9,0.91
698,0.87,0.86,0.86,0.97,0.81,0.81,0.91,0.91
699,0.88,0.87,0.85,0.95,0.82,0.83,0.9,0.91
700,0.9,0.86,0.85,0.9,0.83,0.83,0.9,0.91
701,0.87,0.86,0.85,0.95,0.82,0.83,0.9,0.91
702,0.88,0.87,0.85,0.92,0.82,0.83,0.9,0.91
703,0.88,0.87,0.87,0.97,0.82,0.83,0.9,0.92
704,0.89,0.87,0.86,0.92,0.84,0.83,0.9,0.91
705,0.89,0.87,0.86,0.95,0.83,0.84,0.9,0.91
706,0.89,0.87,0.86,0.97,0.84,0.83,0.9,0.91
707,0.9,0.87,0.88,0.97,0.83,0.83,0.91,0.93
708,0.9,0.87,0.87,0.97,0.84,0.84,0.9,0.91
709,0.9,0.87,0.87,0.97,0.84,0.84,0.9,0.92
710,0.89,0.88,0.88,0.95,0.84,0.85,0.9,0.91
711,0.9,0.88,0.87,0.95,0.84,0.85,0.9,0.91
712,0.9,0.88,0.88,0.92,0.84,0.85,0.9,0.91
713,0.9,0.88,0.88,0.95,0.85,0.85,0.9,0.91
714,0.9,0.89,0.88,0.92,0.85,0.85,0.9,0.91
715,0.9,0.88,0.88,0.97,0.84,0.85,0.9,0.91
716,0.9,0.89,0.88,0.97,0.84,0.85,0.9,0.92
717,0.9,0.89,0.89,0.97,0.84,0.85,0.9,0.91
718,0.9,0.9,0.88,0.97,0.85,0.85,0.89,0.9
719,0.9,0.89,0.87,0.97,0.85,0.86,0.89,0.9
720,0.9,0.89,0.88,0.97,0.85,0.86,0.88,0.9
721,0.9,0.89,0.88,1.0,0.85,0.85,0.89,0.91
722,0.9,0.9,0.88,0.97,0.84,0.85,0.88,0.9
723,0.9,0.89,0.87,0.92,0.85,0.86,0.87,0.88
724,0.9,0.89,0.85,0.95,0.85,0.86,0.86,0.88
725,0.9,0.89,0.87,1.0,0.84,0.85,0.86,0.89
726,0.89,0.89,0.86,0.97,0.84,0.85,0.85,0.88
727,0.9,0.9,0.85,0.92,0.85,0.86,0.84,0.87
728,0.9,0.89,0.85,0.97,0.84,0.85,0.84,0.87
729,0.9,0.9,0.85,0.95,0.84,0.85,0.84,0.87
730,0.9,0.9,0.84,0.92,0.84,0.85,0.83,0.86
731,0.9,0.89,0.84,0.97,0.84,0.85,0.83,0.86
732,0.9,0.9,0.84,0.97,0.84,0.84,0.83,0.87
733,0.91,0.91,0.84,0.95,0.84,0.85,0.82,0.84
734,0.9,0.9,0.83,0.95,0.84,0.85,0.82,0.84
735,0.89,0.9,0.84,0.95,0.82,0.84,0.82,0.85
736,0.9,0.91,0.84,0.95,0.82,0.83,0.81,0.84
737,0.9,0.9,0.84,0.95,0.83,0.84,0.8,0.83
738,0.9,0.9,0.84,0.95,0.83,0.84,0.8,0.84
739,0.9,0.91,0.84,0.92,0.83,0.85,0.8,0.83
740,0.9,0.91,0.84,0.92,0.83,0.84,0.8,0.83
741,0.91,0.9,0.83,0.92,0.83,0.84,0.79,0.83
742,0.9,0.9,0.84,0.97,0.82,0.84,0.79,0.83
743,0.9,0.91,0.84,0.95,0.82,0.83,0.79,0.83
744,0.9,0.91,0.84,0.95,0.81,0.84,0.8,0.83
745,0.9,0.91,0.84,0.92,0.82,0.84,0.79,0.83
746,0.89,0.91,0.83,0.92,0.81,0.84,0.79,0.82
747,0.9,0.91,0.83,0.92,0.81,0.83,0.78,0.82
748,0.89,0.91,0.84,0.95,0.81,0.83,0.78,0.81
749,0.89,0.9,0.83,0.92,0.81,0.83,0.77,0.81
750,0.88,0.9,0.84,0.97,0.81,0.83,0.78,0.82
751,0.88,0.9,0.85,0.97,0.8,0.82,0.78,0.82
752,0.88,0.91,0.83,0.9,0.81,0.83,0.77,0.8
753,0.88,0.91,0.84,0.92,0.79,0.82,0.77,0.8
754,0.88,0.9,0.84,0.92,0.8,0.82,0.76,0.8
755,0.89,0.9,0.84,0.92,0.81,0.81,0.76,0.8
756,0.87,0.9,0.83,0.92,0.8,0.82,0.76,0.8
757,0.87,0.91,0.84,0.92,0.8,0.82,0.76,0.8
758,0.88,0.91,0.83,0.92,0.8,0.82,0.77,0.8
759,0.88,0.9,0.83,0.92,0.8,0.81,0.77,0.8
760,0.87,0.91,0.83,0.92,0.79,0.81,0.78,0.8
761,0.87,0.91,0.83,0.92,0.79,0.81,0.78,0.8
762,0.89,0.91,0.83,0.9,0.8,0.82,0.77,0.8
763,0.87,0.9,0.84,0.95,0.79,0.81,0.77,0.8
764,0.86,0.9,0.83,0.9,0.8,0.82,0.77,0.8
765,0.88,0.91,0.84,0.92,0.79,0.81,0.78,0.8
766,0.86,0.89,0.84,0.92,0.79,0.81,0.76,0.79
767,0.86,0.89,0.83,0.92,0.8,0.81,0.76,0.79
768,0.86,0.9,0.84,0.92,0.78,0.81,0.77,0.8
769,0.87,0.89,0.83,0.9,0.79,0.81,0.75,0.79
770,0.87,0.89,0.83,0.87,0.79,0.81,0.76,0.79
771,0.86,0.9,0.83,0.9,0.79,0.81,0.77,0.79
772,0.87,0.9,0.83,0.9,0.79,0.81,0.78,0.8
773,0.86,0.9,0.83,0.9,0.79,0.81,0.79,0.8
774,0.85,0.88,0.84,0.92,0.78,0.8,0.79,0.8
775,0.88,0.9,0.83,0.87,0.8,0.81,0.79,0.8
776,0.85,0.89,0.83,0.9,0.78,0.8,0.79,0.81
777,0.86,0.89,0.83,0.92,0.8,0.81,0.79,0.81
778,0.86,0.9,0.83,0.92,0.78,0.8,0.8,0.81
779,0.86,0.9,0.82,0.87,0.8,0.81,0.8,0.82
780,0.85,0.89,0.82,0.9,0.8,0.81,0.81,0.81
781,0.84,0.88,0.83,0.9,0.79,0.8,0.8,0.81
782,0.84,0.88,0.82,0.87,0.8,0.81,0.8,0.81
783,0.84,0.89,0.82,0.87,0.78,0.81,0.82,0.82
784,0.84,0.89,0.82,0.85,0.8,0.81,0.81,0.81
785,0.85,0.89,0.82,0.87,0.8,0.81,0.81,0.81
786,0.84,0.89,0.82,0.87,0.8,0.81,0.81,0.82
787,0.85,0.89,0.82,0.87,0.79,0.81,0.82,0.82
788,0.86,0.89,0.83,0.87,0.78,0.81,0.83,0.83
789,0.85,0.88,0.83,0.9,0.79,0.79,0.83,0.83
790,0.86,0.89,0.83,0.87,0.79,0.81,0.83,0.82
791,0.85,0.89,0.83,0.87,0.79,0.81,0.83,0.83
792,0.84,0.88,0.83,0.9,0.79,0.81,0.83,0.83
793,0.86,0.9,0.83,0.87,0.8,0.81,0.83,0.83
794,0.87,0.89,0.82,0.85,0.8,0.82,0.83,0.83
795,0.85,0.88,0.83,0.87,0.81,0.81,0.83,0.83
796,0.86,0.89,0.83,0.85,0.81,0.82,0.83,0.83
797,0.86,0.89,0.83,0.85,0.8,0.81,0.83,0.83
798,0.85,0.88,0.82,0.85,0.8,0.81,0.83,0.82
799,0.87,0.89,0.83,0.82,0.81,0.81,0.83,0.82
800,0.85,0.89,0.84,0.87,0.79,0.81,0.83,0.83
801,0.85,0.89,0.83,0.87,0.79,0.81,0.83,0.83
802,0.86,0.88,0.83,0.82,0.81,0.81,0.82,0.82
803,0.84,0.88,0.84,0.87,0.8,0.8,0.83,0.83
804,0.86,0.88,0.83,0.85,0.81,0.81,0.82,0.82
805,0.86,0.89,0.83,0.82,0.81,0.81,0.81,0.81
806,0.86,0.89,0.83,0.85,0.81,0.81,0.82,0.81
807,0.86,0.89,0.83,0.85,0.81,0.82,0.82,0.81
808,0.88,0.9,0.83,0.85,0.81,0.81,0.82,0.81
809,0.88,0.9,0.83,0.82,0.81,0.82,0.82,0.8
810,0.88,0.9,0.83,0.82,0.81,0.82,0.81,0.8
811,0.87,0.89,0.82,0.82,0.81,0.82,0.81,0.8
812,0.88,0.9,0.83,0.82,0.82,0.81,0.81,0.8
813,0.86,0.89,0.84,0.87,0.81,0.81,0.82,0.82
814,0.88,0.9,0.83,0.82,0.82,0.82,0.82,0.8
815,0.88,0.91,0.84,0.82,0.82,0.82,0.83,0.8
816,0.89,0.91,0.84,0.82,0.82,0.83,0.83,0.8
817,0.89,0.91,0.84,0.82,0.82,0.83,0.83,0.81
818,0.9,0.91,0.85,0.85,0.81,0.82,0.83,0.82
819,0.9,0.91,0.85,0.82,0.82,0.82,0.83,0.82
820,0.9,0.91,0.85,0.82,0.84,0.83,0.83,0.8
821,0.9,0.91,0.86,0.85,0.82,0.83,0.83,0.81
822,0.91,0.92,0.85,0.82,0.84,0.83,0.83,0.8
823,0.9,0.91,0.85,0.82,0.83,0.83,0.83,0.8
824,0.9,0.9,0.87,0.87,0.81,0.81,0.83,0.82
825,0.91,0.93,0.87,0.82,0.82,0.83,0.83,0.8
826,0.91,0.92,0.87,0.85,0.82,0.83,0.83,0.81
827,0.91,0.92,0.87,0.85,0.82,0.82,0.84,0.82
828,0.91,0.92,0.87,0.82,0.83,0.83,0.83,0.8
829,0.93,0.93,0.88,0.85,0.82,0.83,0.83,0.81
830,0.94,0.93,0.88,0.82,0.83,0.83,0.83,0.81
831,0.91,0.94,0.88,0.85,0.82,0.83,0.83,0.81
832,0.92,0.93,0.88,0.85,0.84,0.83,0.83,0.81
833,0.92,0.93,0.88,0.82,0.84,0.83,0.83,0.8
834,0.9,0.93,0.89,0.87,0.82,0.83,0.83,0.82
835,0.92,0.94,0.89,0.82,0.83,0.83,0.83,0.8
836,0.92,0.94,0.89,0.87,0.82,0.83,0.83,0.81
837,0.92,0.94,0.89,0.82,0.83,0.84,0.83,0.8
838,0.9,0.92,0.9,0.87,0.83,0.82,0.83,0.81
839,0.93,0.94,0.9,0.87,0.82,0.83,0.83,0.81
840,0.92,0.94,0.89,0.82,0.83,0.83,0.83,0.8
841,0.93,0.94,0.89,0.82,0.83,0.84,0.83,0.8
842,0.92,0.94,0.89,0.85,0.84,0.84,0.82,0.8
843,0.92,0.93,0.91,0.87,0.82,0.83,0.82,0.8
844,0.92,0.95,0.9,0.85,0.82,0.83,0.82,0.8
845,0.91,0.94,0.9,0.87,0.82,0.83,0.82,0.81
846,0.92,0.94,0.89,0.82,0.84,0.84,0.8,0.79
847,0.92,0.95,0.9,0.85,0.82,0.83,0.82,0.8
848,0.92,0.95,0.89,0.85,0.82,0.83,0.82,0.8
849,0.93,0.94,0.89,0.79,0.83,0.84,0.8,0.8
850,0.94,0.95,0.89,0.85,0.82,0.83,0.81,0.8
851,0.92,0.95,0.89,0.82,0.83,0.84,0.8,0.8
852,0.91,0.94,0.89,0.85,0.82,0.82,0.81,0.8
853,0.92,0.94,0.89,0.82,0.82,0.84,0.81,0.8
854,0.92,0.94,0.89,0.79,0.83,0.84,0.81,0.8
855,0.91,0.95,0.89,0.85,0.82,0.83,0.82,0.81
856,0.91,0.94,0.9,0.85,0.82,0.83,0.83,0.82
857,0.91,0.95,0.89,0.82,0.82,0.83,0.83,0.82
858,0.91,0.95,0.89,0.85,0.82,0.83,0.83,0.82
859,0.92,0.94,0.9,0.85,0.82,0.83,0.83,0.83
860,0.92,0.95,0.89,0.82,0.82,0.83,0.84,0.83
861,0.92,0.95,0.89,0.82,0.83,0.84,0.85,0.83
862,0.91,0.95,0.9,0.85,0.82,0.83,0.87,0.85
863,0.9,0.94,0.89,0.82,0.83,0.83,0.86,0.85
864,0.9,0.94,0.89,0.85,0.82,0.83,0.87,0.86
865,0.9,0.94,0.89,0.79,0.83,0.84,0.87,0.86
866,0.89,0.93,0.89,0.85,0.84,0.85,0.87,0.86
867,0.89,0.92,0.89,0.87,0.84,0.85,0.87,0.87
868,0.9,0.94,0.88,0.82,0.84,0.85,0.89,0.88
869,0.89,0.94,0.89,0.85,0.84,0.84,0.9,0.89
870,0.9,0.94,0.88,0.82,0.84,0.86,0.9,0.89
871,0.9,0.94,0.88,0.82,0.84,0.85,0.9,0.9
872,0.89,0.93,0.89,0.85,0.85,0.85,0.91,0.91
873,0.89,0.94,0.89,0.82,0.86,0.86,0.91,0.91
874,0.89,0.93,0.88,0.82,0.85,0.85,0.92,0.92
875,0.91,0.94,0.88,0.82,0.85,0.86,0.92,0.91
876,0.9,0.94,0.88,0.82,0.85,0.86,0.92,0.91
877,0.88,0.92,0.89,0.82,0.86,0.86,0.92,0.92
878,0.91,0.93,0.88,0.79,0.87,0.87,0.92,0.91
879,0.9,0.93,0.89,0.82,0.86,0.86,0.93,0.93
880,0.89,0.92,0.88,0.85,0.88,0.87,0.91,0.91
881,0.91,0.94,0.89,0.82,0.87,0.87,0.94,0.93
882,0.9,0.94,0.89,0.82,0.87,0.87,0.94,0.94
883,0.9,0.94,0.89,0.79,0.87,0.87,0.94,0.94
884,0.9,0.94,0.89,0.79,0.87,0.87,0.94,0.94
885,0.91,0.94,0.89,0.79,0.88,0.89,0.94,0.94
886,0.9,0.94,0.88,0.77,0.88,0.88,0.94,0.94
887,0.9,0.94,0.88,0.79,0.88,0.87,0.94,0.95
888,0.9,0.94,0.89,0.79,0.88,0.88,0.94,0.95
889,0.9,0.94,0.89,0.79,0.88,0.89,0.94,0.95
890,0.9,0.93,0.89,0.82,0.88,0.89,0.94,0.96
891,0.9,0.93,0.89,0.79,0.88,0.88,0.94,0.96
892,0.9,0.92,0.88,0.82,0.91,0.89,0.92,0.94
893,0.93,0.94,0.88,0.77,0.9,0.89,0.94,0.95
894,0.92,0.94,0.88,0.79,0.9,0.89,0.94,0.96
895,0.9,0.94,0.89,0.79,0.9,0.89,0.94,0.97
896,0.91,0.94,0.89,0.79,0.9,0.89,0.94,0.96
897,0.91,0.95,0.89,0.79,0.9,0.9,0.95,0.96
898,0.91,0.93,0.89,0.82,0.91,0.9,0.94,0.96
899,0.9,0.94,0.89,0.79,0.91,0.89,0.95,0.97
900,0.91,0.94,0.89,0.79,0.91,0.9,0.95,0.97
901,0.92,0.95,0.89,0.79,0.91,0.9,0.95,0.97
902,0.91,0.93,0.89,0.82,0.91,0.9,0.94,0.97
903,0.91,0.93,0.89,0.79,0.92,0.91,0.94,0.95
904,0.91,0.94,0.89,0.79,0.91,0.9,0.95,0.97
905,0.92,0.94,0.88,0.79,0.93,0.92,0.94,0.94
906,0.91,0.94,0.89,0.82,0.92,0.91,0.94,0.96
907,0.91,0.94,0.9,0.79,0.91,0.91,0.95,0.96
908,0.91,0.94,0.9,0.79,0.92,0.91,0.94,0.96
909,0.93,0.94,0.9,0.79,0.92,0.9,0.94,0.96
910,0.92,0.94,0.89,0.77,0.91,0.9,0.95,0.95
911,0.93,0.95,0.89,0.77,0.91,0.9,0.94,0.94
912,0.92,0.94,0.89,0.77,0.91,0.9,0.94,0.94
913,0.92,0.94,0.88,0.79,0.92,0.91,0.93,0.93
914,0.92,0.94,0.89,0.79,0.92,0.91,0.94,0.94
915,0.92,0.95,0.89,0.74,0.91,0.91,0.94,0.94
916,0.93,0.95,0.88,0.77,0.91,0.91,0.94,0.94
917,0.93,0.95,0.88,0.77,0.91,0.91,0.94,0.94
918,0.92,0.94,0.88,0.77,0.92,0.91,0.93,0.94
919,0.94,0.95,0.89,0.79,0.92,0.91,0.92,0.93
920,0.93,0.95,0.88,0.77,0.91,0.91,0.94,0.94
921,0.94,0.95,0.88,0.77,0.92,0.91,0.93,0.93
922,0.94,0.95,0.88,0.77,0.92,0.9,0.92,0.93
923,0.94,0.95,0.88,0.77,0.91,0.9,0.92,0.93
924,0.93,0.95,0.89,0.79,0.92,0.91,0.91,0.92
925,0.93,0.95,0.89,0.77,0.91,0.91,0.91,0.92
926,0.93,0.96,0.89,0.77,0.91,0.91,0.91,0.92
927,0.94,0.96,0.87,0.69,0.93,0.92,0.9,0.9
928,0.94,0.96,0.88,0.72,0.93,0.91,0.9,0.9
929,0.96,0.96,0.88,0.74,0.93,0.92,0.9,0.89
930,0.94,0.95,0.89,0.77,0.91,0.91,0.9,0.91
931,0.94,0.96,0.89,0.77,0.91,0.91,0.9,0.91
932,0.96,0.96,0.89,0.77,0.91,0.9,0.9,0.91
933,0.97,0.98,0.89,0.74,0.9,0.91,0.9,0.91
934,0.94,0.97,0.89,0.77,0.91,0.9,0.9,0.91
935,0.94,0.96,0.89,0.77,0.91,0.91,0.89,0.9
936,0.95,0.97,0.9,0.77,0.91,0.91,0.89,0.9
937,0.96,0.97,0.9,0.77,0.9,0.9,0.9,0.91
938,0.95,0.97,0.9,0.74,0.91,0.9,0.9,0.91
939,0.95,0.97,0.89,0.74,0.92,0.91,0.88,0.88
940,0.95,0.97,0.9,0.77,0.91,0.9,0.89,0.91
941,0.97,0.98,0.91,0.74,0.9,0.9,0.9,0.91
942,0.97,0.97,0.89,0.74,0.91,0.91,0.87,0.87
943,0.95,0.97,0.9,0.72,0.89,0.9,0.9,0.91
944,0.95,0.97,0.91,0.77,0.91,0.9,0.88,0.89
945,0.95,0.98,0.89,0.72,0.89,0.9,0.89,0.89
946,0.96,0.97,0.9,0.74,0.89,0.89,0.89,0.9
947,0.94,0.97,0.88,0.72,0.9,0.91,0.88,0.88
948,0.94,0.97,0.91,0.74,0.89,0.89,0.89,0.91
949,0.94,0.97,0.9,0.77,0.89,0.9,0.88,0.9
950,0.94,0.97,0.9,0.77,0.89,0.9,0.88,0.89
951,0.96,0.97,0.9,0.74,0.89,0.9,0.88,0.89
952,0.94,0.97,0.91,0.77,0.88,0.9,0.89,0.91
953,0.95,0.96,0.91,0.77,0.89,0.9,0.88,0.9
954,0.95,0.97,0.89,0.69,0.89,0.91,0.88,0.89
955,0.94,0.97,0.9,0.72,0.9,0.9,0.88,0.89
956,0.94,0.96,0.92,0.74,0.88,0.89,0.89,0.91
957,0.95,0.96,0.92,0.77,0.88,0.89,0.88,0.89
958,0.94,0.96,0.92,0.77,0.88,0.89,0.87,0.9
959,0.94,0.97,0.92,0.74,0.88,0.9,0.88,0.89
960,0.96,0.96,0.93,0.77,0.88,0.9,0.89,0.9
961,0.94,0.97,0.93,0.77,0.88,0.89,0.9,0.91
962,0.95,0.96,0.92,0.74,0.88,0.91,0.9,0.89
963,0.96,0.97,0.92,0.72,0.89,0.91,0.9,0.89
964,0.95,0.97,0.92,0.69,0.89,0.91,0.9,0.89
965,0.95,0.96,0.94,0.77,0.89,0.91,0.9,0.9
966,0.95,0.96,0.92,0.72,0.9,0.91,0.91,0.89
967,0.94,0.96,0.93,0.74,0.88,0.91,0.9,0.89
968,0.94,0.96,0.94,0.74,0.88,0.89,0.93,0.91
969,0.94,0.96,0.94,0.72,0.88,0.9,0.94,0.91
970,0.94,0.97,0.94,0.74,0.88,0.9,0.94,0.92
971,0.94,0.96,0.95,0.77,0.88,0.91,0.94,0.91
972,0.94,0.96,0.95,0.74,0.88,0.91,0.94,0.91
973,0.94,0.97,0.94,0.74,0.9,0.92,0.94,0.9
974,0.94,0.97,0.94,0.74,0.9,0.91,0.94,0.91
975,0.94,0.96,0.96,0.74,0.9,0.91,0.95,0.92
976,0.94,0.96,0.94,0.74,0.9,0.92,0.94,0.91
977,0.95,0.97,0.94,0.69,0.91,0.93,0.95,0.91
978,0.94,0.97,0.96,0.77,0.91,0.93,0.95,0.92
979,0.97,0.97,0.94,0.72,0.92,0.93,0.96,0.92
980,0.94,0.96,0.97,0.77,0.91,0.92,0.96,0.94
981,0.95,0.97,0.95,0.74,0.92,0.93,0.96,0.91
982,0.94,0.97,0.97,0.77,0.91,0.93,0.98,0.94
983,0.95,0.96,0.96,0.74,0.93,0.94,0.96,0.91
984,0.96,0.96,0.97,0.77,0.92,0.93,0.97,0.92
985,0.94,0.97,0.97,0.77,0.92,0.93,0.97,0.93
986,0.95,0.97,0.97,0.77,0.93,0.93,0.96,0.93
987,0.95,0.97,0.96,0.72,0.94,0.95,0.97,0.92
988,0.96,0.96,0.97,0.74,0.93,0.93,0.96,0.92
989,0.96,0.97,0.96,0.77,0.93,0.94,0.97,0.92
990,0.95,0.97,0.95,0.69,0.94,0.95,0.98,0.92
991,0.95,0.97,0.96,0.74,0.94,0.94,0.97,0.92
992,0.96,0.97,0.95,0.67,0.95,0.95,0.98,0.93
993,0.98,0.97,0.96,0.69,0.95,0.95,0.98,0.93
994,0.96,0.97,0.96,0.72,0.95,0.95,0.98,0.94
995,0.96,0.97,0.97,0.77,0.95,0.95,0.98,0.94
996,0.96,0.97,0.97,0.74,0.95,0.95,0.98,0.94
997,0.97,0.96,0.97,0.74,0.95,0.95,0.98,0.94
998,0.95,0.97,0.97,0.74,0.96,0.95,0.98,0.94
999,0.95,0.97,0.97,0.74,0.97,0.95,0.99,0.94
1000,0.96,0.96,0.97,0.74,0.96,0.95,0.99,0.94
1001,0.95,0.96,0.97,0.74,0.96,0.95,1.0,0.97
1002,0.95,0.97,0.97,0.74,0.97,0.96,1.0,0.96
1003,0.95,0.97,0.97,0.77,0.97,0.96,0.98,0.95
1004,0.97,0.97,0.96,0.67,0.98,0.98,1.0,0.96
1005,0.95,0.97,0.97,0.74,0.97,0.97,0.98,0.97
1006,0.98,0.97,0.97,0.74,0.98,0.97,0.98,0.96
1007,0.96,0.96,0.97,0.77,0.98,0.97,0.98,0.97
1008,0.96,0.97,0.96,0.74,0.98,0.97,0.97,0.94
1009,0.95,0.97,0.96,0.69,0.98,0.97,0.97,0.94
1010,0.95,0.96,0.97,0.74,0.98,0.97,0.96,0.95
1011,0.96,0.97,0.95,0.69,0.98,0.98,0.96,0.94
1012,0.95,0.97,0.97,0.72,0.97,0.96,0.95,0.95
1013,0.95,0.97,0.95,0.69,0.98,0.97,0.94,0.93
1014,0.96,0.97,0.96,0.69,0.98,0.97,0.94,0.93
1015,0.95,0.96,0.97,0.74,0.97,0.97,0.93,0.93
1016,0.96,0.97,0.96,0.72,0.98,0.97,0.93,0.92
1017,0.96,0.97,0.97,0.74,0.98,0.97,0.92,0.92
1018,0.98,0.97,0.98,0.74,0.97,0.96,0.94,0.94
1019,0.97,0.97,0.97,0.72,0.98,0.97,0.92,0.91
1020,0.98,0.98,0.97,0.72,0.97,0.97,0.91,0.91
1021,0.97,0.97,0.97,0.72,0.97,0.97,0.91,0.91
1022,0.96,0.97,0.98,0.74,0.96,0.96,0.9,0.91
1023,0.98,0.98,0.97,0.69,0.96,0.97,0.9,0.9
1024,0.97,0.97,0.98,0.72,0.96,0.96,0.9,0.9
1025,0.98,0.97,0.98,0.72,0.96,0.96,0.9,0.89
1026,0.99,0.98,0.98,0.72,0.95,0.96,0.9,0.9
1027,0.98,0.98,0.98,0.72,0.95,0.96,0.9,0.9
1028,0.98,0.98,0.98,0.72,0.95,0.96,0.9,0.89
1029,0.98,0.98,0.98,0.69,0.95,0.96,0.9,0.89
1030,0.99,0.98,0.98,0.69,0.95,0.96,0.9,0.9
1031,0.98,0.99,0.99,0.74,0.95,0.95,0.9,0.9
1032,0.98,0.98,1.0,0.74,0.95,0.95,0.9,0.9
1033,0.98,0.98,0.99,0.72,0.95,0.96,0.9,0.89
1034,1.0,0.99,0.99,0.72,0.95,0.95,0.9,0.9
1035,0.99,0.98,0.99,0.69,0.95,0.96,0.9,0.89
1036,0.97,0.98,1.0,0.72,0.94,0.94,0.9,0.91
1037,0.98,0.99,0.99,0.72,0.95,0.95,0.89,0.89
1038,0.98,0.98,0.99,0.72,0.95,0.95,0.9,0.9
1039,0.98,0.98,0.98,0.67,0.95,0.96,0.9,0.91
1040,0.98,0.99,0.98,0.69,0.95,0.95,0.9,0.9
1041,0.98,0.98,0.99,0.72,0.95,0.95,0.9,0.9
1042,0.99,0.99,0.99,0.67,0.94,0.95,0.92,0.91
1043,0.98,0.98,1.0,0.74,0.94,0.95,0.9,0.91
1044,0.99,0.99,0.98,0.67,0.95,0.95,0.9,0.91
1045,0.98,0.99,0.98,0.67,0.95,0.96,0.9,0.91
1046,0.98,0.98,0.99,0.74,0.94,0.95,0.9,0.91
1047,0.98,0.98,0.98,0.72,0.95,0.95,0.9,0.91
1048,0.98,0.99,0.97,0.67,0.95,0.96,0.9,0.91
1049,0.98,0.99,0.98,0.72,0.94,0.95,0.89,0.91
1050,0.98,0.99,0.97,0.67,0.95,0.96,0.9,0.91
1051,0.98,0.99,0.97,0.67,0.95,0.96,0.91,0.91
1052,0.99,0.99,0.97,0.64,0.95,0.96,0.91,0.91
1053,0.98,0.99,0.97,0.67,0.94,0.96,0.91,0.91
1054,0.98,1.0,0.96,0.67,0.94,0.96,0.91,0.91
1055,0.98,0.99,0.97,0.67,0.91,0.93,0.92,0.93
1056,0.98,0.99,0.96,0.64,0.93,0.95,0.91,0.91
1057,0.98,1.0,0.96,0.69,0.91,0.93,0.92,0.93
1058,0.99,0.99,0.96,0.67,0.93,0.95,0.91,0.92
1059,0.98,0.99,0.96,0.67,0.93,0.95,0.91,0.91
1060,0.98,0.99,0.96,0.67,0.92,0.94,0.91,0.92
1061,0.98,0.99,0.94,0.64,0.94,0.95,0.9,0.91
1062,0.98,0.98,0.95,0.67,0.92,0.95,0.91,0.91
1063,0.98,0.99,0.95,0.64,0.92,0.95,0.9,0.91
1064,0.97,0.98,0.94,0.64,0.94,0.95,0.9,0.91
1065,0.98,1.0,0.94,0.67,0.91,0.93,0.91,0.91
1066,0.97,0.98,0.94,0.64,0.93,0.95,0.9,0.91
1067,0.97,0.98,0.93,0.64,0.91,0.93,0.9,0.91
1068,0.98,0.99,0.94,0.67,0.91,0.92,0.9,0.91
1069,0.98,0.99,0.94,0.69,0.91,0.92,0.88,0.9
1070,0.98,0.99,0.94,0.67,0.91,0.91,0.89,0.91
1071,0.97,0.99,0.94,0.69,0.91,0.93,0.88,0.9
1072,0.97,0.99,0.94,0.69,0.91,0.93,0.87,0.9
1073,0.97,1.0,0.94,0.69,0.91,0.92,0.87,0.9
1074,0.96,0.98,0.92,0.64,0.91,0.93,0.89,0.9
1075,0.98,0.99,0.93,0.69,0.91,0.92,0.87,0.9
1076,0.97,0.99,0.94,0.67,0.91,0.92,0.86,0.88
1077,0.97,0.99,0.93,0.67,0.91,0.91,0.86,0.88
1078,0.98,0.98,0.93,0.67,0.9,0.91,0.87,0.89
1079,0.96,0.98,0.93,0.64,0.9,0.91,0.87,0.9
1080,0.94,0.96,0.94,0.72,0.91,0.92,0.86,0.86
1081,0.95,0.98,0.93,0.67,0.91,0.92,0.86,0.87
1082,0.94,0.97,0.94,0.67,0.91,0.91,0.86,0.87
1083,0.94,0.97,0.94,0.69,0.91,0.92,0.86,0.87
1084,0.96,0.98,0.94,0.67,0.91,0.91,0.87,0.89
1085,0.94,0.97,0.94,0.69,0.91,0.92,0.86,0.87
1086,0.94,0.96,0.94,0.69,0.91,0.92,0.86,0.87
1087,0.97,0.98,0.93,0.67,0.91,0.91,0.87,0.89
1088,0.97,0.98,0.93,0.64,0.9,0.91,0.89,0.91
1089,0.96,0.98,0.94,0.64,0.91,0.91,0.87,0.88
1090,0.94,0.96,0.95,0.69,0.91,0.92,0.86,0.87
1091,0.97,0.98,0.93,0.64,0.91,0.91,0.89,0.91
1092,0.95,0.95,0.94,0.67,0.91,0.93,0.87,0.87
1093,0.97,0.98,0.93,0.64,0.91,0.91,0.87,0.89
1094,0.94,0.95,0.94,0.69,0.92,0.92,0.87,0.87
1095,0.94,0.96,0.94,0.67,0.91,0.92,0.86,0.87
1096,0.94,0.94,0.94,0.67,0.92,0.93,0.87,0.88
1097,0.94,0.95,0.94,0.67,0.93,0.92,0.87,0.87
1098,0.94,0.95,0.94,0.67,0.93,0.93,0.87,0.87
1099,0.94,0.94,0.94,0.69,0.93,0.93,0.87,0.88
1100,0.93,0.94,0.94,0.67,0.93,0.93,0.87,0.88
1101,0.93,0.94,0.94,0.67,0.94,0.93,0.88,0.88
1102,0.93,0.94,0.94,0.67,0.94,0.94,0.88,0.88
1103,0.94,0.94,0.93,0.64,0.95,0.95,0.89,0.89
1104,0.94,0.94,0.94,0.67,0.94,0.94,0.89,0.89
1105,0.94,0.94,0.94,0.67,0.95,0.95,0.89,0.89
1106,0.94,0.94,0.92,0.64,0.95,0.95,0.9,0.9
1107,0.93,0.94,0.93,0.67,0.95,0.95,0.89,0.9
1108,0.96,0.98,0.93,0.62,0.93,0.93,0.88,0.9
1109,0.94,0.94,0.93,0.64,0.95,0.95,0.9,0.89
1110,0.94,0.96,0.94,0.64,0.94,0.93,0.88,0.89
1111,0.94,0.94,0.93,0.64,0.95,0.95,0.89,0.9
1112,0.94,0.94,0.93,0.67,0.95,0.95,0.89,0.9
1113,0.94,0.94,0.94,0.67,0.95,0.95,0.89,0.89
1114,0.94,0.94,0.92,0.62,0.95,0.95,0.9,0.9
1115,0.94,0.94,0.93,0.62,0.96,0.95,0.9,0.9
1116,0.94,0.94,0.93,0.64,0.95,0.95,0.89,0.9
1117,0.95,0.94,0.93,0.62,0.96,0.95,0.9,0.91
1118,0.94,0.94,0.93,0.64,0.97,0.96,0.9,0.91
1119,0.94,0.94,0.93,0.59,0.97,0.96,0.91,0.91
1120,0.94,0.94,0.92,0.59,0.97,0.95,0.91,0.91
1121,0.94,0.94,0.93,0.62,0.97,0.96,0.9,0.91
1122,0.95,0.94,0.93,0.62,0.97,0.95,0.9,0.91
1123,0.96,0.94,0.93,0.64,0.97,0.96,0.9,0.91
1124,0.95,0.96,0.94,0.62,0.96,0.94,0.9,0.9
1125,0.94,0.94,0.93,0.59,0.98,0.97,0.91,0.91
1126,0.96,0.96,0.94,0.59,0.96,0.95,0.89,0.9
1127,0.94,0.94,0.92,0.54,0.98,0.97,0.91,0.91
1128,0.94,0.94,0.92,0.54,0.98,0.97,0.91,0.91
1129,0.94,0.94,0.92,0.54,0.98,0.97,0.91,0.91
1130,0.94,0.93,0.94,0.62,0.96,0.95,0.9,0.9
1131,0.94,0.95,0.94,0.59,0.97,0.95,0.9,0.89
1132,0.95,0.94,0.92,0.56,0.98,0.97,0.92,0.91
1133,0.94,0.96,0.94,0.56,0.96,0.95,0.9,0.91
1134,0.94,0.93,0.92,0.56,0.98,0.97,0.92,0.92
1135,0.94,0.94,0.92,0.56,0.98,0.97,0.93,0.92
1136,0.94,0.95,0.94,0.59,0.97,0.95,0.91,0.91
1137,0.94,0.94,0.94,0.59,0.98,0.96,0.91,0.91
1138,0.94,0.92,0.91,0.51,0.99,0.98,0.93,0.93
1139,0.94,0.92,0.92,0.54,0.99,0.98,0.93,0.93
1140,0.94,0.92,0.92,0.54,1.0,0.98,0.93,0.93
1141,0.94,0.92,0.94,0.62,0.98,0.97,0.93,0.92
1142,0.94,0.93,0.93,0.56,0.99,0.97,0.93,0.93
1143,0.95,0.92,0.93,0.54,1.0,0.98,0.93,0.93
1144,0.94,0.92,0.93,0.54,1.0,0.99,0.94,0.93
1145,0.94,0.93,0.93,0.51,1.0,0.99,0.94,0.94
1146,0.94,0.92,0.93,0.56,1.0,0.99,0.94,0.93
1147,0.94,0.92,0.94,0.59,1.0,0.99,0.93,0.93
1148,0.96,0.95,0.95,0.59,0.98,0.96,0.92,0.93
1149,0.94,0.93,0.95,0.59,1.0,0.99,0.94,0.94
1150,0.94,0.93,0.94,0.56,1.0,0.99,0.94,0.94
1151,0.95,0.93,0.94,0.51,1.0,0.99,0.94,0.94
1152,0.94,0.92,0.96,0.62,1.0,0.98,0.94,0.93
1153,0.94,0.93,0.97,0.62,0.98,0.98,0.93,0.92
1154,0.94,0.93,0.94,0.54,1.0,0.99,0.95,0.94
1155,0.96,0.92,0.93,0.49,1.0,1.0,0.95,0.94
1156,0.94,0.92,0.93,0.49,1.0,0.99,0.95,0.94
1157,0.94,0.92,0.94,0.56,1.0,0.99,0.95,0.94
1158,0.94,0.93,0.93,0.54,1.0,0.99,0.95,0.94
1159,0.95,0.92,0.93,0.51,1.0,0.99,0.96,0.96
1160,0.94,0.92,0.93,0.51,1.0,0.99,0.96,0.96
1161,0.94,0.92,0.94,0.56,1.0,0.99,0.96,0.96
1162,0.94,0.92,0.93,0.51,1.0,0.99,0.97,0.97
1163,0.95,0.94,0.96,0.59,0.98,0.97,0.95,0.95
1164,0.94,0.92,0.94,0.56,0.99,0.99,0.97,0.97
1165,0.94,0.92,0.93,0.54,1.0,0.99,0.97,0.97
1166,0.95,0.95,0.94,0.54,0.98,0.96,0.98,0.99
1167,0.94,0.92,0.93,0.51,1.0,1.0,0.98,0.98
1168,0.93,0.92,0.93,0.54,1.0,0.99,0.98,0.98
1169,0.95,0.95,0.94,0.56,0.97,0.97,0.99,1.0
1170,0.93,0.91,0.93,0.54,1.0,1.0,0.99,0.98
1171,0.95,0.94,0.94,0.54,0.98,0.97,0.98,0.99
1172,0.94,0.91,0.93,0.54,1.0,0.99,0.98,0.98
1173,0.92,0.92,0.92,0.51,1.0,0.99,0.98,0.98
1174,0.93,0.91,0.93,0.54,0.99,0.99,0.98,0.98
1175,0.94,0.93,0.93,0.51,0.96,0.97,1.0,0.98
1176,0.92,0.91,0.93,0.54,0.99,0.99,0.98,0.98
1177,0.91,0.9,0.93,0.54,0.99,0.99,0.98,0.98
1178,0.92,0.9,0.92,0.51,0.99,0.99,0.98,0.98
1179,0.92,0.9,0.93,0.51,0.99,1.0,0.98,0.98
1180,0.94,0.93,0.94,0.54,0.96,0.96,0.98,0.98
1181,0.93,0.89,0.91,0.49,0.99,0.99,0.97,0.97
1182,0.91,0.9,0.92,0.54,0.98,0.99,0.97,0.96
1183,0.9,0.9,0.93,0.56,0.98,0.98,0.96,0.96
1184,0.91,0.89,0.92,0.54,0.98,0.98,0.96,0.95
1185,0.91,0.89,0.93,0.56,0.98,0.98,0.95,0.94
1186,0.93,0.9,0.93,0.49,0.97,0.97,0.96,0.96
1187,0.91,0.9,0.92,0.54,0.98,0.98,0.95,0.94
1188,0.9,0.89,0.92,0.56,0.98,0.99,0.94,0.94
1189,0.9,0.89,0.93,0.59,0.97,0.98,0.94,0.94
1190,0.91,0.88,0.93,0.62,0.97,0.97,0.94,0.94
1191,0.93,0.9,0.92,0.49,0.97,0.98,0.94,0.94
1192,0.91,0.89,0.92,0.51,0.97,0.98,0.94,0.94
1193,0.91,0.88,0.94,0.62,0.96,0.97,0.92,0.92
1194,0.92,0.89,0.92,0.56,0.96,0.97,0.93,0.93
1195,0.91,0.88,0.92,0.56,0.96,0.97,0.93,0.93
1196,0.94,0.91,0.93,0.54,0.94,0.95,0.93,0.94
1197,0.92,0.9,0.93,0.56,0.94,0.95,0.9,0.9
1198,0.92,0.88,0.93,0.56,0.95,0.96,0.9,0.91
1199,0.93,0.89,0.93,0.59,0.95,0.96,0.9,0.91
1200,0.92,0.89,0.94,0.59,0.94,0.95,0.9,0.9
1201,0.92,0.88,0.93,0.56,0.95,0.96,0.9,0.91
1202,0.94,0.88,0.94,0.62,0.94,0.95,0.91,0.91
1203,0.92,0.88,0.94,0.59,0.95,0.95,0.91,0.91
1204,0.93,0.89,0.93,0.59,0.95,0.96,0.91,0.91
1205,0.94,0.88,0.94,0.59,0.94,0.95,0.91,0.91
1206,0.93,0.88,0.95,0.62,0.94,0.95,0.91,0.9
1207,0.93,0.89,0.93,0.54,0.95,0.95,0.92,0.91
1208,0.94,0.9,0.95,0.56,0.92,0.93,0.91,0.91
1209,0.93,0.89,0.95,0.62,0.94,0.95,0.91,0.89
1210,0.93,0.89,0.95,0.59,0.94,0.95,0.91,0.89
1211,0.94,0.89,0.95,0.62,0.94,0.95,0.91,0.89
1212,0.93,0.89,0.95,0.59,0.93,0.95,0.92,0.89
1213,0.94,0.89,0.95,0.59,0.94,0.94,0.92,0.88
1214,0.94,0.9,0.96,0.59,0.93,0.93,0.91,0.88
1215,0.94,0.9,0.94,0.59,0.93,0.93,0.92,0.89
1216,0.94,0.9,0.92,0.46,0.94,0.95,0.93,0.9
1217,0.93,0.89,0.95,0.59,0.93,0.93,0.92,0.88
1218,0.94,0.9,0.94,0.56,0.92,0.93,0.93,0.91
1219,0.94,0.9,0.94,0.54,0.92,0.93,0.93,0.9
1220,0.95,0.92,0.94,0.54,0.91,0.93,0.94,0.91
1221,0.97,0.92,0.94,0.54,0.91,0.91,0.93,0.91
1222,0.95,0.91,0.96,0.56,0.91,0.93,0.92,0.88
1223,0.94,0.89,0.96,0.59,0.92,0.93,0.93,0.89
1224,0.94,0.89,0.96,0.59,0.92,0.93,0.93,0.89
1225,0.95,0.9,0.95,0.54,0.91,0.92,0.94,0.91
1226,0.94,0.91,0.96,0.59,0.91,0.93,0.93,0.88
1227,0.96,0.92,0.94,0.51,0.92,0.93,0.94,0.9
1228,0.96,0.93,0.96,0.56,0.91,0.92,0.93,0.9
1229,0.96,0.91,0.96,0.56,0.91,0.92,0.92,0.89
1230,0.94,0.9,0.93,0.46,0.93,0.94,0.94,0.91
1231,0.94,0.9,0.93,0.51,0.92,0.93,0.94,0.9
1232,0.97,0.92,0.94,0.51,0.89,0.9,0.94,0.92
1233,0.96,0.93,0.96,0.54,0.9,0.91,0.91,0.9
1234,0.95,0.91,0.97,0.56,0.9,0.91,0.9,0.88
1235,0.96,0.91,0.95,0.54,0.9,0.92,0.92,0.9
1236,0.96,0.92,0.96,0.54,0.89,0.91,0.9,0.9
1237,0.95,0.92,0.97,0.56,0.9,0.91,0.89,0.87
1238,0.94,0.91,0.97,0.59,0.9,0.91,0.9,0.87
1239,0.96,0.92,0.96,0.56,0.89,0.91,0.89,0.88
1240,0.94,0.91,0.96,0.56,0.9,0.91,0.9,0.89
1241,0.94,0.92,0.96,0.54,0.89,0.91,0.9,0.89
1242,0.96,0.92,0.96,0.51,0.88,0.91,0.91,0.9
1243,0.97,0.92,0.96,0.51,0.88,0.89,0.9,0.91
1244,0.97,0.93,0.96,0.54,0.88,0.89,0.9,0.9
1245,0.95,0.91,0.95,0.51,0.9,0.91,0.88,0.87
1246,0.97,0.93,0.96,0.54,0.87,0.89,0.9,0.89
1247,0.98,0.93,0.97,0.54,0.88,0.89,0.88,0.89
1248,0.96,0.91,0.97,0.56,0.89,0.9,0.87,0.87
1249,0.96,0.92,0.96,0.54,0.89,0.91,0.88,0.87
1250,0.95,0.91,0.97,0.56,0.89,0.91,0.87,0.87
1251,0.96,0.92,0.97,0.51,0.89,0.9,0.88,0.87
1252,0.96,0.91,0.96,0.51,0.89,0.91,0.88,0.87
1253,0.96,0.91,0.97,0.54,0.88,0.9,0.87,0.87
1254,0.94,0.9,0.97,0.59,0.9,0.91,0.87,0.87
1255,0.95,0.92,0.96,0.51,0.88,0.9,0.87,0.87
1256,0.97,0.92,0.96,0.49,0.89,0.91,0.87,0.87
1257,0.96,0.92,0.96,0.49,0.88,0.91,0.88,0.88
1258,0.94,0.9,0.97,0.56,0.88,0.91,0.86,0.87
1259,0.95,0.91,0.95,0.49,0.9,0.92,0.87,0.86
1260,0.97,0.92,0.96,0.51,0.88,0.9,0.87,0.88
1261,0.95,0.91,0.96,0.54,0.88,0.89,0.87,0.88
1262,0.95,0.92,0.96,0.51,0.88,0.91,0.85,0.87
1263,0.97,0.92,0.96,0.51,0.88,0.91,0.85,0.87
1264,0.94,0.91,0.96,0.56,0.88,0.91,0.84,0.87
1265,0.94,0.91,0.96,0.54,0.89,0.91,0.83,0.85
1266,0.94,0.91,0.96,0.56,0.88,0.9,0.84,0.87
1267,0.97,0.91,0.94,0.49,0.89,0.91,0.83,0.85
1268,0.94,0.91,0.94,0.51,0.88,0.9,0.83,0.85
1269,0.94,0.91,0.94,0.51,0.88,0.91,0.82,0.85
1270,0.94,0.91,0.94,0.51,0.88,0.9,0.82,0.85
1271,0.95,0.92,0.93,0.51,0.88,0.91,0.82,0.85
1272,0.94,0.9,0.93,0.54,0.88,0.9,0.81,0.85
1273,0.94,0.9,0.93,0.54,0.88,0.9,0.81,0.85
1274,0.94,0.9,0.93,0.51,0.88,0.9,0.8,0.84
1275,0.94,0.9,0.92,0.54,0.88,0.89,0.8,0.84
1276,0.94,0.91,0.91,0.46,0.88,0.91,0.79,0.83
1277,0.94,0.91,0.91,0.49,0.88,0.9,0.79,0.82
1278,0.93,0.91,0.91,0.51,0.87,0.89,0.79,0.83
1279,0.92,0.9,0.91,0.51,0.88,0.89,0.78,0.83
1280,0.93,0.9,0.9,0.51,0.87,0.89,0.78,0.83
1281,0.92,0.9,0.9,0.51,0.87,0.89,0.77,0.82
1282,0.91,0.9,0.89,0.49,0.87,0.89,0.76,0.82
1283,0.91,0.9,0.88,0.49,0.87,0.89,0.76,0.81
1284,0.91,0.9,0.89,0.51,0.87,0.89,0.76,0.81
1285,0.9,0.89,0.88,0.51,0.86,0.89,0.75,0.8
1286,0.9,0.89,0.88,0.49,0.86,0.88,0.75,0.8
1287,0.9,0.89,0.88,0.49,0.86,0.88,0.75,0.8
1288,0.89,0.88,0.88,0.49,0.85,0.88,0.75,0.8
1289,0.88,0.88,0.87,0.49,0.85,0.87,0.74,0.8
1290,0.88,0.88,0.87,0.51,0.84,0.87,0.74,0.8
1291,0.88,0.88,0.85,0.49,0.85,0.87,0.71,0.79
1292,0.87,0.87,0.85,0.49,0.84,0.87,0.72,0.78
1293,0.87,0.87,0.84,0.49,0.84,0.86,0.71,0.78
1294,0.86,0.87,0.84,0.51,0.83,0.86,0.71,0.78
1295,0.86,0.86,0.83,0.49,0.83,0.86,0.71,0.76
1296,0.86,0.86,0.83,0.49,0.83,0.86,0.7,0.76
1297,0.86,0.85,0.82,0.49,0.82,0.85,0.69,0.76
1298,0.85,0.85,0.82,0.49,0.83,0.85,0.68,0.75
1299,0.86,0.85,0.8,0.46,0.82,0.85,0.67,0.74
1300,0.84,0.85,0.81,0.49,0.81,0.84,0.67,0.74
1301,0.84,0.84,0.79,0.46,0.81,0.85,0.67,0.74
1302,0.84,0.85,0.79,0.46,0.81,0.84,0.67,0.73
1303,0.84,0.84,0.78,0.46,0.8,0.83,0.66,0.72
1304,0.83,0.84,0.78,0.46,0.81,0.83,0.65,0.72
1305,0.83,0.83,0.78,0.49,0.79,0.82,0.65,0.72
1306,0.84,0.83,0.77,0.44,0.79,0.83,0.64,0.72
1307,0.82,0.82,0.76,0.46,0.78,0.82,0.63,0.71
1308,0.83,0.82,0.75,0.44,0.78,0.82,0.63,0.71
1309,0.82,0.82,0.75,0.46,0.78,0.81,0.63,0.7
1310,0.83,0.82,0.75,0.44,0.78,0.81,0.62,0.69
1311,0.82,0.82,0.74,0.44,0.78,0.81,0.62,0.69
1312,0.81,0.82,0.74,0.44,0.77,0.81,0.61,0.69
1313,0.81,0.81,0.73,0.44,0.77,0.8,0.61,0.69
1314,0.8,0.81,0.73,0.44,0.76,0.79,0.6,0.68
1315,0.79,0.8,0.72,0.41,0.76,0.79,0.6,0.67
1316,0.79,0.8,0.72,0.44,0.75,0.79,0.59,0.66
1317,0.78,0.8,0.71,0.41,0.74,0.78,0.58,0.65
1318,0.79,0.79,0.7,0.41,0.74,0.78,0.58,0.65
1319,0.78,0.8,0.7,0.44,0.74,0.78,0.58,0.65
1320,0.78,0.78,0.7,0.41,0.73,0.77,0.57,0.64
1321,0.78,0.79,0.7,0.41,0.73,0.77,0.57,0.65
1322,0.77,0.77,0.69,0.44,0.72,0.76,0.56,0.64
1323,0.77,0.77,0.68,0.38,0.71,0.76,0.55,0.63
1324,0.76,0.77,0.68,0.38,0.71,0.75,0.55,0.62
1325,0.76,0.77,0.68,0.41,0.71,0.75,0.54,0.61
1326,0.76,0.76,0.67,0.38,0.71,0.75,0.54,0.61
1327,0.75,0.76,0.66,0.38,0.71,0.75,0.53,0.61
1328,0.75,0.76,0.66,0.38,0.7,0.74,0.52,0.61
1329,0.74,0.76,0.66,0.41,0.69,0.74,0.52,0.6
1330,0.74,0.75,0.65,0.38,0.69,0.74,0.52,0.59
1331,0.74,0.75,0.65,0.38,0.69,0.73,0.52,0.59
1332,0.73,0.75,0.64,0.38,0.68,0.72,0.51,0.58
1333,0.74,0.74,0.64,0.38,0.67,0.72,0.51,0.58
1334,0.73,0.74,0.63,0.38,0.67,0.71,0.49,0.57
1335,0.73,0.74,0.64,0.38,0.67,0.72,0.49,0.57
1336,0.73,0.73,0.62,0.38,0.66,0.71,0.49,0.56
1337,0.71,0.73,0.63,0.36,0.65,0.7,0.48,0.56
1338,0.7,0.72,0.62,0.36,0.65,0.7,0.48,0.55
1339,0.7,0.71,0.61,0.36,0.64,0.69,0.48,0.54
1340,0.7,0.71,0.61,0.36,0.64,0.69,0.48,0.54
1341,0.7,0.71,0.61,0.36,0.64,0.69,0.48,0.54
1342,0.7,0.71,0.61,0.33,0.63,0.68,0.47,0.54
1343,0.69,0.71,0.61,0.36,0.63,0.68,0.46,0.54
1344,0.69,0.7,0.6,0.36,0.62,0.68,0.46,0.53
1345,0.7,0.7,0.6,0.36,0.62,0.68,0.46,0.53
1346,0.68,0.7,0.6,0.36,0.62,0.67,0.45,0.53
1347,0.67,0.69,0.59,0.33,0.61,0.67,0.45,0.52
1348,0.68,0.69,0.59,0.33,0.61,0.66,0.44,0.51
1349,0.67,0.68,0.59,0.33,0.6,0.65,0.44,0.5
1350,0.66,0.68,0.58,0.33,0.6,0.65,0.43,0.5
1351,0.66,0.67,0.58,0.33,0.6,0.65,0.44,0.5
1352,0.66,0.67,0.58,0.33,0.59,0.64,0.43,0.5
1353,0.64,0.67,0.57,0.33,0.58,0.64,0.43,0.49
1354,0.65,0.66,0.57,0.33,0.58,0.64,0.43,0.49
1355,0.64,0.66,0.56,0.33,0.58,0.64,0.42,0.49
1356,0.64,0.65,0.56,0.33,0.57,0.63,0.42,0.48
1357,0.64,0.65,0.55,0.33,0.57,0.63,0.41,0.48
1358,0.63,0.64,0.55,0.31,0.57,0.62,0.41,0.47
1359,0.64,0.65,0.55,0.33,0.57,0.62,0.41,0.46
1360,0.62,0.64,0.55,0.31,0.56,0.62,0.4,0.46
1361,0.62,0.64,0.54,0.31,0.55,0.62,0.4,0.46
1362,0.61,0.63,0.54,0.31,0.55,0.61,0.4,0.46
1363,0.61,0.63,0.54,0.31,0.54,0.6,0.4,0.46
1364,0.6,0.62,0.53,0.31,0.54,0.6,0.39,0.45
1365,0.59,0.63,0.53,0.31,0.53,0.6,0.38,0.45
1366,0.59,0.62,0.53,0.33,0.53,0.6,0.39,0.44
1367,0.58,0.61,0.52,0.31,0.53,0.59,0.38,0.44
1368,0.58,0.61,0.52,0.31,0.53,0.58,0.38,0.44
1369,0.59,0.61,0.51,0.31,0.53,0.58,0.38,0.43
1370,0.56,0.6,0.51,0.31,0.52,0.58,0.37,0.43
1371,0.56,0.59,0.5,0.28,0.51,0.57,0.37,0.42
1372,0.55,0.59,0.5,0.28,0.51,0.57,0.37,0.42
1373,0.55,0.59,0.5,0.28,0.5,0.56,0.37,0.42
1374,0.55,0.58,0.5,0.28,0.51,0.56,0.37,0.42
1375,0.54,0.58,0.49,0.31,0.5,0.56,0.36,0.41
1376,0.54,0.58,0.49,0.31,0.5,0.56,0.36,0.4
1377,0.54,0.58,0.49,0.28,0.5,0.55,0.36,0.41
1378,0.54,0.56,0.48,0.28,0.49,0.55,0.35,0.4
1379,0.53,0.56,0.48,0.31,0.49,0.55,0.35,0.39
1380,0.52,0.56,0.47,0.31,0.49,0.54,0.35,0.39
1381,0.54,0.55,0.47,0.28,0.48,0.54,0.35,0.39
1382,0.53,0.55,0.46,0.28,0.47,0.53,0.33,0.39
1383,0.5,0.54,0.46,0.28,0.47,0.54,0.34,0.39
1384,0.5,0.54,0.46,0.28,0.47,0.53,0.33,0.39
1385,0.5,0.54,0.46,0.26,0.47,0.53,0.33,0.38
1386,0.51,0.53,0.45,0.28,0.46,0.52,0.33,0.38
1387,0.5,0.53,0.45,0.28,0.47,0.52,0.33,0.38
1388,0.5,0.52,0.45,0.31,0.46,0.51,0.32,0.38
1389,0.5,0.52,0.44,0.28,0.45,0.51,0.32,0.37
1390,0.48,0.52,0.44,0.28,0.45,0.51,0.32,0.37
1391,0.48,0.52,0.44,0.26,0.45,0.51,0.32,0.37
1392,0.47,0.51,0.43,0.28,0.44,0.5,0.32,0.36
1393,0.46,0.49,0.42,0.26,0.44,0.5,0.31,0.35
1394,0.47,0.49,0.42,0.26,0.44,0.5,0.31,0.35
1395,0.46,0.49,0.42,0.26,0.43,0.5,0.31,0.35
1396,0.46,0.49,0.42,0.28,0.43,0.49,0.3,0.35
1397,0.47,0.48,0.42,0.26,0.43,0.49,0.3,0.35
1398,0.45,0.48,0.41,0.26,0.43,0.48,0.3,0.35
1399,0.45,0.48,0.41,0.26,0.43,0.48,0.29,0.35
1400,0.45,0.47,0.4,0.26,0.42,0.48,0.29,0.35
1401,0.45,0.46,0.41,0.26,0.42,0.48,0.29,0.34
1402,0.44,0.46,0.4,0.26,0.42,0.47,0.29,0.34
1403,0.43,0.46,0.4,0.26,0.41,0.48,0.29,0.34
1404,0.42,0.45,0.39,0.23,0.41,0.46,0.28,0.33
1405,0.43,0.45,0.39,0.26,0.41,0.46,0.29,0.33
1406,0.42,0.45,0.39,0.26,0.41,0.46,0.29,0.33
1407,0.42,0.45,0.39,0.26,0.4,0.46,0.28,0.33
1408,0.42,0.45,0.38,0.23,0.4,0.46,0.28,0.32
1409,0.42,0.44,0.38,0.23,0.4,0.46,0.28,0.31
1410,0.41,0.43,0.37,0.23,0.4,0.46,0.27,0.32
1411,0.41,0.43,0.37,0.23,0.4,0.45,0.27,0.31
1412,0.4,0.43,0.36,0.23,0.4,0.44,0.27,0.31
1413,0.39,0.42,0.36,0.23,0.39,0.44,0.26,0.31
1414,0.4,0.42,0.36,0.23,0.39,0.44,0.27,0.31
1415,0.38,0.41,0.36,0.23,0.38,0.44,0.26,0.31
1416,0.39,0.41,0.35,0.21,0.38,0.44,0.26,0.31
1417,0.39,0.41,0.36,0.23,0.38,0.44,0.26,0.31
1418,0.38,0.41,0.35,0.21,0.38,0.43,0.25,0.3
1419,0.38,0.4,0.35,0.21,0.37,0.43,0.25,0.3
1420,0.38,0.39,0.35,0.21,0.36,0.42,0.25,0.3
1421,0.38,0.39,0.34,0.21,0.36,0.42,0.25,0.28
1422,0.37,0.39,0.34,0.18,0.36,0.42,0.25,0.29
1423,0.37,0.39,0.33,0.21,0.36,0.42,0.25,0.28
1424,0.36,0.39,0.34,0.21,0.36,0.42,0.25,0.28
1425,0.37,0.38,0.34,0.21,0.36,0.41,0.25,0.28
1426,0.36,0.39,0.32,0.18,0.35,0.41,0.24,0.28
1427,0.36,0.38,0.32,0.18,0.36,0.41,0.24,0.28
1428,0.37,0.38,0.32,0.18,0.35,0.4,0.24,0.28
1429,0.37,0.37,0.32,0.18,0.35,0.4,0.24,0.28
1430,0.35,0.37,0.32,0.18,0.35,0.4,0.23,0.28
1431,0.34,0.36,0.31,0.18,0.34,0.4,0.23,0.28
1432,0.34,0.36,0.31,0.18,0.34,0.39,0.23,0.27
1433,0.34,0.36,0.31,0.15,0.33,0.39,0.23,0.27
1434,0.34,0.35,0.31,0.15,0.33,0.39,0.23,0.27
1435,0.34,0.36,0.31,0.18,0.33,0.38,0.22,0.27
1436,0.34,0.35,0.3,0.18,0.33,0.38,0.22,0.26
1437,0.34,0.35,0.3,0.18,0.33,0.38,0.23,0.27
1438,0.33,0.35,0.3,0.15,0.33,0.38,0.22,0.26
1439,0.34,0.34,0.3,0.15,0.33,0.38,0.22,0.26
1440,0.33,0.34,0.3,0.15,0.33,0.38,0.22,0.26
1441,0.32,0.34,0.3,0.15,0.32,0.38,0.22,0.26
1442,0.32,0.33,0.3,0.15,0.32,0.37,0.21,0.26
1443,0.32,0.33,0.3,0.15,0.32,0.37,0.21,0.26
1444,0.31,0.33,0.29,0.15,0.32,0.37,0.22,0.25
1445,0.32,0.33,0.29,0.15,0.32,0.37,0.21,0.25
1446,0.31,0.33,0.29,0.13,0.31,0.36,0.21,0.25
1447,0.3,0.32,0.28,0.13,0.31,0.36,0.21,0.25
1448,0.32,0.32,0.28,0.13,0.3,0.36,0.21,0.25
1449,0.3,0.33,0.28,0.13,0.31,0.36,0.21,0.24
1450,0.3,0.31,0.28,0.13,0.3,0.36,0.21,0.24
1451,0.3,0.31,0.28,0.13,0.3,0.35,0.21,0.24
1452,0.3,0.32,0.27,0.13,0.3,0.34,0.21,0.24
1453,0.31,0.31,0.27,0.13,0.3,0.35,0.21,0.24
1454,0.3,0.31,0.27,0.13,0.29,0.35,0.21,0.24
1455,0.3,0.31,0.27,0.1,0.29,0.35,0.21,0.24
1456,0.3,0.3,0.27,0.13,0.29,0.34,0.2,0.24
1457,0.3,0.3,0.27,0.13,0.29,0.34,0.2,0.24
1458,0.3,0.3,0.26,0.1,0.29,0.34,0.2,0.24
1459,0.28,0.3,0.26,0.1,0.29,0.34,0.2,0.24
1460,0.28,0.29,0.26,0.1,0.29,0.34,0.2,0.24
1461,0.28,0.29,0.26,0.1,0.28,0.33,0.2,0.23
1462,0.27,0.28,0.25,0.1,0.29,0.33,0.2,0.23
1463,0.3,0.29,0.26,0.08,0.29,0.33,0.19,0.23
1464,0.27,0.29,0.26,0.1,0.28,0.33,0.19,0.23
1465,0.27,0.28,0.25,0.08,0.28,0.33,0.19,0.23
1466,0.27,0.28,0.26,0.1,0.28,0.32,0.19,0.23
1467,0.27,0.28,0.25,0.1,0.27,0.32,0.19,0.23
1468,0.27,0.28,0.25,0.08,0.28,0.32,0.18,0.22
1469,0.26,0.27,0.25,0.08,0.27,0.32,0.18,0.22
1470,0.26,0.27,0.25,0.08,0.27,0.32,0.18,0.22
1471,0.26,0.26,0.24,0.08,0.27,0.32,0.18,0.22
1472,0.27,0.26,0.23,0.08,0.27,0.32,0.18,0.22
1473,0.26,0.26,0.23,0.08,0.26,0.31,0.18,0.22
1474,0.26,0.26,0.24,0.08,0.26,0.32,0.18,0.22
1475,0.26,0.26,0.23,0.08,0.26,0.31,0.17,0.21
1476,0.26,0.26,0.23,0.05,0.26,0.31,0.18,0.21
1477,0.25,0.26,0.23,0.05,0.27,0.31,0.17,0.21
1478,0.25,0.25,0.23,0.05,0.26,0.3,0.17,0.21
1479,0.26,0.24,0.23,0.05,0.26,0.3,0.17,0.2
1480,0.25,0.24,0.22,0.05,0.26,0.3,0.17,0.2
1481,0.24,0.25,0.22,0.05,0.26,0.3,0.17,0.21
1482,0.25,0.25,0.23,0.05,0.26,0.3,0.17,0.21
1483,0.26,0.24,0.22,0.05,0.26,0.3,0.17,0.2
1484,0.24,0.24,0.22,0.05,0.26,0.3,0.17,0.2
1485,0.24,0.23,0.22,0.05,0.25,0.3,0.17,0.2
1486,0.25,0.23,0.22,0.05,0.25,0.29,0.17,0.2
1487,0.23,0.24,0.21,0.05,0.25,0.29,0.16,0.2
1488,0.23,0.23,0.21,0.03,0.24,0.29,0.17,0.2
1489,0.23,0.23,0.22,0.03,0.25,0.29,0.17,0.2
1490,0.23,0.23,0.22,0.0,0.24,0.29,0.16,0.2
1491,0.24,0.22,0.21,0.03,0.25,0.28,0.17,0.2
1492,0.23,0.22,0.21,0.03,0.25,0.28,0.17,0.19
1493,0.23,0.22,0.21,0.03,0.23,0.28,0.16,0.19
1494,0.22,0.22,0.2,0.03,0.23,0.28,0.16,0.19
1495,0.24,0.22,0.21,0.03,0.23,0.28,0.16,0.19
1496,0.22,0.22,0.21,0.0,0.23,0.28,0.16,0.19
1497,0.24,0.21,0.2,0.0,0.23,0.28,0.16,0.19
1498,0.22,0.21,0.21,0.0,0.23,0.28,0.16,0.19
1499,0.22,0.22,0.21,0.0,0.23,0.28,0.16,0.19
