0,0.02,0.02,0.01,0.0,0.01,0.01,0.01,0.01
1,0.03,0.02,0.01,0.0,0.0,0.01,0.01,0.01
2,0.02,0.02,0.01,0.0,0.0,0.01,0.01,0.01
3,0.0,0.01,0.0,0.01,0.01,0.01,0.0,0.0
4,0.02,0.02,0.0,0.0,0.0,0.02,0.01,0.01
5,0.0,0.02,0.0,0.0,0.01,0.02,0.0,0.0
6,0.0,0.02,0.01,0.01,0.01,0.01,0.01,0.01
7,0.0,0.02,0.0,0.0,0.02,0.02,0.0,0.01
8,0.0,0.02,0.0,0.01,0.01,0.02,0.0,0.0
9,0.02,0.02,0.02,0.01,0.02,0.01,0.0,0.0
10,0.06,0.02,0.0,0.0,0.0,0.01,0.01,0.01
11,0.0,0.02,0.0,0.0,0.01,0.02,0.01,0.0
12,0.02,0.02,0.01,0.0,0.01,0.02,0.01,0.01
13,0.0,0.02,0.0,0.01,0.01,0.01,0.0,0.0
14,0.06,0.01,0.0,0.0,0.0,0.01,0.01,0.01
15,0.02,0.02,0.01,0.0,0.02,0.01,0.0,0.01
16,0.06,0.03,0.0,0.0,0.0,0.0,0.01,0.01
17,0.02,0.01,0.01,0.0,0.01,0.02,0.0,0.0
18,0.03,0.02,0.0,0.0,0.01,0.01,0.01,0.01
19,0.05,0.02,0.0,0.0,0.01,0.02,0.0,0.0
20,0.05,0.02,0.0,0.0,0.01,0.02,0.01,0.01
21,0.03,0.02,0.0,0.0,0.01,0.01,0.0,0.01
22,0.0,0.02,0.01,0.0,0.01,0.01,0.0,0.01
23,0.0,0.02,0.0,0.0,0.01,0.02,0.01,0.0
24,0.06,0.02,0.0,0.0,0.0,0.01,0.01,0.02
25,0.0,0.01,0.0,0.0,0.01,0.01,0.0,0.01
26,0.02,0.02,0.01,0.0,0.01,0.01,0.0,0.0
27,0.0,0.01,0.0,0.0,0.01,0.01,0.01,0.01
28,0.0,0.01,0.0,0.0,0.01,0.01,0.01,0.01
29,0.0,0.02,0.0,0.0,0.01,0.01,0.01,0.0
30,0.0,0.01,0.0,0.0,0.01,0.01,0.0,0.01
31,0.02,0.02,0.01,0.0,0.01,0.02,0.01,0.01
32,0.05,0.01,0.0,0.0,0.02,0.01,0.01,0.01
33,0.02,0.02,0.01,0.0,0.01,0.01,0.01,0.01
34,0.03,0.02,0.01,0.0,0.0,0.01,0.01,0.01
35,0.03,0.02,0.01,0.0,0.01,0.02,0.02,0.01
36,0.05,0.02,0.0,0.01,0.01,0.02,0.01,0.02
37,0.03,0.01,0.01,0.0,0.01,0.02,0.01,0.01
38,0.03,0.02,0.0,0.0,0.0,0.0,0.02,0.02
39,0.03,0.02,0.01,0.0,0.0,0.0,0.02,0.02
40,0.03,0.02,0.01,0.0,0.0,0.0,0.02,0.02
41,0.02,0.02,0.01,0.0,0.02,0.01,0.01,0.02
42,0.0,0.01,0.01,0.0,0.02,0.01,0.01,0.01
43,0.02,0.02,0.01,0.01,0.01,0.02,0.01,0.02
44,0.02,0.02,0.01,0.01,0.02,0.01,0.02,0.02
45,0.02,0.02,0.01,0.01,0.01,0.01,0.01,0.01
46,0.0,0.02,0.01,0.01,0.01,0.01,0.01,0.02
47,0.05,0.02,0.01,0.01,0.02,0.02,0.01,0.02
48,0.03,0.02,0.01,0.01,0.02,0.01,0.01,0.02
49,0.03,0.02,0.01,0.01,0.02,0.01,0.02,0.03
50,0.03,0.02,0.01,0.01,0.02,0.01,0.02,0.04
51,0.03,0.02,0.01,0.01,0.02,0.02,0.03,0.03
52,0.02,0.03,0.01,0.01,0.02,0.02,0.01,0.02
53,0.03,0.02,0.01,0.01,0.02,0.01,0.03,0.03
54,0.02,0.02,0.01,0.01,0.02,0.02,0.02,0.03
55,0.02,0.03,0.01,0.01,0.02,0.02,0.02,0.03
56,0.03,0.02,0.01,0.01,0.02,0.02,0.03,0.03
57,0.02,0.02,0.01,0.01,0.02,0.02,0.03,0.04
58,0.03,0.02,0.01,0.01,0.02,0.02,0.04,0.04
59,0.02,0.02,0.01,0.01,0.02,0.02,0.03,0.04
60,0.02,0.02,0.01,0.01,0.03,0.02,0.04,0.04
61,0.05,0.02,0.01,0.01,0.02,0.01,0.04,0.06
62,0.05,0.04,0.01,0.01,0.01,0.01,0.04,0.05
63,0.02,0.03,0.01,0.01,0.02,0.02,0.04,0.05
64,0.03,0.02,0.01,0.01,0.03,0.02,0.04,0.06
65,0.05,0.04,0.02,0.01,0.03,0.02,0.04,0.04
66,0.03,0.02,0.02,0.01,0.03,0.02,0.04,0.05
67,0.03,0.02,0.01,0.01,0.03,0.02,0.04,0.05
68,0.05,0.03,0.01,0.01,0.02,0.01,0.05,0.07
69,0.05,0.02,0.02,0.01,0.02,0.01,0.05,0.07
70,0.08,0.03,0.02,0.01,0.03,0.02,0.05,0.07
71,0.03,0.02,0.02,0.01,0.04,0.03,0.04,0.06
72,0.05,0.04,0.02,0.01,0.04,0.02,0.05,0.06
73,0.03,0.02,0.01,0.01,0.04,0.03,0.05,0.06
74,0.03,0.03,0.02,0.01,0.04,0.04,0.05,0.06
75,0.06,0.03,0.02,0.01,0.03,0.02,0.05,0.07
76,0.05,0.02,0.01,0.01,0.03,0.02,0.05,0.08
77,0.03,0.02,0.02,0.02,0.05,0.03,0.05,0.07
78,0.03,0.02,0.02,0.02,0.04,0.03,0.05,0.07
79,0.05,0.02,0.02,0.02,0.03,0.03,0.05,0.07
80,0.06,0.02,0.02,0.02,0.04,0.03,0.05,0.08
81,0.06,0.04,0.02,0.02,0.03,0.02,0.05,0.08
82,0.03,0.03,0.02,0.02,0.04,0.03,0.05,0.06
83,0.05,0.02,0.02,0.02,0.05,0.03,0.05,0.07
84,0.05,0.02,0.02,0.02,0.05,0.03,0.05,0.07
85,0.03,0.03,0.02,0.02,0.05,0.04,0.05,0.07
86,0.03,0.03,0.02,0.02,0.05,0.03,0.05,0.07
87,0.03,0.03,0.02,0.02,0.05,0.03,0.05,0.07
88,0.06,0.04,0.02,0.02,0.04,0.03,0.06,0.09
89,0.05,0.03,0.02,0.02,0.05,0.04,0.05,0.08
90,0.06,0.04,0.02,0.02,0.04,0.02,0.06,0.09
91,0.1,0.04,0.02,0.02,0.05,0.04,0.05,0.09
92,0.06,0.04,0.02,0.02,0.05,0.03,0.06,0.09
93,0.06,0.03,0.02,0.02,0.06,0.04,0.06,0.08
94,0.06,0.03,0.02,0.02,0.06,0.04,0.06,0.07
95,0.05,0.03,0.02,0.02,0.05,0.04,0.06,0.08
96,0.06,0.04,0.02,0.02,0.05,0.03,0.06,0.1
97,0.1,0.04,0.02,0.02,0.05,0.03,0.05,0.09
98,0.05,0.03,0.02,0.02,0.06,0.04,0.05,0.08
99,0.06,0.03,0.02,0.02,0.06,0.04,0.07,0.09
100,0.05,0.03,0.02,0.02,0.06,0.04,0.06,0.09
101,0.05,0.03,0.02,0.02,0.06,0.04,0.06,0.08
102,0.06,0.03,0.02,0.02,0.06,0.04,0.06,0.09
103,0.06,0.03,0.03,0.02,0.06,0.04,0.06,0.09
104,0.05,0.03,0.02,0.02,0.07,0.04,0.06,0.08
105,0.06,0.04,0.03,0.02,0.06,0.03,0.06,0.09
106,0.06,0.03,0.02,0.02,0.07,0.04,0.06,0.08
107,0.06,0.04,0.02,0.02,0.06,0.04,0.07,0.1
108,0.05,0.04,0.03,0.02,0.07,0.05,0.07,0.09
109,0.06,0.03,0.02,0.02,0.07,0.04,0.06,0.09
110,0.05,0.03,0.02,0.02,0.07,0.04,0.06,0.08
111,0.05,0.04,0.02,0.02,0.07,0.05,0.07,0.09
112,0.05,0.04,0.03,0.03,0.07,0.05,0.06,0.08
113,0.06,0.04,0.02,0.02,0.06,0.04,0.07,0.1
114,0.06,0.03,0.03,0.02,0.07,0.05,0.07,0.08
115,0.06,0.04,0.02,0.03,0.07,0.05,0.07,0.09
116,0.06,0.04,0.03,0.02,0.07,0.05,0.06,0.09
117,0.06,0.03,0.03,0.02,0.07,0.05,0.07,0.09
118,0.05,0.04,0.02,0.03,0.07,0.05,0.06,0.09
119,0.06,0.04,0.03,0.03,0.08,0.05,0.06,0.09
120,0.05,0.04,0.02,0.03,0.08,0.05,0.06,0.1
121,0.05,0.04,0.03,0.03,0.08,0.06,0.07,0.1
122,0.06,0.04,0.03,0.03,0.09,0.06,0.07,0.1
123,0.06,0.04,0.03,0.03,0.09,0.06,0.07,0.11
124,0.06,0.05,0.03,0.03,0.09,0.06,0.07,0.11
125,0.06,0.04,0.04,0.03,0.08,0.06,0.07,0.1
126,0.05,0.05,0.03,0.03,0.09,0.07,0.07,0.11
127,0.06,0.05,0.04,0.04,0.08,0.06,0.06,0.11
128,0.06,0.05,0.03,0.04,0.09,0.07,0.07,0.12
129,0.06,0.05,0.04,0.04,0.09,0.07,0.08,0.12
130,0.06,0.05,0.03,0.04,0.09,0.07,0.08,0.12
131,0.08,0.05,0.04,0.04,0.08,0.06,0.08,0.12
132,0.08,0.06,0.04,0.04,0.09,0.06,0.07,0.12
133,0.05,0.05,0.04,0.04,0.09,0.07,0.07,0.11
134,0.06,0.05,0.03,0.04,0.09,0.07,0.08,0.13
135,0.05,0.05,0.04,0.04,0.1,0.08,0.07,0.12
136,0.05,0.05,0.04,0.04,0.1,0.07,0.07,0.12
137,0.1,0.06,0.05,0.04,0.09,0.07,0.07,0.13
138,0.06,0.05,0.04,0.04,0.1,0.07,0.07,0.13
139,0.06,0.05,0.04,0.04,0.1,0.08,0.07,0.12
140,0.05,0.06,0.04,0.04,0.1,0.07,0.07,0.13
141,0.06,0.07,0.04,0.04,0.1,0.07,0.07,0.13
142,0.08,0.06,0.05,0.05,0.09,0.07,0.07,0.13
143,0.06,0.06,0.05,0.05,0.09,0.06,0.08,0.12
144,0.06,0.05,0.04,0.04,0.11,0.07,0.08,0.12
145,0.06,0.07,0.05,0.05,0.09,0.07,0.07,0.13
146,0.08,0.06,0.05,0.05,0.09,0.06,0.07,0.14
147,0.05,0.05,0.04,0.05,0.1,0.07,0.08,0.12
148,0.06,0.07,0.05,0.05,0.09,0.07,0.07,0.12
149,0.06,0.06,0.05,0.05,0.1,0.07,0.06,0.12
150,0.08,0.06,0.04,0.05,0.1,0.07,0.07,0.12
151,0.06,0.07,0.04,0.05,0.1,0.07,0.07,0.12
152,0.06,0.08,0.04,0.05,0.09,0.06,0.08,0.13
153,0.06,0.06,0.04,0.05,0.1,0.07,0.07,0.12
154,0.08,0.06,0.04,0.05,0.1,0.07,0.07,0.11
155,0.1,0.06,0.04,0.05,0.1,0.07,0.07,0.12
156,0.06,0.05,0.03,0.05,0.1,0.07,0.07,0.11
157,0.08,0.06,0.04,0.05,0.08,0.07,0.06,0.1
158,0.08,0.06,0.05,0.05,0.09,0.06,0.06,0.12
159,0.05,0.05,0.04,0.05,0.1,0.07,0.07,0.11
160,0.05,0.06,0.05,0.05,0.08,0.07,0.06,0.11
161,0.06,0.05,0.03,0.05,0.1,0.07,0.07,0.11
162,0.05,0.06,0.03,0.05,0.09,0.07,0.07,0.11
163,0.1,0.06,0.04,0.05,0.09,0.07,0.06,0.12
164,0.06,0.06,0.04,0.05,0.09,0.07,0.07,0.12
165,0.06,0.06,0.03,0.05,0.1,0.07,0.07,0.12
166,0.06,0.05,0.04,0.05,0.1,0.07,0.07,0.11
167,0.06,0.05,0.03,0.05,0.08,0.07,0.07,0.11
168,0.06,0.06,0.04,0.05,0.08,0.06,0.07,0.12
169,0.06,0.06,0.04,0.05,0.08,0.07,0.07,0.12
170,0.06,0.07,0.04,0.05,0.09,0.07,0.07,0.11
171,0.05,0.05,0.04,0.05,0.09,0.07,0.07,0.11
172,0.06,0.06,0.04,0.05,0.09,0.07,0.08,0.12
173,0.06,0.06,0.04,0.05,0.1,0.07,0.06,0.1
174,0.06,0.05,0.03,0.05,0.1,0.07,0.06,0.1
175,0.05,0.07,0.03,0.05,0.09,0.07,0.06,0.1
176,0.05,0.05,0.03,0.05,0.09,0.07,0.06,0.1
177,0.05,0.06,0.04,0.05,0.08,0.05,0.06,0.1
178,0.06,0.05,0.03,0.05,0.08,0.06,0.07,0.1
179,0.05,0.06,0.04,0.05,0.08,0.05,0.06,0.09
180,0.06,0.06,0.04,0.05,0.08,0.06,0.05,0.1
181,0.06,0.05,0.04,0.05,0.08,0.07,0.07,0.1
182,0.06,0.06,0.04,0.05,0.08,0.06,0.06,0.1
183,0.05,0.05,0.03,0.05,0.09,0.07,0.06,0.1
184,0.06,0.06,0.04,0.05,0.08,0.05,0.06,0.09
185,0.06,0.06,0.04,0.06,0.08,0.06,0.06,0.11
186,0.05,0.05,0.04,0.05,0.08,0.06,0.06,0.1
187,0.08,0.05,0.03,0.05,0.09,0.06,0.06,0.1
188,0.05,0.06,0.04,0.06,0.08,0.05,0.05,0.09
189,0.05,0.05,0.04,0.06,0.08,0.06,0.05,0.09
190,0.06,0.06,0.04,0.06,0.08,0.05,0.05,0.09
191,0.05,0.06,0.03,0.05,0.09,0.07,0.06,0.1
192,0.05,0.05,0.03,0.05,0.08,0.07,0.05,0.09
193,0.05,0.05,0.04,0.06,0.08,0.06,0.06,0.1
194,0.05,0.06,0.04,0.06,0.08,0.05,0.04,0.09
195,0.05,0.06,0.03,0.05,0.08,0.07,0.06,0.1
196,0.05,0.06,0.04,0.06,0.08,0.05,0.05,0.09
197,0.05,0.05,0.03,0.05,0.08,0.06,0.06,0.1
198,0.06,0.07,0.04,0.06,0.08,0.05,0.05,0.1
199,0.05,0.05,0.03,0.05,0.08,0.06,0.06,0.09
200,0.05,0.07,0.04,0.06,0.08,0.05,0.06,0.09
201,0.05,0.07,0.03,0.05,0.1,0.07,0.05,0.1
202,0.05,0.06,0.04,0.06,0.08,0.06,0.05,0.09
203,0.05,0.07,0.05,0.06,0.08,0.05,0.05,0.09
204,0.05,0.07,0.05,0.06,0.08,0.05,0.06,0.09
205,0.05,0.05,0.04,0.06,0.08,0.07,0.06,0.1
206,0.1,0.05,0.04,0.05,0.08,0.06,0.06,0.1
207,0.06,0.06,0.04,0.06,0.08,0.06,0.06,0.1
208,0.05,0.05,0.04,0.06,0.08,0.06,0.06,0.1
209,0.05,0.05,0.03,0.06,0.08,0.06,0.06,0.1
210,0.06,0.05,0.03,0.06,0.08,0.06,0.05,0.1
211,0.06,0.05,0.03,0.06,0.08,0.06,0.06,0.08
212,0.05,0.07,0.04,0.06,0.08,0.05,0.04,0.08
213,0.06,0.07,0.03,0.05,0.09,0.06,0.06,0.09
214,0.06,0.07,0.04,0.06,0.08,0.05,0.06,0.1
215,0.05,0.05,0.03,0.05,0.08,0.06,0.05,0.08
216,0.08,0.05,0.03,0.06,0.08,0.06,0.05,0.08
217,0.06,0.06,0.04,0.06,0.07,0.05,0.06,0.09
218,0.05,0.05,0.04,0.06,0.07,0.05,0.06,0.09
219,0.05,0.05,0.03,0.06,0.08,0.07,0.05,0.08
220,0.06,0.05,0.04,0.06,0.07,0.05,0.04,0.07
221,0.06,0.05,0.03,0.06,0.08,0.06,0.05,0.09
222,0.05,0.07,0.04,0.06,0.08,0.05,0.04,0.07
223,0.05,0.05,0.03,0.06,0.08,0.06,0.06,0.08
224,0.06,0.06,0.04,0.06,0.07,0.05,0.05,0.08
225,0.05,0.06,0.04,0.06,0.07,0.05,0.04,0.08
226,0.05,0.05,0.03,0.05,0.09,0.06,0.05,0.08
227,0.06,0.07,0.03,0.06,0.08,0.06,0.05,0.08
228,0.06,0.07,0.03,0.06,0.08,0.06,0.05,0.08
229,0.06,0.07,0.04,0.06,0.07,0.05,0.05,0.09
230,0.1,0.07,0.04,0.06,0.07,0.05,0.06,0.08
231,0.08,0.07,0.05,0.06,0.07,0.05,0.04,0.07
232,0.05,0.07,0.04,0.06,0.08,0.06,0.05,0.08
233,0.06,0.07,0.04,0.07,0.07,0.05,0.05,0.08
234,0.06,0.07,0.03,0.06,0.07,0.06,0.05,0.08
235,0.06,0.07,0.04,0.06,0.07,0.06,0.05,0.08
236,0.08,0.07,0.04,0.06,0.08,0.06,0.05,0.08
237,0.05,0.07,0.03,0.06,0.08,0.06,0.05,0.08
238,0.05,0.07,0.04,0.06,0.07,0.05,0.05,0.08
239,0.05,0.07,0.04,0.06,0.07,0.06,0.05,0.08
240,0.06,0.07,0.03,0.06,0.08,0.06,0.05,0.08
241,0.05,0.07,0.04,0.07,0.08,0.05,0.04,0.07
242,0.05,0.07,0.04,0.06,0.07,0.05,0.05,0.08
243,0.03,0.07,0.05,0.07,0.08,0.05,0.04,0.07
244,0.05,0.07,0.04,0.06,0.08,0.06,0.05,0.08
245,0.05,0.07,0.04,0.06,0.08,0.06,0.05,0.08
246,0.05,0.07,0.03,0.06,0.07,0.06,0.05,0.08
247,0.05,0.07,0.03,0.06,0.08,0.05,0.05,0.07
248,0.06,0.07,0.04,0.07,0.07,0.05,0.04,0.07
249,0.05,0.07,0.04,0.07,0.07,0.05,0.03,0.06
250,0.06,0.07,0.04,0.06,0.07,0.05,0.04,0.07
251,0.05,0.07,0.04,0.07,0.07,0.05,0.03,0.06
252,0.06,0.07,0.03,0.06,0.07,0.04,0.04,0.07
253,0.05,0.07,0.04,0.07,0.07,0.04,0.04,0.07
254,0.05,0.07,0.03,0.06,0.08,0.05,0.04,0.07
255,0.05,0.06,0.03,0.06,0.08,0.05,0.04,0.06
256,0.05,0.07,0.03,0.06,0.07,0.05,0.04,0.07
257,0.05,0.07,0.04,0.07,0.07,0.05,0.03,0.06
258,0.06,0.06,0.03,0.06,0.08,0.06,0.04,0.06
259,0.06,0.07,0.04,0.07,0.07,0.04,0.03,0.06
260,0.05,0.06,0.03,0.06,0.07,0.05,0.04,0.06
261,0.05,0.06,0.03,0.06,0.07,0.05,0.04,0.07
262,0.05,0.07,0.04,0.07,0.07,0.04,0.03,0.06
263,0.06,0.07,0.03,0.06,0.07,0.05,0.04,0.07
264,0.05,0.07,0.04,0.06,0.07,0.04,0.04,0.07
265,0.05,0.07,0.04,0.06,0.07,0.05,0.04,0.07
266,0.05,0.07,0.03,0.06,0.07,0.05,0.04,0.07
267,0.05,0.06,0.03,0.06,0.08,0.06,0.04,0.06
268,0.05,0.07,0.04,0.07,0.07,0.05,0.03,0.06
269,0.06,0.07,0.03,0.06,0.07,0.05,0.04,0.07
270,0.03,0.08,0.04,0.07,0.08,0.05,0.03,0.06
271,0.05,0.07,0.04,0.07,0.07,0.05,0.03,0.05
272,0.08,0.08,0.03,0.06,0.07,0.05,0.04,0.07
273,0.05,0.08,0.03,0.06,0.07,0.06,0.04,0.07
274,0.05,0.07,0.03,0.06,0.08,0.05,0.04,0.06
275,0.03,0.07,0.05,0.07,0.07,0.05,0.03,0.05
276,0.05,0.06,0.04,0.06,0.07,0.05,0.04,0.06
277,0.05,0.07,0.03,0.06,0.07,0.05,0.04,0.06
278,0.05,0.07,0.03,0.06,0.08,0.06,0.03,0.06
279,0.05,0.06,0.03,0.06,0.07,0.05,0.04,0.06
280,0.06,0.07,0.04,0.07,0.07,0.04,0.03,0.06
281,0.05,0.07,0.04,0.06,0.06,0.04,0.04,0.06
282,0.06,0.08,0.04,0.07,0.07,0.04,0.03,0.05
283,0.05,0.07,0.04,0.07,0.07,0.04,0.03,0.06
284,0.05,0.08,0.04,0.07,0.07,0.04,0.03,0.06
285,0.05,0.07,0.03,0.06,0.08,0.06,0.04,0.06
286,0.05,0.06,0.03,0.06,0.07,0.04,0.04,0.06
287,0.05,0.06,0.04,0.07,0.07,0.05,0.04,0.06
288,0.05,0.07,0.03,0.07,0.07,0.05,0.04,0.06
289,0.05,0.07,0.03,0.07,0.07,0.05,0.04,0.06
290,0.05,0.07,0.03,0.07,0.07,0.04,0.04,0.07
291,0.03,0.08,0.04,0.07,0.08,0.05,0.03,0.06
292,0.05,0.07,0.04,0.07,0.07,0.05,0.04,0.06
293,0.06,0.07,0.05,0.07,0.07,0.04,0.03,0.05
294,0.03,0.08,0.04,0.07,0.07,0.05,0.03,0.06
295,0.05,0.08,0.03,0.07,0.06,0.04,0.04,0.06
296,0.08,0.07,0.04,0.07,0.08,0.05,0.04,0.06
297,0.05,0.08,0.04,0.07,0.06,0.04,0.04,0.07
298,0.05,0.07,0.03,0.07,0.07,0.04,0.04,0.06
299,0.03,0.07,0.04,0.07,0.07,0.05,0.03,0.05
300,0.06,0.08,0.03,0.07,0.07,0.04,0.04,0.06
301,0.06,0.07,0.04,0.07,0.07,0.04,0.03,0.06
302,0.1,0.07,0.03,0.07,0.07,0.05,0.04,0.06
303,0.1,0.08,0.03,0.07,0.07,0.05,0.04,0.06
304,0.05,0.07,0.03,0.07,0.07,0.05,0.04,0.06
305,0.06,0.08,0.03,0.07,0.06,0.04,0.04,0.06
306,0.05,0.06,0.03,0.07,0.07,0.05,0.04,0.06
307,0.05,0.08,0.04,0.07,0.06,0.04,0.02,0.04
308,0.05,0.07,0.03,0.07,0.07,0.04,0.04,0.06
309,0.06,0.07,0.04,0.07,0.06,0.04,0.03,0.04
310,0.05,0.08,0.03,0.07,0.07,0.04,0.04,0.05
311,0.06,0.08,0.04,0.07,0.07,0.04,0.02,0.06
312,0.06,0.08,0.03,0.07,0.06,0.04,0.04,0.05
313,0.06,0.07,0.03,0.07,0.06,0.05,0.04,0.05
314,0.05,0.08,0.03,0.07,0.05,0.03,0.04,0.06
315,0.05,0.07,0.03,0.07,0.06,0.05,0.04,0.05
316,0.05,0.07,0.04,0.07,0.07,0.04,0.03,0.04
317,0.05,0.07,0.04,0.07,0.06,0.03,0.04,0.06
318,0.06,0.08,0.04,0.07,0.06,0.04,0.03,0.04
319,0.06,0.08,0.03,0.07,0.06,0.04,0.04,0.05
320,0.05,0.07,0.03,0.07,0.06,0.05,0.03,0.05
321,0.05,0.08,0.03,0.07,0.05,0.03,0.04,0.05
322,0.05,0.07,0.03,0.07,0.05,0.03,0.04,0.05
323,0.03,0.07,0.04,0.07,0.06,0.04,0.02,0.04
324,0.06,0.08,0.04,0.07,0.06,0.04,0.03,0.05
325,0.05,0.06,0.03,0.07,0.06,0.05,0.03,0.05
326,0.05,0.06,0.03,0.07,0.05,0.04,0.04,0.05
327,0.06,0.08,0.03,0.07,0.06,0.04,0.03,0.04
328,0.05,0.07,0.03,0.07,0.05,0.04,0.04,0.05
329,0.08,0.08,0.04,0.07,0.06,0.04,0.02,0.03
330,0.05,0.07,0.04,0.07,0.06,0.04,0.02,0.04
331,0.05,0.07,0.03,0.07,0.06,0.05,0.03,0.04
332,0.05,0.06,0.03,0.07,0.05,0.04,0.04,0.05
333,0.08,0.07,0.04,0.07,0.06,0.03,0.02,0.03
334,0.05,0.08,0.03,0.07,0.06,0.03,0.04,0.04
335,0.05,0.07,0.04,0.07,0.06,0.04,0.02,0.04
336,0.08,0.07,0.03,0.07,0.05,0.03,0.04,0.05
337,0.03,0.08,0.04,0.07,0.06,0.03,0.02,0.04
338,0.08,0.08,0.03,0.07,0.06,0.03,0.04,0.04
339,0.05,0.07,0.03,0.07,0.05,0.03,0.04,0.05
340,0.05,0.07,0.03,0.07,0.06,0.04,0.04,0.04
341,0.05,0.08,0.04,0.07,0.05,0.03,0.04,0.04
342,0.05,0.07,0.03,0.07,0.06,0.04,0.03,0.04
343,0.06,0.07,0.03,0.07,0.06,0.04,0.04,0.04
344,0.05,0.08,0.04,0.07,0.06,0.04,0.02,0.03
345,0.06,0.08,0.04,0.07,0.06,0.03,0.03,0.05
346,0.06,0.07,0.04,0.07,0.06,0.03,0.03,0.03
347,0.05,0.08,0.04,0.07,0.05,0.03,0.04,0.05
348,0.05,0.08,0.04,0.07,0.07,0.04,0.03,0.04
349,0.06,0.08,0.04,0.07,0.06,0.04,0.04,0.05
350,0.05,0.08,0.04,0.07,0.05,0.03,0.04,0.05
351,0.05,0.08,0.04,0.07,0.05,0.03,0.04,0.05
352,0.05,0.08,0.05,0.07,0.07,0.03,0.03,0.04
353,0.06,0.09,0.04,0.07,0.06,0.04,0.04,0.05
354,0.05,0.08,0.05,0.07,0.07,0.03,0.03,0.04
355,0.1,0.1,0.05,0.07,0.07,0.03,0.04,0.05
356,0.08,0.1,0.05,0.07,0.07,0.05,0.04,0.05
357,0.05,0.1,0.06,0.07,0.07,0.04,0.03,0.04
358,0.1,0.1,0.05,0.07,0.06,0.03,0.04,0.05
359,0.06,0.11,0.06,0.07,0.07,0.03,0.04,0.05
360,0.03,0.1,0.06,0.08,0.07,0.04,0.03,0.04
361,0.05,0.12,0.08,0.08,0.07,0.04,0.03,0.04
362,0.05,0.11,0.07,0.08,0.07,0.05,0.05,0.05
363,0.05,0.11,0.08,0.08,0.06,0.03,0.05,0.05
364,0.08,0.12,0.08,0.08,0.06,0.03,0.05,0.05
365,0.06,0.11,0.09,0.08,0.07,0.04,0.03,0.04
366,0.08,0.11,0.09,0.08,0.07,0.03,0.04,0.04
367,0.06,0.12,0.09,0.08,0.07,0.03,0.04,0.04
368,0.06,0.12,0.09,0.08,0.07,0.04,0.04,0.04
369,0.06,0.12,0.09,0.08,0.07,0.04,0.06,0.05
370,0.08,0.12,0.09,0.08,0.07,0.03,0.04,0.04
371,0.06,0.12,0.1,0.08,0.07,0.04,0.06,0.05
372,0.05,0.13,0.1,0.08,0.08,0.05,0.05,0.05
373,0.05,0.13,0.1,0.08,0.07,0.04,0.06,0.05
374,0.05,0.13,0.11,0.08,0.07,0.05,0.06,0.05
375,0.06,0.14,0.12,0.08,0.07,0.05,0.06,0.06
376,0.06,0.14,0.12,0.08,0.07,0.04,0.06,0.06
377,0.03,0.14,0.12,0.08,0.08,0.04,0.05,0.04
378,0.06,0.14,0.13,0.08,0.08,0.04,0.06,0.06
379,0.03,0.14,0.14,0.08,0.08,0.05,0.05,0.04
380,0.05,0.15,0.14,0.08,0.08,0.05,0.05,0.05
381,0.05,0.15,0.14,0.09,0.08,0.05,0.06,0.06
382,0.05,0.15,0.15,0.09,0.07,0.04,0.06,0.06
383,0.05,0.16,0.15,0.09,0.08,0.04,0.06,0.06
384,0.06,0.14,0.14,0.09,0.09,0.06,0.06,0.06
385,0.06,0.16,0.15,0.09,0.08,0.05,0.07,0.06
386,0.06,0.16,0.15,0.09,0.08,0.05,0.07,0.06
387,0.05,0.16,0.16,0.09,0.08,0.05,0.07,0.06
388,0.06,0.16,0.17,0.09,0.09,0.06,0.07,0.06
389,0.03,0.17,0.18,0.1,0.09,0.06,0.06,0.05
390,0.05,0.17,0.17,0.1,0.08,0.06,0.07,0.07
391,0.08,0.17,0.18,0.1,0.08,0.06,0.07,0.06
392,0.05,0.17,0.19,0.1,0.08,0.06,0.07,0.07
393,0.05,0.17,0.18,0.1,0.08,0.06,0.07,0.06
394,0.05,0.18,0.19,0.1,0.09,0.06,0.07,0.06
395,0.05,0.17,0.2,0.1,0.08,0.06,0.07,0.06
396,0.05,0.18,0.22,0.11,0.09,0.06,0.06,0.06
397,0.06,0.18,0.21,0.1,0.08,0.06,0.07,0.06
398,0.05,0.18,0.22,0.11,0.09,0.06,0.06,0.05
399,0.06,0.2,0.23,0.11,0.1,0.06,0.07,0.07
400,0.05,0.18,0.23,0.11,0.1,0.07,0.06,0.06
401,0.03,0.18,0.24,0.11,0.1,0.08,0.07,0.06
402,0.06,0.2,0.24,0.11,0.09,0.08,0.08,0.07
403,0.06,0.2,0.24,0.11,0.1,0.08,0.08,0.07
404,0.06,0.2,0.25,0.11,0.1,0.07,0.08,0.07
405,0.06,0.2,0.25,0.11,0.1,0.08,0.08,0.07
406,0.06,0.2,0.26,0.11,0.1,0.08,0.08,0.07
407,0.1,0.2,0.26,0.12,0.1,0.08,0.07,0.06
408,0.06,0.2,0.26,0.12,0.11,0.09,0.08,0.07
409,0.08,0.2,0.27,0.12,0.11,0.08,0.08,0.07
410,0.06,0.2,0.28,0.12,0.11,0.1,0.08,0.07
411,0.08,0.22,0.28,0.13,0.11,0.09,0.08,0.08
412,0.08,0.21,0.29,0.13,0.1,0.08,0.09,0.08
413,0.08,0.22,0.29,0.12,0.1,0.09,0.09,0.07
414,0.11,0.22,0.3,0.13,0.11,0.09,0.08,0.07
415,0.08,0.22,0.3,0.13,0.11,0.1,0.09,0.08
416,0.1,0.23,0.3,0.13,0.1,0.09,0.1,0.09
417,0.1,0.24,0.31,0.13,0.12,0.1,0.1,0.08
418,0.11,0.25,0.32,0.14,0.11,0.1,0.09,0.08
419,0.11,0.25,0.33,0.13,0.12,0.1,0.11,0.09
420,0.16,0.26,0.34,0.14,0.12,0.11,0.11,0.09
421,0.16,0.26,0.35,0.14,0.13,0.11,0.11,0.09
422,0.11,0.27,0.35,0.14,0.13,0.1,0.11,0.09
423,0.13,0.27,0.36,0.14,0.12,0.11,0.11,0.09
424,0.13,0.29,0.39,0.15,0.14,0.13,0.12,0.1
425,0.13,0.31,0.4,0.16,0.13,0.12,0.12,0.1
426,0.14,0.31,0.41,0.16,0.14,0.13,0.13,0.11
427,0.14,0.32,0.41,0.16,0.14,0.13,0.13,0.11
428,0.14,0.33,0.42,0.16,0.15,0.14,0.14,0.11
429,0.16,0.34,0.43,0.17,0.14,0.13,0.14,0.12
430,0.16,0.36,0.45,0.17,0.15,0.14,0.13,0.11
431,0.16,0.36,0.45,0.18,0.15,0.14,0.14,0.12
432,0.19,0.36,0.46,0.18,0.15,0.14,0.15,0.12
433,0.16,0.38,0.46,0.18,0.16,0.15,0.15,0.12
434,0.17,0.38,0.48,0.18,0.15,0.15,0.16,0.13
435,0.21,0.38,0.48,0.18,0.16,0.16,0.16,0.13
436,0.17,0.4,0.48,0.18,0.16,0.15,0.16,0.13
437,0.19,0.4,0.49,0.18,0.16,0.15,0.16,0.14
438,0.17,0.4,0.5,0.19,0.17,0.16,0.16,0.14
439,0.17,0.4,0.5,0.19,0.17,0.16,0.17,0.14
440,0.17,0.41,0.52,0.2,0.17,0.17,0.17,0.14
441,0.21,0.41,0.51,0.2,0.18,0.18,0.17,0.14
442,0.17,0.41,0.52,0.2,0.18,0.18,0.17,0.14
443,0.17,0.41,0.52,0.21,0.18,0.18,0.18,0.14
444,0.17,0.41,0.53,0.21,0.18,0.18,0.19,0.15
445,0.21,0.41,0.53,0.21,0.19,0.19,0.18,0.15
446,0.19,0.41,0.54,0.22,0.18,0.19,0.18,0.15
447,0.19,0.42,0.55,0.22,0.18,0.18,0.18,0.15
448,0.21,0.42,0.55,0.23,0.2,0.19,0.18,0.14
449,0.17,0.41,0.55,0.22,0.19,0.19,0.18,0.15
450,0.19,0.41,0.56,0.22,0.2,0.2,0.19,0.16
451,0.22,0.41,0.56,0.22,0.2,0.21,0.19,0.16
452,0.22,0.43,0.56,0.24,0.2,0.2,0.19,0.15
453,0.21,0.43,0.57,0.23,0.2,0.21,0.19,0.16
454,0.21,0.43,0.57,0.23,0.21,0.22,0.2,0.17
455,0.21,0.43,0.57,0.24,0.2,0.22,0.21,0.17
456,0.21,0.43,0.57,0.24,0.21,0.22,0.22,0.17
457,0.21,0.43,0.57,0.24,0.22,0.23,0.21,0.17
458,0.21,0.45,0.57,0.25,0.22,0.23,0.22,0.17
459,0.25,0.43,0.58,0.25,0.22,0.23,0.21,0.18
460,0.25,0.45,0.58,0.25,0.23,0.24,0.23,0.18
461,0.24,0.45,0.58,0.25,0.24,0.24,0.23,0.18
462,0.29,0.46,0.59,0.26,0.24,0.24,0.22,0.19
463,0.25,0.46,0.6,0.26,0.24,0.24,0.23,0.19
464,0.27,0.46,0.6,0.26,0.24,0.25,0.23,0.18
465,0.25,0.47,0.6,0.27,0.25,0.26,0.23,0.19
466,0.27,0.48,0.61,0.27,0.25,0.26,0.25,0.2
467,0.32,0.48,0.61,0.28,0.25,0.27,0.25,0.2
468,0.29,0.48,0.62,0.28,0.26,0.27,0.25,0.21
469,0.3,0.5,0.62,0.28,0.26,0.28,0.26,0.21
470,0.33,0.49,0.63,0.28,0.26,0.27,0.25,0.22
471,0.33,0.5,0.63,0.29,0.27,0.29,0.26,0.22
472,0.35,0.52,0.65,0.29,0.27,0.28,0.26,0.22
473,0.32,0.5,0.64,0.29,0.28,0.3,0.27,0.23
474,0.35,0.52,0.65,0.3,0.28,0.29,0.28,0.23
475,0.35,0.53,0.66,0.3,0.29,0.3,0.27,0.23
476,0.38,0.55,0.67,0.3,0.29,0.31,0.29,0.24
477,0.38,0.55,0.68,0.3,0.29,0.3,0.29,0.24
478,0.4,0.56,0.68,0.31,0.3,0.31,0.3,0.24
479,0.4,0.56,0.69,0.32,0.3,0.32,0.3,0.26
480,0.43,0.56,0.7,0.32,0.3,0.32,0.3,0.25
481,0.4,0.57,0.7,0.32,0.3,0.33,0.31,0.25
482,0.43,0.59,0.71,0.32,0.32,0.33,0.32,0.26
483,0.43,0.6,0.72,0.33,0.32,0.33,0.32,0.27
484,0.44,0.6,0.73,0.33,0.33,0.34,0.33,0.27
485,0.43,0.59,0.74,0.33,0.34,0.35,0.34,0.28
486,0.46,0.6,0.74,0.33,0.34,0.36,0.35,0.28
487,0.44,0.62,0.75,0.34,0.36,0.37,0.35,0.3
488,0.44,0.63,0.76,0.34,0.36,0.38,0.37,0.3
489,0.49,0.64,0.76,0.35,0.36,0.37,0.37,0.32
490,0.48,0.64,0.77,0.35,0.36,0.37,0.39,0.32
491,0.48,0.65,0.76,0.36,0.38,0.39,0.39,0.32
492,0.49,0.65,0.78,0.36,0.38,0.39,0.4,0.33
493,0.49,0.66,0.79,0.36,0.38,0.39,0.41,0.34
494,0.49,0.68,0.79,0.37,0.39,0.4,0.42,0.35
495,0.49,0.68,0.8,0.37,0.4,0.41,0.42,0.35
496,0.49,0.68,0.8,0.38,0.42,0.43,0.44,0.36
497,0.51,0.69,0.8,0.38,0.42,0.44,0.45,0.37
498,0.48,0.69,0.81,0.38,0.42,0.44,0.46,0.37
499,0.49,0.69,0.81,0.38,0.42,0.44,0.47,0.38
500,0.48,0.71,0.82,0.39,0.43,0.45,0.49,0.4
501,0.48,0.71,0.82,0.39,0.44,0.45,0.5,0.41
502,0.48,0.7,0.82,0.4,0.45,0.46,0.51,0.42
503,0.46,0.71,0.82,0.4,0.47,0.48,0.52,0.42
504,0.48,0.71,0.83,0.4,0.47,0.48,0.54,0.43
505,0.49,0.71,0.83,0.41,0.48,0.48,0.55,0.45
506,0.48,0.7,0.82,0.42,0.5,0.49,0.56,0.45
507,0.48,0.71,0.83,0.42,0.5,0.49,0.57,0.47
508,0.44,0.69,0.83,0.42,0.52,0.51,0.58,0.46
509,0.46,0.7,0.83,0.42,0.51,0.52,0.59,0.48
510,0.48,0.69,0.83,0.43,0.52,0.51,0.59,0.49
511,0.46,0.69,0.83,0.43,0.53,0.53,0.6,0.5
512,0.46,0.69,0.82,0.43,0.54,0.53,0.61,0.5
513,0.48,0.69,0.83,0.44,0.54,0.53,0.62,0.52
514,0.48,0.69,0.82,0.44,0.55,0.53,0.63,0.53
515,0.49,0.68,0.82,0.44,0.56,0.55,0.64,0.53
516,0.46,0.69,0.82,0.45,0.56,0.56,0.65,0.55
517,0.46,0.68,0.82,0.45,0.58,0.56,0.65,0.55
518,0.48,0.68,0.82,0.45,0.57,0.56,0.65,0.57
519,0.46,0.68,0.82,0.45,0.59,0.57,0.66,0.57
520,0.48,0.67,0.81,0.46,0.57,0.57,0.67,0.58
521,0.49,0.68,0.81,0.46,0.58,0.57,0.67,0.59
522,0.49,0.68,0.82,0.46,0.6,0.59,0.67,0.59
523,0.48,0.67,0.81,0.47,0.61,0.6,0.67,0.6
524,0.49,0.67,0.81,0.47,0.6,0.59,0.68,0.6
525,0.49,0.67,0.81,0.47,0.6,0.6,0.68,0.61
526,0.49,0.68,0.81,0.48,0.62,0.61,0.68,0.61
527,0.49,0.68,0.82,0.48,0.62,0.61,0.68,0.61
528,0.51,0.68,0.82,0.48,0.63,0.61,0.68,0.62
529,0.51,0.68,0.82,0.48,0.63,0.62,0.68,0.63
530,0.51,0.68,0.82,0.48,0.63,0.63,0.68,0.62
531,0.52,0.68,0.82,0.49,0.63,0.63,0.68,0.63
532,0.54,0.69,0.82,0.49,0.63,0.63,0.68,0.63
533,0.54,0.69,0.83,0.49,0.63,0.63,0.68,0.65
534,0.56,0.69,0.83,0.5,0.64,0.64,0.68,0.64
535,0.57,0.7,0.83,0.5,0.63,0.64,0.69,0.65
536,0.56,0.71,0.83,0.5,0.65,0.65,0.68,0.64
537,0.56,0.7,0.84,0.5,0.65,0.65,0.68,0.65
538,0.6,0.72,0.84,0.51,0.65,0.65,0.68,0.65
539,0.57,0.72,0.85,0.51,0.66,0.65,0.69,0.65
540,0.6,0.73,0.85,0.52,0.65,0.65,0.69,0.65
541,0.59,0.72,0.86,0.52,0.65,0.65,0.69,0.66
542,0.6,0.73,0.86,0.53,0.67,0.67,0.7,0.65
543,0.6,0.73,0.86,0.53,0.65,0.66,0.71,0.67
544,0.6,0.74,0.86,0.53,0.68,0.68,0.71,0.67
545,0.63,0.75,0.87,0.53,0.66,0.66,0.72,0.68
546,0.62,0.75,0.87,0.54,0.68,0.68,0.72,0.67
547,0.63,0.75,0.87,0.54,0.69,0.68,0.72,0.68
548,0.6,0.75,0.87,0.54,0.68,0.69,0.74,0.69
549,0.62,0.75,0.88,0.55,0.69,0.7,0.74,0.7
550,0.62,0.76,0.88,0.55,0.7,0.7,0.75,0.7
551,0.63,0.77,0.89,0.55,0.7,0.7,0.76,0.71
552,0.63,0.76,0.88,0.55,0.71,0.7,0.75,0.71
553,0.65,0.76,0.89,0.56,0.72,0.71,0.76,0.72
554,0.65,0.77,0.89,0.56,0.72,0.71,0.77,0.72
555,0.7,0.77,0.89,0.56,0.72,0.72,0.77,0.74
556,0.7,0.78,0.9,0.56,0.72,0.72,0.77,0.74
557,0.68,0.77,0.9,0.57,0.73,0.73,0.77,0.74
558,0.7,0.78,0.9,0.57,0.73,0.73,0.78,0.74
559,0.68,0.77,0.9,0.57,0.73,0.73,0.78,0.74
560,0.68,0.78,0.9,0.57,0.73,0.73,0.78,0.74
561,0.68,0.78,0.9,0.58,0.73,0.74,0.77,0.75
562,0.7,0.78,0.91,0.59,0.73,0.74,0.77,0.74
563,0.7,0.78,0.91,0.59,0.73,0.74,0.78,0.76
564,0.71,0.78,0.91,0.6,0.74,0.74,0.77,0.76
565,0.71,0.77,0.91,0.6,0.74,0.75,0.77,0.76
566,0.7,0.77,0.91,0.6,0.74,0.75,0.78,0.76
567,0.68,0.76,0.91,0.6,0.75,0.75,0.78,0.76
568,0.71,0.76,0.91,0.6,0.74,0.75,0.78,0.76
569,0.71,0.76,0.9,0.6,0.75,0.76,0.78,0.76
570,0.7,0.75,0.9,0.61,0.75,0.75,0.79,0.75
571,0.7,0.75,0.9,0.61,0.75,0.76,0.79,0.76
572,0.7,0.74,0.9,0.61,0.76,0.75,0.79,0.76
573,0.7,0.75,0.9,0.62,0.76,0.75,0.79,0.76
574,0.7,0.74,0.9,0.62,0.76,0.76,0.79,0.77
575,0.71,0.75,0.9,0.63,0.76,0.76,0.79,0.75
576,0.7,0.76,0.9,0.63,0.77,0.77,0.79,0.76
577,0.7,0.75,0.9,0.63,0.77,0.77,0.79,0.75
578,0.68,0.75,0.9,0.63,0.77,0.77,0.8,0.75
579,0.68,0.75,0.9,0.63,0.77,0.77,0.8,0.76
580,0.7,0.76,0.9,0.63,0.77,0.78,0.8,0.76
581,0.68,0.75,0.9,0.64,0.77,0.78,0.81,0.75
582,0.68,0.76,0.9,0.64,0.77,0.78,0.81,0.75
583,0.67,0.74,0.91,0.65,0.79,0.79,0.83,0.76
584,0.67,0.75,0.92,0.64,0.79,0.79,0.84,0.76
585,0.71,0.75,0.92,0.65,0.79,0.8,0.84,0.77
586,0.68,0.75,0.92,0.65,0.8,0.8,0.85,0.77
587,0.68,0.75,0.92,0.65,0.8,0.8,0.86,0.78
588,0.68,0.75,0.92,0.66,0.8,0.8,0.87,0.78
589,0.68,0.76,0.92,0.66,0.82,0.81,0.88,0.8
590,0.71,0.76,0.92,0.67,0.82,0.81,0.88,0.79
591,0.71,0.76,0.92,0.67,0.83,0.82,0.88,0.81
592,0.71,0.78,0.93,0.67,0.84,0.82,0.89,0.81
593,0.71,0.78,0.93,0.67,0.84,0.82,0.89,0.81
594,0.73,0.78,0.93,0.67,0.84,0.82,0.9,0.82
595,0.75,0.79,0.94,0.67,0.84,0.82,0.9,0.81
596,0.78,0.79,0.93,0.68,0.85,0.84,0.9,0.83
597,0.76,0.8,0.94,0.68,0.86,0.84,0.92,0.84
598,0.78,0.8,0.95,0.68,0.86,0.84,0.91,0.84
599,0.78,0.8,0.94,0.68,0.86,0.84,0.91,0.84
600,0.78,0.81,0.94,0.69,0.86,0.86,0.91,0.85
601,0.78,0.81,0.95,0.69,0.86,0.86,0.91,0.85
602,0.78,0.81,0.94,0.69,0.86,0.86,0.91,0.85
603,0.78,0.81,0.95,0.69,0.87,0.86,0.91,0.85
604,0.81,0.82,0.94,0.69,0.88,0.86,0.91,0.86
605,0.83,0.8,0.95,0.7,0.88,0.87,0.9,0.86
606,0.81,0.8,0.94,0.7,0.88,0.87,0.9,0.85
607,0.83,0.8,0.94,0.7,0.88,0.88,0.9,0.87
608,0.79,0.8,0.95,0.7,0.88,0.88,0.9,0.86
609,0.79,0.79,0.94,0.7,0.89,0.88,0.9,0.87
610,0.79,0.79,0.94,0.7,0.89,0.88,0.89,0.86
611,0.83,0.78,0.94,0.7,0.89,0.88,0.9,0.87
612,0.83,0.78,0.93,0.7,0.89,0.89,0.89,0.86
613,0.78,0.77,0.93,0.7,0.88,0.89,0.88,0.86
614,0.78,0.77,0.93,0.7,0.88,0.89,0.87,0.86
615,0.76,0.76,0.92,0.71,0.88,0.89,0.87,0.86
616,0.78,0.74,0.92,0.71,0.88,0.89,0.87,0.87
617,0.75,0.73,0.9,0.71,0.88,0.89,0.86,0.86
618,0.73,0.73,0.9,0.71,0.88,0.88,0.86,0.84
619,0.75,0.73,0.9,0.71,0.87,0.88,0.86,0.86
620,0.73,0.72,0.89,0.71,0.87,0.88,0.86,0.85
621,0.73,0.71,0.89,0.71,0.85,0.88,0.84,0.84
622,0.75,0.7,0.89,0.71,0.87,0.88,0.83,0.84
623,0.73,0.69,0.87,0.72,0.87,0.87,0.83,0.84
624,0.75,0.69,0.87,0.72,0.83,0.86,0.83,0.84
625,0.71,0.69,0.87,0.72,0.84,0.86,0.82,0.84
626,0.75,0.68,0.86,0.72,0.84,0.86,0.81,0.83
627,0.75,0.68,0.86,0.72,0.83,0.85,0.81,0.83
628,0.7,0.68,0.85,0.72,0.85,0.87,0.8,0.82
629,0.7,0.68,0.85,0.72,0.84,0.86,0.79,0.8
630,0.7,0.68,0.84,0.72,0.84,0.86,0.79,0.81
631,0.7,0.68,0.84,0.72,0.83,0.85,0.78,0.8
632,0.71,0.69,0.84,0.72,0.82,0.83,0.78,0.81
633,0.71,0.69,0.84,0.72,0.81,0.83,0.78,0.81
634,0.7,0.69,0.84,0.72,0.83,0.85,0.77,0.78
635,0.71,0.69,0.84,0.72,0.82,0.84,0.77,0.78
636,0.73,0.71,0.84,0.72,0.8,0.82,0.77,0.79
637,0.71,0.7,0.84,0.72,0.82,0.84,0.75,0.78
638,0.7,0.71,0.85,0.72,0.78,0.81,0.75,0.78
639,0.7,0.71,0.84,0.73,0.79,0.82,0.76,0.78
640,0.7,0.71,0.85,0.73,0.78,0.81,0.75,0.78
641,0.7,0.71,0.84,0.73,0.78,0.81,0.74,0.77
642,0.7,0.71,0.84,0.73,0.78,0.81,0.74,0.77
643,0.68,0.71,0.85,0.73,0.78,0.81,0.74,0.77
644,0.68,0.7,0.85,0.73,0.77,0.8,0.74,0.77
645,0.68,0.71,0.85,0.73,0.78,0.81,0.74,0.77
646,0.68,0.7,0.84,0.73,0.76,0.8,0.73,0.76
647,0.68,0.71,0.85,0.73,0.76,0.8,0.73,0.76
648,0.68,0.71,0.84,0.74,0.76,0.8,0.72,0.75
649,0.68,0.71,0.85,0.74,0.76,0.8,0.72,0.75
650,0.7,0.71,0.85,0.74,0.75,0.8,0.72,0.75
651,0.68,0.71,0.85,0.74,0.75,0.79,0.72,0.75
652,0.68,0.71,0.84,0.73,0.76,0.81,0.72,0.74
653,0.68,0.71,0.84,0.73,0.76,0.81,0.72,0.74
654,0.7,0.72,0.84,0.74,0.74,0.78,0.72,0.74
655,0.7,0.7,0.84,0.74,0.74,0.79,0.72,0.74
656,0.7,0.72,0.84,0.74,0.74,0.78,0.71,0.74
657,0.7,0.71,0.84,0.74,0.74,0.78,0.72,0.73
658,0.68,0.71,0.83,0.74,0.74,0.78,0.7,0.73
659,0.7,0.72,0.84,0.74,0.74,0.77,0.7,0.73
660,0.7,0.71,0.83,0.74,0.74,0.77,0.7,0.73
661,0.7,0.71,0.83,0.74,0.73,0.77,0.7,0.73
662,0.7,0.72,0.83,0.74,0.73,0.77,0.7,0.72
663,0.73,0.71,0.83,0.74,0.73,0.77,0.69,0.71
664,0.7,0.72,0.83,0.74,0.72,0.77,0.7,0.72
665,0.71,0.71,0.83,0.74,0.72,0.77,0.7,0.71
666,0.71,0.71,0.82,0.74,0.73,0.78,0.7,0.72
667,0.71,0.71,0.82,0.74,0.72,0.76,0.69,0.71
668,0.71,0.71,0.82,0.74,0.72,0.76,0.7,0.72
669,0.73,0.72,0.82,0.74,0.72,0.76,0.69,0.71
670,0.73,0.7,0.82,0.75,0.71,0.76,0.68,0.7
671,0.73,0.71,0.82,0.75,0.71,0.76,0.68,0.7
672,0.75,0.71,0.82,0.75,0.71,0.75,0.68,0.7
673,0.71,0.7,0.82,0.75,0.73,0.77,0.68,0.69
674,0.73,0.7,0.82,0.74,0.72,0.77,0.69,0.7
675,0.75,0.7,0.82,0.74,0.73,0.77,0.68,0.69
676,0.73,0.7,0.83,0.75,0.72,0.76,0.67,0.69
677,0.76,0.71,0.82,0.75,0.69,0.75,0.66,0.69
678,0.76,0.71,0.82,0.75,0.69,0.74,0.66,0.69
679,0.76,0.7,0.83,0.75,0.69,0.74,0.66,0.69
680,0.76,0.7,0.83,0.74,0.69,0.76,0.67,0.69
681,0.78,0.71,0.83,0.75,0.7,0.76,0.66,0.68
682,0.78,0.72,0.84,0.75,0.68,0.74,0.66,0.69
683,0.81,0.71,0.84,0.75,0.69,0.75,0.64,0.66
684,0.79,0.72,0.84,0.75,0.68,0.74,0.65,0.68
685,0.79,0.72,0.84,0.75,0.68,0.74,0.66,0.69
686,0.81,0.73,0.85,0.75,0.69,0.74,0.65,0.67
687,0.79,0.72,0.85,0.75,0.68,0.73,0.66,0.69
688,0.81,0.71,0.85,0.75,0.67,0.72,0.65,0.69
689,0.81,0.72,0.85,0.75,0.67,0.74,0.65,0.69
690,0.84,0.73,0.85,0.75,0.67,0.73,0.65,0.68
691,0.81,0.73,0.86,0.76,0.67,0.74,0.64,0.68
692,0.83,0.72,0.86,0.76,0.66,0.72,0.65,0.68
693,0.84,0.73,0.86,0.76,0.66,0.73,0.64,0.67
694,0.81,0.73,0.86,0.76,0.68,0.75,0.64,0.66
695,0.83,0.73,0.87,0.76,0.66,0.73,0.65,0.67
696,0.83,0.73,0.87,0.77,0.67,0.74,0.64,0.66
697,0.81,0.73,0.87,0.77,0.66,0.72,0.65,0.67
698,0.86,0.74,0.87,0.77,0.66,0.73,0.65,0.67
699,0.81,0.74,0.87,0.77,0.67,0.75,0.64,0.66
700,0.84,0.74,0.88,0.77,0.66,0.73,0.65,0.66
701,0.83,0.74,0.88,0.77,0.67,0.74,0.63,0.65
702,0.81,0.74,0.88,0.77,0.67,0.74,0.63,0.65
703,0.83,0.75,0.88,0.77,0.66,0.73,0.65,0.66
704,0.83,0.75,0.88,0.77,0.66,0.75,0.64,0.66
705,0.83,0.76,0.89,0.77,0.66,0.74,0.64,0.65
706,0.81,0.76,0.9,0.77,0.68,0.75,0.63,0.64
707,0.84,0.78,0.9,0.77,0.68,0.75,0.64,0.64
708,0.83,0.78,0.89,0.77,0.66,0.73,0.65,0.66
709,0.84,0.78,0.89,0.78,0.67,0.74,0.65,0.66
710,0.86,0.79,0.9,0.78,0.69,0.76,0.65,0.66
711,0.83,0.8,0.9,0.78,0.67,0.75,0.66,0.66
712,0.84,0.8,0.91,0.78,0.68,0.75,0.66,0.65
713,0.83,0.8,0.91,0.78,0.68,0.75,0.65,0.65
714,0.83,0.81,0.91,0.78,0.68,0.75,0.66,0.66
715,0.81,0.8,0.9,0.78,0.7,0.76,0.65,0.65
716,0.81,0.8,0.91,0.79,0.69,0.76,0.67,0.66
717,0.81,0.8,0.9,0.79,0.71,0.76,0.66,0.65
718,0.79,0.79,0.9,0.79,0.71,0.77,0.66,0.66
719,0.76,0.78,0.91,0.8,0.7,0.76,0.66,0.64
720,0.78,0.8,0.91,0.79,0.71,0.77,0.67,0.65
721,0.76,0.8,0.91,0.79,0.72,0.77,0.67,0.66
722,0.76,0.8,0.92,0.8,0.71,0.77,0.67,0.65
723,0.76,0.79,0.92,0.8,0.72,0.77,0.67,0.65
724,0.76,0.8,0.91,0.79,0.73,0.78,0.69,0.67
725,0.79,0.8,0.92,0.8,0.71,0.76,0.69,0.68
726,0.78,0.8,0.92,0.8,0.73,0.78,0.69,0.66
727,0.79,0.8,0.92,0.8,0.73,0.77,0.7,0.68
728,0.79,0.8,0.92,0.8,0.73,0.78,0.7,0.67
729,0.81,0.8,0.93,0.8,0.74,0.78,0.71,0.68
730,0.83,0.8,0.93,0.8,0.75,0.79,0.7,0.68
731,0.79,0.8,0.93,0.8,0.75,0.8,0.71,0.68
732,0.81,0.82,0.94,0.8,0.75,0.79,0.71,0.68
733,0.81,0.82,0.93,0.8,0.76,0.8,0.73,0.71
734,0.81,0.82,0.94,0.81,0.76,0.79,0.73,0.71
735,0.83,0.83,0.94,0.81,0.76,0.8,0.75,0.73
736,0.79,0.82,0.94,0.82,0.77,0.81,0.75,0.71
737,0.79,0.83,0.95,0.82,0.77,0.8,0.75,0.72
738,0.83,0.84,0.95,0.81,0.78,0.82,0.76,0.72
739,0.81,0.83,0.95,0.82,0.79,0.82,0.76,0.73
740,0.83,0.84,0.95,0.82,0.78,0.82,0.78,0.74
741,0.83,0.85,0.96,0.82,0.8,0.83,0.78,0.75
742,0.83,0.86,0.96,0.82,0.8,0.84,0.79,0.75
743,0.87,0.88,0.96,0.82,0.8,0.84,0.8,0.76
744,0.86,0.86,0.96,0.83,0.82,0.85,0.8,0.76
745,0.86,0.88,0.96,0.83,0.82,0.85,0.81,0.77
746,0.84,0.88,0.96,0.84,0.83,0.85,0.81,0.77
747,0.87,0.89,0.95,0.83,0.83,0.86,0.82,0.8
748,0.87,0.89,0.95,0.84,0.83,0.86,0.82,0.8
749,0.87,0.9,0.96,0.84,0.84,0.86,0.83,0.81
750,0.86,0.9,0.95,0.84,0.84,0.86,0.84,0.82
751,0.87,0.9,0.94,0.84,0.84,0.87,0.83,0.81
752,0.89,0.9,0.94,0.84,0.84,0.86,0.84,0.82
753,0.86,0.9,0.95,0.84,0.85,0.87,0.83,0.82
754,0.87,0.9,0.94,0.84,0.85,0.87,0.84,0.83
755,0.87,0.9,0.94,0.84,0.85,0.88,0.84,0.83
756,0.87,0.89,0.94,0.85,0.86,0.88,0.84,0.84
757,0.87,0.89,0.93,0.85,0.86,0.88,0.83,0.84
758,0.87,0.89,0.93,0.85,0.86,0.89,0.83,0.83
759,0.87,0.89,0.92,0.85,0.86,0.89,0.83,0.84
760,0.87,0.88,0.92,0.85,0.86,0.89,0.82,0.83
761,0.87,0.88,0.92,0.86,0.87,0.89,0.82,0.85
762,0.86,0.87,0.92,0.86,0.86,0.89,0.82,0.83
763,0.87,0.87,0.92,0.86,0.86,0.89,0.82,0.83
764,0.86,0.87,0.91,0.86,0.86,0.88,0.82,0.83
765,0.84,0.87,0.91,0.86,0.86,0.88,0.81,0.84
766,0.84,0.85,0.91,0.86,0.86,0.88,0.8,0.83
767,0.86,0.85,0.91,0.86,0.86,0.88,0.8,0.84
768,0.84,0.85,0.91,0.86,0.86,0.88,0.8,0.84
769,0.84,0.85,0.9,0.86,0.86,0.88,0.81,0.83
770,0.84,0.83,0.91,0.86,0.85,0.88,0.8,0.83
771,0.84,0.83,0.91,0.86,0.85,0.87,0.79,0.82
772,0.84,0.83,0.9,0.86,0.85,0.87,0.79,0.84
773,0.86,0.82,0.91,0.86,0.85,0.87,0.79,0.83
774,0.86,0.82,0.91,0.86,0.85,0.87,0.79,0.83
775,0.86,0.82,0.9,0.86,0.85,0.87,0.79,0.83
776,0.86,0.82,0.9,0.86,0.84,0.87,0.79,0.82
777,0.86,0.81,0.9,0.87,0.83,0.86,0.79,0.82
778,0.87,0.81,0.9,0.87,0.83,0.86,0.77,0.81
779,0.87,0.8,0.9,0.87,0.84,0.87,0.78,0.82
780,0.87,0.8,0.9,0.87,0.84,0.86,0.77,0.81
781,0.87,0.8,0.9,0.87,0.83,0.85,0.77,0.81
782,0.87,0.81,0.9,0.86,0.82,0.85,0.77,0.8
783,0.9,0.81,0.89,0.87,0.82,0.85,0.76,0.8
784,0.87,0.81,0.9,0.86,0.82,0.85,0.76,0.8
785,0.89,0.81,0.9,0.86,0.82,0.86,0.77,0.81
786,0.87,0.81,0.9,0.87,0.82,0.85,0.77,0.8
787,0.87,0.8,0.91,0.87,0.82,0.85,0.77,0.81
788,0.87,0.8,0.9,0.87,0.82,0.85,0.77,0.8
789,0.89,0.81,0.9,0.87,0.82,0.85,0.77,0.81
790,0.87,0.8,0.9,0.87,0.82,0.85,0.78,0.82
791,0.87,0.81,0.9,0.87,0.81,0.85,0.78,0.81
792,0.89,0.8,0.91,0.87,0.81,0.85,0.78,0.82
793,0.89,0.81,0.91,0.87,0.82,0.85,0.79,0.82
794,0.89,0.81,0.91,0.87,0.82,0.85,0.79,0.82
795,0.9,0.82,0.91,0.87,0.82,0.85,0.79,0.82
796,0.89,0.82,0.91,0.88,0.82,0.86,0.79,0.82
797,0.89,0.82,0.91,0.88,0.82,0.86,0.79,0.82
798,0.94,0.82,0.92,0.88,0.82,0.86,0.78,0.82
799,0.9,0.84,0.91,0.88,0.82,0.86,0.78,0.82
800,0.92,0.84,0.91,0.88,0.82,0.86,0.79,0.82
801,0.9,0.84,0.91,0.88,0.82,0.86,0.79,0.82
802,0.9,0.84,0.91,0.88,0.82,0.86,0.79,0.82
803,0.89,0.84,0.92,0.88,0.82,0.87,0.79,0.81
804,0.89,0.85,0.92,0.88,0.82,0.87,0.78,0.82
805,0.9,0.85,0.92,0.88,0.83,0.87,0.78,0.81
806,0.87,0.85,0.92,0.88,0.82,0.88,0.78,0.8
807,0.89,0.85,0.92,0.88,0.82,0.88,0.79,0.81
808,0.92,0.86,0.92,0.88,0.82,0.87,0.78,0.81
809,0.87,0.87,0.92,0.88,0.82,0.87,0.78,0.8
810,0.9,0.86,0.92,0.88,0.82,0.88,0.78,0.81
811,0.92,0.86,0.92,0.88,0.82,0.87,0.78,0.8
812,0.87,0.86,0.92,0.88,0.82,0.88,0.78,0.8
813,0.89,0.86,0.92,0.88,0.82,0.88,0.78,0.81
814,0.87,0.86,0.93,0.88,0.82,0.88,0.79,0.81
815,0.87,0.86,0.92,0.88,0.82,0.88,0.79,0.81
816,0.87,0.87,0.93,0.88,0.82,0.88,0.79,0.81
817,0.87,0.87,0.93,0.89,0.82,0.88,0.8,0.82
818,0.89,0.87,0.93,0.89,0.82,0.88,0.81,0.82
819,0.87,0.87,0.93,0.89,0.82,0.88,0.8,0.82
820,0.89,0.87,0.92,0.89,0.82,0.89,0.8,0.82
821,0.87,0.87,0.93,0.89,0.82,0.88,0.8,0.82
822,0.92,0.87,0.93,0.89,0.82,0.88,0.8,0.82
823,0.89,0.87,0.92,0.89,0.82,0.88,0.8,0.82
824,0.9,0.87,0.92,0.89,0.82,0.88,0.8,0.82
825,0.87,0.86,0.92,0.89,0.82,0.88,0.8,0.82
826,0.87,0.88,0.92,0.89,0.82,0.88,0.81,0.82
827,0.87,0.88,0.92,0.89,0.82,0.89,0.81,0.82
828,0.87,0.87,0.92,0.89,0.82,0.88,0.8,0.82
829,0.87,0.86,0.92,0.89,0.82,0.88,0.8,0.81
830,0.86,0.86,0.92,0.9,0.82,0.89,0.8,0.82
831,0.86,0.86,0.92,0.89,0.82,0.88,0.79,0.81
832,0.86,0.86,0.92,0.9,0.82,0.88,0.8,0.81
833,0.86,0.85,0.91,0.9,0.82,0.88,0.79,0.81
834,0.86,0.84,0.9,0.89,0.82,0.88,0.79,0.81
835,0.84,0.84,0.91,0.89,0.82,0.88,0.8,0.82
836,0.84,0.84,0.9,0.89,0.82,0.88,0.8,0.82
837,0.83,0.84,0.9,0.89,0.82,0.88,0.81,0.82
838,0.86,0.83,0.91,0.89,0.82,0.88,0.81,0.83
839,0.84,0.83,0.9,0.89,0.82,0.87,0.82,0.82
840,0.83,0.82,0.9,0.89,0.82,0.88,0.83,0.83
841,0.84,0.82,0.89,0.89,0.82,0.88,0.83,0.83
842,0.81,0.82,0.9,0.89,0.82,0.88,0.83,0.83
843,0.83,0.82,0.89,0.89,0.82,0.88,0.83,0.85
844,0.81,0.83,0.89,0.89,0.82,0.88,0.84,0.84
845,0.81,0.83,0.89,0.89,0.83,0.88,0.84,0.84
846,0.81,0.84,0.9,0.89,0.82,0.88,0.84,0.85
847,0.83,0.83,0.9,0.89,0.82,0.88,0.85,0.85
848,0.81,0.84,0.9,0.89,0.83,0.88,0.85,0.86
849,0.83,0.84,0.9,0.89,0.83,0.88,0.85,0.84
850,0.83,0.85,0.91,0.89,0.84,0.88,0.86,0.85
851,0.83,0.86,0.91,0.9,0.84,0.88,0.87,0.86
852,0.83,0.86,0.91,0.9,0.85,0.89,0.87,0.86
853,0.84,0.86,0.92,0.9,0.84,0.89,0.87,0.86
854,0.84,0.88,0.91,0.9,0.85,0.89,0.88,0.87
855,0.84,0.88,0.92,0.9,0.85,0.89,0.89,0.87
856,0.86,0.89,0.92,0.9,0.85,0.89,0.89,0.87
857,0.84,0.89,0.92,0.9,0.85,0.9,0.9,0.88
858,0.86,0.89,0.92,0.9,0.86,0.89,0.91,0.88
859,0.84,0.9,0.92,0.9,0.86,0.9,0.91,0.89
860,0.87,0.9,0.92,0.9,0.86,0.9,0.9,0.89
861,0.84,0.89,0.92,0.9,0.86,0.89,0.9,0.89
862,0.83,0.89,0.91,0.9,0.86,0.9,0.9,0.89
863,0.84,0.9,0.91,0.9,0.86,0.89,0.89,0.88
864,0.83,0.9,0.91,0.9,0.87,0.9,0.89,0.89
865,0.81,0.89,0.9,0.9,0.86,0.9,0.89,0.89
866,0.81,0.88,0.9,0.9,0.86,0.9,0.89,0.89
867,0.81,0.88,0.9,0.9,0.86,0.9,0.89,0.88
868,0.81,0.88,0.9,0.9,0.86,0.89,0.89,0.88
869,0.83,0.88,0.89,0.9,0.86,0.9,0.89,0.89
870,0.81,0.87,0.89,0.9,0.86,0.89,0.89,0.89
871,0.79,0.87,0.89,0.9,0.87,0.89,0.89,0.89
872,0.81,0.88,0.89,0.9,0.88,0.89,0.9,0.9
873,0.81,0.88,0.88,0.9,0.86,0.89,0.9,0.89
874,0.81,0.86,0.89,0.9,0.86,0.89,0.9,0.89
875,0.79,0.86,0.89,0.9,0.88,0.89,0.9,0.89
876,0.79,0.86,0.89,0.9,0.87,0.89,0.9,0.89
877,0.79,0.86,0.88,0.9,0.87,0.89,0.9,0.89
878,0.79,0.86,0.89,0.9,0.87,0.89,0.9,0.89
879,0.79,0.86,0.89,0.9,0.87,0.89,0.9,0.9
880,0.81,0.86,0.89,0.9,0.87,0.88,0.9,0.89
881,0.79,0.87,0.89,0.9,0.87,0.88,0.9,0.88
882,0.79,0.87,0.89,0.9,0.87,0.88,0.9,0.89
883,0.81,0.87,0.89,0.9,0.87,0.89,0.9,0.89
884,0.79,0.87,0.9,0.9,0.87,0.88,0.9,0.89
885,0.79,0.87,0.9,0.9,0.87,0.88,0.9,0.89
886,0.84,0.87,0.9,0.9,0.87,0.88,0.89,0.89
887,0.83,0.87,0.9,0.91,0.87,0.88,0.89,0.9
888,0.81,0.87,0.9,0.9,0.86,0.88,0.89,0.9
889,0.81,0.88,0.9,0.9,0.86,0.88,0.88,0.89
890,0.86,0.88,0.9,0.91,0.86,0.88,0.89,0.9
891,0.86,0.88,0.91,0.91,0.86,0.88,0.88,0.89
892,0.84,0.88,0.91,0.91,0.86,0.88,0.87,0.89
893,0.84,0.89,0.9,0.91,0.86,0.88,0.86,0.88
894,0.84,0.87,0.9,0.91,0.85,0.88,0.86,0.89
895,0.86,0.87,0.9,0.9,0.84,0.88,0.86,0.87
896,0.86,0.87,0.9,0.9,0.84,0.87,0.85,0.86
897,0.87,0.87,0.9,0.9,0.84,0.88,0.85,0.86
898,0.89,0.86,0.9,0.9,0.84,0.87,0.85,0.86
899,0.87,0.87,0.9,0.9,0.84,0.87,0.84,0.86
900,0.89,0.87,0.9,0.9,0.84,0.87,0.82,0.84
901,0.89,0.87,0.9,0.9,0.84,0.87,0.82,0.84
902,0.89,0.87,0.9,0.9,0.84,0.87,0.82,0.84
903,0.9,0.87,0.9,0.9,0.84,0.87,0.82,0.84
904,0.89,0.87,0.9,0.9,0.83,0.87,0.82,0.83
905,0.89,0.87,0.9,0.9,0.83,0.86,0.81,0.82
906,0.9,0.86,0.9,0.9,0.84,0.86,0.81,0.82
907,0.9,0.86,0.9,0.9,0.83,0.86,0.8,0.81
908,0.92,0.87,0.9,0.9,0.83,0.86,0.8,0.82
909,0.89,0.87,0.91,0.9,0.83,0.86,0.8,0.82
910,0.92,0.88,0.9,0.9,0.83,0.86,0.8,0.82
911,0.89,0.88,0.91,0.9,0.83,0.85,0.8,0.82
912,0.92,0.89,0.9,0.9,0.83,0.85,0.8,0.81
913,0.9,0.89,0.91,0.9,0.84,0.86,0.8,0.81
914,0.94,0.89,0.91,0.9,0.84,0.85,0.79,0.81
915,0.9,0.89,0.91,0.9,0.84,0.85,0.79,0.8
916,0.9,0.89,0.91,0.9,0.84,0.86,0.8,0.8
917,0.92,0.91,0.91,0.9,0.84,0.86,0.8,0.8
918,0.9,0.91,0.92,0.9,0.84,0.86,0.8,0.8
919,0.92,0.9,0.92,0.9,0.84,0.85,0.8,0.8
920,0.9,0.91,0.92,0.91,0.85,0.86,0.8,0.81
921,0.92,0.92,0.92,0.91,0.85,0.86,0.81,0.8
922,0.92,0.92,0.92,0.91,0.85,0.86,0.8,0.8
923,0.92,0.92,0.92,0.91,0.84,0.86,0.79,0.8
924,0.92,0.92,0.93,0.91,0.85,0.87,0.81,0.8
925,0.94,0.92,0.93,0.91,0.85,0.86,0.79,0.8
926,0.94,0.92,0.93,0.91,0.85,0.86,0.8,0.81
927,0.94,0.93,0.94,0.91,0.85,0.87,0.8,0.81
928,0.94,0.94,0.94,0.92,0.86,0.87,0.8,0.81
929,0.94,0.94,0.94,0.92,0.86,0.87,0.8,0.81
930,0.97,0.94,0.95,0.92,0.86,0.88,0.81,0.82
931,0.94,0.95,0.95,0.92,0.86,0.87,0.81,0.81
932,0.94,0.94,0.95,0.92,0.86,0.89,0.82,0.82
933,0.94,0.95,0.95,0.92,0.86,0.87,0.81,0.82
934,0.94,0.94,0.95,0.92,0.87,0.88,0.82,0.83
935,0.95,0.94,0.97,0.92,0.87,0.88,0.82,0.83
936,0.98,0.94,0.96,0.92,0.87,0.88,0.82,0.83
937,0.95,0.94,0.97,0.92,0.88,0.89,0.82,0.84
938,0.95,0.94,0.97,0.92,0.88,0.89,0.83,0.84
939,0.95,0.94,0.97,0.92,0.88,0.89,0.83,0.84
940,0.98,0.94,0.96,0.94,0.87,0.89,0.83,0.84
941,0.95,0.93,0.97,0.94,0.88,0.9,0.84,0.84
942,0.95,0.94,0.98,0.93,0.88,0.9,0.83,0.84
943,0.97,0.92,0.97,0.94,0.88,0.9,0.84,0.85
944,0.97,0.92,0.97,0.94,0.89,0.9,0.84,0.85
945,0.95,0.92,0.97,0.93,0.88,0.9,0.84,0.85
946,0.98,0.92,0.97,0.94,0.88,0.91,0.84,0.85
947,0.95,0.9,0.97,0.94,0.88,0.91,0.84,0.85
948,0.97,0.9,0.96,0.94,0.88,0.91,0.85,0.85
949,0.97,0.9,0.96,0.94,0.88,0.9,0.85,0.86
950,0.97,0.9,0.95,0.94,0.89,0.91,0.84,0.86
951,0.97,0.9,0.96,0.94,0.89,0.91,0.86,0.87
952,0.97,0.89,0.95,0.94,0.89,0.91,0.85,0.86
953,1.0,0.89,0.95,0.93,0.88,0.91,0.86,0.86
954,0.98,0.89,0.94,0.94,0.89,0.91,0.86,0.86
955,0.97,0.88,0.94,0.94,0.88,0.91,0.86,0.86
956,0.95,0.88,0.94,0.94,0.89,0.91,0.86,0.87
957,0.95,0.88,0.94,0.94,0.89,0.91,0.86,0.88
958,0.94,0.87,0.93,0.94,0.89,0.92,0.86,0.86
959,0.94,0.87,0.94,0.94,0.89,0.91,0.87,0.87
960,0.94,0.85,0.93,0.94,0.88,0.91,0.87,0.88
961,0.94,0.86,0.93,0.94,0.88,0.91,0.86,0.87
962,0.92,0.84,0.92,0.94,0.88,0.91,0.86,0.87
963,0.9,0.84,0.92,0.94,0.88,0.91,0.86,0.86
964,0.89,0.84,0.92,0.94,0.88,0.91,0.85,0.86
965,0.89,0.83,0.92,0.94,0.88,0.91,0.84,0.87
966,0.89,0.85,0.91,0.94,0.88,0.91,0.84,0.87
967,0.86,0.82,0.9,0.94,0.88,0.92,0.84,0.86
968,0.86,0.83,0.9,0.94,0.87,0.92,0.83,0.86
969,0.84,0.83,0.89,0.94,0.88,0.91,0.83,0.85
970,0.86,0.83,0.89,0.94,0.88,0.91,0.83,0.85
971,0.84,0.83,0.89,0.94,0.87,0.91,0.83,0.86
972,0.83,0.82,0.9,0.94,0.86,0.91,0.82,0.84
973,0.83,0.83,0.89,0.94,0.86,0.91,0.82,0.84
974,0.84,0.83,0.89,0.94,0.86,0.91,0.82,0.85
975,0.83,0.82,0.89,0.94,0.86,0.91,0.81,0.84
976,0.83,0.84,0.89,0.94,0.86,0.91,0.82,0.84
977,0.84,0.82,0.89,0.94,0.86,0.91,0.81,0.84
978,0.83,0.82,0.9,0.94,0.86,0.91,0.81,0.84
979,0.84,0.82,0.9,0.94,0.85,0.91,0.8,0.84
980,0.84,0.82,0.89,0.94,0.84,0.9,0.8,0.82
981,0.84,0.82,0.89,0.94,0.84,0.9,0.79,0.82
982,0.86,0.82,0.9,0.94,0.84,0.9,0.79,0.84
983,0.89,0.82,0.9,0.94,0.84,0.89,0.78,0.82
984,0.87,0.81,0.9,0.94,0.83,0.89,0.78,0.82
985,0.89,0.83,0.9,0.94,0.83,0.89,0.78,0.82
986,0.89,0.82,0.9,0.94,0.82,0.89,0.78,0.82
987,0.89,0.83,0.9,0.94,0.82,0.88,0.78,0.82
988,0.89,0.83,0.9,0.94,0.82,0.88,0.77,0.81
989,0.89,0.83,0.9,0.94,0.82,0.88,0.78,0.82
990,0.89,0.83,0.9,0.94,0.82,0.87,0.78,0.82
991,0.89,0.83,0.9,0.94,0.82,0.88,0.77,0.81
992,0.89,0.83,0.9,0.94,0.82,0.88,0.77,0.82
993,0.89,0.83,0.9,0.94,0.81,0.88,0.78,0.81
994,0.89,0.83,0.9,0.94,0.81,0.88,0.78,0.82
995,0.9,0.83,0.9,0.94,0.82,0.88,0.78,0.82
996,0.9,0.83,0.91,0.94,0.81,0.87,0.78,0.81
997,0.9,0.83,0.91,0.94,0.81,0.87,0.78,0.8
998,0.9,0.83,0.91,0.94,0.81,0.88,0.78,0.8
999,0.9,0.84,0.92,0.94,0.8,0.87,0.78,0.8
1000,0.9,0.84,0.92,0.94,0.8,0.87,0.78,0.8
1001,0.92,0.86,0.93,0.94,0.8,0.87,0.79,0.8
1002,0.92,0.86,0.94,0.95,0.81,0.88,0.79,0.8
1003,0.94,0.87,0.94,0.95,0.81,0.88,0.8,0.81
1004,0.94,0.87,0.94,0.95,0.81,0.88,0.81,0.82
1005,0.95,0.87,0.94,0.95,0.82,0.88,0.81,0.82
1006,0.94,0.87,0.94,0.95,0.82,0.89,0.81,0.83
1007,0.94,0.87,0.95,0.95,0.82,0.89,0.81,0.82
1008,0.94,0.87,0.94,0.95,0.82,0.88,0.82,0.82
1009,0.92,0.87,0.94,0.95,0.82,0.88,0.83,0.84
1010,0.97,0.86,0.94,0.95,0.82,0.89,0.82,0.83
1011,0.95,0.87,0.94,0.95,0.82,0.89,0.82,0.84
1012,0.94,0.87,0.95,0.95,0.82,0.89,0.83,0.84
1013,0.92,0.86,0.94,0.95,0.82,0.89,0.83,0.84
1014,0.92,0.85,0.94,0.95,0.82,0.89,0.83,0.84
1015,0.94,0.86,0.94,0.95,0.82,0.89,0.82,0.84
1016,0.92,0.85,0.94,0.95,0.83,0.89,0.83,0.84
1017,0.9,0.85,0.93,0.95,0.84,0.9,0.83,0.85
1018,0.9,0.83,0.93,0.95,0.84,0.9,0.83,0.84
1019,0.89,0.83,0.93,0.95,0.84,0.9,0.84,0.84
1020,0.89,0.83,0.93,0.95,0.84,0.89,0.83,0.84
1021,0.87,0.83,0.93,0.95,0.84,0.9,0.85,0.84
1022,0.87,0.81,0.92,0.95,0.84,0.89,0.85,0.84
1023,0.87,0.81,0.92,0.95,0.85,0.89,0.85,0.84
1024,0.87,0.81,0.91,0.95,0.85,0.9,0.85,0.85
1025,0.86,0.81,0.91,0.95,0.85,0.9,0.86,0.85
1026,0.9,0.81,0.9,0.95,0.85,0.9,0.86,0.84
1027,0.87,0.81,0.9,0.95,0.86,0.9,0.86,0.85
1028,0.86,0.81,0.9,0.95,0.86,0.9,0.86,0.85
1029,0.87,0.8,0.89,0.95,0.85,0.9,0.86,0.85
1030,0.89,0.8,0.9,0.95,0.85,0.9,0.87,0.85
1031,0.84,0.8,0.89,0.95,0.86,0.9,0.86,0.84
1032,0.84,0.8,0.9,0.95,0.86,0.9,0.86,0.85
1033,0.84,0.8,0.9,0.95,0.86,0.9,0.85,0.84
1034,0.83,0.8,0.89,0.95,0.85,0.89,0.85,0.84
1035,0.83,0.81,0.89,0.95,0.85,0.89,0.85,0.85
1036,0.83,0.81,0.9,0.95,0.86,0.9,0.86,0.85
1037,0.83,0.81,0.9,0.95,0.85,0.89,0.85,0.85
1038,0.86,0.8,0.9,0.95,0.85,0.89,0.84,0.84
1039,0.83,0.8,0.9,0.95,0.85,0.89,0.84,0.83
1040,0.87,0.81,0.9,0.95,0.85,0.88,0.84,0.83
1041,0.83,0.82,0.9,0.95,0.85,0.9,0.84,0.84
1042,0.83,0.82,0.9,0.95,0.85,0.9,0.83,0.84
1043,0.84,0.82,0.9,0.95,0.84,0.88,0.82,0.82
1044,0.87,0.82,0.9,0.95,0.84,0.88,0.82,0.83
1045,0.84,0.82,0.9,0.95,0.84,0.88,0.82,0.82
1046,0.84,0.82,0.9,0.95,0.83,0.88,0.81,0.81
1047,0.84,0.83,0.9,0.95,0.82,0.88,0.8,0.81
1048,0.84,0.81,0.9,0.95,0.82,0.88,0.8,0.81
1049,0.84,0.82,0.9,0.95,0.82,0.88,0.8,0.8
1050,0.84,0.83,0.9,0.95,0.82,0.87,0.79,0.8
1051,0.84,0.82,0.9,0.95,0.82,0.88,0.79,0.8
1052,0.84,0.82,0.9,0.95,0.81,0.87,0.78,0.79
1053,0.84,0.83,0.9,0.95,0.81,0.87,0.79,0.79
1054,0.84,0.83,0.9,0.95,0.81,0.87,0.77,0.79
1055,0.86,0.83,0.9,0.95,0.81,0.87,0.78,0.79
1056,0.84,0.83,0.9,0.95,0.81,0.86,0.78,0.79
1057,0.83,0.84,0.9,0.95,0.8,0.87,0.77,0.78
1058,0.84,0.83,0.91,0.95,0.8,0.86,0.76,0.76
1059,0.83,0.84,0.91,0.95,0.8,0.86,0.77,0.77
1060,0.84,0.83,0.91,0.95,0.79,0.86,0.77,0.76
1061,0.84,0.83,0.9,0.95,0.79,0.86,0.77,0.76
1062,0.84,0.83,0.91,0.95,0.79,0.86,0.77,0.76
1063,0.84,0.83,0.9,0.95,0.79,0.85,0.78,0.76
1064,0.79,0.84,0.9,0.95,0.79,0.85,0.78,0.76
1065,0.81,0.85,0.91,0.95,0.78,0.85,0.79,0.76
1066,0.79,0.85,0.91,0.95,0.79,0.85,0.78,0.77
1067,0.79,0.85,0.91,0.95,0.78,0.85,0.78,0.76
1068,0.78,0.85,0.91,0.95,0.79,0.85,0.78,0.77
1069,0.78,0.85,0.91,0.96,0.79,0.85,0.8,0.78
1070,0.78,0.85,0.91,0.96,0.79,0.85,0.8,0.77
1071,0.78,0.85,0.91,0.96,0.79,0.84,0.8,0.78
1072,0.78,0.85,0.91,0.96,0.78,0.84,0.8,0.77
1073,0.79,0.87,0.91,0.96,0.78,0.85,0.8,0.78
1074,0.78,0.85,0.92,0.96,0.78,0.85,0.8,0.79
1075,0.78,0.87,0.92,0.96,0.78,0.85,0.8,0.79
1076,0.79,0.86,0.92,0.96,0.78,0.84,0.8,0.78
1077,0.79,0.87,0.91,0.96,0.78,0.84,0.8,0.79
1078,0.81,0.86,0.91,0.96,0.79,0.84,0.8,0.78
1079,0.81,0.87,0.91,0.96,0.79,0.84,0.8,0.8
1080,0.81,0.87,0.91,0.96,0.79,0.84,0.8,0.79
1081,0.83,0.87,0.91,0.96,0.78,0.84,0.8,0.79
1082,0.83,0.88,0.91,0.96,0.78,0.85,0.81,0.79
1083,0.83,0.87,0.91,0.96,0.79,0.84,0.8,0.8
1084,0.83,0.87,0.91,0.96,0.79,0.85,0.8,0.79
1085,0.84,0.88,0.91,0.96,0.79,0.84,0.8,0.8
1086,0.84,0.89,0.9,0.96,0.79,0.85,0.8,0.8
1087,0.84,0.88,0.9,0.96,0.79,0.84,0.8,0.8
1088,0.84,0.88,0.91,0.96,0.79,0.84,0.8,0.79
1089,0.86,0.89,0.91,0.96,0.79,0.84,0.8,0.79
1090,0.86,0.88,0.9,0.96,0.79,0.84,0.8,0.8
1091,0.86,0.88,0.9,0.96,0.79,0.84,0.8,0.8
1092,0.86,0.88,0.9,0.96,0.79,0.85,0.8,0.79
1093,0.84,0.88,0.9,0.96,0.79,0.85,0.82,0.8
1094,0.83,0.87,0.9,0.96,0.8,0.85,0.81,0.81
1095,0.83,0.87,0.9,0.96,0.79,0.85,0.81,0.8
1096,0.83,0.86,0.89,0.96,0.79,0.84,0.82,0.81
1097,0.81,0.86,0.89,0.96,0.79,0.84,0.82,0.81
1098,0.81,0.86,0.89,0.97,0.79,0.84,0.82,0.82
1099,0.76,0.83,0.88,0.96,0.8,0.84,0.82,0.81
1100,0.78,0.83,0.88,0.96,0.8,0.84,0.81,0.81
1101,0.78,0.81,0.88,0.96,0.79,0.84,0.82,0.81
1102,0.75,0.82,0.87,0.96,0.79,0.83,0.82,0.82
1103,0.75,0.8,0.87,0.96,0.79,0.83,0.82,0.81
1104,0.73,0.8,0.86,0.96,0.79,0.83,0.81,0.81
1105,0.73,0.79,0.86,0.96,0.79,0.84,0.81,0.81
1106,0.75,0.79,0.86,0.96,0.79,0.83,0.82,0.82
1107,0.73,0.78,0.86,0.96,0.79,0.83,0.82,0.82
1108,0.73,0.79,0.86,0.96,0.79,0.83,0.82,0.82
1109,0.73,0.78,0.87,0.96,0.78,0.83,0.82,0.81
1110,0.75,0.79,0.87,0.96,0.78,0.83,0.82,0.82
1111,0.73,0.8,0.87,0.96,0.77,0.83,0.82,0.82
1112,0.76,0.79,0.87,0.96,0.79,0.82,0.82,0.82
1113,0.76,0.79,0.87,0.96,0.78,0.82,0.82,0.82
1114,0.73,0.79,0.87,0.96,0.79,0.83,0.82,0.82
1115,0.75,0.8,0.87,0.96,0.78,0.82,0.83,0.83
1116,0.75,0.8,0.88,0.96,0.78,0.82,0.83,0.82
1117,0.78,0.8,0.88,0.96,0.78,0.82,0.83,0.82
1118,0.75,0.8,0.88,0.96,0.79,0.83,0.83,0.82
1119,0.78,0.8,0.88,0.96,0.79,0.83,0.83,0.82
1120,0.79,0.81,0.88,0.95,0.78,0.83,0.84,0.83
1121,0.76,0.8,0.88,0.95,0.79,0.83,0.84,0.83
1122,0.76,0.81,0.88,0.96,0.78,0.82,0.84,0.82
1123,0.78,0.8,0.88,0.96,0.79,0.83,0.84,0.84
1124,0.78,0.81,0.88,0.96,0.79,0.83,0.84,0.83
1125,0.81,0.81,0.88,0.95,0.79,0.83,0.84,0.84
1126,0.81,0.81,0.88,0.95,0.79,0.83,0.83,0.82
1127,0.79,0.81,0.88,0.95,0.79,0.83,0.83,0.82
1128,0.81,0.81,0.88,0.95,0.79,0.83,0.84,0.83
1129,0.79,0.81,0.88,0.96,0.79,0.83,0.84,0.83
1130,0.81,0.82,0.89,0.96,0.79,0.83,0.84,0.84
1131,0.84,0.83,0.89,0.95,0.79,0.83,0.84,0.83
1132,0.83,0.81,0.89,0.96,0.8,0.84,0.84,0.83
1133,0.81,0.82,0.89,0.95,0.79,0.83,0.84,0.83
1134,0.83,0.82,0.88,0.96,0.79,0.83,0.83,0.83
1135,0.83,0.83,0.88,0.96,0.8,0.84,0.84,0.83
1136,0.83,0.82,0.88,0.96,0.81,0.84,0.84,0.83
1137,0.87,0.83,0.89,0.95,0.8,0.84,0.83,0.83
1138,0.84,0.83,0.89,0.96,0.8,0.83,0.83,0.83
1139,0.86,0.83,0.89,0.95,0.8,0.84,0.83,0.83
1140,0.84,0.85,0.9,0.96,0.81,0.84,0.84,0.83
1141,0.84,0.84,0.9,0.95,0.8,0.84,0.83,0.83
1142,0.84,0.85,0.9,0.95,0.81,0.84,0.83,0.83
1143,0.84,0.84,0.9,0.96,0.82,0.85,0.84,0.85
1144,0.86,0.85,0.91,0.95,0.82,0.85,0.83,0.83
1145,0.86,0.85,0.91,0.95,0.82,0.85,0.83,0.83
1146,0.86,0.85,0.91,0.95,0.82,0.85,0.83,0.83
1147,0.86,0.85,0.92,0.95,0.82,0.86,0.84,0.84
1148,0.86,0.86,0.92,0.96,0.82,0.86,0.83,0.83
1149,0.87,0.87,0.92,0.96,0.82,0.86,0.83,0.84
1150,0.87,0.87,0.93,0.96,0.83,0.86,0.83,0.83
1151,0.89,0.89,0.93,0.96,0.83,0.86,0.83,0.83
1152,0.9,0.87,0.93,0.96,0.83,0.86,0.82,0.83
1153,0.89,0.87,0.94,0.96,0.84,0.87,0.83,0.83
1154,0.87,0.89,0.94,0.96,0.84,0.86,0.82,0.83
1155,0.87,0.87,0.94,0.97,0.84,0.86,0.82,0.83
1156,0.9,0.89,0.95,0.97,0.84,0.87,0.82,0.83
1157,0.92,0.89,0.95,0.97,0.84,0.87,0.82,0.83
1158,0.89,0.89,0.95,0.97,0.84,0.87,0.82,0.83
1159,0.9,0.9,0.95,0.97,0.85,0.88,0.82,0.84
1160,0.9,0.9,0.95,0.97,0.84,0.87,0.82,0.83
1161,0.9,0.9,0.95,0.97,0.84,0.87,0.81,0.83
1162,0.9,0.9,0.95,0.97,0.84,0.87,0.81,0.82
1163,0.92,0.91,0.95,0.97,0.84,0.88,0.81,0.83
1164,0.94,0.91,0.95,0.97,0.84,0.88,0.81,0.82
1165,0.92,0.92,0.94,0.97,0.83,0.87,0.8,0.82
1166,0.92,0.91,0.94,0.97,0.83,0.87,0.8,0.82
1167,0.94,0.92,0.94,0.97,0.83,0.87,0.81,0.82
1168,0.94,0.92,0.94,0.98,0.83,0.87,0.81,0.82
1169,0.94,0.92,0.94,0.98,0.83,0.87,0.8,0.82
1170,0.94,0.92,0.95,0.98,0.83,0.87,0.8,0.81
1171,0.94,0.92,0.94,0.98,0.83,0.87,0.81,0.82
1172,0.94,0.93,0.94,0.98,0.83,0.86,0.79,0.81
1173,0.94,0.93,0.94,0.98,0.83,0.86,0.79,0.82
1174,0.95,0.92,0.95,0.98,0.82,0.86,0.79,0.81
1175,0.95,0.92,0.94,0.99,0.83,0.86,0.79,0.82
1176,0.95,0.93,0.95,0.98,0.82,0.86,0.79,0.8
1177,0.97,0.93,0.94,0.98,0.82,0.86,0.79,0.8
1178,0.95,0.92,0.94,0.98,0.82,0.86,0.78,0.8
1179,0.97,0.93,0.94,0.98,0.82,0.85,0.79,0.8
1180,0.97,0.93,0.93,0.99,0.81,0.86,0.79,0.81
1181,0.95,0.91,0.93,0.99,0.81,0.85,0.79,0.8
1182,0.94,0.91,0.92,0.98,0.81,0.85,0.79,0.81
1183,0.94,0.89,0.92,0.98,0.8,0.85,0.78,0.8
1184,0.92,0.89,0.92,0.98,0.8,0.84,0.78,0.8
1185,0.9,0.88,0.91,0.98,0.8,0.84,0.78,0.79
1186,0.9,0.88,0.91,0.98,0.8,0.84,0.78,0.79
1187,0.89,0.87,0.9,0.98,0.8,0.84,0.78,0.79
1188,0.87,0.86,0.9,0.98,0.8,0.84,0.78,0.78
1189,0.9,0.86,0.9,0.98,0.8,0.84,0.77,0.79
1190,0.86,0.85,0.89,0.97,0.8,0.84,0.77,0.79
1191,0.86,0.85,0.88,0.98,0.8,0.83,0.77,0.78
1192,0.86,0.85,0.89,0.98,0.8,0.83,0.76,0.78
1193,0.84,0.84,0.88,0.98,0.79,0.83,0.76,0.78
1194,0.87,0.84,0.88,0.98,0.79,0.83,0.76,0.78
1195,0.86,0.83,0.88,0.98,0.79,0.83,0.76,0.78
1196,0.81,0.83,0.87,0.97,0.79,0.82,0.75,0.77
1197,0.81,0.83,0.87,0.97,0.79,0.82,0.75,0.77
1198,0.79,0.83,0.87,0.97,0.78,0.82,0.75,0.76
1199,0.79,0.83,0.86,0.97,0.78,0.82,0.74,0.76
1200,0.78,0.82,0.86,0.97,0.77,0.82,0.74,0.76
1201,0.78,0.82,0.86,0.97,0.77,0.82,0.74,0.76
1202,0.78,0.82,0.86,0.96,0.77,0.81,0.74,0.75
1203,0.75,0.82,0.85,0.96,0.77,0.81,0.75,0.76
1204,0.75,0.81,0.85,0.97,0.77,0.8,0.74,0.76
1205,0.75,0.82,0.86,0.96,0.76,0.8,0.74,0.76
1206,0.75,0.83,0.86,0.97,0.76,0.81,0.74,0.76
1207,0.75,0.83,0.86,0.97,0.76,0.8,0.75,0.76
1208,0.75,0.83,0.87,0.97,0.76,0.8,0.75,0.76
1209,0.75,0.83,0.87,0.97,0.76,0.81,0.75,0.76
1210,0.76,0.83,0.86,0.97,0.76,0.8,0.76,0.77
1211,0.75,0.83,0.87,0.96,0.75,0.81,0.76,0.76
1212,0.75,0.83,0.87,0.96,0.75,0.81,0.77,0.78
1213,0.75,0.84,0.88,0.96,0.76,0.8,0.77,0.77
1214,0.75,0.83,0.88,0.96,0.76,0.81,0.77,0.78
1215,0.76,0.85,0.88,0.96,0.76,0.81,0.79,0.79
1216,0.79,0.84,0.88,0.96,0.76,0.8,0.79,0.78
1217,0.76,0.84,0.88,0.96,0.76,0.81,0.79,0.78
1218,0.79,0.83,0.89,0.96,0.77,0.81,0.8,0.79
1219,0.78,0.83,0.89,0.96,0.76,0.81,0.8,0.79
1220,0.78,0.83,0.88,0.96,0.76,0.8,0.8,0.79
1221,0.78,0.83,0.89,0.96,0.76,0.82,0.8,0.8
1222,0.79,0.83,0.89,0.96,0.77,0.81,0.81,0.81
1223,0.79,0.83,0.9,0.96,0.77,0.82,0.81,0.81
1224,0.81,0.83,0.9,0.96,0.77,0.82,0.81,0.81
1225,0.84,0.84,0.9,0.97,0.76,0.81,0.8,0.81
1226,0.83,0.85,0.9,0.97,0.77,0.82,0.81,0.81
1227,0.84,0.85,0.9,0.97,0.76,0.82,0.8,0.81
1228,0.86,0.85,0.91,0.97,0.77,0.82,0.81,0.81
1229,0.84,0.86,0.92,0.97,0.77,0.82,0.82,0.8
1230,0.86,0.86,0.92,0.97,0.78,0.82,0.81,0.81
1231,0.86,0.87,0.92,0.97,0.78,0.82,0.82,0.8
1232,0.9,0.89,0.92,0.97,0.78,0.82,0.82,0.81
1233,0.9,0.9,0.92,0.97,0.79,0.83,0.83,0.82
1234,0.87,0.9,0.93,0.97,0.79,0.84,0.84,0.82
1235,0.87,0.9,0.93,0.97,0.8,0.84,0.83,0.82
1236,0.87,0.91,0.93,0.97,0.8,0.84,0.85,0.82
1237,0.89,0.91,0.93,0.97,0.81,0.84,0.85,0.81
1238,0.92,0.92,0.94,0.97,0.81,0.84,0.86,0.82
1239,0.87,0.92,0.94,0.97,0.81,0.84,0.86,0.82
1240,0.87,0.93,0.94,0.98,0.82,0.85,0.87,0.83
1241,0.89,0.94,0.94,0.98,0.82,0.86,0.87,0.84
1242,0.86,0.94,0.94,0.98,0.83,0.85,0.88,0.84
1243,0.84,0.94,0.95,0.98,0.84,0.86,0.88,0.86
1244,0.86,0.93,0.95,0.98,0.85,0.87,0.89,0.86
1245,0.84,0.94,0.96,0.98,0.85,0.87,0.89,0.87
1246,0.83,0.94,0.95,0.98,0.85,0.87,0.89,0.88
1247,0.81,0.94,0.95,0.98,0.86,0.87,0.9,0.88
1248,0.81,0.93,0.95,0.98,0.86,0.87,0.9,0.87
1249,0.81,0.93,0.95,0.99,0.87,0.87,0.9,0.88
1250,0.79,0.92,0.93,0.98,0.86,0.87,0.9,0.88
1251,0.78,0.92,0.93,0.99,0.87,0.87,0.89,0.89
1252,0.76,0.91,0.92,0.98,0.87,0.87,0.89,0.89
1253,0.76,0.91,0.92,0.99,0.87,0.87,0.88,0.89
1254,0.76,0.91,0.91,0.98,0.87,0.87,0.88,0.9
1255,0.76,0.91,0.91,0.98,0.86,0.86,0.88,0.89
1256,0.76,0.91,0.9,0.98,0.86,0.87,0.88,0.89
1257,0.75,0.92,0.9,0.98,0.86,0.87,0.89,0.89
1258,0.75,0.91,0.9,0.98,0.86,0.86,0.89,0.9
1259,0.75,0.89,0.9,0.98,0.86,0.86,0.88,0.9
1260,0.75,0.89,0.9,0.98,0.86,0.86,0.88,0.89
1261,0.73,0.89,0.89,0.98,0.86,0.86,0.88,0.9
1262,0.73,0.88,0.88,0.98,0.86,0.86,0.87,0.89
1263,0.75,0.89,0.88,0.98,0.85,0.86,0.87,0.9
1264,0.75,0.89,0.88,0.98,0.86,0.86,0.87,0.9
1265,0.76,0.88,0.88,0.98,0.85,0.86,0.87,0.9
1266,0.75,0.89,0.87,0.98,0.85,0.85,0.86,0.89
1267,0.73,0.88,0.87,0.98,0.84,0.85,0.85,0.88
1268,0.76,0.88,0.87,0.98,0.84,0.85,0.84,0.88
1269,0.75,0.87,0.87,0.98,0.84,0.85,0.84,0.88
1270,0.73,0.89,0.86,0.98,0.83,0.85,0.84,0.88
1271,0.73,0.87,0.85,0.98,0.83,0.84,0.83,0.87
1272,0.75,0.87,0.86,0.98,0.83,0.84,0.83,0.87
1273,0.71,0.87,0.85,0.98,0.83,0.84,0.83,0.87
1274,0.71,0.86,0.85,0.98,0.83,0.84,0.82,0.87
1275,0.73,0.84,0.85,0.97,0.81,0.84,0.81,0.85
1276,0.71,0.84,0.84,0.97,0.81,0.84,0.8,0.85
1277,0.75,0.83,0.83,0.97,0.81,0.84,0.79,0.84
1278,0.71,0.82,0.83,0.97,0.81,0.83,0.79,0.85
1279,0.7,0.82,0.82,0.96,0.8,0.83,0.78,0.83
1280,0.7,0.82,0.83,0.97,0.8,0.82,0.78,0.83
1281,0.7,0.82,0.83,0.96,0.8,0.83,0.78,0.83
1282,0.71,0.81,0.82,0.96,0.8,0.82,0.76,0.82
1283,0.7,0.8,0.82,0.96,0.79,0.82,0.76,0.82
1284,0.73,0.8,0.81,0.96,0.79,0.82,0.76,0.81
1285,0.68,0.79,0.82,0.96,0.78,0.81,0.75,0.8
1286,0.68,0.79,0.82,0.96,0.78,0.81,0.75,0.79
1287,0.68,0.79,0.81,0.96,0.77,0.8,0.74,0.79
1288,0.67,0.78,0.81,0.96,0.77,0.8,0.74,0.78
1289,0.7,0.79,0.81,0.96,0.77,0.8,0.75,0.79
1290,0.65,0.78,0.81,0.96,0.76,0.8,0.74,0.78
1291,0.65,0.78,0.81,0.96,0.76,0.8,0.74,0.78
1292,0.65,0.78,0.81,0.96,0.76,0.8,0.74,0.78
1293,0.67,0.78,0.8,0.96,0.76,0.79,0.73,0.78
1294,0.67,0.78,0.81,0.96,0.75,0.79,0.73,0.78
1295,0.63,0.78,0.81,0.96,0.75,0.79,0.72,0.77
1296,0.63,0.78,0.81,0.95,0.75,0.79,0.72,0.76
1297,0.65,0.78,0.81,0.95,0.74,0.78,0.72,0.76
1298,0.67,0.79,0.81,0.95,0.74,0.78,0.72,0.76
1299,0.7,0.79,0.81,0.95,0.73,0.78,0.72,0.76
1300,0.65,0.8,0.82,0.95,0.73,0.78,0.72,0.75
1301,0.67,0.8,0.82,0.95,0.74,0.78,0.72,0.75
1302,0.67,0.8,0.82,0.95,0.73,0.78,0.72,0.75
1303,0.67,0.8,0.82,0.95,0.73,0.78,0.72,0.74
1304,0.67,0.81,0.82,0.95,0.73,0.78,0.72,0.75
1305,0.7,0.81,0.83,0.95,0.74,0.77,0.72,0.74
1306,0.68,0.81,0.83,0.95,0.74,0.77,0.73,0.74
1307,0.71,0.82,0.83,0.94,0.74,0.77,0.73,0.74
1308,0.7,0.83,0.83,0.94,0.73,0.76,0.73,0.74
1309,0.7,0.83,0.83,0.94,0.73,0.76,0.73,0.73
1310,0.7,0.82,0.83,0.94,0.74,0.76,0.73,0.73
1311,0.7,0.83,0.83,0.94,0.74,0.76,0.73,0.73
1312,0.73,0.81,0.82,0.94,0.73,0.76,0.73,0.73
1313,0.7,0.81,0.82,0.94,0.74,0.76,0.73,0.73
1314,0.73,0.8,0.82,0.94,0.73,0.76,0.73,0.73
1315,0.71,0.8,0.82,0.94,0.72,0.76,0.73,0.73
1316,0.71,0.8,0.81,0.94,0.72,0.76,0.73,0.73
1317,0.71,0.79,0.81,0.94,0.73,0.76,0.73,0.74
1318,0.71,0.79,0.81,0.94,0.72,0.75,0.72,0.74
1319,0.75,0.79,0.8,0.94,0.72,0.75,0.72,0.73
1320,0.76,0.79,0.8,0.93,0.72,0.75,0.72,0.74
1321,0.73,0.78,0.8,0.93,0.72,0.75,0.71,0.72
1322,0.75,0.78,0.81,0.93,0.72,0.75,0.71,0.73
1323,0.76,0.78,0.8,0.93,0.72,0.75,0.71,0.73
1324,0.75,0.78,0.8,0.93,0.72,0.75,0.71,0.73
1325,0.75,0.78,0.8,0.93,0.71,0.75,0.7,0.72
1326,0.78,0.78,0.79,0.93,0.71,0.75,0.7,0.72
1327,0.78,0.78,0.79,0.93,0.71,0.74,0.7,0.72
1328,0.78,0.78,0.79,0.93,0.71,0.75,0.7,0.73
1329,0.78,0.78,0.79,0.93,0.71,0.75,0.69,0.71
1330,0.78,0.78,0.79,0.93,0.71,0.73,0.69,0.71
1331,0.78,0.78,0.78,0.93,0.7,0.74,0.69,0.71
1332,0.81,0.78,0.78,0.93,0.7,0.74,0.68,0.71
1333,0.79,0.78,0.78,0.93,0.69,0.73,0.68,0.7
1334,0.83,0.79,0.77,0.93,0.7,0.73,0.67,0.71
1335,0.79,0.78,0.77,0.93,0.7,0.73,0.67,0.69
1336,0.81,0.78,0.77,0.92,0.69,0.73,0.67,0.69
1337,0.83,0.78,0.77,0.92,0.69,0.73,0.67,0.69
1338,0.79,0.77,0.76,0.92,0.69,0.73,0.66,0.69
1339,0.83,0.77,0.77,0.92,0.69,0.73,0.66,0.69
1340,0.79,0.76,0.76,0.92,0.69,0.72,0.65,0.68
1341,0.79,0.76,0.76,0.91,0.68,0.72,0.66,0.68
1342,0.79,0.76,0.76,0.91,0.69,0.73,0.66,0.67
1343,0.78,0.76,0.76,0.91,0.68,0.72,0.65,0.67
1344,0.78,0.75,0.75,0.91,0.68,0.71,0.65,0.67
1345,0.76,0.74,0.74,0.91,0.68,0.71,0.65,0.66
1346,0.78,0.72,0.73,0.91,0.68,0.71,0.64,0.66
1347,0.79,0.73,0.74,0.91,0.68,0.71,0.64,0.66
1348,0.75,0.72,0.73,0.91,0.68,0.71,0.64,0.66
1349,0.75,0.71,0.73,0.91,0.67,0.7,0.63,0.65
1350,0.71,0.69,0.72,0.91,0.67,0.7,0.62,0.66
1351,0.71,0.68,0.72,0.91,0.67,0.7,0.62,0.66
1352,0.7,0.67,0.71,0.91,0.66,0.7,0.62,0.64
1353,0.7,0.67,0.71,0.9,0.66,0.7,0.62,0.64
1354,0.7,0.66,0.71,0.9,0.66,0.69,0.61,0.64
1355,0.7,0.66,0.7,0.9,0.65,0.69,0.61,0.63
1356,0.7,0.66,0.7,0.9,0.64,0.69,0.61,0.64
1357,0.7,0.66,0.71,0.89,0.64,0.68,0.6,0.62
1358,0.71,0.66,0.7,0.89,0.64,0.68,0.6,0.63
1359,0.71,0.64,0.69,0.89,0.64,0.68,0.6,0.62
1360,0.71,0.64,0.7,0.89,0.64,0.68,0.59,0.62
1361,0.73,0.64,0.69,0.88,0.62,0.67,0.59,0.62
1362,0.71,0.64,0.69,0.89,0.63,0.67,0.59,0.62
1363,0.73,0.64,0.69,0.89,0.62,0.67,0.59,0.62
1364,0.75,0.64,0.7,0.89,0.62,0.66,0.59,0.62
1365,0.75,0.65,0.69,0.88,0.62,0.67,0.58,0.61
1366,0.76,0.64,0.69,0.88,0.62,0.66,0.58,0.6
1367,0.75,0.64,0.68,0.88,0.61,0.65,0.57,0.6
1368,0.75,0.63,0.68,0.88,0.61,0.66,0.57,0.6
1369,0.75,0.63,0.67,0.87,0.61,0.66,0.57,0.6
1370,0.73,0.64,0.67,0.87,0.6,0.65,0.56,0.59
1371,0.75,0.63,0.66,0.87,0.6,0.65,0.56,0.59
1372,0.75,0.64,0.66,0.88,0.6,0.64,0.55,0.58
1373,0.75,0.63,0.66,0.87,0.59,0.64,0.55,0.58
1374,0.76,0.62,0.65,0.87,0.59,0.64,0.54,0.57
1375,0.75,0.62,0.65,0.87,0.58,0.63,0.54,0.57
1376,0.73,0.62,0.65,0.86,0.58,0.62,0.54,0.56
1377,0.75,0.62,0.64,0.86,0.57,0.62,0.53,0.55
1378,0.75,0.62,0.64,0.86,0.58,0.62,0.52,0.55
1379,0.75,0.62,0.63,0.85,0.57,0.62,0.52,0.55
1380,0.75,0.6,0.62,0.86,0.56,0.61,0.52,0.55
1381,0.73,0.59,0.63,0.86,0.56,0.61,0.51,0.55
1382,0.71,0.58,0.62,0.85,0.56,0.61,0.5,0.53
1383,0.71,0.58,0.62,0.85,0.55,0.6,0.5,0.53
1384,0.7,0.57,0.61,0.85,0.56,0.6,0.5,0.53
1385,0.7,0.57,0.61,0.85,0.55,0.59,0.49,0.52
1386,0.68,0.56,0.6,0.84,0.55,0.59,0.48,0.51
1387,0.71,0.56,0.6,0.84,0.55,0.58,0.48,0.51
1388,0.67,0.57,0.59,0.84,0.54,0.58,0.48,0.51
1389,0.67,0.55,0.59,0.83,0.53,0.58,0.47,0.5
1390,0.65,0.54,0.58,0.83,0.53,0.57,0.47,0.5
1391,0.65,0.54,0.58,0.83,0.52,0.58,0.46,0.49
1392,0.65,0.54,0.57,0.83,0.52,0.57,0.46,0.49
1393,0.65,0.52,0.56,0.82,0.52,0.56,0.45,0.49
1394,0.65,0.52,0.54,0.82,0.51,0.55,0.44,0.47
1395,0.65,0.51,0.54,0.82,0.5,0.55,0.44,0.46
1396,0.62,0.5,0.53,0.81,0.49,0.54,0.44,0.46
1397,0.62,0.5,0.52,0.81,0.49,0.53,0.42,0.45
1398,0.62,0.5,0.52,0.81,0.49,0.53,0.42,0.45
1399,0.63,0.5,0.51,0.81,0.47,0.53,0.42,0.44
1400,0.62,0.49,0.51,0.8,0.47,0.52,0.41,0.44
1401,0.65,0.49,0.5,0.8,0.46,0.52,0.41,0.43
1402,0.6,0.49,0.5,0.8,0.46,0.5,0.4,0.43
1403,0.65,0.49,0.5,0.79,0.46,0.51,0.4,0.42
1404,0.6,0.48,0.49,0.79,0.45,0.5,0.38,0.42
1405,0.6,0.48,0.48,0.79,0.45,0.5,0.39,0.42
1406,0.59,0.48,0.47,0.78,0.45,0.5,0.38,0.41
1407,0.59,0.47,0.47,0.78,0.45,0.49,0.38,0.4
1408,0.59,0.47,0.46,0.78,0.44,0.48,0.38,0.4
1409,0.6,0.48,0.46,0.78,0.43,0.48,0.37,0.39
1410,0.57,0.47,0.45,0.77,0.43,0.48,0.37,0.39
1411,0.62,0.47,0.44,0.77,0.43,0.48,0.36,0.39
1412,0.57,0.46,0.44,0.76,0.42,0.47,0.35,0.38
1413,0.59,0.46,0.43,0.76,0.41,0.47,0.35,0.38
1414,0.59,0.46,0.43,0.76,0.41,0.46,0.35,0.37
1415,0.57,0.46,0.42,0.75,0.4,0.46,0.34,0.36
1416,0.57,0.46,0.41,0.75,0.4,0.45,0.34,0.36
1417,0.57,0.46,0.41,0.75,0.4,0.44,0.34,0.35
1418,0.62,0.45,0.4,0.75,0.4,0.44,0.34,0.35
1419,0.57,0.45,0.4,0.74,0.39,0.44,0.33,0.34
1420,0.57,0.47,0.4,0.74,0.39,0.43,0.32,0.34
1421,0.56,0.45,0.39,0.73,0.38,0.43,0.32,0.34
1422,0.59,0.45,0.38,0.73,0.38,0.42,0.32,0.34
1423,0.56,0.44,0.38,0.73,0.37,0.42,0.31,0.33
1424,0.57,0.44,0.38,0.73,0.37,0.42,0.31,0.33
1425,0.57,0.44,0.38,0.72,0.37,0.41,0.3,0.32
1426,0.56,0.43,0.37,0.72,0.37,0.4,0.3,0.32
1427,0.56,0.43,0.37,0.72,0.36,0.41,0.3,0.31
1428,0.59,0.43,0.37,0.71,0.36,0.4,0.3,0.31
1429,0.56,0.43,0.37,0.71,0.35,0.4,0.29,0.3
1430,0.54,0.43,0.36,0.71,0.35,0.4,0.29,0.3
1431,0.54,0.43,0.36,0.71,0.34,0.39,0.29,0.29
1432,0.54,0.43,0.36,0.71,0.34,0.39,0.29,0.29
1433,0.56,0.42,0.36,0.7,0.34,0.38,0.28,0.29
1434,0.54,0.42,0.35,0.7,0.34,0.38,0.28,0.29
1435,0.57,0.42,0.35,0.7,0.33,0.38,0.28,0.29
1436,0.54,0.42,0.35,0.69,0.33,0.38,0.28,0.28
1437,0.56,0.41,0.35,0.69,0.32,0.37,0.28,0.28
1438,0.52,0.42,0.34,0.69,0.32,0.37,0.28,0.29
1439,0.52,0.41,0.34,0.69,0.32,0.37,0.27,0.27
1440,0.52,0.39,0.33,0.68,0.32,0.36,0.27,0.27
1441,0.51,0.41,0.33,0.68,0.31,0.36,0.27,0.27
1442,0.51,0.39,0.33,0.68,0.31,0.36,0.26,0.27
1443,0.52,0.4,0.32,0.68,0.31,0.35,0.26,0.26
1444,0.51,0.39,0.32,0.67,0.31,0.35,0.26,0.26
1445,0.51,0.39,0.32,0.67,0.3,0.35,0.25,0.26
1446,0.54,0.39,0.32,0.67,0.3,0.35,0.26,0.26
1447,0.49,0.38,0.3,0.67,0.3,0.34,0.25,0.26
1448,0.49,0.38,0.3,0.67,0.3,0.34,0.25,0.25
1449,0.49,0.38,0.3,0.67,0.29,0.34,0.25,0.25
1450,0.49,0.37,0.3,0.66,0.29,0.34,0.24,0.25
1451,0.49,0.38,0.29,0.66,0.29,0.33,0.24,0.24
1452,0.48,0.38,0.29,0.65,0.29,0.32,0.24,0.25
1453,0.48,0.37,0.29,0.65,0.29,0.33,0.24,0.24
1454,0.46,0.37,0.29,0.65,0.28,0.32,0.23,0.24
1455,0.48,0.36,0.28,0.65,0.27,0.32,0.24,0.23
1456,0.46,0.36,0.28,0.64,0.27,0.32,0.24,0.23
1457,0.44,0.36,0.27,0.64,0.27,0.31,0.23,0.23
1458,0.46,0.35,0.28,0.64,0.27,0.31,0.23,0.23
1459,0.44,0.35,0.27,0.64,0.27,0.3,0.23,0.22
1460,0.43,0.34,0.26,0.63,0.27,0.3,0.22,0.22
1461,0.43,0.34,0.26,0.63,0.26,0.29,0.22,0.22
1462,0.44,0.34,0.25,0.63,0.26,0.29,0.21,0.22
1463,0.43,0.34,0.25,0.62,0.25,0.29,0.21,0.21
1464,0.41,0.34,0.25,0.62,0.25,0.29,0.21,0.2
1465,0.41,0.33,0.25,0.62,0.25,0.29,0.2,0.21
1466,0.41,0.33,0.24,0.62,0.25,0.29,0.2,0.21
1467,0.41,0.32,0.24,0.61,0.24,0.27,0.2,0.2
1468,0.4,0.33,0.24,0.61,0.24,0.28,0.2,0.2
1469,0.4,0.32,0.24,0.61,0.23,0.27,0.2,0.2
1470,0.43,0.33,0.24,0.6,0.23,0.27,0.19,0.19
1471,0.4,0.32,0.23,0.6,0.23,0.27,0.19,0.19
1472,0.41,0.32,0.22,0.6,0.23,0.26,0.18,0.19
1473,0.38,0.32,0.22,0.59,0.23,0.26,0.18,0.18
1474,0.4,0.31,0.22,0.59,0.23,0.26,0.18,0.18
1475,0.4,0.31,0.22,0.59,0.23,0.26,0.18,0.18
1476,0.41,0.31,0.22,0.59,0.22,0.25,0.18,0.17
1477,0.38,0.3,0.22,0.58,0.22,0.25,0.18,0.17
1478,0.37,0.3,0.21,0.58,0.22,0.25,0.17,0.17
1479,0.37,0.3,0.22,0.58,0.22,0.25,0.17,0.17
1480,0.37,0.3,0.21,0.58,0.21,0.24,0.16,0.16
1481,0.38,0.31,0.21,0.58,0.21,0.24,0.16,0.15
1482,0.37,0.31,0.21,0.57,0.21,0.24,0.16,0.16
1483,0.37,0.29,0.21,0.57,0.2,0.24,0.16,0.16
1484,0.37,0.29,0.21,0.57,0.2,0.23,0.16,0.15
1485,0.37,0.3,0.21,0.57,0.2,0.23,0.16,0.16
1486,0.35,0.29,0.2,0.56,0.2,0.23,0.16,0.15
1487,0.37,0.29,0.2,0.56,0.2,0.22,0.15,0.15
1488,0.35,0.29,0.2,0.56,0.2,0.23,0.15,0.14
1489,0.35,0.29,0.2,0.56,0.19,0.22,0.15,0.14
1490,0.35,0.29,0.2,0.55,0.19,0.22,0.15,0.14
1491,0.35,0.28,0.2,0.55,0.19,0.22,0.15,0.14
1492,0.33,0.29,0.2,0.55,0.19,0.21,0.14,0.14
1493,0.33,0.28,0.19,0.55,0.19,0.21,0.14,0.14
1494,0.33,0.28,0.19,0.55,0.19,0.21,0.14,0.13
1495,0.32,0.29,0.18,0.54,0.19,0.21,0.13,0.13
1496,0.32,0.28,0.18,0.54,0.18,0.2,0.13,0.12
1497,0.33,0.27,0.18,0.54,0.17,0.2,0.13,0.13
1498,0.32,0.28,0.18,0.54,0.18,0.2,0.13,0.12
1499,0.32,0.28,0.18,0.54,0.18,0.2,0.13,0.12
