0,0.04,0.01,0.01,0.01,0.0,0.01,0.0,0.0
1,0.03,0.0,0.01,0.01,0.0,0.01,0.01,0.01
2,0.03,0.01,0.01,0.01,0.0,0.01,0.01,0.01
3,0.03,0.01,0.0,0.01,0.01,0.01,0.0,0.0
4,0.03,0.02,0.01,0.01,0.0,0.0,0.0,0.01
5,0.03,0.01,0.01,0.01,0.01,0.01,0.0,0.0
6,0.04,0.02,0.0,0.01,0.01,0.01,0.0,0.0
7,0.03,0.02,0.0,0.01,0.0,0.01,0.0,0.01
8,0.03,0.02,0.01,0.01,0.0,0.01,0.0,0.01
9,0.03,0.02,0.0,0.01,0.01,0.01,0.0,0.0
10,0.03,0.01,0.01,0.01,0.0,0.01,0.0,0.0
11,0.03,0.01,0.0,0.0,0.01,0.01,0.0,0.0
12,0.02,0.02,0.0,0.0,0.01,0.01,0.0,0.01
13,0.04,0.02,0.01,0.0,0.01,0.01,0.0,0.0
14,0.03,0.02,0.0,0.01,0.01,0.01,0.0,0.01
15,0.03,0.02,0.0,0.0,0.01,0.01,0.0,0.0
16,0.01,0.02,0.01,0.01,0.01,0.01,0.01,0.01
17,0.02,0.01,0.0,0.01,0.0,0.01,0.01,0.02
18,0.0,0.01,0.0,0.01,0.02,0.01,0.01,0.01
19,0.03,0.02,0.01,0.01,0.0,0.01,0.0,0.0
20,0.03,0.02,0.01,0.01,0.01,0.01,0.0,0.01
21,0.04,0.01,0.0,0.01,0.0,0.01,0.0,0.01
22,0.0,0.0,0.01,0.01,0.01,0.01,0.0,0.0
23,0.04,0.02,0.01,0.01,0.0,0.01,0.0,0.01
24,0.02,0.02,0.01,0.0,0.0,0.01,0.0,0.0
25,0.03,0.02,0.0,0.01,0.0,0.01,0.0,0.01
26,0.03,0.02,0.0,0.01,0.0,0.01,0.0,0.01
27,0.04,0.01,0.01,0.01,0.01,0.01,0.01,0.01
28,0.02,0.02,0.01,0.01,0.0,0.01,0.0,0.01
29,0.02,0.01,0.0,0.01,0.0,0.01,0.01,0.02
30,0.03,0.02,0.01,0.01,0.0,0.01,0.01,0.02
31,0.03,0.02,0.01,0.01,0.01,0.01,0.0,0.01
32,0.03,0.01,0.0,0.01,0.0,0.01,0.0,0.01
33,0.02,0.02,0.01,0.01,0.01,0.01,0.0,0.0
34,0.03,0.02,0.01,0.01,0.01,0.01,0.01,0.02
35,0.04,0.02,0.0,0.01,0.01,0.01,0.0,0.01
36,0.04,0.02,0.0,0.01,0.01,0.01,0.0,0.01
37,0.02,0.01,0.01,0.01,0.01,0.01,0.0,0.01
38,0.02,0.01,0.01,0.01,0.01,0.01,0.01,0.02
39,0.04,0.02,0.01,0.01,0.01,0.01,0.01,0.01
40,0.02,0.0,0.0,0.01,0.01,0.01,0.01,0.02
41,0.02,0.02,0.01,0.01,0.01,0.01,0.01,0.02
42,0.02,0.01,0.01,0.01,0.01,0.01,0.01,0.02
43,0.02,0.0,0.01,0.01,0.01,0.01,0.01,0.02
44,0.01,0.02,0.0,0.0,0.02,0.01,0.01,0.01
45,0.02,0.02,0.01,0.01,0.01,0.01,0.01,0.01
46,0.01,0.0,0.01,0.01,0.01,0.01,0.01,0.01
47,0.02,0.01,0.01,0.01,0.01,0.01,0.0,0.01
48,0.02,0.01,0.01,0.01,0.01,0.01,0.01,0.02
49,0.04,0.02,0.01,0.01,0.01,0.01,0.01,0.02
50,0.02,0.01,0.0,0.01,0.02,0.02,0.01,0.01
51,0.03,0.01,0.01,0.01,0.01,0.01,0.01,0.01
52,0.03,0.02,0.01,0.01,0.01,0.01,0.01,0.02
53,0.01,0.0,0.0,0.01,0.01,0.02,0.01,0.01
54,0.03,0.01,0.0,0.01,0.01,0.02,0.01,0.02
55,0.02,0.01,0.01,0.01,0.01,0.01,0.02,0.02
56,0.02,0.01,0.01,0.01,0.01,0.02,0.02,0.02
57,0.02,0.01,0.01,0.01,0.02,0.02,0.01,0.02
58,0.01,0.0,0.01,0.02,0.02,0.01,0.01,0.01
59,0.01,0.01,0.01,0.01,0.01,0.02,0.01,0.02
60,0.03,0.01,0.01,0.01,0.01,0.01,0.01,0.02
61,0.02,0.01,0.01,0.01,0.01,0.01,0.01,0.01
62,0.02,0.02,0.0,0.01,0.01,0.01,0.02,0.02
63,0.02,0.02,0.0,0.01,0.01,0.02,0.02,0.02
64,0.02,0.02,0.01,0.01,0.01,0.02,0.02,0.02
65,0.02,0.01,0.01,0.01,0.01,0.01,0.01,0.02
66,0.01,0.01,0.01,0.01,0.02,0.02,0.02,0.02
67,0.02,0.01,0.01,0.01,0.02,0.02,0.02,0.02
68,0.02,0.01,0.01,0.01,0.02,0.02,0.01,0.02
69,0.03,0.02,0.01,0.02,0.01,0.01,0.01,0.02
70,0.03,0.02,0.01,0.01,0.01,0.01,0.02,0.02
71,0.03,0.01,0.01,0.02,0.02,0.02,0.01,0.02
72,0.03,0.01,0.01,0.01,0.01,0.01,0.01,0.02
73,0.02,0.01,0.01,0.02,0.02,0.02,0.01,0.01
74,0.03,0.02,0.01,0.02,0.01,0.01,0.02,0.02
75,0.01,0.01,0.02,0.02,0.02,0.02,0.01,0.02
76,0.03,0.01,0.01,0.02,0.01,0.01,0.01,0.02
77,0.03,0.01,0.01,0.02,0.01,0.01,0.01,0.02
78,0.01,0.01,0.02,0.02,0.01,0.01,0.01,0.02
79,0.02,0.01,0.01,0.02,0.02,0.02,0.01,0.02
80,0.03,0.02,0.02,0.02,0.01,0.01,0.01,0.02
81,0.02,0.02,0.02,0.02,0.01,0.01,0.01,0.02
82,0.05,0.02,0.01,0.02,0.01,0.01,0.01,0.02
83,0.03,0.02,0.01,0.01,0.01,0.02,0.02,0.02
84,0.03,0.01,0.01,0.02,0.01,0.01,0.01,0.02
85,0.02,0.02,0.02,0.03,0.02,0.01,0.01,0.02
86,0.03,0.01,0.01,0.02,0.01,0.01,0.01,0.02
87,0.04,0.02,0.02,0.02,0.02,0.01,0.02,0.02
88,0.03,0.02,0.01,0.02,0.02,0.02,0.02,0.02
89,0.03,0.02,0.01,0.02,0.02,0.02,0.02,0.02
90,0.04,0.01,0.02,0.02,0.02,0.02,0.01,0.02
91,0.04,0.02,0.01,0.02,0.02,0.02,0.02,0.02
92,0.03,0.02,0.02,0.02,0.02,0.01,0.01,0.02
93,0.03,0.01,0.02,0.02,0.02,0.02,0.02,0.02
94,0.04,0.02,0.02,0.02,0.02,0.01,0.02,0.02
95,0.04,0.02,0.02,0.02,0.02,0.01,0.01,0.02
96,0.04,0.02,0.01,0.02,0.02,0.01,0.02,0.02
97,0.04,0.01,0.01,0.02,0.02,0.02,0.02,0.02
98,0.04,0.02,0.01,0.02,0.02,0.01,0.02,0.02
99,0.04,0.02,0.01,0.02,0.02,0.02,0.02,0.02
100,0.04,0.02,0.02,0.02,0.02,0.01,0.02,0.02
101,0.03,0.01,0.02,0.02,0.02,0.01,0.02,0.02
102,0.04,0.02,0.01,0.02,0.02,0.02,0.02,0.02
103,0.04,0.03,0.02,0.02,0.02,0.01,0.02,0.02
104,0.03,0.02,0.02,0.02,0.02,0.02,0.02,0.02
105,0.04,0.02,0.02,0.03,0.02,0.02,0.02,0.02
106,0.04,0.02,0.02,0.02,0.02,0.02,0.02,0.02
107,0.04,0.02,0.02,0.02,0.02,0.02,0.02,0.02
108,0.04,0.01,0.02,0.03,0.02,0.02,0.02,0.02
109,0.03,0.02,0.02,0.03,0.02,0.02,0.02,0.02
110,0.03,0.02,0.02,0.03,0.02,0.02,0.02,0.02
111,0.03,0.02,0.02,0.03,0.02,0.02,0.02,0.02
112,0.04,0.03,0.02,0.03,0.02,0.02,0.01,0.02
113,0.03,0.02,0.02,0.03,0.02,0.02,0.02,0.02
114,0.04,0.02,0.01,0.03,0.02,0.02,0.02,0.02
115,0.04,0.02,0.01,0.03,0.03,0.02,0.02,0.02
116,0.04,0.02,0.02,0.03,0.03,0.02,0.02,0.02
117,0.03,0.02,0.02,0.03,0.02,0.02,0.02,0.03
118,0.04,0.02,0.02,0.03,0.02,0.02,0.02,0.02
119,0.04,0.02,0.02,0.03,0.02,0.02,0.02,0.03
120,0.04,0.03,0.01,0.03,0.02,0.02,0.02,0.02
121,0.04,0.02,0.02,0.03,0.02,0.02,0.02,0.02
122,0.04,0.02,0.02,0.03,0.02,0.02,0.02,0.02
123,0.04,0.02,0.02,0.03,0.02,0.02,0.01,0.02
124,0.03,0.02,0.02,0.03,0.03,0.02,0.01,0.02
125,0.05,0.02,0.02,0.03,0.02,0.02,0.02,0.02
126,0.03,0.02,0.02,0.03,0.02,0.02,0.02,0.02
127,0.04,0.03,0.02,0.03,0.02,0.02,0.02,0.02
128,0.04,0.02,0.02,0.03,0.03,0.02,0.02,0.03
129,0.04,0.02,0.02,0.03,0.02,0.02,0.02,0.02
130,0.04,0.02,0.02,0.03,0.02,0.02,0.02,0.03
131,0.04,0.02,0.02,0.04,0.02,0.02,0.02,0.02
132,0.04,0.02,0.02,0.03,0.02,0.02,0.02,0.02
133,0.04,0.02,0.02,0.03,0.02,0.02,0.02,0.02
134,0.04,0.02,0.02,0.04,0.02,0.02,0.02,0.02
135,0.04,0.03,0.02,0.03,0.02,0.02,0.02,0.02
136,0.04,0.02,0.02,0.03,0.02,0.02,0.02,0.02
137,0.05,0.02,0.02,0.04,0.02,0.02,0.02,0.03
138,0.04,0.03,0.02,0.04,0.02,0.01,0.02,0.02
139,0.04,0.02,0.02,0.03,0.02,0.02,0.02,0.02
140,0.03,0.02,0.02,0.03,0.03,0.02,0.02,0.02
141,0.03,0.02,0.02,0.03,0.03,0.02,0.01,0.03
142,0.04,0.02,0.02,0.03,0.02,0.02,0.02,0.02
143,0.04,0.02,0.02,0.04,0.02,0.02,0.02,0.02
144,0.04,0.03,0.02,0.04,0.02,0.02,0.01,0.02
145,0.04,0.03,0.02,0.04,0.02,0.02,0.02,0.02
146,0.04,0.02,0.02,0.03,0.02,0.02,0.01,0.02
147,0.04,0.02,0.02,0.04,0.02,0.02,0.02,0.02
148,0.04,0.02,0.02,0.04,0.02,0.01,0.02,0.02
149,0.04,0.02,0.02,0.04,0.02,0.02,0.02,0.02
150,0.04,0.02,0.02,0.04,0.02,0.02,0.02,0.02
151,0.04,0.02,0.02,0.04,0.02,0.01,0.02,0.02
152,0.04,0.02,0.02,0.04,0.02,0.02,0.02,0.02
153,0.04,0.02,0.02,0.04,0.02,0.02,0.02,0.02
154,0.04,0.03,0.02,0.04,0.02,0.02,0.02,0.02
155,0.04,0.03,0.02,0.04,0.02,0.02,0.01,0.02
156,0.04,0.02,0.02,0.04,0.02,0.02,0.02,0.03
157,0.04,0.02,0.02,0.04,0.03,0.02,0.02,0.02
158,0.04,0.03,0.02,0.04,0.03,0.02,0.02,0.02
159,0.04,0.02,0.02,0.04,0.02,0.02,0.02,0.02
160,0.04,0.02,0.02,0.04,0.02,0.02,0.02,0.02
161,0.04,0.02,0.02,0.04,0.02,0.02,0.02,0.03
162,0.04,0.02,0.02,0.04,0.02,0.02,0.02,0.02
163,0.04,0.03,0.02,0.04,0.03,0.02,0.02,0.02
164,0.04,0.02,0.02,0.04,0.03,0.02,0.02,0.02
165,0.04,0.02,0.03,0.04,0.03,0.02,0.02,0.02
166,0.04,0.02,0.02,0.04,0.03,0.02,0.02,0.03
167,0.04,0.03,0.02,0.04,0.02,0.02,0.02,0.03
168,0.04,0.02,0.02,0.04,0.02,0.02,0.02,0.02
169,0.04,0.02,0.02,0.04,0.02,0.02,0.02,0.02
170,0.04,0.02,0.02,0.04,0.02,0.02,0.02,0.02
171,0.04,0.02,0.02,0.04,0.03,0.02,0.02,0.02
172,0.04,0.02,0.02,0.04,0.02,0.02,0.02,0.03
173,0.04,0.02,0.02,0.04,0.03,0.02,0.02,0.02
174,0.04,0.03,0.02,0.04,0.02,0.02,0.02,0.02
175,0.06,0.03,0.02,0.04,0.03,0.02,0.01,0.02
176,0.05,0.02,0.02,0.04,0.03,0.02,0.02,0.03
177,0.04,0.02,0.02,0.04,0.03,0.02,0.02,0.02
178,0.04,0.03,0.03,0.04,0.02,0.02,0.02,0.02
179,0.04,0.03,0.02,0.04,0.02,0.02,0.02,0.03
180,0.05,0.02,0.02,0.04,0.03,0.02,0.02,0.03
181,0.04,0.02,0.03,0.04,0.02,0.02,0.02,0.03
182,0.04,0.02,0.03,0.04,0.02,0.02,0.02,0.03
183,0.04,0.02,0.02,0.04,0.02,0.02,0.02,0.03
184,0.04,0.02,0.02,0.04,0.02,0.02,0.02,0.03
185,0.04,0.02,0.03,0.04,0.03,0.02,0.02,0.02
186,0.04,0.02,0.03,0.04,0.03,0.02,0.02,0.02
187,0.05,0.02,0.03,0.04,0.03,0.02,0.02,0.02
188,0.04,0.02,0.02,0.04,0.02,0.02,0.02,0.03
189,0.04,0.03,0.02,0.04,0.03,0.02,0.02,0.02
190,0.04,0.02,0.02,0.04,0.02,0.02,0.02,0.02
191,0.04,0.03,0.02,0.04,0.02,0.02,0.02,0.03
192,0.04,0.02,0.03,0.04,0.03,0.02,0.02,0.02
193,0.05,0.02,0.02,0.04,0.03,0.02,0.02,0.02
194,0.04,0.02,0.02,0.04,0.02,0.02,0.02,0.02
195,0.04,0.02,0.02,0.04,0.02,0.02,0.02,0.03
196,0.04,0.01,0.02,0.04,0.03,0.02,0.02,0.02
197,0.04,0.03,0.03,0.04,0.03,0.02,0.02,0.02
198,0.05,0.03,0.02,0.04,0.02,0.02,0.02,0.02
199,0.04,0.03,0.02,0.04,0.02,0.02,0.01,0.02
200,0.05,0.02,0.02,0.04,0.03,0.02,0.02,0.02
201,0.04,0.02,0.03,0.04,0.03,0.02,0.01,0.02
202,0.03,0.02,0.03,0.04,0.02,0.02,0.01,0.02
203,0.05,0.02,0.02,0.04,0.02,0.02,0.01,0.02
204,0.04,0.02,0.02,0.04,0.03,0.02,0.02,0.02
205,0.05,0.03,0.02,0.04,0.02,0.02,0.01,0.02
206,0.04,0.02,0.02,0.04,0.02,0.02,0.02,0.02
207,0.04,0.02,0.02,0.04,0.02,0.02,0.02,0.02
208,0.04,0.02,0.03,0.04,0.02,0.02,0.02,0.02
209,0.04,0.02,0.02,0.04,0.03,0.02,0.02,0.02
210,0.04,0.02,0.02,0.04,0.03,0.02,0.01,0.02
211,0.04,0.02,0.02,0.04,0.02,0.02,0.01,0.02
212,0.04,0.02,0.02,0.04,0.02,0.02,0.01,0.02
213,0.04,0.02,0.02,0.04,0.03,0.02,0.02,0.02
214,0.04,0.02,0.02,0.04,0.03,0.02,0.02,0.02
215,0.04,0.02,0.02,0.04,0.02,0.02,0.01,0.02
216,0.04,0.02,0.02,0.04,0.02,0.02,0.01,0.02
217,0.04,0.02,0.02,0.04,0.02,0.02,0.02,0.02
218,0.04,0.02,0.02,0.04,0.02,0.02,0.01,0.02
219,0.04,0.01,0.02,0.04,0.02,0.02,0.02,0.02
220,0.04,0.02,0.02,0.04,0.03,0.02,0.02,0.02
221,0.04,0.02,0.02,0.04,0.03,0.02,0.01,0.02
222,0.04,0.02,0.02,0.04,0.03,0.02,0.01,0.02
223,0.04,0.02,0.02,0.04,0.02,0.02,0.02,0.02
224,0.04,0.02,0.02,0.04,0.02,0.02,0.02,0.02
225,0.04,0.02,0.02,0.04,0.02,0.02,0.01,0.02
226,0.04,0.02,0.02,0.04,0.02,0.02,0.02,0.02
227,0.03,0.02,0.02,0.05,0.02,0.02,0.01,0.02
228,0.04,0.02,0.02,0.04,0.02,0.02,0.01,0.02
229,0.03,0.02,0.02,0.04,0.02,0.02,0.02,0.02
230,0.04,0.01,0.02,0.04,0.02,0.02,0.01,0.02
231,0.04,0.02,0.02,0.04,0.02,0.02,0.01,0.02
232,0.04,0.01,0.02,0.05,0.02,0.02,0.02,0.02
233,0.04,0.02,0.03,0.05,0.02,0.02,0.02,0.02
234,0.04,0.0,0.02,0.05,0.02,0.02,0.02,0.02
235,0.03,0.01,0.02,0.04,0.02,0.02,0.01,0.02
236,0.03,0.02,0.02,0.04,0.02,0.02,0.01,0.02
237,0.04,0.02,0.02,0.05,0.02,0.02,0.01,0.02
238,0.03,0.02,0.01,0.04,0.02,0.02,0.02,0.02
239,0.04,0.02,0.02,0.05,0.02,0.02,0.01,0.02
240,0.04,0.01,0.02,0.04,0.02,0.02,0.01,0.02
241,0.04,0.01,0.02,0.04,0.02,0.02,0.01,0.02
242,0.04,0.02,0.02,0.04,0.02,0.02,0.01,0.02
243,0.04,0.01,0.02,0.04,0.02,0.02,0.02,0.02
244,0.04,0.02,0.02,0.04,0.02,0.02,0.01,0.02
245,0.04,0.02,0.01,0.04,0.02,0.02,0.01,0.02
246,0.03,0.02,0.01,0.04,0.02,0.02,0.02,0.02
247,0.04,0.01,0.02,0.04,0.02,0.02,0.01,0.02
248,0.03,0.02,0.02,0.04,0.02,0.01,0.01,0.02
249,0.04,0.02,0.02,0.04,0.02,0.02,0.01,0.02
250,0.04,0.02,0.02,0.04,0.02,0.01,0.01,0.02
251,0.04,0.02,0.02,0.04,0.02,0.02,0.01,0.02
252,0.04,0.02,0.02,0.04,0.02,0.02,0.01,0.02
253,0.03,0.02,0.02,0.04,0.02,0.02,0.01,0.02
254,0.04,0.02,0.01,0.04,0.02,0.01,0.01,0.02
255,0.03,0.01,0.01,0.04,0.02,0.01,0.01,0.02
256,0.04,0.01,0.02,0.05,0.02,0.01,0.01,0.02
257,0.03,0.02,0.02,0.04,0.02,0.01,0.01,0.02
258,0.04,0.01,0.02,0.04,0.02,0.02,0.01,0.02
259,0.04,0.01,0.02,0.04,0.02,0.01,0.01,0.02
260,0.03,0.02,0.01,0.04,0.02,0.02,0.01,0.02
261,0.04,0.02,0.01,0.04,0.02,0.01,0.01,0.02
262,0.04,0.02,0.02,0.05,0.02,0.01,0.01,0.02
263,0.04,0.01,0.02,0.05,0.02,0.01,0.01,0.02
264,0.04,0.02,0.02,0.04,0.02,0.02,0.01,0.02
265,0.03,0.01,0.02,0.04,0.02,0.02,0.01,0.02
266,0.04,0.02,0.02,0.05,0.02,0.02,0.01,0.02
267,0.04,0.01,0.03,0.05,0.02,0.02,0.01,0.02
268,0.04,0.01,0.02,0.04,0.02,0.02,0.01,0.02
269,0.04,0.02,0.02,0.04,0.02,0.02,0.01,0.02
270,0.04,0.02,0.02,0.04,0.02,0.02,0.01,0.02
271,0.04,0.01,0.02,0.04,0.02,0.01,0.01,0.02
272,0.04,0.02,0.02,0.05,0.02,0.02,0.01,0.01
273,0.04,0.02,0.02,0.05,0.02,0.02,0.01,0.02
274,0.05,0.01,0.02,0.05,0.02,0.01,0.01,0.02
275,0.04,0.02,0.02,0.05,0.02,0.02,0.01,0.02
276,0.05,0.02,0.02,0.04,0.02,0.02,0.01,0.02
277,0.05,0.02,0.02,0.05,0.02,0.02,0.01,0.02
278,0.03,0.02,0.02,0.04,0.02,0.01,0.01,0.02
279,0.03,0.01,0.02,0.04,0.02,0.01,0.01,0.02
280,0.04,0.01,0.02,0.04,0.02,0.01,0.01,0.02
281,0.04,0.02,0.02,0.05,0.02,0.01,0.01,0.02
282,0.03,0.02,0.01,0.04,0.02,0.02,0.01,0.02
283,0.04,0.02,0.01,0.04,0.02,0.02,0.01,0.02
284,0.03,0.01,0.02,0.04,0.02,0.02,0.01,0.02
285,0.05,0.02,0.02,0.05,0.02,0.02,0.01,0.02
286,0.04,0.02,0.02,0.04,0.02,0.02,0.01,0.02
287,0.04,0.01,0.02,0.04,0.02,0.02,0.01,0.02
288,0.03,0.01,0.02,0.05,0.02,0.01,0.01,0.02
289,0.03,0.02,0.02,0.05,0.02,0.02,0.01,0.02
290,0.04,0.01,0.02,0.05,0.02,0.01,0.01,0.02
291,0.03,0.02,0.02,0.05,0.02,0.01,0.01,0.02
292,0.03,0.01,0.02,0.04,0.02,0.02,0.01,0.02
293,0.04,0.02,0.02,0.04,0.02,0.02,0.01,0.02
294,0.03,0.02,0.02,0.04,0.02,0.01,0.01,0.02
295,0.03,0.02,0.02,0.04,0.02,0.02,0.01,0.02
296,0.04,0.02,0.02,0.04,0.02,0.02,0.01,0.02
297,0.03,0.02,0.02,0.05,0.02,0.01,0.01,0.02
298,0.03,0.01,0.01,0.04,0.02,0.01,0.01,0.02
299,0.04,0.02,0.02,0.05,0.02,0.01,0.01,0.02
300,0.04,0.01,0.02,0.05,0.02,0.02,0.01,0.02
301,0.03,0.01,0.02,0.05,0.02,0.01,0.01,0.02
302,0.03,0.01,0.02,0.05,0.02,0.01,0.01,0.02
303,0.03,0.01,0.02,0.05,0.02,0.01,0.01,0.02
304,0.04,0.01,0.01,0.05,0.02,0.01,0.01,0.02
305,0.05,0.01,0.02,0.05,0.02,0.01,0.01,0.02
306,0.05,0.01,0.02,0.05,0.02,0.01,0.01,0.02
307,0.03,0.01,0.02,0.05,0.02,0.01,0.01,0.02
308,0.03,0.0,0.02,0.05,0.02,0.02,0.01,0.02
309,0.03,0.02,0.02,0.04,0.02,0.01,0.01,0.02
310,0.04,0.02,0.02,0.05,0.02,0.01,0.01,0.02
311,0.03,0.02,0.01,0.05,0.02,0.01,0.01,0.02
312,0.03,0.02,0.02,0.05,0.02,0.01,0.01,0.02
313,0.04,0.02,0.02,0.05,0.02,0.02,0.01,0.02
314,0.04,0.02,0.02,0.05,0.02,0.02,0.01,0.02
315,0.04,0.01,0.02,0.05,0.02,0.01,0.01,0.02
316,0.04,0.01,0.02,0.05,0.02,0.01,0.01,0.01
317,0.04,0.01,0.02,0.05,0.02,0.01,0.01,0.02
318,0.04,0.01,0.02,0.05,0.01,0.01,0.01,0.02
319,0.04,0.01,0.02,0.05,0.02,0.01,0.01,0.01
320,0.03,0.01,0.02,0.05,0.02,0.02,0.01,0.02
321,0.03,0.02,0.02,0.05,0.01,0.01,0.01,0.02
322,0.04,0.01,0.02,0.05,0.01,0.01,0.01,0.02
323,0.04,0.01,0.02,0.05,0.02,0.01,0.01,0.02
324,0.03,0.01,0.02,0.05,0.02,0.01,0.01,0.02
325,0.04,0.02,0.02,0.05,0.02,0.02,0.01,0.02
326,0.03,0.02,0.02,0.05,0.01,0.01,0.01,0.02
327,0.04,0.01,0.02,0.05,0.02,0.02,0.01,0.02
328,0.04,0.01,0.02,0.05,0.02,0.01,0.01,0.02
329,0.04,0.02,0.02,0.05,0.02,0.02,0.01,0.02
330,0.04,0.01,0.02,0.05,0.02,0.01,0.01,0.02
331,0.04,0.02,0.02,0.05,0.02,0.02,0.01,0.02
332,0.04,0.01,0.01,0.05,0.02,0.02,0.01,0.02
333,0.04,0.02,0.02,0.05,0.02,0.01,0.01,0.02
334,0.03,0.01,0.02,0.05,0.02,0.01,0.01,0.02
335,0.04,0.02,0.02,0.05,0.02,0.01,0.01,0.01
336,0.04,0.02,0.02,0.05,0.02,0.02,0.01,0.02
337,0.03,0.01,0.02,0.05,0.02,0.01,0.01,0.02
338,0.03,0.02,0.02,0.05,0.02,0.02,0.01,0.02
339,0.04,0.02,0.02,0.05,0.02,0.02,0.01,0.02
340,0.05,0.02,0.02,0.05,0.02,0.02,0.01,0.02
341,0.04,0.02,0.02,0.05,0.02,0.02,0.01,0.01
342,0.04,0.01,0.02,0.05,0.02,0.01,0.01,0.02
343,0.04,0.02,0.02,0.05,0.02,0.01,0.01,0.01
344,0.05,0.02,0.02,0.05,0.02,0.01,0.01,0.01
345,0.04,0.01,0.02,0.05,0.02,0.01,0.01,0.02
346,0.05,0.02,0.02,0.05,0.02,0.01,0.01,0.01
347,0.03,0.02,0.02,0.05,0.02,0.01,0.01,0.02
348,0.04,0.02,0.02,0.05,0.02,0.01,0.01,0.01
349,0.04,0.0,0.02,0.05,0.02,0.01,0.01,0.01
350,0.04,0.02,0.02,0.05,0.02,0.02,0.01,0.01
351,0.04,0.01,0.02,0.05,0.02,0.02,0.01,0.02
352,0.04,0.02,0.02,0.05,0.02,0.01,0.01,0.01
353,0.04,0.02,0.02,0.06,0.02,0.02,0.01,0.01
354,0.05,0.0,0.02,0.05,0.02,0.02,0.01,0.01
355,0.04,0.02,0.02,0.05,0.02,0.02,0.01,0.02
356,0.04,0.02,0.02,0.06,0.02,0.01,0.01,0.02
357,0.04,0.01,0.02,0.05,0.02,0.02,0.01,0.02
358,0.04,0.02,0.02,0.05,0.02,0.01,0.01,0.01
359,0.04,0.01,0.02,0.05,0.02,0.02,0.01,0.02
360,0.04,0.01,0.02,0.05,0.02,0.02,0.01,0.02
361,0.05,0.02,0.02,0.05,0.02,0.02,0.01,0.02
362,0.04,0.01,0.02,0.05,0.02,0.01,0.01,0.01
363,0.04,0.0,0.02,0.05,0.02,0.02,0.01,0.01
364,0.04,0.02,0.02,0.05,0.02,0.02,0.01,0.01
365,0.04,0.0,0.02,0.05,0.02,0.02,0.01,0.01
366,0.04,0.01,0.02,0.05,0.02,0.01,0.01,0.01
367,0.04,0.01,0.02,0.05,0.02,0.02,0.01,0.02
368,0.03,0.01,0.02,0.06,0.02,0.02,0.01,0.02
369,0.04,0.02,0.02,0.05,0.02,0.02,0.01,0.02
370,0.04,0.02,0.02,0.05,0.02,0.02,0.01,0.01
371,0.04,0.01,0.02,0.06,0.02,0.01,0.01,0.02
372,0.04,0.02,0.02,0.05,0.02,0.01,0.01,0.01
373,0.04,0.02,0.02,0.05,0.02,0.02,0.01,0.02
374,0.04,0.01,0.02,0.05,0.02,0.02,0.01,0.01
375,0.04,0.01,0.02,0.05,0.02,0.02,0.01,0.02
376,0.04,0.02,0.02,0.05,0.02,0.01,0.01,0.02
377,0.04,0.02,0.02,0.05,0.02,0.01,0.01,0.01
378,0.05,0.01,0.02,0.06,0.02,0.01,0.01,0.01
379,0.04,0.01,0.02,0.05,0.02,0.02,0.01,0.02
380,0.04,0.01,0.02,0.05,0.02,0.02,0.01,0.01
381,0.04,0.01,0.02,0.05,0.02,0.01,0.01,0.02
382,0.04,0.01,0.02,0.05,0.02,0.01,0.01,0.01
383,0.04,0.02,0.02,0.06,0.02,0.01,0.01,0.01
384,0.04,0.01,0.02,0.05,0.02,0.02,0.01,0.02
385,0.04,0.01,0.02,0.05,0.02,0.01,0.01,0.01
386,0.04,0.0,0.02,0.05,0.02,0.02,0.01,0.01
387,0.03,0.01,0.02,0.06,0.02,0.01,0.01,0.01
388,0.04,0.01,0.02,0.05,0.02,0.01,0.01,0.01
389,0.05,0.01,0.02,0.05,0.02,0.01,0.01,0.01
390,0.04,0.02,0.02,0.06,0.02,0.02,0.01,0.01
391,0.05,0.01,0.02,0.05,0.02,0.02,0.01,0.02
392,0.04,0.02,0.02,0.05,0.02,0.01,0.01,0.02
393,0.04,0.02,0.02,0.05,0.02,0.01,0.01,0.01
394,0.04,0.0,0.02,0.05,0.02,0.02,0.01,0.01
395,0.04,0.02,0.02,0.06,0.02,0.01,0.01,0.01
396,0.04,0.02,0.02,0.05,0.02,0.01,0.01,0.01
397,0.04,0.02,0.02,0.05,0.02,0.01,0.01,0.01
398,0.04,0.01,0.02,0.06,0.02,0.02,0.01,0.02
399,0.04,0.02,0.02,0.06,0.02,0.01,0.01,0.01
400,0.04,0.02,0.02,0.05,0.02,0.01,0.01,0.01
401,0.04,0.02,0.02,0.05,0.02,0.02,0.01,0.02
402,0.04,0.02,0.03,0.05,0.02,0.01,0.01,0.01
403,0.04,0.01,0.03,0.06,0.03,0.01,0.01,0.01
404,0.04,0.02,0.02,0.05,0.02,0.01,0.01,0.01
405,0.05,0.01,0.02,0.05,0.02,0.01,0.01,0.01
406,0.04,0.02,0.02,0.05,0.03,0.01,0.02,0.02
407,0.05,0.02,0.03,0.06,0.03,0.02,0.02,0.02
408,0.05,0.02,0.03,0.06,0.03,0.01,0.02,0.02
409,0.06,0.02,0.03,0.05,0.02,0.01,0.02,0.02
410,0.05,0.02,0.04,0.06,0.03,0.01,0.02,0.02
411,0.06,0.02,0.03,0.05,0.02,0.01,0.02,0.02
412,0.06,0.02,0.03,0.05,0.02,0.01,0.02,0.02
413,0.06,0.02,0.04,0.06,0.03,0.01,0.02,0.02
414,0.07,0.02,0.03,0.05,0.02,0.01,0.02,0.02
415,0.07,0.03,0.04,0.06,0.02,0.02,0.02,0.02
416,0.07,0.03,0.04,0.06,0.03,0.02,0.03,0.03
417,0.08,0.03,0.04,0.06,0.03,0.02,0.03,0.02
418,0.11,0.03,0.05,0.06,0.03,0.02,0.03,0.02
419,0.11,0.04,0.05,0.06,0.03,0.02,0.03,0.03
420,0.11,0.04,0.06,0.06,0.03,0.02,0.03,0.03
421,0.11,0.04,0.06,0.07,0.04,0.02,0.03,0.03
422,0.11,0.05,0.06,0.07,0.04,0.02,0.03,0.03
423,0.12,0.05,0.06,0.06,0.04,0.02,0.03,0.03
424,0.15,0.06,0.07,0.07,0.03,0.02,0.03,0.03
425,0.16,0.06,0.07,0.06,0.03,0.02,0.04,0.03
426,0.14,0.05,0.07,0.07,0.03,0.02,0.04,0.03
427,0.14,0.06,0.08,0.06,0.04,0.03,0.04,0.03
428,0.16,0.06,0.08,0.07,0.03,0.02,0.04,0.03
429,0.15,0.07,0.08,0.07,0.03,0.02,0.04,0.03
430,0.17,0.08,0.08,0.07,0.04,0.02,0.04,0.04
431,0.18,0.08,0.09,0.08,0.04,0.03,0.05,0.04
432,0.17,0.08,0.09,0.07,0.04,0.03,0.05,0.04
433,0.18,0.09,0.09,0.08,0.04,0.03,0.05,0.04
434,0.2,0.08,0.09,0.08,0.05,0.04,0.05,0.05
435,0.19,0.08,0.1,0.08,0.05,0.04,0.05,0.05
436,0.2,0.1,0.1,0.07,0.04,0.03,0.05,0.05
437,0.23,0.1,0.1,0.08,0.05,0.04,0.05,0.05
438,0.21,0.11,0.11,0.08,0.05,0.03,0.06,0.05
439,0.22,0.11,0.11,0.08,0.05,0.04,0.05,0.05
440,0.23,0.11,0.1,0.07,0.05,0.03,0.06,0.05
441,0.24,0.11,0.12,0.08,0.05,0.04,0.06,0.05
442,0.24,0.12,0.13,0.09,0.05,0.04,0.06,0.05
443,0.26,0.12,0.12,0.08,0.06,0.04,0.06,0.06
444,0.25,0.14,0.14,0.09,0.06,0.04,0.06,0.06
445,0.28,0.14,0.15,0.09,0.06,0.04,0.07,0.06
446,0.26,0.14,0.15,0.09,0.06,0.05,0.07,0.06
447,0.27,0.15,0.14,0.09,0.06,0.05,0.07,0.06
448,0.3,0.15,0.15,0.1,0.07,0.05,0.08,0.06
449,0.28,0.15,0.16,0.1,0.07,0.05,0.08,0.06
450,0.29,0.16,0.16,0.1,0.07,0.05,0.08,0.06
451,0.29,0.16,0.16,0.1,0.07,0.06,0.08,0.08
452,0.3,0.17,0.17,0.1,0.07,0.06,0.09,0.08
453,0.32,0.17,0.18,0.1,0.07,0.06,0.09,0.08
454,0.31,0.17,0.18,0.11,0.07,0.06,0.09,0.08
455,0.32,0.18,0.18,0.1,0.07,0.06,0.1,0.08
456,0.32,0.19,0.19,0.11,0.08,0.06,0.1,0.08
457,0.32,0.19,0.19,0.11,0.08,0.07,0.1,0.08
458,0.34,0.19,0.2,0.11,0.08,0.07,0.1,0.08
459,0.33,0.2,0.21,0.11,0.08,0.06,0.1,0.09
460,0.33,0.19,0.21,0.12,0.08,0.07,0.11,0.1
461,0.33,0.21,0.22,0.12,0.08,0.07,0.11,0.1
462,0.35,0.22,0.24,0.12,0.1,0.08,0.13,0.11
463,0.36,0.22,0.24,0.13,0.1,0.08,0.13,0.11
464,0.35,0.22,0.24,0.13,0.1,0.08,0.14,0.11
465,0.36,0.23,0.26,0.13,0.1,0.08,0.14,0.12
466,0.38,0.22,0.26,0.13,0.1,0.09,0.15,0.12
467,0.36,0.23,0.26,0.13,0.1,0.09,0.15,0.12
468,0.36,0.24,0.26,0.13,0.1,0.09,0.15,0.13
469,0.37,0.24,0.27,0.13,0.12,0.09,0.15,0.13
470,0.37,0.25,0.27,0.13,0.11,0.09,0.16,0.13
471,0.38,0.25,0.28,0.14,0.12,0.1,0.16,0.14
472,0.39,0.26,0.28,0.14,0.12,0.1,0.16,0.14
473,0.39,0.25,0.28,0.14,0.12,0.1,0.16,0.14
474,0.39,0.27,0.28,0.14,0.12,0.1,0.17,0.14
475,0.39,0.28,0.28,0.15,0.12,0.1,0.17,0.14
476,0.39,0.27,0.3,0.15,0.13,0.11,0.17,0.15
477,0.4,0.27,0.3,0.15,0.13,0.12,0.17,0.16
478,0.4,0.28,0.3,0.15,0.13,0.11,0.18,0.16
479,0.41,0.29,0.3,0.15,0.14,0.12,0.18,0.16
480,0.41,0.29,0.3,0.15,0.14,0.12,0.18,0.16
481,0.42,0.3,0.31,0.16,0.14,0.12,0.18,0.16
482,0.45,0.3,0.32,0.16,0.15,0.12,0.18,0.17
483,0.44,0.3,0.32,0.16,0.14,0.12,0.18,0.17
484,0.43,0.29,0.32,0.16,0.15,0.14,0.18,0.18
485,0.44,0.3,0.33,0.16,0.15,0.14,0.19,0.18
486,0.45,0.31,0.33,0.16,0.15,0.14,0.19,0.18
487,0.44,0.32,0.33,0.16,0.16,0.14,0.19,0.18
488,0.45,0.3,0.34,0.17,0.16,0.14,0.19,0.18
489,0.46,0.32,0.34,0.17,0.16,0.14,0.2,0.18
490,0.46,0.31,0.34,0.18,0.16,0.14,0.2,0.18
491,0.46,0.32,0.35,0.18,0.17,0.14,0.2,0.18
492,0.46,0.33,0.36,0.18,0.17,0.15,0.2,0.2
493,0.47,0.32,0.37,0.18,0.18,0.16,0.21,0.2
494,0.48,0.32,0.37,0.18,0.18,0.16,0.21,0.2
495,0.48,0.33,0.37,0.19,0.18,0.16,0.22,0.2
496,0.5,0.35,0.37,0.18,0.19,0.16,0.22,0.2
497,0.5,0.35,0.38,0.19,0.19,0.16,0.22,0.2
498,0.5,0.36,0.38,0.18,0.19,0.16,0.23,0.2
499,0.53,0.36,0.4,0.19,0.2,0.18,0.23,0.21
500,0.54,0.38,0.4,0.19,0.2,0.18,0.24,0.22
501,0.53,0.39,0.41,0.19,0.2,0.18,0.24,0.22
502,0.53,0.4,0.42,0.2,0.21,0.18,0.25,0.22
503,0.54,0.4,0.43,0.2,0.21,0.18,0.25,0.23
504,0.54,0.42,0.44,0.21,0.22,0.18,0.27,0.24
505,0.54,0.42,0.44,0.21,0.23,0.19,0.27,0.24
506,0.54,0.44,0.45,0.21,0.23,0.19,0.28,0.24
507,0.55,0.45,0.46,0.21,0.23,0.19,0.29,0.25
508,0.55,0.46,0.47,0.21,0.24,0.2,0.3,0.26
509,0.55,0.47,0.48,0.22,0.24,0.21,0.3,0.27
510,0.56,0.47,0.48,0.22,0.24,0.21,0.31,0.27
511,0.57,0.48,0.5,0.23,0.26,0.22,0.32,0.27
512,0.57,0.47,0.5,0.23,0.26,0.22,0.32,0.28
513,0.57,0.48,0.52,0.23,0.26,0.22,0.33,0.29
514,0.57,0.48,0.52,0.23,0.26,0.23,0.34,0.29
515,0.58,0.48,0.53,0.24,0.27,0.23,0.34,0.3
516,0.58,0.49,0.53,0.24,0.28,0.23,0.35,0.3
517,0.58,0.49,0.54,0.24,0.28,0.24,0.35,0.31
518,0.58,0.49,0.54,0.24,0.28,0.24,0.36,0.31
519,0.58,0.49,0.54,0.25,0.29,0.25,0.37,0.32
520,0.58,0.49,0.55,0.25,0.3,0.25,0.37,0.32
521,0.59,0.5,0.57,0.25,0.31,0.27,0.4,0.34
522,0.59,0.49,0.58,0.26,0.32,0.27,0.4,0.34
523,0.6,0.49,0.59,0.27,0.33,0.28,0.41,0.35
524,0.6,0.5,0.6,0.27,0.33,0.28,0.42,0.35
525,0.61,0.5,0.61,0.28,0.33,0.29,0.43,0.36
526,0.61,0.5,0.61,0.28,0.33,0.29,0.43,0.37
527,0.64,0.5,0.63,0.29,0.35,0.3,0.45,0.39
528,0.64,0.51,0.63,0.29,0.35,0.31,0.45,0.39
529,0.64,0.52,0.65,0.29,0.37,0.32,0.47,0.41
530,0.64,0.52,0.65,0.29,0.37,0.33,0.47,0.41
531,0.64,0.52,0.66,0.3,0.38,0.33,0.49,0.42
532,0.64,0.53,0.66,0.3,0.38,0.34,0.49,0.42
533,0.67,0.53,0.68,0.3,0.39,0.34,0.5,0.43
534,0.68,0.54,0.68,0.31,0.4,0.35,0.51,0.44
535,0.68,0.54,0.69,0.31,0.4,0.36,0.51,0.45
536,0.68,0.55,0.7,0.32,0.41,0.36,0.52,0.45
537,0.67,0.55,0.7,0.33,0.42,0.37,0.52,0.46
538,0.69,0.55,0.71,0.33,0.42,0.38,0.52,0.46
539,0.68,0.56,0.71,0.33,0.42,0.38,0.53,0.47
540,0.68,0.56,0.71,0.34,0.43,0.39,0.53,0.47
541,0.68,0.56,0.71,0.34,0.43,0.39,0.53,0.48
542,0.69,0.57,0.72,0.34,0.43,0.39,0.53,0.48
543,0.71,0.58,0.73,0.34,0.44,0.4,0.53,0.49
544,0.71,0.58,0.73,0.34,0.44,0.4,0.54,0.49
545,0.72,0.58,0.73,0.35,0.44,0.4,0.54,0.49
546,0.69,0.59,0.73,0.35,0.45,0.41,0.54,0.49
547,0.69,0.58,0.73,0.36,0.45,0.41,0.54,0.49
548,0.71,0.6,0.74,0.36,0.45,0.42,0.54,0.49
549,0.7,0.6,0.74,0.36,0.46,0.42,0.54,0.49
550,0.7,0.6,0.74,0.36,0.46,0.43,0.55,0.49
551,0.7,0.61,0.75,0.38,0.47,0.44,0.55,0.5
552,0.69,0.61,0.76,0.38,0.48,0.44,0.55,0.5
553,0.7,0.61,0.75,0.38,0.48,0.45,0.56,0.51
554,0.71,0.61,0.75,0.39,0.48,0.45,0.56,0.51
555,0.69,0.61,0.76,0.39,0.49,0.46,0.56,0.52
556,0.71,0.62,0.76,0.39,0.49,0.46,0.57,0.52
557,0.7,0.62,0.76,0.4,0.49,0.46,0.56,0.52
558,0.68,0.63,0.76,0.41,0.49,0.46,0.57,0.52
559,0.68,0.64,0.77,0.41,0.5,0.47,0.57,0.52
560,0.68,0.63,0.77,0.41,0.5,0.47,0.58,0.53
561,0.68,0.65,0.77,0.42,0.52,0.48,0.58,0.53
562,0.68,0.65,0.78,0.42,0.52,0.49,0.59,0.53
563,0.68,0.66,0.78,0.42,0.52,0.49,0.59,0.54
564,0.67,0.66,0.78,0.43,0.52,0.49,0.6,0.54
565,0.67,0.66,0.78,0.43,0.52,0.5,0.59,0.54
566,0.66,0.66,0.78,0.43,0.52,0.5,0.6,0.54
567,0.65,0.66,0.78,0.43,0.53,0.5,0.6,0.54
568,0.65,0.65,0.78,0.44,0.54,0.51,0.61,0.55
569,0.64,0.65,0.78,0.44,0.54,0.51,0.61,0.55
570,0.64,0.65,0.78,0.45,0.54,0.52,0.61,0.55
571,0.63,0.65,0.78,0.45,0.54,0.52,0.62,0.56
572,0.62,0.65,0.78,0.45,0.55,0.53,0.62,0.56
573,0.62,0.65,0.78,0.45,0.55,0.53,0.63,0.56
574,0.64,0.64,0.78,0.45,0.55,0.53,0.63,0.57
575,0.63,0.65,0.78,0.46,0.56,0.53,0.63,0.57
576,0.63,0.65,0.78,0.47,0.56,0.54,0.63,0.58
577,0.63,0.65,0.79,0.47,0.56,0.54,0.64,0.59
578,0.63,0.65,0.79,0.47,0.56,0.55,0.64,0.59
579,0.64,0.64,0.79,0.48,0.57,0.55,0.64,0.59
580,0.65,0.66,0.79,0.48,0.57,0.56,0.65,0.6
581,0.65,0.66,0.79,0.48,0.57,0.56,0.65,0.6
582,0.65,0.65,0.8,0.49,0.58,0.56,0.66,0.6
583,0.66,0.65,0.8,0.49,0.58,0.56,0.66,0.61
584,0.66,0.65,0.8,0.49,0.58,0.57,0.66,0.61
585,0.67,0.65,0.8,0.5,0.59,0.57,0.66,0.61
586,0.68,0.66,0.81,0.5,0.59,0.57,0.66,0.61
587,0.68,0.66,0.81,0.5,0.59,0.57,0.66,0.61
588,0.68,0.67,0.81,0.5,0.6,0.58,0.66,0.61
589,0.69,0.66,0.82,0.5,0.6,0.58,0.67,0.61
590,0.68,0.67,0.82,0.5,0.6,0.58,0.67,0.61
591,0.68,0.67,0.82,0.5,0.6,0.59,0.67,0.61
592,0.69,0.68,0.82,0.51,0.6,0.59,0.67,0.61
593,0.69,0.68,0.83,0.52,0.61,0.6,0.68,0.62
594,0.69,0.68,0.83,0.52,0.62,0.6,0.68,0.62
595,0.71,0.68,0.84,0.52,0.62,0.6,0.68,0.62
596,0.7,0.68,0.84,0.52,0.62,0.6,0.69,0.63
597,0.73,0.69,0.84,0.52,0.62,0.6,0.69,0.63
598,0.71,0.69,0.84,0.53,0.63,0.6,0.7,0.63
599,0.73,0.7,0.85,0.53,0.63,0.61,0.71,0.63
600,0.73,0.7,0.85,0.54,0.64,0.61,0.71,0.64
601,0.73,0.7,0.86,0.54,0.64,0.62,0.72,0.65
602,0.73,0.7,0.85,0.54,0.64,0.62,0.72,0.65
603,0.74,0.7,0.85,0.55,0.65,0.62,0.73,0.65
604,0.74,0.7,0.85,0.55,0.65,0.63,0.73,0.65
605,0.75,0.7,0.85,0.55,0.66,0.63,0.73,0.65
606,0.75,0.7,0.85,0.55,0.66,0.63,0.74,0.66
607,0.75,0.71,0.86,0.56,0.66,0.64,0.74,0.66
608,0.74,0.71,0.86,0.56,0.66,0.64,0.74,0.67
609,0.74,0.72,0.86,0.56,0.68,0.65,0.75,0.68
610,0.75,0.72,0.86,0.57,0.68,0.65,0.75,0.68
611,0.74,0.72,0.87,0.57,0.68,0.65,0.76,0.68
612,0.74,0.72,0.87,0.57,0.68,0.66,0.76,0.69
613,0.74,0.72,0.87,0.57,0.69,0.66,0.76,0.69
614,0.74,0.72,0.87,0.58,0.7,0.67,0.76,0.69
615,0.74,0.73,0.87,0.58,0.7,0.67,0.76,0.69
616,0.73,0.72,0.88,0.59,0.7,0.67,0.76,0.69
617,0.74,0.73,0.87,0.59,0.7,0.68,0.75,0.69
618,0.74,0.73,0.88,0.59,0.71,0.68,0.75,0.7
619,0.73,0.74,0.88,0.6,0.71,0.68,0.75,0.7
620,0.73,0.73,0.88,0.6,0.72,0.69,0.75,0.7
621,0.72,0.72,0.88,0.6,0.72,0.69,0.75,0.7
622,0.73,0.73,0.88,0.6,0.72,0.69,0.75,0.7
623,0.72,0.73,0.88,0.61,0.72,0.7,0.75,0.7
624,0.72,0.72,0.88,0.61,0.72,0.7,0.75,0.7
625,0.71,0.72,0.88,0.61,0.73,0.7,0.75,0.7
626,0.72,0.72,0.89,0.61,0.73,0.7,0.75,0.7
627,0.71,0.72,0.88,0.61,0.73,0.71,0.75,0.7
628,0.74,0.72,0.89,0.62,0.73,0.71,0.75,0.7
629,0.72,0.71,0.89,0.63,0.73,0.71,0.76,0.7
630,0.71,0.71,0.89,0.62,0.73,0.71,0.76,0.7
631,0.72,0.72,0.89,0.63,0.73,0.71,0.76,0.7
632,0.74,0.73,0.89,0.63,0.74,0.71,0.77,0.71
633,0.74,0.72,0.89,0.63,0.74,0.71,0.78,0.71
634,0.73,0.73,0.89,0.63,0.74,0.72,0.78,0.72
635,0.73,0.74,0.9,0.64,0.74,0.72,0.78,0.72
636,0.74,0.74,0.9,0.64,0.75,0.72,0.78,0.72
637,0.74,0.74,0.9,0.64,0.75,0.72,0.78,0.72
638,0.75,0.74,0.9,0.64,0.75,0.73,0.79,0.72
639,0.74,0.74,0.91,0.65,0.75,0.73,0.8,0.72
640,0.74,0.75,0.91,0.65,0.75,0.73,0.79,0.73
641,0.74,0.75,0.91,0.66,0.75,0.73,0.8,0.74
642,0.74,0.75,0.91,0.66,0.75,0.73,0.8,0.73
643,0.74,0.75,0.9,0.66,0.75,0.73,0.8,0.74
644,0.75,0.75,0.91,0.66,0.76,0.74,0.8,0.74
645,0.75,0.77,0.91,0.66,0.76,0.73,0.81,0.75
646,0.76,0.77,0.91,0.66,0.76,0.74,0.81,0.75
647,0.75,0.77,0.91,0.67,0.76,0.74,0.81,0.75
648,0.75,0.77,0.92,0.67,0.76,0.74,0.82,0.76
649,0.77,0.77,0.91,0.67,0.76,0.74,0.82,0.75
650,0.76,0.78,0.92,0.67,0.77,0.74,0.82,0.76
651,0.76,0.78,0.92,0.68,0.77,0.75,0.82,0.76
652,0.76,0.77,0.91,0.68,0.77,0.75,0.82,0.76
653,0.77,0.79,0.91,0.68,0.77,0.75,0.82,0.76
654,0.77,0.8,0.92,0.68,0.77,0.76,0.82,0.77
655,0.77,0.79,0.91,0.68,0.77,0.76,0.82,0.77
656,0.77,0.8,0.92,0.69,0.78,0.76,0.82,0.77
657,0.78,0.8,0.91,0.69,0.78,0.76,0.83,0.77
658,0.78,0.8,0.91,0.7,0.78,0.77,0.83,0.77
659,0.8,0.81,0.91,0.7,0.78,0.77,0.83,0.77
660,0.79,0.81,0.91,0.7,0.78,0.77,0.83,0.78
661,0.79,0.81,0.91,0.7,0.78,0.77,0.83,0.77
662,0.79,0.82,0.91,0.7,0.78,0.77,0.83,0.77
663,0.8,0.81,0.91,0.7,0.79,0.77,0.83,0.78
664,0.8,0.82,0.92,0.7,0.79,0.77,0.82,0.77
665,0.8,0.82,0.92,0.71,0.79,0.78,0.82,0.78
666,0.81,0.82,0.91,0.71,0.79,0.77,0.82,0.78
667,0.82,0.82,0.91,0.71,0.79,0.78,0.82,0.78
668,0.8,0.82,0.91,0.71,0.79,0.78,0.82,0.78
669,0.81,0.82,0.91,0.71,0.79,0.78,0.82,0.77
670,0.81,0.81,0.91,0.71,0.79,0.77,0.82,0.78
671,0.8,0.81,0.91,0.72,0.8,0.77,0.82,0.78
672,0.8,0.81,0.9,0.72,0.8,0.77,0.82,0.77
673,0.81,0.82,0.9,0.72,0.8,0.78,0.82,0.78
674,0.8,0.81,0.9,0.72,0.79,0.78,0.81,0.78
675,0.81,0.81,0.9,0.72,0.79,0.78,0.81,0.78
676,0.82,0.82,0.9,0.72,0.79,0.78,0.81,0.78
677,0.81,0.82,0.9,0.73,0.79,0.78,0.81,0.78
678,0.82,0.81,0.9,0.73,0.79,0.78,0.81,0.78
679,0.82,0.81,0.9,0.73,0.79,0.78,0.82,0.78
680,0.81,0.81,0.9,0.73,0.79,0.78,0.82,0.78
681,0.81,0.82,0.9,0.73,0.79,0.78,0.82,0.78
682,0.81,0.82,0.9,0.73,0.79,0.78,0.81,0.78
683,0.82,0.82,0.9,0.73,0.79,0.78,0.81,0.78
684,0.83,0.83,0.9,0.73,0.8,0.78,0.82,0.79
685,0.82,0.83,0.9,0.73,0.8,0.79,0.82,0.78
686,0.82,0.84,0.9,0.73,0.8,0.78,0.82,0.79
687,0.82,0.83,0.9,0.73,0.8,0.79,0.83,0.79
688,0.82,0.84,0.9,0.74,0.8,0.79,0.83,0.79
689,0.82,0.85,0.9,0.74,0.81,0.79,0.83,0.79
690,0.82,0.86,0.9,0.74,0.81,0.79,0.84,0.79
691,0.82,0.86,0.9,0.74,0.81,0.8,0.84,0.8
692,0.82,0.86,0.91,0.75,0.81,0.8,0.84,0.8
693,0.82,0.85,0.91,0.75,0.81,0.8,0.85,0.81
694,0.82,0.86,0.92,0.75,0.81,0.8,0.84,0.81
695,0.82,0.86,0.92,0.75,0.81,0.81,0.85,0.81
696,0.82,0.86,0.92,0.76,0.82,0.81,0.85,0.82
697,0.82,0.86,0.92,0.76,0.82,0.82,0.85,0.82
698,0.82,0.86,0.93,0.76,0.83,0.82,0.87,0.83
699,0.83,0.86,0.94,0.76,0.83,0.83,0.86,0.84
700,0.82,0.86,0.94,0.77,0.84,0.83,0.87,0.84
701,0.83,0.86,0.94,0.77,0.84,0.83,0.87,0.84
702,0.83,0.85,0.94,0.77,0.84,0.83,0.86,0.84
703,0.85,0.86,0.94,0.77,0.84,0.84,0.87,0.84
704,0.84,0.85,0.95,0.78,0.85,0.84,0.87,0.85
705,0.85,0.84,0.94,0.78,0.85,0.84,0.87,0.85
706,0.84,0.85,0.95,0.78,0.86,0.84,0.88,0.86
707,0.84,0.85,0.94,0.78,0.85,0.85,0.87,0.86
708,0.84,0.84,0.94,0.78,0.86,0.85,0.88,0.85
709,0.85,0.84,0.95,0.79,0.86,0.85,0.88,0.85
710,0.84,0.84,0.96,0.79,0.86,0.86,0.88,0.86
711,0.84,0.84,0.95,0.79,0.86,0.86,0.88,0.86
712,0.85,0.83,0.95,0.79,0.86,0.86,0.88,0.86
713,0.85,0.83,0.95,0.79,0.87,0.86,0.89,0.86
714,0.85,0.83,0.95,0.79,0.87,0.86,0.89,0.86
715,0.85,0.82,0.95,0.8,0.87,0.86,0.9,0.86
716,0.86,0.82,0.94,0.8,0.87,0.86,0.9,0.86
717,0.86,0.82,0.95,0.8,0.87,0.86,0.9,0.87
718,0.87,0.81,0.94,0.8,0.88,0.87,0.9,0.87
719,0.86,0.81,0.94,0.8,0.88,0.87,0.9,0.87
720,0.86,0.81,0.94,0.8,0.88,0.87,0.9,0.87
721,0.86,0.81,0.94,0.81,0.89,0.87,0.9,0.87
722,0.86,0.81,0.94,0.81,0.88,0.87,0.9,0.87
723,0.86,0.8,0.93,0.81,0.88,0.87,0.9,0.87
724,0.87,0.81,0.93,0.81,0.88,0.87,0.9,0.87
725,0.87,0.81,0.94,0.81,0.88,0.87,0.9,0.87
726,0.86,0.81,0.94,0.81,0.88,0.88,0.89,0.87
727,0.87,0.8,0.94,0.81,0.88,0.88,0.89,0.87
728,0.89,0.81,0.93,0.81,0.89,0.88,0.89,0.87
729,0.87,0.8,0.93,0.82,0.88,0.88,0.89,0.87
730,0.87,0.8,0.93,0.81,0.88,0.88,0.89,0.87
731,0.88,0.81,0.94,0.82,0.89,0.88,0.89,0.87
732,0.88,0.81,0.94,0.82,0.89,0.88,0.88,0.88
733,0.87,0.81,0.94,0.82,0.89,0.88,0.89,0.87
734,0.87,0.81,0.94,0.82,0.89,0.88,0.88,0.87
735,0.87,0.81,0.94,0.82,0.89,0.88,0.88,0.87
736,0.88,0.8,0.93,0.82,0.89,0.89,0.88,0.87
737,0.85,0.8,0.93,0.82,0.89,0.89,0.88,0.87
738,0.85,0.8,0.94,0.82,0.89,0.89,0.88,0.88
739,0.86,0.8,0.94,0.82,0.89,0.89,0.88,0.87
740,0.85,0.8,0.94,0.82,0.89,0.88,0.88,0.88
741,0.86,0.8,0.94,0.82,0.89,0.88,0.88,0.87
742,0.85,0.8,0.94,0.83,0.89,0.89,0.88,0.88
743,0.85,0.81,0.94,0.83,0.89,0.89,0.88,0.88
744,0.85,0.8,0.94,0.82,0.89,0.89,0.89,0.88
745,0.85,0.8,0.95,0.82,0.89,0.89,0.9,0.88
746,0.87,0.81,0.95,0.83,0.89,0.89,0.9,0.89
747,0.87,0.8,0.95,0.83,0.89,0.89,0.9,0.89
748,0.88,0.82,0.95,0.83,0.89,0.89,0.91,0.89
749,0.86,0.82,0.95,0.84,0.89,0.89,0.91,0.89
750,0.86,0.83,0.95,0.84,0.89,0.9,0.91,0.89
751,0.87,0.84,0.95,0.84,0.9,0.9,0.92,0.9
752,0.87,0.84,0.95,0.84,0.9,0.9,0.92,0.9
753,0.88,0.86,0.95,0.84,0.91,0.9,0.92,0.9
754,0.89,0.86,0.96,0.84,0.91,0.91,0.92,0.91
755,0.88,0.87,0.96,0.84,0.91,0.91,0.93,0.91
756,0.88,0.87,0.96,0.84,0.91,0.91,0.92,0.91
757,0.89,0.87,0.96,0.84,0.91,0.91,0.93,0.91
758,0.88,0.87,0.96,0.85,0.91,0.91,0.93,0.92
759,0.88,0.88,0.96,0.85,0.92,0.92,0.94,0.92
760,0.88,0.88,0.96,0.85,0.92,0.92,0.94,0.92
761,0.88,0.88,0.96,0.85,0.92,0.92,0.94,0.92
762,0.88,0.87,0.96,0.86,0.92,0.92,0.94,0.92
763,0.89,0.88,0.96,0.86,0.92,0.92,0.95,0.93
764,0.87,0.87,0.96,0.86,0.92,0.92,0.95,0.93
765,0.87,0.87,0.96,0.86,0.92,0.92,0.95,0.92
766,0.87,0.87,0.96,0.86,0.93,0.93,0.95,0.93
767,0.87,0.87,0.96,0.86,0.93,0.93,0.96,0.94
768,0.86,0.87,0.96,0.86,0.93,0.94,0.95,0.94
769,0.86,0.87,0.96,0.86,0.93,0.94,0.96,0.94
770,0.88,0.85,0.96,0.86,0.93,0.94,0.96,0.93
771,0.87,0.85,0.95,0.86,0.93,0.93,0.96,0.94
772,0.86,0.85,0.95,0.86,0.93,0.94,0.95,0.94
773,0.86,0.85,0.95,0.86,0.94,0.93,0.95,0.94
774,0.86,0.85,0.95,0.86,0.94,0.94,0.95,0.94
775,0.86,0.85,0.95,0.87,0.94,0.94,0.95,0.94
776,0.88,0.85,0.95,0.86,0.94,0.94,0.95,0.94
777,0.86,0.85,0.95,0.86,0.94,0.94,0.95,0.94
778,0.86,0.83,0.94,0.87,0.94,0.94,0.94,0.94
779,0.87,0.84,0.95,0.87,0.94,0.94,0.94,0.94
780,0.86,0.84,0.95,0.87,0.94,0.94,0.94,0.94
781,0.86,0.83,0.94,0.88,0.94,0.94,0.94,0.94
782,0.86,0.83,0.94,0.88,0.94,0.94,0.94,0.94
783,0.86,0.83,0.94,0.88,0.94,0.94,0.94,0.94
784,0.86,0.83,0.94,0.88,0.94,0.94,0.94,0.93
785,0.86,0.82,0.94,0.88,0.94,0.94,0.94,0.94
786,0.87,0.82,0.94,0.88,0.94,0.94,0.94,0.93
787,0.85,0.82,0.94,0.88,0.94,0.94,0.93,0.93
788,0.85,0.83,0.94,0.88,0.94,0.94,0.93,0.92
789,0.87,0.82,0.94,0.88,0.94,0.94,0.93,0.92
790,0.85,0.81,0.95,0.88,0.94,0.94,0.93,0.92
791,0.84,0.81,0.95,0.88,0.94,0.94,0.92,0.92
792,0.84,0.81,0.95,0.88,0.94,0.94,0.92,0.92
793,0.84,0.81,0.95,0.88,0.94,0.94,0.92,0.92
794,0.84,0.81,0.94,0.88,0.94,0.94,0.92,0.91
795,0.87,0.81,0.94,0.89,0.94,0.94,0.92,0.91
796,0.84,0.81,0.95,0.89,0.94,0.94,0.92,0.91
797,0.85,0.81,0.94,0.89,0.94,0.94,0.91,0.91
798,0.84,0.8,0.95,0.89,0.94,0.94,0.91,0.9
799,0.84,0.81,0.95,0.89,0.94,0.94,0.9,0.9
800,0.83,0.8,0.95,0.89,0.94,0.94,0.91,0.9
801,0.83,0.81,0.95,0.89,0.94,0.94,0.9,0.89
802,0.84,0.81,0.95,0.89,0.94,0.94,0.9,0.89
803,0.85,0.82,0.95,0.89,0.94,0.94,0.9,0.89
804,0.85,0.83,0.95,0.89,0.94,0.94,0.9,0.9
805,0.85,0.83,0.95,0.89,0.94,0.94,0.9,0.88
806,0.85,0.83,0.95,0.89,0.94,0.94,0.9,0.88
807,0.86,0.83,0.95,0.89,0.94,0.94,0.9,0.88
808,0.84,0.83,0.95,0.89,0.94,0.94,0.91,0.89
809,0.84,0.83,0.96,0.89,0.93,0.93,0.9,0.89
810,0.84,0.84,0.96,0.89,0.93,0.93,0.9,0.89
811,0.84,0.84,0.94,0.89,0.93,0.93,0.9,0.89
812,0.84,0.84,0.95,0.89,0.93,0.93,0.89,0.88
813,0.85,0.84,0.95,0.89,0.92,0.93,0.89,0.89
814,0.85,0.84,0.95,0.9,0.92,0.93,0.89,0.88
815,0.86,0.86,0.94,0.9,0.93,0.93,0.89,0.88
816,0.85,0.86,0.94,0.9,0.93,0.94,0.89,0.88
817,0.86,0.86,0.94,0.9,0.93,0.93,0.89,0.88
818,0.85,0.86,0.94,0.9,0.92,0.93,0.89,0.88
819,0.85,0.86,0.94,0.9,0.93,0.93,0.89,0.88
820,0.86,0.86,0.93,0.9,0.92,0.93,0.89,0.88
821,0.85,0.86,0.93,0.9,0.93,0.93,0.89,0.88
822,0.86,0.85,0.93,0.9,0.93,0.93,0.89,0.88
823,0.86,0.84,0.93,0.9,0.92,0.93,0.88,0.88
824,0.86,0.85,0.93,0.9,0.92,0.93,0.89,0.88
825,0.86,0.84,0.92,0.9,0.92,0.92,0.88,0.88
826,0.86,0.85,0.92,0.9,0.92,0.92,0.88,0.87
827,0.86,0.83,0.92,0.9,0.92,0.92,0.88,0.87
828,0.85,0.82,0.92,0.9,0.92,0.92,0.88,0.87
829,0.88,0.82,0.92,0.9,0.92,0.92,0.88,0.87
830,0.85,0.82,0.93,0.9,0.92,0.92,0.88,0.87
831,0.86,0.82,0.92,0.9,0.92,0.92,0.88,0.87
832,0.86,0.82,0.92,0.9,0.91,0.91,0.87,0.87
833,0.87,0.82,0.92,0.9,0.91,0.91,0.87,0.86
834,0.87,0.82,0.91,0.9,0.91,0.91,0.87,0.86
835,0.88,0.83,0.91,0.9,0.91,0.91,0.86,0.86
836,0.87,0.83,0.91,0.9,0.92,0.91,0.86,0.86
837,0.87,0.82,0.9,0.9,0.9,0.91,0.86,0.86
838,0.87,0.83,0.91,0.9,0.9,0.91,0.86,0.86
839,0.89,0.83,0.91,0.9,0.9,0.91,0.86,0.86
840,0.87,0.84,0.91,0.9,0.9,0.91,0.86,0.87
841,0.88,0.84,0.92,0.9,0.9,0.91,0.86,0.87
842,0.88,0.84,0.91,0.9,0.9,0.91,0.86,0.87
843,0.88,0.84,0.92,0.9,0.9,0.91,0.86,0.86
844,0.88,0.84,0.92,0.9,0.9,0.91,0.86,0.86
845,0.88,0.84,0.92,0.9,0.9,0.9,0.86,0.86
846,0.88,0.84,0.92,0.9,0.9,0.91,0.86,0.86
847,0.88,0.84,0.92,0.9,0.9,0.91,0.86,0.86
848,0.88,0.86,0.92,0.9,0.9,0.9,0.85,0.86
849,0.89,0.85,0.92,0.9,0.9,0.9,0.85,0.86
850,0.89,0.85,0.92,0.9,0.9,0.9,0.85,0.86
851,0.89,0.86,0.92,0.9,0.9,0.9,0.85,0.86
852,0.89,0.86,0.92,0.9,0.9,0.9,0.85,0.86
853,0.88,0.86,0.92,0.9,0.89,0.9,0.85,0.86
854,0.89,0.87,0.92,0.9,0.9,0.9,0.85,0.86
855,0.89,0.87,0.92,0.9,0.9,0.9,0.85,0.86
856,0.89,0.89,0.92,0.9,0.89,0.9,0.84,0.86
857,0.9,0.89,0.92,0.9,0.9,0.9,0.85,0.86
858,0.89,0.89,0.92,0.9,0.9,0.9,0.84,0.86
859,0.89,0.89,0.92,0.9,0.89,0.9,0.84,0.85
860,0.89,0.9,0.93,0.9,0.89,0.9,0.84,0.86
861,0.9,0.9,0.93,0.9,0.9,0.9,0.85,0.86
862,0.89,0.9,0.92,0.9,0.89,0.9,0.85,0.86
863,0.88,0.9,0.93,0.9,0.89,0.9,0.85,0.86
864,0.89,0.91,0.93,0.9,0.9,0.9,0.85,0.86
865,0.88,0.91,0.94,0.9,0.9,0.9,0.85,0.86
866,0.88,0.9,0.93,0.91,0.9,0.9,0.85,0.86
867,0.89,0.91,0.94,0.91,0.9,0.9,0.85,0.86
868,0.88,0.91,0.93,0.91,0.9,0.9,0.85,0.86
869,0.88,0.91,0.94,0.92,0.9,0.91,0.85,0.86
870,0.88,0.91,0.93,0.92,0.9,0.91,0.86,0.86
871,0.88,0.91,0.94,0.92,0.9,0.9,0.86,0.87
872,0.89,0.91,0.94,0.92,0.91,0.91,0.86,0.87
873,0.87,0.91,0.94,0.92,0.91,0.91,0.86,0.88
874,0.89,0.91,0.94,0.92,0.91,0.91,0.86,0.88
875,0.89,0.92,0.94,0.92,0.91,0.91,0.87,0.88
876,0.88,0.9,0.95,0.92,0.92,0.92,0.87,0.88
877,0.89,0.91,0.94,0.92,0.92,0.92,0.87,0.89
878,0.89,0.91,0.95,0.92,0.92,0.92,0.87,0.89
879,0.88,0.92,0.95,0.93,0.92,0.93,0.87,0.89
880,0.89,0.91,0.94,0.93,0.92,0.92,0.87,0.89
881,0.9,0.92,0.94,0.93,0.92,0.93,0.87,0.89
882,0.89,0.92,0.94,0.93,0.92,0.92,0.86,0.89
883,0.89,0.92,0.94,0.93,0.92,0.93,0.87,0.89
884,0.89,0.93,0.95,0.93,0.92,0.93,0.87,0.9
885,0.91,0.93,0.94,0.93,0.92,0.93,0.86,0.89
886,0.9,0.94,0.95,0.94,0.92,0.93,0.86,0.89
887,0.92,0.94,0.95,0.94,0.93,0.93,0.86,0.9
888,0.91,0.95,0.95,0.94,0.92,0.93,0.86,0.89
889,0.91,0.94,0.96,0.94,0.92,0.93,0.85,0.89
890,0.92,0.95,0.96,0.94,0.92,0.93,0.85,0.89
891,0.92,0.95,0.96,0.94,0.92,0.93,0.85,0.9
892,0.92,0.95,0.96,0.94,0.93,0.93,0.85,0.89
893,0.92,0.94,0.96,0.94,0.93,0.93,0.85,0.9
894,0.93,0.94,0.96,0.94,0.92,0.93,0.85,0.89
895,0.94,0.95,0.96,0.94,0.92,0.93,0.84,0.9
896,0.93,0.95,0.96,0.94,0.92,0.93,0.84,0.89
897,0.92,0.94,0.96,0.94,0.92,0.93,0.84,0.89
898,0.93,0.94,0.96,0.94,0.92,0.93,0.84,0.89
899,0.92,0.94,0.96,0.94,0.92,0.93,0.84,0.89
900,0.92,0.94,0.96,0.95,0.92,0.93,0.84,0.88
901,0.92,0.94,0.96,0.95,0.92,0.94,0.84,0.88
902,0.92,0.94,0.96,0.95,0.92,0.94,0.83,0.89
903,0.92,0.94,0.95,0.95,0.92,0.93,0.83,0.88
904,0.92,0.94,0.95,0.95,0.92,0.93,0.82,0.88
905,0.92,0.93,0.95,0.95,0.92,0.93,0.82,0.88
906,0.91,0.92,0.95,0.95,0.92,0.93,0.82,0.87
907,0.91,0.92,0.94,0.95,0.92,0.93,0.82,0.87
908,0.92,0.92,0.94,0.96,0.91,0.93,0.82,0.87
909,0.9,0.91,0.94,0.96,0.91,0.93,0.82,0.87
910,0.9,0.91,0.93,0.95,0.91,0.92,0.81,0.86
911,0.91,0.91,0.93,0.96,0.91,0.92,0.81,0.86
912,0.89,0.9,0.93,0.96,0.91,0.92,0.81,0.86
913,0.89,0.89,0.92,0.96,0.91,0.92,0.81,0.86
914,0.89,0.89,0.93,0.96,0.91,0.92,0.8,0.85
915,0.89,0.9,0.93,0.95,0.91,0.92,0.8,0.85
916,0.89,0.88,0.92,0.95,0.91,0.92,0.8,0.85
917,0.87,0.87,0.92,0.95,0.9,0.91,0.8,0.84
918,0.88,0.87,0.93,0.95,0.9,0.92,0.8,0.84
919,0.87,0.86,0.93,0.95,0.9,0.91,0.79,0.83
920,0.84,0.86,0.93,0.95,0.9,0.91,0.8,0.84
921,0.84,0.85,0.93,0.95,0.9,0.91,0.79,0.83
922,0.83,0.85,0.93,0.95,0.9,0.91,0.8,0.83
923,0.85,0.84,0.93,0.95,0.9,0.91,0.79,0.83
924,0.83,0.84,0.93,0.95,0.89,0.91,0.79,0.83
925,0.83,0.84,0.93,0.95,0.9,0.91,0.8,0.83
926,0.82,0.84,0.93,0.95,0.89,0.91,0.79,0.83
927,0.82,0.84,0.94,0.95,0.89,0.9,0.79,0.83
928,0.82,0.84,0.94,0.95,0.89,0.91,0.8,0.83
929,0.83,0.84,0.94,0.95,0.89,0.9,0.8,0.83
930,0.82,0.84,0.94,0.95,0.89,0.9,0.8,0.83
931,0.82,0.84,0.94,0.95,0.89,0.9,0.8,0.83
932,0.85,0.84,0.94,0.95,0.89,0.9,0.8,0.82
933,0.82,0.83,0.94,0.95,0.89,0.9,0.8,0.82
934,0.82,0.83,0.94,0.95,0.88,0.9,0.78,0.82
935,0.82,0.82,0.94,0.95,0.89,0.9,0.78,0.82
936,0.83,0.83,0.94,0.95,0.88,0.9,0.78,0.82
937,0.83,0.82,0.94,0.95,0.88,0.89,0.78,0.82
938,0.82,0.81,0.94,0.95,0.88,0.89,0.78,0.82
939,0.82,0.81,0.93,0.95,0.88,0.89,0.77,0.81
940,0.82,0.81,0.93,0.94,0.88,0.89,0.77,0.81
941,0.82,0.8,0.93,0.95,0.88,0.89,0.77,0.81
942,0.82,0.8,0.93,0.94,0.88,0.89,0.77,0.8
943,0.82,0.8,0.93,0.94,0.88,0.88,0.77,0.8
944,0.81,0.79,0.93,0.94,0.88,0.88,0.77,0.8
945,0.8,0.79,0.93,0.94,0.88,0.88,0.77,0.79
946,0.79,0.78,0.92,0.94,0.88,0.88,0.77,0.79
947,0.79,0.77,0.92,0.94,0.87,0.88,0.77,0.79
948,0.78,0.77,0.92,0.94,0.87,0.87,0.77,0.79
949,0.78,0.76,0.92,0.94,0.87,0.87,0.77,0.78
950,0.77,0.76,0.91,0.94,0.87,0.87,0.76,0.78
951,0.77,0.76,0.92,0.94,0.87,0.87,0.76,0.78
952,0.76,0.76,0.92,0.94,0.87,0.87,0.76,0.78
953,0.75,0.76,0.92,0.94,0.87,0.87,0.77,0.78
954,0.75,0.75,0.91,0.93,0.86,0.87,0.77,0.78
955,0.75,0.76,0.91,0.93,0.86,0.87,0.77,0.77
956,0.75,0.75,0.91,0.93,0.86,0.86,0.76,0.77
957,0.74,0.75,0.91,0.93,0.86,0.86,0.77,0.77
958,0.73,0.75,0.91,0.93,0.86,0.86,0.76,0.77
959,0.73,0.75,0.91,0.93,0.86,0.86,0.76,0.77
960,0.72,0.75,0.91,0.93,0.86,0.86,0.77,0.77
961,0.73,0.75,0.91,0.93,0.85,0.85,0.76,0.76
962,0.72,0.74,0.91,0.92,0.85,0.85,0.77,0.77
963,0.72,0.75,0.91,0.93,0.85,0.85,0.77,0.76
964,0.73,0.75,0.91,0.92,0.85,0.85,0.76,0.76
965,0.74,0.75,0.91,0.92,0.85,0.85,0.77,0.76
966,0.75,0.75,0.91,0.92,0.85,0.85,0.77,0.76
967,0.75,0.76,0.91,0.92,0.85,0.85,0.77,0.76
968,0.75,0.78,0.92,0.92,0.85,0.85,0.78,0.76
969,0.75,0.78,0.91,0.92,0.85,0.85,0.78,0.77
970,0.75,0.78,0.92,0.92,0.84,0.85,0.78,0.76
971,0.76,0.79,0.92,0.92,0.84,0.85,0.78,0.77
972,0.77,0.8,0.92,0.92,0.85,0.85,0.78,0.77
973,0.77,0.8,0.92,0.92,0.84,0.85,0.79,0.77
974,0.77,0.8,0.92,0.92,0.85,0.85,0.78,0.77
975,0.78,0.8,0.92,0.92,0.84,0.85,0.78,0.77
976,0.78,0.79,0.92,0.92,0.85,0.85,0.78,0.78
977,0.81,0.81,0.92,0.92,0.85,0.85,0.79,0.78
978,0.8,0.79,0.92,0.92,0.84,0.85,0.78,0.77
979,0.81,0.81,0.92,0.92,0.85,0.84,0.79,0.77
980,0.82,0.81,0.93,0.92,0.84,0.85,0.78,0.77
981,0.8,0.8,0.93,0.92,0.84,0.84,0.79,0.77
982,0.81,0.8,0.93,0.91,0.84,0.85,0.79,0.77
983,0.81,0.8,0.93,0.91,0.84,0.84,0.79,0.78
984,0.82,0.79,0.93,0.91,0.84,0.84,0.79,0.78
985,0.82,0.79,0.93,0.91,0.84,0.84,0.79,0.77
986,0.81,0.8,0.93,0.91,0.84,0.84,0.79,0.77
987,0.82,0.79,0.93,0.91,0.84,0.84,0.79,0.77
988,0.81,0.79,0.93,0.91,0.84,0.84,0.79,0.77
989,0.82,0.79,0.93,0.91,0.84,0.84,0.79,0.77
990,0.81,0.79,0.93,0.91,0.84,0.84,0.79,0.77
991,0.81,0.79,0.92,0.91,0.84,0.84,0.79,0.77
992,0.81,0.78,0.92,0.91,0.84,0.84,0.79,0.77
993,0.81,0.78,0.92,0.91,0.84,0.84,0.79,0.77
994,0.82,0.79,0.92,0.91,0.84,0.84,0.79,0.77
995,0.83,0.79,0.92,0.91,0.84,0.84,0.79,0.77
996,0.82,0.8,0.92,0.91,0.84,0.84,0.79,0.77
997,0.82,0.79,0.92,0.91,0.83,0.84,0.79,0.77
998,0.82,0.8,0.92,0.91,0.84,0.84,0.79,0.77
999,0.82,0.8,0.91,0.91,0.84,0.84,0.8,0.77
1000,0.82,0.8,0.92,0.91,0.84,0.84,0.79,0.77
1001,0.82,0.81,0.92,0.91,0.84,0.84,0.8,0.77
1002,0.83,0.81,0.92,0.91,0.84,0.84,0.8,0.77
1003,0.83,0.82,0.92,0.91,0.84,0.84,0.79,0.77
1004,0.83,0.83,0.92,0.91,0.84,0.84,0.8,0.77
1005,0.84,0.83,0.92,0.9,0.84,0.84,0.8,0.78
1006,0.84,0.84,0.92,0.91,0.84,0.84,0.8,0.78
1007,0.85,0.84,0.93,0.91,0.84,0.84,0.8,0.78
1008,0.84,0.85,0.92,0.91,0.84,0.84,0.8,0.78
1009,0.86,0.84,0.92,0.9,0.84,0.84,0.8,0.78
1010,0.84,0.85,0.92,0.9,0.84,0.84,0.8,0.78
1011,0.84,0.85,0.92,0.91,0.84,0.84,0.81,0.78
1012,0.84,0.85,0.92,0.91,0.84,0.84,0.81,0.79
1013,0.85,0.86,0.92,0.91,0.84,0.84,0.81,0.79
1014,0.85,0.86,0.93,0.91,0.84,0.84,0.83,0.8
1015,0.85,0.86,0.93,0.91,0.84,0.84,0.83,0.8
1016,0.85,0.87,0.93,0.91,0.84,0.84,0.84,0.81
1017,0.85,0.87,0.93,0.91,0.85,0.84,0.84,0.82
1018,0.85,0.87,0.94,0.91,0.85,0.84,0.85,0.82
1019,0.85,0.89,0.94,0.91,0.85,0.85,0.85,0.82
1020,0.85,0.88,0.94,0.92,0.86,0.85,0.86,0.83
1021,0.85,0.88,0.95,0.92,0.86,0.85,0.87,0.83
1022,0.85,0.89,0.95,0.92,0.86,0.86,0.87,0.84
1023,0.86,0.88,0.95,0.92,0.86,0.86,0.87,0.84
1024,0.84,0.88,0.94,0.92,0.86,0.86,0.88,0.84
1025,0.85,0.88,0.95,0.92,0.86,0.86,0.88,0.85
1026,0.84,0.89,0.96,0.92,0.86,0.87,0.89,0.86
1027,0.84,0.88,0.96,0.92,0.86,0.86,0.88,0.85
1028,0.83,0.88,0.95,0.93,0.87,0.87,0.88,0.86
1029,0.84,0.89,0.95,0.93,0.87,0.87,0.88,0.86
1030,0.82,0.88,0.95,0.93,0.86,0.87,0.88,0.86
1031,0.82,0.88,0.95,0.93,0.87,0.87,0.88,0.86
1032,0.82,0.88,0.95,0.93,0.87,0.87,0.87,0.86
1033,0.82,0.88,0.94,0.93,0.87,0.87,0.86,0.85
1034,0.82,0.88,0.94,0.93,0.86,0.87,0.86,0.85
1035,0.81,0.88,0.94,0.93,0.87,0.87,0.86,0.86
1036,0.82,0.88,0.94,0.93,0.86,0.87,0.86,0.85
1037,0.81,0.88,0.94,0.93,0.86,0.87,0.85,0.85
1038,0.82,0.88,0.94,0.93,0.86,0.87,0.85,0.84
1039,0.81,0.88,0.94,0.93,0.86,0.87,0.85,0.85
1040,0.82,0.88,0.94,0.93,0.86,0.87,0.85,0.84
1041,0.82,0.87,0.94,0.93,0.86,0.87,0.84,0.84
1042,0.82,0.87,0.94,0.93,0.86,0.87,0.84,0.84
1043,0.82,0.87,0.94,0.93,0.86,0.87,0.84,0.84
1044,0.84,0.88,0.94,0.93,0.86,0.87,0.84,0.83
1045,0.85,0.88,0.94,0.93,0.86,0.87,0.83,0.83
1046,0.83,0.88,0.94,0.93,0.86,0.87,0.83,0.83
1047,0.85,0.88,0.94,0.93,0.86,0.87,0.83,0.83
1048,0.86,0.88,0.95,0.93,0.86,0.87,0.83,0.83
1049,0.85,0.87,0.95,0.94,0.86,0.86,0.83,0.82
1050,0.86,0.88,0.95,0.93,0.86,0.87,0.83,0.82
1051,0.85,0.88,0.95,0.93,0.86,0.86,0.83,0.82
1052,0.87,0.89,0.96,0.93,0.86,0.86,0.83,0.82
1053,0.86,0.89,0.96,0.93,0.86,0.86,0.82,0.82
1054,0.86,0.89,0.97,0.94,0.86,0.86,0.82,0.82
1055,0.88,0.9,0.96,0.94,0.85,0.86,0.82,0.82
1056,0.85,0.9,0.97,0.94,0.85,0.86,0.82,0.82
1057,0.85,0.9,0.97,0.94,0.85,0.86,0.82,0.81
1058,0.84,0.9,0.96,0.94,0.85,0.86,0.82,0.81
1059,0.84,0.9,0.97,0.94,0.85,0.86,0.82,0.81
1060,0.86,0.9,0.96,0.94,0.85,0.87,0.82,0.82
1061,0.84,0.9,0.96,0.94,0.85,0.86,0.82,0.81
1062,0.83,0.89,0.96,0.94,0.85,0.86,0.82,0.82
1063,0.84,0.89,0.96,0.94,0.86,0.86,0.83,0.82
1064,0.83,0.89,0.95,0.94,0.86,0.86,0.83,0.82
1065,0.83,0.89,0.94,0.94,0.86,0.86,0.83,0.81
1066,0.82,0.89,0.95,0.94,0.86,0.86,0.83,0.82
1067,0.82,0.89,0.94,0.94,0.85,0.86,0.83,0.82
1068,0.82,0.89,0.94,0.94,0.86,0.86,0.83,0.82
1069,0.82,0.89,0.94,0.94,0.86,0.86,0.83,0.82
1070,0.82,0.89,0.94,0.94,0.86,0.87,0.83,0.82
1071,0.82,0.89,0.93,0.94,0.86,0.86,0.83,0.82
1072,0.81,0.89,0.93,0.94,0.86,0.86,0.83,0.82
1073,0.81,0.88,0.93,0.94,0.86,0.86,0.84,0.82
1074,0.8,0.89,0.93,0.94,0.86,0.86,0.83,0.82
1075,0.8,0.89,0.93,0.95,0.86,0.87,0.84,0.82
1076,0.82,0.89,0.93,0.94,0.86,0.87,0.84,0.82
1077,0.82,0.89,0.93,0.95,0.86,0.87,0.84,0.82
1078,0.8,0.89,0.93,0.95,0.86,0.87,0.84,0.83
1079,0.8,0.88,0.93,0.94,0.86,0.87,0.84,0.82
1080,0.79,0.88,0.93,0.94,0.86,0.87,0.84,0.82
1081,0.8,0.88,0.93,0.94,0.86,0.87,0.85,0.83
1082,0.8,0.89,0.93,0.94,0.87,0.87,0.85,0.83
1083,0.8,0.89,0.93,0.94,0.86,0.87,0.85,0.84
1084,0.81,0.88,0.93,0.94,0.86,0.87,0.85,0.84
1085,0.8,0.89,0.94,0.94,0.86,0.88,0.85,0.84
1086,0.8,0.89,0.94,0.94,0.87,0.88,0.85,0.84
1087,0.81,0.89,0.94,0.95,0.87,0.88,0.86,0.84
1088,0.8,0.9,0.93,0.95,0.87,0.88,0.86,0.85
1089,0.8,0.9,0.93,0.95,0.88,0.88,0.86,0.85
1090,0.8,0.89,0.94,0.95,0.88,0.88,0.86,0.86
1091,0.8,0.89,0.94,0.95,0.87,0.88,0.86,0.85
1092,0.8,0.9,0.94,0.94,0.87,0.89,0.86,0.86
1093,0.8,0.9,0.94,0.94,0.87,0.89,0.86,0.85
1094,0.81,0.9,0.94,0.94,0.88,0.89,0.87,0.86
1095,0.81,0.9,0.94,0.94,0.88,0.89,0.87,0.86
1096,0.8,0.89,0.94,0.94,0.88,0.89,0.87,0.86
1097,0.8,0.89,0.94,0.94,0.88,0.89,0.87,0.86
1098,0.81,0.89,0.94,0.94,0.88,0.89,0.87,0.87
1099,0.81,0.88,0.93,0.95,0.88,0.89,0.87,0.87
1100,0.82,0.89,0.92,0.95,0.89,0.89,0.88,0.88
1101,0.81,0.88,0.92,0.95,0.89,0.89,0.87,0.87
1102,0.82,0.89,0.92,0.94,0.89,0.89,0.88,0.87
1103,0.82,0.89,0.92,0.95,0.89,0.9,0.89,0.88
1104,0.82,0.88,0.92,0.95,0.89,0.9,0.89,0.88
1105,0.82,0.88,0.92,0.95,0.89,0.89,0.89,0.88
1106,0.82,0.89,0.91,0.94,0.9,0.9,0.89,0.88
1107,0.82,0.89,0.91,0.95,0.9,0.9,0.89,0.88
1108,0.84,0.89,0.92,0.94,0.9,0.9,0.89,0.88
1109,0.83,0.89,0.91,0.94,0.9,0.9,0.89,0.89
1110,0.83,0.9,0.91,0.94,0.9,0.9,0.89,0.89
1111,0.85,0.9,0.91,0.94,0.9,0.9,0.89,0.89
1112,0.85,0.9,0.91,0.94,0.9,0.9,0.89,0.89
1113,0.86,0.9,0.91,0.94,0.9,0.9,0.89,0.89
1114,0.87,0.91,0.91,0.94,0.9,0.9,0.89,0.89
1115,0.87,0.91,0.91,0.94,0.9,0.9,0.89,0.89
1116,0.88,0.91,0.91,0.94,0.9,0.91,0.89,0.89
1117,0.89,0.91,0.91,0.94,0.9,0.9,0.88,0.89
1118,0.88,0.91,0.92,0.94,0.9,0.91,0.88,0.89
1119,0.88,0.92,0.92,0.94,0.9,0.91,0.88,0.89
1120,0.88,0.91,0.92,0.94,0.9,0.91,0.89,0.89
1121,0.9,0.92,0.94,0.94,0.91,0.91,0.89,0.9
1122,0.89,0.92,0.94,0.95,0.91,0.91,0.89,0.89
1123,0.89,0.91,0.94,0.95,0.91,0.91,0.89,0.89
1124,0.89,0.92,0.94,0.95,0.92,0.92,0.89,0.9
1125,0.9,0.91,0.95,0.95,0.91,0.92,0.89,0.9
1126,0.89,0.92,0.94,0.95,0.92,0.92,0.9,0.9
1127,0.91,0.91,0.95,0.95,0.92,0.92,0.9,0.9
1128,0.92,0.92,0.95,0.95,0.92,0.93,0.89,0.9
1129,0.92,0.92,0.95,0.95,0.93,0.93,0.9,0.9
1130,0.92,0.93,0.95,0.95,0.93,0.93,0.9,0.9
1131,0.9,0.92,0.94,0.95,0.93,0.93,0.89,0.9
1132,0.9,0.93,0.95,0.95,0.93,0.93,0.89,0.9
1133,0.9,0.93,0.95,0.96,0.93,0.93,0.89,0.9
1134,0.92,0.93,0.95,0.96,0.93,0.94,0.89,0.9
1135,0.92,0.93,0.94,0.96,0.93,0.94,0.88,0.9
1136,0.91,0.93,0.94,0.96,0.93,0.94,0.88,0.9
1137,0.9,0.93,0.94,0.96,0.93,0.94,0.88,0.9
1138,0.91,0.92,0.93,0.96,0.93,0.94,0.88,0.9
1139,0.89,0.92,0.94,0.96,0.93,0.94,0.88,0.89
1140,0.89,0.92,0.93,0.96,0.94,0.94,0.87,0.89
1141,0.89,0.92,0.92,0.96,0.93,0.94,0.87,0.89
1142,0.89,0.92,0.93,0.96,0.93,0.94,0.87,0.89
1143,0.88,0.92,0.92,0.96,0.93,0.93,0.87,0.89
1144,0.89,0.91,0.93,0.96,0.93,0.94,0.87,0.88
1145,0.89,0.91,0.92,0.96,0.93,0.94,0.86,0.88
1146,0.89,0.91,0.92,0.96,0.93,0.94,0.86,0.88
1147,0.87,0.91,0.92,0.96,0.93,0.94,0.86,0.88
1148,0.88,0.9,0.91,0.96,0.93,0.94,0.86,0.88
1149,0.88,0.9,0.91,0.96,0.93,0.94,0.87,0.88
1150,0.87,0.89,0.91,0.96,0.93,0.93,0.86,0.88
1151,0.87,0.89,0.91,0.96,0.93,0.94,0.86,0.88
1152,0.87,0.89,0.91,0.96,0.93,0.94,0.87,0.88
1153,0.87,0.89,0.91,0.96,0.92,0.93,0.87,0.88
1154,0.87,0.89,0.91,0.96,0.92,0.93,0.87,0.88
1155,0.88,0.88,0.91,0.96,0.93,0.93,0.87,0.88
1156,0.88,0.88,0.92,0.96,0.92,0.93,0.87,0.88
1157,0.88,0.89,0.91,0.95,0.92,0.93,0.87,0.88
1158,0.89,0.89,0.92,0.96,0.92,0.93,0.87,0.88
1159,0.88,0.89,0.92,0.96,0.92,0.93,0.87,0.88
1160,0.89,0.89,0.92,0.95,0.92,0.93,0.87,0.88
1161,0.89,0.91,0.93,0.95,0.92,0.94,0.87,0.88
1162,0.89,0.91,0.93,0.95,0.92,0.93,0.87,0.88
1163,0.91,0.92,0.93,0.95,0.92,0.93,0.88,0.88
1164,0.89,0.92,0.92,0.95,0.92,0.93,0.88,0.88
1165,0.9,0.92,0.93,0.95,0.92,0.94,0.88,0.88
1166,0.9,0.92,0.93,0.95,0.92,0.94,0.89,0.88
1167,0.9,0.93,0.93,0.95,0.93,0.94,0.89,0.89
1168,0.9,0.93,0.93,0.96,0.93,0.94,0.9,0.89
1169,0.91,0.93,0.94,0.96,0.93,0.94,0.9,0.89
1170,0.91,0.94,0.93,0.96,0.93,0.93,0.9,0.9
1171,0.93,0.94,0.95,0.96,0.93,0.94,0.91,0.9
1172,0.92,0.94,0.94,0.96,0.93,0.94,0.91,0.9
1173,0.92,0.94,0.94,0.96,0.93,0.94,0.92,0.91
1174,0.94,0.95,0.94,0.96,0.93,0.94,0.91,0.91
1175,0.91,0.95,0.94,0.96,0.93,0.95,0.92,0.92
1176,0.93,0.95,0.94,0.96,0.94,0.95,0.92,0.91
1177,0.94,0.95,0.94,0.96,0.93,0.95,0.92,0.92
1178,0.91,0.94,0.94,0.96,0.93,0.95,0.93,0.92
1179,0.92,0.94,0.94,0.96,0.94,0.95,0.93,0.93
1180,0.92,0.94,0.94,0.96,0.94,0.95,0.93,0.93
1181,0.94,0.95,0.95,0.97,0.94,0.95,0.94,0.93
1182,0.93,0.94,0.94,0.96,0.95,0.95,0.94,0.93
1183,0.94,0.94,0.94,0.97,0.94,0.95,0.94,0.93
1184,0.96,0.95,0.94,0.97,0.94,0.94,0.94,0.93
1185,0.95,0.94,0.94,0.97,0.95,0.95,0.94,0.94
1186,0.96,0.95,0.94,0.97,0.95,0.95,0.94,0.93
1187,0.96,0.94,0.94,0.97,0.95,0.95,0.94,0.93
1188,0.96,0.94,0.94,0.97,0.95,0.95,0.94,0.93
1189,0.97,0.94,0.94,0.97,0.95,0.95,0.94,0.93
1190,0.97,0.94,0.94,0.97,0.95,0.95,0.94,0.93
1191,0.97,0.93,0.94,0.97,0.95,0.95,0.94,0.93
1192,1.0,0.93,0.94,0.97,0.94,0.95,0.94,0.92
1193,0.98,0.93,0.94,0.97,0.94,0.95,0.94,0.92
1194,0.98,0.93,0.94,0.97,0.94,0.95,0.93,0.92
1195,0.97,0.92,0.94,0.97,0.94,0.95,0.93,0.92
1196,0.97,0.92,0.94,0.97,0.94,0.95,0.93,0.92
1197,0.97,0.92,0.93,0.97,0.95,0.95,0.93,0.91
1198,0.96,0.92,0.93,0.98,0.95,0.95,0.93,0.91
1199,0.96,0.91,0.93,0.97,0.95,0.95,0.92,0.91
1200,0.96,0.92,0.94,0.97,0.95,0.95,0.92,0.91
1201,0.97,0.92,0.93,0.97,0.95,0.95,0.91,0.91
1202,0.96,0.9,0.92,0.97,0.94,0.95,0.91,0.9
1203,0.97,0.89,0.93,0.97,0.94,0.94,0.91,0.9
1204,0.95,0.9,0.93,0.97,0.94,0.95,0.91,0.9
1205,0.95,0.89,0.91,0.97,0.94,0.94,0.89,0.89
1206,0.94,0.88,0.91,0.97,0.94,0.94,0.89,0.9
1207,0.95,0.88,0.91,0.97,0.93,0.94,0.89,0.89
1208,0.94,0.88,0.91,0.97,0.93,0.94,0.87,0.88
1209,0.94,0.89,0.9,0.97,0.93,0.94,0.87,0.88
1210,0.93,0.89,0.91,0.97,0.93,0.94,0.87,0.88
1211,0.93,0.89,0.91,0.97,0.93,0.93,0.87,0.87
1212,0.93,0.89,0.9,0.97,0.93,0.93,0.87,0.87
1213,0.92,0.89,0.9,0.97,0.93,0.93,0.87,0.87
1214,0.92,0.89,0.9,0.96,0.92,0.93,0.86,0.86
1215,0.92,0.89,0.9,0.96,0.92,0.93,0.86,0.86
1216,0.93,0.9,0.9,0.96,0.92,0.92,0.85,0.86
1217,0.92,0.9,0.9,0.97,0.92,0.92,0.86,0.86
1218,0.92,0.9,0.89,0.96,0.91,0.92,0.86,0.86
1219,0.9,0.9,0.9,0.97,0.91,0.92,0.86,0.85
1220,0.9,0.9,0.9,0.96,0.91,0.92,0.86,0.85
1221,0.9,0.89,0.9,0.96,0.91,0.92,0.87,0.85
1222,0.9,0.89,0.9,0.96,0.92,0.92,0.86,0.85
1223,0.89,0.9,0.91,0.96,0.92,0.92,0.87,0.86
1224,0.9,0.9,0.9,0.96,0.91,0.91,0.87,0.86
1225,0.89,0.88,0.9,0.96,0.91,0.91,0.88,0.85
1226,0.89,0.89,0.9,0.96,0.91,0.91,0.88,0.85
1227,0.89,0.88,0.9,0.96,0.91,0.91,0.87,0.85
1228,0.89,0.88,0.91,0.96,0.91,0.91,0.87,0.86
1229,0.9,0.89,0.91,0.96,0.91,0.91,0.88,0.86
1230,0.92,0.89,0.91,0.96,0.91,0.91,0.88,0.86
1231,0.89,0.89,0.91,0.96,0.91,0.91,0.88,0.86
1232,0.9,0.89,0.91,0.96,0.91,0.92,0.88,0.87
1233,0.9,0.88,0.91,0.96,0.91,0.91,0.88,0.86
1234,0.91,0.88,0.92,0.96,0.91,0.91,0.88,0.87
1235,0.9,0.89,0.91,0.96,0.91,0.91,0.88,0.87
1236,0.9,0.88,0.92,0.96,0.92,0.91,0.88,0.87
1237,0.91,0.88,0.91,0.96,0.91,0.91,0.88,0.87
1238,0.91,0.89,0.91,0.96,0.91,0.91,0.88,0.87
1239,0.91,0.89,0.92,0.96,0.92,0.91,0.89,0.87
1240,0.92,0.89,0.92,0.96,0.92,0.91,0.89,0.87
1241,0.91,0.89,0.92,0.97,0.92,0.91,0.89,0.88
1242,0.92,0.88,0.92,0.96,0.92,0.91,0.89,0.88
1243,0.92,0.88,0.92,0.96,0.92,0.91,0.89,0.88
1244,0.92,0.88,0.92,0.96,0.92,0.91,0.89,0.87
1245,0.93,0.88,0.91,0.96,0.92,0.92,0.9,0.88
1246,0.92,0.88,0.92,0.96,0.92,0.92,0.89,0.88
1247,0.92,0.88,0.92,0.96,0.92,0.92,0.9,0.89
1248,0.93,0.88,0.91,0.96,0.92,0.92,0.89,0.88
1249,0.93,0.88,0.91,0.96,0.93,0.92,0.89,0.88
1250,0.93,0.88,0.91,0.96,0.92,0.92,0.89,0.88
1251,0.93,0.88,0.91,0.96,0.93,0.92,0.89,0.88
1252,0.92,0.88,0.91,0.96,0.93,0.92,0.89,0.88
1253,0.92,0.88,0.92,0.96,0.92,0.92,0.89,0.88
1254,0.92,0.88,0.92,0.96,0.93,0.92,0.89,0.89
1255,0.92,0.87,0.92,0.96,0.92,0.92,0.88,0.88
1256,0.94,0.87,0.91,0.95,0.92,0.92,0.88,0.88
1257,0.93,0.87,0.91,0.96,0.93,0.92,0.88,0.88
1258,0.93,0.87,0.91,0.96,0.92,0.92,0.88,0.88
1259,0.93,0.86,0.92,0.96,0.92,0.92,0.88,0.88
1260,0.93,0.86,0.91,0.96,0.92,0.92,0.87,0.88
1261,0.94,0.87,0.92,0.96,0.92,0.92,0.87,0.88
1262,0.95,0.86,0.92,0.96,0.92,0.92,0.87,0.88
1263,0.95,0.86,0.92,0.96,0.92,0.92,0.87,0.88
1264,0.95,0.87,0.92,0.96,0.93,0.92,0.87,0.88
1265,0.94,0.86,0.92,0.96,0.92,0.92,0.87,0.88
1266,0.93,0.86,0.93,0.96,0.92,0.92,0.87,0.88
1267,0.93,0.85,0.92,0.96,0.92,0.92,0.86,0.88
1268,0.93,0.86,0.92,0.96,0.92,0.92,0.86,0.87
1269,0.92,0.85,0.92,0.96,0.92,0.92,0.85,0.87
1270,0.92,0.86,0.92,0.96,0.92,0.92,0.85,0.87
1271,0.93,0.85,0.92,0.96,0.92,0.92,0.85,0.87
1272,0.92,0.85,0.92,0.96,0.92,0.92,0.85,0.87
1273,0.92,0.86,0.91,0.95,0.92,0.92,0.85,0.87
1274,0.91,0.86,0.91,0.95,0.92,0.91,0.84,0.86
1275,0.92,0.85,0.92,0.95,0.91,0.91,0.84,0.86
1276,0.91,0.85,0.92,0.95,0.92,0.91,0.84,0.86
1277,0.91,0.86,0.92,0.95,0.91,0.91,0.84,0.86
1278,0.92,0.86,0.92,0.95,0.91,0.91,0.84,0.86
1279,0.92,0.85,0.92,0.95,0.91,0.91,0.84,0.86
1280,0.91,0.85,0.92,0.95,0.91,0.91,0.84,0.86
1281,0.91,0.86,0.92,0.95,0.91,0.91,0.84,0.85
1282,0.94,0.86,0.92,0.95,0.9,0.91,0.84,0.85
1283,0.91,0.86,0.93,0.95,0.91,0.91,0.84,0.85
1284,0.92,0.88,0.92,0.95,0.9,0.91,0.84,0.85
1285,0.92,0.88,0.92,0.95,0.9,0.91,0.84,0.85
1286,0.92,0.88,0.93,0.95,0.9,0.91,0.84,0.84
1287,0.93,0.88,0.92,0.95,0.9,0.91,0.84,0.85
1288,0.92,0.89,0.92,0.95,0.9,0.91,0.85,0.85
1289,0.93,0.9,0.92,0.95,0.9,0.91,0.85,0.85
1290,0.93,0.9,0.92,0.95,0.9,0.91,0.85,0.85
1291,0.92,0.9,0.92,0.96,0.9,0.91,0.86,0.85
1292,0.92,0.9,0.93,0.96,0.9,0.91,0.86,0.85
1293,0.92,0.91,0.93,0.95,0.9,0.91,0.86,0.85
1294,0.92,0.91,0.92,0.95,0.91,0.91,0.87,0.85
1295,0.93,0.91,0.92,0.95,0.91,0.91,0.87,0.86
1296,0.92,0.92,0.92,0.95,0.91,0.91,0.86,0.86
1297,0.92,0.91,0.92,0.95,0.91,0.91,0.87,0.86
1298,0.93,0.92,0.92,0.95,0.91,0.91,0.87,0.86
1299,0.93,0.92,0.92,0.95,0.91,0.91,0.87,0.87
1300,0.93,0.92,0.92,0.95,0.91,0.91,0.88,0.87
1301,0.93,0.92,0.92,0.95,0.91,0.91,0.88,0.88
1302,0.93,0.93,0.93,0.95,0.92,0.91,0.89,0.89
1303,0.94,0.93,0.92,0.95,0.91,0.92,0.89,0.89
1304,0.94,0.93,0.92,0.95,0.92,0.92,0.88,0.89
1305,0.95,0.93,0.92,0.96,0.92,0.92,0.88,0.89
1306,0.94,0.93,0.92,0.95,0.92,0.92,0.89,0.89
1307,0.94,0.93,0.92,0.95,0.92,0.92,0.89,0.89
1308,0.94,0.93,0.92,0.95,0.92,0.92,0.88,0.89
1309,0.95,0.93,0.92,0.96,0.92,0.92,0.88,0.89
1310,0.94,0.92,0.92,0.95,0.92,0.92,0.88,0.88
1311,0.94,0.92,0.92,0.96,0.92,0.92,0.88,0.88
1312,0.94,0.92,0.91,0.96,0.92,0.92,0.88,0.88
1313,0.94,0.92,0.91,0.96,0.92,0.92,0.88,0.88
1314,0.94,0.91,0.91,0.96,0.92,0.92,0.88,0.88
1315,0.94,0.91,0.91,0.96,0.92,0.92,0.87,0.88
1316,0.93,0.9,0.91,0.96,0.92,0.92,0.87,0.87
1317,0.93,0.9,0.91,0.96,0.92,0.92,0.87,0.87
1318,0.92,0.89,0.91,0.96,0.92,0.92,0.87,0.87
1319,0.91,0.88,0.91,0.96,0.92,0.92,0.87,0.87
1320,0.91,0.88,0.91,0.96,0.92,0.92,0.87,0.87
1321,0.9,0.89,0.92,0.96,0.92,0.92,0.87,0.87
1322,0.9,0.87,0.91,0.95,0.92,0.92,0.87,0.87
1323,0.89,0.88,0.92,0.95,0.91,0.92,0.87,0.87
1324,0.89,0.87,0.92,0.95,0.91,0.92,0.87,0.87
1325,0.88,0.87,0.92,0.95,0.91,0.91,0.87,0.86
1326,0.9,0.87,0.92,0.95,0.91,0.91,0.86,0.86
1327,0.88,0.86,0.92,0.95,0.91,0.91,0.86,0.85
1328,0.88,0.87,0.92,0.95,0.91,0.91,0.86,0.85
1329,0.88,0.87,0.93,0.95,0.91,0.91,0.86,0.85
1330,0.88,0.87,0.93,0.95,0.91,0.91,0.85,0.85
1331,0.89,0.87,0.93,0.95,0.91,0.9,0.85,0.85
1332,0.88,0.88,0.93,0.96,0.91,0.91,0.85,0.85
1333,0.88,0.87,0.94,0.95,0.91,0.91,0.85,0.86
1334,0.89,0.88,0.94,0.95,0.91,0.91,0.85,0.85
1335,0.89,0.87,0.94,0.95,0.9,0.9,0.85,0.85
1336,0.89,0.87,0.94,0.96,0.9,0.9,0.85,0.84
1337,0.88,0.86,0.94,0.96,0.9,0.9,0.85,0.84
1338,0.88,0.87,0.94,0.96,0.9,0.9,0.85,0.84
1339,0.87,0.87,0.94,0.96,0.9,0.9,0.85,0.84
1340,0.87,0.87,0.94,0.96,0.9,0.9,0.85,0.84
1341,0.87,0.86,0.94,0.96,0.9,0.9,0.84,0.84
1342,0.86,0.86,0.94,0.96,0.9,0.9,0.84,0.84
1343,0.86,0.86,0.94,0.96,0.9,0.9,0.84,0.84
1344,0.85,0.86,0.93,0.96,0.9,0.9,0.84,0.84
1345,0.85,0.86,0.93,0.96,0.9,0.9,0.84,0.84
1346,0.85,0.85,0.93,0.96,0.9,0.9,0.84,0.84
1347,0.84,0.86,0.93,0.96,0.9,0.9,0.84,0.84
1348,0.84,0.85,0.93,0.96,0.89,0.9,0.84,0.84
1349,0.83,0.85,0.93,0.96,0.89,0.9,0.84,0.83
1350,0.83,0.85,0.93,0.96,0.89,0.9,0.83,0.83
1351,0.82,0.85,0.92,0.96,0.89,0.89,0.83,0.83
1352,0.81,0.85,0.92,0.96,0.89,0.89,0.82,0.83
1353,0.81,0.86,0.92,0.96,0.89,0.89,0.82,0.83
1354,0.8,0.86,0.92,0.96,0.89,0.89,0.82,0.83
1355,0.78,0.85,0.92,0.96,0.88,0.89,0.82,0.82
1356,0.78,0.84,0.92,0.96,0.88,0.89,0.82,0.82
1357,0.77,0.85,0.91,0.95,0.88,0.89,0.83,0.82
1358,0.76,0.84,0.92,0.95,0.88,0.89,0.82,0.82
1359,0.75,0.84,0.91,0.95,0.88,0.89,0.82,0.83
1360,0.75,0.83,0.91,0.95,0.88,0.89,0.83,0.82
1361,0.74,0.84,0.9,0.95,0.87,0.88,0.82,0.82
1362,0.74,0.83,0.9,0.95,0.87,0.88,0.82,0.82
1363,0.74,0.82,0.9,0.95,0.87,0.88,0.82,0.82
1364,0.74,0.83,0.9,0.95,0.87,0.89,0.82,0.83
1365,0.72,0.83,0.9,0.95,0.87,0.89,0.82,0.83
1366,0.72,0.84,0.9,0.95,0.87,0.88,0.82,0.83
1367,0.69,0.82,0.89,0.95,0.86,0.88,0.82,0.83
1368,0.68,0.82,0.88,0.94,0.87,0.88,0.82,0.83
1369,0.69,0.82,0.88,0.94,0.87,0.88,0.82,0.83
1370,0.68,0.83,0.87,0.94,0.87,0.88,0.82,0.83
1371,0.67,0.82,0.87,0.94,0.86,0.88,0.82,0.83
1372,0.67,0.82,0.87,0.94,0.86,0.88,0.82,0.83
1373,0.66,0.82,0.86,0.94,0.87,0.88,0.82,0.84
1374,0.65,0.82,0.86,0.94,0.87,0.88,0.81,0.84
1375,0.64,0.82,0.86,0.94,0.87,0.88,0.81,0.83
1376,0.63,0.81,0.86,0.95,0.87,0.89,0.81,0.84
1377,0.63,0.81,0.86,0.94,0.86,0.88,0.81,0.84
1378,0.62,0.8,0.86,0.94,0.86,0.88,0.81,0.84
1379,0.61,0.8,0.84,0.94,0.86,0.88,0.81,0.83
1380,0.61,0.79,0.85,0.94,0.86,0.88,0.82,0.84
1381,0.6,0.79,0.84,0.94,0.86,0.88,0.82,0.84
1382,0.58,0.78,0.83,0.94,0.86,0.88,0.81,0.83
1383,0.58,0.78,0.83,0.94,0.86,0.88,0.81,0.83
1384,0.58,0.78,0.83,0.94,0.86,0.88,0.81,0.83
1385,0.56,0.78,0.82,0.94,0.86,0.88,0.81,0.83
1386,0.54,0.78,0.82,0.93,0.86,0.88,0.8,0.83
1387,0.53,0.78,0.82,0.93,0.85,0.88,0.8,0.83
1388,0.54,0.77,0.81,0.93,0.85,0.88,0.8,0.83
1389,0.54,0.78,0.81,0.93,0.85,0.88,0.79,0.83
1390,0.51,0.77,0.81,0.92,0.85,0.87,0.79,0.82
1391,0.52,0.77,0.81,0.92,0.85,0.87,0.79,0.83
1392,0.5,0.77,0.81,0.92,0.86,0.87,0.79,0.82
1393,0.5,0.76,0.8,0.92,0.86,0.87,0.79,0.83
1394,0.49,0.76,0.8,0.92,0.85,0.88,0.79,0.83
1395,0.48,0.75,0.8,0.92,0.85,0.87,0.79,0.83
1396,0.49,0.75,0.79,0.92,0.85,0.87,0.79,0.83
1397,0.48,0.74,0.79,0.92,0.85,0.87,0.78,0.83
1398,0.47,0.73,0.78,0.91,0.85,0.87,0.78,0.82
1399,0.47,0.73,0.78,0.92,0.85,0.87,0.78,0.82
1400,0.47,0.73,0.78,0.92,0.85,0.87,0.78,0.82
1401,0.46,0.73,0.78,0.91,0.85,0.87,0.78,0.82
1402,0.46,0.73,0.77,0.91,0.84,0.87,0.77,0.81
1403,0.46,0.73,0.77,0.91,0.84,0.86,0.77,0.81
1404,0.45,0.71,0.77,0.91,0.83,0.86,0.77,0.81
1405,0.45,0.72,0.77,0.91,0.84,0.86,0.76,0.81
1406,0.45,0.71,0.76,0.9,0.83,0.86,0.76,0.8
1407,0.45,0.71,0.76,0.9,0.84,0.86,0.76,0.8
1408,0.44,0.71,0.76,0.9,0.84,0.86,0.76,0.8
1409,0.43,0.71,0.76,0.9,0.83,0.85,0.75,0.8
1410,0.44,0.71,0.76,0.9,0.83,0.85,0.75,0.79
1411,0.44,0.7,0.75,0.9,0.83,0.85,0.75,0.79
1412,0.42,0.7,0.75,0.9,0.83,0.85,0.74,0.79
1413,0.42,0.7,0.75,0.9,0.82,0.85,0.74,0.79
1414,0.41,0.69,0.75,0.89,0.82,0.85,0.74,0.79
1415,0.42,0.69,0.75,0.89,0.82,0.85,0.73,0.78
1416,0.41,0.69,0.74,0.89,0.81,0.85,0.72,0.78
1417,0.41,0.69,0.74,0.88,0.81,0.84,0.72,0.78
1418,0.43,0.69,0.74,0.88,0.81,0.84,0.72,0.77
1419,0.4,0.68,0.74,0.88,0.81,0.84,0.71,0.77
1420,0.41,0.68,0.74,0.88,0.81,0.84,0.71,0.76
1421,0.39,0.67,0.74,0.88,0.81,0.83,0.71,0.76
1422,0.39,0.67,0.73,0.88,0.8,0.83,0.7,0.75
1423,0.4,0.67,0.73,0.88,0.8,0.83,0.7,0.75
1424,0.39,0.66,0.72,0.88,0.8,0.82,0.69,0.75
1425,0.39,0.66,0.72,0.88,0.8,0.82,0.69,0.75
1426,0.39,0.66,0.72,0.88,0.8,0.82,0.69,0.74
1427,0.38,0.65,0.72,0.87,0.79,0.82,0.69,0.74
1428,0.38,0.65,0.72,0.87,0.79,0.82,0.68,0.74
1429,0.38,0.65,0.71,0.86,0.79,0.81,0.68,0.73
1430,0.37,0.64,0.72,0.86,0.79,0.81,0.67,0.73
1431,0.36,0.63,0.71,0.86,0.78,0.81,0.66,0.72
1432,0.37,0.63,0.7,0.86,0.78,0.8,0.66,0.72
1433,0.37,0.63,0.7,0.86,0.78,0.8,0.66,0.71
1434,0.38,0.63,0.7,0.86,0.77,0.8,0.65,0.71
1435,0.37,0.62,0.7,0.86,0.77,0.79,0.65,0.7
1436,0.36,0.62,0.69,0.86,0.77,0.79,0.64,0.7
1437,0.35,0.62,0.69,0.85,0.77,0.79,0.64,0.69
1438,0.35,0.61,0.68,0.85,0.76,0.79,0.64,0.69
1439,0.34,0.6,0.68,0.84,0.76,0.78,0.63,0.69
1440,0.34,0.6,0.68,0.84,0.75,0.78,0.63,0.68
1441,0.33,0.6,0.68,0.84,0.75,0.77,0.62,0.68
1442,0.34,0.6,0.67,0.84,0.75,0.77,0.62,0.68
1443,0.33,0.6,0.67,0.84,0.74,0.77,0.61,0.68
1444,0.33,0.59,0.66,0.84,0.74,0.77,0.61,0.67
1445,0.32,0.59,0.66,0.83,0.74,0.77,0.6,0.66
1446,0.32,0.58,0.66,0.83,0.73,0.76,0.6,0.66
1447,0.32,0.58,0.65,0.83,0.73,0.76,0.6,0.65
1448,0.32,0.57,0.65,0.83,0.72,0.75,0.59,0.65
1449,0.33,0.57,0.64,0.82,0.72,0.75,0.58,0.64
1450,0.32,0.56,0.64,0.82,0.72,0.74,0.58,0.64
1451,0.31,0.56,0.64,0.82,0.71,0.75,0.57,0.63
1452,0.31,0.56,0.63,0.81,0.71,0.74,0.57,0.63
1453,0.32,0.55,0.63,0.81,0.71,0.74,0.57,0.63
1454,0.32,0.55,0.63,0.81,0.7,0.74,0.56,0.62
1455,0.32,0.55,0.63,0.81,0.7,0.73,0.56,0.62
1456,0.3,0.54,0.62,0.81,0.7,0.73,0.56,0.61
1457,0.3,0.53,0.62,0.8,0.69,0.73,0.56,0.6
1458,0.29,0.54,0.62,0.8,0.69,0.72,0.55,0.6
1459,0.29,0.53,0.61,0.8,0.68,0.72,0.54,0.6
1460,0.31,0.53,0.61,0.8,0.68,0.71,0.54,0.6
1461,0.29,0.52,0.6,0.79,0.68,0.71,0.54,0.6
1462,0.3,0.51,0.6,0.79,0.67,0.71,0.53,0.59
1463,0.3,0.51,0.59,0.79,0.67,0.7,0.53,0.58
1464,0.28,0.51,0.58,0.78,0.66,0.7,0.53,0.58
1465,0.28,0.5,0.58,0.78,0.66,0.7,0.52,0.57
1466,0.27,0.49,0.58,0.77,0.66,0.69,0.52,0.57
1467,0.27,0.49,0.57,0.77,0.65,0.68,0.51,0.56
1468,0.28,0.49,0.57,0.77,0.65,0.68,0.51,0.56
1469,0.26,0.48,0.57,0.77,0.64,0.68,0.51,0.55
1470,0.28,0.48,0.56,0.76,0.64,0.67,0.5,0.55
1471,0.26,0.47,0.55,0.76,0.63,0.66,0.49,0.54
1472,0.26,0.47,0.55,0.75,0.63,0.66,0.49,0.53
1473,0.25,0.46,0.54,0.75,0.62,0.65,0.48,0.53
1474,0.26,0.47,0.54,0.75,0.62,0.65,0.48,0.53
1475,0.25,0.47,0.53,0.74,0.61,0.65,0.48,0.52
1476,0.25,0.46,0.53,0.74,0.61,0.64,0.48,0.52
1477,0.26,0.45,0.52,0.74,0.6,0.64,0.47,0.51
1478,0.25,0.45,0.52,0.74,0.6,0.64,0.47,0.51
1479,0.25,0.44,0.51,0.73,0.6,0.64,0.47,0.51
1480,0.25,0.45,0.51,0.73,0.6,0.63,0.47,0.51
1481,0.25,0.44,0.51,0.73,0.6,0.63,0.46,0.51
1482,0.25,0.44,0.5,0.73,0.6,0.62,0.46,0.5
1483,0.25,0.44,0.49,0.72,0.59,0.62,0.45,0.5
1484,0.24,0.44,0.5,0.72,0.58,0.62,0.45,0.49
1485,0.24,0.43,0.49,0.71,0.58,0.61,0.45,0.49
1486,0.24,0.42,0.49,0.71,0.58,0.61,0.44,0.48
1487,0.24,0.42,0.49,0.71,0.58,0.61,0.44,0.48
1488,0.25,0.42,0.48,0.71,0.57,0.61,0.44,0.48
1489,0.24,0.41,0.47,0.69,0.56,0.6,0.43,0.47
1490,0.24,0.41,0.46,0.69,0.55,0.6,0.43,0.47
1491,0.23,0.4,0.46,0.69,0.55,0.59,0.42,0.47
1492,0.23,0.4,0.45,0.68,0.55,0.59,0.42,0.46
1493,0.23,0.39,0.45,0.68,0.55,0.59,0.42,0.46
1494,0.22,0.39,0.44,0.68,0.54,0.58,0.42,0.45
1495,0.22,0.38,0.44,0.68,0.54,0.57,0.42,0.45
1496,0.23,0.38,0.44,0.68,0.54,0.57,0.41,0.44
1497,0.23,0.38,0.43,0.67,0.53,0.57,0.4,0.44
1498,0.22,0.38,0.43,0.66,0.53,0.56,0.4,0.44
1499,0.22,0.38,0.42,0.66,0.52,0.56,0.4,0.44
