0,0.02,0.04,0.01,0.01,0.0,0.0,0.0,0.0
1,0.03,0.04,0.01,0.01,0.0,0.0,0.01,0.01
2,0.05,0.04,0.01,0.01,0.0,0.0,0.01,0.01
3,0.03,0.04,0.01,0.01,0.0,0.0,0.01,0.01
4,0.02,0.04,0.02,0.02,0.0,0.0,0.0,0.01
5,0.05,0.04,0.01,0.01,0.0,0.0,0.01,0.01
6,0.02,0.04,0.02,0.01,0.0,0.0,0.0,0.01
7,0.02,0.04,0.01,0.02,0.0,0.0,0.0,0.01
8,0.02,0.04,0.01,0.01,0.0,0.0,0.0,0.01
9,0.02,0.04,0.01,0.02,0.0,0.0,0.01,0.01
10,0.06,0.03,0.02,0.01,0.0,0.0,0.01,0.01
11,0.03,0.04,0.02,0.0,0.01,0.01,0.01,0.01
12,0.02,0.04,0.01,0.02,0.0,0.0,0.01,0.01
13,0.02,0.04,0.02,0.0,0.0,0.0,0.01,0.01
14,0.02,0.03,0.01,0.0,0.0,0.0,0.01,0.01
15,0.02,0.04,0.01,0.0,0.0,0.01,0.01,0.01
16,0.02,0.04,0.01,0.02,0.0,0.0,0.01,0.01
17,0.03,0.04,0.01,0.02,0.0,0.01,0.01,0.01
18,0.03,0.03,0.01,0.02,0.0,0.0,0.01,0.01
19,0.03,0.04,0.02,0.02,0.0,0.0,0.01,0.01
20,0.03,0.04,0.02,0.02,0.01,0.0,0.01,0.01
21,0.03,0.04,0.01,0.02,0.0,0.0,0.01,0.01
22,0.03,0.03,0.02,0.02,0.0,0.0,0.0,0.01
23,0.03,0.03,0.02,0.02,0.0,0.0,0.01,0.01
24,0.03,0.04,0.02,0.02,0.0,0.0,0.01,0.01
25,0.02,0.04,0.01,0.02,0.01,0.01,0.01,0.01
26,0.03,0.04,0.01,0.02,0.01,0.01,0.01,0.01
27,0.02,0.04,0.02,0.02,0.0,0.01,0.01,0.01
28,0.02,0.04,0.02,0.02,0.01,0.0,0.01,0.01
29,0.03,0.04,0.02,0.02,0.01,0.01,0.01,0.01
30,0.02,0.04,0.01,0.02,0.01,0.01,0.01,0.01
31,0.02,0.03,0.01,0.02,0.0,0.01,0.01,0.01
32,0.02,0.03,0.02,0.02,0.0,0.01,0.01,0.01
33,0.02,0.04,0.02,0.02,0.01,0.01,0.01,0.01
34,0.02,0.03,0.01,0.02,0.01,0.01,0.01,0.01
35,0.02,0.03,0.02,0.02,0.01,0.01,0.01,0.01
36,0.02,0.03,0.02,0.02,0.01,0.01,0.01,0.02
37,0.02,0.03,0.01,0.04,0.01,0.01,0.01,0.01
38,0.03,0.03,0.02,0.04,0.01,0.01,0.01,0.02
39,0.02,0.04,0.02,0.02,0.01,0.01,0.01,0.02
40,0.03,0.03,0.02,0.02,0.01,0.01,0.01,0.02
41,0.03,0.04,0.02,0.05,0.01,0.0,0.01,0.01
42,0.02,0.03,0.02,0.04,0.01,0.01,0.01,0.02
43,0.03,0.03,0.02,0.05,0.01,0.01,0.01,0.02
44,0.02,0.04,0.02,0.04,0.01,0.01,0.01,0.02
45,0.03,0.04,0.02,0.05,0.01,0.01,0.01,0.02
46,0.03,0.03,0.02,0.05,0.01,0.01,0.01,0.02
47,0.02,0.04,0.02,0.06,0.01,0.01,0.02,0.02
48,0.03,0.03,0.02,0.05,0.01,0.01,0.01,0.02
49,0.03,0.03,0.02,0.05,0.01,0.01,0.02,0.02
50,0.03,0.04,0.02,0.06,0.01,0.01,0.02,0.02
51,0.02,0.04,0.02,0.06,0.01,0.01,0.02,0.02
52,0.03,0.03,0.02,0.06,0.01,0.01,0.02,0.02
53,0.02,0.03,0.02,0.07,0.01,0.01,0.02,0.02
54,0.02,0.03,0.02,0.08,0.01,0.01,0.02,0.02
55,0.02,0.03,0.02,0.06,0.01,0.01,0.02,0.02
56,0.03,0.03,0.02,0.06,0.01,0.01,0.03,0.02
57,0.02,0.03,0.02,0.06,0.01,0.01,0.02,0.02
58,0.03,0.03,0.02,0.06,0.01,0.01,0.02,0.02
59,0.02,0.03,0.02,0.08,0.01,0.01,0.03,0.02
60,0.02,0.04,0.02,0.08,0.01,0.01,0.03,0.02
61,0.03,0.03,0.02,0.09,0.01,0.01,0.02,0.02
62,0.03,0.04,0.02,0.09,0.01,0.01,0.03,0.02
63,0.03,0.04,0.02,0.09,0.01,0.01,0.02,0.02
64,0.02,0.03,0.02,0.09,0.01,0.01,0.03,0.02
65,0.03,0.04,0.02,0.1,0.02,0.02,0.03,0.03
66,0.03,0.03,0.02,0.12,0.01,0.01,0.03,0.02
67,0.02,0.03,0.02,0.1,0.01,0.02,0.03,0.02
68,0.03,0.03,0.02,0.1,0.02,0.01,0.03,0.03
69,0.02,0.03,0.02,0.1,0.02,0.02,0.03,0.02
70,0.03,0.04,0.02,0.1,0.02,0.02,0.03,0.02
71,0.03,0.03,0.02,0.12,0.02,0.02,0.02,0.02
72,0.03,0.04,0.02,0.12,0.02,0.02,0.03,0.03
73,0.02,0.03,0.02,0.12,0.02,0.02,0.03,0.03
74,0.05,0.04,0.02,0.12,0.02,0.01,0.03,0.03
75,0.02,0.03,0.02,0.12,0.02,0.02,0.03,0.03
76,0.03,0.04,0.02,0.13,0.02,0.02,0.03,0.03
77,0.02,0.03,0.02,0.13,0.02,0.02,0.03,0.03
78,0.02,0.04,0.02,0.14,0.02,0.02,0.03,0.03
79,0.02,0.03,0.02,0.14,0.02,0.02,0.03,0.03
80,0.03,0.04,0.02,0.13,0.02,0.02,0.03,0.03
81,0.06,0.03,0.02,0.16,0.02,0.02,0.04,0.03
82,0.03,0.03,0.02,0.14,0.02,0.02,0.03,0.03
83,0.03,0.03,0.02,0.16,0.02,0.02,0.04,0.03
84,0.03,0.04,0.02,0.17,0.02,0.02,0.03,0.03
85,0.03,0.03,0.02,0.17,0.02,0.02,0.03,0.03
86,0.06,0.03,0.02,0.17,0.02,0.02,0.03,0.03
87,0.03,0.03,0.02,0.17,0.02,0.02,0.03,0.03
88,0.02,0.03,0.03,0.17,0.02,0.02,0.03,0.03
89,0.03,0.03,0.02,0.17,0.02,0.02,0.03,0.03
90,0.03,0.04,0.02,0.17,0.02,0.02,0.03,0.03
91,0.06,0.03,0.02,0.17,0.02,0.02,0.03,0.03
92,0.02,0.03,0.03,0.19,0.02,0.02,0.03,0.03
93,0.02,0.03,0.02,0.18,0.02,0.02,0.04,0.03
94,0.03,0.03,0.03,0.18,0.02,0.02,0.03,0.03
95,0.03,0.04,0.02,0.21,0.02,0.02,0.03,0.03
96,0.03,0.03,0.03,0.21,0.03,0.02,0.03,0.04
97,0.05,0.03,0.02,0.19,0.03,0.02,0.03,0.03
98,0.03,0.04,0.03,0.21,0.03,0.02,0.03,0.03
99,0.05,0.03,0.02,0.22,0.02,0.02,0.03,0.03
100,0.03,0.04,0.02,0.22,0.03,0.02,0.03,0.03
101,0.02,0.03,0.02,0.22,0.03,0.02,0.03,0.04
102,0.02,0.03,0.02,0.22,0.02,0.02,0.03,0.04
103,0.03,0.04,0.02,0.22,0.03,0.02,0.03,0.04
104,0.05,0.04,0.02,0.22,0.02,0.02,0.03,0.04
105,0.02,0.04,0.02,0.22,0.02,0.02,0.03,0.04
106,0.02,0.03,0.02,0.22,0.03,0.02,0.03,0.04
107,0.03,0.04,0.02,0.22,0.02,0.02,0.03,0.04
108,0.03,0.04,0.02,0.22,0.02,0.02,0.03,0.04
109,0.02,0.03,0.02,0.24,0.03,0.02,0.03,0.04
110,0.02,0.03,0.03,0.24,0.02,0.02,0.03,0.04
111,0.05,0.03,0.02,0.24,0.03,0.02,0.03,0.04
112,0.03,0.03,0.02,0.24,0.03,0.02,0.03,0.04
113,0.02,0.03,0.03,0.24,0.03,0.02,0.03,0.04
114,0.02,0.03,0.02,0.24,0.03,0.03,0.03,0.04
115,0.03,0.03,0.02,0.24,0.03,0.02,0.03,0.04
116,0.02,0.03,0.02,0.24,0.03,0.02,0.03,0.04
117,0.03,0.03,0.02,0.26,0.03,0.02,0.03,0.04
118,0.02,0.03,0.02,0.26,0.03,0.02,0.03,0.04
119,0.02,0.03,0.02,0.26,0.03,0.02,0.03,0.04
120,0.02,0.03,0.02,0.24,0.03,0.02,0.03,0.04
121,0.02,0.03,0.02,0.27,0.03,0.02,0.03,0.04
122,0.03,0.03,0.02,0.27,0.03,0.02,0.03,0.04
123,0.03,0.03,0.02,0.27,0.03,0.02,0.03,0.04
124,0.03,0.03,0.02,0.27,0.03,0.02,0.03,0.04
125,0.03,0.03,0.02,0.27,0.03,0.02,0.03,0.04
126,0.02,0.04,0.03,0.27,0.03,0.02,0.03,0.04
127,0.03,0.03,0.02,0.27,0.03,0.02,0.03,0.04
128,0.03,0.03,0.03,0.27,0.03,0.02,0.03,0.04
129,0.03,0.03,0.02,0.27,0.03,0.02,0.03,0.04
130,0.03,0.03,0.02,0.29,0.03,0.02,0.03,0.05
131,0.03,0.03,0.02,0.27,0.03,0.02,0.03,0.04
132,0.02,0.03,0.02,0.29,0.03,0.02,0.03,0.04
133,0.02,0.03,0.02,0.29,0.03,0.02,0.03,0.04
134,0.02,0.03,0.02,0.3,0.03,0.03,0.03,0.04
135,0.03,0.03,0.02,0.29,0.03,0.02,0.03,0.05
136,0.06,0.04,0.02,0.29,0.03,0.02,0.03,0.04
137,0.02,0.04,0.02,0.29,0.03,0.03,0.03,0.04
138,0.02,0.03,0.02,0.29,0.03,0.02,0.03,0.04
139,0.02,0.03,0.02,0.29,0.03,0.03,0.03,0.04
140,0.03,0.03,0.02,0.29,0.03,0.02,0.03,0.04
141,0.02,0.03,0.02,0.31,0.03,0.02,0.03,0.04
142,0.02,0.03,0.02,0.29,0.03,0.02,0.03,0.05
143,0.03,0.03,0.02,0.29,0.03,0.02,0.03,0.05
144,0.02,0.03,0.02,0.32,0.03,0.03,0.03,0.04
145,0.02,0.03,0.02,0.3,0.03,0.03,0.03,0.05
146,0.03,0.03,0.02,0.3,0.03,0.02,0.03,0.04
147,0.02,0.03,0.02,0.3,0.03,0.03,0.03,0.04
148,0.02,0.01,0.02,0.32,0.03,0.02,0.03,0.04
149,0.02,0.03,0.02,0.3,0.03,0.02,0.03,0.04
150,0.02,0.03,0.03,0.31,0.03,0.03,0.03,0.04
151,0.02,0.04,0.02,0.32,0.03,0.02,0.03,0.04
152,0.02,0.03,0.02,0.3,0.03,0.02,0.03,0.04
153,0.03,0.03,0.02,0.3,0.03,0.03,0.03,0.05
154,0.02,0.03,0.03,0.31,0.03,0.03,0.03,0.04
155,0.02,0.03,0.03,0.31,0.03,0.03,0.03,0.04
156,0.02,0.03,0.03,0.32,0.03,0.02,0.03,0.04
157,0.05,0.03,0.02,0.31,0.03,0.03,0.03,0.04
158,0.02,0.03,0.02,0.31,0.03,0.02,0.03,0.05
159,0.03,0.03,0.02,0.32,0.03,0.03,0.03,0.04
160,0.02,0.03,0.02,0.31,0.03,0.03,0.03,0.04
161,0.02,0.03,0.03,0.31,0.03,0.03,0.03,0.04
162,0.02,0.03,0.02,0.32,0.03,0.03,0.03,0.04
163,0.03,0.03,0.03,0.32,0.03,0.03,0.03,0.05
164,0.0,0.03,0.03,0.32,0.03,0.03,0.03,0.04
165,0.02,0.03,0.02,0.31,0.03,0.03,0.03,0.04
166,0.02,0.03,0.02,0.32,0.03,0.03,0.03,0.04
167,0.0,0.03,0.02,0.34,0.03,0.03,0.03,0.04
168,0.02,0.03,0.03,0.34,0.03,0.02,0.03,0.04
169,0.02,0.03,0.02,0.34,0.03,0.03,0.03,0.04
170,0.02,0.03,0.02,0.32,0.03,0.02,0.03,0.05
171,0.02,0.03,0.02,0.32,0.03,0.03,0.03,0.04
172,0.02,0.03,0.02,0.34,0.03,0.02,0.03,0.05
173,0.0,0.03,0.02,0.34,0.03,0.02,0.03,0.05
174,0.02,0.03,0.02,0.33,0.03,0.02,0.03,0.05
175,0.02,0.03,0.02,0.34,0.03,0.03,0.03,0.04
176,0.02,0.03,0.02,0.33,0.03,0.03,0.03,0.04
177,0.02,0.03,0.02,0.34,0.03,0.03,0.03,0.04
178,0.02,0.03,0.02,0.34,0.03,0.03,0.03,0.05
179,0.05,0.03,0.02,0.34,0.03,0.03,0.03,0.05
180,0.02,0.03,0.02,0.35,0.03,0.02,0.03,0.05
181,0.02,0.03,0.02,0.33,0.03,0.03,0.03,0.05
182,0.02,0.03,0.03,0.35,0.03,0.03,0.03,0.04
183,0.02,0.03,0.02,0.35,0.03,0.02,0.03,0.05
184,0.02,0.03,0.02,0.34,0.03,0.02,0.03,0.05
185,0.02,0.03,0.03,0.35,0.03,0.03,0.03,0.04
186,0.02,0.03,0.02,0.35,0.03,0.03,0.03,0.05
187,0.0,0.03,0.02,0.35,0.03,0.03,0.03,0.05
188,0.02,0.03,0.02,0.35,0.03,0.03,0.03,0.05
189,0.03,0.03,0.03,0.34,0.03,0.03,0.03,0.05
190,0.02,0.03,0.03,0.35,0.03,0.03,0.03,0.05
191,0.02,0.03,0.03,0.35,0.03,0.03,0.03,0.05
192,0.02,0.03,0.02,0.35,0.03,0.02,0.03,0.05
193,0.02,0.03,0.03,0.36,0.03,0.02,0.03,0.05
194,0.02,0.01,0.02,0.34,0.03,0.03,0.03,0.05
195,0.02,0.03,0.03,0.35,0.03,0.03,0.03,0.04
196,0.02,0.01,0.02,0.36,0.03,0.03,0.03,0.05
197,0.02,0.03,0.03,0.36,0.03,0.03,0.03,0.05
198,0.02,0.03,0.02,0.36,0.03,0.03,0.03,0.05
199,0.02,0.03,0.03,0.36,0.03,0.03,0.03,0.05
200,0.03,0.03,0.02,0.36,0.03,0.03,0.03,0.05
201,0.02,0.03,0.02,0.38,0.03,0.03,0.03,0.04
202,0.03,0.01,0.02,0.36,0.03,0.03,0.03,0.04
203,0.0,0.03,0.02,0.36,0.03,0.03,0.03,0.04
204,0.02,0.03,0.02,0.37,0.03,0.03,0.03,0.04
205,0.02,0.03,0.02,0.36,0.03,0.03,0.03,0.05
206,0.02,0.01,0.02,0.36,0.03,0.03,0.03,0.05
207,0.0,0.03,0.02,0.37,0.03,0.03,0.03,0.05
208,0.0,0.03,0.02,0.36,0.03,0.03,0.03,0.05
209,0.02,0.02,0.02,0.37,0.03,0.03,0.03,0.05
210,0.02,0.03,0.02,0.37,0.03,0.04,0.03,0.05
211,0.02,0.01,0.02,0.36,0.03,0.03,0.03,0.05
212,0.0,0.03,0.02,0.37,0.03,0.03,0.03,0.05
213,0.02,0.03,0.02,0.37,0.03,0.03,0.03,0.05
214,0.02,0.01,0.02,0.37,0.03,0.03,0.03,0.05
215,0.02,0.02,0.02,0.36,0.03,0.03,0.03,0.05
216,0.02,0.03,0.02,0.37,0.03,0.03,0.03,0.05
217,0.02,0.01,0.02,0.39,0.03,0.03,0.03,0.05
218,0.0,0.03,0.02,0.39,0.03,0.03,0.03,0.05
219,0.0,0.03,0.02,0.37,0.03,0.03,0.03,0.05
220,0.05,0.03,0.02,0.39,0.03,0.03,0.03,0.05
221,0.05,0.03,0.02,0.37,0.03,0.03,0.03,0.05
222,0.02,0.01,0.02,0.37,0.03,0.03,0.03,0.05
223,0.05,0.01,0.02,0.38,0.03,0.03,0.03,0.05
224,0.0,0.02,0.02,0.38,0.03,0.03,0.03,0.05
225,0.0,0.01,0.02,0.39,0.03,0.03,0.03,0.05
226,0.0,0.01,0.02,0.39,0.04,0.03,0.03,0.05
227,0.0,0.01,0.02,0.37,0.03,0.03,0.03,0.05
228,0.03,0.03,0.02,0.37,0.04,0.03,0.03,0.05
229,0.0,0.01,0.02,0.38,0.03,0.03,0.03,0.05
230,0.02,0.01,0.02,0.37,0.03,0.03,0.03,0.05
231,0.02,0.01,0.02,0.37,0.03,0.03,0.03,0.05
232,0.02,0.01,0.02,0.39,0.03,0.04,0.03,0.05
233,0.02,0.01,0.02,0.38,0.03,0.03,0.03,0.05
234,0.02,0.02,0.02,0.37,0.03,0.03,0.03,0.05
235,0.0,0.01,0.03,0.38,0.03,0.04,0.03,0.05
236,0.02,0.02,0.02,0.38,0.03,0.04,0.03,0.05
237,0.02,0.02,0.02,0.37,0.03,0.03,0.03,0.05
238,0.0,0.01,0.02,0.37,0.04,0.04,0.03,0.05
239,0.0,0.02,0.02,0.37,0.03,0.03,0.03,0.05
240,0.05,0.01,0.02,0.38,0.03,0.03,0.03,0.05
241,0.0,0.01,0.02,0.37,0.03,0.03,0.03,0.05
242,0.0,0.01,0.02,0.39,0.03,0.03,0.03,0.05
243,0.02,0.01,0.02,0.38,0.03,0.04,0.03,0.05
244,0.0,0.01,0.02,0.39,0.03,0.03,0.03,0.05
245,0.0,0.01,0.02,0.39,0.03,0.03,0.03,0.05
246,0.05,0.03,0.02,0.38,0.03,0.04,0.03,0.05
247,0.0,0.02,0.02,0.38,0.03,0.03,0.03,0.05
248,0.02,0.03,0.02,0.39,0.03,0.04,0.03,0.05
249,0.03,0.03,0.03,0.38,0.04,0.03,0.03,0.05
250,0.02,0.01,0.02,0.38,0.03,0.03,0.03,0.05
251,0.03,0.03,0.02,0.39,0.03,0.03,0.03,0.05
252,0.0,0.01,0.01,0.38,0.03,0.04,0.03,0.05
253,0.0,0.02,0.01,0.39,0.03,0.03,0.03,0.05
254,0.02,0.01,0.02,0.39,0.03,0.04,0.03,0.05
255,0.03,0.01,0.02,0.39,0.03,0.03,0.03,0.05
256,0.0,0.03,0.02,0.39,0.03,0.03,0.03,0.05
257,0.0,0.01,0.02,0.39,0.03,0.04,0.03,0.05
258,0.0,0.01,0.01,0.39,0.03,0.03,0.03,0.04
259,0.0,0.01,0.01,0.39,0.03,0.03,0.03,0.05
260,0.0,0.01,0.02,0.39,0.04,0.04,0.03,0.05
261,0.02,0.01,0.02,0.39,0.03,0.04,0.03,0.05
262,0.0,0.01,0.02,0.39,0.03,0.04,0.03,0.05
263,0.02,0.01,0.02,0.38,0.04,0.04,0.03,0.05
264,0.02,0.01,0.01,0.39,0.03,0.03,0.03,0.05
265,0.03,0.01,0.02,0.39,0.03,0.04,0.03,0.05
266,0.0,0.01,0.01,0.39,0.03,0.03,0.03,0.05
267,0.02,0.0,0.01,0.39,0.03,0.04,0.03,0.05
268,0.02,0.01,0.02,0.39,0.03,0.04,0.03,0.05
269,0.0,0.01,0.01,0.39,0.03,0.04,0.03,0.05
270,0.02,0.01,0.02,0.39,0.03,0.03,0.03,0.05
271,0.0,0.02,0.02,0.38,0.03,0.04,0.03,0.05
272,0.02,0.03,0.02,0.39,0.03,0.03,0.03,0.05
273,0.0,0.01,0.02,0.39,0.03,0.04,0.03,0.05
274,0.02,0.01,0.01,0.39,0.04,0.03,0.03,0.05
275,0.02,0.01,0.01,0.39,0.03,0.04,0.03,0.05
276,0.0,0.01,0.01,0.39,0.03,0.04,0.03,0.05
277,0.05,0.01,0.02,0.39,0.03,0.04,0.03,0.05
278,0.0,0.01,0.02,0.39,0.03,0.03,0.03,0.05
279,0.0,0.01,0.02,0.39,0.03,0.04,0.03,0.05
280,0.0,0.01,0.02,0.39,0.03,0.04,0.03,0.05
281,0.0,0.01,0.02,0.39,0.04,0.04,0.03,0.05
282,0.05,0.01,0.02,0.39,0.03,0.04,0.03,0.05
283,0.03,0.01,0.02,0.39,0.03,0.03,0.03,0.05
284,0.0,0.01,0.02,0.39,0.04,0.04,0.03,0.05
285,0.02,0.01,0.02,0.39,0.03,0.03,0.03,0.05
286,0.03,0.01,0.02,0.39,0.03,0.03,0.03,0.05
287,0.0,0.01,0.01,0.39,0.03,0.04,0.04,0.05
288,0.02,0.01,0.02,0.39,0.03,0.04,0.03,0.05
289,0.0,0.02,0.02,0.39,0.04,0.04,0.03,0.05
290,0.0,0.01,0.01,0.39,0.04,0.04,0.03,0.05
291,0.0,0.01,0.02,0.41,0.04,0.04,0.03,0.05
292,0.0,0.01,0.02,0.41,0.04,0.04,0.04,0.05
293,0.0,0.01,0.02,0.41,0.03,0.04,0.03,0.05
294,0.0,0.01,0.02,0.39,0.03,0.04,0.04,0.05
295,0.0,0.01,0.02,0.39,0.03,0.04,0.04,0.05
296,0.0,0.01,0.01,0.39,0.03,0.04,0.03,0.05
297,0.02,0.01,0.02,0.41,0.03,0.04,0.04,0.05
298,0.05,0.03,0.02,0.39,0.03,0.04,0.04,0.05
299,0.03,0.01,0.01,0.39,0.03,0.04,0.03,0.05
300,0.0,0.01,0.02,0.41,0.03,0.04,0.03,0.05
301,0.03,0.01,0.01,0.41,0.03,0.04,0.03,0.05
302,0.0,0.01,0.02,0.39,0.03,0.04,0.04,0.05
303,0.03,0.01,0.01,0.41,0.04,0.04,0.03,0.05
304,0.0,0.01,0.01,0.39,0.03,0.04,0.04,0.05
305,0.02,0.01,0.01,0.39,0.04,0.04,0.04,0.05
306,0.02,0.01,0.01,0.41,0.03,0.04,0.04,0.05
307,0.0,0.01,0.01,0.39,0.03,0.04,0.03,0.05
308,0.02,0.01,0.02,0.39,0.04,0.04,0.03,0.05
309,0.02,0.01,0.01,0.41,0.03,0.04,0.04,0.05
310,0.0,0.01,0.01,0.39,0.03,0.04,0.04,0.05
311,0.05,0.01,0.02,0.41,0.04,0.04,0.04,0.05
312,0.0,0.01,0.02,0.41,0.04,0.04,0.04,0.05
313,0.0,0.01,0.02,0.42,0.04,0.04,0.04,0.05
314,0.0,0.01,0.01,0.39,0.04,0.04,0.04,0.05
315,0.02,0.0,0.01,0.41,0.04,0.04,0.04,0.05
316,0.0,0.01,0.02,0.41,0.04,0.04,0.04,0.05
317,0.0,0.01,0.01,0.41,0.04,0.04,0.05,0.05
318,0.02,0.01,0.01,0.41,0.04,0.04,0.04,0.05
319,0.0,0.01,0.02,0.41,0.04,0.04,0.05,0.05
320,0.02,0.01,0.02,0.42,0.04,0.04,0.05,0.05
321,0.02,0.01,0.02,0.41,0.04,0.04,0.05,0.05
322,0.02,0.01,0.01,0.41,0.04,0.04,0.05,0.05
323,0.0,0.01,0.02,0.42,0.04,0.04,0.04,0.05
324,0.0,0.01,0.02,0.42,0.04,0.04,0.05,0.05
325,0.02,0.01,0.01,0.41,0.04,0.04,0.04,0.05
326,0.02,0.03,0.01,0.41,0.04,0.04,0.05,0.05
327,0.02,0.01,0.02,0.41,0.04,0.04,0.05,0.05
328,0.02,0.0,0.02,0.41,0.04,0.04,0.05,0.06
329,0.02,0.01,0.02,0.41,0.05,0.04,0.06,0.06
330,0.0,0.01,0.02,0.42,0.05,0.04,0.05,0.06
331,0.02,0.01,0.02,0.42,0.05,0.05,0.06,0.06
332,0.0,0.0,0.02,0.41,0.05,0.04,0.06,0.06
333,0.03,0.01,0.01,0.43,0.04,0.05,0.06,0.06
334,0.03,0.01,0.02,0.42,0.04,0.05,0.06,0.06
335,0.0,0.01,0.01,0.42,0.04,0.05,0.07,0.07
336,0.02,0.01,0.02,0.42,0.04,0.05,0.07,0.07
337,0.02,0.01,0.02,0.42,0.05,0.05,0.08,0.08
338,0.0,0.02,0.02,0.41,0.05,0.05,0.08,0.08
339,0.03,0.01,0.02,0.42,0.05,0.05,0.08,0.08
340,0.0,0.01,0.02,0.42,0.06,0.04,0.08,0.08
341,0.05,0.01,0.02,0.42,0.06,0.05,0.08,0.08
342,0.0,0.01,0.02,0.42,0.05,0.05,0.08,0.08
343,0.03,0.01,0.02,0.42,0.05,0.05,0.08,0.08
344,0.02,0.02,0.03,0.43,0.05,0.05,0.08,0.08
345,0.0,0.01,0.03,0.42,0.06,0.05,0.08,0.08
346,0.0,0.03,0.03,0.43,0.06,0.05,0.09,0.09
347,0.0,0.01,0.03,0.42,0.06,0.05,0.09,0.09
348,0.0,0.01,0.03,0.43,0.06,0.05,0.09,0.09
349,0.0,0.01,0.03,0.42,0.07,0.06,0.09,0.09
350,0.03,0.01,0.03,0.43,0.07,0.05,0.09,0.1
351,0.0,0.02,0.03,0.42,0.07,0.06,0.09,0.1
352,0.0,0.03,0.03,0.43,0.07,0.06,0.09,0.1
353,0.0,0.03,0.04,0.42,0.07,0.06,0.09,0.1
354,0.0,0.03,0.03,0.42,0.07,0.06,0.1,0.1
355,0.0,0.03,0.03,0.43,0.07,0.06,0.09,0.1
356,0.02,0.02,0.04,0.43,0.07,0.07,0.1,0.1
357,0.0,0.02,0.05,0.43,0.07,0.07,0.1,0.1
358,0.02,0.03,0.04,0.43,0.08,0.07,0.1,0.1
359,0.02,0.03,0.04,0.42,0.07,0.07,0.11,0.1
360,0.02,0.02,0.05,0.44,0.08,0.07,0.11,0.1
361,0.02,0.03,0.04,0.44,0.08,0.08,0.11,0.11
362,0.02,0.03,0.04,0.42,0.08,0.08,0.11,0.11
363,0.02,0.03,0.05,0.43,0.08,0.08,0.11,0.11
364,0.02,0.03,0.06,0.44,0.09,0.08,0.12,0.11
365,0.0,0.03,0.06,0.43,0.08,0.08,0.12,0.11
366,0.0,0.05,0.06,0.44,0.09,0.08,0.12,0.11
367,0.02,0.04,0.07,0.44,0.09,0.08,0.12,0.12
368,0.03,0.03,0.06,0.44,0.09,0.08,0.13,0.12
369,0.02,0.05,0.07,0.43,0.09,0.08,0.13,0.12
370,0.02,0.05,0.07,0.43,0.09,0.09,0.14,0.12
371,0.02,0.05,0.07,0.44,0.1,0.09,0.14,0.12
372,0.03,0.05,0.07,0.44,0.09,0.09,0.14,0.12
373,0.02,0.06,0.08,0.44,0.09,0.09,0.14,0.12
374,0.02,0.04,0.08,0.44,0.1,0.09,0.15,0.13
375,0.0,0.05,0.08,0.44,0.11,0.1,0.15,0.13
376,0.03,0.05,0.08,0.44,0.11,0.09,0.15,0.14
377,0.02,0.05,0.09,0.44,0.11,0.1,0.15,0.14
378,0.02,0.05,0.09,0.45,0.11,0.1,0.15,0.14
379,0.02,0.06,0.09,0.44,0.12,0.1,0.17,0.14
380,0.03,0.06,0.1,0.45,0.12,0.1,0.17,0.15
381,0.02,0.06,0.09,0.44,0.12,0.1,0.17,0.15
382,0.02,0.06,0.1,0.47,0.12,0.1,0.18,0.15
383,0.02,0.07,0.1,0.44,0.13,0.11,0.18,0.15
384,0.02,0.06,0.1,0.45,0.13,0.11,0.19,0.16
385,0.02,0.08,0.11,0.44,0.14,0.12,0.21,0.18
386,0.02,0.08,0.12,0.45,0.15,0.12,0.22,0.18
387,0.02,0.08,0.12,0.45,0.15,0.12,0.22,0.19
388,0.02,0.08,0.12,0.45,0.15,0.12,0.23,0.2
389,0.02,0.08,0.12,0.45,0.16,0.13,0.24,0.2
390,0.03,0.08,0.14,0.45,0.16,0.14,0.24,0.2
391,0.03,0.08,0.14,0.44,0.16,0.14,0.24,0.22
392,0.03,0.1,0.14,0.47,0.16,0.14,0.25,0.22
393,0.03,0.1,0.14,0.47,0.17,0.14,0.26,0.22
394,0.03,0.1,0.15,0.47,0.18,0.15,0.26,0.23
395,0.03,0.1,0.15,0.45,0.18,0.15,0.27,0.24
396,0.05,0.11,0.16,0.44,0.18,0.16,0.28,0.24
397,0.06,0.11,0.15,0.45,0.19,0.16,0.28,0.25
398,0.06,0.1,0.16,0.45,0.19,0.16,0.28,0.25
399,0.05,0.11,0.16,0.45,0.19,0.17,0.29,0.25
400,0.08,0.12,0.17,0.45,0.2,0.17,0.29,0.26
401,0.05,0.12,0.18,0.47,0.21,0.18,0.3,0.26
402,0.05,0.11,0.18,0.47,0.21,0.18,0.3,0.27
403,0.06,0.13,0.18,0.47,0.22,0.18,0.32,0.27
404,0.06,0.13,0.18,0.47,0.22,0.18,0.32,0.28
405,0.06,0.13,0.19,0.47,0.22,0.19,0.32,0.29
406,0.06,0.14,0.2,0.45,0.23,0.2,0.33,0.3
407,0.06,0.13,0.2,0.47,0.23,0.19,0.33,0.3
408,0.08,0.14,0.21,0.47,0.24,0.19,0.34,0.3
409,0.06,0.15,0.21,0.45,0.24,0.21,0.34,0.3
410,0.08,0.15,0.22,0.47,0.24,0.21,0.35,0.31
411,0.08,0.15,0.22,0.47,0.25,0.21,0.35,0.32
412,0.11,0.17,0.23,0.47,0.25,0.22,0.36,0.33
413,0.12,0.16,0.23,0.47,0.25,0.22,0.37,0.33
414,0.09,0.16,0.23,0.47,0.27,0.23,0.38,0.34
415,0.09,0.16,0.24,0.47,0.27,0.24,0.39,0.35
416,0.11,0.18,0.25,0.47,0.27,0.24,0.4,0.35
417,0.11,0.18,0.25,0.49,0.27,0.24,0.4,0.36
418,0.14,0.18,0.25,0.5,0.28,0.25,0.4,0.37
419,0.11,0.18,0.25,0.49,0.29,0.25,0.41,0.36
420,0.11,0.19,0.27,0.5,0.3,0.26,0.42,0.38
421,0.12,0.19,0.27,0.49,0.31,0.27,0.43,0.39
422,0.12,0.2,0.28,0.5,0.31,0.27,0.43,0.39
423,0.12,0.22,0.28,0.49,0.32,0.28,0.43,0.4
424,0.12,0.22,0.28,0.5,0.32,0.28,0.44,0.4
425,0.14,0.22,0.28,0.49,0.33,0.28,0.44,0.4
426,0.15,0.22,0.29,0.5,0.32,0.28,0.45,0.41
427,0.15,0.22,0.3,0.49,0.33,0.29,0.45,0.42
428,0.15,0.23,0.3,0.5,0.34,0.3,0.46,0.43
429,0.15,0.22,0.31,0.51,0.35,0.31,0.47,0.43
430,0.17,0.24,0.31,0.51,0.36,0.3,0.48,0.44
431,0.15,0.24,0.32,0.51,0.35,0.31,0.48,0.44
432,0.2,0.25,0.32,0.51,0.36,0.31,0.48,0.44
433,0.17,0.24,0.33,0.51,0.37,0.32,0.48,0.45
434,0.17,0.25,0.33,0.51,0.37,0.32,0.49,0.46
435,0.18,0.25,0.34,0.51,0.37,0.33,0.49,0.46
436,0.18,0.25,0.34,0.51,0.39,0.34,0.49,0.46
437,0.18,0.26,0.34,0.52,0.39,0.34,0.5,0.47
438,0.2,0.26,0.35,0.52,0.39,0.34,0.5,0.47
439,0.18,0.27,0.35,0.52,0.39,0.34,0.5,0.47
440,0.2,0.27,0.36,0.52,0.4,0.34,0.5,0.48
441,0.2,0.29,0.36,0.52,0.4,0.35,0.5,0.48
442,0.22,0.28,0.37,0.52,0.41,0.36,0.51,0.48
443,0.2,0.29,0.38,0.52,0.41,0.36,0.51,0.48
444,0.22,0.29,0.38,0.52,0.42,0.36,0.51,0.49
445,0.22,0.29,0.38,0.52,0.42,0.36,0.52,0.49
446,0.22,0.3,0.38,0.52,0.43,0.37,0.51,0.49
447,0.23,0.31,0.39,0.52,0.43,0.38,0.52,0.5
448,0.22,0.31,0.41,0.52,0.44,0.39,0.52,0.5
449,0.25,0.32,0.42,0.54,0.44,0.39,0.53,0.5
450,0.25,0.33,0.42,0.54,0.45,0.39,0.52,0.51
451,0.25,0.33,0.42,0.54,0.45,0.39,0.53,0.51
452,0.25,0.33,0.43,0.54,0.46,0.39,0.53,0.51
453,0.26,0.35,0.44,0.54,0.46,0.4,0.53,0.52
454,0.26,0.35,0.45,0.54,0.46,0.4,0.53,0.51
455,0.25,0.35,0.45,0.54,0.47,0.4,0.53,0.52
456,0.26,0.36,0.46,0.54,0.47,0.42,0.54,0.52
457,0.29,0.37,0.47,0.55,0.47,0.42,0.54,0.52
458,0.28,0.37,0.47,0.55,0.47,0.42,0.54,0.52
459,0.28,0.37,0.47,0.55,0.47,0.42,0.54,0.52
460,0.28,0.38,0.48,0.55,0.47,0.43,0.55,0.53
461,0.29,0.38,0.48,0.54,0.48,0.43,0.56,0.53
462,0.29,0.38,0.48,0.57,0.48,0.43,0.55,0.54
463,0.29,0.38,0.49,0.57,0.48,0.43,0.56,0.54
464,0.31,0.38,0.5,0.57,0.48,0.43,0.56,0.54
465,0.31,0.4,0.5,0.55,0.49,0.44,0.56,0.54
466,0.31,0.4,0.5,0.57,0.49,0.44,0.56,0.54
467,0.31,0.4,0.5,0.57,0.5,0.44,0.57,0.55
468,0.32,0.4,0.5,0.57,0.5,0.44,0.57,0.55
469,0.32,0.42,0.51,0.57,0.5,0.45,0.58,0.55
470,0.32,0.41,0.52,0.57,0.5,0.45,0.58,0.56
471,0.34,0.42,0.52,0.58,0.5,0.45,0.58,0.56
472,0.34,0.42,0.52,0.58,0.5,0.45,0.58,0.57
473,0.37,0.42,0.52,0.57,0.5,0.45,0.58,0.56
474,0.35,0.43,0.53,0.57,0.51,0.47,0.58,0.57
475,0.38,0.44,0.54,0.58,0.51,0.46,0.6,0.58
476,0.38,0.44,0.55,0.58,0.51,0.46,0.6,0.58
477,0.35,0.44,0.55,0.56,0.51,0.47,0.6,0.58
478,0.37,0.44,0.55,0.58,0.51,0.47,0.6,0.58
479,0.37,0.45,0.55,0.59,0.52,0.47,0.6,0.59
480,0.38,0.45,0.56,0.59,0.53,0.48,0.62,0.59
481,0.37,0.45,0.56,0.59,0.53,0.48,0.62,0.6
482,0.38,0.45,0.56,0.59,0.53,0.49,0.62,0.6
483,0.38,0.47,0.57,0.59,0.54,0.49,0.62,0.6
484,0.4,0.45,0.57,0.59,0.54,0.49,0.63,0.6
485,0.4,0.47,0.57,0.57,0.54,0.49,0.62,0.6
486,0.43,0.47,0.57,0.59,0.54,0.49,0.63,0.6
487,0.4,0.48,0.58,0.6,0.55,0.5,0.64,0.61
488,0.42,0.47,0.58,0.6,0.55,0.51,0.64,0.61
489,0.42,0.48,0.59,0.6,0.55,0.51,0.64,0.61
490,0.42,0.48,0.59,0.6,0.55,0.51,0.64,0.62
491,0.43,0.48,0.59,0.61,0.55,0.51,0.64,0.62
492,0.46,0.48,0.59,0.61,0.56,0.51,0.64,0.63
493,0.43,0.48,0.6,0.61,0.56,0.51,0.64,0.62
494,0.45,0.48,0.6,0.61,0.56,0.52,0.64,0.63
495,0.45,0.49,0.6,0.61,0.56,0.52,0.64,0.63
496,0.45,0.49,0.61,0.61,0.56,0.52,0.64,0.63
497,0.49,0.52,0.62,0.62,0.57,0.53,0.64,0.63
498,0.46,0.5,0.62,0.62,0.57,0.53,0.64,0.63
499,0.48,0.51,0.63,0.61,0.57,0.53,0.64,0.63
500,0.48,0.51,0.63,0.62,0.58,0.53,0.64,0.63
501,0.46,0.52,0.63,0.62,0.58,0.53,0.64,0.63
502,0.48,0.53,0.64,0.62,0.58,0.53,0.64,0.63
503,0.48,0.52,0.64,0.63,0.58,0.54,0.64,0.63
504,0.48,0.52,0.65,0.63,0.58,0.54,0.64,0.63
505,0.52,0.52,0.65,0.63,0.59,0.54,0.65,0.64
506,0.49,0.53,0.65,0.61,0.59,0.55,0.65,0.64
507,0.49,0.53,0.65,0.64,0.59,0.55,0.65,0.64
508,0.51,0.53,0.66,0.64,0.59,0.55,0.65,0.65
509,0.52,0.54,0.65,0.64,0.58,0.55,0.65,0.64
510,0.51,0.53,0.66,0.64,0.6,0.55,0.66,0.64
511,0.51,0.55,0.66,0.64,0.59,0.55,0.66,0.64
512,0.52,0.55,0.67,0.64,0.6,0.55,0.67,0.65
513,0.54,0.56,0.67,0.64,0.6,0.56,0.66,0.65
514,0.52,0.56,0.67,0.64,0.6,0.56,0.67,0.65
515,0.55,0.56,0.68,0.64,0.6,0.56,0.67,0.65
516,0.54,0.56,0.68,0.64,0.6,0.56,0.67,0.66
517,0.54,0.56,0.68,0.64,0.61,0.56,0.67,0.65
518,0.54,0.57,0.68,0.64,0.6,0.56,0.67,0.65
519,0.55,0.57,0.68,0.64,0.61,0.57,0.68,0.66
520,0.55,0.57,0.68,0.65,0.61,0.57,0.68,0.65
521,0.55,0.57,0.68,0.64,0.61,0.57,0.68,0.66
522,0.55,0.57,0.68,0.65,0.62,0.57,0.68,0.67
523,0.55,0.58,0.68,0.65,0.61,0.58,0.68,0.66
524,0.57,0.57,0.68,0.65,0.62,0.57,0.68,0.67
525,0.55,0.58,0.69,0.65,0.62,0.57,0.68,0.67
526,0.58,0.58,0.68,0.65,0.62,0.58,0.68,0.67
527,0.55,0.58,0.68,0.65,0.62,0.59,0.69,0.68
528,0.57,0.58,0.69,0.65,0.62,0.59,0.69,0.67
529,0.57,0.59,0.69,0.65,0.62,0.59,0.7,0.68
530,0.57,0.59,0.69,0.66,0.63,0.58,0.7,0.68
531,0.58,0.59,0.69,0.65,0.62,0.59,0.71,0.69
532,0.6,0.6,0.69,0.66,0.63,0.6,0.71,0.69
533,0.58,0.6,0.69,0.66,0.63,0.6,0.71,0.69
534,0.58,0.59,0.69,0.65,0.63,0.6,0.71,0.7
535,0.58,0.61,0.7,0.65,0.64,0.61,0.72,0.7
536,0.6,0.61,0.7,0.66,0.65,0.61,0.72,0.7
537,0.6,0.59,0.7,0.68,0.65,0.6,0.73,0.71
538,0.6,0.59,0.7,0.66,0.65,0.61,0.74,0.71
539,0.6,0.59,0.7,0.66,0.65,0.61,0.74,0.71
540,0.6,0.61,0.7,0.66,0.65,0.61,0.74,0.72
541,0.6,0.61,0.7,0.66,0.66,0.62,0.74,0.72
542,0.6,0.59,0.7,0.66,0.66,0.61,0.74,0.72
543,0.6,0.61,0.7,0.66,0.66,0.62,0.74,0.72
544,0.62,0.61,0.7,0.66,0.66,0.62,0.75,0.73
545,0.6,0.61,0.7,0.66,0.66,0.63,0.75,0.73
546,0.62,0.62,0.7,0.66,0.67,0.63,0.75,0.73
547,0.62,0.61,0.71,0.66,0.66,0.63,0.76,0.74
548,0.62,0.61,0.71,0.66,0.67,0.63,0.76,0.74
549,0.62,0.62,0.71,0.67,0.67,0.63,0.76,0.74
550,0.62,0.62,0.71,0.67,0.67,0.63,0.76,0.74
551,0.62,0.62,0.71,0.68,0.67,0.64,0.76,0.75
552,0.65,0.62,0.72,0.69,0.68,0.64,0.76,0.75
553,0.62,0.62,0.72,0.67,0.68,0.64,0.77,0.75
554,0.62,0.63,0.72,0.67,0.69,0.64,0.76,0.75
555,0.63,0.62,0.72,0.67,0.69,0.65,0.77,0.75
556,0.63,0.63,0.73,0.69,0.69,0.65,0.76,0.75
557,0.65,0.62,0.73,0.69,0.69,0.65,0.77,0.76
558,0.63,0.63,0.73,0.69,0.69,0.65,0.77,0.76
559,0.63,0.63,0.73,0.69,0.69,0.65,0.77,0.76
560,0.63,0.64,0.74,0.69,0.7,0.65,0.77,0.75
561,0.65,0.64,0.74,0.69,0.7,0.66,0.77,0.76
562,0.63,0.64,0.74,0.69,0.7,0.67,0.77,0.76
563,0.63,0.64,0.74,0.69,0.7,0.66,0.77,0.76
564,0.68,0.65,0.74,0.69,0.7,0.67,0.77,0.76
565,0.65,0.65,0.74,0.69,0.7,0.67,0.77,0.76
566,0.65,0.66,0.75,0.71,0.7,0.67,0.77,0.76
567,0.65,0.66,0.75,0.69,0.7,0.67,0.77,0.75
568,0.65,0.65,0.75,0.69,0.71,0.67,0.77,0.76
569,0.68,0.66,0.75,0.71,0.71,0.67,0.77,0.75
570,0.65,0.66,0.76,0.71,0.72,0.67,0.77,0.75
571,0.65,0.66,0.76,0.71,0.72,0.68,0.77,0.76
572,0.68,0.66,0.76,0.71,0.72,0.68,0.78,0.76
573,0.66,0.66,0.76,0.71,0.72,0.68,0.78,0.76
574,0.66,0.66,0.76,0.71,0.72,0.68,0.78,0.76
575,0.66,0.66,0.77,0.71,0.73,0.68,0.78,0.76
576,0.66,0.67,0.77,0.71,0.73,0.68,0.78,0.76
577,0.65,0.67,0.77,0.71,0.74,0.68,0.78,0.76
578,0.66,0.68,0.77,0.72,0.73,0.68,0.78,0.76
579,0.68,0.68,0.77,0.71,0.74,0.69,0.78,0.76
580,0.66,0.68,0.78,0.71,0.74,0.69,0.78,0.76
581,0.66,0.68,0.78,0.71,0.74,0.7,0.78,0.76
582,0.66,0.68,0.79,0.71,0.74,0.7,0.78,0.76
583,0.68,0.69,0.78,0.72,0.74,0.7,0.78,0.77
584,0.68,0.68,0.78,0.74,0.74,0.7,0.79,0.77
585,0.66,0.68,0.78,0.72,0.74,0.7,0.79,0.78
586,0.66,0.69,0.79,0.72,0.75,0.7,0.81,0.78
587,0.66,0.7,0.79,0.72,0.75,0.71,0.81,0.79
588,0.66,0.71,0.8,0.73,0.75,0.71,0.82,0.79
589,0.68,0.69,0.79,0.73,0.75,0.71,0.84,0.81
590,0.69,0.71,0.8,0.73,0.75,0.72,0.85,0.82
591,0.68,0.7,0.79,0.73,0.76,0.72,0.87,0.84
592,0.68,0.69,0.79,0.73,0.76,0.72,0.88,0.84
593,0.66,0.7,0.79,0.73,0.76,0.73,0.88,0.84
594,0.68,0.7,0.79,0.73,0.77,0.73,0.88,0.85
595,0.69,0.7,0.79,0.74,0.77,0.73,0.89,0.86
596,0.69,0.69,0.79,0.74,0.77,0.74,0.89,0.86
597,0.68,0.69,0.79,0.74,0.77,0.74,0.9,0.86
598,0.69,0.71,0.79,0.74,0.78,0.75,0.9,0.86
599,0.68,0.69,0.79,0.73,0.78,0.74,0.9,0.87
600,0.68,0.69,0.79,0.74,0.78,0.74,0.9,0.87
601,0.71,0.69,0.8,0.74,0.79,0.75,0.91,0.87
602,0.68,0.69,0.79,0.73,0.79,0.76,0.91,0.87
603,0.69,0.69,0.79,0.74,0.79,0.76,0.91,0.87
604,0.68,0.71,0.8,0.73,0.79,0.76,0.91,0.87
605,0.69,0.69,0.79,0.73,0.79,0.76,0.91,0.87
606,0.69,0.69,0.8,0.73,0.8,0.76,0.91,0.87
607,0.69,0.69,0.79,0.74,0.8,0.77,0.91,0.87
608,0.69,0.71,0.8,0.73,0.8,0.76,0.91,0.87
609,0.69,0.7,0.8,0.76,0.8,0.77,0.9,0.87
610,0.69,0.71,0.81,0.74,0.81,0.77,0.9,0.88
611,0.69,0.7,0.81,0.76,0.81,0.78,0.9,0.88
612,0.69,0.71,0.81,0.74,0.81,0.77,0.9,0.88
613,0.72,0.7,0.82,0.76,0.81,0.78,0.9,0.87
614,0.71,0.71,0.82,0.76,0.81,0.78,0.91,0.88
615,0.72,0.71,0.82,0.76,0.82,0.77,0.91,0.87
616,0.71,0.71,0.82,0.76,0.82,0.78,0.9,0.87
617,0.72,0.71,0.82,0.76,0.82,0.78,0.91,0.87
618,0.71,0.72,0.82,0.76,0.82,0.78,0.9,0.87
619,0.72,0.71,0.82,0.76,0.82,0.78,0.89,0.87
620,0.71,0.71,0.82,0.76,0.82,0.78,0.89,0.88
621,0.72,0.71,0.82,0.76,0.82,0.79,0.89,0.88
622,0.74,0.73,0.82,0.76,0.82,0.8,0.89,0.87
623,0.72,0.72,0.83,0.76,0.82,0.79,0.89,0.88
624,0.72,0.73,0.82,0.78,0.82,0.79,0.89,0.88
625,0.74,0.73,0.83,0.76,0.82,0.8,0.89,0.87
626,0.72,0.73,0.84,0.78,0.82,0.79,0.89,0.87
627,0.72,0.73,0.84,0.78,0.82,0.8,0.89,0.87
628,0.72,0.73,0.84,0.76,0.82,0.8,0.89,0.87
629,0.72,0.73,0.84,0.78,0.82,0.8,0.88,0.87
630,0.72,0.74,0.84,0.78,0.82,0.8,0.89,0.87
631,0.72,0.73,0.84,0.76,0.82,0.8,0.89,0.88
632,0.74,0.73,0.84,0.77,0.82,0.8,0.89,0.87
633,0.74,0.74,0.84,0.78,0.82,0.8,0.88,0.87
634,0.74,0.74,0.84,0.79,0.82,0.8,0.89,0.88
635,0.74,0.74,0.84,0.77,0.82,0.8,0.88,0.88
636,0.74,0.74,0.84,0.79,0.82,0.8,0.89,0.87
637,0.74,0.74,0.84,0.77,0.82,0.8,0.88,0.87
638,0.74,0.74,0.84,0.77,0.82,0.8,0.88,0.87
639,0.75,0.74,0.84,0.79,0.82,0.81,0.88,0.87
640,0.74,0.74,0.85,0.77,0.83,0.8,0.88,0.87
641,0.74,0.75,0.85,0.77,0.83,0.8,0.88,0.87
642,0.75,0.74,0.85,0.79,0.82,0.81,0.88,0.87
643,0.75,0.76,0.85,0.77,0.83,0.81,0.88,0.87
644,0.75,0.76,0.85,0.77,0.83,0.8,0.88,0.87
645,0.75,0.74,0.85,0.77,0.83,0.81,0.88,0.87
646,0.75,0.74,0.84,0.77,0.82,0.81,0.88,0.87
647,0.77,0.76,0.85,0.79,0.83,0.81,0.88,0.87
648,0.77,0.76,0.84,0.77,0.83,0.81,0.87,0.87
649,0.77,0.74,0.84,0.77,0.83,0.81,0.87,0.87
650,0.77,0.76,0.84,0.77,0.83,0.81,0.87,0.87
651,0.78,0.75,0.84,0.77,0.83,0.81,0.87,0.87
652,0.78,0.76,0.84,0.79,0.84,0.81,0.86,0.86
653,0.78,0.75,0.85,0.79,0.84,0.82,0.87,0.87
654,0.8,0.75,0.84,0.79,0.84,0.82,0.86,0.87
655,0.8,0.77,0.85,0.79,0.84,0.82,0.86,0.87
656,0.8,0.77,0.85,0.8,0.84,0.82,0.87,0.87
657,0.8,0.77,0.84,0.79,0.84,0.82,0.86,0.86
658,0.8,0.77,0.84,0.8,0.84,0.82,0.86,0.87
659,0.82,0.78,0.84,0.79,0.84,0.82,0.86,0.86
660,0.8,0.77,0.85,0.8,0.84,0.82,0.86,0.86
661,0.78,0.77,0.84,0.8,0.84,0.82,0.86,0.86
662,0.8,0.77,0.84,0.8,0.84,0.82,0.86,0.86
663,0.8,0.78,0.85,0.8,0.84,0.82,0.85,0.86
664,0.8,0.78,0.85,0.8,0.84,0.83,0.85,0.86
665,0.8,0.78,0.85,0.8,0.84,0.82,0.85,0.86
666,0.8,0.78,0.84,0.8,0.84,0.82,0.85,0.86
667,0.8,0.78,0.86,0.8,0.84,0.83,0.85,0.86
668,0.8,0.79,0.86,0.82,0.84,0.83,0.85,0.86
669,0.82,0.78,0.85,0.8,0.84,0.82,0.85,0.86
670,0.82,0.79,0.85,0.82,0.85,0.83,0.85,0.86
671,0.82,0.78,0.85,0.8,0.84,0.83,0.85,0.86
672,0.85,0.78,0.87,0.82,0.84,0.82,0.85,0.86
673,0.83,0.79,0.86,0.82,0.85,0.83,0.86,0.86
674,0.82,0.81,0.86,0.82,0.85,0.83,0.87,0.86
675,0.83,0.8,0.87,0.82,0.85,0.83,0.86,0.86
676,0.83,0.81,0.86,0.85,0.85,0.84,0.88,0.87
677,0.83,0.81,0.87,0.83,0.86,0.84,0.88,0.87
678,0.83,0.81,0.87,0.83,0.86,0.84,0.88,0.87
679,0.86,0.81,0.87,0.83,0.86,0.84,0.88,0.88
680,0.82,0.8,0.86,0.83,0.86,0.84,0.89,0.88
681,0.83,0.81,0.87,0.84,0.86,0.84,0.89,0.88
682,0.83,0.82,0.87,0.82,0.86,0.84,0.9,0.88
683,0.83,0.81,0.87,0.83,0.86,0.85,0.9,0.89
684,0.83,0.8,0.86,0.82,0.86,0.85,0.89,0.89
685,0.82,0.8,0.86,0.82,0.86,0.85,0.9,0.89
686,0.83,0.81,0.86,0.82,0.87,0.85,0.91,0.89
687,0.82,0.81,0.86,0.82,0.87,0.85,0.91,0.89
688,0.82,0.8,0.86,0.83,0.87,0.85,0.91,0.9
689,0.82,0.8,0.86,0.83,0.87,0.86,0.91,0.9
690,0.8,0.8,0.86,0.82,0.87,0.85,0.91,0.9
691,0.82,0.81,0.86,0.82,0.87,0.86,0.91,0.9
692,0.82,0.8,0.86,0.82,0.87,0.86,0.91,0.9
693,0.85,0.8,0.86,0.82,0.87,0.86,0.9,0.9
694,0.8,0.81,0.86,0.82,0.87,0.86,0.9,0.9
695,0.8,0.8,0.86,0.8,0.86,0.86,0.9,0.9
696,0.8,0.8,0.86,0.82,0.87,0.86,0.9,0.9
697,0.8,0.81,0.86,0.8,0.87,0.86,0.9,0.9
698,0.8,0.81,0.86,0.82,0.87,0.86,0.9,0.9
699,0.8,0.8,0.86,0.8,0.87,0.86,0.89,0.9
700,0.8,0.8,0.86,0.82,0.87,0.87,0.89,0.9
701,0.8,0.81,0.86,0.8,0.87,0.86,0.89,0.9
702,0.82,0.81,0.86,0.8,0.87,0.86,0.89,0.9
703,0.8,0.8,0.86,0.8,0.87,0.87,0.89,0.9
704,0.8,0.81,0.86,0.8,0.86,0.86,0.88,0.89
705,0.8,0.81,0.86,0.81,0.87,0.86,0.88,0.89
706,0.8,0.81,0.86,0.8,0.87,0.87,0.88,0.89
707,0.8,0.81,0.86,0.81,0.87,0.86,0.88,0.89
708,0.8,0.81,0.86,0.8,0.87,0.86,0.88,0.89
709,0.8,0.81,0.86,0.81,0.87,0.87,0.88,0.89
710,0.8,0.8,0.86,0.8,0.87,0.86,0.88,0.89
711,0.82,0.8,0.86,0.81,0.87,0.86,0.87,0.89
712,0.82,0.81,0.86,0.81,0.87,0.87,0.87,0.89
713,0.83,0.81,0.86,0.81,0.87,0.86,0.87,0.89
714,0.8,0.81,0.86,0.79,0.87,0.87,0.87,0.89
715,0.82,0.82,0.86,0.81,0.87,0.87,0.87,0.88
716,0.82,0.81,0.86,0.81,0.87,0.86,0.86,0.88
717,0.82,0.82,0.87,0.81,0.87,0.86,0.86,0.88
718,0.82,0.82,0.87,0.81,0.87,0.86,0.86,0.88
719,0.82,0.82,0.87,0.81,0.87,0.86,0.86,0.88
720,0.82,0.82,0.87,0.81,0.87,0.86,0.86,0.87
721,0.82,0.82,0.87,0.81,0.87,0.86,0.86,0.88
722,0.82,0.82,0.87,0.79,0.87,0.86,0.86,0.87
723,0.83,0.82,0.88,0.82,0.87,0.86,0.86,0.87
724,0.82,0.82,0.88,0.79,0.87,0.86,0.86,0.87
725,0.82,0.82,0.88,0.81,0.87,0.86,0.86,0.87
726,0.85,0.82,0.89,0.82,0.87,0.86,0.86,0.87
727,0.83,0.82,0.89,0.82,0.86,0.86,0.86,0.87
728,0.82,0.82,0.88,0.82,0.87,0.86,0.86,0.87
729,0.82,0.82,0.89,0.82,0.87,0.86,0.87,0.88
730,0.82,0.82,0.9,0.82,0.87,0.86,0.87,0.88
731,0.82,0.82,0.89,0.82,0.87,0.86,0.87,0.88
732,0.85,0.82,0.9,0.83,0.87,0.86,0.87,0.88
733,0.82,0.82,0.89,0.82,0.87,0.86,0.87,0.89
734,0.8,0.83,0.9,0.83,0.87,0.86,0.88,0.89
735,0.82,0.83,0.9,0.83,0.87,0.86,0.88,0.89
736,0.8,0.82,0.9,0.83,0.87,0.87,0.88,0.89
737,0.83,0.83,0.9,0.83,0.87,0.86,0.89,0.89
738,0.82,0.83,0.9,0.83,0.87,0.86,0.89,0.89
739,0.82,0.82,0.91,0.83,0.87,0.87,0.89,0.89
740,0.8,0.82,0.9,0.84,0.87,0.87,0.89,0.89
741,0.82,0.82,0.9,0.84,0.87,0.87,0.89,0.89
742,0.82,0.83,0.91,0.82,0.88,0.87,0.89,0.89
743,0.83,0.82,0.9,0.84,0.88,0.87,0.89,0.89
744,0.82,0.83,0.91,0.83,0.88,0.87,0.89,0.89
745,0.85,0.82,0.92,0.84,0.88,0.87,0.89,0.89
746,0.82,0.82,0.91,0.84,0.88,0.87,0.9,0.89
747,0.85,0.82,0.91,0.85,0.87,0.87,0.9,0.89
748,0.82,0.84,0.91,0.84,0.88,0.87,0.9,0.89
749,0.82,0.84,0.91,0.82,0.88,0.87,0.9,0.9
750,0.82,0.83,0.91,0.85,0.88,0.88,0.89,0.9
751,0.82,0.83,0.92,0.84,0.87,0.87,0.89,0.9
752,0.82,0.83,0.92,0.84,0.87,0.88,0.89,0.89
753,0.82,0.83,0.92,0.84,0.87,0.88,0.89,0.89
754,0.82,0.83,0.92,0.86,0.87,0.88,0.9,0.9
755,0.85,0.83,0.92,0.85,0.87,0.88,0.89,0.89
756,0.82,0.84,0.92,0.85,0.87,0.87,0.89,0.89
757,0.82,0.83,0.92,0.85,0.87,0.88,0.89,0.89
758,0.82,0.83,0.92,0.86,0.87,0.87,0.89,0.89
759,0.82,0.83,0.92,0.86,0.87,0.88,0.89,0.89
760,0.82,0.84,0.92,0.86,0.87,0.87,0.89,0.9
761,0.82,0.83,0.92,0.86,0.87,0.88,0.89,0.9
762,0.82,0.84,0.92,0.86,0.88,0.88,0.89,0.9
763,0.83,0.83,0.92,0.86,0.88,0.87,0.89,0.9
764,0.83,0.82,0.92,0.86,0.88,0.88,0.89,0.89
765,0.82,0.83,0.92,0.86,0.88,0.88,0.9,0.9
766,0.85,0.84,0.92,0.86,0.88,0.89,0.9,0.9
767,0.82,0.83,0.92,0.86,0.88,0.89,0.89,0.9
768,0.82,0.83,0.92,0.86,0.88,0.89,0.9,0.9
769,0.82,0.83,0.92,0.88,0.89,0.88,0.9,0.9
770,0.82,0.84,0.92,0.86,0.88,0.89,0.9,0.9
771,0.82,0.84,0.92,0.86,0.88,0.89,0.9,0.9
772,0.83,0.83,0.92,0.87,0.89,0.89,0.9,0.9
773,0.82,0.82,0.92,0.87,0.88,0.89,0.9,0.9
774,0.82,0.82,0.92,0.89,0.89,0.89,0.9,0.9
775,0.83,0.82,0.92,0.86,0.89,0.89,0.9,0.9
776,0.83,0.83,0.92,0.86,0.89,0.89,0.89,0.9
777,0.83,0.84,0.92,0.86,0.89,0.89,0.9,0.9
778,0.83,0.82,0.92,0.86,0.89,0.89,0.89,0.9
779,0.85,0.82,0.92,0.87,0.89,0.89,0.89,0.9
780,0.83,0.84,0.91,0.87,0.89,0.89,0.9,0.9
781,0.83,0.82,0.91,0.87,0.89,0.89,0.89,0.9
782,0.83,0.82,0.9,0.87,0.89,0.9,0.9,0.91
783,0.83,0.82,0.9,0.87,0.89,0.9,0.89,0.9
784,0.83,0.82,0.91,0.87,0.89,0.9,0.9,0.9
785,0.85,0.84,0.9,0.87,0.89,0.9,0.9,0.9
786,0.83,0.84,0.91,0.87,0.89,0.9,0.89,0.9
787,0.83,0.82,0.9,0.87,0.89,0.9,0.9,0.9
788,0.83,0.82,0.9,0.89,0.89,0.9,0.9,0.91
789,0.83,0.82,0.9,0.87,0.9,0.9,0.89,0.9
790,0.83,0.82,0.9,0.87,0.89,0.9,0.89,0.9
791,0.85,0.82,0.91,0.87,0.89,0.9,0.89,0.9
792,0.85,0.82,0.9,0.88,0.89,0.9,0.89,0.9
793,0.85,0.82,0.91,0.88,0.9,0.9,0.89,0.9
794,0.83,0.84,0.91,0.88,0.89,0.9,0.89,0.9
795,0.85,0.82,0.91,0.88,0.9,0.9,0.89,0.91
796,0.85,0.82,0.91,0.9,0.9,0.9,0.89,0.91
797,0.85,0.82,0.91,0.88,0.89,0.9,0.9,0.91
798,0.85,0.84,0.91,0.88,0.9,0.9,0.9,0.9
799,0.83,0.84,0.91,0.88,0.9,0.9,0.89,0.91
800,0.85,0.82,0.91,0.9,0.9,0.9,0.9,0.91
801,0.85,0.84,0.91,0.88,0.9,0.9,0.9,0.92
802,0.83,0.84,0.91,0.88,0.89,0.9,0.9,0.92
803,0.83,0.84,0.91,0.88,0.9,0.9,0.9,0.92
804,0.83,0.84,0.91,0.88,0.9,0.9,0.9,0.91
805,0.83,0.84,0.92,0.89,0.9,0.9,0.9,0.92
806,0.85,0.84,0.91,0.88,0.9,0.91,0.91,0.92
807,0.85,0.84,0.91,0.88,0.9,0.9,0.91,0.92
808,0.88,0.85,0.91,0.88,0.9,0.9,0.91,0.92
809,0.88,0.84,0.91,0.88,0.9,0.9,0.91,0.92
810,0.88,0.85,0.91,0.9,0.9,0.9,0.92,0.92
811,0.85,0.85,0.91,0.89,0.9,0.91,0.92,0.93
812,0.85,0.84,0.91,0.88,0.91,0.9,0.92,0.93
813,0.85,0.84,0.91,0.88,0.91,0.91,0.92,0.93
814,0.88,0.85,0.91,0.88,0.91,0.91,0.92,0.93
815,0.85,0.85,0.91,0.89,0.91,0.91,0.92,0.93
816,0.85,0.84,0.91,0.88,0.91,0.91,0.92,0.93
817,0.88,0.84,0.91,0.88,0.92,0.92,0.93,0.93
818,0.85,0.84,0.91,0.88,0.91,0.92,0.93,0.93
819,0.85,0.85,0.91,0.89,0.91,0.92,0.93,0.93
820,0.86,0.85,0.91,0.89,0.91,0.92,0.92,0.94
821,0.86,0.85,0.91,0.89,0.91,0.92,0.93,0.93
822,0.86,0.84,0.91,0.89,0.91,0.92,0.93,0.93
823,0.86,0.85,0.9,0.88,0.91,0.92,0.92,0.94
824,0.86,0.85,0.91,0.88,0.91,0.91,0.92,0.94
825,0.86,0.85,0.91,0.89,0.91,0.92,0.92,0.94
826,0.89,0.85,0.91,0.89,0.91,0.92,0.92,0.93
827,0.86,0.85,0.91,0.89,0.91,0.92,0.92,0.93
828,0.86,0.85,0.91,0.89,0.92,0.92,0.92,0.93
829,0.86,0.85,0.91,0.88,0.92,0.92,0.92,0.93
830,0.86,0.85,0.91,0.89,0.92,0.92,0.91,0.93
831,0.86,0.85,0.91,0.88,0.92,0.92,0.91,0.93
832,0.86,0.85,0.91,0.89,0.92,0.92,0.91,0.92
833,0.89,0.86,0.91,0.89,0.92,0.92,0.9,0.92
834,0.88,0.86,0.91,0.89,0.92,0.92,0.9,0.92
835,0.86,0.85,0.91,0.89,0.92,0.92,0.9,0.92
836,0.86,0.86,0.91,0.89,0.92,0.92,0.9,0.92
837,0.88,0.86,0.91,0.89,0.93,0.92,0.9,0.91
838,0.91,0.86,0.91,0.89,0.92,0.92,0.9,0.91
839,0.89,0.86,0.91,0.89,0.92,0.92,0.89,0.91
840,0.89,0.87,0.91,0.89,0.92,0.92,0.89,0.91
841,0.88,0.87,0.92,0.89,0.92,0.92,0.89,0.91
842,0.88,0.87,0.91,0.89,0.92,0.92,0.88,0.91
843,0.89,0.87,0.92,0.89,0.92,0.92,0.88,0.91
844,0.88,0.88,0.92,0.89,0.92,0.92,0.89,0.91
845,0.89,0.87,0.91,0.89,0.92,0.92,0.88,0.91
846,0.88,0.87,0.91,0.89,0.92,0.92,0.87,0.91
847,0.88,0.88,0.92,0.89,0.92,0.92,0.88,0.91
848,0.88,0.88,0.92,0.89,0.91,0.92,0.88,0.9
849,0.88,0.87,0.92,0.89,0.92,0.92,0.88,0.9
850,0.89,0.87,0.92,0.89,0.91,0.92,0.88,0.9
851,0.89,0.87,0.92,0.88,0.91,0.92,0.88,0.91
852,0.88,0.88,0.92,0.89,0.91,0.92,0.88,0.9
853,0.89,0.88,0.92,0.9,0.91,0.92,0.88,0.9
854,0.88,0.88,0.92,0.9,0.91,0.92,0.89,0.9
855,0.88,0.88,0.93,0.9,0.91,0.91,0.89,0.91
856,0.91,0.87,0.92,0.89,0.91,0.92,0.89,0.9
857,0.89,0.89,0.92,0.9,0.91,0.92,0.89,0.91
858,0.88,0.88,0.92,0.9,0.91,0.92,0.89,0.91
859,0.88,0.88,0.93,0.9,0.92,0.92,0.9,0.91
860,0.88,0.88,0.93,0.9,0.92,0.92,0.9,0.91
861,0.89,0.88,0.92,0.9,0.92,0.92,0.9,0.91
862,0.89,0.88,0.92,0.9,0.92,0.92,0.9,0.91
863,0.88,0.89,0.92,0.9,0.92,0.92,0.91,0.91
864,0.88,0.88,0.93,0.88,0.92,0.92,0.91,0.92
865,0.89,0.88,0.92,0.9,0.92,0.92,0.91,0.92
866,0.89,0.89,0.92,0.9,0.92,0.92,0.91,0.93
867,0.92,0.89,0.93,0.89,0.92,0.92,0.91,0.92
868,0.89,0.89,0.93,0.9,0.92,0.92,0.91,0.92
869,0.89,0.89,0.93,0.89,0.92,0.92,0.91,0.93
870,0.91,0.89,0.93,0.89,0.93,0.92,0.91,0.93
871,0.92,0.89,0.92,0.9,0.92,0.92,0.91,0.93
872,0.91,0.89,0.93,0.89,0.93,0.92,0.91,0.92
873,0.92,0.89,0.93,0.89,0.93,0.92,0.91,0.92
874,0.89,0.89,0.93,0.9,0.93,0.92,0.91,0.93
875,0.88,0.89,0.93,0.89,0.93,0.92,0.91,0.93
876,0.89,0.89,0.93,0.9,0.93,0.92,0.9,0.92
877,0.89,0.89,0.93,0.9,0.93,0.92,0.9,0.92
878,0.89,0.89,0.93,0.9,0.93,0.92,0.91,0.92
879,0.89,0.89,0.93,0.89,0.93,0.92,0.9,0.92
880,0.89,0.89,0.93,0.9,0.93,0.92,0.88,0.92
881,0.89,0.89,0.94,0.9,0.93,0.92,0.89,0.92
882,0.91,0.89,0.93,0.9,0.92,0.92,0.88,0.92
883,0.89,0.9,0.93,0.89,0.93,0.92,0.88,0.92
884,0.91,0.89,0.94,0.89,0.92,0.92,0.89,0.92
885,0.89,0.89,0.94,0.9,0.92,0.93,0.88,0.91
886,0.89,0.9,0.94,0.9,0.92,0.92,0.88,0.91
887,0.91,0.89,0.93,0.9,0.92,0.92,0.88,0.91
888,0.89,0.89,0.94,0.9,0.92,0.92,0.88,0.91
889,0.89,0.89,0.93,0.9,0.92,0.92,0.88,0.9
890,0.89,0.89,0.94,0.89,0.92,0.92,0.87,0.91
891,0.91,0.89,0.93,0.9,0.92,0.91,0.87,0.9
892,0.89,0.89,0.94,0.89,0.93,0.92,0.87,0.89
893,0.92,0.89,0.94,0.89,0.92,0.91,0.87,0.89
894,0.89,0.89,0.94,0.9,0.93,0.92,0.87,0.89
895,0.89,0.89,0.93,0.89,0.92,0.92,0.86,0.89
896,0.88,0.9,0.94,0.89,0.92,0.91,0.86,0.89
897,0.89,0.89,0.94,0.9,0.92,0.91,0.86,0.89
898,0.89,0.89,0.93,0.9,0.92,0.91,0.86,0.89
899,0.89,0.9,0.93,0.89,0.92,0.91,0.87,0.89
900,0.89,0.89,0.93,0.89,0.91,0.91,0.86,0.89
901,0.89,0.89,0.93,0.89,0.91,0.91,0.86,0.88
902,0.88,0.9,0.92,0.89,0.91,0.91,0.85,0.88
903,0.88,0.89,0.92,0.9,0.91,0.91,0.85,0.88
904,0.89,0.9,0.93,0.89,0.9,0.91,0.85,0.88
905,0.88,0.91,0.92,0.9,0.91,0.91,0.85,0.88
906,0.89,0.89,0.93,0.89,0.91,0.91,0.85,0.88
907,0.89,0.89,0.93,0.89,0.91,0.91,0.85,0.88
908,0.91,0.91,0.93,0.9,0.91,0.91,0.85,0.88
909,0.88,0.89,0.93,0.9,0.91,0.91,0.85,0.88
910,0.89,0.91,0.93,0.9,0.91,0.91,0.85,0.88
911,0.91,0.91,0.93,0.91,0.9,0.9,0.85,0.88
912,0.92,0.91,0.93,0.89,0.9,0.91,0.85,0.88
913,0.89,0.91,0.94,0.91,0.9,0.91,0.85,0.88
914,0.88,0.91,0.94,0.89,0.89,0.9,0.85,0.88
915,0.89,0.91,0.94,0.9,0.9,0.91,0.85,0.88
916,0.88,0.91,0.94,0.9,0.89,0.9,0.85,0.88
917,0.89,0.91,0.94,0.9,0.89,0.91,0.85,0.88
918,0.89,0.91,0.94,0.9,0.89,0.9,0.85,0.88
919,0.89,0.92,0.94,0.9,0.89,0.9,0.85,0.88
920,0.91,0.91,0.95,0.9,0.89,0.89,0.85,0.88
921,0.89,0.91,0.95,0.91,0.9,0.89,0.85,0.88
922,0.89,0.91,0.94,0.89,0.89,0.89,0.85,0.88
923,0.89,0.91,0.94,0.91,0.89,0.9,0.85,0.88
924,0.92,0.91,0.94,0.91,0.89,0.9,0.85,0.88
925,0.89,0.91,0.94,0.91,0.89,0.9,0.85,0.88
926,0.89,0.92,0.94,0.9,0.89,0.9,0.85,0.88
927,0.91,0.92,0.94,0.91,0.9,0.9,0.85,0.88
928,0.89,0.92,0.95,0.9,0.89,0.9,0.86,0.88
929,0.89,0.92,0.95,0.91,0.89,0.9,0.86,0.88
930,0.91,0.92,0.95,0.91,0.89,0.9,0.86,0.88
931,0.91,0.92,0.95,0.91,0.89,0.9,0.86,0.88
932,0.91,0.92,0.95,0.9,0.89,0.9,0.86,0.89
933,0.91,0.91,0.95,0.91,0.9,0.9,0.86,0.89
934,0.91,0.91,0.95,0.91,0.89,0.9,0.87,0.89
935,0.89,0.91,0.95,0.91,0.9,0.9,0.88,0.9
936,0.91,0.92,0.95,0.93,0.9,0.9,0.87,0.89
937,0.89,0.92,0.95,0.91,0.9,0.9,0.89,0.89
938,0.89,0.92,0.95,0.91,0.9,0.9,0.89,0.9
939,0.89,0.92,0.95,0.91,0.9,0.9,0.89,0.9
940,0.89,0.91,0.95,0.91,0.9,0.9,0.89,0.9
941,0.92,0.92,0.95,0.91,0.9,0.91,0.9,0.91
942,0.89,0.92,0.95,0.91,0.9,0.91,0.9,0.92
943,0.91,0.92,0.95,0.91,0.91,0.91,0.91,0.92
944,0.89,0.91,0.95,0.91,0.91,0.91,0.91,0.92
945,0.91,0.92,0.95,0.91,0.91,0.91,0.91,0.92
946,0.91,0.92,0.95,0.93,0.91,0.91,0.91,0.93
947,0.89,0.91,0.95,0.91,0.91,0.92,0.92,0.93
948,0.91,0.92,0.95,0.93,0.91,0.92,0.92,0.94
949,0.91,0.92,0.95,0.91,0.91,0.92,0.92,0.94
950,0.89,0.92,0.95,0.91,0.91,0.92,0.93,0.94
951,0.91,0.91,0.95,0.91,0.91,0.92,0.93,0.94
952,0.89,0.92,0.95,0.91,0.92,0.92,0.94,0.94
953,0.91,0.92,0.95,0.91,0.91,0.92,0.93,0.94
954,0.92,0.91,0.95,0.91,0.92,0.93,0.94,0.95
955,0.91,0.92,0.94,0.91,0.92,0.92,0.93,0.94
956,0.92,0.92,0.94,0.91,0.92,0.92,0.94,0.95
957,0.91,0.92,0.94,0.91,0.93,0.93,0.93,0.95
958,0.92,0.91,0.95,0.91,0.92,0.93,0.93,0.95
959,0.92,0.92,0.94,0.91,0.93,0.93,0.94,0.95
960,0.92,0.92,0.95,0.91,0.93,0.93,0.93,0.95
961,0.92,0.92,0.95,0.91,0.93,0.93,0.93,0.95
962,0.92,0.92,0.95,0.91,0.93,0.93,0.93,0.95
963,0.92,0.92,0.95,0.91,0.93,0.93,0.94,0.95
964,0.92,0.92,0.95,0.91,0.93,0.93,0.93,0.95
965,0.92,0.92,0.95,0.93,0.94,0.94,0.92,0.94
966,0.92,0.92,0.94,0.91,0.93,0.93,0.92,0.95
967,0.92,0.92,0.94,0.91,0.94,0.94,0.93,0.95
968,0.92,0.93,0.94,0.91,0.94,0.94,0.93,0.94
969,0.97,0.92,0.95,0.93,0.94,0.94,0.92,0.94
970,0.92,0.92,0.95,0.91,0.94,0.94,0.92,0.95
971,0.92,0.93,0.94,0.93,0.94,0.94,0.92,0.94
972,0.92,0.92,0.95,0.91,0.94,0.93,0.92,0.95
973,0.92,0.92,0.94,0.93,0.94,0.94,0.92,0.94
974,0.92,0.92,0.94,0.91,0.94,0.94,0.92,0.94
975,0.94,0.93,0.94,0.93,0.94,0.94,0.92,0.94
976,0.94,0.92,0.94,0.91,0.94,0.94,0.91,0.93
977,0.92,0.93,0.94,0.91,0.94,0.94,0.91,0.94
978,0.94,0.92,0.94,0.93,0.94,0.94,0.91,0.94
979,0.94,0.94,0.94,0.91,0.94,0.94,0.91,0.94
980,0.94,0.92,0.94,0.93,0.94,0.94,0.91,0.94
981,0.94,0.92,0.94,0.93,0.94,0.94,0.91,0.94
982,0.92,0.93,0.94,0.91,0.94,0.94,0.9,0.92
983,0.94,0.92,0.94,0.93,0.94,0.94,0.9,0.93
984,0.95,0.92,0.94,0.91,0.94,0.94,0.9,0.93
985,0.97,0.93,0.94,0.93,0.94,0.94,0.9,0.93
986,0.94,0.92,0.94,0.93,0.94,0.95,0.89,0.93
987,0.94,0.92,0.95,0.93,0.94,0.94,0.9,0.93
988,0.94,0.93,0.95,0.93,0.94,0.94,0.89,0.93
989,0.94,0.94,0.95,0.93,0.94,0.94,0.89,0.93
990,0.94,0.93,0.95,0.93,0.94,0.94,0.89,0.93
991,0.94,0.92,0.95,0.94,0.94,0.94,0.9,0.92
992,0.95,0.93,0.95,0.93,0.94,0.94,0.9,0.92
993,0.94,0.92,0.95,0.93,0.94,0.94,0.89,0.92
994,0.94,0.92,0.95,0.93,0.94,0.94,0.9,0.92
995,0.94,0.92,0.96,0.93,0.94,0.94,0.89,0.92
996,0.94,0.92,0.96,0.94,0.94,0.94,0.89,0.92
997,0.94,0.92,0.96,0.94,0.94,0.94,0.89,0.92
998,0.94,0.92,0.96,0.93,0.94,0.94,0.89,0.92
999,0.94,0.92,0.96,0.93,0.94,0.94,0.89,0.91
1000,0.95,0.91,0.97,0.94,0.93,0.93,0.9,0.91
1001,0.94,0.92,0.97,0.94,0.94,0.93,0.9,0.91
1002,0.94,0.91,0.98,0.94,0.93,0.93,0.9,0.91
1003,0.94,0.92,0.98,0.94,0.93,0.93,0.9,0.92
1004,0.94,0.91,0.98,0.94,0.93,0.93,0.9,0.92
1005,0.94,0.91,0.99,0.95,0.93,0.93,0.91,0.91
1006,0.95,0.92,0.98,0.94,0.93,0.94,0.91,0.92
1007,0.92,0.93,0.98,0.95,0.93,0.94,0.91,0.92
1008,0.95,0.92,0.98,0.95,0.93,0.94,0.92,0.92
1009,0.94,0.92,0.99,0.95,0.93,0.94,0.92,0.92
1010,0.94,0.91,0.98,0.96,0.93,0.93,0.92,0.92
1011,0.97,0.91,0.99,0.95,0.92,0.92,0.92,0.92
1012,0.94,0.91,0.98,0.94,0.92,0.94,0.93,0.93
1013,0.95,0.9,0.98,0.96,0.93,0.93,0.93,0.93
1014,0.94,0.92,0.98,0.95,0.92,0.94,0.94,0.94
1015,0.94,0.91,0.98,0.95,0.92,0.94,0.93,0.94
1016,0.94,0.91,0.99,0.97,0.93,0.94,0.93,0.94
1017,0.94,0.91,0.99,0.95,0.93,0.94,0.93,0.95
1018,0.94,0.9,0.98,0.96,0.93,0.94,0.93,0.94
1019,0.94,0.9,0.98,0.96,0.92,0.94,0.93,0.95
1020,0.94,0.91,0.98,0.95,0.93,0.93,0.93,0.95
1021,0.94,0.91,0.98,0.96,0.92,0.94,0.93,0.95
1022,0.92,0.9,0.98,0.96,0.92,0.93,0.94,0.95
1023,0.92,0.92,0.98,0.96,0.93,0.93,0.93,0.95
1024,0.92,0.9,0.98,0.96,0.92,0.94,0.93,0.94
1025,0.94,0.9,0.97,0.97,0.93,0.93,0.93,0.95
1026,0.92,0.91,0.97,0.95,0.93,0.93,0.92,0.94
1027,0.92,0.9,0.97,0.95,0.93,0.93,0.92,0.94
1028,0.92,0.9,0.97,0.95,0.92,0.93,0.92,0.94
1029,0.92,0.91,0.97,0.96,0.92,0.93,0.92,0.94
1030,0.92,0.9,0.97,0.95,0.92,0.93,0.92,0.94
1031,0.95,0.91,0.96,0.96,0.92,0.93,0.92,0.94
1032,0.92,0.9,0.97,0.96,0.92,0.93,0.92,0.94
1033,0.92,0.9,0.96,0.95,0.92,0.94,0.92,0.94
1034,0.92,0.9,0.96,0.95,0.92,0.93,0.91,0.94
1035,0.92,0.9,0.96,0.95,0.92,0.94,0.91,0.93
1036,0.95,0.91,0.96,0.96,0.92,0.93,0.91,0.93
1037,0.92,0.9,0.95,0.95,0.92,0.93,0.91,0.94
1038,0.92,0.91,0.95,0.96,0.92,0.93,0.91,0.93
1039,0.92,0.9,0.95,0.96,0.92,0.94,0.91,0.93
1040,0.92,0.9,0.95,0.95,0.92,0.94,0.9,0.93
1041,0.94,0.9,0.94,0.96,0.92,0.93,0.9,0.93
1042,0.92,0.9,0.94,0.96,0.92,0.93,0.9,0.93
1043,0.92,0.9,0.95,0.96,0.92,0.93,0.89,0.93
1044,0.95,0.9,0.95,0.96,0.92,0.93,0.89,0.93
1045,0.95,0.9,0.94,0.96,0.92,0.92,0.89,0.93
1046,0.92,0.9,0.94,0.95,0.92,0.93,0.89,0.93
1047,0.94,0.9,0.94,0.97,0.92,0.93,0.89,0.93
1048,0.92,0.9,0.94,0.97,0.92,0.93,0.89,0.93
1049,0.95,0.91,0.94,0.96,0.92,0.93,0.88,0.92
1050,0.92,0.92,0.94,0.95,0.92,0.93,0.89,0.92
1051,0.92,0.92,0.94,0.97,0.92,0.92,0.88,0.92
1052,0.92,0.91,0.94,0.97,0.92,0.92,0.89,0.92
1053,0.92,0.91,0.94,0.96,0.92,0.92,0.88,0.92
1054,0.92,0.91,0.94,0.97,0.92,0.92,0.88,0.92
1055,0.94,0.91,0.94,0.97,0.92,0.92,0.88,0.92
1056,0.95,0.91,0.94,0.95,0.92,0.92,0.88,0.92
1057,0.94,0.91,0.94,0.95,0.92,0.92,0.88,0.92
1058,0.92,0.91,0.94,0.96,0.92,0.93,0.88,0.92
1059,0.92,0.92,0.94,0.95,0.92,0.92,0.88,0.92
1060,0.94,0.91,0.94,0.97,0.92,0.93,0.88,0.92
1061,0.95,0.92,0.94,0.97,0.92,0.93,0.88,0.92
1062,0.95,0.92,0.94,0.97,0.92,0.93,0.88,0.92
1063,0.94,0.92,0.94,0.96,0.92,0.93,0.88,0.92
1064,0.94,0.92,0.94,0.97,0.92,0.93,0.88,0.92
1065,0.95,0.93,0.93,0.96,0.92,0.93,0.89,0.92
1066,0.98,0.92,0.93,0.95,0.92,0.92,0.89,0.91
1067,0.94,0.92,0.94,0.96,0.92,0.93,0.89,0.92
1068,0.97,0.92,0.94,0.95,0.91,0.93,0.89,0.92
1069,0.94,0.92,0.93,0.96,0.91,0.92,0.89,0.92
1070,0.98,0.91,0.93,0.95,0.91,0.92,0.89,0.92
1071,0.95,0.92,0.93,0.95,0.91,0.93,0.89,0.93
1072,0.95,0.92,0.93,0.96,0.91,0.93,0.89,0.92
1073,0.95,0.92,0.93,0.96,0.92,0.93,0.89,0.92
1074,0.98,0.92,0.93,0.95,0.92,0.93,0.9,0.92
1075,0.95,0.92,0.93,0.96,0.92,0.93,0.9,0.92
1076,0.95,0.92,0.93,0.95,0.92,0.93,0.89,0.92
1077,0.95,0.92,0.93,0.96,0.92,0.93,0.89,0.93
1078,0.95,0.92,0.93,0.95,0.92,0.94,0.9,0.93
1079,0.95,0.92,0.93,0.96,0.92,0.93,0.89,0.93
1080,0.95,0.92,0.93,0.95,0.92,0.93,0.89,0.93
1081,0.95,0.92,0.93,0.95,0.92,0.93,0.89,0.93
1082,0.97,0.92,0.93,0.96,0.92,0.93,0.89,0.93
1083,0.98,0.92,0.93,0.95,0.92,0.92,0.89,0.93
1084,0.95,0.92,0.93,0.94,0.92,0.93,0.89,0.93
1085,0.95,0.92,0.93,0.94,0.92,0.93,0.9,0.93
1086,1.0,0.92,0.93,0.94,0.92,0.93,0.89,0.93
1087,0.95,0.94,0.93,0.94,0.92,0.92,0.9,0.92
1088,0.95,0.93,0.93,0.96,0.93,0.93,0.89,0.93
1089,0.95,0.92,0.93,0.94,0.92,0.94,0.89,0.92
1090,0.97,0.94,0.93,0.94,0.93,0.93,0.89,0.93
1091,0.95,0.94,0.93,0.94,0.93,0.93,0.89,0.93
1092,0.95,0.94,0.93,0.96,0.93,0.93,0.89,0.93
1093,0.95,0.94,0.93,0.96,0.92,0.93,0.89,0.93
1094,0.95,0.93,0.92,0.94,0.92,0.93,0.89,0.92
1095,0.94,0.94,0.93,0.94,0.92,0.93,0.89,0.93
1096,0.97,0.93,0.92,0.96,0.93,0.93,0.89,0.92
1097,0.94,0.94,0.92,0.94,0.93,0.93,0.89,0.92
1098,0.95,0.93,0.93,0.94,0.93,0.93,0.89,0.92
1099,0.94,0.94,0.93,0.93,0.93,0.93,0.89,0.92
1100,0.94,0.93,0.93,0.94,0.93,0.93,0.89,0.92
1101,0.94,0.94,0.93,0.94,0.93,0.93,0.89,0.92
1102,0.94,0.93,0.93,0.94,0.93,0.93,0.89,0.92
1103,0.94,0.93,0.93,0.96,0.92,0.93,0.89,0.92
1104,0.95,0.93,0.92,0.94,0.93,0.93,0.88,0.93
1105,0.94,0.94,0.92,0.93,0.93,0.93,0.88,0.92
1106,0.92,0.93,0.92,0.93,0.93,0.93,0.88,0.92
1107,0.95,0.93,0.92,0.94,0.93,0.93,0.88,0.92
1108,0.92,0.93,0.92,0.93,0.93,0.93,0.88,0.92
1109,0.92,0.93,0.92,0.93,0.93,0.93,0.88,0.91
1110,0.95,0.93,0.92,0.91,0.93,0.92,0.88,0.91
1111,0.92,0.93,0.92,0.93,0.93,0.93,0.88,0.91
1112,0.94,0.93,0.92,0.93,0.93,0.92,0.88,0.9
1113,0.94,0.94,0.92,0.93,0.93,0.92,0.88,0.9
1114,0.92,0.93,0.91,0.93,0.93,0.92,0.88,0.9
1115,0.92,0.94,0.91,0.93,0.94,0.92,0.88,0.9
1116,0.92,0.93,0.92,0.93,0.94,0.92,0.88,0.9
1117,0.95,0.94,0.92,0.91,0.94,0.92,0.88,0.9
1118,0.92,0.94,0.92,0.93,0.94,0.92,0.87,0.9
1119,0.92,0.94,0.92,0.93,0.94,0.93,0.87,0.9
1120,0.91,0.93,0.92,0.93,0.94,0.93,0.87,0.9
1121,0.91,0.93,0.92,0.93,0.94,0.93,0.87,0.9
1122,0.91,0.94,0.92,0.93,0.94,0.92,0.87,0.9
1123,0.91,0.93,0.92,0.93,0.93,0.93,0.87,0.9
1124,0.94,0.94,0.92,0.93,0.94,0.93,0.87,0.9
1125,0.91,0.94,0.92,0.93,0.94,0.93,0.87,0.89
1126,0.94,0.94,0.92,0.93,0.94,0.92,0.87,0.89
1127,0.91,0.94,0.93,0.91,0.94,0.93,0.87,0.89
1128,0.91,0.94,0.93,0.93,0.94,0.93,0.87,0.9
1129,0.91,0.94,0.92,0.91,0.93,0.92,0.87,0.89
1130,0.92,0.94,0.93,0.91,0.94,0.92,0.87,0.89
1131,0.91,0.95,0.93,0.91,0.94,0.92,0.86,0.89
1132,0.91,0.95,0.93,0.91,0.93,0.92,0.86,0.89
1133,0.91,0.94,0.94,0.91,0.94,0.92,0.87,0.89
1134,0.91,0.94,0.94,0.93,0.94,0.92,0.87,0.9
1135,0.91,0.95,0.94,0.91,0.93,0.92,0.87,0.9
1136,0.91,0.95,0.94,0.93,0.94,0.92,0.87,0.9
1137,0.91,0.94,0.94,0.91,0.94,0.92,0.87,0.9
1138,0.91,0.96,0.93,0.91,0.94,0.92,0.87,0.9
1139,0.92,0.96,0.94,0.93,0.93,0.92,0.87,0.9
1140,0.91,0.94,0.94,0.93,0.93,0.92,0.87,0.9
1141,0.91,0.94,0.94,0.93,0.93,0.92,0.87,0.89
1142,0.89,0.96,0.94,0.91,0.93,0.92,0.87,0.89
1143,0.89,0.94,0.94,0.93,0.93,0.92,0.87,0.9
1144,0.91,0.96,0.94,0.93,0.94,0.92,0.87,0.89
1145,0.91,0.96,0.94,0.93,0.93,0.91,0.86,0.89
1146,0.91,0.94,0.94,0.93,0.93,0.92,0.87,0.89
1147,0.91,0.96,0.94,0.94,0.93,0.92,0.87,0.9
1148,0.92,0.94,0.94,0.93,0.94,0.92,0.87,0.9
1149,0.91,0.94,0.94,0.94,0.93,0.92,0.87,0.89
1150,0.91,0.94,0.94,0.93,0.94,0.91,0.86,0.89
1151,0.92,0.95,0.94,0.93,0.93,0.92,0.87,0.89
1152,0.91,0.96,0.94,0.93,0.93,0.92,0.87,0.89
1153,0.91,0.95,0.94,0.93,0.93,0.92,0.87,0.89
1154,0.92,0.96,0.94,0.93,0.93,0.91,0.87,0.89
1155,0.91,0.94,0.94,0.94,0.93,0.92,0.87,0.89
1156,0.94,0.96,0.94,0.93,0.93,0.92,0.87,0.89
1157,0.91,0.94,0.95,0.93,0.93,0.91,0.87,0.89
1158,0.91,0.96,0.94,0.93,0.93,0.92,0.87,0.89
1159,0.92,0.96,0.94,0.94,0.93,0.92,0.87,0.89
1160,0.91,0.96,0.95,0.93,0.93,0.92,0.87,0.89
1161,0.94,0.96,0.94,0.93,0.93,0.92,0.86,0.89
1162,0.95,0.95,0.95,0.93,0.93,0.91,0.86,0.89
1163,0.91,0.96,0.94,0.93,0.93,0.91,0.86,0.89
1164,0.91,0.96,0.95,0.93,0.93,0.9,0.86,0.88
1165,0.91,0.96,0.95,0.93,0.93,0.9,0.86,0.88
1166,0.91,0.96,0.95,0.93,0.93,0.9,0.85,0.88
1167,0.91,0.96,0.95,0.93,0.93,0.9,0.85,0.88
1168,0.91,0.96,0.95,0.94,0.92,0.9,0.86,0.88
1169,0.91,0.96,0.95,0.94,0.93,0.9,0.87,0.88
1170,0.91,0.96,0.94,0.93,0.93,0.91,0.86,0.88
1171,0.91,0.96,0.95,0.91,0.93,0.9,0.86,0.88
1172,0.91,0.96,0.95,0.93,0.93,0.91,0.86,0.89
1173,0.91,0.96,0.94,0.94,0.93,0.91,0.86,0.89
1174,0.91,0.96,0.95,0.92,0.93,0.91,0.86,0.89
1175,0.91,0.97,0.95,0.92,0.93,0.91,0.86,0.89
1176,0.91,0.96,0.95,0.94,0.93,0.91,0.86,0.89
1177,0.91,0.96,0.95,0.92,0.93,0.91,0.86,0.89
1178,0.91,0.96,0.94,0.92,0.93,0.91,0.87,0.89
1179,0.91,0.96,0.95,0.92,0.93,0.91,0.87,0.89
1180,0.92,0.97,0.95,0.91,0.93,0.91,0.88,0.89
1181,0.91,0.96,0.95,0.94,0.93,0.91,0.88,0.89
1182,0.94,0.96,0.96,0.92,0.93,0.91,0.88,0.89
1183,0.92,0.97,0.95,0.92,0.93,0.91,0.88,0.89
1184,0.91,0.96,0.96,0.94,0.93,0.91,0.88,0.89
1185,0.92,0.97,0.96,0.92,0.93,0.91,0.88,0.9
1186,0.91,0.96,0.96,0.94,0.93,0.91,0.89,0.9
1187,0.94,0.96,0.96,0.92,0.93,0.9,0.89,0.9
1188,0.92,0.96,0.96,0.93,0.94,0.91,0.9,0.9
1189,0.95,0.96,0.96,0.94,0.93,0.91,0.9,0.9
1190,0.92,0.98,0.96,0.93,0.93,0.91,0.89,0.9
1191,0.91,0.97,0.96,0.92,0.94,0.91,0.9,0.91
1192,0.92,0.96,0.96,0.94,0.94,0.91,0.9,0.91
1193,0.91,0.97,0.96,0.94,0.94,0.91,0.9,0.9
1194,0.92,0.98,0.96,0.94,0.94,0.91,0.9,0.91
1195,0.92,0.96,0.96,0.94,0.94,0.91,0.9,0.91
1196,0.91,0.97,0.97,0.94,0.94,0.91,0.9,0.91
1197,0.94,0.97,0.96,0.93,0.94,0.91,0.9,0.9
1198,0.95,0.98,0.97,0.93,0.94,0.91,0.9,0.91
1199,0.92,0.96,0.97,0.94,0.94,0.91,0.9,0.9
1200,0.94,0.98,0.97,0.93,0.94,0.91,0.9,0.91
1201,0.92,0.97,0.97,0.95,0.94,0.91,0.9,0.9
1202,0.92,0.97,0.97,0.94,0.94,0.91,0.9,0.91
1203,0.92,0.96,0.97,0.94,0.94,0.91,0.9,0.91
1204,0.92,0.96,0.97,0.93,0.94,0.91,0.9,0.91
1205,0.92,0.98,0.97,0.94,0.94,0.91,0.9,0.91
1206,0.92,0.97,0.97,0.93,0.95,0.91,0.9,0.91
1207,0.92,0.97,0.97,0.93,0.94,0.91,0.9,0.91
1208,0.92,0.97,0.97,0.93,0.95,0.91,0.9,0.92
1209,0.92,0.96,0.97,0.93,0.94,0.91,0.9,0.92
1210,0.92,0.97,0.98,0.93,0.95,0.91,0.9,0.92
1211,0.92,0.96,0.97,0.93,0.95,0.91,0.9,0.92
1212,0.92,0.97,0.97,0.93,0.95,0.91,0.9,0.92
1213,0.94,0.97,0.97,0.93,0.94,0.91,0.9,0.92
1214,0.92,0.97,0.97,0.93,0.95,0.91,0.9,0.92
1215,0.94,0.98,0.97,0.93,0.94,0.91,0.9,0.92
1216,0.92,0.97,0.97,0.93,0.95,0.91,0.9,0.92
1217,0.97,0.97,0.97,0.93,0.95,0.91,0.91,0.92
1218,0.92,0.96,0.97,0.93,0.95,0.91,0.91,0.92
1219,0.92,0.97,0.97,0.93,0.95,0.91,0.92,0.92
1220,0.92,0.96,0.97,0.93,0.95,0.92,0.92,0.92
1221,0.92,0.98,0.98,0.93,0.95,0.92,0.92,0.93
1222,0.92,0.97,0.98,0.93,0.95,0.92,0.92,0.93
1223,0.94,0.97,0.97,0.93,0.95,0.92,0.92,0.93
1224,0.94,0.98,0.97,0.95,0.96,0.92,0.93,0.93
1225,0.94,0.98,0.97,0.93,0.95,0.92,0.92,0.93
1226,0.92,0.97,0.97,0.93,0.96,0.92,0.93,0.93
1227,0.94,0.98,0.97,0.95,0.95,0.92,0.93,0.94
1228,0.94,0.97,0.98,0.93,0.96,0.93,0.93,0.94
1229,0.92,0.97,0.97,0.95,0.96,0.93,0.93,0.94
1230,0.92,0.97,0.97,0.95,0.96,0.92,0.93,0.93
1231,0.94,0.98,0.97,0.93,0.96,0.93,0.93,0.94
1232,0.97,0.99,0.97,0.93,0.96,0.92,0.93,0.93
1233,0.94,0.98,0.97,0.93,0.96,0.93,0.93,0.93
1234,0.94,0.99,0.97,0.93,0.96,0.93,0.93,0.93
1235,0.94,0.98,0.98,0.93,0.96,0.93,0.93,0.93
1236,0.94,0.98,0.98,0.95,0.96,0.93,0.93,0.93
1237,0.94,0.99,0.98,0.95,0.96,0.93,0.93,0.93
1238,0.94,0.98,0.97,0.95,0.96,0.93,0.93,0.93
1239,0.94,0.98,0.98,0.95,0.96,0.93,0.93,0.93
1240,0.94,0.98,0.97,0.95,0.96,0.93,0.93,0.93
1241,0.94,0.99,0.98,0.95,0.96,0.93,0.92,0.93
1242,0.97,0.99,0.98,0.96,0.96,0.93,0.92,0.93
1243,0.95,0.99,0.98,0.95,0.96,0.93,0.92,0.93
1244,0.94,0.99,0.98,0.96,0.96,0.93,0.92,0.93
1245,0.94,0.99,0.98,0.96,0.96,0.93,0.92,0.93
1246,0.94,0.99,0.98,0.95,0.96,0.93,0.92,0.93
1247,0.95,0.98,0.97,0.95,0.96,0.93,0.92,0.94
1248,0.94,0.99,0.98,0.93,0.96,0.93,0.92,0.93
1249,0.94,0.99,0.97,0.95,0.96,0.93,0.92,0.93
1250,0.94,0.99,0.98,0.96,0.96,0.93,0.93,0.93
1251,0.94,0.99,0.97,0.95,0.96,0.93,0.93,0.93
1252,0.94,0.99,0.97,0.96,0.96,0.93,0.93,0.93
1253,0.94,0.99,0.97,0.95,0.96,0.93,0.93,0.93
1254,0.97,0.98,0.97,0.96,0.96,0.93,0.93,0.93
1255,0.94,0.99,0.96,0.95,0.96,0.93,0.93,0.93
1256,0.94,0.99,0.96,0.95,0.96,0.93,0.93,0.93
1257,0.94,0.99,0.97,0.96,0.96,0.94,0.93,0.93
1258,0.94,0.99,0.97,0.95,0.96,0.94,0.93,0.93
1259,0.94,0.98,0.97,0.95,0.96,0.94,0.93,0.93
1260,0.94,0.99,0.97,0.95,0.96,0.94,0.93,0.94
1261,0.94,0.98,0.96,0.96,0.96,0.94,0.94,0.94
1262,0.94,0.99,0.96,0.94,0.96,0.94,0.94,0.94
1263,0.94,0.98,0.96,0.95,0.97,0.94,0.94,0.94
1264,0.94,0.98,0.96,0.95,0.97,0.94,0.94,0.94
1265,0.94,0.97,0.96,0.95,0.96,0.94,0.94,0.94
1266,0.94,0.97,0.95,0.95,0.97,0.94,0.94,0.94
1267,0.95,0.97,0.95,0.95,0.97,0.94,0.94,0.95
1268,0.94,0.98,0.95,0.95,0.97,0.94,0.94,0.95
1269,0.95,0.97,0.95,0.95,0.97,0.94,0.94,0.95
1270,0.94,0.97,0.95,0.95,0.97,0.94,0.94,0.95
1271,0.94,0.97,0.95,0.95,0.97,0.94,0.94,0.94
1272,0.94,0.97,0.95,0.93,0.98,0.94,0.95,0.94
1273,0.95,0.97,0.95,0.95,0.97,0.94,0.95,0.94
1274,0.95,0.97,0.95,0.93,0.97,0.94,0.94,0.94
1275,0.94,0.97,0.95,0.93,0.97,0.94,0.95,0.94
1276,0.94,0.97,0.95,0.95,0.97,0.95,0.95,0.95
1277,0.94,0.96,0.94,0.95,0.97,0.95,0.94,0.95
1278,0.94,0.97,0.95,0.95,0.97,0.94,0.94,0.95
1279,0.94,0.97,0.94,0.95,0.97,0.95,0.94,0.95
1280,0.95,0.97,0.95,0.93,0.97,0.95,0.94,0.94
1281,0.95,0.97,0.95,0.95,0.97,0.95,0.94,0.94
1282,0.94,0.97,0.94,0.93,0.97,0.95,0.93,0.94
1283,0.94,0.96,0.95,0.93,0.97,0.95,0.93,0.94
1284,0.94,0.97,0.94,0.93,0.97,0.95,0.94,0.94
1285,0.94,0.96,0.93,0.95,0.97,0.95,0.93,0.94
1286,0.94,0.97,0.93,0.93,0.98,0.95,0.92,0.94
1287,0.94,0.96,0.93,0.93,0.97,0.95,0.92,0.93
1288,0.94,0.97,0.93,0.95,0.96,0.95,0.92,0.93
1289,0.94,0.97,0.93,0.93,0.96,0.95,0.92,0.93
1290,0.92,0.96,0.93,0.93,0.96,0.95,0.91,0.92
1291,0.94,0.97,0.93,0.95,0.96,0.95,0.91,0.92
1292,0.92,0.96,0.93,0.93,0.96,0.95,0.9,0.92
1293,0.92,0.96,0.93,0.93,0.96,0.94,0.91,0.92
1294,0.92,0.96,0.93,0.93,0.96,0.94,0.89,0.92
1295,0.94,0.96,0.92,0.93,0.96,0.94,0.89,0.91
1296,0.92,0.96,0.93,0.93,0.95,0.95,0.89,0.91
1297,0.95,0.96,0.92,0.95,0.95,0.94,0.89,0.9
1298,0.94,0.96,0.91,0.95,0.94,0.94,0.88,0.9
1299,0.92,0.96,0.91,0.93,0.95,0.94,0.88,0.9
1300,0.94,0.95,0.91,0.93,0.95,0.94,0.87,0.9
1301,0.95,0.95,0.91,0.93,0.95,0.93,0.87,0.9
1302,0.95,0.95,0.91,0.93,0.95,0.94,0.87,0.89
1303,0.97,0.94,0.9,0.93,0.94,0.94,0.86,0.89
1304,0.94,0.96,0.9,0.95,0.94,0.92,0.86,0.89
1305,0.94,0.95,0.9,0.95,0.94,0.94,0.85,0.88
1306,0.94,0.95,0.9,0.93,0.94,0.93,0.85,0.88
1307,0.94,0.95,0.9,0.95,0.93,0.93,0.85,0.88
1308,0.95,0.94,0.89,0.93,0.93,0.93,0.85,0.88
1309,0.94,0.94,0.89,0.93,0.93,0.93,0.84,0.87
1310,0.94,0.94,0.89,0.93,0.92,0.92,0.84,0.86
1311,0.94,0.94,0.88,0.93,0.92,0.92,0.83,0.86
1312,0.94,0.94,0.88,0.94,0.92,0.92,0.83,0.86
1313,0.94,0.94,0.88,0.94,0.92,0.92,0.82,0.86
1314,0.92,0.94,0.88,0.94,0.91,0.92,0.82,0.85
1315,0.94,0.94,0.88,0.93,0.91,0.92,0.81,0.85
1316,0.94,0.93,0.87,0.94,0.9,0.91,0.81,0.84
1317,0.94,0.93,0.87,0.94,0.9,0.91,0.81,0.84
1318,0.94,0.93,0.86,0.94,0.9,0.91,0.8,0.84
1319,0.97,0.93,0.86,0.93,0.9,0.9,0.8,0.83
1320,0.94,0.92,0.86,0.94,0.89,0.9,0.8,0.83
1321,0.94,0.93,0.86,0.94,0.89,0.9,0.78,0.82
1322,0.94,0.92,0.86,0.94,0.88,0.9,0.79,0.82
1323,0.94,0.92,0.85,0.93,0.88,0.89,0.78,0.81
1324,0.94,0.92,0.85,0.94,0.88,0.9,0.77,0.81
1325,0.94,0.92,0.84,0.94,0.87,0.88,0.77,0.81
1326,0.92,0.92,0.85,0.92,0.88,0.88,0.77,0.81
1327,0.94,0.91,0.84,0.94,0.87,0.88,0.76,0.81
1328,0.92,0.91,0.84,0.94,0.87,0.88,0.76,0.8
1329,0.92,0.9,0.84,0.92,0.86,0.87,0.76,0.79
1330,0.92,0.91,0.83,0.94,0.85,0.87,0.74,0.79
1331,0.92,0.89,0.83,0.94,0.85,0.87,0.74,0.79
1332,0.92,0.91,0.83,0.94,0.85,0.87,0.74,0.79
1333,0.92,0.89,0.82,0.94,0.85,0.87,0.74,0.79
1334,0.92,0.89,0.83,0.93,0.85,0.86,0.73,0.78
1335,0.95,0.89,0.82,0.93,0.84,0.86,0.74,0.78
1336,0.92,0.9,0.81,0.93,0.83,0.85,0.73,0.77
1337,0.94,0.89,0.81,0.94,0.84,0.86,0.72,0.76
1338,0.92,0.88,0.8,0.93,0.83,0.85,0.72,0.76
1339,0.94,0.89,0.8,0.93,0.83,0.85,0.72,0.76
1340,0.92,0.88,0.8,0.93,0.82,0.85,0.71,0.76
1341,0.92,0.88,0.8,0.93,0.82,0.85,0.71,0.75
1342,0.95,0.88,0.8,0.93,0.82,0.84,0.71,0.75
1343,0.94,0.88,0.8,0.93,0.82,0.84,0.7,0.74
1344,0.92,0.87,0.8,0.93,0.82,0.84,0.7,0.74
1345,0.92,0.87,0.79,0.93,0.8,0.84,0.69,0.74
1346,0.91,0.86,0.79,0.93,0.8,0.83,0.69,0.73
1347,0.91,0.86,0.79,0.93,0.81,0.83,0.69,0.73
1348,0.91,0.86,0.78,0.91,0.8,0.83,0.68,0.73
1349,0.91,0.86,0.78,0.93,0.8,0.83,0.68,0.73
1350,0.91,0.86,0.78,0.91,0.79,0.82,0.68,0.72
1351,0.89,0.84,0.77,0.91,0.78,0.82,0.67,0.72
1352,0.89,0.85,0.76,0.91,0.78,0.82,0.66,0.72
1353,0.89,0.84,0.76,0.91,0.78,0.81,0.66,0.71
1354,0.91,0.83,0.76,0.91,0.78,0.81,0.66,0.71
1355,0.88,0.83,0.76,0.91,0.78,0.81,0.66,0.71
1356,0.89,0.83,0.76,0.91,0.78,0.8,0.66,0.71
1357,0.88,0.83,0.75,0.91,0.77,0.8,0.65,0.71
1358,0.88,0.83,0.75,0.91,0.76,0.8,0.64,0.7
1359,0.88,0.83,0.76,0.91,0.76,0.8,0.64,0.7
1360,0.86,0.81,0.75,0.91,0.76,0.8,0.64,0.69
1361,0.88,0.81,0.75,0.91,0.76,0.79,0.64,0.69
1362,0.88,0.81,0.74,0.91,0.76,0.79,0.63,0.69
1363,0.89,0.8,0.74,0.91,0.75,0.78,0.63,0.68
1364,0.86,0.81,0.73,0.92,0.75,0.78,0.62,0.68
1365,0.86,0.8,0.74,0.91,0.75,0.78,0.62,0.68
1366,0.86,0.8,0.73,0.91,0.75,0.78,0.62,0.67
1367,0.86,0.8,0.73,0.91,0.74,0.77,0.62,0.66
1368,0.85,0.8,0.72,0.91,0.73,0.77,0.61,0.66
1369,0.85,0.8,0.72,0.91,0.73,0.77,0.61,0.66
1370,0.86,0.79,0.72,0.91,0.72,0.77,0.6,0.66
1371,0.85,0.79,0.71,0.91,0.73,0.77,0.6,0.66
1372,0.85,0.79,0.71,0.91,0.72,0.76,0.61,0.66
1373,0.85,0.78,0.71,0.91,0.72,0.76,0.6,0.65
1374,0.83,0.79,0.71,0.91,0.72,0.76,0.59,0.65
1375,0.83,0.79,0.71,0.91,0.72,0.76,0.59,0.65
1376,0.85,0.78,0.71,0.9,0.71,0.75,0.58,0.64
1377,0.86,0.78,0.7,0.91,0.71,0.75,0.58,0.64
1378,0.83,0.78,0.7,0.92,0.71,0.75,0.58,0.64
1379,0.83,0.77,0.69,0.9,0.71,0.75,0.58,0.63
1380,0.83,0.77,0.69,0.9,0.7,0.74,0.57,0.63
1381,0.82,0.77,0.69,0.9,0.7,0.74,0.57,0.63
1382,0.82,0.76,0.69,0.9,0.7,0.73,0.56,0.62
1383,0.8,0.77,0.68,0.92,0.68,0.73,0.56,0.62
1384,0.82,0.75,0.68,0.9,0.68,0.73,0.56,0.62
1385,0.8,0.75,0.67,0.92,0.68,0.73,0.56,0.61
1386,0.8,0.75,0.67,0.92,0.68,0.73,0.56,0.61
1387,0.8,0.74,0.67,0.9,0.68,0.73,0.56,0.61
1388,0.8,0.74,0.66,0.9,0.67,0.72,0.55,0.61
1389,0.78,0.74,0.66,0.9,0.67,0.71,0.54,0.6
1390,0.82,0.74,0.66,0.92,0.66,0.71,0.54,0.6
1391,0.78,0.74,0.65,0.9,0.67,0.71,0.53,0.6
1392,0.78,0.73,0.65,0.92,0.66,0.71,0.53,0.6
1393,0.77,0.73,0.64,0.92,0.66,0.71,0.53,0.59
1394,0.8,0.72,0.64,0.9,0.65,0.69,0.52,0.58
1395,0.78,0.71,0.64,0.89,0.65,0.69,0.52,0.58
1396,0.75,0.73,0.63,0.89,0.64,0.69,0.52,0.58
1397,0.75,0.71,0.63,0.89,0.64,0.69,0.51,0.57
1398,0.75,0.71,0.62,0.89,0.64,0.68,0.51,0.57
1399,0.75,0.7,0.61,0.89,0.64,0.68,0.51,0.57
1400,0.75,0.7,0.61,0.88,0.64,0.68,0.51,0.57
1401,0.74,0.7,0.61,0.88,0.62,0.67,0.5,0.55
1402,0.74,0.7,0.6,0.89,0.62,0.67,0.49,0.56
1403,0.77,0.7,0.6,0.89,0.63,0.68,0.5,0.55
1404,0.72,0.68,0.6,0.89,0.63,0.67,0.5,0.55
1405,0.72,0.7,0.6,0.88,0.62,0.66,0.49,0.55
1406,0.71,0.68,0.59,0.89,0.62,0.66,0.49,0.54
1407,0.72,0.68,0.59,0.88,0.62,0.66,0.49,0.54
1408,0.71,0.68,0.59,0.88,0.62,0.66,0.49,0.54
1409,0.71,0.68,0.58,0.88,0.61,0.66,0.49,0.54
1410,0.69,0.67,0.58,0.88,0.6,0.66,0.48,0.54
1411,0.71,0.67,0.57,0.88,0.6,0.65,0.48,0.53
1412,0.71,0.67,0.57,0.88,0.6,0.64,0.47,0.52
1413,0.72,0.67,0.57,0.88,0.6,0.64,0.47,0.52
1414,0.69,0.66,0.56,0.88,0.6,0.64,0.46,0.52
1415,0.68,0.66,0.55,0.87,0.6,0.64,0.46,0.51
1416,0.68,0.66,0.55,0.88,0.59,0.64,0.46,0.52
1417,0.68,0.66,0.55,0.88,0.59,0.64,0.46,0.51
1418,0.66,0.64,0.55,0.87,0.59,0.63,0.46,0.51
1419,0.66,0.66,0.55,0.87,0.59,0.62,0.45,0.51
1420,0.66,0.65,0.55,0.87,0.58,0.62,0.45,0.51
1421,0.66,0.64,0.55,0.88,0.58,0.62,0.45,0.5
1422,0.66,0.64,0.54,0.87,0.58,0.62,0.44,0.5
1423,0.65,0.64,0.54,0.87,0.58,0.62,0.43,0.5
1424,0.65,0.64,0.54,0.87,0.57,0.62,0.43,0.49
1425,0.66,0.64,0.53,0.87,0.57,0.62,0.43,0.49
1426,0.63,0.63,0.53,0.87,0.57,0.62,0.43,0.49
1427,0.62,0.63,0.52,0.87,0.56,0.62,0.43,0.49
1428,0.65,0.63,0.52,0.87,0.56,0.6,0.43,0.49
1429,0.63,0.62,0.52,0.86,0.55,0.6,0.43,0.48
1430,0.62,0.61,0.52,0.87,0.55,0.6,0.42,0.48
1431,0.62,0.61,0.51,0.87,0.55,0.6,0.42,0.47
1432,0.62,0.61,0.51,0.86,0.54,0.6,0.41,0.47
1433,0.6,0.61,0.5,0.87,0.54,0.6,0.41,0.47
1434,0.6,0.61,0.5,0.87,0.54,0.59,0.41,0.46
1435,0.6,0.61,0.5,0.87,0.54,0.59,0.41,0.46
1436,0.6,0.61,0.49,0.85,0.54,0.58,0.4,0.46
1437,0.58,0.6,0.5,0.86,0.54,0.58,0.4,0.46
1438,0.58,0.6,0.49,0.86,0.53,0.58,0.4,0.46
1439,0.58,0.6,0.49,0.87,0.53,0.58,0.4,0.46
1440,0.58,0.59,0.49,0.86,0.53,0.57,0.4,0.45
1441,0.57,0.6,0.49,0.86,0.53,0.57,0.39,0.45
1442,0.6,0.59,0.49,0.86,0.52,0.57,0.39,0.45
1443,0.57,0.58,0.48,0.86,0.52,0.56,0.39,0.45
1444,0.55,0.59,0.48,0.86,0.52,0.56,0.38,0.44
1445,0.58,0.58,0.48,0.86,0.51,0.56,0.38,0.43
1446,0.55,0.58,0.47,0.85,0.51,0.56,0.38,0.43
1447,0.55,0.58,0.47,0.86,0.51,0.55,0.38,0.43
1448,0.58,0.58,0.47,0.85,0.51,0.55,0.38,0.43
1449,0.55,0.58,0.47,0.86,0.51,0.55,0.37,0.42
1450,0.54,0.56,0.47,0.85,0.5,0.55,0.38,0.42
1451,0.55,0.57,0.47,0.85,0.5,0.55,0.37,0.42
1452,0.54,0.56,0.46,0.85,0.5,0.55,0.36,0.42
1453,0.52,0.56,0.46,0.84,0.5,0.54,0.36,0.42
1454,0.52,0.56,0.46,0.86,0.48,0.54,0.36,0.41
1455,0.52,0.56,0.46,0.85,0.48,0.54,0.36,0.42
1456,0.52,0.56,0.45,0.84,0.48,0.54,0.36,0.41
1457,0.52,0.55,0.45,0.86,0.48,0.54,0.36,0.41
1458,0.51,0.55,0.44,0.84,0.48,0.54,0.35,0.41
1459,0.51,0.55,0.44,0.84,0.48,0.53,0.35,0.4
1460,0.51,0.55,0.44,0.84,0.48,0.53,0.35,0.4
1461,0.51,0.55,0.44,0.84,0.48,0.53,0.35,0.4
1462,0.49,0.54,0.43,0.84,0.47,0.53,0.35,0.4
1463,0.54,0.53,0.43,0.84,0.47,0.52,0.35,0.4
1464,0.52,0.53,0.43,0.86,0.47,0.52,0.35,0.39
1465,0.49,0.53,0.43,0.84,0.47,0.52,0.35,0.39
1466,0.49,0.54,0.43,0.83,0.46,0.52,0.35,0.39
1467,0.49,0.54,0.43,0.84,0.46,0.52,0.35,0.39
1468,0.48,0.52,0.43,0.84,0.46,0.51,0.35,0.39
1469,0.48,0.53,0.42,0.85,0.46,0.51,0.34,0.39
1470,0.48,0.52,0.42,0.85,0.46,0.51,0.34,0.38
1471,0.48,0.53,0.42,0.84,0.45,0.5,0.33,0.38
1472,0.48,0.52,0.41,0.84,0.45,0.5,0.34,0.38
1473,0.49,0.52,0.41,0.84,0.45,0.5,0.33,0.38
1474,0.48,0.52,0.41,0.84,0.45,0.5,0.33,0.38
1475,0.49,0.51,0.41,0.84,0.45,0.49,0.32,0.38
1476,0.46,0.52,0.4,0.83,0.44,0.49,0.32,0.38
1477,0.46,0.51,0.4,0.84,0.44,0.49,0.32,0.38
1478,0.46,0.51,0.4,0.83,0.44,0.49,0.32,0.37
1479,0.46,0.51,0.4,0.84,0.44,0.48,0.32,0.37
1480,0.45,0.5,0.4,0.83,0.43,0.48,0.32,0.37
1481,0.48,0.5,0.4,0.83,0.43,0.48,0.32,0.37
1482,0.45,0.49,0.4,0.83,0.43,0.48,0.32,0.36
1483,0.45,0.5,0.39,0.84,0.43,0.48,0.32,0.36
1484,0.45,0.5,0.39,0.83,0.43,0.48,0.32,0.36
1485,0.45,0.49,0.39,0.84,0.42,0.48,0.32,0.36
1486,0.45,0.49,0.39,0.83,0.43,0.47,0.32,0.35
1487,0.46,0.49,0.39,0.84,0.42,0.47,0.32,0.35
1488,0.43,0.48,0.38,0.83,0.42,0.47,0.31,0.36
1489,0.43,0.49,0.39,0.83,0.42,0.47,0.31,0.35
1490,0.43,0.48,0.38,0.83,0.42,0.47,0.31,0.35
1491,0.42,0.49,0.38,0.84,0.42,0.47,0.31,0.35
1492,0.43,0.48,0.38,0.83,0.42,0.46,0.31,0.35
1493,0.42,0.48,0.37,0.83,0.42,0.46,0.3,0.35
1494,0.42,0.47,0.38,0.83,0.42,0.45,0.3,0.35
1495,0.42,0.48,0.37,0.83,0.41,0.45,0.29,0.35
1496,0.42,0.47,0.37,0.84,0.4,0.45,0.3,0.35
1497,0.45,0.48,0.36,0.83,0.4,0.45,0.3,0.34
1498,0.43,0.47,0.37,0.83,0.4,0.44,0.29,0.33
1499,0.42,0.47,0.36,0.83,0.4,0.44,0.29,0.33
