0,0.03,0.05,0.02,0.08,0.02,0.02,0.13,0.31
1,0.03,0.08,0.02,0.09,0.02,0.02,0.1,0.31
2,0.0,0.07,0.01,0.09,0.02,0.02,0.12,0.33
3,0.03,0.07,0.02,0.09,0.02,0.02,0.12,0.31
4,0.0,0.07,0.01,0.09,0.02,0.03,0.12,0.32
5,0.0,0.08,0.01,0.07,0.02,0.04,0.12,0.32
6,0.0,0.05,0.01,0.07,0.04,0.04,0.12,0.29
7,0.0,0.05,0.02,0.08,0.02,0.02,0.13,0.34
8,0.0,0.05,0.02,0.07,0.04,0.04,0.13,0.29
9,0.0,0.07,0.01,0.08,0.02,0.02,0.12,0.32
10,0.0,0.07,0.02,0.07,0.02,0.03,0.13,0.31
11,0.0,0.07,0.01,0.08,0.02,0.02,0.12,0.32
12,0.03,0.07,0.01,0.08,0.02,0.02,0.08,0.29
13,0.0,0.07,0.02,0.08,0.02,0.02,0.12,0.31
14,0.0,0.05,0.02,0.08,0.02,0.02,0.13,0.32
15,0.03,0.06,0.02,0.08,0.02,0.02,0.13,0.34
16,0.0,0.05,0.01,0.08,0.02,0.02,0.12,0.31
17,0.0,0.08,0.02,0.08,0.02,0.02,0.12,0.31
18,0.0,0.05,0.01,0.08,0.02,0.02,0.11,0.3
19,0.0,0.06,0.02,0.06,0.04,0.04,0.13,0.29
20,0.06,0.06,0.02,0.07,0.02,0.01,0.13,0.31
21,0.0,0.08,0.02,0.07,0.02,0.02,0.13,0.34
22,0.03,0.06,0.02,0.07,0.02,0.02,0.11,0.31
23,0.09,0.07,0.02,0.07,0.02,0.03,0.11,0.34
24,0.09,0.04,0.02,0.06,0.06,0.05,0.13,0.3
25,0.0,0.07,0.01,0.07,0.02,0.02,0.11,0.34
26,0.0,0.06,0.01,0.07,0.04,0.03,0.13,0.3
27,0.09,0.07,0.01,0.07,0.02,0.02,0.12,0.32
28,0.0,0.05,0.02,0.06,0.04,0.05,0.13,0.3
29,0.03,0.05,0.01,0.07,0.02,0.02,0.11,0.32
30,0.03,0.05,0.01,0.07,0.02,0.02,0.13,0.34
31,0.0,0.05,0.01,0.07,0.02,0.04,0.11,0.34
32,0.0,0.05,0.02,0.07,0.02,0.02,0.12,0.31
33,0.09,0.07,0.01,0.07,0.02,0.02,0.12,0.34
34,0.0,0.08,0.01,0.07,0.02,0.02,0.13,0.34
35,0.0,0.07,0.01,0.07,0.02,0.02,0.13,0.31
36,0.0,0.05,0.02,0.07,0.02,0.02,0.12,0.34
37,0.06,0.05,0.02,0.07,0.02,0.02,0.14,0.34
38,0.0,0.07,0.02,0.07,0.02,0.02,0.11,0.34
39,0.03,0.05,0.01,0.08,0.06,0.04,0.12,0.28
40,0.0,0.05,0.01,0.07,0.02,0.02,0.13,0.34
41,0.0,0.05,0.01,0.07,0.06,0.05,0.12,0.28
42,0.03,0.05,0.02,0.07,0.02,0.02,0.12,0.32
43,0.0,0.05,0.02,0.07,0.07,0.05,0.12,0.27
44,0.0,0.05,0.02,0.07,0.05,0.05,0.12,0.28
45,0.0,0.04,0.02,0.07,0.02,0.02,0.14,0.34
46,0.0,0.08,0.01,0.07,0.02,0.02,0.13,0.34
47,0.0,0.03,0.02,0.09,0.06,0.04,0.11,0.24
48,0.0,0.05,0.02,0.07,0.02,0.02,0.14,0.36
49,0.0,0.05,0.01,0.07,0.04,0.02,0.14,0.36
50,0.0,0.05,0.02,0.07,0.02,0.03,0.16,0.36
51,0.0,0.05,0.02,0.06,0.02,0.02,0.16,0.36
52,0.0,0.03,0.02,0.05,0.07,0.06,0.13,0.32
53,0.03,0.05,0.02,0.07,0.02,0.02,0.16,0.39
54,0.0,0.05,0.02,0.07,0.02,0.03,0.16,0.36
55,0.0,0.06,0.03,0.09,0.06,0.04,0.11,0.26
56,0.0,0.05,0.02,0.07,0.04,0.02,0.16,0.39
57,0.0,0.05,0.02,0.06,0.04,0.04,0.16,0.39
58,0.0,0.07,0.02,0.06,0.04,0.04,0.16,0.36
59,0.0,0.04,0.02,0.06,0.06,0.03,0.16,0.36
60,0.0,0.07,0.02,0.07,0.02,0.02,0.17,0.41
61,0.0,0.05,0.02,0.07,0.02,0.02,0.17,0.39
62,0.0,0.05,0.02,0.06,0.06,0.04,0.17,0.39
63,0.0,0.06,0.02,0.06,0.06,0.05,0.17,0.39
64,0.0,0.05,0.02,0.07,0.04,0.03,0.17,0.42
65,0.0,0.03,0.04,0.09,0.07,0.05,0.12,0.32
66,0.06,0.07,0.02,0.07,0.04,0.03,0.18,0.41
67,0.0,0.08,0.04,0.09,0.08,0.04,0.12,0.32
68,0.03,0.03,0.03,0.1,0.07,0.05,0.13,0.34
69,0.03,0.05,0.02,0.08,0.04,0.02,0.17,0.41
70,0.0,0.05,0.02,0.07,0.05,0.02,0.18,0.41
71,0.03,0.07,0.03,0.09,0.08,0.04,0.13,0.34
72,0.03,0.05,0.02,0.07,0.05,0.03,0.19,0.41
73,0.0,0.07,0.04,0.09,0.07,0.04,0.12,0.32
74,0.03,0.05,0.02,0.07,0.04,0.03,0.18,0.41
75,0.03,0.05,0.02,0.07,0.04,0.04,0.18,0.41
76,0.03,0.07,0.03,0.09,0.06,0.04,0.15,0.39
77,0.03,0.05,0.02,0.07,0.06,0.04,0.19,0.42
78,0.03,0.05,0.02,0.07,0.04,0.04,0.18,0.42
79,0.06,0.07,0.03,0.09,0.07,0.03,0.14,0.4
80,0.03,0.07,0.02,0.07,0.06,0.04,0.18,0.43
81,0.09,0.06,0.04,0.1,0.08,0.04,0.17,0.36
82,0.03,0.07,0.02,0.07,0.06,0.04,0.2,0.44
83,0.0,0.05,0.02,0.07,0.06,0.04,0.19,0.43
84,0.0,0.05,0.02,0.07,0.06,0.04,0.2,0.46
85,0.06,0.06,0.02,0.07,0.06,0.05,0.19,0.43
86,0.0,0.07,0.03,0.09,0.07,0.04,0.17,0.41
87,0.03,0.06,0.02,0.07,0.08,0.06,0.18,0.44
88,0.09,0.06,0.02,0.07,0.06,0.04,0.22,0.43
89,0.03,0.06,0.02,0.06,0.07,0.06,0.19,0.44
90,0.03,0.06,0.02,0.06,0.11,0.07,0.18,0.42
91,0.03,0.05,0.02,0.07,0.06,0.05,0.19,0.43
92,0.06,0.06,0.02,0.06,0.07,0.06,0.19,0.44
93,0.03,0.06,0.03,0.08,0.09,0.05,0.19,0.42
94,0.03,0.07,0.03,0.08,0.11,0.08,0.18,0.4
95,0.09,0.05,0.03,0.08,0.1,0.08,0.2,0.44
96,0.03,0.06,0.03,0.06,0.1,0.06,0.19,0.42
97,0.12,0.06,0.03,0.08,0.1,0.07,0.19,0.42
98,0.06,0.04,0.03,0.1,0.11,0.06,0.15,0.38
99,0.03,0.06,0.03,0.08,0.1,0.06,0.19,0.44
100,0.09,0.06,0.02,0.07,0.12,0.07,0.19,0.44
101,0.03,0.06,0.02,0.08,0.08,0.06,0.2,0.44
102,0.09,0.04,0.03,0.09,0.12,0.08,0.17,0.38
103,0.09,0.05,0.03,0.07,0.11,0.08,0.2,0.44
104,0.03,0.06,0.03,0.07,0.1,0.08,0.19,0.44
105,0.06,0.03,0.03,0.07,0.13,0.09,0.19,0.42
106,0.06,0.03,0.03,0.07,0.12,0.08,0.2,0.44
107,0.06,0.05,0.03,0.08,0.1,0.08,0.22,0.44
108,0.06,0.05,0.03,0.09,0.14,0.07,0.17,0.39
109,0.03,0.03,0.03,0.1,0.12,0.08,0.18,0.38
110,0.03,0.05,0.03,0.07,0.13,0.08,0.19,0.42
111,0.06,0.03,0.03,0.07,0.13,0.09,0.19,0.44
112,0.06,0.03,0.03,0.08,0.11,0.08,0.2,0.44
113,0.09,0.03,0.03,0.07,0.14,0.09,0.19,0.44
114,0.03,0.05,0.03,0.07,0.13,0.09,0.2,0.42
115,0.06,0.05,0.03,0.07,0.12,0.08,0.19,0.46
116,0.12,0.05,0.03,0.08,0.15,0.08,0.18,0.4
117,0.03,0.05,0.03,0.07,0.13,0.09,0.19,0.44
118,0.06,0.04,0.04,0.1,0.12,0.07,0.15,0.39
119,0.09,0.05,0.03,0.08,0.14,0.09,0.18,0.44
120,0.06,0.05,0.04,0.1,0.12,0.06,0.19,0.42
121,0.06,0.03,0.03,0.08,0.14,0.08,0.19,0.44
122,0.06,0.04,0.03,0.1,0.11,0.06,0.15,0.42
123,0.06,0.03,0.02,0.07,0.15,0.09,0.18,0.44
124,0.06,0.06,0.03,0.1,0.13,0.07,0.15,0.36
125,0.06,0.06,0.03,0.08,0.14,0.08,0.18,0.42
126,0.06,0.02,0.05,0.11,0.12,0.08,0.15,0.39
127,0.06,0.07,0.03,0.09,0.1,0.06,0.19,0.44
128,0.09,0.05,0.03,0.08,0.12,0.08,0.17,0.42
129,0.06,0.03,0.03,0.08,0.14,0.09,0.17,0.38
130,0.06,0.06,0.04,0.09,0.12,0.08,0.17,0.42
131,0.06,0.05,0.03,0.09,0.14,0.08,0.17,0.36
132,0.06,0.03,0.05,0.11,0.13,0.08,0.17,0.37
133,0.06,0.07,0.03,0.09,0.11,0.06,0.17,0.42
134,0.09,0.05,0.03,0.1,0.12,0.08,0.17,0.42
135,0.06,0.03,0.04,0.1,0.12,0.07,0.15,0.42
136,0.06,0.06,0.03,0.1,0.13,0.08,0.14,0.39
137,0.12,0.05,0.04,0.1,0.13,0.07,0.13,0.36
138,0.06,0.03,0.03,0.08,0.13,0.07,0.15,0.37
139,0.12,0.05,0.03,0.1,0.12,0.08,0.15,0.37
140,0.06,0.02,0.04,0.1,0.14,0.09,0.15,0.36
141,0.06,0.03,0.05,0.11,0.14,0.08,0.15,0.35
142,0.12,0.03,0.03,0.1,0.14,0.09,0.15,0.37
143,0.06,0.07,0.03,0.09,0.13,0.09,0.15,0.38
144,0.06,0.02,0.04,0.1,0.13,0.08,0.14,0.35
145,0.06,0.04,0.03,0.1,0.14,0.08,0.14,0.37
146,0.03,0.07,0.03,0.1,0.11,0.06,0.18,0.42
147,0.06,0.03,0.05,0.1,0.12,0.09,0.13,0.35
148,0.12,0.05,0.04,0.1,0.13,0.08,0.15,0.37
149,0.09,0.05,0.05,0.1,0.13,0.08,0.14,0.33
150,0.12,0.05,0.05,0.1,0.12,0.08,0.12,0.32
151,0.06,0.03,0.03,0.1,0.13,0.07,0.15,0.37
152,0.12,0.07,0.04,0.1,0.12,0.06,0.17,0.42
153,0.12,0.05,0.04,0.1,0.13,0.08,0.15,0.37
154,0.12,0.05,0.03,0.09,0.12,0.06,0.17,0.39
155,0.09,0.05,0.03,0.08,0.14,0.09,0.15,0.35
156,0.03,0.05,0.03,0.08,0.13,0.08,0.14,0.37
157,0.06,0.05,0.03,0.09,0.13,0.07,0.14,0.37
158,0.06,0.07,0.04,0.1,0.12,0.07,0.12,0.35
159,0.06,0.03,0.03,0.1,0.14,0.08,0.14,0.33
160,0.03,0.05,0.04,0.1,0.11,0.06,0.15,0.38
161,0.06,0.06,0.03,0.1,0.13,0.08,0.15,0.35
162,0.09,0.07,0.04,0.09,0.11,0.06,0.15,0.39
163,0.06,0.05,0.03,0.09,0.12,0.06,0.17,0.39
164,0.06,0.03,0.03,0.1,0.14,0.09,0.13,0.33
165,0.06,0.05,0.03,0.09,0.13,0.09,0.14,0.37
166,0.06,0.05,0.03,0.07,0.14,0.09,0.15,0.35
167,0.06,0.08,0.03,0.08,0.12,0.09,0.14,0.37
168,0.06,0.05,0.03,0.09,0.14,0.08,0.15,0.35
169,0.09,0.05,0.03,0.09,0.16,0.08,0.13,0.33
170,0.06,0.06,0.03,0.1,0.12,0.08,0.13,0.35
171,0.06,0.03,0.03,0.09,0.14,0.09,0.12,0.33
172,0.12,0.05,0.03,0.09,0.13,0.08,0.13,0.35
173,0.06,0.06,0.03,0.08,0.14,0.09,0.15,0.35
174,0.06,0.05,0.03,0.09,0.13,0.08,0.14,0.35
175,0.06,0.05,0.03,0.07,0.14,0.09,0.13,0.35
176,0.06,0.05,0.03,0.1,0.13,0.07,0.14,0.35
177,0.06,0.05,0.03,0.09,0.13,0.08,0.13,0.37
178,0.06,0.03,0.03,0.1,0.13,0.07,0.13,0.35
179,0.06,0.05,0.03,0.08,0.14,0.09,0.13,0.33
180,0.06,0.05,0.03,0.08,0.13,0.09,0.15,0.35
181,0.09,0.05,0.03,0.1,0.13,0.09,0.12,0.31
182,0.12,0.05,0.03,0.09,0.13,0.07,0.12,0.35
183,0.06,0.07,0.03,0.09,0.15,0.09,0.14,0.33
184,0.12,0.05,0.03,0.08,0.14,0.09,0.13,0.33
185,0.09,0.07,0.03,0.09,0.12,0.07,0.15,0.37
186,0.06,0.06,0.03,0.09,0.15,0.08,0.12,0.33
187,0.06,0.03,0.03,0.1,0.13,0.08,0.12,0.31
188,0.06,0.05,0.03,0.1,0.13,0.08,0.13,0.33
189,0.09,0.05,0.03,0.09,0.13,0.08,0.14,0.35
190,0.06,0.05,0.03,0.08,0.14,0.09,0.13,0.33
191,0.06,0.05,0.03,0.09,0.13,0.08,0.14,0.33
192,0.12,0.03,0.04,0.1,0.13,0.08,0.13,0.31
193,0.06,0.03,0.04,0.1,0.12,0.07,0.14,0.33
194,0.06,0.05,0.03,0.09,0.13,0.07,0.13,0.33
195,0.12,0.05,0.03,0.09,0.13,0.08,0.13,0.33
196,0.06,0.05,0.03,0.09,0.13,0.08,0.13,0.31
197,0.09,0.05,0.03,0.09,0.11,0.07,0.15,0.35
198,0.06,0.06,0.04,0.1,0.12,0.08,0.13,0.35
199,0.09,0.05,0.03,0.09,0.12,0.07,0.14,0.35
200,0.06,0.05,0.03,0.09,0.12,0.07,0.13,0.33
201,0.03,0.05,0.03,0.1,0.11,0.07,0.12,0.33
202,0.12,0.05,0.03,0.1,0.12,0.06,0.13,0.33
203,0.06,0.05,0.03,0.08,0.12,0.07,0.13,0.33
204,0.06,0.05,0.03,0.07,0.15,0.08,0.12,0.3
205,0.03,0.07,0.03,0.08,0.13,0.08,0.13,0.31
206,0.09,0.05,0.03,0.09,0.12,0.08,0.13,0.31
207,0.09,0.06,0.03,0.09,0.13,0.07,0.12,0.31
208,0.06,0.05,0.02,0.08,0.13,0.08,0.13,0.33
209,0.03,0.07,0.03,0.09,0.12,0.07,0.13,0.31
210,0.06,0.05,0.03,0.09,0.12,0.07,0.13,0.31
211,0.06,0.05,0.03,0.08,0.13,0.08,0.12,0.29
212,0.06,0.05,0.03,0.09,0.12,0.07,0.13,0.33
213,0.03,0.06,0.03,0.08,0.12,0.08,0.1,0.29
214,0.06,0.05,0.02,0.07,0.13,0.08,0.12,0.29
215,0.06,0.06,0.03,0.09,0.12,0.07,0.12,0.3
216,0.03,0.05,0.03,0.09,0.13,0.07,0.12,0.29
217,0.03,0.05,0.03,0.09,0.13,0.06,0.13,0.35
218,0.06,0.05,0.03,0.08,0.12,0.07,0.13,0.31
219,0.06,0.07,0.03,0.08,0.12,0.08,0.12,0.29
220,0.09,0.05,0.03,0.08,0.12,0.07,0.1,0.29
221,0.06,0.05,0.03,0.08,0.13,0.07,0.12,0.31
222,0.03,0.07,0.03,0.08,0.12,0.07,0.13,0.33
223,0.06,0.07,0.03,0.08,0.12,0.07,0.13,0.29
224,0.03,0.05,0.03,0.08,0.13,0.08,0.13,0.33
225,0.06,0.07,0.03,0.08,0.12,0.08,0.12,0.33
226,0.03,0.05,0.03,0.08,0.12,0.07,0.12,0.33
227,0.06,0.07,0.03,0.08,0.13,0.07,0.12,0.31
228,0.06,0.05,0.03,0.08,0.12,0.07,0.12,0.3
229,0.12,0.05,0.03,0.08,0.12,0.07,0.12,0.29
230,0.06,0.05,0.03,0.08,0.12,0.08,0.12,0.29
231,0.06,0.05,0.03,0.1,0.12,0.06,0.12,0.31
232,0.03,0.05,0.03,0.09,0.12,0.06,0.13,0.33
233,0.03,0.05,0.03,0.09,0.12,0.07,0.1,0.29
234,0.06,0.07,0.03,0.09,0.12,0.07,0.13,0.3
235,0.06,0.05,0.03,0.08,0.12,0.08,0.12,0.3
236,0.06,0.05,0.03,0.08,0.12,0.07,0.12,0.33
237,0.03,0.05,0.03,0.08,0.11,0.06,0.13,0.31
238,0.06,0.04,0.03,0.08,0.12,0.07,0.12,0.27
239,0.03,0.05,0.03,0.08,0.12,0.08,0.1,0.3
240,0.06,0.05,0.03,0.08,0.13,0.08,0.1,0.3
241,0.03,0.05,0.03,0.08,0.12,0.08,0.12,0.29
242,0.06,0.06,0.03,0.07,0.13,0.08,0.12,0.3
243,0.12,0.05,0.03,0.08,0.12,0.08,0.12,0.29
244,0.03,0.07,0.03,0.08,0.12,0.06,0.12,0.28
245,0.03,0.05,0.03,0.08,0.12,0.07,0.12,0.3
246,0.03,0.07,0.03,0.08,0.12,0.08,0.12,0.3
247,0.06,0.05,0.03,0.08,0.13,0.07,0.12,0.29
248,0.06,0.07,0.02,0.08,0.12,0.06,0.12,0.28
249,0.06,0.05,0.03,0.08,0.12,0.06,0.1,0.28
250,0.12,0.05,0.03,0.08,0.12,0.07,0.1,0.3
251,0.03,0.07,0.03,0.08,0.13,0.07,0.1,0.29
252,0.06,0.04,0.03,0.07,0.12,0.08,0.12,0.27
253,0.06,0.05,0.03,0.08,0.11,0.08,0.12,0.3
254,0.06,0.04,0.03,0.08,0.11,0.08,0.1,0.3
255,0.03,0.07,0.03,0.08,0.12,0.06,0.1,0.28
256,0.06,0.06,0.03,0.07,0.12,0.08,0.1,0.27
257,0.06,0.05,0.03,0.08,0.12,0.06,0.1,0.27
258,0.03,0.06,0.03,0.08,0.12,0.08,0.1,0.27
259,0.06,0.04,0.03,0.07,0.13,0.06,0.1,0.28
260,0.06,0.05,0.03,0.08,0.13,0.08,0.1,0.28
261,0.06,0.04,0.03,0.08,0.12,0.08,0.1,0.28
262,0.06,0.04,0.03,0.07,0.11,0.06,0.1,0.27
263,0.06,0.04,0.03,0.08,0.11,0.06,0.1,0.27
264,0.06,0.04,0.03,0.08,0.11,0.06,0.1,0.25
265,0.06,0.04,0.03,0.07,0.11,0.07,0.1,0.28
266,0.03,0.05,0.03,0.07,0.12,0.06,0.1,0.27
267,0.06,0.06,0.03,0.08,0.11,0.06,0.1,0.27
268,0.06,0.04,0.03,0.08,0.13,0.08,0.1,0.28
269,0.03,0.07,0.02,0.07,0.12,0.08,0.09,0.27
270,0.03,0.05,0.02,0.07,0.11,0.08,0.1,0.27
271,0.03,0.04,0.03,0.07,0.13,0.08,0.09,0.27
272,0.03,0.04,0.03,0.07,0.13,0.06,0.09,0.27
273,0.03,0.04,0.03,0.07,0.12,0.06,0.1,0.27
274,0.06,0.04,0.03,0.07,0.11,0.06,0.1,0.27
275,0.03,0.04,0.03,0.07,0.11,0.06,0.1,0.27
276,0.06,0.04,0.03,0.07,0.12,0.08,0.1,0.25
277,0.06,0.04,0.02,0.07,0.11,0.08,0.09,0.27
278,0.03,0.04,0.02,0.07,0.11,0.06,0.09,0.27
279,0.06,0.04,0.02,0.07,0.11,0.06,0.1,0.27
280,0.06,0.04,0.02,0.07,0.11,0.06,0.1,0.27
281,0.03,0.05,0.02,0.07,0.11,0.08,0.1,0.27
282,0.03,0.06,0.03,0.07,0.11,0.06,0.1,0.28
283,0.06,0.06,0.02,0.07,0.11,0.06,0.09,0.27
284,0.06,0.06,0.02,0.07,0.12,0.06,0.08,0.25
285,0.03,0.04,0.02,0.07,0.11,0.06,0.09,0.25
286,0.06,0.04,0.03,0.07,0.12,0.06,0.08,0.25
287,0.06,0.06,0.03,0.07,0.11,0.06,0.08,0.28
288,0.06,0.06,0.02,0.07,0.11,0.06,0.1,0.25
289,0.06,0.04,0.02,0.06,0.11,0.06,0.08,0.25
290,0.03,0.04,0.02,0.07,0.11,0.06,0.08,0.25
291,0.06,0.05,0.03,0.07,0.11,0.06,0.09,0.25
292,0.06,0.04,0.02,0.07,0.12,0.06,0.1,0.25
293,0.06,0.04,0.02,0.07,0.11,0.06,0.1,0.25
294,0.06,0.04,0.02,0.07,0.11,0.08,0.08,0.25
295,0.12,0.04,0.03,0.06,0.11,0.06,0.1,0.25
296,0.06,0.05,0.02,0.07,0.11,0.06,0.09,0.25
297,0.03,0.06,0.02,0.06,0.11,0.06,0.09,0.25
298,0.12,0.06,0.02,0.06,0.11,0.06,0.08,0.25
299,0.06,0.04,0.03,0.07,0.11,0.06,0.1,0.25
300,0.06,0.05,0.03,0.06,0.11,0.06,0.08,0.25
301,0.03,0.05,0.03,0.07,0.11,0.06,0.08,0.25
302,0.06,0.07,0.03,0.07,0.11,0.06,0.1,0.25
303,0.06,0.04,0.03,0.07,0.13,0.06,0.1,0.25
304,0.06,0.05,0.03,0.07,0.11,0.05,0.1,0.25
305,0.06,0.06,0.03,0.06,0.11,0.06,0.1,0.25
306,0.03,0.04,0.02,0.06,0.11,0.06,0.08,0.23
307,0.06,0.04,0.02,0.07,0.11,0.06,0.1,0.25
308,0.06,0.06,0.03,0.07,0.1,0.06,0.08,0.23
309,0.03,0.06,0.02,0.07,0.1,0.06,0.08,0.25
310,0.06,0.06,0.02,0.06,0.11,0.06,0.08,0.23
311,0.06,0.04,0.02,0.07,0.1,0.06,0.1,0.23
312,0.03,0.04,0.02,0.06,0.1,0.06,0.1,0.25
313,0.03,0.04,0.02,0.07,0.11,0.06,0.1,0.25
314,0.06,0.06,0.02,0.07,0.11,0.06,0.08,0.23
315,0.03,0.06,0.03,0.07,0.11,0.06,0.07,0.23
316,0.09,0.05,0.02,0.07,0.1,0.06,0.1,0.25
317,0.03,0.04,0.03,0.07,0.11,0.06,0.07,0.23
318,0.03,0.06,0.02,0.06,0.1,0.06,0.07,0.23
319,0.12,0.04,0.02,0.06,0.11,0.06,0.1,0.23
320,0.06,0.04,0.03,0.07,0.11,0.06,0.07,0.23
321,0.03,0.04,0.02,0.07,0.1,0.06,0.08,0.23
322,0.03,0.06,0.02,0.07,0.1,0.06,0.07,0.23
323,0.03,0.04,0.02,0.07,0.1,0.06,0.07,0.23
324,0.03,0.04,0.03,0.06,0.11,0.06,0.1,0.23
325,0.06,0.06,0.02,0.07,0.1,0.06,0.08,0.23
326,0.09,0.06,0.02,0.06,0.1,0.06,0.07,0.23
327,0.03,0.06,0.03,0.07,0.1,0.06,0.07,0.24
328,0.06,0.06,0.02,0.06,0.1,0.06,0.1,0.23
329,0.03,0.04,0.02,0.06,0.1,0.06,0.07,0.23
330,0.06,0.06,0.03,0.07,0.09,0.06,0.07,0.23
331,0.06,0.06,0.02,0.06,0.11,0.06,0.07,0.23
332,0.06,0.04,0.02,0.07,0.11,0.06,0.07,0.23
333,0.06,0.04,0.02,0.07,0.1,0.06,0.08,0.23
334,0.06,0.06,0.02,0.06,0.1,0.06,0.08,0.23
335,0.06,0.06,0.03,0.06,0.1,0.06,0.07,0.23
336,0.03,0.06,0.02,0.06,0.1,0.06,0.08,0.21
337,0.06,0.03,0.02,0.06,0.1,0.06,0.08,0.23
338,0.12,0.06,0.03,0.06,0.1,0.06,0.07,0.21
339,0.03,0.05,0.03,0.06,0.09,0.06,0.07,0.23
340,0.06,0.06,0.03,0.06,0.11,0.06,0.07,0.23
341,0.03,0.05,0.03,0.06,0.1,0.06,0.08,0.23
342,0.06,0.06,0.03,0.06,0.11,0.07,0.08,0.21
343,0.03,0.05,0.03,0.06,0.11,0.06,0.07,0.23
344,0.06,0.06,0.02,0.06,0.1,0.06,0.07,0.2
345,0.12,0.06,0.03,0.06,0.1,0.07,0.07,0.21
346,0.06,0.07,0.03,0.05,0.11,0.05,0.08,0.23
347,0.12,0.06,0.03,0.06,0.09,0.06,0.06,0.21
348,0.03,0.05,0.03,0.06,0.1,0.06,0.07,0.2
349,0.06,0.05,0.03,0.05,0.09,0.06,0.07,0.21
350,0.06,0.07,0.03,0.06,0.09,0.06,0.06,0.23
351,0.03,0.05,0.03,0.06,0.1,0.06,0.07,0.2
352,0.06,0.04,0.03,0.06,0.09,0.05,0.06,0.21
353,0.09,0.05,0.03,0.05,0.1,0.06,0.06,0.2
354,0.03,0.06,0.03,0.06,0.1,0.06,0.07,0.21
355,0.09,0.07,0.03,0.06,0.1,0.05,0.07,0.2
356,0.06,0.05,0.03,0.06,0.09,0.05,0.06,0.19
357,0.06,0.05,0.03,0.06,0.09,0.05,0.07,0.21
358,0.06,0.04,0.03,0.05,0.09,0.05,0.06,0.21
359,0.12,0.05,0.03,0.06,0.09,0.06,0.06,0.19
360,0.06,0.07,0.03,0.05,0.09,0.06,0.07,0.19
361,0.06,0.04,0.03,0.05,0.09,0.05,0.06,0.18
362,0.06,0.07,0.03,0.05,0.09,0.05,0.05,0.19
363,0.06,0.05,0.03,0.05,0.1,0.05,0.07,0.19
364,0.06,0.06,0.02,0.05,0.09,0.04,0.08,0.19
365,0.06,0.05,0.03,0.05,0.08,0.05,0.05,0.19
366,0.06,0.05,0.03,0.06,0.1,0.05,0.08,0.21
367,0.06,0.05,0.02,0.05,0.09,0.05,0.08,0.19
368,0.06,0.07,0.04,0.05,0.09,0.05,0.07,0.21
369,0.06,0.05,0.03,0.05,0.09,0.05,0.08,0.21
370,0.06,0.06,0.04,0.05,0.09,0.06,0.07,0.21
371,0.09,0.08,0.04,0.05,0.11,0.05,0.08,0.19
372,0.09,0.06,0.04,0.05,0.09,0.06,0.07,0.21
373,0.12,0.06,0.04,0.05,0.11,0.06,0.07,0.19
374,0.09,0.08,0.04,0.05,0.09,0.06,0.07,0.2
375,0.09,0.08,0.04,0.05,0.09,0.06,0.07,0.22
376,0.09,0.07,0.05,0.04,0.09,0.06,0.08,0.2
377,0.15,0.1,0.05,0.05,0.11,0.06,0.07,0.2
378,0.15,0.1,0.05,0.05,0.11,0.06,0.08,0.2
379,0.18,0.11,0.06,0.05,0.11,0.06,0.06,0.19
380,0.21,0.11,0.05,0.05,0.11,0.06,0.07,0.19
381,0.18,0.13,0.06,0.05,0.11,0.06,0.06,0.19
382,0.18,0.14,0.06,0.05,0.11,0.06,0.08,0.19
383,0.26,0.14,0.06,0.06,0.11,0.06,0.07,0.19
384,0.18,0.13,0.06,0.05,0.11,0.06,0.08,0.2
385,0.24,0.14,0.06,0.05,0.1,0.06,0.07,0.19
386,0.21,0.14,0.06,0.06,0.1,0.06,0.07,0.2
387,0.24,0.12,0.07,0.06,0.1,0.06,0.06,0.16
388,0.21,0.12,0.06,0.06,0.11,0.06,0.08,0.16
389,0.21,0.13,0.06,0.05,0.1,0.06,0.07,0.16
390,0.21,0.14,0.07,0.06,0.11,0.06,0.07,0.2
391,0.21,0.13,0.06,0.05,0.11,0.06,0.07,0.16
392,0.21,0.13,0.06,0.05,0.1,0.06,0.07,0.16
393,0.24,0.14,0.06,0.05,0.1,0.08,0.07,0.18
394,0.21,0.13,0.07,0.05,0.11,0.06,0.07,0.2
395,0.24,0.14,0.07,0.06,0.11,0.06,0.07,0.18
396,0.26,0.15,0.06,0.05,0.11,0.06,0.08,0.18
397,0.26,0.15,0.07,0.06,0.11,0.07,0.07,0.18
398,0.29,0.17,0.07,0.06,0.11,0.07,0.08,0.18
399,0.29,0.17,0.08,0.06,0.11,0.07,0.07,0.18
400,0.29,0.17,0.08,0.06,0.11,0.07,0.07,0.18
401,0.32,0.17,0.08,0.06,0.11,0.07,0.07,0.18
402,0.29,0.18,0.08,0.06,0.11,0.07,0.07,0.18
403,0.32,0.18,0.08,0.06,0.11,0.06,0.07,0.18
404,0.32,0.18,0.08,0.06,0.11,0.06,0.08,0.18
405,0.35,0.18,0.09,0.06,0.11,0.07,0.08,0.18
406,0.32,0.18,0.09,0.06,0.11,0.07,0.08,0.2
407,0.35,0.18,0.09,0.06,0.11,0.06,0.08,0.2
408,0.35,0.18,0.1,0.07,0.11,0.07,0.07,0.17
409,0.35,0.18,0.11,0.06,0.11,0.06,0.07,0.2
410,0.38,0.2,0.12,0.07,0.11,0.08,0.09,0.21
411,0.38,0.19,0.12,0.07,0.11,0.07,0.08,0.2
412,0.41,0.23,0.13,0.07,0.11,0.08,0.08,0.19
413,0.44,0.21,0.13,0.07,0.11,0.08,0.09,0.19
414,0.44,0.22,0.14,0.07,0.12,0.07,0.08,0.19
415,0.53,0.21,0.14,0.07,0.11,0.08,0.09,0.21
416,0.47,0.22,0.15,0.07,0.13,0.08,0.1,0.19
417,0.47,0.22,0.15,0.08,0.11,0.08,0.08,0.19
418,0.53,0.23,0.15,0.08,0.11,0.08,0.09,0.19
419,0.47,0.24,0.16,0.08,0.11,0.08,0.08,0.2
420,0.56,0.24,0.16,0.08,0.13,0.09,0.1,0.19
421,0.53,0.24,0.16,0.08,0.13,0.08,0.08,0.19
422,0.56,0.24,0.17,0.08,0.12,0.09,0.09,0.19
423,0.5,0.24,0.17,0.08,0.13,0.09,0.09,0.19
424,0.53,0.26,0.17,0.08,0.13,0.09,0.08,0.19
425,0.53,0.24,0.17,0.08,0.13,0.09,0.09,0.2
426,0.53,0.26,0.17,0.08,0.13,0.09,0.09,0.19
427,0.53,0.26,0.17,0.08,0.12,0.1,0.08,0.19
428,0.53,0.25,0.17,0.09,0.13,0.09,0.1,0.2
429,0.56,0.26,0.18,0.08,0.13,0.09,0.09,0.19
430,0.56,0.26,0.18,0.09,0.13,0.1,0.1,0.19
431,0.56,0.27,0.18,0.09,0.13,0.1,0.09,0.2
432,0.59,0.27,0.18,0.09,0.14,0.1,0.08,0.19
433,0.59,0.26,0.18,0.09,0.13,0.1,0.09,0.19
434,0.65,0.27,0.19,0.09,0.13,0.1,0.09,0.2
435,0.59,0.27,0.19,0.09,0.13,0.1,0.08,0.18
436,0.59,0.29,0.19,0.09,0.13,0.1,0.08,0.2
437,0.59,0.28,0.19,0.1,0.13,0.11,0.1,0.2
438,0.62,0.28,0.2,0.1,0.13,0.11,0.1,0.19
439,0.59,0.29,0.2,0.1,0.13,0.1,0.09,0.19
440,0.62,0.28,0.2,0.1,0.13,0.1,0.09,0.19
441,0.62,0.3,0.21,0.1,0.13,0.12,0.1,0.2
442,0.59,0.3,0.22,0.1,0.13,0.12,0.08,0.19
443,0.62,0.28,0.22,0.1,0.13,0.12,0.08,0.19
444,0.62,0.31,0.22,0.1,0.13,0.12,0.09,0.19
445,0.65,0.3,0.22,0.1,0.13,0.12,0.09,0.19
446,0.59,0.3,0.22,0.11,0.13,0.11,0.09,0.19
447,0.59,0.31,0.22,0.11,0.13,0.12,0.09,0.19
448,0.59,0.31,0.24,0.11,0.13,0.12,0.09,0.19
449,0.59,0.29,0.24,0.11,0.14,0.11,0.09,0.19
450,0.59,0.29,0.24,0.12,0.14,0.12,0.09,0.19
451,0.56,0.29,0.25,0.12,0.14,0.12,0.09,0.19
452,0.56,0.29,0.25,0.12,0.13,0.11,0.1,0.19
453,0.53,0.28,0.25,0.12,0.13,0.12,0.1,0.19
454,0.53,0.28,0.25,0.12,0.14,0.12,0.09,0.19
455,0.56,0.3,0.25,0.12,0.14,0.12,0.08,0.17
456,0.62,0.28,0.26,0.12,0.14,0.12,0.1,0.2
457,0.5,0.3,0.26,0.12,0.14,0.13,0.1,0.19
458,0.53,0.29,0.26,0.12,0.14,0.12,0.09,0.19
459,0.53,0.29,0.27,0.12,0.14,0.13,0.09,0.19
460,0.53,0.3,0.27,0.13,0.14,0.13,0.09,0.19
461,0.53,0.29,0.28,0.12,0.14,0.13,0.08,0.17
462,0.53,0.29,0.28,0.13,0.14,0.13,0.09,0.19
463,0.53,0.31,0.28,0.13,0.14,0.13,0.09,0.19
464,0.53,0.29,0.29,0.13,0.14,0.13,0.1,0.21
465,0.56,0.3,0.28,0.13,0.14,0.13,0.08,0.17
466,0.62,0.3,0.29,0.14,0.14,0.13,0.08,0.17
467,0.56,0.3,0.29,0.14,0.14,0.13,0.09,0.19
468,0.53,0.31,0.29,0.14,0.14,0.13,0.09,0.21
469,0.53,0.31,0.29,0.14,0.14,0.14,0.09,0.17
470,0.56,0.32,0.3,0.15,0.14,0.14,0.09,0.17
471,0.53,0.31,0.3,0.15,0.14,0.14,0.09,0.17
472,0.59,0.32,0.3,0.15,0.14,0.14,0.09,0.2
473,0.56,0.32,0.3,0.15,0.14,0.13,0.09,0.2
474,0.56,0.32,0.31,0.15,0.13,0.14,0.09,0.2
475,0.53,0.32,0.3,0.15,0.14,0.14,0.09,0.17
476,0.53,0.34,0.31,0.16,0.14,0.14,0.09,0.19
477,0.53,0.34,0.31,0.16,0.14,0.15,0.1,0.2
478,0.56,0.34,0.31,0.15,0.14,0.14,0.09,0.17
479,0.53,0.34,0.31,0.15,0.14,0.15,0.09,0.21
480,0.56,0.34,0.31,0.16,0.14,0.14,0.09,0.21
481,0.53,0.34,0.32,0.16,0.14,0.15,0.09,0.17
482,0.56,0.34,0.32,0.16,0.17,0.15,0.09,0.17
483,0.53,0.36,0.32,0.16,0.14,0.15,0.1,0.19
484,0.53,0.34,0.32,0.16,0.16,0.16,0.1,0.2
485,0.56,0.34,0.32,0.16,0.17,0.16,0.11,0.21
486,0.53,0.34,0.32,0.16,0.14,0.16,0.1,0.2
487,0.53,0.36,0.32,0.16,0.16,0.16,0.1,0.2
488,0.56,0.36,0.32,0.16,0.16,0.15,0.1,0.19
489,0.59,0.35,0.32,0.17,0.17,0.16,0.1,0.2
490,0.53,0.36,0.33,0.16,0.17,0.16,0.09,0.19
491,0.53,0.34,0.33,0.17,0.16,0.16,0.09,0.21
492,0.56,0.36,0.33,0.18,0.16,0.16,0.11,0.17
493,0.53,0.35,0.34,0.17,0.17,0.16,0.1,0.2
494,0.53,0.37,0.34,0.17,0.17,0.16,0.09,0.21
495,0.53,0.37,0.35,0.18,0.17,0.16,0.1,0.21
496,0.56,0.38,0.35,0.18,0.17,0.16,0.09,0.17
497,0.59,0.37,0.36,0.18,0.17,0.17,0.1,0.19
498,0.62,0.37,0.37,0.18,0.16,0.17,0.09,0.17
499,0.59,0.37,0.37,0.19,0.16,0.18,0.1,0.17
500,0.56,0.37,0.38,0.19,0.17,0.18,0.09,0.19
501,0.59,0.38,0.4,0.2,0.17,0.17,0.1,0.19
502,0.59,0.38,0.4,0.2,0.17,0.18,0.09,0.19
503,0.59,0.38,0.41,0.2,0.18,0.17,0.09,0.19
504,0.59,0.38,0.41,0.2,0.17,0.18,0.09,0.19
505,0.59,0.39,0.43,0.21,0.17,0.17,0.11,0.21
506,0.59,0.39,0.44,0.21,0.17,0.18,0.1,0.19
507,0.59,0.41,0.44,0.21,0.18,0.18,0.1,0.21
508,0.68,0.39,0.45,0.21,0.16,0.19,0.1,0.19
509,0.65,0.39,0.46,0.21,0.18,0.2,0.1,0.19
510,0.62,0.41,0.47,0.22,0.18,0.2,0.1,0.21
511,0.65,0.41,0.48,0.22,0.18,0.2,0.09,0.19
512,0.71,0.42,0.49,0.23,0.18,0.2,0.1,0.19
513,0.65,0.42,0.5,0.23,0.18,0.2,0.11,0.21
514,0.65,0.43,0.5,0.24,0.18,0.2,0.09,0.19
515,0.68,0.44,0.51,0.24,0.18,0.2,0.09,0.21
516,0.71,0.45,0.53,0.25,0.19,0.21,0.1,0.19
517,0.71,0.44,0.53,0.25,0.18,0.2,0.1,0.19
518,0.71,0.45,0.54,0.25,0.18,0.2,0.1,0.21
519,0.79,0.48,0.54,0.26,0.19,0.21,0.11,0.21
520,0.74,0.48,0.56,0.26,0.2,0.22,0.11,0.19
521,0.76,0.49,0.55,0.27,0.2,0.21,0.11,0.19
522,0.74,0.5,0.57,0.27,0.19,0.21,0.11,0.22
523,0.76,0.5,0.56,0.27,0.19,0.23,0.12,0.21
524,0.76,0.51,0.57,0.28,0.2,0.24,0.11,0.22
525,0.76,0.51,0.58,0.29,0.2,0.23,0.14,0.22
526,0.76,0.53,0.58,0.28,0.21,0.24,0.14,0.22
527,0.79,0.51,0.6,0.29,0.2,0.25,0.14,0.24
528,0.82,0.53,0.61,0.3,0.2,0.25,0.15,0.24
529,0.79,0.51,0.61,0.3,0.2,0.26,0.15,0.24
530,0.79,0.54,0.62,0.31,0.21,0.24,0.13,0.24
531,0.82,0.54,0.61,0.31,0.21,0.27,0.16,0.24
532,0.85,0.54,0.63,0.31,0.21,0.27,0.16,0.26
533,0.85,0.55,0.62,0.32,0.23,0.28,0.16,0.24
534,0.85,0.55,0.62,0.32,0.23,0.28,0.16,0.24
535,0.85,0.55,0.63,0.33,0.23,0.28,0.15,0.24
536,0.85,0.54,0.64,0.33,0.23,0.29,0.15,0.26
537,0.85,0.54,0.64,0.34,0.23,0.29,0.17,0.24
538,0.88,0.55,0.64,0.34,0.25,0.3,0.17,0.24
539,0.85,0.54,0.65,0.35,0.23,0.3,0.17,0.26
540,0.85,0.56,0.65,0.35,0.23,0.3,0.16,0.26
541,0.85,0.57,0.66,0.35,0.25,0.3,0.17,0.26
542,0.85,0.55,0.66,0.35,0.23,0.3,0.17,0.24
543,0.85,0.56,0.65,0.36,0.23,0.31,0.17,0.26
544,0.82,0.58,0.66,0.36,0.25,0.3,0.17,0.24
545,0.85,0.57,0.66,0.37,0.25,0.3,0.17,0.26
546,0.82,0.57,0.66,0.38,0.25,0.3,0.16,0.26
547,0.82,0.56,0.67,0.38,0.26,0.32,0.16,0.26
548,0.82,0.58,0.67,0.39,0.25,0.32,0.17,0.26
549,0.82,0.59,0.67,0.39,0.26,0.32,0.17,0.28
550,0.79,0.57,0.67,0.39,0.26,0.33,0.17,0.24
551,0.79,0.59,0.67,0.39,0.25,0.35,0.17,0.26
552,0.79,0.59,0.68,0.4,0.26,0.34,0.18,0.28
553,0.79,0.58,0.68,0.39,0.27,0.35,0.18,0.26
554,0.76,0.59,0.68,0.4,0.27,0.34,0.2,0.28
555,0.76,0.6,0.68,0.41,0.28,0.35,0.2,0.26
556,0.85,0.6,0.68,0.41,0.28,0.35,0.2,0.28
557,0.85,0.6,0.69,0.41,0.28,0.34,0.2,0.28
558,0.76,0.6,0.69,0.42,0.29,0.37,0.2,0.28
559,0.76,0.62,0.7,0.43,0.29,0.37,0.21,0.28
560,0.74,0.63,0.69,0.44,0.3,0.37,0.21,0.28
561,0.74,0.63,0.7,0.44,0.29,0.37,0.21,0.28
562,0.76,0.66,0.71,0.44,0.3,0.37,0.22,0.28
563,0.74,0.65,0.71,0.44,0.31,0.37,0.23,0.3
564,0.74,0.66,0.72,0.44,0.3,0.38,0.23,0.3
565,0.74,0.65,0.72,0.45,0.3,0.4,0.23,0.3
566,0.74,0.66,0.72,0.45,0.32,0.39,0.26,0.3
567,0.74,0.66,0.73,0.46,0.33,0.4,0.26,0.32
568,0.76,0.67,0.74,0.47,0.34,0.41,0.26,0.33
569,0.74,0.68,0.74,0.47,0.34,0.42,0.28,0.33
570,0.74,0.68,0.75,0.48,0.35,0.43,0.3,0.35
571,0.74,0.7,0.76,0.48,0.35,0.42,0.3,0.35
572,0.79,0.69,0.77,0.49,0.36,0.44,0.31,0.37
573,0.74,0.7,0.77,0.49,0.36,0.44,0.31,0.35
574,0.82,0.69,0.78,0.5,0.37,0.45,0.31,0.37
575,0.74,0.69,0.79,0.5,0.38,0.46,0.31,0.37
576,0.76,0.7,0.8,0.51,0.39,0.48,0.33,0.4
577,0.76,0.7,0.8,0.51,0.39,0.48,0.34,0.4
578,0.74,0.71,0.81,0.51,0.39,0.48,0.33,0.37
579,0.76,0.72,0.81,0.52,0.39,0.49,0.34,0.4
580,0.76,0.71,0.81,0.53,0.42,0.49,0.35,0.42
581,0.74,0.71,0.82,0.53,0.42,0.5,0.35,0.4
582,0.76,0.71,0.82,0.53,0.43,0.51,0.34,0.42
583,0.74,0.71,0.82,0.54,0.44,0.52,0.35,0.4
584,0.79,0.7,0.81,0.55,0.42,0.52,0.38,0.42
585,0.74,0.7,0.82,0.55,0.42,0.53,0.36,0.42
586,0.76,0.7,0.82,0.55,0.42,0.53,0.36,0.42
587,0.76,0.69,0.81,0.55,0.42,0.52,0.36,0.41
588,0.71,0.68,0.81,0.56,0.43,0.54,0.36,0.42
589,0.71,0.69,0.81,0.56,0.43,0.54,0.36,0.45
590,0.71,0.66,0.81,0.56,0.43,0.54,0.36,0.45
591,0.71,0.68,0.81,0.57,0.43,0.54,0.37,0.45
592,0.68,0.66,0.8,0.57,0.44,0.55,0.35,0.45
593,0.68,0.64,0.8,0.58,0.44,0.55,0.35,0.43
594,0.68,0.64,0.79,0.58,0.44,0.56,0.36,0.43
595,0.65,0.64,0.79,0.59,0.44,0.55,0.37,0.43
596,0.65,0.64,0.78,0.59,0.44,0.55,0.36,0.43
597,0.65,0.64,0.78,0.58,0.44,0.56,0.36,0.43
598,0.68,0.64,0.77,0.59,0.44,0.56,0.36,0.43
599,0.62,0.65,0.77,0.59,0.45,0.56,0.38,0.43
600,0.62,0.65,0.77,0.6,0.45,0.56,0.38,0.45
601,0.62,0.64,0.77,0.59,0.45,0.56,0.38,0.44
602,0.62,0.62,0.76,0.6,0.45,0.56,0.38,0.43
603,0.62,0.64,0.77,0.6,0.44,0.56,0.36,0.44
604,0.62,0.64,0.75,0.61,0.46,0.56,0.36,0.43
605,0.59,0.65,0.75,0.61,0.44,0.56,0.39,0.45
606,0.59,0.64,0.75,0.61,0.45,0.56,0.38,0.45
607,0.59,0.63,0.76,0.61,0.45,0.56,0.38,0.44
608,0.59,0.65,0.77,0.61,0.45,0.56,0.38,0.44
609,0.59,0.64,0.76,0.62,0.45,0.56,0.36,0.46
610,0.59,0.66,0.76,0.63,0.47,0.57,0.39,0.46
611,0.56,0.68,0.76,0.63,0.46,0.58,0.39,0.46
612,0.59,0.68,0.77,0.63,0.47,0.57,0.4,0.46
613,0.59,0.67,0.76,0.64,0.46,0.57,0.4,0.48
614,0.59,0.68,0.76,0.64,0.47,0.58,0.4,0.46
615,0.56,0.7,0.76,0.64,0.47,0.58,0.4,0.44
616,0.56,0.7,0.77,0.65,0.47,0.58,0.4,0.48
617,0.56,0.7,0.78,0.65,0.46,0.6,0.41,0.48
618,0.56,0.71,0.78,0.65,0.48,0.59,0.43,0.48
619,0.62,0.71,0.78,0.66,0.46,0.59,0.4,0.48
620,0.56,0.71,0.78,0.66,0.48,0.6,0.41,0.5
621,0.59,0.7,0.78,0.66,0.48,0.6,0.41,0.5
622,0.59,0.71,0.78,0.67,0.48,0.6,0.43,0.5
623,0.59,0.71,0.79,0.67,0.49,0.6,0.43,0.5
624,0.62,0.71,0.79,0.68,0.46,0.6,0.43,0.5
625,0.62,0.72,0.79,0.68,0.46,0.6,0.41,0.5
626,0.59,0.71,0.79,0.68,0.46,0.61,0.41,0.5
627,0.59,0.71,0.8,0.68,0.49,0.6,0.41,0.5
628,0.62,0.72,0.8,0.68,0.46,0.6,0.42,0.52
629,0.62,0.7,0.81,0.68,0.49,0.6,0.42,0.52
630,0.71,0.73,0.82,0.69,0.49,0.6,0.41,0.52
631,0.65,0.71,0.82,0.69,0.49,0.6,0.42,0.49
632,0.65,0.72,0.82,0.7,0.49,0.61,0.42,0.5
633,0.68,0.72,0.82,0.7,0.49,0.6,0.42,0.48
634,0.68,0.71,0.81,0.7,0.49,0.62,0.42,0.52
635,0.71,0.72,0.82,0.7,0.49,0.6,0.42,0.52
636,0.71,0.72,0.82,0.71,0.49,0.61,0.42,0.52
637,0.71,0.72,0.82,0.72,0.46,0.61,0.42,0.52
638,0.71,0.73,0.82,0.72,0.49,0.62,0.42,0.5
639,0.71,0.73,0.82,0.72,0.49,0.62,0.41,0.52
640,0.71,0.73,0.82,0.72,0.49,0.62,0.41,0.52
641,0.71,0.71,0.82,0.72,0.49,0.61,0.42,0.52
642,0.71,0.72,0.82,0.73,0.47,0.61,0.4,0.48
643,0.71,0.73,0.83,0.73,0.48,0.61,0.41,0.48
644,0.71,0.73,0.83,0.73,0.49,0.62,0.4,0.5
645,0.71,0.73,0.83,0.74,0.48,0.61,0.4,0.48
646,0.74,0.73,0.83,0.74,0.48,0.62,0.4,0.5
647,0.68,0.72,0.83,0.74,0.48,0.61,0.39,0.5
648,0.71,0.73,0.83,0.74,0.49,0.61,0.39,0.48
649,0.68,0.72,0.83,0.74,0.48,0.61,0.39,0.48
650,0.68,0.74,0.82,0.75,0.46,0.61,0.38,0.48
651,0.71,0.73,0.82,0.74,0.47,0.61,0.39,0.48
652,0.68,0.72,0.82,0.75,0.48,0.6,0.38,0.48
653,0.68,0.7,0.81,0.75,0.46,0.61,0.38,0.48
654,0.65,0.7,0.81,0.75,0.48,0.6,0.38,0.48
655,0.71,0.7,0.81,0.75,0.48,0.61,0.38,0.46
656,0.68,0.7,0.8,0.76,0.46,0.61,0.38,0.46
657,0.65,0.7,0.8,0.76,0.46,0.6,0.38,0.48
658,0.74,0.7,0.8,0.76,0.46,0.6,0.36,0.46
659,0.65,0.68,0.8,0.76,0.48,0.6,0.38,0.46
660,0.68,0.68,0.8,0.76,0.46,0.61,0.38,0.46
661,0.68,0.68,0.79,0.76,0.45,0.6,0.38,0.46
662,0.65,0.68,0.78,0.76,0.48,0.6,0.36,0.46
663,0.65,0.68,0.78,0.77,0.47,0.6,0.36,0.46
664,0.68,0.68,0.78,0.77,0.47,0.6,0.38,0.46
665,0.68,0.68,0.77,0.77,0.47,0.6,0.36,0.46
666,0.65,0.68,0.77,0.77,0.47,0.59,0.36,0.46
667,0.65,0.68,0.77,0.77,0.47,0.6,0.38,0.46
668,0.65,0.68,0.75,0.77,0.47,0.6,0.36,0.46
669,0.65,0.68,0.75,0.77,0.46,0.59,0.36,0.46
670,0.65,0.68,0.74,0.78,0.47,0.59,0.36,0.47
671,0.65,0.66,0.75,0.78,0.46,0.59,0.36,0.47
672,0.65,0.66,0.74,0.77,0.46,0.58,0.36,0.46
673,0.65,0.67,0.74,0.78,0.46,0.57,0.36,0.47
674,0.65,0.68,0.74,0.77,0.46,0.59,0.36,0.46
675,0.65,0.68,0.74,0.78,0.46,0.58,0.36,0.46
676,0.65,0.65,0.74,0.78,0.46,0.58,0.36,0.44
677,0.65,0.68,0.74,0.77,0.46,0.58,0.36,0.44
678,0.65,0.68,0.74,0.77,0.46,0.58,0.36,0.46
679,0.65,0.65,0.74,0.77,0.46,0.58,0.36,0.46
680,0.65,0.68,0.74,0.78,0.46,0.58,0.35,0.44
681,0.65,0.64,0.74,0.77,0.46,0.57,0.36,0.46
682,0.65,0.67,0.74,0.78,0.46,0.57,0.36,0.46
683,0.65,0.65,0.74,0.77,0.46,0.57,0.36,0.46
684,0.71,0.65,0.75,0.77,0.46,0.58,0.36,0.46
685,0.68,0.65,0.76,0.78,0.46,0.57,0.36,0.44
686,0.71,0.68,0.77,0.78,0.46,0.57,0.35,0.44
687,0.76,0.68,0.77,0.78,0.46,0.57,0.36,0.46
688,0.71,0.68,0.78,0.78,0.46,0.57,0.36,0.44
689,0.74,0.68,0.79,0.79,0.44,0.57,0.35,0.42
690,0.71,0.7,0.79,0.79,0.44,0.56,0.36,0.42
691,0.79,0.7,0.79,0.79,0.46,0.57,0.35,0.44
692,0.74,0.69,0.8,0.79,0.46,0.57,0.35,0.44
693,0.79,0.68,0.81,0.8,0.44,0.56,0.35,0.42
694,0.74,0.67,0.81,0.79,0.44,0.56,0.35,0.42
695,0.74,0.68,0.81,0.79,0.46,0.56,0.35,0.42
696,0.74,0.68,0.82,0.8,0.44,0.57,0.36,0.44
697,0.74,0.69,0.81,0.8,0.46,0.56,0.35,0.42
698,0.74,0.68,0.82,0.8,0.46,0.57,0.35,0.44
699,0.74,0.66,0.82,0.8,0.46,0.56,0.35,0.42
700,0.74,0.66,0.82,0.8,0.45,0.56,0.35,0.46
701,0.74,0.65,0.81,0.81,0.46,0.57,0.35,0.42
702,0.76,0.65,0.81,0.81,0.44,0.57,0.35,0.42
703,0.76,0.65,0.81,0.81,0.45,0.57,0.35,0.42
704,0.76,0.66,0.81,0.81,0.44,0.57,0.35,0.42
705,0.76,0.65,0.8,0.81,0.46,0.57,0.35,0.42
706,0.76,0.65,0.8,0.81,0.45,0.57,0.35,0.44
707,0.74,0.65,0.8,0.81,0.44,0.56,0.35,0.42
708,0.76,0.65,0.79,0.81,0.45,0.57,0.35,0.42
709,0.79,0.66,0.79,0.82,0.46,0.56,0.36,0.42
710,0.76,0.66,0.79,0.81,0.46,0.56,0.36,0.44
711,0.76,0.66,0.78,0.81,0.46,0.57,0.38,0.44
712,0.79,0.67,0.79,0.81,0.44,0.57,0.36,0.44
713,0.76,0.66,0.79,0.81,0.46,0.57,0.39,0.44
714,0.82,0.66,0.79,0.81,0.45,0.57,0.38,0.44
715,0.82,0.68,0.79,0.81,0.45,0.57,0.39,0.46
716,0.76,0.68,0.79,0.82,0.46,0.58,0.39,0.46
717,0.74,0.67,0.79,0.81,0.46,0.57,0.4,0.47
718,0.74,0.7,0.79,0.82,0.45,0.58,0.41,0.45
719,0.76,0.68,0.8,0.82,0.47,0.58,0.41,0.45
720,0.74,0.7,0.8,0.82,0.46,0.59,0.41,0.46
721,0.74,0.69,0.8,0.83,0.46,0.59,0.42,0.46
722,0.74,0.7,0.8,0.83,0.47,0.6,0.42,0.47
723,0.74,0.7,0.8,0.83,0.47,0.6,0.43,0.47
724,0.71,0.72,0.81,0.83,0.48,0.6,0.45,0.47
725,0.68,0.71,0.81,0.83,0.47,0.59,0.45,0.47
726,0.68,0.7,0.82,0.83,0.49,0.6,0.45,0.49
727,0.71,0.74,0.81,0.83,0.49,0.6,0.45,0.49
728,0.68,0.71,0.82,0.83,0.49,0.6,0.47,0.47
729,0.71,0.74,0.82,0.83,0.5,0.6,0.47,0.5
730,0.65,0.73,0.82,0.83,0.5,0.61,0.5,0.48
731,0.71,0.73,0.83,0.84,0.51,0.62,0.52,0.52
732,0.71,0.73,0.83,0.83,0.52,0.62,0.53,0.54
733,0.65,0.73,0.83,0.84,0.53,0.63,0.53,0.52
734,0.65,0.73,0.84,0.84,0.54,0.64,0.56,0.56
735,0.65,0.72,0.83,0.85,0.54,0.65,0.56,0.54
736,0.62,0.71,0.83,0.84,0.54,0.65,0.58,0.56
737,0.62,0.72,0.83,0.85,0.56,0.65,0.59,0.58
738,0.62,0.7,0.83,0.84,0.55,0.65,0.6,0.56
739,0.62,0.71,0.82,0.85,0.55,0.65,0.62,0.58
740,0.62,0.7,0.82,0.85,0.58,0.66,0.62,0.58
741,0.59,0.7,0.82,0.85,0.58,0.67,0.62,0.58
742,0.62,0.7,0.82,0.85,0.58,0.68,0.63,0.61
743,0.65,0.71,0.82,0.85,0.58,0.68,0.62,0.59
744,0.62,0.7,0.81,0.86,0.6,0.68,0.62,0.61
745,0.68,0.71,0.82,0.86,0.58,0.69,0.64,0.61
746,0.62,0.7,0.81,0.86,0.61,0.69,0.64,0.61
747,0.62,0.7,0.81,0.86,0.6,0.7,0.64,0.61
748,0.62,0.71,0.82,0.86,0.62,0.71,0.65,0.65
749,0.62,0.72,0.82,0.86,0.62,0.71,0.66,0.65
750,0.62,0.72,0.82,0.86,0.63,0.71,0.66,0.64
751,0.62,0.72,0.84,0.86,0.63,0.71,0.66,0.63
752,0.65,0.73,0.84,0.86,0.64,0.73,0.69,0.67
753,0.65,0.75,0.85,0.86,0.65,0.73,0.69,0.65
754,0.68,0.75,0.86,0.86,0.65,0.73,0.69,0.67
755,0.71,0.75,0.87,0.87,0.68,0.73,0.69,0.67
756,0.71,0.75,0.87,0.88,0.66,0.73,0.69,0.67
757,0.71,0.74,0.86,0.88,0.67,0.75,0.71,0.69
758,0.74,0.76,0.88,0.88,0.67,0.75,0.73,0.73
759,0.74,0.76,0.87,0.88,0.68,0.75,0.72,0.69
760,0.74,0.77,0.88,0.88,0.68,0.75,0.74,0.73
761,0.74,0.77,0.88,0.88,0.68,0.76,0.74,0.71
762,0.79,0.79,0.89,0.88,0.7,0.75,0.73,0.71
763,0.79,0.79,0.89,0.88,0.7,0.76,0.74,0.74
764,0.82,0.79,0.89,0.88,0.71,0.76,0.74,0.73
765,0.85,0.8,0.9,0.88,0.71,0.76,0.77,0.73
766,0.82,0.8,0.89,0.88,0.71,0.77,0.78,0.75
767,0.85,0.8,0.9,0.89,0.73,0.78,0.76,0.77
768,0.88,0.8,0.91,0.89,0.74,0.77,0.76,0.78
769,0.85,0.82,0.92,0.9,0.73,0.78,0.78,0.77
770,0.91,0.82,0.92,0.9,0.73,0.78,0.79,0.77
771,0.91,0.8,0.94,0.9,0.74,0.78,0.8,0.79
772,1.0,0.8,0.94,0.9,0.75,0.79,0.81,0.81
773,0.91,0.79,0.92,0.91,0.75,0.79,0.81,0.83
774,0.94,0.79,0.92,0.91,0.75,0.8,0.81,0.83
775,0.94,0.79,0.92,0.91,0.75,0.8,0.83,0.83
776,0.94,0.79,0.92,0.91,0.75,0.8,0.81,0.83
777,0.91,0.79,0.91,0.91,0.75,0.8,0.81,0.83
778,0.91,0.79,0.91,0.91,0.76,0.8,0.81,0.81
779,0.94,0.78,0.9,0.91,0.75,0.8,0.8,0.83
780,0.91,0.78,0.9,0.91,0.75,0.8,0.79,0.83
781,0.97,0.78,0.89,0.91,0.75,0.8,0.79,0.83
782,0.91,0.77,0.89,0.91,0.75,0.8,0.77,0.83
783,0.91,0.78,0.88,0.92,0.75,0.8,0.78,0.83
784,0.91,0.75,0.87,0.91,0.74,0.8,0.77,0.83
785,0.97,0.76,0.86,0.91,0.74,0.8,0.77,0.79
786,0.82,0.74,0.85,0.92,0.74,0.8,0.74,0.81
787,0.82,0.71,0.84,0.91,0.72,0.8,0.75,0.81
788,0.82,0.73,0.84,0.92,0.72,0.8,0.75,0.77
789,0.82,0.71,0.84,0.92,0.72,0.79,0.74,0.79
790,0.79,0.7,0.83,0.91,0.73,0.8,0.72,0.77
791,0.79,0.7,0.82,0.91,0.73,0.8,0.72,0.77
792,0.85,0.68,0.82,0.91,0.73,0.78,0.71,0.79
793,0.79,0.68,0.81,0.92,0.72,0.79,0.71,0.77
794,0.82,0.68,0.8,0.91,0.72,0.79,0.7,0.79
795,0.82,0.68,0.8,0.9,0.72,0.79,0.7,0.75
796,0.82,0.68,0.8,0.9,0.71,0.78,0.68,0.75
797,0.76,0.67,0.79,0.9,0.7,0.77,0.68,0.73
798,0.74,0.67,0.8,0.9,0.7,0.76,0.69,0.73
799,0.74,0.64,0.77,0.9,0.7,0.76,0.67,0.75
800,0.74,0.66,0.78,0.9,0.69,0.77,0.66,0.73
801,0.79,0.64,0.77,0.9,0.69,0.77,0.66,0.75
802,0.71,0.64,0.77,0.9,0.7,0.77,0.65,0.73
803,0.71,0.64,0.77,0.9,0.69,0.76,0.65,0.73
804,0.71,0.64,0.76,0.9,0.68,0.76,0.63,0.72
805,0.71,0.61,0.76,0.9,0.66,0.77,0.64,0.7
806,0.71,0.63,0.76,0.9,0.68,0.77,0.62,0.7
807,0.71,0.63,0.76,0.9,0.67,0.75,0.63,0.7
808,0.68,0.62,0.76,0.9,0.66,0.75,0.62,0.68
809,0.68,0.61,0.75,0.9,0.65,0.75,0.61,0.7
810,0.68,0.6,0.75,0.9,0.67,0.75,0.61,0.68
811,0.71,0.62,0.74,0.89,0.65,0.75,0.61,0.68
812,0.71,0.6,0.74,0.9,0.65,0.75,0.61,0.66
813,0.68,0.61,0.75,0.89,0.65,0.75,0.59,0.66
814,0.68,0.6,0.74,0.89,0.65,0.74,0.58,0.68
815,0.68,0.6,0.74,0.88,0.63,0.74,0.59,0.66
816,0.68,0.6,0.74,0.88,0.65,0.74,0.59,0.66
817,0.65,0.62,0.74,0.88,0.63,0.73,0.58,0.66
818,0.65,0.6,0.74,0.88,0.63,0.73,0.58,0.68
819,0.68,0.62,0.74,0.88,0.63,0.73,0.58,0.66
820,0.65,0.62,0.73,0.88,0.63,0.74,0.58,0.68
821,0.65,0.62,0.73,0.88,0.63,0.74,0.58,0.66
822,0.68,0.64,0.74,0.89,0.63,0.73,0.57,0.66
823,0.68,0.64,0.74,0.88,0.63,0.73,0.58,0.64
824,0.65,0.65,0.74,0.88,0.63,0.74,0.58,0.66
825,0.74,0.66,0.74,0.89,0.63,0.73,0.57,0.64
826,0.71,0.66,0.75,0.89,0.63,0.74,0.59,0.66
827,0.65,0.66,0.75,0.89,0.63,0.74,0.58,0.66
828,0.65,0.68,0.75,0.89,0.63,0.73,0.61,0.66
829,0.68,0.7,0.75,0.88,0.63,0.74,0.6,0.66
830,0.65,0.7,0.76,0.89,0.63,0.74,0.62,0.66
831,0.65,0.7,0.75,0.88,0.65,0.73,0.62,0.66
832,0.62,0.7,0.76,0.88,0.65,0.73,0.63,0.68
833,0.65,0.7,0.76,0.88,0.65,0.73,0.64,0.68
834,0.62,0.71,0.76,0.88,0.65,0.73,0.64,0.68
835,0.62,0.71,0.77,0.88,0.65,0.73,0.65,0.68
836,0.62,0.72,0.77,0.88,0.65,0.73,0.66,0.7
837,0.62,0.72,0.78,0.88,0.65,0.73,0.68,0.7
838,0.62,0.74,0.78,0.88,0.65,0.73,0.68,0.7
839,0.59,0.73,0.78,0.88,0.66,0.73,0.67,0.7
840,0.59,0.73,0.78,0.89,0.66,0.73,0.68,0.72
841,0.62,0.73,0.79,0.89,0.68,0.74,0.68,0.72
842,0.59,0.75,0.79,0.89,0.66,0.73,0.68,0.74
843,0.62,0.75,0.79,0.89,0.66,0.74,0.68,0.74
844,0.59,0.75,0.79,0.89,0.66,0.74,0.68,0.72
845,0.59,0.76,0.81,0.89,0.66,0.74,0.68,0.74
846,0.59,0.78,0.81,0.89,0.67,0.74,0.68,0.74
847,0.62,0.78,0.81,0.89,0.67,0.75,0.68,0.76
848,0.59,0.78,0.81,0.89,0.67,0.74,0.67,0.72
849,0.59,0.76,0.82,0.9,0.67,0.74,0.68,0.72
850,0.62,0.76,0.82,0.89,0.67,0.75,0.67,0.74
851,0.59,0.76,0.82,0.9,0.67,0.73,0.67,0.74
852,0.65,0.76,0.82,0.9,0.66,0.74,0.66,0.74
853,0.59,0.76,0.82,0.9,0.67,0.74,0.65,0.74
854,0.59,0.76,0.81,0.9,0.66,0.73,0.65,0.72
855,0.62,0.77,0.8,0.9,0.66,0.73,0.65,0.74
856,0.62,0.76,0.8,0.9,0.66,0.72,0.65,0.74
857,0.62,0.76,0.8,0.9,0.65,0.73,0.63,0.72
858,0.62,0.76,0.8,0.9,0.66,0.72,0.64,0.72
859,0.62,0.75,0.8,0.9,0.65,0.72,0.63,0.72
860,0.62,0.78,0.8,0.9,0.65,0.72,0.62,0.72
861,0.65,0.75,0.8,0.9,0.66,0.72,0.61,0.7
862,0.65,0.74,0.8,0.9,0.64,0.72,0.61,0.72
863,0.71,0.74,0.79,0.9,0.65,0.72,0.61,0.7
864,0.74,0.74,0.79,0.9,0.63,0.72,0.59,0.68
865,0.71,0.74,0.78,0.9,0.63,0.72,0.58,0.7
866,0.71,0.72,0.79,0.9,0.64,0.71,0.59,0.68
867,0.68,0.7,0.78,0.9,0.62,0.7,0.57,0.66
868,0.71,0.72,0.78,0.9,0.62,0.7,0.56,0.66
869,0.71,0.7,0.77,0.9,0.61,0.68,0.56,0.66
870,0.71,0.7,0.77,0.9,0.61,0.68,0.54,0.66
871,0.71,0.7,0.76,0.9,0.6,0.67,0.56,0.65
872,0.74,0.7,0.76,0.9,0.6,0.68,0.54,0.63
873,0.74,0.7,0.75,0.89,0.61,0.67,0.53,0.65
874,0.71,0.7,0.76,0.89,0.6,0.67,0.54,0.63
875,0.71,0.71,0.76,0.89,0.6,0.67,0.52,0.63
876,0.71,0.71,0.75,0.89,0.58,0.67,0.54,0.63
877,0.71,0.69,0.75,0.89,0.59,0.67,0.51,0.63
878,0.74,0.7,0.75,0.89,0.59,0.66,0.52,0.63
879,0.79,0.7,0.75,0.89,0.57,0.66,0.52,0.6
880,0.74,0.7,0.75,0.88,0.58,0.65,0.51,0.6
881,0.76,0.7,0.75,0.89,0.58,0.65,0.5,0.6
882,0.79,0.7,0.75,0.88,0.58,0.65,0.5,0.6
883,0.79,0.73,0.75,0.88,0.59,0.65,0.5,0.6
884,0.76,0.71,0.75,0.89,0.57,0.65,0.5,0.6
885,0.79,0.71,0.74,0.88,0.57,0.65,0.5,0.6
886,0.79,0.7,0.74,0.88,0.58,0.65,0.5,0.6
887,0.79,0.72,0.74,0.88,0.56,0.65,0.49,0.58
888,0.79,0.72,0.75,0.88,0.56,0.66,0.49,0.62
889,0.82,0.72,0.75,0.88,0.57,0.65,0.49,0.6
890,0.85,0.72,0.75,0.88,0.56,0.66,0.49,0.58
891,0.82,0.72,0.76,0.89,0.56,0.65,0.49,0.58
892,0.82,0.73,0.76,0.88,0.56,0.65,0.49,0.6
893,0.82,0.74,0.76,0.89,0.56,0.65,0.49,0.6
894,0.88,0.72,0.77,0.88,0.57,0.66,0.49,0.6
895,0.82,0.75,0.76,0.89,0.56,0.66,0.49,0.6
896,0.85,0.74,0.77,0.88,0.55,0.65,0.49,0.6
897,0.85,0.74,0.77,0.88,0.57,0.65,0.49,0.6
898,0.85,0.74,0.77,0.89,0.57,0.66,0.49,0.58
899,0.85,0.77,0.77,0.88,0.55,0.66,0.49,0.58
900,0.91,0.77,0.77,0.89,0.55,0.65,0.49,0.56
901,0.91,0.78,0.78,0.88,0.55,0.66,0.48,0.58
902,0.88,0.79,0.78,0.89,0.55,0.66,0.49,0.58
903,0.88,0.79,0.78,0.89,0.55,0.66,0.5,0.56
904,0.88,0.79,0.79,0.89,0.55,0.66,0.5,0.58
905,0.91,0.8,0.79,0.89,0.57,0.67,0.51,0.58
906,0.88,0.82,0.8,0.89,0.56,0.67,0.51,0.58
907,0.91,0.83,0.8,0.89,0.56,0.67,0.52,0.58
908,0.88,0.84,0.8,0.9,0.56,0.68,0.53,0.58
909,0.94,0.85,0.81,0.9,0.58,0.68,0.55,0.6
910,0.88,0.86,0.82,0.9,0.58,0.68,0.56,0.6
911,0.88,0.88,0.81,0.9,0.57,0.68,0.58,0.6
912,0.85,0.86,0.82,0.9,0.58,0.68,0.58,0.6
913,0.85,0.88,0.82,0.9,0.58,0.69,0.59,0.63
914,0.82,0.89,0.83,0.91,0.6,0.68,0.62,0.65
915,0.88,0.9,0.83,0.91,0.6,0.69,0.63,0.63
916,0.91,0.89,0.83,0.91,0.6,0.69,0.64,0.63
917,0.82,0.89,0.83,0.91,0.61,0.7,0.64,0.65
918,0.79,0.89,0.84,0.91,0.62,0.7,0.65,0.65
919,0.79,0.91,0.85,0.92,0.61,0.7,0.67,0.67
920,0.79,0.91,0.87,0.92,0.65,0.71,0.72,0.72
921,0.76,0.92,0.87,0.93,0.67,0.73,0.73,0.73
922,0.76,0.9,0.87,0.92,0.68,0.74,0.73,0.75
923,0.74,0.9,0.87,0.92,0.67,0.73,0.74,0.73
924,0.74,0.91,0.87,0.92,0.67,0.73,0.73,0.75
925,0.71,0.89,0.86,0.93,0.66,0.74,0.73,0.74
926,0.68,0.88,0.86,0.93,0.67,0.74,0.73,0.74
927,0.68,0.88,0.87,0.94,0.7,0.74,0.73,0.76
928,0.68,0.87,0.86,0.94,0.67,0.75,0.73,0.76
929,0.65,0.86,0.86,0.94,0.68,0.76,0.75,0.79
930,0.68,0.85,0.86,0.94,0.68,0.76,0.75,0.77
931,0.65,0.82,0.85,0.95,0.68,0.75,0.74,0.77
932,0.65,0.82,0.86,0.95,0.69,0.76,0.74,0.79
933,0.65,0.82,0.84,0.95,0.7,0.75,0.76,0.79
934,0.68,0.8,0.84,0.95,0.7,0.76,0.76,0.77
935,0.65,0.79,0.84,0.95,0.7,0.76,0.75,0.79
936,0.68,0.79,0.83,0.94,0.7,0.77,0.77,0.8
937,0.65,0.78,0.82,0.95,0.71,0.75,0.77,0.8
938,0.65,0.78,0.82,0.95,0.71,0.76,0.77,0.8
939,0.62,0.76,0.82,0.94,0.74,0.77,0.78,0.8
940,0.65,0.75,0.81,0.95,0.74,0.77,0.76,0.82
941,0.65,0.75,0.82,0.94,0.74,0.76,0.78,0.82
942,0.68,0.75,0.81,0.95,0.74,0.77,0.79,0.83
943,0.65,0.73,0.81,0.94,0.75,0.78,0.79,0.83
944,0.68,0.75,0.81,0.94,0.75,0.77,0.79,0.85
945,0.68,0.73,0.81,0.95,0.74,0.77,0.79,0.85
946,0.68,0.73,0.81,0.95,0.75,0.77,0.79,0.85
947,0.74,0.74,0.81,0.95,0.75,0.77,0.79,0.85
948,0.71,0.74,0.81,0.95,0.78,0.78,0.79,0.85
949,0.74,0.76,0.81,0.95,0.77,0.78,0.78,0.86
950,0.79,0.73,0.81,0.95,0.78,0.8,0.79,0.84
951,0.76,0.75,0.81,0.95,0.78,0.8,0.79,0.84
952,0.79,0.74,0.8,0.95,0.77,0.79,0.79,0.84
953,0.76,0.77,0.8,0.95,0.77,0.8,0.77,0.84
954,0.76,0.77,0.8,0.95,0.79,0.8,0.79,0.86
955,0.79,0.78,0.79,0.95,0.79,0.8,0.78,0.82
956,0.82,0.79,0.8,0.95,0.79,0.79,0.77,0.84
957,0.82,0.8,0.8,0.95,0.79,0.79,0.77,0.82
958,0.82,0.8,0.81,0.95,0.79,0.8,0.77,0.84
959,0.82,0.82,0.81,0.96,0.79,0.8,0.79,0.82
960,0.85,0.82,0.81,0.96,0.79,0.8,0.77,0.82
961,0.85,0.82,0.83,0.96,0.8,0.8,0.8,0.84
962,0.85,0.83,0.82,0.96,0.8,0.8,0.8,0.84
963,0.85,0.85,0.84,0.96,0.8,0.81,0.81,0.86
964,0.85,0.86,0.85,0.96,0.8,0.8,0.81,0.84
965,0.85,0.86,0.85,0.96,0.8,0.82,0.82,0.87
966,0.88,0.86,0.85,0.96,0.81,0.82,0.82,0.87
967,0.91,0.83,0.86,0.96,0.82,0.82,0.83,0.86
968,0.91,0.86,0.87,0.96,0.81,0.82,0.85,0.89
969,0.91,0.85,0.87,0.97,0.82,0.82,0.85,0.89
970,0.88,0.85,0.89,0.97,0.82,0.82,0.86,0.89
971,0.94,0.85,0.88,0.97,0.82,0.82,0.84,0.9
972,0.91,0.85,0.9,0.97,0.82,0.82,0.86,0.88
973,0.91,0.83,0.9,0.97,0.82,0.84,0.87,0.9
974,0.91,0.86,0.9,0.97,0.82,0.84,0.85,0.9
975,0.88,0.86,0.91,0.97,0.84,0.84,0.87,0.92
976,0.94,0.83,0.89,0.98,0.82,0.84,0.86,0.9
977,0.88,0.83,0.9,0.98,0.84,0.85,0.87,0.88
978,0.88,0.83,0.9,0.98,0.84,0.84,0.87,0.92
979,0.97,0.82,0.9,0.99,0.84,0.85,0.85,0.88
980,0.91,0.83,0.9,0.99,0.84,0.86,0.84,0.92
981,0.88,0.82,0.9,0.98,0.84,0.86,0.84,0.9
982,0.88,0.82,0.89,0.98,0.84,0.86,0.83,0.9
983,0.91,0.82,0.89,0.98,0.84,0.86,0.84,0.88
984,0.88,0.82,0.88,0.98,0.84,0.86,0.83,0.88
985,0.88,0.8,0.88,0.98,0.84,0.87,0.83,0.88
986,0.91,0.82,0.88,0.98,0.84,0.88,0.83,0.89
987,0.88,0.82,0.88,0.99,0.83,0.88,0.82,0.88
988,0.88,0.8,0.87,0.98,0.84,0.87,0.82,0.88
989,0.91,0.8,0.86,0.99,0.83,0.88,0.81,0.88
990,0.91,0.82,0.86,0.99,0.83,0.88,0.8,0.86
991,0.88,0.83,0.86,0.99,0.84,0.88,0.8,0.86
992,0.88,0.82,0.85,0.98,0.83,0.88,0.8,0.86
993,0.91,0.8,0.85,0.99,0.84,0.87,0.8,0.86
994,0.88,0.81,0.84,0.99,0.83,0.88,0.8,0.84
995,0.88,0.8,0.83,0.99,0.82,0.87,0.79,0.84
996,0.88,0.8,0.83,0.99,0.82,0.87,0.77,0.83
997,0.85,0.8,0.83,0.99,0.8,0.87,0.79,0.85
998,0.85,0.78,0.82,0.99,0.82,0.86,0.78,0.83
999,0.85,0.78,0.81,0.99,0.8,0.86,0.77,0.81
1000,0.85,0.78,0.82,0.99,0.81,0.86,0.78,0.81
1001,0.82,0.78,0.81,0.99,0.81,0.86,0.75,0.81
1002,0.82,0.79,0.81,0.98,0.8,0.86,0.75,0.81
1003,0.79,0.76,0.81,0.98,0.8,0.86,0.75,0.81
1004,0.82,0.78,0.81,0.98,0.8,0.86,0.74,0.8
1005,0.79,0.77,0.8,0.98,0.8,0.86,0.74,0.8
1006,0.76,0.77,0.81,0.98,0.8,0.86,0.74,0.8
1007,0.76,0.76,0.8,0.98,0.78,0.86,0.74,0.78
1008,0.74,0.74,0.8,0.98,0.77,0.86,0.73,0.8
1009,0.74,0.75,0.8,0.98,0.77,0.85,0.72,0.78
1010,0.74,0.75,0.79,0.97,0.77,0.85,0.73,0.76
1011,0.74,0.74,0.79,0.97,0.75,0.85,0.73,0.78
1012,0.71,0.74,0.79,0.97,0.75,0.85,0.72,0.78
1013,0.71,0.74,0.79,0.97,0.75,0.85,0.72,0.78
1014,0.71,0.74,0.8,0.97,0.75,0.84,0.69,0.76
1015,0.71,0.74,0.8,0.97,0.75,0.84,0.69,0.76
1016,0.74,0.74,0.8,0.97,0.75,0.84,0.69,0.75
1017,0.68,0.73,0.8,0.97,0.75,0.85,0.69,0.76
1018,0.65,0.73,0.8,0.97,0.73,0.84,0.69,0.76
1019,0.68,0.73,0.79,0.96,0.73,0.84,0.67,0.73
1020,0.68,0.72,0.79,0.97,0.73,0.84,0.67,0.76
1021,0.71,0.73,0.79,0.97,0.73,0.84,0.69,0.75
1022,0.62,0.72,0.79,0.97,0.72,0.82,0.69,0.74
1023,0.65,0.71,0.79,0.96,0.72,0.84,0.67,0.73
1024,0.62,0.72,0.79,0.97,0.73,0.82,0.67,0.73
1025,0.65,0.71,0.79,0.96,0.72,0.82,0.66,0.73
1026,0.68,0.71,0.79,0.96,0.71,0.82,0.66,0.71
1027,0.62,0.71,0.78,0.96,0.72,0.82,0.67,0.73
1028,0.65,0.71,0.78,0.96,0.7,0.82,0.66,0.71
1029,0.65,0.72,0.78,0.96,0.71,0.82,0.66,0.71
1030,0.65,0.71,0.78,0.95,0.7,0.8,0.65,0.71
1031,0.68,0.71,0.78,0.96,0.7,0.8,0.64,0.69
1032,0.68,0.69,0.78,0.96,0.69,0.8,0.63,0.71
1033,0.65,0.69,0.78,0.96,0.69,0.8,0.62,0.68
1034,0.65,0.69,0.77,0.96,0.69,0.8,0.62,0.68
1035,0.71,0.71,0.78,0.95,0.69,0.78,0.62,0.69
1036,0.65,0.71,0.77,0.95,0.69,0.8,0.62,0.69
1037,0.65,0.7,0.79,0.96,0.66,0.79,0.62,0.67
1038,0.68,0.7,0.79,0.96,0.69,0.79,0.62,0.69
1039,0.65,0.7,0.8,0.96,0.66,0.78,0.61,0.68
1040,0.74,0.71,0.8,0.95,0.68,0.79,0.6,0.67
1041,0.68,0.71,0.8,0.95,0.68,0.79,0.61,0.68
1042,0.65,0.71,0.8,0.95,0.66,0.79,0.6,0.67
1043,0.71,0.72,0.8,0.96,0.66,0.78,0.6,0.66
1044,0.68,0.72,0.8,0.95,0.66,0.78,0.6,0.67
1045,0.68,0.72,0.79,0.95,0.66,0.78,0.59,0.66
1046,0.68,0.7,0.8,0.95,0.66,0.78,0.58,0.66
1047,0.68,0.72,0.79,0.95,0.66,0.78,0.59,0.66
1048,0.68,0.71,0.8,0.95,0.66,0.78,0.58,0.66
1049,0.71,0.69,0.8,0.95,0.64,0.77,0.57,0.64
1050,0.68,0.71,0.8,0.95,0.64,0.78,0.58,0.66
1051,0.68,0.72,0.8,0.95,0.66,0.77,0.57,0.64
1052,0.71,0.7,0.8,0.95,0.64,0.76,0.57,0.66
1053,0.71,0.72,0.8,0.95,0.64,0.76,0.57,0.62
1054,0.68,0.7,0.79,0.94,0.64,0.76,0.57,0.62
1055,0.68,0.7,0.79,0.94,0.63,0.76,0.56,0.6
1056,0.74,0.7,0.79,0.95,0.64,0.76,0.56,0.6
1057,0.68,0.69,0.78,0.94,0.61,0.76,0.56,0.62
1058,0.68,0.69,0.78,0.94,0.63,0.76,0.54,0.6
1059,0.68,0.7,0.78,0.94,0.61,0.76,0.54,0.6
1060,0.71,0.69,0.77,0.94,0.61,0.75,0.54,0.6
1061,0.68,0.69,0.76,0.94,0.61,0.75,0.54,0.6
1062,0.68,0.7,0.75,0.94,0.61,0.75,0.53,0.58
1063,0.71,0.71,0.75,0.93,0.61,0.75,0.53,0.58
1064,0.71,0.7,0.74,0.94,0.59,0.73,0.52,0.58
1065,0.71,0.71,0.74,0.94,0.6,0.73,0.53,0.58
1066,0.68,0.71,0.74,0.93,0.6,0.73,0.52,0.56
1067,0.68,0.71,0.74,0.92,0.6,0.73,0.52,0.56
1068,0.68,0.7,0.74,0.93,0.6,0.72,0.51,0.56
1069,0.71,0.7,0.74,0.93,0.59,0.72,0.51,0.57
1070,0.65,0.7,0.74,0.92,0.6,0.72,0.51,0.57
1071,0.65,0.7,0.74,0.92,0.59,0.72,0.51,0.55
1072,0.65,0.7,0.74,0.92,0.59,0.72,0.5,0.57
1073,0.65,0.7,0.75,0.92,0.59,0.72,0.5,0.55
1074,0.62,0.7,0.75,0.92,0.58,0.72,0.5,0.55
1075,0.68,0.69,0.75,0.92,0.59,0.72,0.5,0.55
1076,0.62,0.69,0.74,0.92,0.58,0.72,0.5,0.55
1077,0.62,0.68,0.75,0.92,0.59,0.72,0.5,0.53
1078,0.62,0.69,0.74,0.92,0.59,0.72,0.5,0.55
1079,0.65,0.68,0.76,0.92,0.58,0.7,0.5,0.55
1080,0.62,0.69,0.75,0.92,0.58,0.72,0.48,0.53
1081,0.65,0.67,0.75,0.91,0.58,0.71,0.47,0.53
1082,0.59,0.69,0.75,0.92,0.58,0.72,0.48,0.53
1083,0.59,0.68,0.75,0.92,0.58,0.72,0.47,0.53
1084,0.59,0.69,0.76,0.92,0.58,0.72,0.47,0.53
1085,0.56,0.68,0.75,0.92,0.58,0.72,0.47,0.53
1086,0.56,0.65,0.75,0.91,0.58,0.7,0.45,0.51
1087,0.56,0.65,0.74,0.92,0.58,0.72,0.47,0.53
1088,0.53,0.64,0.74,0.92,0.57,0.7,0.46,0.5
1089,0.53,0.65,0.74,0.91,0.56,0.7,0.46,0.53
1090,0.53,0.65,0.74,0.91,0.58,0.7,0.45,0.51
1091,0.56,0.65,0.74,0.91,0.56,0.7,0.46,0.51
1092,0.56,0.64,0.73,0.91,0.58,0.7,0.44,0.52
1093,0.5,0.65,0.73,0.91,0.56,0.7,0.45,0.51
1094,0.53,0.64,0.73,0.91,0.54,0.7,0.46,0.51
1095,0.5,0.63,0.72,0.9,0.56,0.7,0.45,0.51
1096,0.53,0.63,0.72,0.9,0.56,0.7,0.45,0.51
1097,0.53,0.63,0.72,0.9,0.56,0.7,0.45,0.49
1098,0.56,0.63,0.72,0.9,0.54,0.7,0.45,0.51
1099,0.5,0.61,0.71,0.9,0.54,0.69,0.45,0.49
1100,0.5,0.62,0.71,0.9,0.54,0.7,0.45,0.51
1101,0.5,0.64,0.71,0.9,0.54,0.7,0.44,0.51
1102,0.53,0.61,0.7,0.9,0.54,0.69,0.43,0.51
1103,0.5,0.61,0.71,0.9,0.54,0.69,0.43,0.51
1104,0.5,0.62,0.7,0.9,0.53,0.69,0.43,0.49
1105,0.5,0.62,0.7,0.89,0.54,0.69,0.43,0.49
1106,0.53,0.62,0.69,0.89,0.54,0.67,0.42,0.49
1107,0.56,0.62,0.7,0.89,0.54,0.68,0.43,0.49
1108,0.53,0.62,0.69,0.89,0.53,0.68,0.42,0.49
1109,0.5,0.64,0.69,0.89,0.53,0.68,0.43,0.48
1110,0.53,0.64,0.69,0.89,0.52,0.68,0.42,0.48
1111,0.5,0.64,0.68,0.88,0.52,0.68,0.42,0.48
1112,0.5,0.64,0.7,0.88,0.52,0.67,0.41,0.45
1113,0.5,0.66,0.7,0.88,0.52,0.67,0.42,0.45
1114,0.53,0.67,0.71,0.88,0.52,0.68,0.4,0.45
1115,0.5,0.68,0.71,0.88,0.53,0.68,0.4,0.45
1116,0.53,0.68,0.71,0.88,0.52,0.68,0.41,0.45
1117,0.5,0.68,0.71,0.88,0.52,0.67,0.39,0.45
1118,0.53,0.69,0.71,0.88,0.52,0.67,0.41,0.45
1119,0.53,0.71,0.72,0.88,0.52,0.68,0.41,0.45
1120,0.56,0.73,0.73,0.88,0.53,0.68,0.41,0.45
1121,0.53,0.71,0.74,0.88,0.51,0.67,0.41,0.43
1122,0.53,0.73,0.74,0.88,0.53,0.67,0.41,0.45
1123,0.53,0.74,0.73,0.89,0.52,0.67,0.43,0.45
1124,0.59,0.75,0.73,0.88,0.53,0.67,0.41,0.44
1125,0.53,0.74,0.74,0.88,0.53,0.67,0.43,0.45
1126,0.53,0.75,0.74,0.88,0.53,0.68,0.43,0.45
1127,0.56,0.75,0.75,0.88,0.53,0.68,0.44,0.45
1128,0.56,0.77,0.75,0.88,0.53,0.68,0.43,0.45
1129,0.56,0.76,0.76,0.88,0.53,0.69,0.45,0.45
1130,0.56,0.79,0.76,0.88,0.54,0.7,0.45,0.48
1131,0.59,0.8,0.77,0.89,0.55,0.7,0.47,0.49
1132,0.56,0.78,0.77,0.89,0.54,0.7,0.48,0.49
1133,0.62,0.8,0.77,0.89,0.54,0.7,0.48,0.51
1134,0.59,0.8,0.79,0.89,0.55,0.71,0.49,0.5
1135,0.65,0.8,0.8,0.9,0.56,0.72,0.49,0.52
1136,0.59,0.8,0.79,0.9,0.57,0.72,0.52,0.52
1137,0.59,0.79,0.8,0.9,0.55,0.72,0.53,0.52
1138,0.59,0.81,0.81,0.9,0.55,0.72,0.53,0.56
1139,0.65,0.8,0.81,0.91,0.57,0.72,0.53,0.54
1140,0.62,0.79,0.82,0.9,0.57,0.72,0.54,0.56
1141,0.71,0.83,0.83,0.91,0.57,0.74,0.54,0.55
1142,0.68,0.81,0.84,0.9,0.58,0.74,0.54,0.57
1143,0.71,0.82,0.84,0.91,0.6,0.75,0.55,0.57
1144,0.71,0.8,0.84,0.91,0.58,0.75,0.55,0.57
1145,0.71,0.82,0.84,0.91,0.57,0.75,0.55,0.55
1146,0.76,0.8,0.84,0.91,0.58,0.75,0.55,0.55
1147,0.71,0.82,0.84,0.91,0.58,0.76,0.55,0.59
1148,0.74,0.81,0.84,0.91,0.6,0.76,0.55,0.57
1149,0.74,0.8,0.84,0.91,0.6,0.76,0.55,0.57
1150,0.76,0.8,0.84,0.92,0.6,0.77,0.55,0.57
1151,0.74,0.8,0.84,0.91,0.6,0.76,0.53,0.57
1152,0.76,0.78,0.84,0.92,0.58,0.77,0.54,0.57
1153,0.74,0.79,0.83,0.92,0.58,0.76,0.54,0.57
1154,0.76,0.78,0.83,0.92,0.58,0.75,0.53,0.55
1155,0.76,0.79,0.82,0.92,0.58,0.76,0.53,0.57
1156,0.76,0.78,0.82,0.92,0.58,0.76,0.53,0.57
1157,0.76,0.76,0.82,0.92,0.58,0.75,0.53,0.55
1158,0.76,0.78,0.81,0.92,0.58,0.75,0.52,0.56
1159,0.76,0.76,0.8,0.91,0.6,0.76,0.5,0.56
1160,0.76,0.76,0.8,0.91,0.58,0.75,0.52,0.54
1161,0.82,0.76,0.8,0.91,0.58,0.76,0.5,0.55
1162,0.76,0.74,0.79,0.91,0.58,0.76,0.52,0.54
1163,0.76,0.76,0.79,0.91,0.58,0.75,0.5,0.54
1164,0.79,0.75,0.79,0.91,0.58,0.76,0.5,0.54
1165,0.74,0.75,0.78,0.91,0.58,0.74,0.5,0.54
1166,0.74,0.74,0.78,0.91,0.58,0.75,0.49,0.54
1167,0.74,0.75,0.78,0.91,0.58,0.74,0.5,0.54
1168,0.71,0.73,0.78,0.9,0.58,0.74,0.49,0.52
1169,0.74,0.75,0.78,0.91,0.58,0.75,0.5,0.54
1170,0.71,0.73,0.78,0.91,0.58,0.74,0.5,0.54
1171,0.71,0.76,0.77,0.9,0.58,0.74,0.49,0.5
1172,0.71,0.75,0.78,0.9,0.58,0.75,0.49,0.52
1173,0.71,0.76,0.78,0.91,0.58,0.74,0.49,0.52
1174,0.71,0.76,0.77,0.91,0.58,0.74,0.49,0.52
1175,0.74,0.76,0.77,0.91,0.58,0.74,0.51,0.52
1176,0.71,0.78,0.78,0.9,0.58,0.75,0.5,0.52
1177,0.68,0.78,0.78,0.91,0.58,0.75,0.51,0.54
1178,0.74,0.77,0.78,0.91,0.6,0.75,0.52,0.54
1179,0.68,0.78,0.78,0.9,0.61,0.75,0.51,0.52
1180,0.68,0.78,0.78,0.9,0.61,0.75,0.52,0.54
1181,0.68,0.78,0.78,0.91,0.6,0.75,0.54,0.53
1182,0.65,0.8,0.79,0.9,0.59,0.75,0.53,0.53
1183,0.65,0.8,0.79,0.9,0.6,0.75,0.53,0.55
1184,0.65,0.79,0.79,0.9,0.62,0.74,0.55,0.55
1185,0.65,0.78,0.79,0.91,0.6,0.76,0.55,0.55
1186,0.65,0.78,0.8,0.91,0.6,0.75,0.55,0.55
1187,0.65,0.77,0.79,0.91,0.61,0.75,0.53,0.55
1188,0.62,0.77,0.79,0.91,0.62,0.75,0.55,0.55
1189,0.62,0.77,0.8,0.91,0.62,0.76,0.55,0.57
1190,0.65,0.77,0.8,0.91,0.63,0.76,0.56,0.57
1191,0.62,0.77,0.81,0.91,0.62,0.76,0.56,0.57
1192,0.62,0.76,0.8,0.91,0.63,0.76,0.56,0.57
1193,0.62,0.76,0.8,0.91,0.63,0.76,0.58,0.57
1194,0.62,0.76,0.8,0.91,0.63,0.77,0.58,0.55
1195,0.62,0.78,0.79,0.91,0.64,0.76,0.57,0.59
1196,0.62,0.76,0.8,0.91,0.66,0.76,0.57,0.59
1197,0.65,0.78,0.8,0.91,0.63,0.76,0.58,0.59
1198,0.59,0.78,0.8,0.91,0.64,0.78,0.58,0.57
1199,0.59,0.75,0.8,0.91,0.64,0.77,0.58,0.59
1200,0.62,0.75,0.79,0.91,0.64,0.77,0.58,0.57
1201,0.59,0.75,0.8,0.91,0.64,0.78,0.59,0.6
1202,0.59,0.76,0.8,0.91,0.65,0.77,0.58,0.59
1203,0.59,0.78,0.79,0.91,0.65,0.77,0.58,0.61
1204,0.59,0.75,0.8,0.91,0.65,0.77,0.57,0.59
1205,0.59,0.76,0.8,0.91,0.65,0.79,0.58,0.57
1206,0.59,0.75,0.8,0.91,0.65,0.77,0.58,0.6
1207,0.59,0.75,0.8,0.91,0.65,0.77,0.58,0.6
1208,0.59,0.78,0.8,0.91,0.65,0.78,0.58,0.6
1209,0.59,0.78,0.79,0.91,0.65,0.78,0.58,0.6
1210,0.59,0.78,0.8,0.91,0.65,0.78,0.57,0.6
1211,0.62,0.78,0.8,0.91,0.66,0.78,0.58,0.6
1212,0.56,0.78,0.8,0.91,0.67,0.78,0.57,0.6
1213,0.56,0.78,0.8,0.9,0.65,0.78,0.57,0.6
1214,0.59,0.79,0.8,0.91,0.65,0.77,0.58,0.6
1215,0.56,0.79,0.81,0.91,0.65,0.78,0.57,0.58
1216,0.59,0.78,0.8,0.91,0.67,0.78,0.57,0.56
1217,0.56,0.78,0.8,0.91,0.65,0.78,0.56,0.58
1218,0.53,0.78,0.8,0.92,0.65,0.77,0.56,0.58
1219,0.56,0.77,0.81,0.91,0.65,0.78,0.56,0.58
1220,0.53,0.77,0.81,0.91,0.65,0.77,0.56,0.58
1221,0.56,0.77,0.8,0.92,0.65,0.77,0.55,0.56
1222,0.53,0.76,0.81,0.91,0.65,0.77,0.56,0.56
1223,0.53,0.76,0.81,0.92,0.67,0.77,0.56,0.58
1224,0.53,0.76,0.8,0.92,0.67,0.78,0.55,0.57
1225,0.53,0.76,0.8,0.92,0.66,0.77,0.55,0.58
1226,0.5,0.75,0.8,0.92,0.66,0.77,0.55,0.56
1227,0.5,0.75,0.8,0.92,0.64,0.77,0.56,0.56
1228,0.5,0.74,0.8,0.92,0.67,0.77,0.55,0.56
1229,0.5,0.74,0.81,0.92,0.67,0.77,0.55,0.58
1230,0.5,0.75,0.8,0.92,0.67,0.77,0.56,0.58
1231,0.5,0.75,0.81,0.92,0.67,0.77,0.56,0.56
1232,0.53,0.78,0.8,0.92,0.66,0.77,0.56,0.57
1233,0.5,0.78,0.81,0.92,0.66,0.78,0.55,0.58
1234,0.47,0.74,0.81,0.92,0.68,0.78,0.56,0.56
1235,0.47,0.78,0.81,0.92,0.68,0.79,0.57,0.58
1236,0.47,0.78,0.82,0.92,0.67,0.78,0.57,0.58
1237,0.53,0.78,0.81,0.92,0.68,0.79,0.57,0.58
1238,0.5,0.79,0.81,0.92,0.7,0.79,0.57,0.58
1239,0.47,0.78,0.81,0.92,0.68,0.79,0.57,0.58
1240,0.5,0.8,0.81,0.92,0.7,0.79,0.59,0.58
1241,0.47,0.82,0.81,0.92,0.68,0.79,0.59,0.58
1242,0.5,0.82,0.82,0.92,0.72,0.81,0.6,0.6
1243,0.5,0.82,0.82,0.93,0.71,0.8,0.61,0.6
1244,0.5,0.82,0.83,0.93,0.71,0.81,0.64,0.6
1245,0.5,0.81,0.83,0.93,0.71,0.81,0.62,0.62
1246,0.5,0.83,0.84,0.93,0.71,0.8,0.61,0.61
1247,0.59,0.83,0.83,0.93,0.71,0.82,0.64,0.62
1248,0.59,0.82,0.84,0.93,0.71,0.81,0.64,0.64
1249,0.53,0.83,0.83,0.94,0.72,0.83,0.64,0.62
1250,0.56,0.83,0.84,0.93,0.72,0.83,0.62,0.62
1251,0.56,0.84,0.84,0.94,0.72,0.83,0.64,0.64
1252,0.59,0.84,0.84,0.94,0.72,0.83,0.64,0.62
1253,0.56,0.82,0.84,0.94,0.72,0.83,0.64,0.64
1254,0.59,0.82,0.84,0.94,0.72,0.83,0.64,0.64
1255,0.59,0.82,0.84,0.93,0.72,0.84,0.64,0.64
1256,0.62,0.81,0.84,0.94,0.72,0.84,0.62,0.64
1257,0.59,0.81,0.83,0.94,0.72,0.84,0.62,0.64
1258,0.62,0.82,0.83,0.94,0.72,0.83,0.62,0.65
1259,0.62,0.8,0.82,0.94,0.72,0.84,0.61,0.65
1260,0.62,0.8,0.83,0.94,0.71,0.83,0.61,0.64
1261,0.62,0.81,0.83,0.94,0.72,0.84,0.61,0.64
1262,0.62,0.79,0.82,0.94,0.71,0.83,0.59,0.62
1263,0.62,0.79,0.82,0.94,0.71,0.83,0.59,0.65
1264,0.65,0.78,0.82,0.94,0.71,0.83,0.59,0.62
1265,0.68,0.78,0.81,0.94,0.71,0.84,0.59,0.62
1266,0.65,0.76,0.81,0.93,0.69,0.82,0.57,0.6
1267,0.71,0.76,0.81,0.93,0.7,0.83,0.57,0.62
1268,0.65,0.77,0.81,0.93,0.69,0.81,0.57,0.62
1269,0.68,0.76,0.8,0.93,0.69,0.81,0.57,0.62
1270,0.65,0.77,0.79,0.93,0.69,0.81,0.55,0.6
1271,0.68,0.75,0.8,0.93,0.68,0.81,0.57,0.6
1272,0.65,0.77,0.8,0.93,0.69,0.81,0.55,0.6
1273,0.65,0.76,0.79,0.94,0.7,0.81,0.56,0.6
1274,0.62,0.74,0.78,0.93,0.68,0.81,0.55,0.6
1275,0.62,0.74,0.79,0.93,0.68,0.81,0.55,0.6
1276,0.62,0.74,0.79,0.93,0.68,0.81,0.55,0.6
1277,0.62,0.74,0.78,0.94,0.67,0.81,0.54,0.58
1278,0.59,0.75,0.78,0.92,0.67,0.8,0.54,0.59
1279,0.59,0.73,0.78,0.93,0.66,0.79,0.54,0.6
1280,0.59,0.75,0.77,0.94,0.66,0.79,0.53,0.57
1281,0.59,0.75,0.78,0.94,0.66,0.79,0.53,0.57
1282,0.56,0.74,0.77,0.92,0.66,0.79,0.5,0.57
1283,0.56,0.72,0.77,0.94,0.66,0.79,0.51,0.57
1284,0.56,0.73,0.76,0.92,0.64,0.79,0.5,0.57
1285,0.56,0.72,0.76,0.93,0.66,0.78,0.51,0.54
1286,0.56,0.72,0.77,0.92,0.65,0.79,0.5,0.57
1287,0.56,0.71,0.76,0.92,0.64,0.78,0.5,0.57
1288,0.56,0.71,0.76,0.92,0.64,0.78,0.5,0.54
1289,0.56,0.71,0.75,0.92,0.62,0.77,0.48,0.54
1290,0.53,0.72,0.75,0.92,0.64,0.77,0.49,0.54
1291,0.56,0.73,0.75,0.92,0.62,0.79,0.49,0.54
1292,0.53,0.73,0.75,0.92,0.62,0.77,0.5,0.54
1293,0.53,0.72,0.75,0.92,0.65,0.77,0.51,0.54
1294,0.53,0.73,0.75,0.92,0.62,0.76,0.51,0.54
1295,0.5,0.72,0.75,0.91,0.64,0.76,0.53,0.54
1296,0.56,0.74,0.75,0.91,0.65,0.76,0.53,0.55
1297,0.5,0.75,0.75,0.92,0.65,0.76,0.55,0.55
1298,0.53,0.77,0.75,0.91,0.64,0.77,0.57,0.57
1299,0.5,0.77,0.76,0.91,0.67,0.77,0.57,0.57
1300,0.5,0.78,0.76,0.92,0.67,0.77,0.57,0.57
1301,0.5,0.8,0.76,0.91,0.69,0.77,0.61,0.61
1302,0.53,0.82,0.78,0.92,0.7,0.77,0.62,0.62
1303,0.56,0.81,0.77,0.92,0.7,0.77,0.63,0.63
1304,0.53,0.82,0.78,0.92,0.7,0.77,0.64,0.63
1305,0.53,0.82,0.78,0.92,0.72,0.77,0.65,0.63
1306,0.53,0.82,0.8,0.92,0.72,0.78,0.67,0.66
1307,0.53,0.85,0.8,0.92,0.72,0.78,0.68,0.66
1308,0.56,0.87,0.83,0.92,0.74,0.79,0.72,0.7
1309,0.56,0.87,0.83,0.93,0.74,0.79,0.71,0.7
1310,0.56,0.87,0.84,0.94,0.76,0.8,0.72,0.72
1311,0.56,0.89,0.85,0.93,0.74,0.8,0.74,0.74
1312,0.56,0.89,0.86,0.94,0.77,0.81,0.74,0.72
1313,0.59,0.89,0.86,0.94,0.78,0.82,0.74,0.76
1314,0.59,0.89,0.87,0.94,0.78,0.82,0.75,0.78
1315,0.59,0.89,0.88,0.94,0.79,0.84,0.76,0.78
1316,0.59,0.9,0.88,0.94,0.8,0.83,0.79,0.78
1317,0.62,0.91,0.88,0.94,0.82,0.85,0.79,0.78
1318,0.62,0.91,0.88,0.94,0.81,0.85,0.78,0.78
1319,0.59,0.92,0.89,0.95,0.81,0.85,0.79,0.81
1320,0.62,0.91,0.89,0.95,0.81,0.86,0.79,0.81
1321,0.62,0.91,0.89,0.95,0.82,0.86,0.8,0.81
1322,0.62,0.9,0.89,0.95,0.82,0.86,0.78,0.81
1323,0.62,0.9,0.89,0.95,0.84,0.86,0.78,0.81
1324,0.62,0.9,0.89,0.96,0.84,0.86,0.8,0.82
1325,0.62,0.88,0.88,0.96,0.84,0.86,0.78,0.8
1326,0.62,0.9,0.88,0.96,0.84,0.87,0.8,0.81
1327,0.62,0.89,0.88,0.96,0.84,0.87,0.8,0.81
1328,0.62,0.87,0.87,0.96,0.84,0.87,0.78,0.81
1329,0.62,0.86,0.87,0.96,0.84,0.87,0.78,0.81
1330,0.62,0.86,0.87,0.96,0.84,0.88,0.78,0.81
1331,0.59,0.84,0.86,0.96,0.84,0.88,0.81,0.81
1332,0.65,0.84,0.86,0.95,0.84,0.88,0.8,0.84
1333,0.62,0.84,0.86,0.96,0.84,0.87,0.78,0.81
1334,0.59,0.83,0.84,0.96,0.84,0.88,0.78,0.81
1335,0.62,0.82,0.84,0.96,0.84,0.88,0.8,0.84
1336,0.59,0.81,0.83,0.96,0.84,0.88,0.79,0.81
1337,0.59,0.8,0.82,0.96,0.82,0.87,0.78,0.81
1338,0.59,0.8,0.82,0.95,0.82,0.87,0.78,0.8
1339,0.59,0.78,0.81,0.96,0.81,0.86,0.75,0.8
1340,0.56,0.78,0.8,0.95,0.81,0.85,0.77,0.78
1341,0.56,0.78,0.79,0.94,0.79,0.85,0.74,0.78
1342,0.59,0.78,0.79,0.95,0.81,0.85,0.74,0.78
1343,0.59,0.77,0.78,0.94,0.79,0.84,0.74,0.78
1344,0.53,0.75,0.78,0.94,0.79,0.84,0.72,0.77
1345,0.53,0.75,0.77,0.94,0.77,0.84,0.72,0.75
1346,0.53,0.75,0.77,0.94,0.77,0.84,0.71,0.75
1347,0.53,0.75,0.77,0.94,0.77,0.84,0.7,0.75
1348,0.47,0.71,0.74,0.94,0.76,0.81,0.68,0.73
1349,0.47,0.7,0.74,0.93,0.75,0.81,0.67,0.72
1350,0.44,0.71,0.73,0.93,0.74,0.81,0.66,0.71
1351,0.44,0.7,0.74,0.93,0.75,0.81,0.64,0.7
1352,0.41,0.7,0.72,0.93,0.73,0.81,0.63,0.7
1353,0.41,0.68,0.71,0.92,0.73,0.79,0.63,0.68
1354,0.41,0.68,0.71,0.92,0.72,0.79,0.63,0.7
1355,0.44,0.68,0.71,0.92,0.72,0.79,0.63,0.68
1356,0.41,0.66,0.71,0.92,0.7,0.79,0.63,0.7
1357,0.41,0.65,0.7,0.91,0.7,0.77,0.61,0.68
1358,0.38,0.65,0.68,0.91,0.71,0.77,0.6,0.66
1359,0.38,0.65,0.69,0.9,0.7,0.76,0.6,0.68
1360,0.38,0.64,0.67,0.91,0.7,0.76,0.58,0.64
1361,0.38,0.61,0.67,0.9,0.68,0.76,0.59,0.64
1362,0.38,0.63,0.66,0.9,0.67,0.75,0.59,0.64
1363,0.35,0.64,0.66,0.89,0.67,0.75,0.58,0.62
1364,0.35,0.61,0.66,0.89,0.67,0.75,0.56,0.62
1365,0.38,0.61,0.65,0.89,0.67,0.74,0.55,0.62
1366,0.35,0.61,0.64,0.88,0.67,0.74,0.55,0.62
1367,0.35,0.58,0.63,0.88,0.67,0.74,0.55,0.6
1368,0.38,0.59,0.63,0.88,0.65,0.74,0.55,0.6
1369,0.32,0.58,0.63,0.87,0.65,0.72,0.55,0.6
1370,0.35,0.58,0.62,0.87,0.65,0.74,0.54,0.6
1371,0.35,0.58,0.62,0.87,0.63,0.72,0.53,0.6
1372,0.38,0.55,0.62,0.87,0.65,0.72,0.53,0.58
1373,0.32,0.55,0.61,0.86,0.63,0.72,0.52,0.58
1374,0.35,0.55,0.6,0.86,0.62,0.72,0.52,0.56
1375,0.35,0.55,0.6,0.86,0.62,0.71,0.52,0.58
1376,0.32,0.55,0.58,0.85,0.62,0.71,0.53,0.58
1377,0.32,0.55,0.59,0.85,0.61,0.7,0.51,0.56
1378,0.32,0.54,0.58,0.85,0.6,0.7,0.5,0.56
1379,0.32,0.55,0.58,0.84,0.62,0.7,0.5,0.56
1380,0.32,0.55,0.58,0.84,0.61,0.7,0.5,0.55
1381,0.32,0.54,0.58,0.84,0.6,0.7,0.5,0.55
1382,0.32,0.53,0.58,0.84,0.61,0.68,0.51,0.55
1383,0.29,0.53,0.57,0.83,0.59,0.69,0.48,0.54
1384,0.32,0.53,0.56,0.83,0.59,0.68,0.5,0.54
1385,0.29,0.53,0.56,0.83,0.59,0.68,0.5,0.53
1386,0.29,0.53,0.55,0.83,0.6,0.67,0.48,0.53
1387,0.29,0.52,0.55,0.82,0.58,0.67,0.48,0.53
1388,0.29,0.51,0.54,0.82,0.58,0.67,0.47,0.51
1389,0.35,0.52,0.54,0.81,0.58,0.66,0.47,0.51
1390,0.29,0.52,0.54,0.8,0.56,0.65,0.45,0.48
1391,0.29,0.5,0.53,0.8,0.56,0.65,0.45,0.48
1392,0.32,0.52,0.52,0.8,0.56,0.65,0.45,0.5
1393,0.29,0.49,0.52,0.78,0.55,0.65,0.45,0.48
1394,0.29,0.49,0.51,0.78,0.55,0.64,0.42,0.46
1395,0.29,0.49,0.51,0.78,0.54,0.64,0.42,0.48
1396,0.32,0.49,0.5,0.77,0.54,0.63,0.42,0.46
1397,0.35,0.47,0.5,0.76,0.55,0.62,0.42,0.46
1398,0.26,0.47,0.5,0.76,0.53,0.62,0.39,0.44
1399,0.29,0.45,0.49,0.76,0.53,0.61,0.4,0.44
1400,0.29,0.47,0.48,0.76,0.52,0.61,0.39,0.44
1401,0.26,0.47,0.48,0.75,0.52,0.61,0.38,0.44
1402,0.26,0.47,0.47,0.75,0.52,0.6,0.39,0.42
1403,0.26,0.45,0.47,0.74,0.52,0.6,0.37,0.42
1404,0.26,0.44,0.46,0.75,0.51,0.6,0.37,0.42
1405,0.29,0.43,0.46,0.74,0.5,0.6,0.37,0.42
1406,0.26,0.43,0.45,0.73,0.5,0.59,0.37,0.4
1407,0.26,0.43,0.44,0.72,0.5,0.58,0.36,0.4
1408,0.26,0.43,0.44,0.72,0.49,0.58,0.35,0.4
1409,0.26,0.41,0.44,0.71,0.48,0.57,0.34,0.4
1410,0.26,0.43,0.44,0.71,0.49,0.57,0.35,0.4
1411,0.26,0.41,0.43,0.71,0.48,0.57,0.34,0.38
1412,0.24,0.41,0.42,0.71,0.47,0.57,0.35,0.38
1413,0.24,0.41,0.41,0.7,0.47,0.57,0.34,0.36
1414,0.26,0.4,0.41,0.71,0.47,0.55,0.32,0.36
1415,0.26,0.4,0.41,0.7,0.46,0.55,0.32,0.36
1416,0.24,0.39,0.41,0.69,0.46,0.54,0.32,0.36
1417,0.24,0.39,0.4,0.69,0.46,0.53,0.33,0.36
1418,0.24,0.4,0.39,0.68,0.46,0.55,0.31,0.36
1419,0.26,0.39,0.38,0.67,0.45,0.52,0.3,0.34
1420,0.24,0.36,0.37,0.66,0.44,0.52,0.3,0.34
1421,0.26,0.36,0.36,0.66,0.44,0.52,0.29,0.32
1422,0.26,0.36,0.36,0.66,0.44,0.52,0.29,0.32
1423,0.26,0.36,0.36,0.65,0.44,0.51,0.29,0.32
1424,0.21,0.35,0.34,0.64,0.44,0.5,0.29,0.32
1425,0.24,0.36,0.34,0.64,0.42,0.5,0.29,0.3
1426,0.21,0.35,0.34,0.64,0.41,0.49,0.27,0.32
1427,0.26,0.36,0.34,0.63,0.4,0.48,0.26,0.3
1428,0.24,0.34,0.34,0.62,0.4,0.48,0.27,0.3
1429,0.21,0.35,0.33,0.62,0.4,0.48,0.26,0.28
1430,0.21,0.33,0.32,0.62,0.38,0.48,0.26,0.27
1431,0.24,0.34,0.32,0.61,0.4,0.48,0.25,0.27
1432,0.21,0.33,0.31,0.6,0.38,0.47,0.25,0.26
1433,0.24,0.33,0.31,0.6,0.38,0.46,0.24,0.27
1434,0.21,0.33,0.31,0.59,0.38,0.46,0.25,0.26
1435,0.21,0.34,0.3,0.59,0.38,0.46,0.23,0.27
1436,0.21,0.34,0.3,0.59,0.39,0.45,0.24,0.25
1437,0.29,0.32,0.29,0.59,0.36,0.46,0.22,0.25
1438,0.21,0.33,0.29,0.58,0.37,0.44,0.22,0.24
1439,0.21,0.32,0.28,0.58,0.36,0.44,0.22,0.25
1440,0.21,0.31,0.28,0.58,0.36,0.44,0.22,0.25
1441,0.21,0.31,0.27,0.56,0.37,0.44,0.22,0.23
1442,0.21,0.3,0.27,0.56,0.35,0.43,0.21,0.23
1443,0.24,0.31,0.27,0.55,0.35,0.41,0.2,0.23
1444,0.21,0.31,0.26,0.55,0.34,0.42,0.19,0.22
1445,0.18,0.29,0.26,0.55,0.34,0.41,0.19,0.21
1446,0.18,0.3,0.25,0.54,0.33,0.41,0.18,0.2
1447,0.21,0.3,0.24,0.55,0.35,0.41,0.19,0.21
1448,0.21,0.3,0.24,0.54,0.34,0.41,0.19,0.21
1449,0.21,0.3,0.24,0.54,0.31,0.4,0.16,0.21
1450,0.21,0.27,0.24,0.52,0.31,0.39,0.17,0.2
1451,0.26,0.3,0.24,0.52,0.31,0.39,0.17,0.2
1452,0.21,0.27,0.24,0.52,0.31,0.39,0.17,0.2
1453,0.26,0.27,0.24,0.52,0.32,0.38,0.17,0.2
1454,0.21,0.27,0.22,0.51,0.31,0.38,0.15,0.18
1455,0.21,0.3,0.22,0.51,0.32,0.38,0.14,0.18
1456,0.21,0.27,0.21,0.51,0.3,0.37,0.14,0.16
1457,0.24,0.26,0.21,0.5,0.3,0.37,0.13,0.16
1458,0.18,0.26,0.21,0.49,0.3,0.36,0.14,0.14
1459,0.26,0.26,0.21,0.49,0.3,0.36,0.13,0.14
1460,0.21,0.25,0.21,0.49,0.29,0.34,0.13,0.12
1461,0.21,0.27,0.2,0.48,0.28,0.36,0.13,0.14
1462,0.18,0.25,0.2,0.47,0.28,0.34,0.12,0.12
1463,0.18,0.26,0.19,0.47,0.28,0.35,0.12,0.14
1464,0.18,0.23,0.19,0.47,0.3,0.35,0.11,0.12
1465,0.18,0.23,0.19,0.47,0.28,0.34,0.11,0.12
1466,0.18,0.25,0.19,0.47,0.27,0.32,0.11,0.1
1467,0.18,0.24,0.18,0.46,0.27,0.33,0.1,0.14
1468,0.18,0.23,0.19,0.46,0.27,0.32,0.11,0.1
1469,0.18,0.26,0.18,0.45,0.27,0.32,0.09,0.1
1470,0.21,0.25,0.18,0.45,0.26,0.33,0.1,0.11
1471,0.18,0.24,0.18,0.45,0.26,0.32,0.1,0.11
1472,0.18,0.24,0.18,0.44,0.26,0.32,0.08,0.11
1473,0.18,0.25,0.18,0.44,0.25,0.31,0.08,0.1
1474,0.18,0.25,0.18,0.43,0.26,0.31,0.08,0.1
1475,0.15,0.23,0.17,0.43,0.25,0.3,0.08,0.08
1476,0.18,0.24,0.17,0.43,0.25,0.3,0.09,0.08
1477,0.18,0.23,0.16,0.43,0.25,0.31,0.08,0.08
1478,0.18,0.22,0.16,0.43,0.25,0.3,0.08,0.08
1479,0.18,0.23,0.16,0.43,0.24,0.3,0.08,0.08
1480,0.18,0.23,0.16,0.43,0.24,0.29,0.08,0.08
1481,0.24,0.23,0.16,0.42,0.24,0.3,0.08,0.09
1482,0.21,0.22,0.15,0.42,0.24,0.3,0.06,0.08
1483,0.18,0.22,0.15,0.41,0.24,0.29,0.07,0.08
1484,0.18,0.23,0.14,0.4,0.23,0.28,0.06,0.08
1485,0.15,0.22,0.14,0.4,0.23,0.29,0.06,0.06
1486,0.21,0.22,0.14,0.4,0.23,0.28,0.05,0.06
1487,0.15,0.23,0.14,0.4,0.23,0.28,0.07,0.06
1488,0.15,0.23,0.14,0.4,0.22,0.28,0.05,0.06
1489,0.18,0.22,0.14,0.39,0.22,0.27,0.05,0.06
1490,0.18,0.22,0.14,0.39,0.22,0.26,0.03,0.06
1491,0.18,0.23,0.14,0.39,0.22,0.27,0.03,0.04
1492,0.15,0.22,0.14,0.39,0.22,0.27,0.03,0.06
1493,0.15,0.22,0.14,0.37,0.21,0.25,0.04,0.04
1494,0.15,0.2,0.13,0.37,0.2,0.24,0.03,0.04
1495,0.18,0.2,0.13,0.37,0.2,0.24,0.03,0.04
1496,0.18,0.22,0.12,0.36,0.22,0.25,0.03,0.02
1497,0.15,0.21,0.12,0.36,0.2,0.24,0.03,0.02
1498,0.15,0.2,0.12,0.36,0.2,0.24,0.03,0.02
1499,0.18,0.2,0.11,0.36,0.2,0.24,0.01,0.02
