0,35.34,16.56,19.27,5.67,66.72,40.44,51.64,6.71
1,35.34,16.54,19.27,5.67,66.72,40.44,51.52,6.71
2,35.21,16.54,19.25,5.67,66.72,40.36,51.52,6.71
3,35.28,16.54,19.25,5.67,66.72,40.44,51.52,6.71
4,35.28,16.54,19.25,5.67,66.53,40.44,51.52,6.71
5,35.28,16.49,19.25,5.66,66.72,40.36,51.4,6.71
6,35.34,16.51,19.27,5.66,66.53,40.36,51.52,6.71
7,35.34,16.51,19.27,5.65,66.53,40.36,51.4,6.71
8,35.34,16.49,19.22,5.66,66.53,40.36,51.4,6.71
9,35.34,16.51,19.25,5.66,66.53,40.36,51.4,6.71
10,35.41,16.54,19.27,5.66,66.72,40.27,51.52,6.71
11,35.41,16.58,19.3,5.66,66.91,40.44,51.64,6.71
12,35.48,16.6,19.36,5.67,66.91,40.52,51.64,6.73
13,35.54,16.6,19.39,5.67,67.1,40.6,51.77,6.71
14,35.61,16.65,19.44,5.68,67.1,40.6,51.89,6.72
15,35.41,16.6,19.39,5.67,66.91,40.52,51.64,6.72
16,35.28,16.56,19.27,5.66,66.53,40.36,51.52,6.72
17,35.28,16.51,19.25,5.65,66.34,40.36,51.4,6.71
18,35.28,16.47,19.22,5.64,66.53,40.27,51.4,6.71
19,35.61,16.58,19.36,5.66,66.72,40.52,51.77,6.71
20,35.54,16.6,19.39,5.66,67.1,40.52,51.77,6.72
21,35.41,16.51,19.3,5.65,66.72,40.36,51.52,6.71
22,35.34,16.49,19.25,5.64,66.53,40.27,51.28,6.71
23,35.28,16.49,19.19,5.64,66.34,40.27,51.4,6.7
24,35.21,16.4,19.16,5.63,66.15,40.11,51.28,6.69
25,35.21,16.42,19.16,5.62,66.15,40.11,51.16,6.69
26,35.15,16.4,19.14,5.62,66.15,40.03,51.16,6.68
27,35.15,16.38,19.14,5.62,66.15,40.11,51.16,6.68
28,35.21,16.42,19.16,5.62,66.34,40.03,51.28,6.67
29,35.01,16.36,19.08,5.6,66.15,40.03,51.16,6.68
30,35.08,16.38,19.11,5.62,66.15,40.03,51.16,6.68
31,35.15,16.42,19.16,5.61,66.34,40.03,51.28,6.67
32,35.21,16.47,19.22,5.62,66.53,40.19,51.4,6.7
33,35.28,16.51,19.25,5.62,66.72,40.27,51.52,6.69
34,35.28,16.51,19.27,5.62,66.72,40.27,51.52,6.71
35,35.28,16.49,19.3,5.62,66.53,40.36,51.52,6.7
36,35.15,16.47,19.22,5.62,66.34,40.11,51.28,6.68
37,35.08,16.42,19.19,5.62,66.34,40.11,51.28,6.69
38,35.15,16.47,19.22,5.62,66.53,40.27,51.4,6.7
39,35.21,16.49,19.25,5.62,66.53,40.27,51.4,6.69
40,35.34,16.51,19.27,5.63,66.72,40.36,51.52,6.7
41,35.28,16.49,19.27,5.63,66.53,40.27,51.4,6.7
42,35.28,16.47,19.25,5.63,66.53,40.27,51.4,6.7
43,35.21,16.49,19.27,5.63,66.53,40.36,51.4,6.7
44,35.28,16.51,19.25,5.63,66.53,40.36,51.4,6.71
45,35.21,16.49,19.25,5.63,66.34,40.36,51.4,6.69
46,35.21,16.49,19.25,5.64,66.53,40.27,51.28,6.69
47,35.28,16.54,19.25,5.64,66.34,40.27,51.4,6.7
48,35.15,16.51,19.22,5.63,66.34,40.27,51.4,6.69
49,35.21,16.49,19.19,5.63,66.34,40.27,51.4,6.7
50,35.34,16.58,19.27,5.65,66.72,40.44,51.52,6.7
51,35.34,16.56,19.3,5.64,66.72,40.44,51.4,6.71
52,35.48,16.56,19.3,5.64,66.72,40.36,51.52,6.7
53,35.54,16.56,19.33,5.65,66.91,40.44,51.28,6.7
54,35.74,16.56,19.44,5.63,67.1,40.44,51.52,6.7
55,35.81,16.54,19.47,5.64,67.1,40.44,51.52,6.7
56,35.81,16.51,19.5,5.63,67.29,40.36,51.4,6.7
57,35.81,16.51,19.44,5.62,67.29,40.36,50.92,6.68
58,34.88,16.45,18.55,5.54,65.05,39.95,45.59,6.58
59,34.44,16.38,18.18,5.49,63.63,39.71,44.23,6.53
60,32.96,16.2,17.2,5.3,59.2,38.62,41.28,6.36
61,31.8,16.09,16.66,4.95,55.83,37.44,40.45,6.06
62,31.75,16.07,16.64,4.86,55.69,37.3,40.45,5.99
63,31.47,16.05,16.61,4.68,55.41,36.94,40.7,5.84
64,31.41,16.0,16.61,4.55,55.41,36.73,40.87,5.73
65,31.3,15.96,16.61,4.37,55.55,36.52,41.03,5.57
66,31.3,15.89,16.64,4.23,55.55,36.31,41.12,5.45
67,31.25,15.85,16.64,4.18,55.55,36.31,41.28,5.4
68,31.41,15.87,16.71,4.05,55.69,36.38,41.45,5.27
69,31.41,15.87,16.73,4.01,55.97,36.31,41.62,5.23
70,31.58,15.89,16.8,3.94,56.25,36.52,41.8,5.14
71,31.58,15.94,16.8,3.92,56.11,36.52,41.88,5.13
72,31.69,15.98,16.87,3.88,56.39,36.66,42.14,5.08
73,31.75,16.0,16.89,3.88,56.53,36.73,42.14,5.05
74,31.75,16.0,16.91,3.84,56.53,36.73,42.23,5.0
75,31.8,15.98,16.91,3.84,56.53,36.8,42.23,5.0
76,31.75,15.98,16.87,3.82,56.53,36.73,42.23,4.94
77,31.8,15.96,16.89,3.81,56.53,36.8,42.23,4.93
78,31.86,16.0,16.91,3.81,56.67,36.87,42.41,4.91
79,31.92,16.0,16.94,3.81,56.67,36.94,42.5,4.9
80,31.92,16.02,16.96,3.81,56.82,36.94,42.41,4.88
81,31.97,16.02,16.98,3.82,56.96,36.94,42.58,4.87
82,31.97,16.05,16.96,3.82,56.82,37.01,42.58,4.86
83,31.92,16.02,16.96,3.82,56.82,37.01,42.5,4.84
84,31.92,16.0,16.96,3.82,56.82,37.01,42.58,4.84
85,31.97,16.02,16.98,3.83,56.96,37.08,42.67,4.83
86,32.03,16.05,17.01,3.83,57.11,37.08,42.67,4.83
87,32.14,16.07,17.06,3.85,57.11,37.15,42.76,4.83
88,32.09,16.05,17.03,3.84,57.11,37.15,42.67,4.83
89,32.03,16.0,16.98,3.85,56.96,37.08,42.58,4.8
90,31.97,15.98,16.98,3.85,56.82,37.01,42.58,4.81
91,31.92,15.92,16.91,3.84,56.67,36.87,42.5,4.79
92,31.92,15.96,16.91,3.85,56.82,36.87,42.41,4.78
93,31.86,15.89,16.87,3.85,56.67,36.73,42.32,4.78
94,31.86,15.89,16.91,3.85,56.67,36.8,42.5,4.77
95,31.8,15.94,16.89,3.85,56.67,36.8,42.5,4.77
96,31.86,15.94,16.91,3.85,56.67,36.8,42.41,4.76
97,31.92,15.96,16.94,3.85,56.96,36.94,42.5,4.76
98,31.92,15.98,16.98,3.85,56.96,36.94,42.58,4.76
99,31.97,15.98,16.98,3.85,56.96,37.01,42.67,4.76
100,32.09,16.07,17.06,3.86,57.11,37.22,42.76,4.77
101,32.03,16.02,17.03,3.87,57.11,37.01,42.76,4.76
102,32.09,16.02,17.03,3.87,57.11,37.01,42.67,4.76
103,32.09,16.05,17.03,3.87,57.25,37.08,42.76,4.76
104,32.09,16.07,17.03,3.87,57.11,37.15,42.76,4.76
105,32.14,16.07,17.06,3.88,57.11,37.22,42.76,4.76
106,32.03,16.07,17.03,3.87,57.11,37.08,42.67,4.76
107,32.03,16.02,17.01,3.88,57.11,37.08,42.76,4.76
108,32.03,16.0,16.98,3.87,56.96,37.08,42.58,4.74
109,32.03,15.98,16.98,3.88,56.82,37.01,42.67,4.74
110,31.97,15.96,16.96,3.86,56.96,36.94,42.58,4.75
111,31.92,15.94,16.96,3.86,56.82,36.87,42.58,4.74
112,31.97,15.98,16.96,3.86,56.82,36.87,42.5,4.74
113,31.92,15.94,16.96,3.86,56.82,36.94,42.58,4.74
114,31.97,15.96,16.96,3.86,56.82,36.94,42.58,4.73
115,32.03,16.02,16.98,3.86,56.96,37.01,42.67,4.73
116,32.03,15.98,17.03,3.87,56.96,36.94,42.67,4.72
117,32.03,15.96,16.98,3.86,56.96,36.94,42.67,4.72
118,32.14,16.05,17.06,3.87,57.25,37.08,42.85,4.74
119,32.2,16.09,17.13,3.88,57.25,37.08,42.94,4.74
120,32.14,16.07,17.08,3.88,57.25,37.15,42.85,4.72
121,32.14,16.05,17.08,3.87,57.25,37.08,42.76,4.72
122,32.14,16.05,17.1,3.88,57.25,37.15,42.85,4.73
123,32.09,16.0,17.03,3.87,57.11,37.01,42.67,4.73
124,32.09,16.02,17.03,3.86,57.11,37.01,42.67,4.71
125,31.97,15.96,17.01,3.86,56.96,36.94,42.67,4.72
126,32.03,16.0,17.03,3.86,57.11,37.01,42.67,4.71
127,32.09,16.0,17.06,3.87,57.25,37.01,42.76,4.71
128,32.09,16.0,17.03,3.86,57.25,37.01,42.76,4.71
129,32.09,16.02,17.08,3.86,57.25,37.01,42.76,4.71
130,32.03,16.0,17.03,3.86,57.11,37.01,42.67,4.71
131,31.97,15.98,16.98,3.86,56.96,36.94,42.67,4.71
132,32.09,16.02,17.03,3.86,57.11,37.01,42.76,4.71
133,32.09,16.07,17.06,3.87,57.25,37.08,42.85,4.72
134,32.09,16.07,17.08,3.87,57.25,37.08,42.85,4.71
135,32.03,16.07,17.06,3.87,57.11,37.08,42.76,4.72
136,32.09,16.09,17.08,3.87,56.96,37.15,42.76,4.71
137,32.09,16.09,17.1,3.88,57.25,37.15,42.76,4.71
138,32.09,16.09,17.08,3.88,57.11,37.15,42.76,4.72
139,31.97,16.02,16.98,3.88,56.96,37.01,42.58,4.72
140,31.92,16.0,16.96,3.86,56.82,37.01,42.5,4.71
141,31.86,15.98,16.94,3.86,56.67,37.01,42.5,4.7
142,31.92,16.0,16.94,3.86,56.82,37.01,42.58,4.7
143,31.97,16.05,16.98,3.87,56.82,37.08,42.5,4.71
144,32.09,16.09,17.03,3.87,57.11,37.15,42.67,4.71
145,32.14,16.09,17.06,3.87,57.11,37.08,42.76,4.71
146,32.03,16.02,17.03,3.87,56.96,37.08,42.67,4.71
147,32.09,16.05,17.03,3.87,56.96,37.08,42.58,4.71
148,32.09,16.07,17.03,3.87,57.11,37.08,42.67,4.71
149,32.14,16.05,17.03,3.87,57.11,37.08,42.67,4.71
150,32.2,16.09,17.08,3.88,57.25,37.08,42.85,4.71
151,32.2,16.09,17.1,3.88,57.25,37.15,42.85,4.71
152,32.14,16.07,17.08,3.88,57.11,37.15,42.76,4.71
153,32.14,16.07,17.06,3.87,57.11,37.15,42.76,4.7
154,32.2,16.07,17.08,3.87,57.25,37.15,42.76,4.7
155,32.14,16.07,17.06,3.88,57.11,37.08,42.76,4.7
156,32.14,16.07,17.08,3.87,57.25,37.15,42.76,4.71
157,32.14,16.05,17.08,3.87,57.25,37.01,42.94,4.7
158,32.2,16.05,17.15,3.88,57.4,37.08,43.3,4.71
159,32.37,16.07,17.22,3.88,57.84,37.22,43.77,4.71
160,32.49,16.05,17.27,3.9,57.99,37.22,43.95,4.72
161,32.43,16.07,17.32,3.91,58.29,37.22,44.23,4.74
162,32.72,16.11,17.51,3.95,59.04,37.51,45.0,4.77
163,33.02,16.2,17.68,3.98,59.66,37.8,45.59,4.8
164,33.14,16.2,17.78,4.0,59.98,37.8,45.79,4.81
165,33.44,16.31,17.98,4.06,60.77,38.25,46.5,4.86
166,33.56,16.31,18.08,4.11,61.1,38.4,46.81,4.9
167,33.56,16.31,18.08,4.12,61.26,38.4,46.81,4.92
168,33.75,16.33,18.18,4.18,61.59,38.55,47.22,4.96
169,33.87,16.4,18.29,4.21,61.92,38.7,47.54,4.99
170,33.99,16.42,18.31,4.24,62.09,38.78,47.65,5.01
171,34.12,16.45,18.44,4.3,62.42,39.01,47.97,5.06
172,34.18,16.45,18.5,4.36,62.76,39.09,48.19,5.11
173,34.18,16.47,18.52,4.39,62.93,39.09,48.3,5.14
174,34.18,16.45,18.52,4.44,63.11,39.24,48.52,5.18
175,34.18,16.42,18.55,4.46,63.11,39.24,48.52,5.2
176,34.31,16.47,18.6,4.54,63.45,39.4,48.74,5.25
177,34.37,16.51,18.65,4.55,63.63,39.48,48.96,5.28
178,34.56,16.56,18.73,4.63,63.8,39.71,49.18,5.34
179,34.69,16.6,18.84,4.67,64.15,39.87,49.52,5.38
180,34.76,16.65,18.92,4.7,64.51,39.95,49.64,5.4
181,34.82,16.67,18.95,4.75,64.51,40.03,49.75,5.44
182,34.88,16.65,18.95,4.78,64.69,40.03,49.87,5.49
183,34.88,16.65,19.0,4.82,64.87,40.11,49.98,5.53
184,34.88,16.65,18.97,4.86,64.69,40.03,49.87,5.56
185,34.88,16.6,18.97,4.86,64.87,40.11,49.98,5.57
186,34.95,16.6,18.97,4.9,64.87,40.11,49.98,5.6
187,35.01,16.63,19.03,4.93,65.05,40.11,50.21,5.64
188,35.01,16.65,19.03,4.97,65.05,40.19,50.21,5.67
189,34.95,16.6,19.0,4.99,65.23,40.11,50.21,5.7
190,34.95,16.6,19.03,5.02,65.05,40.19,50.21,5.72
191,34.95,16.56,18.97,5.04,65.05,40.11,50.1,5.75
192,34.88,16.56,18.95,5.05,65.05,40.03,50.21,5.75
193,34.88,16.54,18.97,5.07,65.05,40.03,50.21,5.79
194,34.88,16.51,18.95,5.11,65.05,40.03,50.1,5.83
195,34.88,16.51,18.95,5.11,65.05,40.03,50.1,5.83
196,35.01,16.56,19.0,5.14,65.23,40.11,50.33,5.86
197,35.08,16.63,19.05,5.16,65.41,40.27,50.45,5.88
198,35.21,16.63,19.11,5.18,65.6,40.27,50.56,5.91
199,35.21,16.63,19.11,5.21,65.6,40.36,50.68,5.95
200,35.15,16.6,19.11,5.21,65.6,40.27,50.68,5.95
201,35.15,16.6,19.11,5.23,65.78,40.36,50.68,5.96
202,35.21,16.65,19.16,5.24,65.78,40.44,50.68,5.99
203,35.28,16.65,19.16,5.27,65.97,40.44,50.8,6.01
204,35.34,16.67,19.22,5.29,65.97,40.44,50.92,6.04
205,35.21,16.6,19.16,5.29,65.78,40.36,50.68,6.05
206,35.21,16.6,19.16,5.3,65.78,40.36,50.8,6.07
207,35.15,16.6,19.11,5.31,65.78,40.36,50.68,6.09
208,35.21,16.63,19.14,5.34,65.97,40.36,50.8,6.09
209,35.08,16.63,19.11,5.34,65.78,40.36,50.68,6.11
210,35.01,16.54,19.05,5.33,65.6,40.27,50.56,6.12
211,35.01,16.54,19.05,5.35,65.6,40.27,50.56,6.13
212,35.08,16.56,19.05,5.35,65.6,40.27,50.56,6.14
213,35.15,16.63,19.11,5.36,65.78,40.36,50.8,6.16
214,35.21,16.67,19.19,5.38,65.78,40.52,50.92,6.17
215,35.28,16.65,19.19,5.39,65.97,40.6,50.92,6.2
216,35.28,16.67,19.16,5.4,65.97,40.52,50.92,6.21
217,35.21,16.65,19.16,5.41,65.97,40.44,50.92,6.22
218,35.21,16.65,19.16,5.41,65.78,40.44,50.92,6.21
219,35.08,16.56,19.08,5.41,65.6,40.36,50.68,6.23
220,35.01,16.56,19.05,5.42,65.6,40.27,50.56,6.25
221,35.01,16.51,19.03,5.4,65.41,40.19,50.56,6.23
222,35.01,16.56,19.03,5.41,65.41,40.19,50.56,6.24
223,35.08,16.56,19.05,5.42,65.6,40.27,50.68,6.25
224,35.08,16.51,19.05,5.43,65.6,40.19,50.56,6.26
225,35.08,16.54,19.11,5.42,65.6,40.27,50.68,6.26
226,35.15,16.56,19.11,5.44,65.6,40.36,50.68,6.28
227,35.21,16.56,19.11,5.43,65.78,40.27,50.8,6.28
228,35.21,16.6,19.16,5.45,65.97,40.44,50.92,6.3
229,35.28,16.6,19.19,5.45,65.97,40.27,50.92,6.3
230,35.34,16.63,19.22,5.46,65.97,40.52,51.04,6.33
231,35.34,16.65,19.22,5.47,66.15,40.44,51.16,6.32
232,35.34,16.6,19.22,5.48,65.97,40.52,51.04,6.33
233,35.28,16.58,19.19,5.46,65.97,40.36,50.92,6.33
234,35.34,16.6,19.22,5.47,66.15,40.44,51.04,6.35
235,35.34,16.63,19.25,5.48,66.15,40.44,51.16,6.35
236,35.41,16.67,19.27,5.49,66.15,40.52,51.16,6.37
237,35.48,16.7,19.3,5.49,66.53,40.68,51.4,6.37
238,35.48,16.7,19.3,5.5,66.53,40.68,51.28,6.37
239,35.28,16.6,19.22,5.49,66.15,40.52,51.04,6.38
240,35.15,16.58,19.16,5.49,66.15,40.36,50.92,6.37
241,35.21,16.63,19.16,5.5,65.97,40.44,50.92,6.38
242,35.15,16.6,19.16,5.49,65.97,40.44,50.92,6.38
243,35.15,16.6,19.16,5.5,66.15,40.44,50.92,6.4
244,35.21,16.63,19.16,5.5,66.15,40.44,50.92,6.39
245,35.34,16.72,19.3,5.52,66.34,40.68,51.28,6.42
246,35.34,16.72,19.3,5.53,66.34,40.77,51.28,6.42
247,35.21,16.65,19.16,5.52,65.97,40.52,51.04,6.42
248,35.01,16.58,19.08,5.51,65.78,40.36,50.8,6.42
249,35.01,16.56,19.11,5.51,65.78,40.36,50.8,6.42
250,35.01,16.54,19.08,5.51,65.78,40.36,50.8,6.42
251,35.08,16.56,19.11,5.52,65.78,40.36,51.04,6.42
252,35.01,16.56,19.08,5.51,65.6,40.27,50.68,6.42
253,34.95,16.54,19.05,5.51,65.6,40.27,50.56,6.42
254,35.01,16.56,19.05,5.51,65.78,40.27,50.8,6.43
255,35.15,16.58,19.11,5.52,65.78,40.36,50.8,6.43
256,35.15,16.6,19.11,5.52,65.78,40.52,50.92,6.44
257,35.15,16.63,19.14,5.52,65.97,40.36,50.92,6.44
258,35.08,16.6,19.11,5.52,65.78,40.36,50.92,6.45
259,34.95,16.54,19.03,5.51,65.6,40.27,50.68,6.44
260,34.95,16.51,19.05,5.52,65.6,40.27,50.68,6.45
261,34.95,16.51,19.0,5.51,65.6,40.27,50.68,6.44
262,35.01,16.54,19.05,5.52,65.78,40.36,50.8,6.45
263,35.08,16.65,19.11,5.54,65.78,40.44,50.92,6.47
264,35.08,16.6,19.11,5.52,65.97,40.44,50.92,6.47
265,35.08,16.6,19.11,5.53,65.97,40.52,50.92,6.47
266,35.08,16.6,19.08,5.53,65.78,40.44,50.8,6.47
267,35.01,16.6,19.11,5.53,65.97,40.44,50.92,6.47
268,35.01,16.58,19.08,5.54,65.78,40.44,50.68,6.48
269,35.01,16.56,19.05,5.53,65.6,40.36,50.68,6.47
270,34.88,16.54,19.05,5.53,65.6,40.27,50.68,6.47
271,35.01,16.54,19.05,5.53,65.78,40.27,50.68,6.48
272,35.01,16.54,19.03,5.53,65.6,40.27,50.68,6.48
273,35.01,16.54,19.03,5.54,65.6,40.36,50.68,6.48
274,35.01,16.51,19.03,5.53,65.6,40.36,50.68,6.49
275,35.01,16.54,19.03,5.53,65.6,40.27,50.8,6.48
276,35.08,16.56,19.05,5.53,65.6,40.44,50.68,6.49
277,35.08,16.58,19.11,5.53,65.78,40.36,50.8,6.49
278,35.15,16.6,19.16,5.55,65.97,40.44,50.92,6.49
279,35.15,16.6,19.14,5.55,65.97,40.44,50.92,6.49
280,35.08,16.58,19.11,5.54,65.97,40.36,50.92,6.49
281,35.15,16.56,19.08,5.55,65.78,40.36,50.92,6.5
282,35.01,16.56,19.11,5.55,65.78,40.36,50.8,6.49
283,34.88,16.47,19.0,5.53,65.6,40.19,50.45,6.49
284,34.82,16.42,18.95,5.52,65.23,40.03,50.56,6.48
285,34.69,16.4,18.92,5.52,65.23,40.11,50.33,6.48
286,34.76,16.45,18.95,5.52,65.41,40.11,50.56,6.49
287,34.88,16.49,19.0,5.52,65.41,40.27,50.56,6.49
288,34.95,16.56,19.05,5.53,65.78,40.36,50.92,6.51
289,35.08,16.6,19.14,5.55,65.97,40.52,50.92,6.52
290,35.15,16.63,19.14,5.55,65.97,40.6,51.04,6.52
291,35.21,16.65,19.19,5.57,66.15,40.6,51.16,6.54
292,35.15,16.67,19.19,5.56,66.15,40.68,51.04,6.53
293,35.08,16.65,19.16,5.57,66.15,40.6,51.04,6.54
294,35.08,16.63,19.16,5.57,66.15,40.6,50.92,6.53
295,35.01,16.58,19.11,5.56,65.78,40.44,50.92,6.53
296,34.88,16.51,19.03,5.57,65.6,40.36,50.68,6.52
297,34.82,16.47,18.92,5.55,65.23,40.27,50.56,6.5
298,34.82,16.47,18.95,5.54,65.23,40.19,50.45,6.51
299,34.76,16.47,18.92,5.54,65.23,40.19,50.56,6.52
300,34.82,16.47,18.95,5.54,65.41,40.19,50.56,6.5
301,35.01,16.54,19.0,5.55,65.6,40.27,50.68,6.51
302,35.08,16.56,19.05,5.55,65.78,40.36,50.8,6.53
303,35.08,16.56,19.08,5.55,65.78,40.44,50.92,6.53
304,35.15,16.54,19.08,5.55,65.78,40.44,50.8,6.52
305,35.08,16.54,19.05,5.56,65.78,40.36,50.68,6.53
306,35.01,16.54,19.05,5.55,65.6,40.36,50.68,6.52
307,35.01,16.51,19.05,5.55,65.6,40.27,50.68,6.52
308,35.08,16.54,19.08,5.55,65.6,40.27,50.92,6.52
309,35.08,16.51,19.08,5.55,65.6,40.27,50.8,6.52
310,35.08,16.51,19.03,5.55,65.6,40.19,50.68,6.52
311,35.01,16.51,19.08,5.55,65.78,40.27,50.68,6.52
312,35.08,16.51,19.05,5.55,65.6,40.27,50.92,6.53
313,35.21,16.58,19.14,5.55,65.97,40.36,51.04,6.53
314,35.21,16.58,19.14,5.57,66.15,40.44,51.16,6.53
315,35.34,16.63,19.25,5.58,66.34,40.52,51.16,6.54
316,35.21,16.54,19.16,5.57,66.15,40.36,51.04,6.54
317,35.21,16.56,19.16,5.57,65.97,40.36,51.04,6.53
318,35.21,16.54,19.16,5.56,66.15,40.36,51.04,6.54
319,35.34,16.63,19.22,5.58,66.34,40.44,51.16,6.55
320,35.41,16.65,19.27,5.58,66.53,40.68,51.28,6.55
321,35.34,16.65,19.27,5.58,66.53,40.6,51.28,6.55
322,35.34,16.6,19.25,5.58,66.34,40.44,51.28,6.55
323,35.34,16.63,19.27,5.59,66.34,40.52,51.28,6.56
324,35.34,16.65,19.27,5.59,66.34,40.52,51.16,6.55
325,35.41,16.65,19.27,5.59,66.34,40.6,51.28,6.56
326,35.41,16.63,19.27,5.59,66.34,40.52,51.28,6.55
327,35.34,16.63,19.27,5.59,66.34,40.6,51.28,6.55
328,35.48,16.67,19.3,5.59,66.53,40.6,51.28,6.55
329,35.54,16.7,19.33,5.59,66.53,40.68,51.4,6.56
330,35.54,16.67,19.33,5.6,66.53,40.6,51.4,6.57
331,35.48,16.67,19.33,5.59,66.72,40.68,51.52,6.56
332,35.48,16.67,19.33,5.59,66.53,40.68,51.4,6.56
333,35.48,16.7,19.33,5.6,66.53,40.6,51.4,6.56
334,35.48,16.7,19.33,5.6,66.53,40.6,51.4,6.57
335,35.41,16.67,19.3,5.6,66.53,40.6,51.4,6.56
336,35.41,16.7,19.27,5.6,66.53,40.68,51.4,6.57
337,35.41,16.7,19.27,5.6,66.34,40.6,51.4,6.57
338,35.34,16.67,19.27,5.6,66.34,40.6,51.28,6.57
339,35.34,16.67,19.27,5.61,66.34,40.68,51.28,6.57
340,35.34,16.7,19.27,5.6,66.53,40.6,51.28,6.57
341,35.28,16.7,19.25,5.61,66.34,40.77,51.28,6.58
342,35.28,16.7,19.27,5.62,66.34,40.68,51.16,6.57
343,35.28,16.67,19.22,5.61,66.15,40.68,51.16,6.57
344,35.21,16.65,19.19,5.6,65.97,40.52,51.04,6.56
345,35.21,16.63,19.19,5.59,66.15,40.52,51.04,6.57
346,35.15,16.6,19.14,5.59,66.15,40.44,51.04,6.56
347,35.21,16.65,19.16,5.6,66.15,40.52,51.16,6.57
348,35.28,16.65,19.16,5.59,66.34,40.52,51.04,6.57
349,35.28,16.65,19.19,5.6,66.15,40.52,51.04,6.57
350,35.28,16.63,19.22,5.6,66.15,40.52,51.16,6.57
351,35.41,16.67,19.27,5.61,66.34,40.68,51.4,6.57
352,35.48,16.72,19.27,5.61,66.53,40.68,51.4,6.58
353,35.54,16.72,19.33,5.62,66.72,40.77,51.52,6.59
354,35.54,16.74,19.33,5.62,66.72,40.85,51.64,6.58
355,35.48,16.72,19.36,5.62,66.72,40.77,51.4,6.59
356,35.48,16.67,19.3,5.62,66.53,40.68,51.4,6.57
357,35.41,16.65,19.27,5.6,66.53,40.6,51.28,6.58
358,35.48,16.65,19.27,5.62,66.34,40.6,51.28,6.58
359,35.54,16.67,19.3,5.61,66.53,40.6,51.4,6.58
360,35.48,16.67,19.3,5.61,66.53,40.6,51.28,6.57
361,35.54,16.65,19.3,5.61,66.72,40.68,51.4,6.59
362,35.48,16.6,19.27,5.6,66.53,40.52,51.4,6.58
363,35.41,16.63,19.25,5.6,66.34,40.6,51.4,6.58
364,35.41,16.63,19.27,5.6,66.34,40.52,51.4,6.58
365,35.54,16.65,19.3,5.61,66.53,40.6,51.4,6.59
366,35.41,16.6,19.27,5.59,66.34,40.36,51.28,6.58
367,35.41,16.6,19.25,5.59,66.34,40.52,51.4,6.58
368,35.41,16.6,19.25,5.6,66.34,40.44,51.28,6.59
369,35.41,16.58,19.25,5.59,66.34,40.52,51.28,6.57
370,35.41,16.58,19.25,5.59,66.34,40.44,51.28,6.57
371,35.41,16.58,19.25,5.59,66.53,40.44,51.28,6.58
372,35.34,16.56,19.22,5.59,66.34,40.36,51.16,6.57
373,35.34,16.58,19.22,5.58,66.34,40.44,51.28,6.57
374,35.28,16.58,19.19,5.58,66.34,40.36,51.28,6.57
375,35.34,16.58,19.22,5.58,66.15,40.44,51.28,6.57
376,35.21,16.51,19.19,5.58,66.15,40.27,51.16,6.56
377,35.28,16.56,19.19,5.58,66.15,40.44,51.16,6.57
378,35.28,16.58,19.22,5.59,66.34,40.36,51.16,6.57
379,35.34,16.6,19.25,5.59,66.34,40.44,51.28,6.58
380,35.34,16.58,19.22,5.58,66.34,40.44,51.28,6.57
381,35.34,16.56,19.22,5.58,66.34,40.44,51.28,6.57
382,35.34,16.6,19.25,5.59,66.34,40.52,51.16,6.59
383,35.41,16.63,19.3,5.59,66.53,40.52,51.4,6.58
384,35.48,16.6,19.3,5.59,66.53,40.52,51.4,6.58
385,35.48,16.65,19.3,5.59,66.72,40.6,51.52,6.6
386,35.48,16.63,19.3,5.59,66.53,40.6,51.4,6.59
387,35.41,16.58,19.3,5.59,66.53,40.44,51.28,6.58
388,35.48,16.6,19.27,5.59,66.53,40.44,51.28,6.58
389,35.34,16.54,19.25,5.58,66.34,40.44,51.28,6.58
390,35.21,16.49,19.14,5.57,65.97,40.11,51.04,6.57
391,35.21,16.49,19.14,5.57,65.97,40.27,51.16,6.57
392,35.21,16.49,19.14,5.56,65.97,40.19,50.92,6.57
393,35.21,16.51,19.16,5.57,66.15,40.27,51.16,6.57
394,35.21,16.54,19.16,5.57,66.15,40.36,51.16,6.57
395,35.41,16.6,19.27,5.59,66.53,40.52,51.4,6.59
396,35.34,16.6,19.25,5.58,66.34,40.44,51.4,6.58
397,35.34,16.58,19.25,5.58,66.34,40.44,51.4,6.59
398,35.28,16.58,19.19,5.58,66.15,40.36,51.28,6.58
399,35.28,16.58,19.25,5.59,66.34,40.44,51.4,6.58
400,35.34,16.58,19.25,5.59,66.53,40.52,51.4,6.6
401,35.21,16.58,19.19,5.59,66.34,40.44,51.28,6.58
402,35.28,16.6,19.25,5.6,66.53,40.52,51.4,6.59
403,35.34,16.6,19.27,5.59,66.53,40.52,51.4,6.59
404,35.28,16.6,19.25,5.59,66.34,40.44,51.28,6.59
405,35.21,16.58,19.22,5.59,66.34,40.44,51.16,6.59
406,35.28,16.63,19.22,5.6,66.34,40.52,51.4,6.6
407,35.34,16.63,19.27,5.59,66.34,40.6,51.4,6.6
408,35.28,16.65,19.27,5.61,66.53,40.6,51.28,6.6
409,35.21,16.6,19.22,5.59,66.34,40.6,51.28,6.6
410,35.21,16.58,19.22,5.6,66.34,40.52,51.16,6.6
411,35.28,16.6,19.25,5.6,66.34,40.6,51.28,6.61
412,35.34,16.65,19.27,5.61,66.53,40.68,51.4,6.62
413,35.34,16.65,19.25,5.61,66.53,40.6,51.4,6.61
414,35.28,16.63,19.25,5.6,66.34,40.6,51.28,6.61
415,35.28,16.6,19.22,5.61,66.34,40.6,51.28,6.61
416,35.34,16.63,19.27,5.6,66.53,40.68,51.4,6.61
417,35.41,16.67,19.3,5.62,66.53,40.77,51.52,6.63
418,35.41,16.7,19.33,5.61,66.53,40.77,51.52,6.63
419,35.41,16.72,19.3,5.62,66.53,40.77,51.52,6.63
420,35.34,16.65,19.3,5.62,66.53,40.77,51.4,6.62
421,35.34,16.6,19.25,5.61,66.34,40.52,51.28,6.62
422,35.34,16.63,19.25,5.61,66.34,40.6,51.4,6.63
423,35.34,16.63,19.27,5.61,66.34,40.6,51.4,6.62
424,35.54,16.7,19.33,5.62,66.72,40.77,51.52,6.63
425,35.48,16.72,19.33,5.62,66.34,40.68,51.52,6.63
426,35.48,16.72,19.33,5.62,66.72,40.6,51.64,6.63
427,35.41,16.65,19.27,5.61,66.53,40.77,51.28,6.63
428,35.41,16.67,19.3,5.62,66.53,40.68,51.28,6.63
429,35.41,16.67,19.27,5.62,66.53,40.68,51.4,6.63
430,35.48,16.65,19.3,5.62,66.53,40.68,51.4,6.63
431,35.41,16.65,19.33,5.62,66.53,40.68,51.4,6.62
432,35.34,16.67,19.27,5.62,66.34,40.68,51.4,6.63
433,35.34,16.65,19.27,5.62,66.53,40.6,51.4,6.63
434,35.34,16.63,19.25,5.62,66.34,40.6,51.28,6.63
435,35.28,16.6,19.22,5.61,66.15,40.6,51.28,6.62
436,35.21,16.6,19.19,5.61,66.15,40.6,51.28,6.63
437,35.28,16.58,19.19,5.61,65.97,40.52,51.28,6.63
438,35.21,16.58,19.22,5.6,66.34,40.52,51.28,6.63
439,35.34,16.65,19.25,5.62,66.34,40.52,51.4,6.63
440,35.41,16.63,19.27,5.62,66.53,40.68,51.4,6.64
441,35.41,16.65,19.25,5.62,66.53,40.68,51.4,6.63
442,35.48,16.67,19.3,5.62,66.72,40.77,51.52,6.64
443,35.48,16.67,19.33,5.62,66.53,40.77,51.52,6.64
444,35.54,16.7,19.36,5.62,66.72,40.85,51.52,6.64
445,35.61,16.67,19.36,5.63,66.72,40.77,51.64,6.64
446,35.48,16.65,19.33,5.62,66.72,40.77,51.52,6.64
447,35.54,16.7,19.36,5.62,66.72,40.77,51.64,6.65
448,35.68,16.74,19.41,5.64,66.91,40.85,51.77,6.65
449,35.61,16.7,19.41,5.62,66.91,40.85,51.64,6.64
450,35.54,16.7,19.39,5.62,66.91,40.68,51.64,6.65
451,35.54,16.67,19.36,5.62,66.72,40.68,51.64,6.63
452,35.54,16.65,19.33,5.62,66.72,40.68,51.52,6.64
453,35.41,16.58,19.27,5.61,66.53,40.6,51.4,6.64
454,35.41,16.6,19.27,5.61,66.53,40.6,51.4,6.63
455,35.34,16.6,19.27,5.61,66.53,40.52,51.4,6.65
456,35.41,16.6,19.3,5.62,66.53,40.6,51.4,6.64
457,35.41,16.63,19.3,5.62,66.53,40.6,51.52,6.63
458,35.34,16.6,19.27,5.61,66.34,40.6,51.28,6.64
459,35.34,16.56,19.22,5.6,66.34,40.44,51.28,6.63
460,35.21,16.56,19.16,5.61,66.34,40.44,51.28,6.63
461,35.21,16.56,19.19,5.6,66.15,40.44,51.16,6.63
462,35.41,16.6,19.25,5.6,66.34,40.52,51.4,6.65
463,35.34,16.63,19.27,5.62,66.53,40.68,51.52,6.65
464,35.41,16.65,19.27,5.62,66.72,40.6,51.4,6.65
465,35.41,16.6,19.27,5.61,66.34,40.6,51.28,6.64
466,35.34,16.56,19.25,5.61,66.53,40.52,51.28,6.64
467,35.34,16.54,19.22,5.6,66.34,40.44,51.28,6.64
468,35.41,16.56,19.27,5.61,66.34,40.52,51.4,6.64
469,35.54,16.6,19.33,5.62,66.72,40.68,51.52,6.65
470,35.48,16.58,19.33,5.62,66.53,40.6,51.52,6.65
471,35.41,16.58,19.27,5.61,66.53,40.6,51.4,6.64
472,35.34,16.56,19.25,5.6,66.34,40.44,51.28,6.64
473,35.34,16.54,19.25,5.61,66.34,40.44,51.28,6.64
474,35.34,16.54,19.22,5.6,66.34,40.44,51.4,6.64
475,35.28,16.51,19.22,5.59,66.15,40.44,51.28,6.64
476,35.28,16.51,19.22,5.6,66.15,40.36,51.28,6.63
477,35.34,16.54,19.22,5.59,66.34,40.44,51.28,6.65
478,35.34,16.58,19.25,5.6,66.53,40.44,51.52,6.64
479,35.48,16.6,19.33,5.61,66.53,40.68,51.52,6.65
480,35.41,16.63,19.3,5.61,66.72,40.77,51.64,6.67
481,35.41,16.63,19.3,5.61,66.72,40.68,51.64,6.66
482,35.41,16.63,19.3,5.62,66.72,40.68,51.52,6.67
483,35.34,16.65,19.33,5.62,66.72,40.68,51.52,6.66
484,35.48,16.65,19.36,5.63,66.72,40.77,51.64,6.67
485,35.48,16.7,19.36,5.62,66.72,40.77,51.64,6.67
486,35.41,16.65,19.3,5.62,66.72,40.68,51.52,6.68
487,35.28,16.58,19.25,5.62,66.34,40.6,51.28,6.67
488,35.28,16.58,19.25,5.62,66.34,40.52,51.28,6.66
489,35.21,16.56,19.19,5.62,66.15,40.52,51.28,6.66
490,35.21,16.54,19.19,5.61,66.15,40.52,51.16,6.66
491,35.08,16.51,19.14,5.6,65.97,40.44,51.16,6.65
492,35.01,16.49,19.05,5.59,65.97,40.36,50.92,6.65
493,35.01,16.49,19.05,5.59,65.78,40.36,50.92,6.64
494,35.08,16.54,19.11,5.6,65.97,40.44,51.04,6.65
495,35.15,16.58,19.14,5.61,66.15,40.6,51.16,6.66
496,35.21,16.56,19.16,5.61,66.15,40.44,51.16,6.66
497,35.21,16.58,19.16,5.62,66.34,40.52,51.28,6.67
498,35.15,16.56,19.16,5.61,66.15,40.6,51.28,6.67
499,35.28,16.58,19.19,5.61,66.34,40.6,51.28,6.69
500,35.28,16.58,19.22,5.61,66.34,40.6,51.4,6.68
501,35.34,16.58,19.25,5.62,66.34,40.6,51.4,6.68
502,35.28,16.56,19.22,5.62,66.34,40.52,51.4,6.68
503,35.21,16.54,19.16,5.61,66.34,40.52,51.16,6.68
504,35.15,16.51,19.14,5.61,66.15,40.52,51.16,6.67
505,35.15,16.47,19.14,5.61,66.15,40.44,51.16,6.66
506,35.15,16.47,19.16,5.59,66.15,40.44,51.16,6.66
507,35.21,16.51,19.16,5.6,66.15,40.44,51.28,6.67
508,35.34,16.54,19.22,5.62,66.53,40.36,51.28,6.67
509,35.28,16.54,19.19,5.61,66.53,40.52,51.4,6.68
510,35.28,16.54,19.22,5.61,66.34,40.52,51.28,6.68
511,35.28,16.51,19.25,5.61,66.34,40.52,51.4,6.68
512,35.21,16.54,19.22,5.61,66.34,40.52,51.16,6.68
513,35.21,16.49,19.19,5.61,66.34,40.44,51.28,6.67
514,35.28,16.56,19.22,5.62,66.34,40.6,51.28,6.68
515,35.21,16.51,19.19,5.61,66.15,40.44,51.28,6.69
516,35.21,16.54,19.22,5.61,66.34,40.44,51.28,6.68
517,35.15,16.51,19.16,5.62,66.34,40.52,51.16,6.68
518,35.01,16.45,19.08,5.61,65.97,40.44,50.92,6.68
519,35.01,16.49,19.11,5.6,65.97,40.36,51.04,6.68
520,34.95,16.49,19.11,5.6,65.97,40.44,50.92,6.67
521,34.88,16.47,19.08,5.59,65.78,40.44,50.92,6.69
522,34.88,16.45,19.03,5.6,65.78,40.36,50.8,6.67
523,34.88,16.42,19.0,5.6,65.6,40.27,50.8,6.67
524,34.88,16.42,19.0,5.59,65.41,40.19,50.8,6.67
525,34.88,16.47,19.05,5.59,65.78,40.44,50.92,6.67
526,34.95,16.49,19.05,5.59,65.78,40.44,50.92,6.69
527,34.95,16.49,19.08,5.6,65.78,40.44,51.04,6.68
528,35.01,16.51,19.11,5.6,65.97,40.44,51.04,6.69
529,35.08,16.54,19.14,5.61,65.97,40.6,51.16,6.7
530,35.08,16.56,19.14,5.61,66.15,40.6,51.16,6.71
531,35.08,16.56,19.16,5.61,65.97,40.6,51.04,6.71
532,35.08,16.51,19.11,5.61,65.97,40.52,51.04,6.69
533,35.01,16.47,19.08,5.6,65.78,40.36,50.92,6.7
534,35.01,16.42,19.05,5.6,65.6,40.36,50.92,6.69
535,35.01,16.42,19.05,5.59,65.78,40.36,50.92,6.68
536,35.01,16.42,19.05,5.59,65.78,40.36,50.92,6.7
537,35.01,16.42,19.05,5.59,65.78,40.27,50.8,6.69
538,34.95,16.4,19.05,5.59,65.78,40.27,50.92,6.68
539,34.95,16.36,19.0,5.58,65.6,40.11,50.8,6.68
540,35.08,16.42,19.11,5.59,65.78,40.36,50.92,6.68
541,35.08,16.45,19.11,5.59,65.97,40.36,51.04,6.7
542,35.08,16.47,19.11,5.6,65.97,40.36,50.92,6.7
543,35.08,16.47,19.11,5.61,65.97,40.44,51.04,6.7
544,35.08,16.49,19.11,5.61,65.97,40.44,51.04,6.7
545,35.01,16.45,19.11,5.59,65.97,40.36,51.04,6.69
546,35.08,16.45,19.11,5.59,65.97,40.36,51.04,6.7
547,35.08,16.47,19.08,5.6,65.78,40.44,50.92,6.7
548,35.01,16.45,19.11,5.61,65.97,40.36,51.04,6.71
549,34.95,16.4,19.05,5.59,65.97,40.36,51.04,6.7
550,35.08,16.42,19.11,5.59,65.97,40.44,51.04,6.7
551,35.01,16.42,19.08,5.59,65.97,40.36,50.92,6.71
552,35.01,16.45,19.08,5.6,65.78,40.36,51.04,6.7
553,34.95,16.4,19.05,5.59,65.97,40.36,51.04,6.7
554,34.95,16.4,19.05,5.59,65.78,40.19,50.92,6.7
555,34.82,16.38,18.97,5.59,65.6,40.27,50.8,6.69
556,34.88,16.38,19.0,5.59,65.78,40.19,50.8,6.7
557,34.82,16.36,19.0,5.59,65.6,40.27,50.68,6.7
558,34.82,16.38,18.97,5.59,65.6,40.11,50.68,6.69
559,34.82,16.33,19.0,5.58,65.6,40.19,50.8,6.7
560,35.08,16.42,19.11,5.59,65.97,40.36,51.04,6.71
561,35.08,16.45,19.11,5.59,65.97,40.36,50.92,6.71
562,35.15,16.49,19.14,5.6,65.97,40.44,51.04,6.71
563,35.15,16.47,19.14,5.6,65.97,40.36,51.16,6.72
564,35.08,16.4,19.11,5.59,65.97,40.36,50.92,6.71
565,35.01,16.38,19.08,5.6,65.78,40.27,50.92,6.7
566,35.01,16.38,19.11,5.59,65.78,40.36,50.92,6.71
567,35.01,16.42,19.08,5.59,65.78,40.36,51.04,6.71
568,35.15,16.45,19.14,5.6,66.15,40.44,51.04,6.71
569,35.15,16.45,19.16,5.6,65.97,40.36,51.16,6.71
570,35.08,16.42,19.11,5.6,65.97,40.36,51.04,6.71
571,35.08,16.45,19.11,5.6,65.97,40.36,51.04,6.71
572,35.15,16.42,19.14,5.6,66.15,40.36,51.04,6.72
573,35.21,16.49,19.19,5.61,66.34,40.44,51.16,6.73
574,35.21,16.47,19.19,5.61,66.15,40.44,51.16,6.73
575,35.21,16.47,19.19,5.61,66.34,40.44,51.28,6.72
576,35.21,16.47,19.19,5.61,66.15,40.44,51.28,6.72
577,35.21,16.47,19.19,5.61,66.34,40.44,51.28,6.72
578,35.15,16.42,19.14,5.6,66.15,40.36,51.16,6.72
579,35.01,16.38,19.14,5.6,65.97,40.27,51.04,6.71
580,35.08,16.4,19.11,5.6,66.15,40.27,51.16,6.71
581,35.01,16.38,19.08,5.59,65.97,40.36,51.16,6.72
582,35.01,16.38,19.11,5.59,65.97,40.27,51.04,6.72
583,35.01,16.38,19.08,5.59,65.97,40.27,50.92,6.71
584,35.01,16.38,19.05,5.59,65.97,40.27,51.04,6.71
585,35.15,16.42,19.11,5.6,65.97,40.36,51.16,6.72
586,35.21,16.45,19.16,5.61,66.15,40.44,51.28,6.72
587,35.21,16.42,19.16,5.61,66.34,40.44,51.16,6.72
588,35.08,16.38,19.11,5.6,65.97,40.27,51.04,6.72
589,35.08,16.33,19.11,5.59,65.78,40.36,51.04,6.71
590,35.08,16.36,19.08,5.59,65.97,40.27,50.92,6.72
591,35.08,16.38,19.11,5.6,65.97,40.44,51.04,6.73
592,35.15,16.4,19.16,5.6,65.97,40.36,51.16,6.73
593,35.08,16.4,19.14,5.59,65.97,40.36,51.16,6.73
594,35.15,16.4,19.16,5.6,66.15,40.44,51.16,6.72
595,35.08,16.4,19.14,5.6,66.15,40.36,51.16,6.73
596,35.01,16.38,19.11,5.6,66.15,40.36,51.04,6.72
597,35.01,16.42,19.14,5.61,65.97,40.36,51.04,6.74
598,35.01,16.42,19.14,5.6,65.97,40.44,51.16,6.74
599,35.01,16.4,19.14,5.61,65.97,40.44,51.16,6.74
