0,38.84,18.56,21.5,5.42,72.2,45.27,55.13,6.8
1,38.84,18.56,21.53,5.44,72.2,45.27,55.13,6.8
2,38.91,18.59,21.53,5.42,72.2,45.37,55.13,6.8
3,38.91,18.61,21.57,5.43,72.41,45.37,55.13,6.79
4,38.91,18.61,21.57,5.44,72.2,45.37,55.13,6.8
5,38.99,18.59,21.57,5.43,72.41,45.37,55.26,6.79
6,38.99,18.61,21.6,5.43,72.41,45.37,55.26,6.8
7,39.07,18.61,21.63,5.44,72.2,45.47,55.26,6.8
8,39.07,18.59,21.63,5.44,72.41,45.37,55.13,6.8
9,39.07,18.61,21.6,5.43,72.41,45.37,55.26,6.8
10,39.07,18.61,21.63,5.43,72.41,45.27,55.26,6.8
11,39.07,18.59,21.63,5.44,72.41,45.37,55.26,6.8
12,38.99,18.59,21.63,5.45,72.41,45.37,55.26,6.8
13,39.07,18.59,21.6,5.43,72.41,45.37,55.26,6.8
14,38.99,18.56,21.63,5.43,72.41,45.37,55.26,6.79
15,38.99,18.59,21.63,5.45,72.41,45.37,55.26,6.79
16,39.07,18.61,21.6,5.43,72.41,45.37,55.26,6.79
17,39.07,18.61,21.66,5.44,72.41,45.47,55.4,6.8
18,39.15,18.64,21.63,5.46,72.63,45.37,55.4,6.8
19,39.22,18.66,21.69,5.45,72.63,45.47,55.4,6.8
20,39.15,18.66,21.66,5.44,72.63,45.57,55.54,6.8
21,39.15,18.64,21.69,5.45,72.63,45.47,55.54,6.8
22,39.15,18.66,21.69,5.46,72.85,45.57,55.4,6.8
23,39.15,18.66,21.69,5.45,72.85,45.47,55.54,6.8
24,39.07,18.66,21.69,5.45,72.63,45.57,55.4,6.8
25,39.07,18.61,21.66,5.45,72.85,45.37,55.4,6.8
26,38.99,18.59,21.66,5.46,72.63,45.47,55.4,6.8
27,38.99,18.61,21.66,5.46,72.63,45.37,55.4,6.8
28,38.99,18.64,21.66,5.45,72.63,45.47,55.4,6.8
29,38.99,18.61,21.63,5.46,72.41,45.47,55.26,6.8
30,38.99,18.66,21.63,5.45,72.41,45.47,55.26,6.8
31,38.99,18.66,21.63,5.46,72.41,45.57,55.26,6.8
32,38.99,18.64,21.63,5.46,72.41,45.47,55.26,6.8
33,38.99,18.64,21.63,5.46,72.41,45.37,55.26,6.8
34,38.99,18.64,21.63,5.46,72.41,45.47,55.26,6.8
35,38.99,18.64,21.63,5.46,72.41,45.57,55.26,6.8
36,38.99,18.66,21.6,5.46,72.41,45.47,55.26,6.8
37,38.99,18.61,21.6,5.45,72.41,45.27,55.26,6.8
38,38.99,18.64,21.6,5.46,72.2,45.47,55.26,6.8
39,38.99,18.64,21.6,5.45,72.41,45.37,55.26,6.8
40,38.99,18.61,21.6,5.45,72.2,45.47,55.26,6.8
41,39.07,18.66,21.63,5.46,72.41,45.47,55.4,6.79
42,39.07,18.66,21.63,5.46,72.41,45.47,55.26,6.8
43,39.07,18.66,21.66,5.46,72.41,45.57,55.26,6.8
44,39.15,18.69,21.66,5.46,72.41,45.57,55.54,6.8
45,39.07,18.66,21.66,5.46,72.41,45.57,55.26,6.79
46,39.07,18.66,21.63,5.46,72.41,45.57,55.26,6.8
47,39.15,18.69,21.66,5.46,72.63,45.57,55.13,6.8
48,39.22,18.66,21.69,5.46,72.63,45.57,54.99,6.8
49,39.22,18.64,21.69,5.46,72.63,45.47,55.13,6.8
50,39.22,18.61,21.69,5.46,72.85,45.37,54.72,6.8
51,38.84,18.51,21.47,5.46,71.98,45.27,52.76,6.8
52,36.02,17.89,19.81,5.45,65.05,43.29,42.23,6.78
53,30.92,16.6,17.01,5.42,51.28,38.25,30.69,6.77
54,28.3,15.87,15.73,5.4,44.32,34.84,26.97,6.74
55,27.15,15.53,15.21,5.4,41.53,33.22,25.62,6.74
56,24.4,14.57,13.93,5.35,34.9,28.9,22.84,6.72
57,22.66,13.89,13.13,5.31,31.32,26.1,21.32,6.68
58,21.66,13.45,12.69,5.26,29.43,24.54,20.52,6.64
59,21.12,13.23,12.44,5.25,28.45,23.68,20.11,6.63
60,19.92,12.62,11.86,5.16,26.38,21.69,19.23,6.56
61,19.55,12.41,11.64,5.12,25.75,21.09,18.88,6.54
62,19.25,12.25,11.49,5.09,25.27,20.54,18.61,6.51
63,19.08,12.13,11.41,5.07,25.03,20.27,18.48,6.5
64,18.65,11.92,11.16,5.01,24.33,19.61,18.1,6.45
65,18.47,11.78,11.04,4.99,23.99,19.28,17.94,6.42
66,18.26,11.69,10.94,4.96,23.73,18.98,17.77,6.4
67,18.08,11.55,10.83,4.93,23.45,18.68,17.65,6.37
68,17.81,11.38,10.66,4.87,23.02,18.24,17.38,6.32
69,17.76,11.35,10.64,4.86,22.91,18.14,17.36,6.3
70,17.68,11.29,10.58,4.85,22.81,18.01,17.28,6.28
71,17.58,11.23,10.52,4.8,22.64,17.81,17.19,6.25
72,17.51,11.16,10.47,4.79,22.5,17.64,17.12,6.24
73,17.44,11.11,10.43,4.76,22.43,17.52,17.09,6.2
74,17.37,11.06,10.39,4.74,22.33,17.42,17.0,6.18
75,17.29,11.01,10.34,4.72,22.23,17.27,16.95,6.16
76,17.25,11.0,10.33,4.7,22.13,17.2,16.91,6.14
77,17.22,10.97,10.29,4.7,22.1,17.11,16.86,6.11
78,17.17,10.96,10.27,4.69,22.06,17.08,16.86,6.11
79,17.13,10.93,10.25,4.67,22.0,17.04,16.84,6.09
80,17.13,10.89,10.23,4.65,21.93,16.99,16.79,6.07
81,17.08,10.89,10.21,4.64,21.9,16.92,16.79,6.04
82,17.08,10.87,10.21,4.63,21.9,16.9,16.79,6.05
83,17.03,10.87,10.18,4.63,21.83,16.9,16.74,6.03
84,17.03,10.83,10.18,4.61,21.8,16.8,16.72,6.0
85,16.98,10.83,10.16,4.61,21.77,16.78,16.7,6.0
86,16.98,10.82,10.14,4.61,21.74,16.76,16.68,5.99
87,16.96,10.83,10.14,4.6,21.7,16.73,16.65,5.97
88,16.96,10.82,10.13,4.59,21.67,16.67,16.65,5.96
89,16.96,10.8,10.14,4.58,21.7,16.71,16.65,5.95
90,16.96,10.8,10.13,4.58,21.67,16.69,16.65,5.94
91,16.96,10.8,10.13,4.58,21.67,16.67,16.65,5.93
92,16.94,10.8,10.12,4.58,21.64,16.67,16.65,5.91
93,16.91,10.78,10.1,4.57,21.61,16.62,16.61,5.91
94,16.91,10.78,10.1,4.57,21.54,16.62,16.61,5.91
95,16.89,10.78,10.09,4.57,21.54,16.6,16.58,5.9
96,16.91,10.78,10.09,4.57,21.57,16.6,16.58,5.89
97,16.91,10.79,10.09,4.57,21.57,16.6,16.58,5.88
98,16.91,10.78,10.09,4.57,21.54,16.58,16.61,5.88
99,16.91,10.78,10.09,4.56,21.54,16.58,16.58,5.87
100,16.89,10.78,10.09,4.56,21.54,16.55,16.61,5.87
101,16.91,10.78,10.09,4.57,21.54,16.6,16.58,5.87
102,16.89,10.78,10.09,4.57,21.51,16.55,16.56,5.86
103,16.84,10.75,10.06,4.55,21.48,16.53,16.58,5.84
104,16.87,10.72,10.06,4.56,21.45,16.53,16.54,5.83
105,16.87,10.73,10.06,4.54,21.48,16.48,16.54,5.83
106,16.87,10.73,10.06,4.54,21.48,16.48,16.54,5.83
107,16.89,10.75,10.08,4.54,21.51,16.53,16.56,5.83
108,16.89,10.75,10.08,4.55,21.48,16.51,16.58,5.83
109,16.89,10.75,10.08,4.54,21.48,16.51,16.58,5.83
110,16.89,10.73,10.08,4.54,21.48,16.48,16.61,5.83
111,16.87,10.75,10.08,4.54,21.48,16.48,16.58,5.81
112,16.89,10.75,10.08,4.55,21.45,16.48,16.58,5.82
113,16.89,10.76,10.08,4.55,21.45,16.48,16.56,5.82
114,16.89,10.75,10.08,4.55,21.45,16.48,16.56,5.82
115,16.84,10.75,10.06,4.54,21.45,16.46,16.54,5.81
116,16.84,10.75,10.06,4.54,21.42,16.44,16.54,5.79
117,16.84,10.73,10.06,4.54,21.42,16.44,16.54,5.79
118,16.84,10.76,10.05,4.54,21.42,16.46,16.54,5.8
119,16.84,10.75,10.05,4.55,21.42,16.44,16.54,5.8
120,16.82,10.73,10.04,4.54,21.38,16.44,16.49,5.79
121,16.84,10.72,10.04,4.54,21.38,16.44,16.49,5.79
122,16.84,10.72,10.04,4.54,21.35,16.42,16.49,5.78
123,16.82,10.72,10.04,4.54,21.35,16.42,16.47,5.78
124,16.84,10.72,10.05,4.54,21.38,16.42,16.52,5.77
125,16.84,10.72,10.04,4.54,21.35,16.42,16.52,5.78
126,16.84,10.72,10.05,4.53,21.38,16.42,16.52,5.77
127,16.87,10.73,10.04,4.54,21.35,16.44,16.52,5.77
128,16.87,10.72,10.05,4.54,21.35,16.39,16.52,5.77
129,16.87,10.72,10.05,4.54,21.35,16.39,16.52,5.77
130,16.84,10.72,10.04,4.53,21.32,16.37,16.49,5.76
131,16.84,10.72,10.04,4.54,21.32,16.37,16.52,5.76
132,16.84,10.71,10.03,4.54,21.35,16.37,16.47,5.75
133,16.87,10.72,10.04,4.53,21.32,16.39,16.52,5.75
134,16.84,10.72,10.04,4.53,21.38,16.42,16.56,5.75
135,16.89,10.72,10.06,4.53,21.38,16.39,16.54,5.75
136,16.87,10.73,10.05,4.54,21.38,16.39,16.54,5.76
137,16.87,10.72,10.05,4.54,21.38,16.39,16.54,5.76
138,16.87,10.72,10.06,4.53,21.38,16.39,16.49,5.75
139,16.84,10.73,10.05,4.54,21.35,16.37,16.54,5.75
140,16.87,10.73,10.06,4.54,21.35,16.35,16.52,5.75
141,16.84,10.71,10.06,4.54,21.35,16.37,16.52,5.75
142,16.84,10.72,10.06,4.54,21.38,16.35,16.54,5.75
143,16.84,10.73,10.05,4.54,21.35,16.35,16.54,5.75
144,16.87,10.72,10.06,4.54,21.35,16.37,16.52,5.75
145,16.84,10.72,10.05,4.53,21.35,16.35,16.52,5.74
146,16.82,10.71,10.05,4.53,21.32,16.37,16.49,5.75
147,16.8,10.72,10.03,4.53,21.32,16.35,16.52,5.74
148,16.8,10.72,10.03,4.53,21.35,16.35,16.49,5.75
149,16.82,10.72,10.04,4.53,21.35,16.35,16.58,5.74
150,16.89,10.75,10.05,4.54,21.42,16.37,16.7,5.74
151,17.32,10.87,10.31,4.53,22.06,16.58,17.52,5.75
152,17.81,11.04,10.54,4.53,22.84,16.83,18.22,5.73
153,18.68,11.38,11.0,4.54,24.26,17.3,19.45,5.74
154,19.36,11.6,11.36,4.54,25.35,17.76,20.37,5.75
155,20.45,12.01,11.9,4.57,27.08,18.5,21.77,5.76
156,21.31,12.31,12.36,4.58,28.45,19.11,22.84,5.78
157,21.99,12.59,12.71,4.59,29.58,19.7,23.69,5.79
158,22.63,12.8,13.01,4.61,30.61,20.16,24.44,5.8
159,23.15,13.04,13.27,4.63,31.48,20.6,25.06,5.81
160,24.47,13.51,13.93,4.66,33.7,21.72,26.71,5.83
161,24.86,13.67,14.13,4.67,34.51,22.12,27.33,5.83
162,25.7,14.03,14.53,4.7,35.89,22.93,28.43,5.86
163,26.93,14.51,15.17,4.75,38.24,24.2,30.12,5.89
164,27.69,14.8,15.52,4.76,39.71,24.97,31.12,5.91
165,28.39,15.08,15.88,4.79,41.02,25.81,32.12,5.92
166,29.27,15.43,16.3,4.82,42.84,26.79,33.42,5.95
167,29.47,15.49,16.41,4.83,43.2,27.09,33.66,5.95
168,30.55,15.89,16.96,4.86,45.48,28.47,35.31,6.0
169,30.65,15.94,17.01,4.88,45.68,28.61,35.45,6.0
170,31.3,16.2,17.32,4.91,47.11,29.49,36.53,6.02
171,32.26,16.54,17.81,4.95,49.18,30.73,37.97,6.04
172,32.55,16.65,18.01,4.96,49.98,31.27,38.56,6.06
173,33.14,16.83,18.26,4.99,51.4,32.11,39.57,6.08
174,33.38,16.93,18.39,5.0,52.02,32.57,39.97,6.09
175,33.93,17.09,18.68,5.02,53.28,33.4,40.95,6.12
176,34.06,17.16,18.79,5.04,53.93,33.71,41.28,6.13
177,34.44,17.26,18.95,5.07,54.59,34.27,41.97,6.15
178,34.76,17.38,19.14,5.07,55.69,34.91,42.67,6.16
179,35.01,17.47,19.3,5.09,56.53,35.5,43.21,6.18
180,35.34,17.57,19.47,5.12,57.54,36.04,43.95,6.2
181,35.48,17.62,19.52,5.11,57.99,36.38,44.23,6.2
182,35.81,17.74,19.69,5.14,58.89,37.01,44.9,6.23
183,35.88,17.77,19.81,5.15,59.2,37.3,45.2,6.23
184,36.15,17.87,19.92,5.17,60.13,37.8,45.79,6.25
185,36.29,17.92,20.01,5.18,60.94,38.32,46.4,6.27
186,36.43,17.94,20.13,5.2,61.42,38.7,46.7,6.29
187,36.5,17.99,20.16,5.21,61.76,38.85,46.91,6.3
188,36.71,18.02,20.24,5.21,62.26,39.32,47.33,6.3
189,36.71,18.07,20.27,5.23,62.42,39.48,47.44,6.31
190,36.85,18.07,20.33,5.23,62.76,39.63,47.65,6.32
191,36.92,18.12,20.39,5.24,63.28,39.95,48.08,6.34
192,37.06,18.14,20.45,5.25,63.63,40.27,48.3,6.36
193,37.13,18.12,20.48,5.26,63.8,40.36,48.41,6.36
194,37.13,18.14,20.51,5.26,64.15,40.52,48.62,6.37
195,37.2,18.17,20.54,5.26,64.15,40.68,48.74,6.37
196,37.27,18.2,20.57,5.28,64.51,40.85,48.85,6.39
197,37.27,18.2,20.63,5.28,64.69,40.93,49.18,6.4
198,37.42,18.22,20.66,5.29,65.05,41.18,49.3,6.4
199,37.49,18.22,20.69,5.29,65.23,41.27,49.52,6.41
200,37.56,18.25,20.72,5.29,65.41,41.44,49.64,6.42
201,37.64,18.27,20.78,5.31,65.78,41.69,49.75,6.42
202,37.64,18.3,20.78,5.31,65.78,41.69,49.87,6.43
203,37.71,18.3,20.84,5.32,65.97,41.78,49.98,6.43
204,37.78,18.32,20.91,5.33,66.34,41.95,50.33,6.46
205,37.78,18.35,20.91,5.33,66.53,42.04,50.45,6.46
206,37.86,18.35,20.94,5.35,66.72,42.13,50.56,6.47
207,37.78,18.38,20.97,5.35,66.72,42.22,50.68,6.47
208,37.86,18.35,20.97,5.35,66.91,42.22,50.68,6.49
209,37.86,18.38,21.0,5.36,67.1,42.39,50.8,6.5
210,37.86,18.38,21.0,5.35,67.1,42.39,50.92,6.5
211,37.86,18.4,21.0,5.36,67.29,42.57,50.92,6.5
212,37.86,18.4,21.0,5.36,67.29,42.57,51.04,6.5
213,37.93,18.4,21.03,5.37,67.29,42.57,51.16,6.51
214,38.01,18.4,21.03,5.37,67.48,42.66,51.16,6.52
215,38.01,18.45,21.09,5.38,67.67,42.84,51.28,6.54
216,38.08,18.51,21.12,5.38,67.87,42.92,51.4,6.54
217,38.08,18.45,21.12,5.39,67.87,42.92,51.4,6.54
218,38.08,18.45,21.09,5.39,67.87,43.02,51.4,6.54
219,38.08,18.48,21.12,5.39,67.87,43.02,51.52,6.55
220,38.08,18.43,21.12,5.4,68.06,43.02,51.52,6.55
221,38.08,18.48,21.15,5.39,68.26,43.11,51.64,6.55
222,38.16,18.45,21.15,5.4,68.26,43.02,51.64,6.57
223,38.16,18.48,21.15,5.39,68.26,43.11,51.64,6.57
224,38.16,18.45,21.15,5.39,68.26,43.11,51.64,6.57
225,38.16,18.45,21.12,5.39,68.26,43.11,51.64,6.57
226,38.23,18.48,21.15,5.4,68.46,43.2,51.89,6.58
227,38.23,18.51,21.15,5.41,68.66,43.2,51.89,6.59
228,38.23,18.48,21.18,5.4,68.46,43.29,51.89,6.58
229,38.3,18.45,21.18,5.4,68.46,43.29,51.89,6.57
230,38.3,18.51,21.18,5.42,68.66,43.29,52.14,6.58
231,38.3,18.51,21.18,5.4,68.66,43.29,52.14,6.59
232,38.3,18.48,21.22,5.41,68.66,43.38,52.14,6.6
233,38.3,18.45,21.22,5.41,68.66,43.38,52.14,6.59
234,38.3,18.45,21.18,5.41,68.66,43.38,52.14,6.6
235,38.3,18.45,21.18,5.41,68.86,43.38,52.14,6.6
236,38.3,18.45,21.18,5.41,68.66,43.38,52.14,6.59
237,38.38,18.43,21.22,5.4,68.86,43.47,52.26,6.6
238,38.38,18.45,21.25,5.42,68.86,43.38,52.26,6.61
239,38.46,18.51,21.28,5.42,69.06,43.56,52.51,6.62
240,38.53,18.51,21.28,5.42,69.06,43.47,52.51,6.61
241,38.53,18.51,21.31,5.42,69.26,43.56,52.64,6.62
242,38.61,18.53,21.34,5.42,69.46,43.66,52.64,6.63
243,38.53,18.51,21.34,5.42,69.46,43.75,52.64,6.62
244,38.61,18.51,21.37,5.42,69.46,43.75,52.76,6.63
245,38.61,18.53,21.31,5.42,69.46,43.75,52.76,6.63
246,38.61,18.51,21.37,5.42,69.46,43.66,52.64,6.63
247,38.53,18.51,21.34,5.42,69.46,43.75,52.64,6.63
248,38.61,18.51,21.34,5.42,69.67,43.66,52.76,6.62
249,38.68,18.48,21.37,5.42,69.67,43.75,52.89,6.63
250,38.68,18.51,21.41,5.43,69.67,43.75,53.02,6.63
251,38.68,18.51,21.41,5.42,69.87,43.84,52.89,6.63
252,38.76,18.53,21.47,5.42,69.87,43.93,53.02,6.63
253,38.76,18.56,21.44,5.42,70.08,43.75,53.14,6.64
254,38.84,18.56,21.44,5.42,69.87,43.84,53.14,6.64
255,38.68,18.53,21.41,5.42,69.87,43.93,53.02,6.64
256,38.68,18.51,21.41,5.42,69.87,43.84,53.14,6.64
257,38.61,18.51,21.41,5.42,69.67,43.84,53.02,6.63
258,38.61,18.51,21.41,5.42,69.87,43.93,53.02,6.63
259,38.61,18.51,21.37,5.42,69.87,43.93,53.02,6.65
260,38.53,18.53,21.34,5.42,69.87,43.75,53.02,6.64
261,38.46,18.45,21.34,5.42,69.67,43.93,53.02,6.63
262,38.46,18.45,21.31,5.42,69.87,43.84,52.89,6.64
263,38.38,18.43,21.28,5.42,69.67,43.84,52.89,6.63
264,38.38,18.45,21.28,5.41,69.67,43.84,52.89,6.64
265,38.38,18.45,21.28,5.42,69.67,43.93,52.89,6.63
266,38.38,18.45,21.25,5.42,69.67,43.84,53.02,6.64
267,38.46,18.48,21.28,5.42,69.67,43.84,52.89,6.64
268,38.38,18.51,21.31,5.42,69.67,43.93,52.89,6.65
269,38.38,18.48,21.28,5.42,69.87,43.93,53.02,6.64
270,38.38,18.48,21.28,5.42,69.67,43.93,53.02,6.64
271,38.38,18.45,21.25,5.41,69.67,43.93,52.89,6.64
272,38.38,18.45,21.25,5.42,69.46,43.93,53.02,6.65
273,38.38,18.45,21.28,5.41,69.67,43.93,52.89,6.65
274,38.46,18.45,21.28,5.41,69.67,43.93,53.02,6.64
275,38.46,18.45,21.28,5.41,69.87,44.03,53.02,6.64
276,38.53,18.48,21.31,5.41,69.87,44.03,53.02,6.65
277,38.53,18.51,21.31,5.42,69.87,44.03,53.14,6.64
278,38.53,18.51,21.34,5.42,69.87,43.93,53.27,6.64
279,38.53,18.45,21.34,5.42,69.87,44.12,53.27,6.65
280,38.61,18.48,21.34,5.42,70.08,44.03,53.27,6.67
281,38.61,18.51,21.37,5.42,70.08,44.12,53.4,6.66
282,38.61,18.51,21.34,5.42,70.28,44.22,53.53,6.67
283,38.68,18.56,21.41,5.42,70.28,44.22,53.53,6.66
284,38.68,18.53,21.41,5.42,70.28,44.22,53.53,6.66
285,38.68,18.51,21.44,5.42,70.49,44.22,53.53,6.66
286,38.76,18.53,21.47,5.43,70.49,44.12,53.66,6.67
287,38.76,18.53,21.47,5.43,70.49,44.31,53.66,6.66
288,38.76,18.56,21.47,5.42,70.49,44.31,53.66,6.68
289,38.68,18.56,21.47,5.42,70.7,44.31,53.79,6.67
290,38.76,18.56,21.44,5.42,70.49,44.31,53.66,6.68
291,38.68,18.56,21.44,5.42,70.7,44.31,53.66,6.67
292,38.68,18.53,21.44,5.43,70.49,44.31,53.66,6.67
293,38.68,18.56,21.44,5.43,70.49,44.31,53.66,6.68
294,38.61,18.56,21.44,5.43,70.7,44.31,53.66,6.68
295,38.68,18.56,21.47,5.43,70.7,44.31,53.66,6.68
296,38.68,18.56,21.47,5.43,70.49,44.41,53.66,6.68
297,38.61,18.53,21.41,5.43,70.49,44.31,53.66,6.68
298,38.61,18.56,21.41,5.44,70.49,44.31,53.66,6.68
299,38.61,18.53,21.41,5.42,70.49,44.31,53.66,6.68
300,38.61,18.53,21.44,5.44,70.49,44.31,53.53,6.68
301,38.61,18.56,21.41,5.42,70.49,44.31,53.66,6.68
302,38.53,18.53,21.41,5.43,70.49,44.41,53.66,6.68
303,38.53,18.56,21.41,5.43,70.49,44.41,53.66,6.69
304,38.53,18.59,21.41,5.45,70.49,44.41,53.53,6.68
305,38.53,18.56,21.41,5.44,70.7,44.5,53.66,6.7
306,38.61,18.59,21.41,5.45,70.49,44.6,53.66,6.71
307,38.61,18.59,21.41,5.44,70.49,44.6,53.66,6.69
308,38.53,18.56,21.41,5.44,70.49,44.5,53.66,6.69
309,38.53,18.53,21.41,5.45,70.49,44.41,53.66,6.69
310,38.61,18.56,21.44,5.44,70.7,44.5,53.66,6.7
311,38.61,18.56,21.41,5.44,70.7,44.6,53.79,6.7
312,38.68,18.59,21.41,5.46,70.7,44.6,53.79,6.7
313,38.68,18.61,21.47,5.44,70.7,44.6,53.79,6.7
314,38.68,18.59,21.44,5.45,70.7,44.6,53.79,6.71
315,38.68,18.59,21.44,5.44,70.7,44.6,53.79,6.7
316,38.61,18.53,21.41,5.43,70.7,44.6,53.66,6.69
317,38.61,18.51,21.41,5.44,70.49,44.5,53.66,6.69
318,38.61,18.51,21.41,5.44,70.49,44.5,53.79,6.7
319,38.61,18.53,21.41,5.44,70.49,44.5,53.79,6.7
320,38.61,18.56,21.41,5.43,70.49,44.5,53.66,6.7
321,38.68,18.56,21.41,5.44,70.49,44.5,53.79,6.7
322,38.68,18.53,21.41,5.44,70.7,44.5,53.79,6.7
323,38.61,18.53,21.37,5.44,70.49,44.5,53.66,6.7
324,38.61,18.53,21.37,5.43,70.49,44.5,53.79,6.71
325,38.61,18.56,21.41,5.44,70.49,44.5,53.79,6.7
326,38.61,18.51,21.37,5.44,70.7,44.6,53.79,6.7
327,38.68,18.56,21.37,5.43,70.7,44.6,53.92,6.7
328,38.68,18.51,21.37,5.44,70.7,44.5,53.79,6.7
329,38.68,18.56,21.41,5.43,70.7,44.6,53.79,6.7
330,38.61,18.53,21.41,5.43,70.7,44.6,53.92,6.7
331,38.68,18.48,21.41,5.43,70.7,44.41,53.92,6.71
332,38.68,18.48,21.41,5.43,70.7,44.5,53.92,6.71
333,38.68,18.51,21.41,5.42,70.7,44.5,53.92,6.7
334,38.68,18.53,21.41,5.42,70.7,44.6,53.92,6.71
335,38.61,18.48,21.41,5.44,70.91,44.6,53.92,6.7
336,38.68,18.48,21.41,5.42,70.7,44.6,53.92,6.7
337,38.68,18.48,21.41,5.44,70.7,44.6,54.05,6.71
338,38.84,18.56,21.47,5.43,71.12,44.69,54.32,6.71
339,38.84,18.59,21.47,5.43,71.12,44.69,54.19,6.71
340,38.84,18.56,21.5,5.44,71.33,44.69,54.19,6.71
341,38.91,18.59,21.53,5.43,71.12,44.69,54.32,6.71
342,38.76,18.59,21.5,5.43,71.12,44.69,54.32,6.72
343,38.76,18.53,21.47,5.45,71.12,44.6,54.05,6.71
344,38.76,18.53,21.47,5.43,71.12,44.6,54.19,6.71
345,38.68,18.53,21.44,5.42,70.91,44.5,54.05,6.71
346,38.76,18.51,21.44,5.43,71.12,44.6,54.05,6.71
347,38.76,18.48,21.44,5.43,71.12,44.69,54.05,6.71
348,38.76,18.51,21.44,5.44,71.12,44.6,54.19,6.71
349,38.76,18.51,21.47,5.43,71.12,44.69,54.19,6.71
350,38.76,18.48,21.47,5.44,71.12,44.6,54.19,6.71
351,38.76,18.51,21.47,5.43,71.12,44.6,54.19,6.71
352,38.68,18.51,21.47,5.42,71.12,44.6,54.19,6.71
353,38.84,18.53,21.47,5.44,71.12,44.69,54.19,6.71
354,38.84,18.56,21.47,5.42,71.12,44.5,54.19,6.72
355,38.84,18.53,21.5,5.44,71.33,44.79,54.32,6.71
356,38.84,18.53,21.53,5.43,71.12,44.69,54.32,6.71
357,38.91,18.53,21.53,5.43,71.33,44.69,54.32,6.71
358,38.76,18.53,21.5,5.43,71.33,44.69,54.45,6.72
359,38.84,18.56,21.53,5.44,71.33,44.69,54.45,6.71
360,38.91,18.56,21.57,5.44,71.33,44.79,54.45,6.71
361,38.84,18.59,21.53,5.43,71.55,44.79,54.45,6.72
362,38.91,18.59,21.57,5.44,71.33,44.88,54.45,6.72
363,38.91,18.59,21.57,5.44,71.55,44.79,54.45,6.73
364,38.91,18.59,21.53,5.46,71.55,44.88,54.59,6.73
365,38.84,18.59,21.53,5.44,71.55,44.79,54.45,6.72
366,38.84,18.56,21.5,5.44,71.33,44.79,54.32,6.73
367,38.76,18.51,21.5,5.44,71.33,44.69,54.32,6.71
368,38.76,18.53,21.5,5.43,71.33,44.69,54.32,6.72
369,38.76,18.51,21.47,5.43,71.33,44.69,54.32,6.72
370,38.76,18.53,21.44,5.44,71.33,44.79,54.32,6.71
371,38.76,18.53,21.5,5.43,71.33,44.79,54.45,6.71
372,38.76,18.53,21.47,5.44,71.33,44.79,54.45,6.72
373,38.84,18.56,21.5,5.44,71.33,44.79,54.45,6.72
374,38.84,18.59,21.53,5.44,71.55,44.88,54.59,6.73
375,38.84,18.56,21.53,5.44,71.33,44.88,54.59,6.72
376,38.84,18.59,21.53,5.44,71.55,44.98,54.59,6.73
377,38.91,18.59,21.53,5.44,71.76,44.88,54.59,6.72
378,38.84,18.59,21.57,5.45,71.55,44.98,54.59,6.72
379,38.91,18.59,21.6,5.45,71.55,44.98,54.59,6.73
380,38.91,18.61,21.6,5.45,71.55,44.98,54.72,6.73
381,38.91,18.64,21.57,5.44,71.55,44.98,54.59,6.73
382,38.91,18.59,21.6,5.46,71.55,45.08,54.59,6.74
383,38.99,18.64,21.6,5.45,71.76,45.08,54.59,6.74
384,38.99,18.61,21.6,5.46,71.76,45.08,54.72,6.74
385,38.99,18.64,21.6,5.45,71.76,45.08,54.72,6.74
386,38.91,18.66,21.6,5.45,71.76,44.98,54.72,6.74
387,38.99,18.61,21.6,5.46,71.76,45.08,54.85,6.75
388,38.99,18.64,21.6,5.46,71.76,45.08,54.72,6.75
389,38.91,18.64,21.6,5.46,71.76,45.08,54.72,6.75
390,38.84,18.59,21.53,5.46,71.55,44.98,54.72,6.74
391,38.84,18.61,21.57,5.46,71.55,45.08,54.59,6.75
392,38.84,18.61,21.57,5.46,71.55,45.08,54.45,6.75
393,38.84,18.64,21.57,5.46,71.55,44.98,54.59,6.75
394,38.84,18.61,21.53,5.45,71.55,45.08,54.59,6.74
395,38.84,18.59,21.53,5.46,71.55,45.08,54.59,6.73
396,38.84,18.64,21.53,5.46,71.55,45.08,54.72,6.75
397,38.91,18.66,21.57,5.46,71.55,45.08,54.59,6.75
398,38.91,18.61,21.57,5.46,71.55,45.08,54.59,6.74
399,38.99,18.64,21.57,5.46,71.55,45.18,54.72,6.75
400,38.99,18.61,21.6,5.46,71.76,45.18,54.72,6.75
401,39.07,18.61,21.6,5.46,71.55,44.98,54.72,6.74
402,39.07,18.61,21.6,5.46,71.76,45.08,54.72,6.75
403,39.07,18.61,21.63,5.45,71.76,45.08,54.85,6.75
404,39.15,18.64,21.63,5.45,71.76,45.18,54.85,6.74
405,39.22,18.61,21.66,5.46,72.2,45.18,54.99,6.75
406,39.22,18.66,21.66,5.46,71.98,45.18,54.99,6.75
407,39.3,18.69,21.69,5.46,72.2,45.27,55.13,6.75
408,39.3,18.66,21.73,5.46,72.2,45.18,55.13,6.75
409,39.22,18.66,21.76,5.46,72.41,45.27,55.13,6.76
410,39.3,18.69,21.73,5.46,72.2,45.27,55.13,6.75
411,39.38,18.69,21.79,5.46,72.41,45.27,55.13,6.76
412,39.3,18.69,21.76,5.46,72.2,45.27,55.13,6.76
413,39.22,18.66,21.73,5.46,72.2,45.37,55.13,6.75
414,39.22,18.66,21.73,5.46,72.2,45.37,55.26,6.77
415,39.15,18.66,21.73,5.47,72.2,45.37,55.13,6.77
416,39.15,18.66,21.73,5.47,72.41,45.37,55.13,6.76
417,39.07,18.69,21.69,5.46,72.2,45.27,54.99,6.75
418,39.07,18.69,21.69,5.46,72.2,45.27,54.99,6.75
419,38.99,18.66,21.69,5.46,71.98,45.37,55.13,6.77
420,39.07,18.66,21.66,5.47,72.2,45.37,54.99,6.75
421,38.99,18.66,21.69,5.46,72.2,45.27,55.13,6.76
422,39.07,18.66,21.69,5.46,71.98,45.37,54.99,6.76
423,38.99,18.66,21.63,5.46,71.98,45.37,54.85,6.76
424,38.99,18.66,21.63,5.46,71.98,45.37,54.85,6.76
425,38.99,18.66,21.63,5.46,71.98,45.27,54.99,6.77
426,38.84,18.66,21.6,5.46,71.98,45.27,54.85,6.76
427,38.91,18.64,21.57,5.46,71.76,45.18,54.72,6.75
428,38.84,18.64,21.57,5.46,71.76,45.27,54.85,6.75
429,38.99,18.66,21.6,5.46,71.98,45.37,54.99,6.76
430,38.99,18.66,21.6,5.46,71.76,45.37,54.85,6.77
431,38.99,18.69,21.63,5.47,71.98,45.37,54.99,6.77
432,38.99,18.66,21.63,5.46,71.98,45.27,54.85,6.76
433,38.99,18.64,21.63,5.46,71.98,45.27,54.99,6.76
434,39.07,18.66,21.63,5.46,71.98,45.27,54.85,6.76
435,38.99,18.64,21.6,5.46,71.98,45.27,54.85,6.76
436,39.07,18.64,21.6,5.46,71.76,45.18,54.99,6.76
437,38.99,18.64,21.6,5.46,71.76,45.18,54.85,6.75
438,38.99,18.64,21.6,5.45,71.76,45.27,54.85,6.76
439,38.99,18.61,21.57,5.45,71.76,45.27,54.85,6.75
440,39.07,18.64,21.6,5.46,71.76,45.27,54.85,6.75
441,38.99,18.64,21.6,5.45,71.76,45.27,54.85,6.75
442,38.91,18.61,21.6,5.45,71.76,45.27,54.85,6.75
443,38.99,18.64,21.6,5.46,71.76,45.27,54.85,6.76
444,38.91,18.61,21.6,5.45,71.76,45.08,54.85,6.75
445,38.99,18.61,21.57,5.45,71.76,45.18,54.85,6.74
446,38.99,18.59,21.6,5.46,71.98,45.18,54.72,6.75
447,38.99,18.59,21.6,5.44,71.76,45.18,54.85,6.75
448,39.07,18.64,21.63,5.45,71.98,45.18,54.99,6.75
449,39.07,18.61,21.63,5.45,71.98,45.18,54.99,6.75
450,39.07,18.64,21.6,5.46,71.98,45.27,54.99,6.75
451,38.99,18.61,21.63,5.46,72.2,45.27,54.99,6.76
452,38.99,18.61,21.6,5.46,71.98,45.18,55.13,6.75
453,38.91,18.59,21.57,5.44,71.98,45.27,54.99,6.74
454,38.84,18.59,21.53,5.44,71.98,45.18,54.85,6.75
455,38.84,18.53,21.53,5.43,71.98,45.08,54.72,6.75
456,38.91,18.53,21.53,5.44,71.76,45.08,54.85,6.74
457,38.84,18.53,21.5,5.42,71.76,45.08,54.72,6.73
458,38.91,18.51,21.5,5.42,71.76,44.98,54.72,6.73
459,38.91,18.53,21.53,5.42,71.76,45.08,54.72,6.73
460,38.99,18.56,21.53,5.42,71.98,45.08,54.85,6.73
461,38.99,18.56,21.57,5.43,71.76,45.18,54.85,6.73
462,39.07,18.59,21.6,5.43,71.98,45.08,54.99,6.73
463,39.07,18.59,21.6,5.43,71.98,45.08,54.85,6.73
464,39.15,18.59,21.6,5.43,72.2,45.18,54.99,6.73
465,39.15,18.59,21.6,5.43,71.98,45.18,54.99,6.74
466,39.07,18.61,21.63,5.43,71.98,45.18,54.99,6.74
467,39.15,18.61,21.63,5.44,72.2,45.18,55.13,6.74
468,39.07,18.59,21.63,5.44,71.98,45.27,54.99,6.74
469,38.99,18.56,21.6,5.44,71.98,45.08,54.99,6.74
470,38.99,18.59,21.57,5.43,71.98,45.18,54.99,6.73
471,38.99,18.56,21.57,5.42,71.98,45.08,54.99,6.74
472,38.91,18.56,21.57,5.42,71.98,45.08,54.99,6.74
473,38.91,18.56,21.57,5.42,71.98,45.08,54.99,6.73
474,38.91,18.59,21.53,5.42,71.98,45.08,54.99,6.73
475,38.84,18.53,21.57,5.42,71.98,45.08,54.99,6.73
476,38.84,18.59,21.53,5.43,71.98,45.18,54.85,6.73
477,38.91,18.59,21.53,5.43,71.98,45.08,54.99,6.73
478,38.84,18.56,21.57,5.43,71.98,45.08,54.99,6.73
479,38.84,18.59,21.53,5.42,71.98,45.18,54.85,6.73
480,38.84,18.56,21.5,5.43,71.98,45.08,54.85,6.74
481,38.91,18.56,21.53,5.43,71.98,45.18,54.85,6.73
482,38.91,18.59,21.57,5.42,71.98,45.27,54.99,6.74
483,38.84,18.61,21.53,5.43,71.98,45.18,54.99,6.74
484,38.91,18.59,21.53,5.42,71.76,45.18,54.85,6.74
485,38.84,18.56,21.53,5.42,71.76,45.08,54.85,6.73
486,38.99,18.56,21.53,5.42,71.98,45.18,54.85,6.74
487,38.91,18.56,21.57,5.43,71.76,45.18,54.72,6.72
488,38.91,18.59,21.53,5.42,71.76,45.08,54.85,6.73
489,38.91,18.53,21.53,5.42,71.76,45.18,54.85,6.73
490,38.84,18.56,21.5,5.42,71.76,45.08,54.99,6.73
491,38.91,18.53,21.5,5.42,71.76,45.08,54.72,6.73
492,38.91,18.53,21.5,5.42,71.98,45.08,54.85,6.72
493,38.84,18.53,21.47,5.42,71.76,45.08,54.85,6.72
494,38.84,18.53,21.5,5.42,71.76,45.08,54.85,6.73
495,38.84,18.56,21.5,5.42,71.98,45.08,54.85,6.72
496,38.76,18.53,21.47,5.43,71.76,44.98,54.72,6.74
497,38.68,18.53,21.44,5.42,71.55,44.98,54.72,6.72
498,38.68,18.53,21.47,5.42,71.55,45.08,54.72,6.73
499,38.76,18.53,21.44,5.42,71.55,45.08,54.72,6.72
500,38.76,18.51,21.44,5.42,71.76,45.08,54.72,6.72
501,38.76,18.51,21.47,5.42,71.76,45.18,54.72,6.74
502,38.76,18.53,21.5,5.42,71.76,45.08,54.72,6.72
503,38.76,18.59,21.47,5.42,71.76,45.18,54.99,6.74
504,38.84,18.56,21.5,5.42,71.76,45.08,54.85,6.73
505,38.84,18.56,21.5,5.43,71.98,45.08,54.85,6.73
506,38.84,18.59,21.53,5.42,71.98,45.18,54.99,6.73
507,38.84,18.53,21.5,5.42,71.98,45.08,54.85,6.73
508,38.91,18.53,21.53,5.42,71.98,45.18,54.85,6.74
509,38.91,18.56,21.53,5.42,71.98,45.18,54.99,6.73
510,38.99,18.56,21.57,5.42,72.2,45.18,55.13,6.75
511,38.99,18.61,21.57,5.44,71.98,45.08,55.13,6.73
512,39.07,18.59,21.6,5.44,71.98,45.18,55.13,6.73
513,38.99,18.56,21.6,5.42,71.98,45.27,55.13,6.74
514,38.99,18.56,21.6,5.43,72.2,45.18,55.13,6.73
515,38.99,18.61,21.6,5.42,72.2,45.27,54.99,6.73
516,39.07,18.59,21.63,5.43,72.2,45.18,55.13,6.75
517,39.07,18.59,21.6,5.43,72.2,45.18,55.13,6.73
518,39.15,18.61,21.63,5.43,71.98,45.27,55.13,6.75
519,39.07,18.59,21.66,5.43,72.2,45.18,55.13,6.73
520,39.07,18.61,21.63,5.44,72.2,45.27,55.13,6.74
521,39.07,18.61,21.66,5.43,72.2,45.27,55.13,6.73
522,39.07,18.59,21.63,5.43,72.41,45.27,55.13,6.73
523,39.07,18.59,21.63,5.44,72.2,45.27,55.13,6.73
524,38.99,18.59,21.63,5.43,72.41,45.18,55.26,6.74
525,38.91,18.59,21.63,5.42,72.2,45.37,55.13,6.74
526,39.07,18.64,21.63,5.43,72.2,45.27,55.26,6.74
527,39.07,18.64,21.66,5.44,72.41,45.37,55.26,6.75
528,38.99,18.64,21.63,5.44,72.2,45.37,55.26,6.75
529,38.91,18.64,21.63,5.45,72.41,45.37,55.13,6.74
530,38.91,18.61,21.6,5.44,72.2,45.27,55.13,6.75
531,38.91,18.61,21.6,5.45,72.2,45.37,55.13,6.75
532,38.84,18.59,21.57,5.44,71.98,45.37,54.99,6.75
533,38.91,18.64,21.57,5.44,71.98,45.37,54.99,6.75
534,38.84,18.61,21.57,5.45,71.98,45.37,54.99,6.75
535,38.84,18.61,21.53,5.43,72.2,45.27,55.13,6.75
536,38.91,18.61,21.53,5.44,72.2,45.37,54.99,6.75
537,38.91,18.59,21.53,5.45,72.2,45.27,54.99,6.75
538,38.99,18.61,21.57,5.44,72.2,45.37,55.13,6.76
539,38.99,18.61,21.57,5.43,72.2,45.37,54.99,6.75
540,38.99,18.59,21.57,5.44,71.98,45.37,55.13,6.75
541,38.99,18.59,21.57,5.44,72.2,45.27,55.13,6.75
542,39.07,18.61,21.6,5.44,72.2,45.37,55.13,6.76
543,39.07,18.61,21.63,5.46,72.2,45.37,55.13,6.75
544,39.07,18.64,21.63,5.44,72.2,45.37,55.13,6.74
545,39.07,18.61,21.63,5.44,72.2,45.37,55.13,6.75
546,39.07,18.61,21.6,5.46,72.41,45.37,55.26,6.75
547,39.07,18.61,21.63,5.45,72.2,45.37,55.26,6.75
548,39.07,18.64,21.63,5.44,72.2,45.37,55.13,6.75
549,39.07,18.64,21.63,5.45,72.41,45.37,55.4,6.76
550,39.07,18.61,21.63,5.44,72.2,45.37,55.26,6.75
551,38.99,18.64,21.63,5.44,72.2,45.47,55.26,6.75
552,39.07,18.61,21.63,5.45,72.2,45.27,55.13,6.76
553,39.15,18.64,21.63,5.45,72.41,45.47,54.99,6.75
554,39.07,18.64,21.66,5.45,72.41,45.47,55.26,6.76
555,39.07,18.66,21.66,5.45,72.41,45.47,55.26,6.75
556,39.07,18.64,21.66,5.45,72.2,45.47,55.26,6.76
557,38.99,18.64,21.63,5.45,72.2,45.47,55.13,6.75
558,39.07,18.64,21.66,5.45,72.41,45.27,55.26,6.77
559,38.99,18.61,21.6,5.44,72.2,45.47,55.13,6.74
560,38.99,18.59,21.6,5.45,72.2,45.27,55.13,6.75
561,38.99,18.61,21.6,5.44,72.2,45.27,55.13,6.76
562,38.99,18.64,21.6,5.45,72.2,45.47,55.13,6.76
563,38.99,18.64,21.63,5.45,72.41,45.47,55.13,6.76
564,38.91,18.66,21.63,5.46,72.41,45.47,55.26,6.75
565,38.91,18.66,21.6,5.45,72.2,45.47,55.26,6.76
566,38.99,18.69,21.63,5.46,72.2,45.37,55.13,6.76
567,38.99,18.66,21.6,5.46,72.41,45.47,55.26,6.78
568,38.99,18.66,21.66,5.46,72.2,45.47,55.26,6.77
569,38.99,18.66,21.63,5.46,72.2,45.47,55.26,6.77
570,38.91,18.66,21.6,5.46,72.2,45.57,55.13,6.77
571,38.91,18.64,21.57,5.46,72.2,45.47,55.13,6.76
572,38.84,18.64,21.53,5.46,71.98,45.37,55.13,6.76
573,38.84,18.61,21.53,5.46,72.2,45.37,54.99,6.76
574,38.84,18.61,21.53,5.46,71.98,45.47,54.99,6.76
575,38.91,18.66,21.57,5.45,71.98,45.47,55.13,6.75
576,38.91,18.61,21.57,5.46,71.98,45.47,54.99,6.75
577,38.84,18.61,21.53,5.46,71.98,45.57,55.13,6.75
578,38.84,18.64,21.53,5.45,71.98,45.37,54.99,6.76
579,38.91,18.64,21.53,5.46,71.98,45.37,54.99,6.75
580,38.84,18.64,21.53,5.46,71.98,45.47,54.99,6.76
581,38.84,18.64,21.53,5.46,71.98,45.37,54.99,6.76
582,38.84,18.61,21.53,5.46,71.98,45.37,54.99,6.75
583,38.84,18.61,21.53,5.45,71.98,45.47,54.99,6.75
584,38.84,18.61,21.53,5.46,71.98,45.47,54.99,6.77
585,38.84,18.61,21.53,5.46,71.98,45.27,54.99,6.76
586,38.84,18.61,21.53,5.46,71.98,45.37,54.99,6.76
587,38.84,18.61,21.5,5.46,71.98,45.37,54.99,6.75
588,38.91,18.66,21.53,5.46,71.98,45.47,54.99,6.76
589,38.91,18.66,21.53,5.46,72.2,45.47,55.13,6.76
590,38.84,18.66,21.57,5.46,71.98,45.47,54.99,6.76
591,38.91,18.66,21.6,5.46,72.2,45.57,55.13,6.77
592,38.91,18.66,21.6,5.46,72.2,45.57,55.26,6.78
593,38.91,18.66,21.57,5.46,72.2,45.67,55.13,6.77
594,38.91,18.64,21.57,5.46,71.98,45.47,55.13,6.76
595,38.84,18.64,21.57,5.46,71.98,45.47,55.13,6.77
596,38.84,18.61,21.53,5.46,71.98,45.47,54.99,6.76
597,38.76,18.61,21.5,5.46,71.98,45.37,54.99,6.77
598,38.76,18.59,21.5,5.46,71.98,45.37,54.85,6.77
