0,40.34,20.19,22.8,8.14,74.43,44.5,60.59,8.31
1,40.34,20.16,22.8,8.15,74.2,44.41,60.59,8.32
2,40.34,20.19,22.83,8.15,74.43,44.41,60.59,8.31
3,40.42,20.19,22.8,8.15,74.2,44.5,60.59,8.31
4,40.42,20.22,22.8,8.14,74.43,44.5,60.59,8.31
5,40.42,20.16,22.83,8.14,74.43,44.5,60.59,8.31
6,40.42,20.19,22.83,8.15,74.43,44.6,60.75,8.31
7,40.42,20.19,22.83,8.16,74.66,44.5,60.59,8.32
8,40.42,20.22,22.83,8.15,74.43,44.6,60.59,8.3
9,40.42,20.22,22.83,8.16,74.43,44.5,60.59,8.31
10,40.42,20.22,22.83,8.16,74.43,44.5,60.75,8.31
11,40.34,20.22,22.8,8.15,74.66,44.5,60.75,8.32
12,40.5,20.22,22.83,8.15,74.66,44.6,60.59,8.32
13,40.34,20.22,22.83,8.16,74.43,44.5,60.75,8.32
14,40.42,20.22,22.83,8.16,74.43,44.6,60.59,8.32
15,40.42,20.22,22.83,8.16,74.43,44.5,60.59,8.32
16,40.42,20.22,22.8,8.15,74.2,44.6,60.59,8.32
17,40.34,20.22,22.8,8.17,74.2,44.5,60.59,8.31
18,40.34,20.16,22.83,8.16,74.43,44.5,60.43,8.31
19,40.34,20.19,22.8,8.15,74.43,44.5,60.59,8.3
20,40.34,20.19,22.76,8.15,74.43,44.5,60.59,8.32
21,40.34,20.19,22.76,8.15,74.43,44.6,60.59,8.31
22,40.34,20.22,22.8,8.16,74.43,44.5,60.43,8.32
23,40.26,20.22,22.8,8.16,74.43,44.6,60.59,8.32
24,40.26,20.19,22.76,8.15,74.43,44.5,60.59,8.32
25,40.26,20.22,22.73,8.15,74.43,44.6,60.59,8.32
26,40.26,20.19,22.76,8.16,74.2,44.5,60.43,8.31
27,40.26,20.19,22.76,8.16,74.2,44.5,60.43,8.31
28,40.26,20.19,22.76,8.15,74.2,44.6,60.43,8.32
29,40.34,20.22,22.73,8.17,74.2,44.5,60.43,8.32
30,40.26,20.19,22.76,8.17,74.2,44.6,60.43,8.32
31,40.26,20.22,22.76,8.16,74.43,44.5,60.59,8.32
32,40.34,20.19,22.76,8.15,74.2,44.5,60.59,8.31
33,40.34,20.19,22.76,8.16,74.2,44.6,60.43,8.31
34,40.34,20.22,22.76,8.16,74.2,44.5,60.59,8.31
35,40.34,20.22,22.76,8.15,74.2,44.5,60.43,8.32
36,40.34,20.19,22.76,8.16,74.2,44.6,60.59,8.32
37,40.34,20.22,22.76,8.15,74.43,44.5,60.43,8.32
38,40.26,20.19,22.76,8.15,74.2,44.5,60.43,8.32
39,40.34,20.16,22.76,8.15,74.2,44.5,60.43,8.31
40,40.26,20.14,22.76,8.16,74.2,44.41,60.43,8.31
41,40.26,20.16,22.73,8.16,74.2,44.41,60.43,8.31
42,40.26,20.16,22.73,8.15,74.2,44.5,60.43,8.3
43,40.26,20.19,22.76,8.16,74.2,44.41,60.43,8.31
44,40.26,20.19,22.76,8.14,74.2,44.41,60.43,8.31
45,40.26,20.16,22.73,8.15,74.2,44.5,60.43,8.31
46,40.26,20.16,22.73,8.15,74.43,44.41,60.43,8.31
47,40.34,20.16,22.8,8.14,74.2,44.5,60.59,8.31
48,40.5,20.16,22.83,8.15,74.43,44.5,60.59,8.31
49,40.84,20.19,22.9,8.14,74.66,44.5,60.59,8.3
50,40.84,20.16,22.94,8.14,74.89,44.41,60.59,8.31
51,40.92,20.19,22.97,8.14,74.89,44.6,60.59,8.31
52,40.84,20.16,22.8,8.11,74.43,44.41,59.02,8.26
53,38.76,19.88,20.84,7.84,69.26,43.29,50.1,8.02
54,36.99,19.56,19.64,7.45,64.15,41.95,46.29,7.7
55,35.88,19.34,19.08,7.08,61.42,40.77,44.81,7.43
56,35.41,19.2,18.84,6.84,60.45,40.19,44.14,7.24
57,34.95,19.09,18.6,6.51,59.35,39.4,43.86,7.0
58,34.37,18.9,18.36,6.0,58.44,38.55,43.21,6.61
59,34.12,18.82,18.26,5.73,58.14,38.25,43.12,6.41
60,33.93,18.72,18.16,5.38,57.54,37.73,42.85,6.14
61,33.75,18.66,18.08,5.18,57.25,37.51,42.67,5.96
62,33.62,18.64,18.03,4.99,57.11,37.37,42.58,5.8
63,33.56,18.59,17.98,4.74,56.96,37.15,42.41,5.58
64,33.44,18.59,17.91,4.51,56.67,37.08,42.23,5.37
65,33.32,18.56,17.88,4.42,56.53,36.94,42.14,5.27
66,33.32,18.51,17.88,4.38,56.53,36.87,42.06,5.22
67,33.2,18.48,17.78,4.2,56.11,36.73,41.97,5.01
68,33.26,18.48,17.78,4.16,56.11,36.73,41.97,4.98
69,33.14,18.45,17.73,4.04,55.97,36.59,41.8,4.85
70,33.14,18.45,17.71,4.02,55.97,36.66,41.8,4.81
71,33.14,18.43,17.71,3.93,55.83,36.52,41.71,4.7
72,33.02,18.45,17.68,3.91,55.97,36.52,41.71,4.66
73,33.08,18.45,17.66,3.85,55.83,36.52,41.62,4.58
74,33.02,18.43,17.66,3.81,55.69,36.52,41.62,4.54
75,33.02,18.43,17.63,3.79,55.55,36.45,41.54,4.5
76,33.02,18.4,17.63,3.74,55.55,36.38,41.45,4.42
77,33.02,18.4,17.58,3.72,55.41,36.45,41.54,4.38
78,33.02,18.4,17.61,3.71,55.41,36.38,41.54,4.36
79,33.02,18.4,17.56,3.69,55.41,36.45,41.45,4.32
80,32.96,18.4,17.58,3.67,55.27,36.38,41.54,4.28
81,32.96,18.4,17.56,3.66,55.41,36.38,41.45,4.27
82,32.96,18.43,17.56,3.65,55.27,36.38,41.45,4.25
83,32.96,18.4,17.54,3.63,55.27,36.38,41.45,4.22
84,32.78,18.38,17.51,3.62,55.14,36.24,41.37,4.19
85,32.84,18.38,17.51,3.61,55.0,36.17,41.37,4.17
86,32.84,18.32,17.46,3.6,55.0,36.17,41.2,4.16
87,32.78,18.32,17.46,3.6,55.0,36.1,41.2,4.14
88,32.72,18.35,17.44,3.58,54.86,36.17,41.2,4.1
89,32.72,18.32,17.44,3.58,54.86,36.17,41.2,4.11
90,32.72,18.35,17.41,3.57,54.86,36.17,41.2,4.09
91,32.72,18.35,17.41,3.57,55.0,36.24,41.2,4.08
92,32.72,18.35,17.41,3.57,54.86,36.17,41.2,4.07
93,32.78,18.32,17.41,3.56,54.86,36.1,41.12,4.06
94,32.78,18.35,17.41,3.56,54.86,36.17,41.2,4.05
95,32.78,18.32,17.44,3.56,54.86,36.1,41.12,4.03
96,32.78,18.32,17.41,3.54,54.86,36.17,41.12,4.03
97,32.78,18.32,17.41,3.54,54.73,36.17,41.2,4.01
98,32.78,18.35,17.41,3.55,54.73,36.1,41.12,4.01
99,32.78,18.32,17.41,3.54,54.86,36.1,41.12,4.0
100,32.78,18.38,17.41,3.53,54.86,36.17,41.2,3.99
101,32.78,18.35,17.41,3.54,54.73,36.1,41.12,3.99
102,32.78,18.32,17.41,3.53,54.86,36.17,41.2,3.98
103,32.72,18.32,17.41,3.53,54.86,36.1,41.12,3.98
104,32.78,18.32,17.41,3.53,54.73,36.1,41.2,3.98
105,32.72,18.32,17.41,3.54,54.86,36.1,41.2,3.97
106,32.78,18.35,17.39,3.52,54.86,36.1,41.2,3.97
107,32.78,18.35,17.44,3.52,54.86,36.17,41.2,3.96
108,32.78,18.38,17.41,3.53,55.0,36.17,41.2,3.96
109,32.84,18.4,17.44,3.54,54.86,36.17,41.2,3.95
110,32.78,18.38,17.44,3.53,55.0,36.17,41.2,3.95
111,32.84,18.38,17.44,3.52,54.86,36.17,41.2,3.95
112,32.84,18.35,17.44,3.52,54.86,36.1,41.2,3.95
113,32.84,18.35,17.41,3.52,54.86,36.17,41.2,3.94
114,32.84,18.35,17.41,3.52,54.86,36.17,41.2,3.94
115,32.84,18.35,17.41,3.51,54.86,36.17,41.2,3.94
116,32.78,18.38,17.41,3.51,54.86,36.17,41.2,3.94
117,32.78,18.38,17.44,3.52,54.86,36.17,41.2,3.94
118,32.84,18.35,17.41,3.52,54.86,36.1,41.2,3.93
119,32.84,18.38,17.44,3.52,54.86,36.17,41.2,3.93
120,32.84,18.38,17.44,3.52,55.0,36.17,41.28,3.93
121,32.84,18.38,17.44,3.51,54.86,36.24,41.2,3.93
122,32.84,18.35,17.44,3.51,55.0,36.17,41.28,3.93
123,32.84,18.38,17.44,3.52,55.0,36.24,41.2,3.93
124,32.84,18.4,17.44,3.51,55.0,36.17,41.2,3.92
125,32.84,18.38,17.46,3.52,54.86,36.17,41.28,3.92
126,32.84,18.35,17.46,3.52,54.86,36.1,41.2,3.92
127,32.84,18.35,17.44,3.51,55.0,36.17,41.28,3.92
128,32.84,18.35,17.41,3.51,54.86,36.17,41.2,3.91
129,32.84,18.38,17.41,3.51,54.86,36.1,41.2,3.92
130,32.84,18.35,17.41,3.51,54.86,36.04,41.2,3.92
131,32.78,18.32,17.41,3.51,54.86,36.04,41.12,3.92
132,32.78,18.32,17.41,3.51,54.86,35.97,41.12,3.92
133,32.84,18.35,17.41,3.51,54.73,36.04,41.2,3.9
134,32.84,18.35,17.44,3.51,54.86,36.1,41.2,3.9
135,32.84,18.35,17.41,3.5,54.86,36.1,41.2,3.9
136,32.78,18.35,17.39,3.51,54.73,36.1,41.12,3.91
137,32.78,18.35,17.41,3.5,54.73,36.17,41.12,3.9
138,32.78,18.32,17.37,3.5,54.73,36.1,41.12,3.91
139,32.78,18.32,17.41,3.5,54.73,36.1,41.12,3.9
140,32.78,18.32,17.39,3.5,54.73,36.1,41.12,3.9
141,32.78,18.32,17.41,3.5,54.86,36.1,41.12,3.9
142,32.78,18.32,17.39,3.5,54.73,36.04,41.12,3.9
143,32.78,18.32,17.39,3.51,54.73,36.1,41.12,3.89
144,32.78,18.32,17.41,3.5,54.86,36.04,41.12,3.89
145,32.84,18.35,17.41,3.5,54.73,36.1,41.28,3.9
146,32.84,18.35,17.41,3.5,54.86,36.04,41.2,3.89
147,32.84,18.35,17.41,3.5,54.73,36.1,41.2,3.89
148,32.78,18.35,17.39,3.5,54.73,36.1,41.2,3.89
149,32.78,18.32,17.39,3.5,54.73,36.1,41.12,3.89
150,32.72,18.32,17.39,3.5,54.73,36.04,41.2,3.89
151,32.78,18.35,17.41,3.5,54.86,36.04,41.37,3.89
152,32.84,18.35,17.49,3.51,55.14,36.04,41.8,3.9
153,33.08,18.4,17.63,3.52,55.69,36.1,42.5,3.9
154,33.38,18.45,17.88,3.56,56.67,36.38,43.58,3.94
155,33.81,18.53,18.13,3.6,57.54,36.59,44.52,3.98
156,33.93,18.53,18.24,3.61,57.84,36.73,44.9,3.99
157,34.5,18.66,18.63,3.7,59.2,37.22,46.29,4.06
158,34.82,18.77,18.87,3.76,59.98,37.51,47.12,4.11
159,35.28,18.85,19.08,3.83,60.94,37.88,47.86,4.17
160,35.61,18.96,19.33,3.92,61.76,38.32,48.62,4.24
161,35.88,19.04,19.52,3.99,62.42,38.55,49.18,4.28
162,36.15,19.12,19.69,4.06,62.93,38.93,49.87,4.34
163,36.5,19.2,19.92,4.16,63.8,39.24,50.56,4.42
164,36.78,19.28,20.16,4.28,64.51,39.55,51.16,4.51
165,36.92,19.28,20.18,4.31,64.69,39.79,51.4,4.54
166,37.35,19.39,20.45,4.46,65.6,40.19,52.38,4.66
167,37.42,19.48,20.6,4.55,65.97,40.44,52.76,4.72
168,37.71,19.54,20.75,4.69,66.72,40.85,53.4,4.83
169,37.78,19.54,20.81,4.71,66.72,40.93,53.4,4.86
170,38.01,19.65,21.0,4.88,67.48,41.27,54.19,5.0
171,38.08,19.68,21.06,4.92,67.67,41.27,54.32,5.02
172,38.23,19.7,21.15,5.04,68.06,41.61,54.72,5.11
173,38.46,19.76,21.31,5.2,68.66,41.87,55.13,5.24
174,38.53,19.82,21.37,5.28,68.86,41.95,55.4,5.29
175,38.61,19.79,21.41,5.33,69.06,42.13,55.67,5.34
176,38.76,19.85,21.5,5.41,69.26,42.22,55.81,5.4
177,38.91,19.9,21.6,5.52,69.87,42.39,56.09,5.5
178,39.07,19.93,21.73,5.65,70.08,42.57,56.52,5.6
179,39.15,19.93,21.79,5.74,70.49,42.66,56.8,5.67
180,39.22,19.93,21.86,5.81,70.49,42.84,56.8,5.73
181,39.3,19.96,21.86,5.84,70.7,42.92,56.95,5.77
182,39.38,19.93,21.92,5.95,70.91,43.02,57.23,5.86
183,39.46,19.93,21.99,6.04,71.12,43.11,57.53,5.94
184,39.46,19.96,22.02,6.13,71.12,43.02,57.67,6.01
185,39.46,19.96,22.05,6.2,71.33,43.11,57.67,6.06
186,39.54,19.96,22.05,6.23,71.33,43.2,57.67,6.09
187,39.54,19.99,22.09,6.33,71.55,43.29,57.82,6.18
188,39.62,19.99,22.12,6.4,71.76,43.29,57.97,6.26
189,39.62,19.99,22.19,6.43,71.76,43.38,58.12,6.29
190,39.62,20.02,22.22,6.54,71.98,43.38,58.12,6.38
191,39.62,20.02,22.22,6.54,71.98,43.38,58.27,6.38
192,39.62,20.02,22.22,6.62,71.98,43.47,58.27,6.46
193,39.7,20.02,22.25,6.7,72.2,43.56,58.42,6.53
194,39.7,20.05,22.25,6.69,72.2,43.56,58.42,6.54
195,39.7,20.05,22.29,6.78,71.98,43.56,58.57,6.6
196,39.7,20.05,22.32,6.82,72.41,43.66,58.72,6.67
197,39.78,20.08,22.32,6.85,72.41,43.66,58.57,6.7
198,39.78,20.05,22.32,6.91,72.41,43.66,58.57,6.74
199,39.78,20.05,22.32,6.96,72.41,43.66,58.57,6.8
200,39.7,19.99,22.29,6.99,72.41,43.66,58.72,6.83
201,39.78,19.99,22.32,7.02,72.41,43.56,58.72,6.87
202,39.78,19.99,22.32,7.07,72.2,43.66,58.72,6.92
203,39.78,20.02,22.32,7.07,72.41,43.66,58.72,6.93
204,39.7,19.99,22.32,7.1,72.41,43.75,58.72,6.96
205,39.78,20.02,22.32,7.13,72.41,43.75,58.72,7.0
206,39.78,20.05,22.32,7.15,72.41,43.75,58.72,7.03
207,39.78,20.02,22.35,7.2,72.41,43.75,58.72,7.06
208,39.78,20.08,22.35,7.23,72.41,43.66,59.02,7.11
209,39.78,20.05,22.35,7.25,72.63,43.75,59.02,7.13
210,39.78,20.05,22.35,7.27,72.63,43.93,59.02,7.16
211,39.78,20.05,22.39,7.29,72.63,43.84,58.87,7.17
212,39.78,20.05,22.39,7.32,72.63,43.93,59.02,7.21
213,39.78,20.05,22.39,7.34,72.85,43.93,59.02,7.25
214,39.78,20.08,22.39,7.39,72.85,43.84,59.18,7.27
215,39.7,20.08,22.39,7.39,72.63,43.84,59.02,7.31
216,39.78,20.08,22.35,7.4,72.63,43.84,59.02,7.31
217,39.78,20.05,22.39,7.43,72.85,43.93,59.18,7.34
218,39.78,20.08,22.39,7.43,72.63,43.84,59.18,7.37
219,39.78,20.05,22.39,7.46,72.85,43.84,59.18,7.38
220,39.86,20.08,22.39,7.49,72.85,43.93,59.18,7.4
221,39.86,20.08,22.42,7.5,72.85,43.93,59.18,7.43
222,39.86,20.08,22.42,7.51,72.85,44.03,59.18,7.45
223,39.86,20.08,22.42,7.52,73.08,44.03,59.33,7.46
224,39.86,20.08,22.42,7.53,72.85,43.93,59.18,7.47
225,39.86,20.05,22.39,7.55,72.85,43.93,59.18,7.5
226,39.86,20.05,22.42,7.55,72.85,43.84,59.18,7.5
227,39.78,19.99,22.39,7.56,72.85,43.84,59.18,7.52
228,39.78,20.02,22.35,7.56,72.63,43.84,59.02,7.54
229,39.78,19.99,22.35,7.59,72.63,43.84,59.18,7.55
230,39.78,19.99,22.39,7.59,72.85,43.75,59.18,7.57
231,39.86,19.99,22.39,7.6,72.85,43.84,59.02,7.59
232,39.86,20.02,22.39,7.61,72.85,43.84,59.18,7.59
233,39.86,20.02,22.39,7.62,72.85,43.93,59.33,7.62
234,39.86,20.05,22.42,7.62,72.85,43.93,59.33,7.64
235,39.86,20.02,22.42,7.65,73.08,43.93,59.33,7.65
236,39.94,20.05,22.46,7.65,73.08,43.93,59.33,7.66
237,39.94,20.05,22.46,7.67,73.08,43.93,59.33,7.67
238,40.02,20.02,22.49,7.66,73.08,43.93,59.33,7.68
239,40.02,20.05,22.49,7.67,73.08,43.93,59.33,7.7
240,40.02,20.05,22.49,7.67,73.3,44.03,59.49,7.7
241,40.02,20.08,22.52,7.69,73.3,43.93,59.49,7.73
242,40.02,20.08,22.52,7.71,73.3,44.03,59.64,7.74
243,40.02,20.08,22.52,7.7,73.3,44.12,59.49,7.74
244,40.02,20.11,22.56,7.73,73.3,44.12,59.64,7.75
245,40.02,20.11,22.56,7.72,73.3,44.12,59.49,7.76
246,40.02,20.11,22.56,7.74,73.3,44.12,59.64,7.77
247,40.1,20.11,22.59,7.73,73.52,44.12,59.64,7.79
248,40.18,20.14,22.59,7.75,73.52,44.12,59.8,7.8
249,40.18,20.14,22.59,7.75,73.52,44.31,59.64,7.8
250,40.18,20.14,22.59,7.75,73.52,44.22,59.95,7.82
251,40.1,20.14,22.59,7.77,73.52,44.31,59.95,7.84
252,40.18,20.16,22.63,7.77,73.52,44.31,59.8,7.84
253,40.18,20.16,22.63,7.78,73.75,44.22,59.95,7.85
254,40.1,20.16,22.59,7.79,73.52,44.22,59.8,7.86
255,40.18,20.16,22.63,7.79,73.75,44.22,59.95,7.86
256,40.18,20.16,22.63,7.81,73.75,44.22,59.8,7.86
257,40.18,20.16,22.63,7.8,73.75,44.31,59.95,7.87
258,40.1,20.16,22.63,7.81,73.75,44.22,59.8,7.89
259,40.1,20.14,22.63,7.82,73.75,44.22,59.8,7.89
260,40.18,20.16,22.63,7.83,73.52,44.31,59.8,7.89
261,40.1,20.14,22.63,7.82,73.75,44.12,59.8,7.9
262,40.1,20.14,22.59,7.83,73.52,44.31,59.8,7.91
263,40.1,20.14,22.59,7.82,73.52,44.22,59.64,7.91
264,40.1,20.16,22.59,7.83,73.52,44.22,59.8,7.92
265,40.1,20.16,22.59,7.83,73.75,44.22,59.8,7.94
266,40.1,20.16,22.59,7.85,73.52,44.22,59.8,7.93
267,40.1,20.14,22.63,7.84,73.75,44.31,59.8,7.94
268,40.18,20.16,22.63,7.85,73.75,44.31,59.95,7.94
269,40.18,20.16,22.66,7.87,73.75,44.31,59.95,7.95
270,40.18,20.19,22.66,7.86,73.97,44.31,59.95,7.95
271,40.26,20.19,22.66,7.86,73.75,44.31,59.95,7.96
272,40.26,20.19,22.7,7.88,73.75,44.41,60.11,7.99
273,40.34,20.22,22.73,7.87,73.97,44.41,59.95,8.0
274,40.34,20.22,22.7,7.89,73.75,44.5,60.11,7.99
275,40.34,20.22,22.73,7.88,73.97,44.5,60.27,7.99
276,40.34,20.22,22.73,7.89,73.97,44.5,60.11,8.0
277,40.34,20.22,22.73,7.9,73.97,44.5,60.27,8.01
278,40.34,20.22,22.73,7.9,74.2,44.5,60.11,8.02
279,40.34,20.22,22.73,7.91,73.97,44.6,60.11,8.01
280,40.26,20.22,22.73,7.91,73.97,44.5,60.27,8.02
281,40.26,20.22,22.7,7.91,73.97,44.6,60.11,8.04
282,40.26,20.25,22.73,7.91,74.2,44.5,60.27,8.03
283,40.18,20.25,22.73,7.92,73.97,44.5,60.11,8.04
284,40.18,20.25,22.73,7.92,73.97,44.6,60.11,8.04
285,40.18,20.25,22.7,7.92,73.97,44.5,59.95,8.04
286,40.18,20.28,22.66,7.92,73.97,44.5,60.11,8.04
287,40.18,20.25,22.66,7.94,73.75,44.5,60.11,8.05
288,40.1,20.25,22.63,7.93,73.75,44.6,59.95,8.05
289,40.18,20.22,22.66,7.93,73.75,44.5,59.95,8.06
290,40.1,20.22,22.66,7.93,73.75,44.5,60.11,8.06
291,40.1,20.25,22.63,7.93,73.75,44.5,60.11,8.06
292,40.1,20.25,22.63,7.94,73.75,44.5,59.95,8.06
293,40.1,20.22,22.66,7.93,73.75,44.5,59.95,8.07
294,40.1,20.22,22.66,7.94,73.75,44.5,59.95,8.07
295,40.18,20.25,22.66,7.94,73.97,44.6,60.27,8.06
296,40.18,20.22,22.66,7.94,73.97,44.5,59.95,8.08
297,40.18,20.22,22.66,7.94,73.75,44.5,59.95,8.08
298,40.18,20.25,22.63,7.94,73.75,44.5,59.95,8.08
299,40.18,20.25,22.66,7.95,73.75,44.5,60.11,8.08
300,40.18,20.22,22.66,7.95,73.75,44.5,60.11,8.09
301,40.18,20.25,22.66,7.95,73.97,44.5,60.11,8.09
302,40.26,20.25,22.66,7.95,73.75,44.5,60.11,8.08
303,40.26,20.25,22.7,7.95,73.97,44.6,60.11,8.1
304,40.26,20.28,22.7,7.97,73.97,44.6,60.11,8.1
305,40.26,20.25,22.7,7.96,73.97,44.69,60.11,8.1
306,40.26,20.25,22.73,7.97,73.75,44.6,60.11,8.1
307,40.26,20.25,22.66,7.96,73.97,44.6,60.11,8.1
308,40.26,20.25,22.66,7.97,73.97,44.6,60.11,8.11
309,40.26,20.22,22.66,7.97,73.75,44.6,60.11,8.1
310,40.18,20.25,22.66,7.96,73.97,44.6,59.95,8.1
311,40.18,20.22,22.66,7.97,73.75,44.5,59.95,8.11
312,40.26,20.22,22.66,7.97,73.75,44.5,59.95,8.1
313,40.26,20.22,22.63,7.97,73.75,44.5,59.95,8.1
314,40.18,20.22,22.66,7.96,73.52,44.5,59.95,8.11
315,40.1,20.22,22.66,7.96,73.75,44.5,59.95,8.1
316,40.18,20.22,22.66,7.96,73.75,44.5,60.11,8.11
317,40.18,20.22,22.63,7.96,73.75,44.5,59.95,8.11
318,40.1,20.19,22.63,7.96,73.75,44.41,59.95,8.11
319,40.1,20.19,22.59,7.96,73.52,44.41,59.95,8.1
320,40.1,20.19,22.59,7.96,73.75,44.41,59.95,8.11
321,40.1,20.16,22.56,7.96,73.75,44.41,59.8,8.1
322,40.1,20.19,22.59,7.96,73.75,44.31,59.95,8.11
323,40.1,20.16,22.59,7.96,73.75,44.41,59.95,8.11
324,40.1,20.16,22.56,7.95,73.3,44.22,59.95,8.12
325,40.1,20.14,22.56,7.95,73.52,44.31,59.8,8.12
326,40.02,20.14,22.56,7.94,73.52,44.31,59.95,8.1
327,40.1,20.16,22.59,7.95,73.52,44.41,59.95,8.1
328,40.1,20.16,22.56,7.95,73.52,44.22,59.95,8.11
329,40.1,20.16,22.56,7.95,73.52,44.41,59.95,8.11
330,40.1,20.16,22.59,7.95,73.75,44.41,59.95,8.11
331,40.1,20.16,22.59,7.95,73.52,44.22,59.95,8.13
332,40.1,20.14,22.59,7.95,73.75,44.31,59.95,8.11
333,40.18,20.19,22.59,7.95,73.52,44.41,59.95,8.12
334,40.18,20.16,22.63,7.96,73.75,44.31,60.11,8.11
335,40.18,20.16,22.63,7.95,73.52,44.31,59.95,8.13
336,40.26,20.16,22.63,7.95,73.75,44.31,59.95,8.12
337,40.26,20.16,22.66,7.95,73.75,44.41,59.95,8.12
338,40.26,20.16,22.63,7.95,73.75,44.41,59.95,8.12
339,40.26,20.14,22.63,7.95,73.75,44.41,59.95,8.12
340,40.18,20.19,22.66,7.95,73.75,44.31,59.95,8.12
341,40.18,20.16,22.66,7.96,73.97,44.41,59.95,8.12
342,40.18,20.19,22.66,7.96,73.75,44.41,60.11,8.13
343,40.18,20.19,22.7,7.97,73.75,44.5,59.95,8.13
344,40.18,20.19,22.66,7.97,73.97,44.41,60.11,8.13
345,40.26,20.22,22.7,7.98,73.97,44.41,60.11,8.13
346,40.18,20.19,22.66,7.97,73.97,44.31,59.95,8.13
347,40.18,20.19,22.66,7.98,73.97,44.31,59.95,8.13
348,40.18,20.19,22.66,7.97,73.97,44.5,60.11,8.13
349,40.18,20.22,22.66,7.98,73.75,44.41,60.11,8.14
350,40.18,20.22,22.7,7.98,73.97,44.5,59.95,8.15
351,40.18,20.22,22.66,7.98,73.75,44.5,60.11,8.15
352,40.18,20.19,22.66,7.98,73.75,44.41,59.95,8.15
353,40.18,20.19,22.63,7.97,73.75,44.41,59.95,8.14
354,40.1,20.16,22.63,7.98,73.75,44.31,59.8,8.14
355,40.1,20.14,22.59,7.98,73.52,44.31,59.95,8.14
356,40.02,20.14,22.59,7.97,73.52,44.31,59.8,8.14
357,40.02,20.14,22.59,7.97,73.52,44.31,59.95,8.13
358,40.1,20.16,22.59,7.97,73.52,44.31,59.8,8.13
359,40.1,20.19,22.63,7.98,73.75,44.31,59.95,8.15
360,40.1,20.14,22.59,7.98,73.52,44.41,59.95,8.14
361,40.1,20.16,22.59,7.97,73.52,44.31,59.95,8.13
362,40.02,20.14,22.63,7.98,73.52,44.31,59.95,8.14
363,40.1,20.14,22.59,7.97,73.52,44.22,59.8,8.14
364,40.1,20.14,22.59,7.96,73.52,44.22,59.8,8.13
365,40.1,20.11,22.59,7.96,73.52,44.22,59.8,8.14
366,40.02,20.08,22.59,7.96,73.52,44.22,59.95,8.13
367,40.1,20.11,22.56,7.96,73.75,44.31,59.95,8.14
368,40.02,20.11,22.59,7.96,73.52,44.31,59.8,8.14
369,40.1,20.08,22.59,7.97,73.52,44.22,59.8,8.13
370,40.18,20.08,22.59,7.96,73.52,44.22,59.95,8.13
371,40.18,20.11,22.63,7.96,73.75,44.22,59.95,8.13
372,40.18,20.11,22.59,7.96,73.75,44.22,59.95,8.13
373,40.18,20.11,22.63,7.96,73.75,44.22,59.95,8.13
374,40.18,20.11,22.63,7.96,73.75,44.22,59.95,8.14
375,40.18,20.11,22.66,7.96,73.75,44.22,59.95,8.13
376,40.26,20.11,22.66,7.96,73.75,44.22,59.95,8.13
377,40.26,20.11,22.63,7.96,73.52,44.22,59.95,8.13
378,40.26,20.11,22.66,7.95,73.75,44.22,59.95,8.13
379,40.26,20.05,22.63,7.95,73.75,44.22,59.95,8.13
380,40.26,20.11,22.66,7.96,73.97,44.12,59.95,8.14
381,40.26,20.11,22.66,7.95,73.75,44.31,60.11,8.13
382,40.26,20.11,22.7,7.97,73.97,44.22,60.11,8.13
383,40.34,20.08,22.7,7.97,73.97,44.22,60.11,8.13
384,40.34,20.11,22.73,7.97,73.97,44.22,60.11,8.14
385,40.26,20.11,22.7,7.96,73.97,44.31,60.11,8.15
386,40.26,20.11,22.7,7.96,73.97,44.22,60.27,8.15
387,40.26,20.11,22.66,7.98,73.97,44.31,60.27,8.14
388,40.26,20.14,22.7,7.97,74.2,44.22,60.11,8.14
389,40.18,20.11,22.7,7.97,73.97,44.22,60.43,8.15
390,40.18,20.11,22.7,7.97,73.97,44.31,60.11,8.14
391,40.18,20.08,22.66,7.96,73.97,44.22,60.11,8.15
392,40.1,20.08,22.63,7.96,73.75,44.22,60.11,8.14
393,40.1,20.11,22.59,7.97,73.75,44.22,59.95,8.14
394,40.02,20.11,22.59,7.96,73.75,44.22,59.95,8.14
395,39.94,20.08,22.56,7.97,73.75,44.12,59.95,8.14
396,39.94,20.05,22.56,7.96,73.52,44.22,59.95,8.14
397,40.02,20.05,22.56,7.96,73.75,44.12,59.8,8.13
398,39.94,20.05,22.56,7.96,73.52,44.22,59.8,8.15
399,39.94,20.11,22.56,7.96,73.52,44.12,59.8,8.14
400,39.94,20.08,22.56,7.97,73.75,44.22,59.8,8.14
401,39.94,20.08,22.56,7.97,73.52,44.22,59.95,8.15
402,39.94,20.08,22.56,7.96,73.52,44.22,59.8,8.14
403,40.02,20.08,22.56,7.97,73.52,44.22,59.95,8.15
404,40.02,20.11,22.59,7.97,73.75,44.22,59.8,8.15
405,40.02,20.11,22.56,7.98,73.52,44.22,59.95,8.15
406,40.1,20.11,22.59,7.97,73.52,44.12,59.95,8.16
407,40.02,20.08,22.59,7.98,73.52,44.22,59.8,8.16
408,40.1,20.11,22.56,7.97,73.52,44.22,59.95,8.15
409,40.1,20.11,22.59,7.97,73.52,44.31,59.95,8.15
410,40.1,20.11,22.59,7.98,73.52,44.22,60.11,8.16
411,40.1,20.11,22.59,7.97,73.75,44.31,59.95,8.15
412,40.1,20.11,22.59,7.97,73.75,44.22,59.95,8.15
413,40.1,20.11,22.63,7.98,73.75,44.31,59.95,8.15
414,40.1,20.11,22.63,7.98,73.75,44.22,60.11,8.15
415,40.02,20.08,22.63,7.99,73.75,44.31,60.11,8.16
416,40.1,20.11,22.59,7.99,73.75,44.31,60.11,8.16
417,40.02,20.11,22.59,7.98,73.75,44.31,59.95,8.15
418,39.94,20.08,22.56,7.98,73.75,44.22,59.8,8.15
419,39.94,20.08,22.56,7.98,73.52,44.22,59.95,8.16
420,39.86,20.08,22.52,7.98,73.52,44.12,59.8,8.15
421,39.86,20.08,22.52,7.98,73.3,44.22,59.8,8.15
422,39.86,20.08,22.52,7.97,73.52,44.22,59.8,8.15
423,39.94,20.11,22.56,7.98,73.52,44.22,59.8,8.16
424,39.94,20.08,22.52,7.98,73.52,44.22,59.95,8.16
425,39.86,20.08,22.52,7.98,73.3,44.22,59.8,8.16
426,39.86,20.08,22.52,7.98,73.3,44.22,59.8,8.16
427,39.94,20.08,22.52,7.99,73.3,44.22,59.8,8.17
428,39.86,20.08,22.52,7.99,73.3,44.22,59.8,8.16
429,39.86,20.11,22.49,7.99,73.3,44.22,59.8,8.15
430,39.86,20.08,22.52,7.99,73.3,44.22,59.8,8.16
431,39.86,20.08,22.49,7.99,73.3,44.22,59.8,8.16
432,39.94,20.08,22.52,7.99,73.52,44.22,59.8,8.16
433,39.94,20.08,22.52,7.98,73.3,44.12,59.8,8.16
434,39.94,20.08,22.52,7.99,73.3,44.22,59.8,8.16
435,40.02,20.11,22.52,7.99,73.52,44.12,59.8,8.17
436,40.02,20.08,22.59,7.99,73.52,44.31,59.95,8.16
437,40.02,20.08,22.59,7.99,73.75,44.22,59.8,8.16
438,40.1,20.08,22.59,7.99,73.75,44.31,59.95,8.16
439,40.18,20.11,22.59,8.0,73.75,44.22,59.95,8.17
440,40.18,20.11,22.63,8.01,73.52,44.31,60.11,8.17
441,40.18,20.11,22.63,7.99,73.97,44.31,59.95,8.18
442,40.26,20.11,22.66,8.0,73.97,44.22,60.11,8.16
443,40.26,20.14,22.66,8.0,73.97,44.41,60.27,8.17
444,40.18,20.11,22.66,8.0,73.97,44.31,60.11,8.17
445,40.18,20.11,22.66,8.01,73.97,44.31,60.11,8.17
446,40.18,20.11,22.66,8.0,73.75,44.31,60.11,8.18
447,40.18,20.11,22.7,8.0,73.75,44.41,60.27,8.17
448,40.1,20.11,22.63,8.01,73.97,44.31,60.11,8.2
449,40.1,20.11,22.63,8.01,73.75,44.31,60.11,8.18
450,40.1,20.14,22.63,8.01,73.75,44.31,60.27,8.18
451,40.1,20.11,22.66,8.02,73.75,44.31,60.11,8.18
452,40.18,20.14,22.66,8.01,73.75,44.31,60.11,8.2
453,40.1,20.11,22.66,8.01,73.75,44.31,60.11,8.17
454,40.1,20.11,22.63,8.01,73.97,44.31,60.11,8.2
455,40.1,20.11,22.63,8.01,73.75,44.31,59.95,8.18
456,40.1,20.11,22.63,8.01,73.75,44.22,59.95,8.17
457,40.1,20.11,22.59,8.0,73.97,44.22,59.95,8.2
458,40.1,20.08,22.63,8.0,73.75,44.22,59.95,8.2
459,40.1,20.11,22.66,8.01,73.75,44.31,59.95,8.18
460,40.18,20.11,22.63,8.01,73.75,44.31,60.11,8.2
461,40.1,20.14,22.66,8.01,73.75,44.31,60.11,8.18
462,40.18,20.14,22.66,8.01,73.75,44.31,60.27,8.2
463,40.18,20.14,22.66,8.02,73.75,44.41,60.11,8.18
464,40.18,20.14,22.7,8.04,73.97,44.41,60.27,8.2
465,40.18,20.14,22.7,8.04,73.97,44.41,60.11,8.2
466,40.1,20.16,22.73,8.04,73.97,44.5,60.43,8.2
467,40.18,20.14,22.7,8.04,73.97,44.41,60.11,8.2
468,40.26,20.16,22.7,8.04,74.2,44.41,60.11,8.21
469,40.26,20.16,22.7,8.02,73.97,44.31,60.27,8.2
470,40.26,20.14,22.7,8.04,73.97,44.41,60.27,8.18
471,40.26,20.14,22.73,8.04,73.97,44.31,60.11,8.21
472,40.26,20.16,22.73,8.04,74.2,44.41,60.27,8.2
473,40.18,20.16,22.7,8.04,73.97,44.41,60.11,8.2
474,40.1,20.14,22.66,8.02,73.75,44.31,60.11,8.2
475,40.1,20.11,22.66,8.04,73.75,44.31,60.11,8.2
476,40.1,20.11,22.66,8.04,73.75,44.31,59.95,8.18
477,40.18,20.14,22.66,8.04,73.97,44.31,60.11,8.2
478,40.1,20.11,22.66,8.04,73.75,44.31,59.95,8.2
479,40.1,20.11,22.63,8.04,73.75,44.41,59.95,8.2
480,40.1,20.14,22.66,8.02,73.75,44.41,60.11,8.18
481,40.1,20.14,22.63,8.04,73.75,44.31,60.11,8.2
482,40.18,20.08,22.66,8.04,73.75,44.31,59.95,8.2
483,40.18,20.11,22.66,8.02,73.97,44.31,59.95,8.18
484,40.18,20.11,22.66,8.04,73.75,44.31,60.11,8.2
485,40.26,20.11,22.7,8.04,73.75,44.41,59.95,8.2
486,40.26,20.11,22.66,8.02,73.97,44.22,60.11,8.2
487,40.26,20.11,22.66,8.04,73.97,44.41,60.11,8.2
488,40.26,20.11,22.66,8.04,73.97,44.31,60.11,8.2
489,40.18,20.11,22.7,8.04,73.97,44.31,60.11,8.2
490,40.26,20.11,22.66,8.04,73.97,44.12,60.11,8.2
491,40.26,20.11,22.66,8.04,73.75,44.31,60.11,8.2
492,40.18,20.11,22.66,8.04,73.97,44.31,60.11,8.2
493,40.18,20.11,22.66,8.04,73.97,44.31,60.11,8.2
494,40.18,20.11,22.66,8.04,73.75,44.31,60.11,8.21
495,40.18,20.14,22.66,8.04,73.97,44.31,60.11,8.2
496,40.18,20.14,22.66,8.04,73.97,44.31,60.27,8.2
497,40.1,20.14,22.66,8.04,73.97,44.31,60.11,8.21
498,40.1,20.14,22.63,8.04,73.75,44.31,60.11,8.21
499,40.18,20.11,22.66,8.04,73.75,44.31,60.11,8.2
500,40.1,20.11,22.63,8.04,73.75,44.22,60.11,8.2
501,40.1,20.11,22.63,8.04,73.75,44.31,60.11,8.21
502,40.1,20.08,22.59,8.04,73.75,44.31,59.95,8.2
503,40.1,20.08,22.59,8.04,73.75,44.22,59.95,8.2
504,40.02,20.08,22.56,8.04,73.75,44.22,59.95,8.21
505,40.02,20.08,22.56,8.02,73.52,44.12,59.95,8.2
506,40.02,20.08,22.56,8.02,73.52,44.22,59.95,8.21
507,40.02,20.08,22.59,8.02,73.75,44.31,59.8,8.2
508,40.1,20.05,22.59,8.01,73.52,44.12,59.95,8.17
509,40.1,20.05,22.56,8.04,73.52,44.12,59.95,8.2
510,40.1,20.02,22.56,8.02,73.75,44.12,59.95,8.18
511,40.1,20.05,22.59,8.04,73.52,44.22,59.95,8.18
512,40.1,20.08,22.63,8.02,73.75,44.22,60.11,8.2
513,40.1,20.11,22.63,8.02,73.75,44.22,60.27,8.2
514,40.1,20.11,22.59,8.02,73.75,44.31,59.95,8.2
515,40.1,20.08,22.63,8.04,73.75,44.22,60.11,8.2
516,40.02,20.08,22.63,8.04,73.75,44.22,60.11,8.2
517,40.02,20.11,22.63,8.04,73.75,44.22,60.11,8.21
518,39.94,20.11,22.59,8.04,73.52,44.31,60.11,8.2
519,40.02,20.11,22.63,8.04,73.75,44.31,60.11,8.2
520,40.02,20.11,22.59,8.04,73.75,44.22,60.11,8.2
521,39.94,20.08,22.63,8.04,73.75,44.31,59.95,8.2
522,40.02,20.11,22.59,8.04,73.75,44.31,60.11,8.21
523,40.02,20.11,22.59,8.04,73.75,44.22,59.95,8.2
524,40.02,20.14,22.63,8.04,73.75,44.22,60.11,8.21
525,40.02,20.14,22.63,8.04,73.97,44.41,60.11,8.22
526,40.02,20.16,22.63,8.06,73.75,44.41,60.11,8.22
527,40.02,20.14,22.59,8.06,73.75,44.31,59.95,8.22
528,39.94,20.11,22.56,8.06,73.75,44.31,59.95,8.22
529,39.94,20.14,22.63,8.07,73.75,44.41,59.95,8.21
530,40.02,20.14,22.59,8.06,73.75,44.31,59.95,8.21
531,40.02,20.14,22.63,8.07,73.75,44.41,59.95,8.22
532,40.02,20.16,22.59,8.06,73.75,44.31,59.95,8.22
533,40.02,20.14,22.63,8.07,73.75,44.5,60.11,8.22
534,40.02,20.16,22.59,8.06,73.75,44.31,59.95,8.22
535,40.18,20.14,22.66,8.06,73.75,44.41,59.95,8.22
536,40.1,20.14,22.59,8.06,73.97,44.31,59.95,8.22
537,40.1,20.16,22.63,8.06,73.75,44.5,60.11,8.23
538,40.02,20.16,22.63,8.08,73.75,44.41,60.11,8.23
539,40.02,20.16,22.66,8.07,73.75,44.41,60.11,8.24
540,40.02,20.14,22.63,8.08,73.75,44.41,60.11,8.23
541,40.02,20.16,22.59,8.07,73.52,44.31,59.95,8.22
542,40.02,20.16,22.59,8.07,73.75,44.41,60.11,8.23
543,40.02,20.16,22.59,8.07,73.75,44.41,60.11,8.23
544,40.02,20.16,22.63,8.07,73.75,44.5,59.95,8.24
545,40.02,20.14,22.59,8.07,73.52,44.31,59.95,8.23
546,40.02,20.16,22.59,8.08,73.75,44.41,59.95,8.22
547,40.02,20.14,22.59,8.07,73.52,44.41,59.95,8.23
548,39.94,20.11,22.59,8.08,73.75,44.31,59.95,8.23
549,40.02,20.11,22.59,8.08,73.52,44.41,59.95,8.24
550,40.02,20.14,22.59,8.07,73.75,44.31,59.95,8.24
551,40.02,20.16,22.56,8.08,73.52,44.5,59.95,8.23
552,40.02,20.16,22.59,8.08,73.75,44.41,59.95,8.24
553,40.02,20.16,22.59,8.08,73.52,44.5,59.95,8.24
554,40.02,20.16,22.63,8.08,73.75,44.41,59.95,8.24
555,40.02,20.19,22.59,8.08,73.75,44.5,60.11,8.24
556,40.02,20.16,22.59,8.08,73.52,44.5,60.11,8.25
557,40.02,20.19,22.59,8.08,73.75,44.6,60.11,8.24
558,40.02,20.16,22.63,8.08,73.75,44.5,60.11,8.25
559,40.02,20.14,22.59,8.08,73.52,44.5,59.95,8.24
560,40.02,20.14,22.56,8.09,73.75,44.41,59.95,8.23
561,40.02,20.16,22.59,8.08,73.52,44.5,59.95,8.24
562,40.1,20.16,22.63,8.09,73.97,44.5,60.11,8.24
563,40.02,20.19,22.59,8.08,73.75,44.5,60.11,8.25
564,40.02,20.16,22.63,8.08,73.75,44.41,60.11,8.24
565,40.18,20.19,22.66,8.09,73.97,44.5,60.11,8.24
566,40.18,20.19,22.66,8.1,73.97,44.5,60.27,8.25
567,40.18,20.19,22.66,8.1,73.97,44.6,60.27,8.25
568,40.18,20.16,22.7,8.1,73.97,44.6,60.27,8.26
569,40.26,20.19,22.7,8.1,73.97,44.5,60.27,8.25
570,40.26,20.19,22.7,8.1,73.97,44.6,60.43,8.25
571,40.26,20.22,22.73,8.1,74.2,44.6,60.27,8.24
572,40.26,20.22,22.73,8.1,74.2,44.6,60.27,8.25
573,40.26,20.22,22.73,8.11,74.2,44.6,60.27,8.26
574,40.26,20.16,22.73,8.1,74.2,44.6,60.43,8.26
575,40.26,20.22,22.73,8.1,74.2,44.69,60.27,8.27
576,40.26,20.22,22.73,8.11,74.2,44.6,60.43,8.26
577,40.26,20.22,22.73,8.11,74.2,44.69,60.43,8.27
578,40.26,20.22,22.76,8.11,74.2,44.6,60.27,8.26
579,40.26,20.22,22.76,8.11,74.2,44.69,60.43,8.26
580,40.26,20.25,22.73,8.11,74.43,44.6,60.43,8.26
581,40.26,20.22,22.73,8.12,74.2,44.69,60.43,8.26
582,40.26,20.22,22.73,8.12,74.2,44.6,60.43,8.26
583,40.34,20.25,22.76,8.11,74.2,44.69,60.43,8.28
584,40.26,20.22,22.76,8.12,74.2,44.6,60.27,8.26
585,40.26,20.25,22.73,8.12,74.2,44.69,60.43,8.27
586,40.34,20.28,22.76,8.12,74.2,44.69,60.43,8.26
587,40.34,20.28,22.76,8.12,74.43,44.79,60.43,8.27
588,40.34,20.25,22.76,8.12,74.2,44.69,60.43,8.28
589,40.34,20.25,22.76,8.12,74.2,44.6,60.43,8.26
590,40.26,20.25,22.76,8.12,74.2,44.6,60.59,8.27
591,40.34,20.25,22.76,8.12,74.2,44.69,60.43,8.27
592,40.26,20.25,22.8,8.12,74.2,44.69,60.43,8.27
593,40.34,20.25,22.76,8.12,74.2,44.69,60.43,8.27
594,40.34,20.28,22.76,8.12,74.2,44.69,60.43,8.28
595,40.34,20.31,22.76,8.13,74.43,44.79,60.59,8.28
596,40.26,20.25,22.76,8.14,74.2,44.69,60.43,8.27
597,40.26,20.25,22.76,8.12,74.2,44.69,60.43,8.27
598,40.26,20.22,22.73,8.12,73.97,44.69,60.43,8.27
