0,47.1,23.19,26.41,7.9,86.49,50.9,69.62,8.08
1,47.2,23.16,26.41,7.9,86.79,50.9,69.82,8.09
2,47.2,23.12,26.41,7.9,86.49,50.78,69.82,8.08
3,46.99,23.12,26.41,7.89,86.79,50.78,69.82,8.09
4,47.1,23.12,26.45,7.89,86.79,50.9,69.82,8.08
5,47.1,23.12,26.41,7.88,86.79,50.78,69.82,8.08
6,47.1,23.12,26.41,7.9,86.79,50.78,69.82,8.08
7,47.2,23.16,26.41,7.89,87.09,50.78,69.82,8.08
8,47.2,23.12,26.45,7.89,86.79,50.9,69.82,8.08
9,47.1,23.16,26.41,7.89,86.79,50.9,69.82,8.09
10,47.1,23.12,26.41,7.88,87.09,50.9,70.03,8.08
11,47.1,23.12,26.45,7.88,86.79,50.9,70.03,8.1
12,47.1,23.16,26.45,7.89,86.79,50.9,69.82,8.09
13,47.1,23.16,26.45,7.88,86.79,50.9,70.03,8.08
14,47.1,23.12,26.41,7.88,87.09,50.9,69.82,8.09
15,46.99,23.12,26.41,7.87,86.79,50.66,69.82,8.09
16,46.99,23.12,26.41,7.88,86.79,50.78,70.03,8.08
17,47.1,23.09,26.45,7.89,86.79,50.78,69.82,8.08
18,47.1,23.12,26.45,7.87,86.79,50.9,70.03,8.08
19,47.1,23.12,26.41,7.88,86.79,50.9,69.82,8.09
20,47.1,23.09,26.41,7.87,86.79,50.78,69.82,8.08
21,46.99,23.09,26.41,7.87,86.79,50.66,69.82,8.08
22,46.99,23.09,26.41,7.87,86.79,50.78,69.62,8.08
23,46.89,23.09,26.41,7.87,86.79,50.66,69.82,8.09
24,46.89,23.12,26.37,7.87,86.49,50.78,69.62,8.08
25,46.99,23.05,26.41,7.87,86.79,50.78,69.82,8.09
26,46.89,23.09,26.41,7.88,86.79,50.78,69.82,8.08
27,46.89,23.12,26.37,7.88,86.79,50.78,69.62,8.08
28,46.89,23.12,26.37,7.87,86.79,50.78,69.82,8.09
29,46.89,23.12,26.37,7.88,86.79,50.78,69.62,8.09
30,46.78,23.12,26.33,7.88,86.49,50.66,69.62,8.09
31,46.78,23.05,26.37,7.88,86.49,50.9,69.62,8.1
32,46.89,23.12,26.33,7.88,86.49,50.78,69.82,8.09
33,46.89,23.12,26.37,7.88,86.79,50.78,69.62,8.09
34,46.89,23.16,26.37,7.87,86.49,50.78,69.62,8.1
35,46.78,23.16,26.41,7.88,86.79,50.78,69.62,8.09
36,46.78,23.12,26.41,7.88,86.49,50.9,69.62,8.09
37,46.89,23.12,26.37,7.89,86.79,51.02,69.82,8.09
38,46.89,23.12,26.37,7.88,86.49,50.9,69.82,8.1
39,46.99,23.12,26.41,7.88,86.49,50.78,69.62,8.08
40,46.99,23.12,26.41,7.89,86.79,50.9,69.62,8.09
41,46.99,23.16,26.41,7.88,86.79,50.78,69.82,8.1
42,47.1,23.12,26.41,7.89,86.79,50.9,69.82,8.1
43,46.99,23.12,26.41,7.89,86.79,50.9,69.82,8.09
44,46.99,23.12,26.41,7.89,86.79,51.02,69.82,8.08
45,47.1,23.12,26.45,7.88,86.79,50.9,69.82,8.09
46,46.99,23.09,26.45,7.88,86.79,50.78,70.03,8.11
47,47.1,23.16,26.41,7.89,86.49,50.9,69.82,8.1
48,47.1,23.16,26.45,7.9,86.79,51.02,69.82,8.1
49,46.99,23.16,26.45,7.9,86.79,50.9,69.82,8.11
50,47.1,23.16,26.45,7.89,86.79,51.02,69.82,8.09
51,47.2,23.19,26.54,7.9,87.09,51.02,69.82,8.1
52,47.31,23.19,26.54,7.9,87.09,51.02,69.82,8.11
53,47.41,23.16,26.63,7.9,87.4,51.02,69.62,8.11
54,47.52,23.12,26.58,7.87,87.4,50.9,69.62,8.08
55,47.41,23.09,26.41,7.84,87.4,50.9,69.01,8.02
56,47.31,22.98,26.12,7.74,86.79,50.43,68.02,7.9
57,46.89,22.91,25.7,7.57,86.19,49.96,66.86,7.72
58,46.37,22.77,25.21,7.29,85.31,49.39,65.38,7.45
59,45.86,22.67,24.78,6.92,84.44,48.83,64.3,7.11
60,45.46,22.6,24.51,6.45,83.58,48.39,63.59,6.71
61,45.27,22.53,24.36,6.17,83.3,48.17,63.25,6.48
62,44.88,22.5,24.13,5.6,82.75,47.74,62.56,6.0
63,44.88,22.5,24.13,5.59,82.47,47.84,62.56,5.97
64,44.68,22.46,24.02,5.22,82.2,47.52,62.4,5.64
65,44.59,22.46,23.95,5.01,81.92,47.42,62.06,5.46
66,44.4,22.43,23.87,4.7,81.65,47.31,61.56,5.16
67,44.49,22.43,23.87,4.62,81.65,47.42,61.56,5.08
68,44.4,22.4,23.8,4.4,81.38,47.21,61.4,4.85
69,44.4,22.4,23.8,4.32,81.38,47.1,61.24,4.76
70,44.3,22.4,23.76,4.25,81.11,47.1,61.4,4.67
71,44.3,22.4,23.72,4.1,81.11,47.1,61.24,4.5
72,44.3,22.33,23.69,4.01,80.85,47.1,61.07,4.4
73,44.3,22.4,23.65,3.94,80.85,47.0,61.07,4.31
74,44.3,22.33,23.65,3.9,81.11,47.0,61.07,4.24
75,44.3,22.36,23.61,3.81,80.58,46.89,60.91,4.14
76,44.21,22.33,23.61,3.78,80.58,47.0,61.07,4.07
77,44.21,22.36,23.58,3.72,80.58,46.89,60.91,4.01
78,44.21,22.33,23.58,3.71,80.58,46.89,60.91,3.96
79,44.21,22.33,23.61,3.69,80.58,46.89,60.91,3.95
80,44.21,22.36,23.58,3.66,80.58,47.0,60.75,3.88
81,44.21,22.36,23.58,3.63,80.58,47.1,60.91,3.85
82,44.21,22.36,23.58,3.62,80.58,47.0,60.91,3.82
83,44.11,22.36,23.54,3.6,80.58,47.0,60.91,3.79
84,44.11,22.4,23.58,3.59,80.58,47.1,60.91,3.76
85,44.02,22.4,23.58,3.57,80.58,47.0,60.75,3.73
86,44.11,22.4,23.54,3.57,80.58,47.0,60.75,3.72
87,44.02,22.4,23.58,3.56,80.58,47.1,60.75,3.69
88,44.02,22.43,23.58,3.54,80.58,47.21,60.75,3.67
89,44.11,22.46,23.58,3.55,80.58,47.1,60.75,3.65
90,44.11,22.43,23.58,3.54,80.58,47.1,60.75,3.65
91,44.11,22.46,23.54,3.53,80.58,47.21,60.75,3.63
92,44.02,22.43,23.58,3.53,80.58,47.1,60.75,3.62
93,44.02,22.43,23.54,3.53,80.32,47.1,60.59,3.61
94,44.02,22.43,23.54,3.52,80.32,47.1,60.75,3.6
95,44.11,22.43,23.54,3.53,80.58,47.1,60.75,3.59
96,44.11,22.46,23.54,3.52,80.58,47.1,60.75,3.58
97,44.02,22.46,23.54,3.51,80.58,47.1,60.75,3.58
98,44.11,22.43,23.54,3.52,80.58,47.1,60.75,3.56
99,44.11,22.46,23.54,3.51,80.58,47.1,60.91,3.56
100,44.11,22.46,23.54,3.51,80.32,47.1,60.75,3.56
101,44.11,22.46,23.51,3.51,80.58,47.1,60.91,3.56
102,44.11,22.46,23.51,3.51,80.58,47.1,60.75,3.55
103,44.02,22.46,23.54,3.52,80.32,47.21,60.75,3.55
104,44.11,22.43,23.51,3.52,80.58,47.1,60.75,3.54
105,44.11,22.43,23.51,3.51,80.58,47.1,60.59,3.54
106,44.11,22.43,23.54,3.52,80.32,47.1,60.75,3.54
107,44.11,22.43,23.54,3.52,80.32,47.1,60.75,3.54
108,44.11,22.43,23.54,3.51,80.58,47.1,60.75,3.54
109,44.11,22.43,23.54,3.52,80.32,47.1,60.75,3.54
110,44.21,22.46,23.54,3.52,80.58,47.1,60.91,3.54
111,44.11,22.43,23.54,3.52,80.58,47.1,60.91,3.55
112,44.11,22.4,23.58,3.53,80.58,47.1,60.75,3.54
113,44.11,22.43,23.54,3.53,80.58,47.0,60.91,3.55
114,44.11,22.4,23.54,3.53,80.58,47.0,60.91,3.54
115,44.11,22.4,23.54,3.53,80.32,47.0,60.91,3.54
116,44.11,22.43,23.54,3.54,80.06,47.0,60.75,3.54
117,44.11,22.36,23.54,3.54,80.32,47.0,60.75,3.55
118,44.11,22.43,23.54,3.54,80.58,47.0,60.91,3.55
119,44.21,22.36,23.54,3.55,80.32,47.0,60.91,3.55
120,44.21,22.4,23.58,3.56,80.58,47.0,60.91,3.55
121,44.11,22.4,23.58,3.56,80.58,47.0,60.91,3.56
122,44.11,22.4,23.54,3.56,80.58,46.89,60.91,3.56
123,44.11,22.4,23.54,3.57,80.32,46.89,60.91,3.56
124,44.02,22.36,23.51,3.58,80.32,46.89,60.75,3.56
125,43.92,22.33,23.51,3.58,80.32,46.89,60.75,3.58
126,43.92,22.33,23.47,3.59,80.32,46.79,60.75,3.58
127,43.92,22.3,23.47,3.6,80.32,46.79,60.75,3.58
128,43.92,22.3,23.43,3.6,80.06,46.79,60.75,3.58
129,43.92,22.3,23.43,3.6,80.06,46.69,60.59,3.58
130,43.83,22.3,23.43,3.62,80.06,46.69,60.59,3.6
131,43.83,22.26,23.43,3.61,80.06,46.79,60.59,3.59
132,43.83,22.26,23.43,3.62,80.06,46.69,60.59,3.61
133,43.83,22.3,23.4,3.63,79.8,46.69,60.59,3.61
134,43.83,22.26,23.43,3.63,80.06,46.69,60.59,3.62
135,43.83,22.3,23.43,3.63,80.06,46.69,60.59,3.61
136,43.83,22.3,23.43,3.64,79.8,46.69,60.59,3.62
137,43.83,22.26,23.4,3.64,80.06,46.69,60.59,3.62
138,43.83,22.26,23.4,3.65,80.06,46.69,60.59,3.62
139,43.83,22.26,23.4,3.65,80.06,46.69,60.59,3.63
140,43.92,22.3,23.47,3.66,80.06,46.69,60.75,3.64
141,44.02,22.3,23.47,3.66,80.32,46.69,60.75,3.64
142,43.92,22.3,23.51,3.67,80.32,46.69,60.91,3.65
143,43.92,22.3,23.51,3.67,80.32,46.69,60.91,3.65
144,43.92,22.26,23.51,3.68,80.58,46.79,60.91,3.66
145,43.92,22.3,23.51,3.68,80.32,46.79,60.91,3.65
146,44.02,22.3,23.51,3.69,80.32,46.69,60.91,3.66
147,43.92,22.3,23.51,3.69,80.32,46.79,60.75,3.67
148,43.83,22.3,23.51,3.7,80.32,46.79,61.07,3.67
149,43.92,22.36,23.51,3.7,80.58,46.69,60.91,3.68
150,43.83,22.26,23.47,3.71,80.58,46.69,60.91,3.68
151,43.92,22.3,23.47,3.71,80.32,46.69,60.91,3.68
152,44.02,22.3,23.54,3.72,80.32,46.69,61.07,3.7
153,44.11,22.33,23.69,3.75,80.58,46.89,61.4,3.72
154,44.3,22.43,23.83,3.78,80.85,47.1,62.06,3.75
155,44.4,22.43,23.91,3.8,81.11,47.21,62.23,3.77
156,44.49,22.5,24.02,3.85,81.38,47.52,62.56,3.81
157,44.68,22.53,24.28,3.94,81.92,47.74,63.42,3.89
158,44.78,22.6,24.43,4.01,82.2,47.95,63.59,3.93
159,44.97,22.67,24.47,4.07,82.2,48.06,63.94,3.98
160,45.17,22.7,24.63,4.14,82.75,48.28,64.3,4.04
161,45.17,22.74,24.74,4.2,82.75,48.5,64.65,4.09
162,45.56,22.84,24.98,4.37,83.3,48.83,65.19,4.23
163,45.66,22.91,25.06,4.44,83.3,49.05,65.38,4.3
164,45.66,22.91,25.1,4.5,83.87,49.05,65.74,4.34
165,45.76,22.91,25.25,4.65,83.87,49.28,65.93,4.46
166,45.86,22.95,25.3,4.73,84.15,49.5,66.3,4.54
167,45.86,22.98,25.42,4.87,84.15,49.5,66.49,4.65
168,46.06,23.02,25.5,4.98,84.44,49.73,66.86,4.74
169,46.06,23.02,25.58,5.09,84.73,49.96,66.86,4.83
170,46.17,23.05,25.62,5.21,84.73,49.85,67.05,4.94
171,46.17,23.05,25.7,5.3,84.73,49.96,67.25,5.01
172,46.27,23.05,25.7,5.42,85.02,50.08,67.05,5.13
173,46.27,23.02,25.74,5.49,84.73,50.19,67.44,5.19
174,46.27,23.02,25.78,5.59,85.02,50.19,67.44,5.28
175,46.37,23.09,25.82,5.69,85.31,50.19,67.63,5.36
176,46.47,23.09,25.87,5.77,85.31,50.19,67.83,5.44
177,46.47,23.12,25.91,5.86,85.6,50.43,68.02,5.52
178,46.47,23.09,25.95,6.01,85.6,50.43,68.22,5.68
179,46.37,23.09,25.95,6.07,85.31,50.43,68.41,5.75
180,46.47,23.09,25.95,6.09,85.6,50.43,68.22,5.77
181,46.58,23.12,26.03,6.23,85.6,50.55,68.41,5.89
182,46.58,23.16,25.99,6.32,85.89,50.66,68.41,5.98
183,46.58,23.16,26.03,6.34,85.6,50.66,68.41,6.01
184,46.58,23.16,26.07,6.4,85.89,50.66,68.61,6.08
185,46.58,23.12,26.07,6.5,85.6,50.66,68.61,6.2
186,46.58,23.16,26.07,6.53,85.6,50.55,68.61,6.23
187,46.58,23.16,26.07,6.61,85.89,50.66,68.61,6.32
188,46.58,23.12,26.07,6.7,85.89,50.66,68.61,6.4
189,46.58,23.12,26.07,6.7,85.6,50.55,68.81,6.42
190,46.58,23.16,26.12,6.81,85.89,50.66,68.81,6.52
191,46.47,23.16,26.07,6.81,85.89,50.66,68.81,6.54
192,46.58,23.16,26.12,6.87,85.89,50.66,68.61,6.62
193,46.58,23.16,26.12,6.9,85.6,50.66,68.61,6.64
194,46.58,23.16,26.12,6.93,85.89,50.78,68.81,6.71
195,46.58,23.16,26.12,6.98,85.6,50.78,68.81,6.75
196,46.58,23.16,26.12,7.04,85.89,50.78,69.01,6.83
197,46.58,23.12,26.07,7.08,85.6,50.66,68.81,6.89
198,46.58,23.09,26.07,7.11,85.89,50.66,68.81,6.93
199,46.58,23.12,26.12,7.12,85.6,50.78,68.81,6.94
200,46.47,23.12,26.07,7.15,85.89,50.78,68.81,6.99
201,46.68,23.12,26.12,7.2,85.89,50.78,68.81,7.03
202,46.58,23.16,26.12,7.23,86.19,50.9,69.01,7.09
203,46.58,23.16,26.16,7.25,85.89,50.78,68.81,7.14
204,46.58,23.12,26.16,7.27,85.89,50.9,68.81,7.17
205,46.58,23.16,26.12,7.3,85.89,50.78,69.01,7.19
206,46.58,23.12,26.12,7.32,85.89,50.78,68.81,7.23
207,46.58,23.12,26.07,7.35,85.6,50.78,69.01,7.27
208,46.58,23.16,26.07,7.36,85.89,50.78,68.81,7.29
209,46.68,23.12,26.12,7.38,85.89,50.66,69.01,7.33
210,46.68,23.12,26.16,7.4,86.19,50.78,68.81,7.36
211,46.58,23.12,26.16,7.42,85.89,50.78,69.01,7.37
212,46.68,23.16,26.2,7.44,85.89,50.78,69.01,7.4
213,46.78,23.16,26.24,7.47,86.49,50.78,69.21,7.44
214,46.78,23.16,26.24,7.47,86.19,50.9,69.21,7.46
215,46.89,23.16,26.24,7.5,86.19,50.78,69.21,7.5
216,46.89,23.16,26.24,7.52,86.19,50.66,69.41,7.52
217,46.89,23.16,26.24,7.52,86.49,50.78,69.21,7.53
218,46.89,23.12,26.24,7.54,86.19,50.9,69.21,7.56
219,46.99,23.19,26.29,7.55,86.19,50.78,69.21,7.58
220,46.99,23.16,26.33,7.57,86.49,50.9,69.21,7.61
221,46.89,23.16,26.33,7.57,86.49,50.78,69.41,7.64
222,46.99,23.16,26.29,7.58,86.19,50.78,69.41,7.64
223,46.99,23.12,26.29,7.59,86.49,50.66,69.41,7.66
224,46.89,23.12,26.29,7.6,86.49,50.66,69.41,7.68
225,46.99,23.12,26.29,7.62,86.49,50.78,69.21,7.69
226,46.99,23.19,26.33,7.62,86.49,50.9,69.41,7.71
227,46.89,23.16,26.33,7.63,86.49,50.78,69.01,7.74
228,46.99,23.16,26.29,7.64,86.79,50.78,69.41,7.75
229,46.89,23.19,26.29,7.65,86.79,50.78,69.41,7.76
230,46.89,23.16,26.33,7.65,86.49,50.9,69.41,7.77
231,46.89,23.12,26.29,7.66,86.49,50.78,69.41,7.79
232,46.89,23.12,26.24,7.67,86.49,50.66,69.41,7.79
233,46.78,23.12,26.24,7.67,86.49,50.78,69.21,7.8
234,46.78,23.16,26.24,7.68,86.19,50.78,69.21,7.82
235,46.78,23.12,26.24,7.69,86.19,50.78,69.21,7.82
236,46.78,23.12,26.24,7.7,86.19,50.78,69.21,7.84
237,46.78,23.12,26.24,7.69,86.19,50.66,69.21,7.84
238,46.78,23.16,26.29,7.71,86.49,50.78,69.41,7.86
239,46.78,23.19,26.29,7.71,86.49,50.78,69.41,7.88
240,46.78,23.16,26.29,7.73,86.49,50.9,69.21,7.89
241,46.78,23.16,26.24,7.73,86.19,50.78,69.21,7.89
242,46.68,23.16,26.24,7.73,86.19,50.9,69.41,7.9
243,46.78,23.12,26.24,7.73,86.49,50.9,69.41,7.9
244,46.78,23.16,26.29,7.74,86.49,50.9,69.41,7.92
245,46.78,23.16,26.24,7.75,86.19,50.78,69.41,7.92
246,46.78,23.16,26.24,7.75,86.19,50.78,69.41,7.93
247,46.89,23.16,26.29,7.75,86.19,50.78,69.41,7.94
248,46.89,23.16,26.33,7.75,86.49,50.9,69.62,7.95
249,46.89,23.16,26.33,7.77,86.19,50.9,69.41,7.95
250,46.89,23.12,26.29,7.76,86.49,50.9,69.41,7.97
251,46.89,23.12,26.29,7.76,86.49,50.9,69.41,7.96
252,46.89,23.12,26.24,7.76,86.19,50.9,69.41,7.97
253,46.89,23.12,26.29,7.77,86.49,50.78,69.21,7.97
254,46.89,23.16,26.29,7.77,86.49,50.9,69.62,8.01
255,46.89,23.12,26.33,7.78,86.49,50.9,69.62,8.01
256,46.78,23.16,26.33,7.77,86.49,50.9,69.62,8.01
257,46.78,23.16,26.29,7.79,86.49,50.9,69.62,8.01
258,46.89,23.19,26.33,7.79,86.49,50.9,69.62,8.01
259,46.89,23.16,26.33,7.8,86.79,50.9,69.62,8.03
260,46.99,23.19,26.37,7.8,86.79,51.02,69.62,8.03
261,46.89,23.23,26.37,7.81,86.49,51.02,69.62,8.05
262,46.89,23.19,26.37,7.82,86.49,50.9,69.82,8.05
263,46.89,23.23,26.37,7.82,86.79,50.9,69.62,8.05
264,46.99,23.23,26.37,7.83,86.79,51.14,69.62,8.06
265,46.99,23.23,26.37,7.83,86.49,51.02,69.62,8.06
266,46.89,23.19,26.37,7.82,86.49,51.02,69.62,8.06
267,46.89,23.23,26.37,7.83,86.49,51.02,69.62,8.07
268,46.89,23.19,26.33,7.83,86.49,50.9,69.62,8.07
269,46.89,23.19,26.29,7.83,86.49,50.9,69.41,8.07
270,46.78,23.19,26.29,7.83,86.19,51.02,69.62,8.08
271,46.78,23.19,26.33,7.83,86.49,50.9,69.62,8.08
272,46.89,23.19,26.29,7.85,86.49,51.02,69.62,8.09
273,46.78,23.23,26.33,7.84,86.49,51.02,69.62,8.09
274,46.78,23.23,26.33,7.85,86.49,51.02,69.62,8.09
275,46.78,23.19,26.29,7.85,86.49,50.9,69.62,8.1
276,46.78,23.19,26.29,7.86,86.19,50.9,69.41,8.1
277,46.78,23.19,26.29,7.86,86.49,51.02,69.41,8.1
278,46.78,23.19,26.24,7.85,86.49,50.9,69.41,8.11
279,46.78,23.19,26.24,7.85,86.19,51.02,69.41,8.11
280,46.68,23.16,26.29,7.85,86.19,50.9,69.41,8.11
281,46.78,23.16,26.24,7.85,86.49,50.9,69.41,8.11
282,46.78,23.19,26.24,7.86,86.19,50.9,69.41,8.11
283,46.78,23.19,26.29,7.86,86.19,50.9,69.41,8.12
284,46.78,23.19,26.29,7.86,86.49,50.9,69.41,8.12
285,46.78,23.19,26.33,7.86,86.49,50.9,69.41,8.13
286,46.78,23.16,26.33,7.87,86.49,50.9,69.41,8.12
287,46.78,23.16,26.24,7.87,86.19,50.9,69.41,8.12
288,46.89,23.16,26.37,7.87,86.49,50.9,69.41,8.12
289,46.99,23.19,26.33,7.87,86.49,51.02,69.62,8.12
290,46.99,23.19,26.33,7.87,86.49,50.9,69.41,8.13
291,46.99,23.19,26.29,7.87,86.19,50.9,69.41,8.13
292,46.99,23.19,26.33,7.88,86.49,51.02,69.41,8.13
293,46.99,23.16,26.37,7.87,86.49,50.9,69.41,8.15
294,46.99,23.16,26.37,7.87,86.49,51.02,69.62,8.13
295,46.99,23.19,26.37,7.87,86.49,51.02,69.62,8.14
296,46.99,23.23,26.37,7.87,86.79,50.9,69.62,8.14
297,46.89,23.19,26.41,7.89,86.79,50.9,69.62,8.14
298,46.99,23.19,26.37,7.88,86.79,51.02,69.82,8.15
299,46.99,23.23,26.41,7.88,86.79,51.02,69.82,8.16
300,46.99,23.23,26.41,7.89,86.49,51.14,69.62,8.15
301,46.99,23.23,26.41,7.89,86.79,51.14,69.82,8.17
302,47.1,23.23,26.41,7.89,86.79,51.02,69.82,8.16
303,47.1,23.26,26.41,7.89,86.79,51.14,69.82,8.16
304,46.99,23.23,26.41,7.9,86.79,51.14,69.82,8.17
305,46.99,23.23,26.41,7.9,86.79,51.14,69.82,8.17
306,47.1,23.23,26.41,7.91,86.79,51.14,70.03,8.17
307,47.1,23.26,26.45,7.9,87.09,51.26,69.82,8.17
308,47.1,23.26,26.45,7.91,87.09,51.14,70.03,8.18
309,47.1,23.23,26.5,7.92,86.79,51.26,70.03,8.18
310,47.1,23.26,26.41,7.91,86.79,51.14,69.82,8.17
311,46.99,23.26,26.41,7.91,86.79,51.02,69.82,8.2
312,46.99,23.19,26.45,7.91,86.79,51.14,69.82,8.17
313,46.99,23.23,26.41,7.91,86.79,51.14,69.82,8.18
314,46.99,23.19,26.41,7.92,86.49,51.14,69.82,8.18
315,46.99,23.23,26.37,7.91,86.49,51.14,69.62,8.18
316,46.99,23.23,26.37,7.91,86.79,51.14,69.62,8.17
317,46.89,23.23,26.37,7.91,86.49,51.02,69.62,8.18
318,46.99,23.23,26.37,7.91,86.79,51.14,69.62,8.2
319,47.1,23.23,26.41,7.91,86.49,51.14,69.62,8.18
320,46.99,23.26,26.41,7.92,86.79,51.14,69.82,8.2
321,47.1,23.26,26.41,7.92,86.79,51.26,69.82,8.18
322,47.1,23.26,26.45,7.92,86.79,51.14,69.82,8.2
323,46.99,23.26,26.41,7.93,86.79,51.14,69.82,8.18
324,46.99,23.26,26.41,7.92,86.49,51.14,69.82,8.2
325,46.99,23.23,26.37,7.92,86.49,51.14,69.62,8.2
326,46.89,23.19,26.37,7.91,86.49,51.14,69.62,8.2
327,46.99,23.23,26.33,7.92,86.49,51.14,69.62,8.18
328,46.99,23.16,26.33,7.91,86.49,51.02,69.62,8.18
329,46.89,23.19,26.33,7.91,86.49,51.02,69.62,8.2
330,46.99,23.19,26.33,7.91,86.79,51.02,69.62,8.18
331,46.89,23.19,26.33,7.91,86.19,51.02,69.82,8.18
332,46.99,23.19,26.37,7.91,86.49,51.02,69.62,8.18
333,46.99,23.16,26.33,7.91,86.49,51.02,69.82,8.17
334,46.99,23.16,26.33,7.91,86.79,50.9,69.82,8.2
335,46.99,23.16,26.33,7.91,86.79,50.9,69.62,8.17
336,46.89,23.16,26.33,7.91,86.49,51.02,69.82,8.18
337,46.89,23.12,26.33,7.9,86.49,51.02,69.62,8.18
338,46.89,23.12,26.33,7.9,86.49,50.9,69.62,8.17
339,46.99,23.16,26.33,7.89,86.49,50.9,69.62,8.18
340,46.89,23.16,26.33,7.9,86.49,51.02,69.62,8.18
341,46.99,23.19,26.37,7.91,86.79,51.14,69.62,8.17
342,46.99,23.19,26.37,7.92,86.79,51.02,69.62,8.17
343,46.99,23.19,26.37,7.91,86.49,51.02,69.82,8.18
344,46.99,23.19,26.33,7.91,86.79,51.02,69.62,8.18
345,46.89,23.19,26.37,7.91,86.79,50.9,69.62,8.18
346,46.89,23.19,26.33,7.91,86.49,51.02,69.82,8.2
347,46.89,23.16,26.33,7.92,86.49,50.9,69.82,8.2
348,46.78,23.12,26.33,7.9,86.49,50.9,69.62,8.17
349,46.89,23.12,26.33,7.91,86.49,51.02,69.62,8.18
350,46.78,23.12,26.33,7.91,86.19,50.78,69.62,8.17
351,46.89,23.12,26.33,7.91,86.19,50.9,69.62,8.17
352,46.78,23.12,26.29,7.91,86.49,50.9,69.62,8.17
353,46.78,23.12,26.29,7.91,86.19,50.9,69.62,8.17
354,46.78,23.12,26.29,7.9,86.49,50.9,69.21,8.2
355,46.78,23.12,26.29,7.91,86.49,50.9,69.62,8.17
356,46.89,23.16,26.33,7.9,86.19,50.9,69.41,8.18
357,46.89,23.16,26.33,7.9,86.19,51.02,69.62,8.18
358,46.78,23.16,26.33,7.9,86.49,51.02,69.62,8.18
359,46.89,23.19,26.29,7.91,86.79,51.02,69.62,8.2
360,46.78,23.19,26.33,7.92,86.49,50.9,69.62,8.18
361,46.89,23.16,26.33,7.92,86.49,51.02,69.82,8.2
362,46.89,23.19,26.37,7.91,86.79,51.02,69.62,8.2
363,46.89,23.19,26.37,7.92,86.79,51.02,69.62,8.2
364,46.89,23.16,26.33,7.92,86.49,51.14,69.62,8.2
365,46.89,23.16,26.33,7.92,86.49,51.02,69.62,8.2
366,46.89,23.19,26.37,7.92,86.49,51.02,69.62,8.2
367,46.89,23.16,26.33,7.91,86.49,50.9,69.41,8.18
368,46.89,23.19,26.33,7.92,86.19,50.9,69.62,8.2
369,46.89,23.12,26.29,7.92,86.19,51.02,69.62,8.2
370,46.89,23.16,26.33,7.92,86.49,50.9,69.41,8.2
371,46.89,23.16,26.33,7.91,86.49,50.9,69.62,8.18
372,46.89,23.16,26.37,7.92,86.49,50.9,69.62,8.18
373,46.99,23.16,26.37,7.92,86.49,51.02,69.62,8.2
374,46.99,23.16,26.29,7.92,86.49,51.02,69.82,8.2
375,46.89,23.16,26.33,7.92,86.49,51.02,69.62,8.18
376,46.99,23.12,26.33,7.91,86.49,51.02,69.41,8.2
377,46.99,23.12,26.37,7.92,86.49,50.9,69.41,8.18
378,46.89,23.16,26.37,7.92,86.49,50.9,69.62,8.2
379,46.89,23.16,26.33,7.92,86.79,50.9,69.62,8.2
380,46.99,23.16,26.37,7.92,86.49,51.02,69.62,8.18
381,46.99,23.19,26.37,7.92,86.49,51.02,69.62,8.21
382,46.89,23.19,26.41,7.93,86.49,51.14,69.62,8.2
383,46.89,23.19,26.41,7.93,86.49,51.14,69.82,8.2
384,46.89,23.19,26.37,7.93,86.49,51.02,69.62,8.21
385,46.89,23.16,26.37,7.93,86.49,50.9,69.82,8.2
386,46.78,23.16,26.37,7.93,86.79,51.14,69.62,8.2
387,46.89,23.19,26.37,7.93,86.49,51.02,69.62,8.2
388,46.89,23.19,26.33,7.93,86.49,51.02,69.62,8.2
389,46.78,23.16,26.33,7.93,86.49,51.02,69.62,8.2
390,46.78,23.16,26.33,7.93,86.49,51.02,69.62,8.21
391,46.78,23.19,26.33,7.93,86.49,51.02,69.62,8.2
392,46.78,23.16,26.33,7.95,86.49,51.14,69.41,8.2
393,46.78,23.19,26.33,7.93,86.49,51.02,69.41,8.18
394,46.78,23.12,26.33,7.93,86.49,51.02,69.41,8.18
395,46.78,23.12,26.29,7.93,86.49,50.9,69.41,8.2
396,46.78,23.12,26.29,7.92,86.19,50.9,69.41,8.2
397,46.68,23.16,26.24,7.93,86.19,50.78,69.21,8.18
398,46.78,23.16,26.24,7.93,86.19,50.9,69.41,8.2
399,46.78,23.16,26.29,7.92,86.49,50.9,69.41,8.18
400,46.78,23.16,26.29,7.93,86.19,50.9,69.41,8.2
401,46.78,23.16,26.29,7.93,86.19,50.9,69.62,8.2
402,46.78,23.16,26.29,7.92,86.19,50.9,69.41,8.2
403,46.78,23.12,26.24,7.92,86.19,51.02,69.41,8.18
404,46.78,23.12,26.29,7.94,86.19,50.9,69.41,8.17
405,46.78,23.12,26.29,7.93,86.19,50.9,69.21,8.18
406,46.78,23.09,26.29,7.93,86.19,50.9,69.41,8.18
407,46.78,23.12,26.24,7.92,86.49,50.9,69.41,8.2
408,46.78,23.12,26.29,7.92,86.19,50.9,69.41,8.18
409,46.78,23.16,26.29,7.92,86.19,50.9,69.41,8.18
410,46.89,23.16,26.29,7.92,86.49,50.9,69.41,8.18
411,46.78,23.12,26.29,7.92,86.49,50.9,69.62,8.2
412,46.78,23.12,26.24,7.93,86.19,50.9,69.62,8.18
413,46.78,23.12,26.24,7.92,86.19,50.9,69.41,8.17
414,46.78,23.09,26.29,7.93,86.19,50.9,69.41,8.18
415,46.78,23.09,26.24,7.91,86.19,50.78,69.41,8.17
416,46.68,23.09,26.24,7.92,86.49,50.9,69.41,8.17
417,46.68,23.05,26.24,7.91,86.19,50.78,69.21,8.17
418,46.78,23.05,26.24,7.91,86.19,50.78,69.21,8.18
419,46.78,23.05,26.24,7.91,86.19,50.66,69.21,8.17
420,46.99,23.12,26.29,7.91,86.49,50.78,69.41,8.17
421,46.78,23.09,26.33,7.91,86.19,50.9,69.62,8.2
422,46.89,23.12,26.37,7.92,86.49,50.9,69.82,8.18
423,46.89,23.12,26.29,7.92,86.49,50.9,69.62,8.17
424,46.78,23.09,26.29,7.92,86.19,50.78,69.41,8.17
425,46.78,23.09,26.29,7.91,86.19,50.9,69.62,8.17
426,46.78,23.12,26.24,7.91,86.49,50.9,69.41,8.18
427,46.68,23.05,26.29,7.92,86.49,50.9,69.41,8.18
428,46.68,23.09,26.24,7.92,86.19,50.78,69.41,8.18
429,46.68,23.09,26.24,7.92,86.19,50.78,69.41,8.18
430,46.68,23.09,26.2,7.92,86.19,50.78,69.41,8.18
431,46.58,23.12,26.2,7.92,86.19,50.78,69.41,8.18
432,46.58,23.09,26.24,7.92,86.19,50.9,69.41,8.18
433,46.58,23.12,26.24,7.92,86.19,50.78,69.21,8.17
434,46.58,23.09,26.24,7.92,85.89,50.9,69.21,8.2
435,46.58,23.09,26.2,7.91,86.19,50.9,69.21,8.18
436,46.58,23.09,26.2,7.92,86.19,50.9,69.21,8.18
437,46.58,23.09,26.2,7.91,85.89,50.78,69.41,8.17
438,46.58,23.05,26.2,7.93,86.49,50.66,69.21,8.18
439,46.58,23.05,26.16,7.91,85.89,50.78,69.21,8.17
440,46.58,23.05,26.2,7.92,86.19,50.78,69.21,8.17
441,46.58,23.02,26.16,7.91,85.89,50.78,69.21,8.17
442,46.58,23.02,26.16,7.91,85.6,50.78,69.21,8.17
443,46.47,23.02,26.12,7.92,85.6,50.66,69.01,8.2
444,46.47,23.05,26.16,7.91,85.89,50.66,69.01,8.18
445,46.58,23.05,26.16,7.92,85.89,50.78,69.21,8.17
446,46.58,23.09,26.16,7.91,85.89,50.78,69.21,8.17
447,46.58,23.05,26.2,7.92,85.89,50.78,69.21,8.2
448,46.58,23.05,26.2,7.92,85.89,50.78,69.21,8.18
449,46.58,23.05,26.2,7.92,85.89,50.78,68.81,8.17
450,46.58,23.02,26.16,7.91,85.6,50.66,69.21,8.18
451,46.58,23.02,26.16,7.92,85.89,50.78,69.21,8.17
452,46.58,23.05,26.16,7.92,85.6,50.78,69.01,8.17
453,46.58,23.05,26.16,7.91,85.6,50.78,69.01,8.17
454,46.47,23.05,26.16,7.91,85.6,50.78,69.21,8.17
455,46.58,23.05,26.16,7.91,85.89,50.78,69.21,8.18
456,46.58,23.09,26.2,7.93,85.89,50.78,69.21,8.18
457,46.68,23.09,26.24,7.94,86.19,50.9,69.41,8.18
458,46.68,23.12,26.2,7.94,86.19,50.9,69.21,8.18
459,46.68,23.09,26.24,7.94,86.19,50.9,69.21,8.2
460,46.78,23.12,26.24,7.93,85.89,50.9,69.41,8.2
461,46.68,23.12,26.24,7.93,86.19,50.9,69.21,8.2
462,46.68,23.12,26.24,7.93,86.19,50.9,69.41,8.2
463,46.68,23.12,26.24,7.94,86.19,50.9,69.41,8.2
464,46.68,23.12,26.24,7.95,86.19,51.02,69.41,8.2
465,46.68,23.12,26.24,7.94,86.19,50.9,69.41,8.2
466,46.68,23.12,26.24,7.95,86.19,51.02,69.41,8.2
467,46.68,23.16,26.29,7.95,86.19,51.02,69.41,8.2
468,46.68,23.12,26.24,7.94,86.49,51.14,69.41,8.21
469,46.68,23.12,26.24,7.94,86.19,51.14,69.41,8.21
470,46.68,23.12,26.24,7.95,86.19,51.14,69.41,8.21
471,46.68,23.16,26.24,7.95,86.49,51.02,69.41,8.21
472,46.68,23.16,26.33,7.95,86.19,51.14,69.41,8.22
473,46.68,23.19,26.29,7.95,86.19,51.02,69.41,8.21
474,46.58,23.16,26.24,7.96,86.19,51.02,69.41,8.22
475,46.58,23.16,26.29,7.95,86.19,51.14,69.41,8.22
476,46.68,23.12,26.24,7.95,86.19,51.02,69.41,8.21
477,46.58,23.12,26.2,7.95,86.19,51.02,69.21,8.22
478,46.68,23.12,26.2,7.95,86.19,50.9,69.41,8.21
479,46.68,23.12,26.24,7.95,86.19,51.02,69.21,8.22
480,46.68,23.16,26.29,7.95,86.19,51.02,69.21,8.21
481,46.68,23.12,26.24,7.96,86.19,51.02,69.41,8.22
482,46.68,23.16,26.24,7.96,86.49,51.14,69.62,8.22
483,46.78,23.16,26.29,7.96,86.49,51.14,69.41,8.22
484,46.68,23.16,26.33,7.95,86.49,51.14,69.41,8.22
485,46.78,23.19,26.29,7.96,86.19,51.02,69.41,8.22
486,46.68,23.16,26.33,7.97,86.19,51.14,69.41,8.21
487,46.78,23.16,26.33,7.97,86.49,51.26,69.41,8.22
488,46.78,23.19,26.29,7.97,86.49,51.14,69.62,8.23
489,46.89,23.19,26.33,7.97,86.49,51.26,69.62,8.22
490,46.78,23.19,26.33,7.97,86.49,51.14,69.41,8.22
491,46.99,23.19,26.33,7.97,86.49,51.14,69.41,8.23
492,46.89,23.19,26.37,7.98,86.49,51.14,69.62,8.22
493,46.89,23.19,26.33,7.99,86.49,51.14,69.62,8.23
494,46.89,23.16,26.37,7.97,86.49,51.26,69.62,8.23
495,46.78,23.19,26.33,7.97,86.79,51.02,69.62,8.23
496,46.89,23.19,26.37,7.98,86.49,51.14,69.62,8.22
497,46.89,23.16,26.37,7.97,86.49,51.26,69.62,8.23
498,46.99,23.23,26.41,7.98,86.49,51.14,69.82,8.23
499,46.99,23.19,26.41,7.98,86.49,51.26,69.82,8.22
500,46.99,23.19,26.37,7.99,86.79,51.14,69.82,8.23
501,47.1,23.23,26.41,7.98,86.79,51.14,69.82,8.23
502,46.99,23.23,26.41,7.97,86.79,51.14,69.82,8.24
503,46.89,23.23,26.37,7.98,86.79,51.14,69.82,8.23
504,46.78,23.19,26.37,7.98,86.49,51.14,70.03,8.23
505,46.89,23.19,26.37,7.99,86.79,51.14,69.82,8.22
506,46.78,23.19,26.37,7.98,87.09,51.26,69.62,8.23
507,46.89,23.19,26.37,7.98,86.49,51.14,69.82,8.23
508,46.89,23.23,26.33,7.98,86.49,51.14,69.82,8.23
509,46.89,23.23,26.41,7.99,86.79,51.26,69.82,8.23
510,46.89,23.19,26.41,7.99,86.79,51.14,69.82,8.23
511,46.89,23.19,26.37,7.99,86.79,51.14,69.62,8.23
512,46.89,23.19,26.37,7.99,86.79,51.26,69.82,8.22
513,46.99,23.23,26.41,7.98,86.79,51.26,69.82,8.23
514,46.99,23.23,26.41,7.99,86.79,51.38,70.03,8.23
515,46.99,23.23,26.41,7.97,86.79,51.26,69.82,8.22
516,46.99,23.23,26.41,7.98,86.79,51.14,69.82,8.23
517,46.99,23.23,26.41,7.98,86.79,51.38,69.82,8.23
518,46.99,23.23,26.41,7.99,86.79,51.26,69.82,8.23
519,47.1,23.19,26.45,7.99,86.79,51.14,69.82,8.23
520,47.1,23.26,26.41,7.99,86.79,51.26,69.82,8.23
521,46.99,23.23,26.45,8.0,86.79,51.26,69.82,8.23
522,47.1,23.26,26.45,7.98,86.79,51.26,69.82,8.23
523,46.99,23.26,26.45,7.99,86.79,51.38,70.03,8.23
524,47.1,23.26,26.45,7.99,86.79,51.14,70.03,8.23
525,47.1,23.23,26.45,7.99,86.79,51.26,70.03,8.23
526,46.99,23.23,26.41,7.98,86.79,51.14,69.82,8.23
527,46.89,23.19,26.41,7.99,86.79,51.26,69.82,8.22
528,46.99,23.23,26.37,7.98,86.49,51.14,69.62,8.22
529,46.89,23.16,26.41,7.99,86.49,51.14,69.82,8.22
530,46.99,23.19,26.37,7.97,86.49,51.14,69.62,8.23
531,46.99,23.23,26.41,7.97,86.79,51.14,69.62,8.22
532,46.99,23.23,26.41,7.98,86.79,51.14,69.82,8.22
533,46.99,23.23,26.41,7.98,86.79,51.26,70.03,8.22
534,46.99,23.23,26.37,7.98,86.79,51.26,70.03,8.23
535,46.99,23.26,26.41,7.99,86.49,51.26,69.82,8.22
536,46.89,23.23,26.37,7.98,86.49,51.14,69.82,8.22
537,46.89,23.19,26.41,7.98,86.49,51.26,69.82,8.23
538,46.89,23.19,26.33,7.97,86.49,51.14,69.62,8.22
539,46.89,23.19,26.33,7.98,86.49,51.14,69.62,8.22
540,46.89,23.19,26.37,7.97,86.49,51.14,69.41,8.23
541,46.89,23.19,26.33,7.97,86.49,51.14,69.62,8.22
542,46.78,23.19,26.33,7.98,86.79,51.02,69.82,8.23
543,46.78,23.19,26.33,7.97,86.49,51.14,69.82,8.21
544,46.89,23.19,26.33,7.97,86.49,51.14,69.62,8.22
545,46.78,23.16,26.33,7.98,86.19,51.02,69.62,8.22
546,46.78,23.16,26.29,7.96,86.49,51.02,69.62,8.22
547,46.89,23.16,26.29,7.96,86.49,51.02,69.62,8.2
548,46.78,23.16,26.29,7.96,86.49,50.9,69.41,8.21
549,46.78,23.12,26.29,7.96,86.49,50.9,69.62,8.2
550,46.89,23.12,26.29,7.95,86.49,50.9,69.41,8.2
551,46.89,23.12,26.29,7.96,86.49,51.02,69.41,8.21
552,46.89,23.12,26.24,7.95,86.19,50.9,69.62,8.2
553,46.89,23.09,26.29,7.94,86.49,50.9,69.62,8.2
554,46.89,23.09,26.29,7.94,86.49,50.9,69.62,8.2
555,46.89,23.05,26.29,7.94,86.19,50.78,69.41,8.2
556,46.89,23.09,26.29,7.95,86.19,50.78,69.62,8.2
557,46.89,23.09,26.33,7.94,86.19,50.9,69.62,8.2
558,46.89,23.12,26.33,7.94,86.49,50.9,69.82,8.2
559,46.89,23.12,26.33,7.94,86.49,50.9,69.62,8.18
560,46.89,23.12,26.33,7.94,86.49,51.02,69.62,8.21
561,46.89,23.12,26.33,7.94,86.49,50.9,69.62,8.2
562,46.89,23.12,26.33,7.94,86.49,50.9,69.62,8.2
563,46.78,23.12,26.33,7.94,86.49,50.9,69.62,8.2
564,46.89,23.12,26.33,7.94,86.49,50.9,69.82,8.2
565,46.89,23.12,26.33,7.95,86.49,50.9,69.82,8.2
566,46.78,23.09,26.29,7.94,86.49,50.9,69.62,8.2
567,46.78,23.12,26.29,7.95,86.49,51.02,69.62,8.2
568,46.78,23.12,26.33,7.94,86.49,50.9,69.62,8.2
569,46.68,23.12,26.24,7.95,86.49,51.02,69.62,8.2
570,46.78,23.16,26.29,7.94,86.19,51.02,69.62,8.2
571,46.68,23.12,26.33,7.95,86.19,50.9,69.41,8.2
572,46.58,23.12,26.29,7.95,86.19,51.02,69.62,8.2
573,46.78,23.12,26.29,7.96,86.19,51.02,69.41,8.21
574,46.68,23.12,26.29,7.94,86.19,51.02,69.62,8.22
575,46.68,23.12,26.29,7.94,86.19,51.02,69.41,8.21
576,46.58,23.12,26.24,7.94,86.19,50.9,69.41,8.21
577,46.68,23.12,26.24,7.96,86.19,51.02,69.41,8.2
578,46.58,23.12,26.24,7.95,86.19,50.9,69.41,8.2
579,46.58,23.16,26.24,7.95,86.19,51.14,69.62,8.22
580,46.68,23.19,26.29,7.96,86.49,51.14,69.41,8.22
581,46.68,23.16,26.29,7.96,86.19,51.14,69.41,8.22
582,46.68,23.19,26.29,7.96,86.49,51.14,69.41,8.22
583,46.78,23.16,26.29,7.95,86.49,51.02,69.62,8.22
584,46.78,23.23,26.33,7.97,86.49,51.02,69.62,8.22
