0,40.5,20.22,22.87,8.07,74.2,44.31,60.43,8.13
1,40.42,20.22,22.9,8.07,74.2,44.31,60.43,8.13
2,40.42,20.22,22.87,8.06,74.2,44.22,60.59,8.13
3,40.42,20.22,22.87,8.07,74.2,44.31,60.59,8.12
4,40.42,20.22,22.9,8.07,74.2,44.41,60.59,8.12
5,40.42,20.22,22.9,8.08,74.2,44.31,60.59,8.12
6,40.5,20.25,22.94,8.07,74.43,44.41,60.59,8.13
7,40.5,20.25,22.9,8.08,74.43,44.5,60.59,8.13
8,40.5,20.25,22.94,8.07,74.43,44.41,60.43,8.13
9,40.59,20.28,22.97,8.08,74.43,44.41,60.59,8.13
10,40.59,20.31,22.97,8.07,74.66,44.41,60.75,8.13
11,40.59,20.25,23.01,8.08,74.66,44.5,60.75,8.13
12,40.59,20.28,22.97,8.08,74.66,44.41,60.75,8.13
13,40.59,20.25,22.97,8.07,74.43,44.41,60.59,8.13
14,40.59,20.25,22.97,8.07,74.66,44.41,60.59,8.14
15,40.59,20.25,22.97,8.07,74.66,44.41,60.75,8.13
16,40.59,20.25,22.97,8.07,74.43,44.5,60.59,8.14
17,40.5,20.28,22.94,8.07,74.43,44.41,60.59,8.13
18,40.5,20.22,22.94,8.07,74.43,44.41,60.59,8.11
19,40.5,20.19,22.94,8.06,74.43,44.31,60.59,8.13
20,40.5,20.25,22.94,8.06,74.2,44.31,60.59,8.13
21,40.5,20.22,22.9,8.06,74.43,44.41,60.59,8.12
22,40.59,20.22,22.94,8.04,74.2,44.31,60.75,8.12
23,40.67,20.25,22.94,8.06,74.2,44.31,60.59,8.12
24,40.59,20.22,22.97,8.06,74.43,44.41,60.59,8.12
25,40.67,20.25,23.01,8.06,74.43,44.41,60.59,8.12
26,40.67,20.25,23.01,8.06,74.43,44.41,60.59,8.12
27,40.67,20.22,22.97,8.06,74.66,44.41,60.59,8.11
28,40.75,20.22,23.01,8.04,74.43,44.5,60.75,8.11
29,40.67,20.22,23.01,8.04,74.66,44.41,60.75,8.12
30,40.67,20.25,22.97,8.07,74.66,44.41,60.91,8.12
31,40.67,20.28,23.01,8.07,74.43,44.5,60.59,8.11
32,40.67,20.22,22.97,8.06,74.66,44.31,60.75,8.11
33,40.67,20.22,22.94,8.04,74.66,44.31,60.75,8.12
34,40.59,20.22,22.97,8.06,74.66,44.31,60.75,8.11
35,40.59,20.22,22.97,8.04,74.66,44.41,60.75,8.11
36,40.59,20.22,22.97,8.04,74.43,44.31,60.59,8.11
37,40.67,20.25,22.97,8.04,74.43,44.5,60.75,8.11
38,40.59,20.25,22.97,8.04,74.66,44.41,60.91,8.11
39,40.67,20.22,23.01,8.04,74.66,44.41,60.75,8.11
40,40.59,20.22,22.94,8.04,74.66,44.31,60.59,8.11
41,40.5,20.22,22.94,8.04,74.43,44.31,60.75,8.11
42,40.59,20.22,22.97,8.04,74.43,44.31,60.75,8.1
43,40.59,20.22,22.94,8.04,74.43,44.22,60.75,8.11
44,40.5,20.19,22.9,8.04,74.43,44.31,60.59,8.11
45,40.5,20.19,22.94,8.02,74.66,44.22,60.59,8.1
46,40.5,20.14,22.87,8.04,74.2,44.22,60.59,8.09
47,40.34,20.16,22.87,8.01,74.2,44.22,60.59,8.09
48,40.42,20.14,22.83,8.02,74.2,44.22,60.59,8.08
49,40.26,20.16,22.83,8.02,74.2,44.22,60.43,8.1
50,40.26,20.16,22.8,8.04,74.2,44.22,60.43,8.09
51,40.18,20.14,22.8,8.04,73.97,44.31,60.27,8.09
52,40.26,20.16,22.8,8.04,73.97,44.31,60.11,8.09
53,40.34,20.19,22.83,8.04,74.2,44.31,60.11,8.09
54,40.42,20.19,22.83,8.02,74.2,44.31,60.11,8.11
55,39.07,19.79,22.05,8.04,71.55,43.56,54.05,8.1
56,35.28,18.74,19.61,8.01,62.42,40.85,40.62,8.09
57,33.14,18.14,18.39,8.0,57.25,38.93,35.45,8.08
58,27.02,16.22,15.19,7.97,41.61,32.28,25.46,8.07
59,22.97,14.72,13.34,7.93,32.16,26.92,21.19,8.05
60,20.57,13.72,12.27,7.88,27.25,23.57,19.18,8.02
61,19.05,13.05,11.57,7.85,24.48,21.43,18.05,7.99
62,17.81,12.41,10.97,7.79,22.36,19.64,17.12,7.95
63,16.66,11.81,10.41,7.73,20.61,18.06,16.31,7.92
64,15.71,11.23,9.9,7.65,19.26,16.76,15.66,7.88
65,15.4,11.06,9.73,7.63,18.88,16.33,15.45,7.86
66,14.93,10.75,9.45,7.57,18.22,15.63,15.06,7.82
67,14.29,10.3,9.05,7.47,17.37,14.72,14.59,7.77
68,14.25,10.25,9.01,7.46,17.33,14.62,14.51,7.76
69,13.82,9.92,8.74,7.36,16.76,14.01,14.21,7.7
70,13.71,9.85,8.65,7.33,16.6,13.81,14.09,7.68
71,13.51,9.7,8.52,7.28,16.35,13.54,13.96,7.64
72,13.34,9.55,8.41,7.23,16.11,13.28,13.8,7.6
73,13.28,9.52,8.37,7.22,16.04,13.17,13.76,7.58
74,13.11,9.38,8.25,7.14,15.81,12.92,13.6,7.54
75,13.09,9.37,8.25,7.14,15.83,12.9,13.62,7.53
76,12.96,9.23,8.13,7.07,15.61,12.67,13.49,7.48
77,12.89,9.19,8.09,7.04,15.55,12.58,13.42,7.46
78,12.87,9.17,8.07,7.03,15.51,12.52,13.42,7.44
79,12.79,9.1,8.02,6.98,15.4,12.4,13.39,7.41
80,12.74,9.07,7.97,6.95,15.34,12.32,13.34,7.38
81,12.71,9.04,7.96,6.93,15.28,12.28,13.28,7.37
82,12.69,9.02,7.94,6.91,15.26,12.26,13.28,7.36
83,12.65,8.99,7.91,6.89,15.24,12.18,13.25,7.34
84,12.62,8.96,7.89,6.86,15.18,12.13,13.21,7.31
85,12.57,8.92,7.86,6.83,15.1,12.05,13.2,7.28
86,12.59,8.93,7.86,6.83,15.1,12.09,13.18,7.29
87,12.56,8.91,7.85,6.81,15.1,12.02,13.18,7.26
88,12.52,8.88,7.83,6.77,15.02,11.99,13.16,7.23
89,12.52,8.87,7.81,6.75,15.02,11.96,13.14,7.21
90,12.51,8.86,7.81,6.74,15.0,11.93,13.13,7.18
91,12.51,8.86,7.8,6.72,14.98,11.91,13.11,7.17
92,12.49,8.85,7.8,6.72,14.98,11.93,13.13,7.16
93,12.49,8.85,7.78,6.69,14.96,11.9,13.11,7.15
94,12.47,8.83,7.78,6.68,14.96,11.88,13.09,7.13
95,12.47,8.84,7.78,6.66,14.92,11.87,13.09,7.11
96,12.47,8.81,7.76,6.63,14.92,11.85,13.09,7.08
97,12.44,8.81,7.75,6.61,14.9,11.82,13.09,7.06
98,12.44,8.8,7.74,6.59,14.9,11.84,13.08,7.03
99,12.44,8.79,7.75,6.57,14.88,11.81,13.08,7.03
100,12.44,8.79,7.74,6.56,14.86,11.78,13.06,7.0
101,12.43,8.8,7.73,6.53,14.84,11.78,13.04,6.99
102,12.41,8.78,7.72,6.5,14.82,11.76,13.03,6.96
103,12.39,8.77,7.72,6.49,14.8,11.76,13.03,6.93
104,12.39,8.77,7.71,6.47,14.8,11.75,13.01,6.91
105,12.38,8.77,7.7,6.43,14.8,11.76,13.03,6.91
106,12.39,8.77,7.71,6.44,14.76,11.75,13.01,6.89
107,12.38,8.76,7.71,6.42,14.78,11.73,13.01,6.88
108,12.38,8.76,7.69,6.41,14.78,11.75,13.01,6.85
109,12.36,8.76,7.69,6.37,14.74,11.72,13.01,6.83
110,12.36,8.76,7.69,6.35,14.74,11.72,12.99,6.8
111,12.35,8.75,7.69,6.34,14.72,11.7,12.99,6.79
112,12.35,8.75,7.68,6.33,14.74,11.7,12.99,6.79
113,12.35,8.75,7.68,6.3,14.72,11.69,12.96,6.75
114,12.35,8.75,7.67,6.3,14.72,11.69,12.96,6.74
115,12.35,8.73,7.68,6.28,14.7,11.69,12.97,6.72
116,12.35,8.73,7.68,6.25,14.7,11.67,12.96,6.71
117,12.35,8.73,7.68,6.25,14.7,11.69,12.94,6.69
118,12.35,8.75,7.67,6.24,14.7,11.67,12.97,6.68
119,12.35,8.73,7.68,6.23,14.7,11.67,12.97,6.68
120,12.33,8.73,7.68,6.22,14.68,11.67,12.97,6.66
121,12.33,8.75,7.66,6.21,14.68,11.66,12.96,6.64
122,12.31,8.72,7.66,6.2,14.68,11.66,12.96,6.63
123,12.33,8.72,7.66,6.2,14.68,11.64,12.96,6.63
124,12.33,8.72,7.66,6.19,14.7,11.66,12.97,6.61
125,12.33,8.72,7.67,6.19,14.66,11.64,12.94,6.62
126,12.31,8.72,7.67,6.17,14.64,11.64,12.96,6.6
127,12.31,8.73,7.66,6.18,14.68,11.66,12.94,6.58
128,12.33,8.72,7.66,6.17,14.64,11.64,12.96,6.58
129,12.33,8.72,7.66,6.17,14.66,11.63,12.96,6.58
130,12.33,8.72,7.66,6.16,14.66,11.63,12.97,6.57
131,12.33,8.71,7.66,6.16,14.64,11.64,12.94,6.56
132,12.33,8.72,7.66,6.16,14.62,11.63,12.94,6.55
133,12.33,8.72,7.66,6.16,14.68,11.61,12.96,6.56
134,12.33,8.72,7.67,6.17,14.64,11.61,12.97,6.56
135,12.33,8.72,7.65,6.17,14.64,11.61,12.97,6.56
136,12.33,8.72,7.66,6.17,14.66,11.61,12.94,6.56
137,12.33,8.72,7.66,6.17,14.64,11.61,12.97,6.55
138,12.31,8.72,7.66,6.18,14.62,11.61,12.97,6.56
139,12.31,8.71,7.66,6.18,14.62,11.61,12.96,6.55
140,12.31,8.71,7.66,6.19,14.62,11.6,12.96,6.55
141,12.33,8.71,7.65,6.2,14.64,11.6,12.97,6.55
142,12.33,8.71,7.66,6.2,14.64,11.58,12.97,6.55
143,12.33,8.71,7.67,6.2,14.64,11.6,12.97,6.56
144,12.35,8.71,7.67,6.21,14.64,11.58,12.97,6.56
145,12.33,8.72,7.66,6.22,14.62,11.58,12.96,6.56
146,12.33,8.7,7.66,6.21,14.62,11.58,12.97,6.57
147,12.33,8.7,7.66,6.22,14.62,11.57,12.96,6.57
148,12.33,8.7,7.67,6.23,14.62,11.57,12.96,6.57
149,12.33,8.71,7.67,6.23,14.62,11.57,12.96,6.57
150,12.33,8.7,7.66,6.24,14.62,11.55,12.97,6.57
151,12.33,8.69,7.67,6.23,14.64,11.57,12.99,6.57
152,12.35,8.71,7.66,6.25,14.62,11.57,12.99,6.58
153,12.38,8.71,7.67,6.25,14.66,11.57,13.06,6.58
154,12.46,8.75,7.72,6.25,14.78,11.6,13.27,6.58
155,12.8,8.89,7.92,6.25,15.28,11.76,13.89,6.59
156,12.99,8.96,8.03,6.26,15.55,11.84,14.15,6.6
157,13.69,9.26,8.43,6.29,16.6,12.21,15.23,6.61
158,14.63,9.66,8.96,6.31,17.99,12.77,16.49,6.63
159,15.11,9.85,9.22,6.33,18.66,13.04,17.09,6.64
160,16.41,10.42,9.94,6.38,20.61,13.85,18.77,6.68
161,16.5,10.46,9.97,6.38,20.7,13.92,18.85,6.68
162,17.81,11.01,10.69,6.43,22.6,14.82,20.49,6.72
163,18.36,11.26,10.97,6.45,23.41,15.18,21.13,6.74
164,20.01,11.99,11.84,6.53,25.84,16.42,23.19,6.79
165,20.39,12.15,12.03,6.56,26.42,16.71,23.62,6.8
166,21.12,12.5,12.41,6.59,27.57,17.3,24.51,6.82
167,22.39,13.07,13.09,6.65,29.58,18.37,26.11,6.87
168,23.54,13.58,13.67,6.71,31.43,19.36,27.64,6.91
169,23.95,13.76,13.84,6.74,31.99,19.67,28.1,6.91
170,24.78,14.11,14.3,6.77,33.45,20.45,29.21,6.95
171,26.03,14.66,14.93,6.83,35.62,21.66,30.85,6.99
172,26.54,14.9,15.19,6.86,36.44,22.12,31.51,7.01
173,27.51,15.3,15.67,6.93,38.17,23.14,32.82,7.04
174,28.54,15.74,16.17,6.98,40.19,24.31,34.34,7.08
175,28.97,15.92,16.39,7.0,40.93,24.73,35.05,7.1
176,29.67,16.2,16.78,7.04,42.31,25.52,35.98,7.14
177,30.03,16.38,16.94,7.07,43.02,26.06,36.53,7.15
178,30.82,16.72,17.34,7.11,44.7,27.0,37.82,7.19
179,31.47,17.0,17.71,7.15,46.18,27.91,38.87,7.21
180,31.75,17.09,17.86,7.17,46.91,28.28,39.33,7.24
181,32.32,17.35,18.18,7.21,48.29,29.14,40.45,7.27
182,32.96,17.59,18.52,7.25,49.63,30.05,41.54,7.3
183,33.32,17.72,18.71,7.28,50.56,30.57,42.14,7.32
184,33.69,17.84,18.87,7.3,51.28,31.05,42.76,7.33
185,33.99,17.99,19.05,7.33,52.27,31.66,43.4,7.36
186,34.44,18.14,19.27,7.35,53.28,32.23,44.14,7.38
187,35.01,18.38,19.64,7.4,54.86,33.22,45.29,7.42
188,35.15,18.43,19.72,7.42,55.14,33.46,45.59,7.43
189,35.41,18.53,19.86,7.46,55.97,33.95,46.29,7.45
190,35.74,18.64,20.04,7.47,56.82,34.52,46.81,7.48
191,35.95,18.72,20.18,7.49,57.54,34.84,47.22,7.5
192,36.15,18.8,20.27,7.51,57.99,35.23,47.65,7.53
193,36.43,18.85,20.42,7.53,58.74,35.7,48.3,7.53
194,36.64,18.93,20.54,7.57,59.66,36.1,48.74,7.56
195,36.78,18.98,20.63,7.57,59.98,36.38,49.07,7.58
196,36.85,18.98,20.72,7.59,60.13,36.52,49.3,7.58
197,36.99,19.07,20.81,7.61,60.94,37.01,49.75,7.61
198,37.06,19.07,20.84,7.62,61.1,37.08,49.87,7.62
199,37.27,19.09,20.91,7.63,61.59,37.37,50.21,7.62
200,37.35,19.15,21.0,7.65,62.09,37.66,50.56,7.65
201,37.42,19.2,21.03,7.65,62.42,37.8,50.8,7.66
202,37.56,19.2,21.12,7.67,62.76,38.1,51.16,7.67
203,37.64,19.2,21.18,7.68,62.93,38.17,51.4,7.67
204,37.71,19.2,21.18,7.68,63.11,38.4,51.4,7.68
205,37.86,19.26,21.28,7.69,63.63,38.47,51.64,7.7
206,38.01,19.28,21.34,7.71,63.8,38.7,52.01,7.71
207,38.08,19.31,21.41,7.71,64.33,38.93,52.38,7.74
208,38.16,19.37,21.47,7.73,64.69,39.01,52.51,7.73
209,38.23,19.34,21.5,7.73,64.87,39.09,52.76,7.75
210,38.3,19.39,21.53,7.74,65.05,39.32,53.02,7.75
211,38.38,19.42,21.6,7.75,65.23,39.48,53.02,7.77
212,38.46,19.42,21.63,7.77,65.41,39.48,53.14,7.78
213,38.38,19.42,21.66,7.77,65.6,39.63,53.27,7.78
214,38.46,19.45,21.73,7.78,65.97,39.79,53.53,7.8
215,38.53,19.51,21.69,7.78,65.97,39.71,53.53,7.8
216,38.46,19.48,21.73,7.8,66.34,39.87,53.66,7.81
217,38.46,19.51,21.76,7.81,66.34,39.95,53.92,7.82
218,38.61,19.48,21.76,7.8,66.53,40.11,53.92,7.83
219,38.68,19.54,21.82,7.81,66.72,40.19,54.19,7.85
220,38.68,19.56,21.86,7.82,66.72,40.27,54.19,7.85
221,38.61,19.56,21.89,7.82,66.91,40.36,54.32,7.85
222,38.68,19.56,21.89,7.83,67.1,40.36,54.32,7.87
223,38.76,19.59,21.89,7.84,67.29,40.52,54.59,7.88
224,38.76,19.59,21.89,7.84,67.29,40.52,54.45,7.87
225,38.76,19.62,21.89,7.85,67.29,40.6,54.59,7.89
226,38.76,19.59,21.92,7.85,67.29,40.6,54.59,7.89
227,38.76,19.62,21.92,7.86,67.48,40.68,54.72,7.91
228,38.84,19.62,21.99,7.87,67.48,40.77,54.72,7.92
229,38.84,19.65,21.92,7.87,67.67,40.85,54.85,7.91
230,38.76,19.65,21.95,7.87,67.67,40.85,54.85,7.92
231,38.91,19.68,21.99,7.87,67.87,40.93,54.99,7.93
232,38.84,19.68,21.99,7.88,67.87,40.93,54.99,7.92
233,38.91,19.68,21.99,7.89,68.06,41.02,55.13,7.93
234,38.91,19.68,22.02,7.89,68.06,41.1,55.13,7.94
235,38.91,19.68,22.05,7.89,68.06,41.1,55.26,7.94
236,38.91,19.73,22.02,7.89,68.46,41.18,55.26,7.95
237,38.99,19.73,22.09,7.9,68.26,41.27,55.4,7.95
238,38.99,19.7,22.09,7.9,68.66,41.27,55.54,7.96
239,38.99,19.76,22.09,7.91,68.46,41.27,55.54,7.96
240,39.15,19.73,22.12,7.91,68.66,41.44,55.54,7.96
241,39.15,19.76,22.12,7.91,68.66,41.44,55.67,7.97
242,39.15,19.76,22.12,7.92,68.66,41.44,55.67,8.0
243,39.07,19.73,22.12,7.91,68.66,41.44,55.67,7.99
244,39.15,19.76,22.12,7.92,68.86,41.52,55.81,7.99
245,39.15,19.73,22.15,7.92,68.86,41.52,55.81,7.99
246,39.07,19.76,22.15,7.92,68.86,41.52,55.81,7.99
247,39.07,19.76,22.12,7.92,68.86,41.61,55.95,7.99
248,39.15,19.73,22.15,7.93,69.06,41.61,55.81,8.0
249,39.15,19.76,22.12,7.93,69.06,41.61,55.95,8.01
250,39.15,19.76,22.15,7.93,69.06,41.61,55.95,8.0
251,39.07,19.73,22.15,7.92,69.06,41.61,55.95,8.0
252,39.15,19.76,22.15,7.93,69.06,41.61,56.09,8.0
253,39.22,19.76,22.15,7.93,69.06,41.69,56.09,8.01
254,39.22,19.76,22.19,7.93,69.26,41.78,56.23,8.02
255,39.22,19.76,22.19,7.93,69.26,41.78,56.23,8.02
256,39.3,19.82,22.19,7.94,69.46,41.87,56.23,8.03
257,39.22,19.82,22.22,7.95,69.46,41.87,56.38,8.03
258,39.3,19.79,22.22,7.95,69.67,41.95,56.38,8.03
259,39.3,19.82,22.25,7.95,69.67,41.95,56.38,8.03
260,39.3,19.82,22.22,7.95,69.67,41.95,56.52,8.03
261,39.38,19.85,22.25,7.95,69.67,41.95,56.52,8.04
262,39.38,19.82,22.22,7.96,69.67,41.95,56.52,8.03
263,39.38,19.82,22.22,7.95,69.67,42.04,56.52,8.03
264,39.3,19.79,22.22,7.95,69.87,41.95,56.52,8.03
265,39.3,19.79,22.25,7.95,69.87,42.04,56.66,8.04
266,39.38,19.82,22.29,7.95,69.87,42.04,56.52,8.03
267,39.38,19.82,22.29,7.96,69.87,42.13,56.66,8.04
268,39.46,19.82,22.29,7.95,69.87,42.13,56.66,8.05
269,39.46,19.79,22.29,7.96,70.08,42.13,56.8,8.04
270,39.38,19.85,22.29,7.95,70.08,42.04,56.8,8.04
271,39.46,19.82,22.29,7.96,69.87,42.13,56.95,8.04
272,39.46,19.82,22.29,7.95,70.08,42.13,56.8,8.04
273,39.38,19.82,22.29,7.96,70.28,42.04,56.8,8.05
274,39.46,19.79,22.29,7.96,70.08,42.13,56.95,8.04
275,39.46,19.79,22.32,7.95,70.28,42.13,56.95,8.05
276,39.46,19.82,22.32,7.95,70.28,42.13,56.95,8.04
277,39.54,19.82,22.32,7.95,70.08,42.3,56.95,8.04
278,39.54,19.85,22.35,7.95,70.28,42.3,57.09,8.05
279,39.62,19.85,22.35,7.95,70.49,42.3,57.23,8.06
280,39.62,19.82,22.39,7.95,70.49,42.3,57.09,8.05
281,39.62,19.88,22.35,7.97,70.49,42.3,57.23,8.06
282,39.62,19.85,22.35,7.96,70.49,42.3,57.23,8.06
283,39.54,19.85,22.35,7.95,70.49,42.39,57.23,8.05
284,39.54,19.82,22.35,7.95,70.49,42.3,57.09,8.06
285,39.46,19.79,22.32,7.95,70.49,42.3,57.23,8.06
286,39.46,19.82,22.32,7.94,70.49,42.3,57.23,8.06
287,39.46,19.79,22.29,7.94,70.49,42.3,57.23,8.05
288,39.46,19.79,22.32,7.95,70.7,42.3,57.23,8.05
289,39.54,19.82,22.32,7.95,70.49,42.39,57.23,8.05
290,39.54,19.85,22.32,7.95,70.49,42.39,57.53,8.06
291,39.54,19.85,22.35,7.96,70.49,42.48,57.23,8.05
292,39.54,19.85,22.39,7.96,70.7,42.48,57.38,8.06
293,39.54,19.88,22.39,7.97,70.91,42.48,57.53,8.07
294,39.54,19.88,22.42,7.97,70.91,42.57,57.53,8.07
295,39.62,19.9,22.42,7.97,70.91,42.66,57.53,8.07
296,39.62,19.88,22.46,7.97,70.91,42.66,57.67,8.07
297,39.62,19.93,22.42,7.97,71.12,42.66,57.53,8.08
298,39.62,19.88,22.42,7.97,71.12,42.66,57.53,8.07
299,39.62,19.88,22.42,7.98,71.12,42.66,57.67,8.07
300,39.62,19.88,22.46,7.97,71.12,42.66,57.53,8.07
301,39.7,19.9,22.42,7.97,70.91,42.66,57.53,8.08
302,39.62,19.93,22.46,7.98,71.12,42.75,57.67,8.08
303,39.7,19.93,22.46,7.98,71.12,42.75,57.82,8.09
304,39.7,19.9,22.46,7.98,71.33,42.66,57.82,8.08
305,39.78,19.93,22.52,7.98,71.33,42.84,57.82,8.09
306,39.78,19.93,22.49,7.98,71.33,42.75,57.97,8.09
307,39.78,19.93,22.49,7.99,71.33,42.84,57.97,8.08
308,39.78,19.96,22.52,7.99,71.33,42.92,57.82,8.09
309,39.78,19.93,22.52,7.99,71.33,42.84,57.97,8.09
310,39.78,19.96,22.52,8.0,71.55,42.84,58.12,8.09
311,39.78,19.99,22.56,8.0,71.55,42.92,58.12,8.1
312,39.78,20.02,22.56,8.0,71.55,43.02,58.12,8.1
313,39.7,19.99,22.52,8.0,71.55,43.02,58.12,8.11
314,39.7,20.02,22.52,8.01,71.76,43.11,58.12,8.11
315,39.7,20.05,22.52,8.01,71.55,43.11,58.12,8.11
316,39.7,19.99,22.52,8.01,71.55,43.11,58.12,8.11
317,39.7,20.02,22.49,8.02,71.55,43.11,57.97,8.11
318,39.7,19.99,22.52,8.02,71.55,43.02,58.12,8.12
319,39.78,20.02,22.52,8.02,71.55,43.02,58.12,8.12
320,39.7,20.02,22.52,8.02,71.76,43.11,58.12,8.11
321,39.86,20.02,22.56,8.04,71.55,43.2,58.12,8.12
322,39.78,20.02,22.56,8.04,71.76,43.11,58.12,8.11
323,39.86,20.05,22.52,8.02,71.55,43.11,58.27,8.11
324,39.86,20.05,22.56,8.02,71.76,43.2,58.42,8.11
325,39.78,20.05,22.59,8.04,71.98,43.29,58.42,8.13
326,39.86,20.05,22.56,8.04,71.76,43.29,58.42,8.13
327,39.86,20.08,22.56,8.04,71.76,43.29,58.42,8.12
328,39.78,20.08,22.56,8.04,71.76,43.29,58.42,8.13
329,39.86,20.11,22.52,8.04,71.76,43.29,58.57,8.13
330,39.78,20.08,22.56,8.06,71.98,43.38,58.57,8.13
331,39.86,20.11,22.56,8.04,71.98,43.38,58.57,8.14
332,39.86,20.11,22.56,8.04,71.76,43.38,58.42,8.13
333,39.86,20.14,22.56,8.06,71.98,43.38,58.57,8.15
334,39.86,20.11,22.56,8.06,71.98,43.38,58.57,8.14
335,39.86,20.08,22.56,8.06,71.76,43.47,58.42,8.15
336,39.86,20.08,22.56,8.04,71.98,43.38,58.57,8.14
337,39.86,20.08,22.56,8.04,71.98,43.38,58.57,8.14
338,39.94,20.11,22.56,8.06,71.76,43.38,58.57,8.13
339,39.86,20.11,22.59,8.07,71.98,43.38,58.57,8.14
340,39.94,20.08,22.56,8.06,71.98,43.38,58.57,8.14
341,39.94,20.11,22.56,8.04,71.98,43.38,58.57,8.13
342,39.94,20.08,22.56,8.04,71.98,43.38,58.57,8.14
343,39.94,20.05,22.59,8.04,72.2,43.29,58.57,8.13
344,40.02,20.08,22.59,8.04,72.2,43.38,58.72,8.14
345,40.02,20.05,22.59,8.04,71.98,43.38,58.57,8.13
346,40.02,20.05,22.59,8.04,72.2,43.38,58.72,8.13
347,39.94,20.05,22.59,8.06,72.2,43.38,58.72,8.13
348,40.02,20.05,22.59,8.04,72.2,43.38,58.72,8.14
349,40.02,20.08,22.59,8.04,72.2,43.47,58.72,8.13
350,40.02,20.08,22.63,8.04,72.2,43.47,58.72,8.13
351,40.02,20.11,22.59,8.06,72.41,43.47,58.87,8.13
352,40.02,20.08,22.63,8.04,72.41,43.56,58.87,8.14
353,40.02,20.11,22.63,8.06,72.41,43.38,58.72,8.14
354,40.02,20.11,22.66,8.04,72.41,43.56,58.87,8.14
355,40.1,20.11,22.66,8.06,72.41,43.56,58.87,8.14
356,40.1,20.11,22.7,8.07,72.41,43.56,59.02,8.14
357,40.1,20.14,22.7,8.06,72.63,43.56,59.02,8.14
358,40.1,20.14,22.7,8.06,72.63,43.56,59.02,8.14
359,40.18,20.14,22.73,8.07,72.63,43.56,59.18,8.14
360,40.18,20.14,22.73,8.07,72.63,43.56,59.02,8.15
361,40.1,20.14,22.73,8.07,72.63,43.56,59.02,8.15
362,40.18,20.14,22.73,8.07,72.63,43.56,59.02,8.15
363,40.18,20.16,22.73,8.07,72.63,43.56,59.18,8.15
364,40.18,20.14,22.73,8.08,72.63,43.66,59.18,8.14
365,40.26,20.16,22.76,8.08,72.85,43.75,59.18,8.15
366,40.18,20.16,22.73,8.07,72.85,43.66,59.18,8.15
367,40.18,20.16,22.73,8.07,72.85,43.66,59.18,8.14
368,40.18,20.16,22.76,8.07,72.63,43.66,59.18,8.14
369,40.18,20.16,22.73,8.07,72.85,43.66,59.18,8.14
370,40.18,20.14,22.73,8.07,72.85,43.75,59.18,8.14
371,40.18,20.16,22.76,8.07,72.85,43.66,59.18,8.15
372,40.26,20.14,22.73,8.07,72.85,43.66,59.18,8.15
373,40.26,20.16,22.76,8.07,72.85,43.66,59.33,8.15
374,40.26,20.16,22.76,8.08,73.08,43.66,59.18,8.15
375,40.26,20.16,22.76,8.08,72.85,43.75,59.33,8.15
376,40.34,20.16,22.76,8.07,72.85,43.75,59.33,8.15
377,40.34,20.14,22.8,8.08,73.08,43.75,59.49,8.15
378,40.34,20.19,22.8,8.08,73.08,43.75,59.49,8.16
379,40.26,20.16,22.8,8.07,73.3,43.84,59.49,8.15
380,40.26,20.16,22.76,8.06,72.85,43.75,59.49,8.15
381,40.34,20.14,22.76,8.07,73.08,43.75,59.49,8.14
382,40.26,20.16,22.76,8.07,73.08,43.66,59.33,8.13
383,40.34,20.16,22.76,8.07,73.08,43.75,59.33,8.14
384,40.26,20.14,22.76,8.07,73.08,43.66,59.33,8.14
385,40.26,20.14,22.76,8.06,72.85,43.75,59.33,8.13
386,40.26,20.14,22.73,8.06,72.85,43.66,59.33,8.14
387,40.18,20.11,22.73,8.06,73.08,43.66,59.33,8.14
388,40.18,20.11,22.73,8.06,72.85,43.66,59.33,8.14
389,40.18,20.11,22.73,8.04,72.63,43.66,59.33,8.13
390,40.26,20.11,22.7,8.04,72.85,43.56,59.33,8.13
391,40.18,20.11,22.7,8.06,72.85,43.56,59.18,8.13
392,40.1,20.08,22.7,8.06,72.85,43.56,59.33,8.13
393,40.18,20.11,22.7,8.04,72.85,43.56,59.33,8.13
394,40.1,20.11,22.7,8.04,72.85,43.66,59.33,8.14
395,40.1,20.11,22.7,8.04,72.85,43.66,59.33,8.13
396,40.18,20.11,22.66,8.04,72.85,43.47,59.33,8.12
397,40.1,20.11,22.66,8.04,72.85,43.56,59.33,8.12
398,40.1,20.05,22.63,8.04,72.63,43.56,59.18,8.12
399,40.02,20.05,22.66,8.04,72.85,43.56,59.18,8.12
400,40.18,20.05,22.66,8.04,72.85,43.56,59.33,8.12
401,40.1,20.11,22.66,8.04,72.85,43.66,59.18,8.12
402,40.02,20.05,22.63,8.04,72.85,43.56,59.33,8.12
403,40.1,20.05,22.66,8.04,72.63,43.56,59.18,8.13
404,40.02,20.05,22.63,8.04,72.63,43.56,59.33,8.11
405,40.1,20.08,22.66,8.04,72.85,43.56,59.33,8.12
406,40.18,20.08,22.66,8.04,72.85,43.56,59.33,8.12
407,40.18,20.08,22.66,8.04,72.85,43.66,59.33,8.13
408,40.18,20.08,22.7,8.04,73.08,43.66,59.33,8.12
409,40.18,20.11,22.7,8.04,73.08,43.75,59.49,8.12
410,40.1,20.11,22.73,8.04,73.08,43.75,59.49,8.13
411,40.18,20.11,22.73,8.04,73.08,43.75,59.49,8.12
412,40.18,20.11,22.73,8.06,73.3,43.75,59.33,8.12
413,40.18,20.14,22.73,8.06,73.08,43.75,59.64,8.13
414,40.18,20.14,22.73,8.06,73.08,43.75,59.49,8.13
415,40.18,20.11,22.73,8.04,73.08,43.75,59.49,8.12
416,40.18,20.11,22.73,8.04,73.08,43.84,59.64,8.12
417,40.1,20.14,22.73,8.06,73.3,43.75,59.49,8.13
418,40.18,20.14,22.73,8.06,73.08,43.66,59.49,8.12
419,40.1,20.11,22.7,8.04,73.3,43.75,59.49,8.12
420,40.1,20.11,22.7,8.04,73.08,43.66,59.49,8.13
421,40.1,20.11,22.7,8.04,73.08,43.75,59.49,8.12
422,40.1,20.08,22.7,8.04,72.85,43.75,59.49,8.12
423,40.02,20.14,22.7,8.04,73.08,43.66,59.49,8.12
424,40.1,20.11,22.7,8.07,73.08,43.75,59.49,8.12
425,40.18,20.16,22.7,8.04,73.3,43.84,59.64,8.13
426,40.1,20.16,22.73,8.06,73.3,43.84,59.49,8.13
427,40.18,20.14,22.73,8.06,73.08,43.84,59.49,8.13
428,40.1,20.14,22.7,8.07,73.08,43.75,59.49,8.13
429,40.1,20.14,22.7,8.07,73.08,43.75,59.33,8.12
430,40.1,20.11,22.66,8.06,72.85,43.56,59.33,8.13
431,40.1,20.08,22.63,8.06,73.08,43.75,59.33,8.11
432,40.02,20.08,22.63,8.04,72.85,43.75,59.33,8.11
433,40.1,20.08,22.66,8.04,73.08,43.75,59.49,8.13
434,40.1,20.08,22.66,8.04,73.08,43.84,59.33,8.13
435,40.18,20.11,22.7,8.06,73.08,43.84,59.49,8.12
436,40.18,20.16,22.7,8.04,73.08,43.84,59.49,8.12
437,40.18,20.14,22.7,8.06,73.08,43.84,59.49,8.13
438,40.1,20.14,22.73,8.06,73.3,43.84,59.64,8.11
439,40.18,20.14,22.73,8.07,73.3,43.84,59.64,8.13
440,40.18,20.14,22.73,8.06,73.3,43.84,59.64,8.12
441,40.18,20.11,22.73,8.07,73.08,43.75,59.64,8.13
442,40.18,20.14,22.73,8.06,73.3,43.84,59.64,8.13
443,40.18,20.16,22.73,8.06,73.3,43.84,59.64,8.13
444,40.26,20.16,22.76,8.06,73.3,43.84,59.8,8.13
445,40.34,20.16,22.76,8.07,73.52,43.84,59.8,8.14
446,40.34,20.19,22.8,8.07,73.3,43.93,59.8,8.13
447,40.34,20.19,22.83,8.07,73.52,43.93,59.95,8.13
448,40.34,20.19,22.8,8.07,73.52,43.93,59.95,8.15
449,40.42,20.16,22.83,8.07,73.52,43.93,59.95,8.14
450,40.34,20.19,22.83,8.08,73.52,43.93,59.8,8.13
451,40.34,20.16,22.83,8.07,73.52,43.93,59.95,8.13
452,40.34,20.14,22.83,8.06,73.52,44.03,59.8,8.13
453,40.34,20.14,22.8,8.06,73.52,43.93,59.95,8.13
454,40.34,20.16,22.83,8.08,73.52,44.03,59.95,8.13
455,40.42,20.16,22.83,8.06,73.52,44.03,59.95,8.13
456,40.42,20.19,22.87,8.07,73.75,44.03,60.11,8.13
457,40.42,20.19,22.87,8.07,73.75,43.93,59.95,8.14
458,40.42,20.22,22.9,8.08,73.75,44.12,60.11,8.15
459,40.5,20.22,22.9,8.08,73.97,44.12,60.11,8.15
460,40.5,20.25,22.9,8.08,73.75,44.22,60.11,8.14
461,40.42,20.22,22.94,8.09,73.75,44.12,60.27,8.16
462,40.5,20.25,22.94,8.09,73.97,44.22,60.11,8.14
463,40.5,20.25,22.9,8.09,73.97,44.22,60.27,8.15
464,40.5,20.22,22.9,8.09,73.97,44.12,60.11,8.15
465,40.42,20.22,22.9,8.1,73.97,44.03,60.11,8.14
466,40.42,20.22,22.87,8.09,73.75,44.12,60.11,8.15
467,40.34,20.22,22.83,8.09,73.75,44.12,59.95,8.14
468,40.34,20.22,22.83,8.09,73.75,44.22,59.95,8.14
469,40.34,20.19,22.87,8.09,73.75,44.22,59.95,8.14
470,40.34,20.22,22.83,8.08,73.52,44.12,59.95,8.15
471,40.34,20.22,22.8,8.08,73.52,44.12,59.8,8.15
472,40.26,20.22,22.8,8.08,73.52,44.12,59.95,8.14
473,40.34,20.19,22.83,8.08,73.52,44.12,59.95,8.14
474,40.26,20.25,22.83,8.1,73.52,44.22,59.95,8.15
475,40.34,20.19,22.83,8.09,73.75,44.12,60.11,8.15
476,40.34,20.22,22.83,8.09,73.75,44.22,59.95,8.15
477,40.34,20.25,22.87,8.1,73.75,44.22,59.95,8.14
478,40.34,20.22,22.83,8.1,73.75,44.22,60.11,8.15
479,40.42,20.25,22.83,8.09,73.75,44.22,59.95,8.15
480,40.34,20.25,22.87,8.1,73.75,44.22,60.11,8.15
481,40.34,20.22,22.83,8.1,73.75,44.22,60.27,8.15
482,40.34,20.28,22.87,8.1,73.97,44.22,60.11,8.15
483,40.34,20.28,22.87,8.1,73.75,44.12,60.11,8.15
484,40.34,20.25,22.87,8.1,73.97,44.22,59.95,8.14
485,40.34,20.28,22.87,8.1,73.75,44.22,59.95,8.14
486,40.42,20.25,22.83,8.09,73.75,44.22,60.11,8.15
487,40.26,20.22,22.83,8.1,73.75,44.12,60.11,8.15
488,40.34,20.22,22.83,8.1,73.75,44.12,60.11,8.14
489,40.34,20.22,22.8,8.09,73.52,44.12,59.95,8.14
490,40.26,20.22,22.8,8.09,73.52,44.12,59.95,8.14
491,40.26,20.22,22.8,8.1,73.75,44.22,59.95,8.14
492,40.34,20.22,22.83,8.09,73.52,44.12,60.11,8.15
493,40.42,20.22,22.83,8.09,73.75,44.22,60.11,8.15
494,40.34,20.22,22.83,8.09,73.75,44.12,59.95,8.15
495,40.26,20.22,22.83,8.09,73.52,44.12,59.95,8.14
496,40.34,20.19,22.8,8.09,73.75,44.12,59.95,8.14
497,40.34,20.25,22.83,8.09,73.75,44.22,59.95,8.15
498,40.42,20.22,22.83,8.09,73.97,44.31,60.27,8.15
499,40.42,20.22,22.87,8.09,73.75,44.12,60.27,8.14
500,40.34,20.28,22.87,8.09,73.97,44.12,60.27,8.15
501,40.42,20.28,22.83,8.1,73.75,44.22,60.11,8.16
502,40.42,20.25,22.87,8.09,73.97,44.31,60.11,8.15
503,40.42,20.22,22.87,8.1,73.97,44.22,60.27,8.16
504,40.34,20.22,22.83,8.09,73.97,44.22,60.27,8.15
505,40.34,20.22,22.83,8.09,73.75,44.22,60.11,8.14
506,40.34,20.19,22.8,8.09,73.75,44.22,60.11,8.14
507,40.34,20.19,22.8,8.08,73.75,44.12,59.95,8.15
508,40.34,20.19,22.8,8.08,73.75,44.12,59.95,8.14
509,40.34,20.22,22.8,8.08,73.75,44.03,60.11,8.14
510,40.5,20.22,22.8,8.09,73.75,44.22,60.11,8.14
511,40.34,20.19,22.8,8.08,73.75,44.12,60.11,8.15
512,40.34,20.22,22.83,8.08,73.97,44.22,60.11,8.14
513,40.42,20.25,22.8,8.09,73.75,44.22,60.11,8.15
514,40.42,20.22,22.8,8.09,73.75,44.31,60.11,8.15
515,40.34,20.25,22.83,8.09,73.75,44.31,60.11,8.15
516,40.18,20.19,22.83,8.09,73.75,44.22,60.11,8.14
517,40.26,20.22,22.76,8.09,73.52,44.12,59.95,8.14
518,40.18,20.22,22.76,8.08,73.75,44.22,60.11,8.14
519,40.18,20.22,22.76,8.09,73.75,44.22,60.11,8.14
520,40.18,20.19,22.73,8.08,73.52,44.12,59.95,8.15
521,40.18,20.19,22.73,8.08,73.52,44.03,59.8,8.14
522,40.18,20.19,22.7,8.09,73.52,44.22,59.8,8.14
523,40.18,20.19,22.73,8.08,73.3,44.12,59.95,8.14
524,40.18,20.16,22.76,8.08,73.52,44.22,59.95,8.15
525,40.26,20.22,22.76,8.1,73.52,44.12,60.43,8.14
526,40.26,20.19,22.8,8.08,73.75,44.22,60.11,8.14
527,40.34,20.22,22.8,8.09,73.75,44.22,60.27,8.15
528,40.34,20.22,22.8,8.08,73.75,44.22,60.27,8.15
529,40.26,20.22,22.8,8.08,73.75,44.22,60.11,8.14
530,40.34,20.22,22.8,8.09,73.75,44.22,60.11,8.14
531,40.34,20.22,22.8,8.08,73.97,44.31,60.11,8.14
532,40.26,20.22,22.8,8.09,73.75,44.22,60.11,8.14
533,40.34,20.22,22.76,8.09,73.75,44.22,60.27,8.15
534,40.34,20.22,22.8,8.09,73.75,44.22,60.11,8.14
535,40.34,20.22,22.8,8.09,73.75,44.31,60.11,8.14
536,40.26,20.22,22.83,8.08,73.97,44.22,60.27,8.15
537,40.34,20.25,22.8,8.1,73.97,44.31,60.27,8.16
538,40.34,20.25,22.83,8.1,73.97,44.31,60.27,8.15
539,40.26,20.25,22.83,8.09,73.97,44.31,60.27,8.15
540,40.34,20.22,22.83,8.1,73.75,44.31,60.27,8.15
541,40.34,20.22,22.83,8.09,73.97,44.31,60.11,8.15
542,40.34,20.25,22.83,8.1,73.97,44.31,60.11,8.15
543,40.34,20.28,22.83,8.1,73.97,44.31,60.27,8.16
544,40.34,20.28,22.8,8.1,73.97,44.31,60.27,8.15
545,40.34,20.25,22.83,8.1,73.97,44.41,60.27,8.15
546,40.26,20.25,22.83,8.1,73.97,44.31,60.27,8.15
547,40.34,20.25,22.83,8.1,73.97,44.31,60.27,8.15
548,40.34,20.25,22.83,8.1,73.97,44.41,60.27,8.15
549,40.34,20.28,22.87,8.1,73.97,44.31,60.27,8.15
550,40.42,20.28,22.87,8.11,73.97,44.5,60.27,8.15
551,40.42,20.28,22.87,8.1,73.97,44.41,60.27,8.17
552,40.5,20.28,22.87,8.11,73.97,44.41,60.27,8.15
553,40.5,20.28,22.87,8.1,73.97,44.41,60.43,8.17
554,40.42,20.28,22.87,8.1,73.97,44.31,60.43,8.15
555,40.5,20.25,22.87,8.11,74.2,44.41,60.27,8.16
556,40.42,20.22,22.87,8.1,73.97,44.31,60.27,8.15
557,40.42,20.22,22.87,8.1,73.97,44.31,60.27,8.15
558,40.42,20.22,22.87,8.09,73.97,44.31,60.27,8.14
559,40.5,20.19,22.83,8.08,73.97,44.12,60.27,8.15
560,40.5,20.22,22.87,8.09,73.97,44.31,60.27,8.14
561,40.42,20.22,22.87,8.09,74.2,44.31,60.43,8.15
562,40.5,20.22,22.83,8.09,73.97,44.31,60.27,8.14
563,40.5,20.22,22.87,8.08,74.2,44.41,60.27,8.15
564,40.5,20.25,22.87,8.09,74.2,44.31,60.43,8.15
565,40.5,20.25,22.9,8.09,74.2,44.41,60.43,8.14
566,40.5,20.22,22.9,8.09,74.2,44.31,60.43,8.15
567,40.5,20.25,22.87,8.09,73.97,44.31,60.43,8.14
568,40.5,20.22,22.87,8.08,73.97,44.31,60.27,8.14
569,40.34,20.22,22.87,8.09,74.2,44.31,60.27,8.14
570,40.42,20.22,22.87,8.09,74.2,44.31,60.27,8.14
571,40.42,20.22,22.87,8.08,73.97,44.31,60.27,8.14
572,40.42,20.19,22.87,8.08,74.2,44.31,60.43,8.14
573,40.59,20.19,22.87,8.09,74.2,44.31,60.43,8.14
574,40.5,20.22,22.87,8.08,73.97,44.31,60.27,8.14
575,40.42,20.22,22.87,8.08,74.2,44.22,60.59,8.15
576,40.5,20.25,22.9,8.08,74.2,44.31,60.43,8.14
577,40.5,20.22,22.9,8.08,74.2,44.41,60.27,8.14
578,40.5,20.22,22.9,8.08,74.2,44.31,60.43,8.14
579,40.42,20.22,22.9,8.08,74.2,44.31,60.43,8.15
580,40.42,20.19,22.87,8.08,73.97,44.41,60.43,8.14
581,40.42,20.22,22.87,8.08,73.97,44.31,60.43,8.15
582,40.34,20.19,22.83,8.08,73.97,44.22,60.27,8.14
583,40.34,20.19,22.83,8.08,73.97,44.22,60.27,8.15
584,40.34,20.19,22.83,8.07,73.97,44.22,60.27,8.13
585,40.34,20.19,22.83,8.07,73.97,44.22,60.27,8.13
586,40.26,20.19,22.8,8.07,73.97,44.22,60.27,8.13
587,40.34,20.19,22.8,8.07,73.75,44.22,60.27,8.14
588,40.34,20.19,22.83,8.07,74.2,44.31,60.11,8.14
589,40.42,20.22,22.83,8.07,73.97,44.31,60.43,8.14
590,40.42,20.25,22.87,8.09,74.2,44.31,60.43,8.13
591,40.42,20.22,22.87,8.08,73.97,44.41,60.43,8.14
592,40.5,20.22,22.87,8.09,74.2,44.41,60.43,8.14
593,40.5,20.25,22.87,8.08,74.2,44.22,60.43,8.14
594,40.42,20.22,22.9,8.09,74.2,44.41,60.43,8.14
595,40.5,20.22,22.87,8.08,74.2,44.5,60.59,8.14
596,40.34,20.22,22.87,8.08,74.2,44.31,60.43,8.14
597,40.42,20.22,22.87,8.08,73.97,44.31,60.27,8.15
598,40.26,20.22,22.83,8.08,73.97,44.41,60.43,8.14
