0,34.95,16.4,19.11,5.61,65.97,40.44,51.04,6.75
1,35.01,16.45,19.11,5.61,66.15,40.44,51.04,6.74
2,35.01,16.45,19.14,5.61,66.15,40.44,51.16,6.74
3,34.95,16.42,19.14,5.62,66.15,40.52,51.04,6.74
4,34.95,16.42,19.11,5.62,66.15,40.44,51.04,6.74
5,34.76,16.38,19.03,5.62,65.6,40.36,50.8,6.74
6,34.69,16.33,19.0,5.6,65.6,40.27,50.8,6.73
7,34.63,16.29,18.92,5.59,65.41,40.11,50.56,6.72
8,34.56,16.29,18.89,5.59,65.23,40.11,50.45,6.72
9,34.63,16.29,18.89,5.59,65.23,40.19,50.56,6.72
10,34.69,16.29,18.89,5.59,65.23,40.11,50.56,6.72
11,34.76,16.36,18.97,5.61,65.6,40.27,50.8,6.74
12,34.95,16.4,19.05,5.61,65.78,40.36,51.04,6.74
13,35.08,16.49,19.14,5.63,65.78,40.6,51.04,6.76
14,35.08,16.49,19.16,5.62,65.97,40.6,51.04,6.77
15,35.15,16.49,19.14,5.62,65.97,40.52,51.16,6.77
16,35.15,16.49,19.16,5.63,66.15,40.6,51.16,6.76
17,35.21,16.47,19.19,5.63,66.15,40.6,51.16,6.76
18,35.15,16.47,19.16,5.63,66.15,40.6,51.16,6.76
19,35.15,16.47,19.16,5.62,66.15,40.44,51.16,6.77
20,35.21,16.51,19.25,5.63,66.34,40.68,51.28,6.78
21,35.28,16.54,19.27,5.65,66.53,40.77,51.4,6.78
22,35.41,16.65,19.36,5.66,66.72,40.85,51.64,6.8
23,35.48,16.63,19.39,5.67,66.72,41.02,51.64,6.8
24,35.48,16.67,19.39,5.67,66.72,41.02,51.64,6.8
25,35.48,16.65,19.39,5.67,66.91,41.02,51.64,6.8
26,35.48,16.63,19.36,5.67,66.72,40.93,51.64,6.8
27,35.34,16.6,19.3,5.67,66.72,40.85,51.64,6.8
28,35.15,16.51,19.19,5.66,66.34,40.6,51.28,6.8
29,35.15,16.51,19.19,5.66,66.34,40.68,51.28,6.79
30,35.28,16.54,19.22,5.66,66.34,40.77,51.28,6.8
31,35.15,16.54,19.22,5.66,66.34,40.68,51.28,6.8
32,35.15,16.51,19.16,5.66,66.15,40.77,51.28,6.8
33,35.15,16.51,19.16,5.66,66.34,40.68,51.16,6.79
34,35.15,16.51,19.16,5.66,66.15,40.68,51.28,6.79
35,35.21,16.54,19.19,5.67,66.34,40.77,51.4,6.8
36,35.28,16.56,19.27,5.67,66.53,40.85,51.52,6.8
37,35.34,16.63,19.3,5.68,66.72,40.85,51.64,6.8
38,35.41,16.63,19.3,5.67,66.72,40.93,51.64,6.81
39,35.28,16.58,19.27,5.67,66.34,40.77,51.4,6.8
40,35.21,16.56,19.22,5.67,66.34,40.77,51.4,6.8
41,35.34,16.56,19.27,5.67,66.53,40.77,51.52,6.8
42,35.34,16.58,19.27,5.67,66.53,40.93,51.52,6.8
43,35.34,16.58,19.3,5.68,66.53,40.93,51.52,6.82
44,35.41,16.6,19.3,5.67,66.53,40.85,51.52,6.81
45,35.34,16.58,19.27,5.67,66.53,40.85,51.4,6.81
46,35.34,16.56,19.25,5.67,66.53,40.85,51.52,6.8
47,35.28,16.56,19.22,5.68,66.34,40.77,51.4,6.8
48,35.21,16.51,19.19,5.67,66.34,40.68,51.16,6.8
49,35.21,16.49,19.19,5.66,66.34,40.68,51.28,6.8
50,35.34,16.56,19.25,5.67,66.34,40.77,51.4,6.81
51,35.34,16.58,19.25,5.67,66.53,40.93,51.52,6.81
52,35.48,16.65,19.36,5.69,66.72,41.02,51.64,6.83
53,35.54,16.65,19.39,5.68,66.72,41.02,51.52,6.82
54,35.81,16.7,19.47,5.69,67.1,41.1,51.64,6.82
55,36.02,16.67,19.58,5.69,67.48,41.18,51.64,6.83
56,36.02,16.67,19.58,5.7,67.48,41.1,51.52,6.82
57,35.81,16.67,19.36,5.67,67.1,40.93,49.64,6.8
58,34.76,16.51,18.26,5.55,64.15,40.44,43.86,6.68
59,32.32,16.2,16.71,5.27,57.11,38.85,38.41,6.4
60,31.69,16.11,16.37,5.15,55.27,38.4,37.6,6.31
61,30.82,15.96,15.93,4.92,52.64,37.51,36.53,6.09
62,30.08,15.81,15.59,4.59,50.92,36.52,35.78,5.82
63,29.22,15.58,15.15,4.12,49.29,35.36,34.92,5.39
64,28.87,15.47,15.01,3.85,48.73,34.91,34.6,5.15
65,28.63,15.41,14.89,3.64,48.18,34.52,34.34,4.95
66,28.58,15.37,14.83,3.55,48.08,34.39,34.22,4.87
67,28.35,15.3,14.73,3.34,47.54,34.08,33.91,4.65
68,28.16,15.26,14.63,3.17,47.22,33.83,33.66,4.46
69,28.02,15.2,14.55,3.0,46.8,33.59,33.42,4.27
70,27.83,15.14,14.48,2.89,46.59,33.34,33.3,4.13
71,27.79,15.14,14.44,2.83,46.49,33.28,33.18,4.06
72,27.65,15.1,14.38,2.7,46.18,33.04,33.0,3.89
73,27.56,15.08,14.32,2.63,45.98,32.98,32.94,3.79
74,27.51,15.08,14.3,2.56,45.78,32.92,32.82,3.67
75,27.47,15.08,14.29,2.53,45.78,32.87,32.76,3.64
76,27.38,15.06,14.23,2.47,45.58,32.69,32.59,3.53
77,27.38,15.04,14.23,2.46,45.48,32.69,32.64,3.51
78,27.33,15.02,14.19,2.41,45.38,32.63,32.47,3.42
79,27.33,15.02,14.17,2.39,45.28,32.57,32.47,3.37
80,27.33,15.02,14.15,2.37,45.28,32.57,32.41,3.33
81,27.29,15.02,14.12,2.35,45.09,32.46,32.35,3.29
82,27.24,14.98,14.1,2.32,45.09,32.46,32.35,3.25
83,27.29,14.98,14.12,2.31,44.99,32.46,32.3,3.21
84,27.24,15.0,14.12,2.3,45.09,32.46,32.3,3.2
85,27.29,15.04,14.12,2.28,45.09,32.46,32.35,3.15
86,27.24,15.04,14.1,2.27,44.89,32.46,32.35,3.13
87,27.24,15.0,14.08,2.27,44.99,32.46,32.3,3.12
88,27.2,15.0,14.06,2.25,44.89,32.34,32.24,3.07
89,27.15,14.98,14.06,2.24,44.8,32.34,32.12,3.06
90,27.2,14.96,14.06,2.25,44.8,32.23,32.18,3.06
91,27.2,14.94,14.04,2.23,44.7,32.17,32.12,3.02
92,27.15,14.94,14.04,2.23,44.7,32.17,32.12,3.01
93,27.11,14.9,14.0,2.23,44.6,32.11,32.07,2.99
94,27.11,14.9,13.98,2.22,44.6,32.11,32.12,2.98
95,27.15,14.92,14.02,2.21,44.7,32.23,32.12,2.97
96,27.15,14.92,14.0,2.21,44.7,32.17,32.12,2.95
97,27.11,14.92,13.98,2.21,44.6,32.17,32.07,2.95
98,27.11,14.9,13.98,2.2,44.6,32.05,32.12,2.94
99,27.11,14.9,13.98,2.2,44.7,32.11,32.12,2.93
100,27.11,14.9,14.0,2.2,44.7,32.11,32.12,2.93
101,27.06,14.9,13.97,2.19,44.6,32.05,32.07,2.91
102,27.06,14.9,13.98,2.19,44.6,32.11,32.07,2.9
103,27.06,14.9,14.0,2.19,44.6,32.05,32.12,2.91
104,27.11,14.92,14.0,2.19,44.7,32.05,32.12,2.89
105,27.15,14.94,14.0,2.19,44.8,32.17,32.18,2.89
106,27.15,14.96,14.02,2.19,44.7,32.11,32.18,2.89
107,27.06,14.9,13.98,2.19,44.6,32.0,32.07,2.88
108,27.06,14.9,13.98,2.19,44.6,32.05,32.07,2.88
109,27.06,14.86,13.95,2.19,44.51,31.94,32.01,2.88
110,27.06,14.86,13.97,2.18,44.6,32.0,32.01,2.87
111,27.11,14.88,13.97,2.18,44.51,32.0,32.07,2.86
112,27.15,14.92,13.98,2.18,44.6,32.05,32.12,2.86
113,27.15,14.92,14.0,2.18,44.7,32.05,32.18,2.86
114,27.15,14.9,13.98,2.19,44.6,32.0,32.12,2.85
115,27.15,14.9,13.98,2.18,44.6,32.0,32.12,2.85
116,27.15,14.9,14.0,2.18,44.6,32.0,32.12,2.85
117,27.15,14.88,14.02,2.18,44.7,32.0,32.12,2.85
118,27.2,14.94,14.02,2.18,44.7,32.0,32.18,2.84
119,27.2,14.92,14.02,2.18,44.7,32.0,32.18,2.84
120,27.15,14.9,14.0,2.18,44.7,32.0,32.18,2.84
121,27.15,14.88,14.0,2.18,44.7,32.0,32.18,2.84
122,27.06,14.84,13.95,2.17,44.6,31.88,32.01,2.83
123,27.06,14.84,13.97,2.17,44.6,31.88,32.07,2.84
124,27.15,14.9,14.0,2.18,44.7,32.0,32.12,2.83
125,27.11,14.9,13.98,2.17,44.6,31.94,32.07,2.83
126,27.06,14.88,13.98,2.17,44.6,31.94,32.01,2.83
127,27.15,14.9,14.0,2.17,44.6,32.0,32.12,2.83
128,27.11,14.84,13.98,2.17,44.6,31.94,32.07,2.82
129,27.11,14.84,13.98,2.17,44.6,31.88,32.01,2.82
130,27.06,14.82,13.95,2.17,44.51,31.77,32.01,2.82
131,27.02,14.78,13.93,2.16,44.41,31.77,31.95,2.82
132,26.98,14.74,13.91,2.17,44.32,31.72,31.95,2.82
133,26.98,14.76,13.91,2.16,44.41,31.72,31.95,2.81
134,27.02,14.78,13.91,2.16,44.41,31.72,32.01,2.81
135,27.06,14.78,13.93,2.16,44.51,31.77,32.12,2.81
136,27.06,14.78,13.95,2.17,44.41,31.77,32.01,2.81
137,27.11,14.82,13.95,2.16,44.51,31.83,32.07,2.81
138,27.11,14.82,13.97,2.17,44.6,31.88,32.12,2.82
139,27.11,14.86,13.98,2.17,44.51,31.88,32.07,2.81
140,27.11,14.82,13.98,2.17,44.6,31.88,32.18,2.82
141,27.11,14.84,13.98,2.17,44.51,31.83,32.01,2.81
142,27.06,14.82,13.97,2.17,44.51,31.77,32.01,2.81
143,27.02,14.8,13.93,2.16,44.51,31.77,32.01,2.81
144,27.02,14.8,13.95,2.17,44.41,31.72,32.01,2.81
145,27.11,14.8,13.95,2.16,44.41,31.77,32.01,2.81
146,27.11,14.8,13.95,2.16,44.41,31.77,32.01,2.8
147,27.06,14.8,13.97,2.16,44.51,31.77,32.01,2.8
148,27.06,14.8,13.95,2.17,44.41,31.77,32.01,2.81
149,27.06,14.82,13.95,2.17,44.41,31.77,32.01,2.8
150,27.06,14.82,13.95,2.17,44.51,31.77,32.07,2.81
151,27.02,14.8,13.93,2.16,44.41,31.72,32.07,2.8
152,27.02,14.78,13.93,2.17,44.51,31.77,32.01,2.8
153,27.06,14.8,13.95,2.17,44.41,31.72,32.07,2.8
154,27.06,14.8,13.93,2.16,44.51,31.77,32.01,2.8
155,27.11,14.82,13.97,2.16,44.51,31.77,32.07,2.81
156,27.11,14.82,13.98,2.16,44.6,31.72,32.35,2.8
157,27.11,14.82,14.0,2.17,44.6,31.77,32.47,2.8
158,27.24,14.82,14.12,2.18,45.09,31.83,33.06,2.81
159,27.74,14.92,14.44,2.21,46.49,32.11,34.53,2.83
160,28.16,15.02,14.67,2.24,47.43,32.46,35.51,2.87
161,28.3,15.04,14.79,2.25,47.97,32.63,35.91,2.88
162,28.73,15.1,15.03,2.29,48.96,32.87,36.81,2.92
163,29.27,15.22,15.33,2.35,50.1,33.34,37.82,2.97
164,29.67,15.29,15.61,2.41,51.16,33.77,38.64,3.02
165,30.08,15.41,15.88,2.47,52.14,34.14,39.49,3.08
166,30.18,15.39,15.9,2.48,52.39,34.2,39.65,3.09
167,30.6,15.51,16.17,2.56,53.41,34.78,40.54,3.16
168,31.09,15.64,16.48,2.67,54.59,35.23,41.45,3.25
169,31.36,15.68,16.64,2.73,55.14,35.56,42.06,3.3
170,31.69,15.77,16.84,2.81,55.97,35.9,42.67,3.37
171,31.86,15.81,16.91,2.85,56.25,36.17,43.03,3.41
172,32.09,15.87,17.06,2.91,56.82,36.38,43.58,3.47
173,32.32,15.92,17.25,3.0,57.54,36.66,44.05,3.54
174,32.49,15.96,17.37,3.07,57.99,36.94,44.42,3.59
175,32.78,16.02,17.54,3.19,58.74,37.3,45.0,3.7
176,32.9,16.07,17.63,3.24,59.04,37.44,45.29,3.76
177,32.96,16.09,17.71,3.29,59.2,37.58,45.59,3.8
178,33.26,16.16,17.86,3.4,60.13,37.95,46.09,3.9
179,33.38,16.2,17.91,3.46,60.29,38.1,46.4,3.95
180,33.5,16.22,18.03,3.53,60.61,38.32,46.7,4.01
181,33.62,16.29,18.11,3.63,61.1,38.55,47.02,4.1
182,33.69,16.25,18.16,3.71,61.26,38.62,47.33,4.19
183,33.75,16.27,18.21,3.76,61.42,38.7,47.33,4.21
184,33.81,16.31,18.26,3.86,61.76,38.85,47.54,4.3
185,33.81,16.29,18.29,3.89,61.92,38.85,47.76,4.34
186,33.99,16.31,18.34,3.97,62.09,39.09,47.86,4.42
187,34.18,16.4,18.47,4.04,62.59,39.24,48.3,4.49
188,34.24,16.4,18.52,4.09,62.76,39.32,48.3,4.54
189,34.44,16.45,18.63,4.2,63.11,39.48,48.74,4.64
190,34.5,16.45,18.63,4.26,63.28,39.63,48.74,4.69
191,34.56,16.47,18.71,4.32,63.45,39.63,48.96,4.76
192,34.5,16.42,18.68,4.34,63.45,39.71,48.96,4.79
193,34.37,16.36,18.6,4.41,63.28,39.55,48.85,4.86
194,34.37,16.36,18.63,4.46,63.28,39.63,48.85,4.91
195,34.37,16.33,18.63,4.48,63.28,39.63,48.96,4.93
196,34.44,16.4,18.65,4.53,63.63,39.63,49.07,4.98
197,34.44,16.36,18.65,4.57,63.63,39.71,49.07,5.03
198,34.5,16.4,18.73,4.63,63.8,39.79,49.3,5.1
199,34.5,16.4,18.73,4.67,63.98,39.71,49.3,5.15
200,34.44,16.36,18.71,4.71,63.8,39.79,49.3,5.2
201,34.44,16.33,18.71,4.74,63.8,39.79,49.18,5.22
202,34.44,16.38,18.71,4.78,63.8,39.79,49.41,5.28
203,34.5,16.33,18.71,4.81,63.98,39.87,49.3,5.31
204,34.5,16.36,18.71,4.83,63.98,39.79,49.41,5.34
205,34.76,16.45,18.87,4.88,64.33,40.03,49.64,5.4
206,34.88,16.47,18.92,4.91,64.51,40.19,49.98,5.45
207,34.95,16.49,18.97,4.96,64.69,40.27,50.1,5.5
208,34.95,16.51,18.97,4.98,64.69,40.27,50.1,5.52
209,34.95,16.49,18.95,4.99,64.87,40.27,50.1,5.54
210,34.88,16.49,19.0,5.03,64.87,40.19,50.1,5.6
211,34.95,16.51,19.0,5.05,65.05,40.19,50.21,5.6
212,35.01,16.51,19.0,5.07,65.05,40.27,50.21,5.64
213,34.95,16.51,19.0,5.1,65.23,40.27,50.21,5.71
214,34.95,16.49,19.03,5.11,65.05,40.36,50.33,5.71
215,34.95,16.47,19.0,5.14,65.05,40.36,50.33,5.74
216,34.88,16.47,19.0,5.15,65.05,40.27,50.33,5.77
217,35.01,16.51,19.05,5.18,65.23,40.36,50.33,5.81
218,35.08,16.51,19.05,5.18,65.23,40.36,50.45,5.83
219,35.15,16.56,19.11,5.21,65.6,40.52,50.56,5.87
220,35.08,16.56,19.05,5.23,65.41,40.36,50.45,5.88
221,35.01,16.54,19.05,5.23,65.23,40.44,50.45,5.91
222,35.08,16.56,19.08,5.26,65.6,40.44,50.45,5.92
223,35.08,16.56,19.11,5.26,65.41,40.44,50.56,5.95
224,34.95,16.54,19.05,5.28,65.41,40.44,50.45,5.97
225,34.88,16.49,19.03,5.29,65.23,40.44,50.45,6.0
226,34.95,16.51,19.03,5.29,65.23,40.44,50.45,6.0
227,35.08,16.6,19.14,5.33,65.6,40.6,50.56,6.04
228,35.08,16.58,19.11,5.34,65.6,40.68,50.56,6.04
229,35.08,16.6,19.14,5.34,65.6,40.6,50.68,6.08
230,35.08,16.58,19.11,5.35,65.6,40.6,50.56,6.09
231,35.01,16.54,19.05,5.36,65.41,40.52,50.45,6.09
232,34.95,16.49,19.05,5.36,65.41,40.52,50.45,6.11
233,35.01,16.49,19.03,5.37,65.23,40.44,50.45,6.14
234,35.01,16.51,19.05,5.37,65.41,40.44,50.68,6.15
235,35.08,16.51,19.08,5.39,65.6,40.52,50.68,6.16
236,35.08,16.54,19.08,5.39,65.6,40.44,50.68,6.17
237,35.08,16.54,19.08,5.4,65.6,40.52,50.68,6.2
238,35.15,16.6,19.11,5.42,65.78,40.44,50.68,6.22
239,35.28,16.65,19.16,5.42,65.78,40.68,50.8,6.24
240,35.15,16.56,19.14,5.42,65.78,40.6,50.68,6.24
241,35.01,16.54,19.08,5.42,65.6,40.52,50.56,6.25
242,34.82,16.42,18.97,5.42,65.23,40.27,50.33,6.25
243,34.82,16.4,18.95,5.42,65.23,40.27,50.33,6.25
244,34.82,16.42,18.95,5.42,65.23,40.27,50.33,6.27
245,34.82,16.42,18.95,5.42,65.23,40.19,50.33,6.28
246,34.82,16.47,19.0,5.44,65.41,40.27,50.45,6.3
247,34.88,16.45,18.97,5.44,65.23,40.36,50.33,6.31
248,34.95,16.51,19.03,5.45,65.41,40.36,50.56,6.32
249,34.95,16.49,19.03,5.45,65.41,40.44,50.56,6.32
250,35.01,16.51,19.05,5.46,65.41,40.36,50.56,6.34
251,35.01,16.49,19.05,5.46,65.41,40.44,50.56,6.35
252,35.01,16.49,19.08,5.46,65.41,40.36,50.68,6.37
253,35.01,16.49,19.03,5.46,65.41,40.27,50.56,6.37
254,35.08,16.51,19.08,5.47,65.41,40.52,50.56,6.38
255,35.01,16.49,19.03,5.48,65.41,40.44,50.56,6.39
256,35.01,16.49,19.03,5.48,65.6,40.44,50.68,6.39
257,35.01,16.51,19.03,5.48,65.6,40.44,50.56,6.4
258,35.15,16.56,19.14,5.5,65.78,40.68,50.8,6.42
259,35.34,16.67,19.22,5.51,65.97,40.77,51.16,6.43
260,35.28,16.65,19.22,5.52,65.97,40.77,51.04,6.45
261,35.28,16.63,19.22,5.52,65.97,40.85,51.04,6.44
262,35.21,16.6,19.16,5.52,65.97,40.77,50.92,6.45
263,35.15,16.56,19.16,5.52,65.78,40.6,50.8,6.46
264,35.15,16.56,19.14,5.52,65.78,40.68,50.8,6.47
265,35.08,16.56,19.14,5.52,65.78,40.68,50.92,6.47
266,35.08,16.58,19.11,5.53,65.6,40.68,50.68,6.47
267,35.01,16.58,19.14,5.53,65.78,40.68,50.92,6.49
268,35.08,16.6,19.11,5.53,65.6,40.68,50.8,6.49
269,35.08,16.6,19.11,5.54,65.78,40.68,50.92,6.5
270,35.08,16.56,19.05,5.53,65.6,40.68,50.68,6.49
271,35.01,16.54,19.08,5.54,65.78,40.6,50.8,6.5
272,35.01,16.54,19.05,5.54,65.6,40.6,50.68,6.5
273,35.01,16.54,19.05,5.54,65.6,40.6,50.68,6.51
274,35.15,16.58,19.11,5.55,65.78,40.68,50.8,6.53
275,35.15,16.6,19.14,5.55,65.78,40.68,50.8,6.54
276,35.15,16.56,19.14,5.56,65.78,40.68,50.8,6.55
277,35.15,16.56,19.11,5.56,65.78,40.68,50.68,6.54
278,35.08,16.56,19.05,5.55,65.6,40.68,50.68,6.55
279,35.08,16.54,19.08,5.55,65.78,40.68,50.8,6.55
280,35.08,16.56,19.08,5.55,65.6,40.68,50.68,6.55
281,35.01,16.49,19.05,5.55,65.41,40.52,50.68,6.55
282,35.01,16.49,19.03,5.55,65.6,40.52,50.68,6.55
283,35.01,16.47,19.03,5.55,65.6,40.52,50.56,6.55
284,35.08,16.54,19.05,5.56,65.78,40.52,50.8,6.57
285,35.01,16.51,19.08,5.55,65.6,40.6,50.8,6.57
286,35.08,16.56,19.11,5.56,65.78,40.6,50.8,6.57
287,35.15,16.56,19.11,5.57,65.78,40.6,50.92,6.58
288,35.08,16.54,19.11,5.57,65.78,40.6,50.92,6.59
289,35.15,16.56,19.14,5.57,65.97,40.68,50.92,6.59
290,35.01,16.51,19.11,5.58,65.78,40.68,50.8,6.59
291,35.08,16.54,19.08,5.57,65.78,40.68,50.92,6.6
292,35.15,16.6,19.14,5.59,65.97,40.68,50.92,6.61
293,35.15,16.6,19.16,5.58,65.97,40.77,50.92,6.61
294,35.08,16.6,19.14,5.59,65.78,40.77,50.92,6.62
295,35.08,16.6,19.14,5.59,65.97,40.68,50.92,6.62
296,35.08,16.58,19.14,5.58,65.97,40.77,50.92,6.63
297,35.15,16.6,19.16,5.59,66.15,40.77,50.92,6.63
298,35.15,16.6,19.16,5.59,65.97,40.77,50.92,6.63
299,35.08,16.58,19.11,5.59,65.78,40.77,50.92,6.63
300,35.15,16.6,19.14,5.59,66.15,40.77,50.92,6.63
301,35.21,16.6,19.16,5.59,65.97,40.77,50.92,6.64
302,35.15,16.6,19.16,5.6,65.97,40.77,51.04,6.64
303,35.21,16.63,19.16,5.61,66.15,40.85,51.04,6.65
304,35.15,16.6,19.16,5.6,65.97,40.77,50.92,6.65
305,35.21,16.6,19.19,5.61,65.97,40.93,50.92,6.66
306,35.21,16.65,19.22,5.61,65.97,40.85,51.04,6.64
307,35.28,16.65,19.22,5.62,65.97,40.85,51.04,6.66
308,35.21,16.63,19.19,5.61,65.97,40.85,51.04,6.66
309,35.21,16.6,19.19,5.61,65.97,40.77,51.04,6.67
310,35.15,16.56,19.14,5.61,65.97,40.68,50.92,6.66
311,35.15,16.54,19.11,5.6,65.78,40.68,50.92,6.66
312,35.15,16.56,19.11,5.6,65.78,40.68,50.8,6.66
313,35.08,16.54,19.08,5.59,65.78,40.6,50.92,6.67
314,35.08,16.56,19.08,5.59,65.78,40.68,50.92,6.66
315,35.15,16.51,19.08,5.59,65.78,40.77,50.8,6.67
316,35.15,16.51,19.11,5.6,65.97,40.68,50.92,6.68
317,35.21,16.54,19.14,5.6,65.97,40.68,51.04,6.67
318,35.28,16.58,19.16,5.61,65.97,40.77,51.04,6.68
319,35.28,16.58,19.19,5.61,66.15,40.77,51.16,6.68
320,35.34,16.58,19.19,5.61,66.15,40.77,51.16,6.68
321,35.28,16.63,19.25,5.62,66.34,40.85,51.28,6.68
322,35.34,16.6,19.25,5.62,66.34,40.85,51.16,6.7
323,35.28,16.58,19.19,5.62,65.97,40.77,51.16,6.69
324,35.21,16.56,19.16,5.62,65.97,40.68,50.92,6.7
325,35.08,16.49,19.08,5.6,65.78,40.52,50.92,6.68
326,34.95,16.47,19.05,5.59,65.6,40.44,50.68,6.68
327,35.01,16.47,19.03,5.61,65.6,40.52,50.68,6.68
328,34.95,16.47,19.03,5.59,65.6,40.52,50.68,6.69
329,34.95,16.45,19.03,5.59,65.6,40.36,50.68,6.68
330,34.88,16.49,19.03,5.59,65.6,40.44,50.8,6.69
331,34.82,16.47,18.97,5.59,65.41,40.44,50.68,6.68
332,34.82,16.42,18.97,5.59,65.41,40.36,50.56,6.69
333,34.82,16.4,18.97,5.59,65.41,40.27,50.56,6.68
334,34.82,16.42,18.95,5.59,65.23,40.36,50.45,6.69
335,34.76,16.4,18.92,5.58,65.23,40.27,50.45,6.69
336,34.76,16.38,18.92,5.58,65.41,40.27,50.45,6.69
337,34.69,16.38,18.89,5.58,64.87,40.36,50.45,6.68
338,34.76,16.38,18.92,5.58,65.23,40.36,50.45,6.68
339,34.69,16.38,18.92,5.58,65.23,40.27,50.45,6.68
340,34.69,16.4,18.89,5.58,65.41,40.27,50.45,6.69
341,34.69,16.42,18.92,5.58,65.41,40.44,50.68,6.69
342,34.82,16.45,18.95,5.59,65.41,40.44,50.68,6.71
343,34.82,16.47,19.0,5.59,65.41,40.44,50.68,6.71
344,34.82,16.42,18.95,5.6,65.41,40.44,50.56,6.71
345,34.82,16.47,18.97,5.59,65.41,40.52,50.68,6.71
346,34.82,16.47,18.97,5.59,65.6,40.44,50.68,6.71
347,34.88,16.51,19.05,5.61,65.6,40.68,50.8,6.73
348,34.88,16.51,19.03,5.6,65.6,40.6,50.8,6.72
349,34.88,16.51,19.03,5.62,65.6,40.6,50.68,6.71
350,34.82,16.49,19.03,5.6,65.6,40.6,50.68,6.72
351,34.88,16.51,19.0,5.61,65.6,40.6,50.68,6.72
352,34.76,16.47,18.97,5.6,65.41,40.44,50.56,6.71
353,34.76,16.45,18.97,5.6,65.23,40.44,50.56,6.72
354,34.63,16.42,18.92,5.6,65.23,40.36,50.45,6.71
355,34.76,16.42,18.92,5.61,65.23,40.44,50.45,6.73
356,34.76,16.45,18.95,5.6,65.23,40.44,50.56,6.72
357,34.82,16.42,18.95,5.61,65.23,40.44,50.56,6.73
358,34.82,16.47,18.97,5.62,65.41,40.52,50.56,6.72
359,34.88,16.47,19.0,5.61,65.41,40.44,50.56,6.73
360,34.88,16.47,19.0,5.61,65.41,40.52,50.56,6.74
361,34.88,16.42,18.97,5.6,65.41,40.44,50.45,6.73
362,34.88,16.42,18.95,5.61,65.23,40.36,50.56,6.72
363,34.88,16.42,18.95,5.61,65.41,40.36,50.45,6.73
364,34.88,16.42,18.97,5.6,65.41,40.44,50.68,6.73
365,34.76,16.38,18.92,5.6,65.05,40.27,50.45,6.73
366,34.76,16.38,18.92,5.59,65.23,40.27,50.45,6.73
367,34.88,16.42,18.97,5.6,65.41,40.36,50.56,6.74
368,34.95,16.45,19.0,5.61,65.41,40.44,50.68,6.73
369,34.95,16.42,19.0,5.61,65.6,40.44,50.68,6.73
370,34.82,16.4,18.95,5.59,65.41,40.27,50.56,6.72
371,34.82,16.36,18.92,5.6,65.23,40.36,50.56,6.72
372,34.82,16.33,18.92,5.59,65.23,40.27,50.45,6.73
373,34.76,16.33,18.89,5.59,65.23,40.19,50.45,6.72
374,34.82,16.36,18.97,5.59,65.41,40.36,50.56,6.73
375,34.88,16.4,18.97,5.61,65.41,40.36,50.68,6.74
376,35.01,16.42,19.03,5.6,65.6,40.44,50.8,6.74
377,34.88,16.4,19.0,5.61,65.6,40.36,50.68,6.73
378,34.88,16.36,18.97,5.59,65.23,40.19,50.56,6.73
379,34.88,16.36,18.97,5.59,65.6,40.27,50.56,6.73
380,35.01,16.4,19.03,5.6,65.6,40.44,50.8,6.75
381,34.95,16.38,19.0,5.6,65.6,40.36,50.68,6.74
382,34.95,16.38,19.0,5.61,65.6,40.36,50.68,6.74
383,34.95,16.4,19.05,5.6,65.6,40.27,50.8,6.74
384,35.08,16.45,19.11,5.62,65.78,40.44,50.92,6.75
385,35.01,16.47,19.11,5.62,65.97,40.52,50.92,6.77
386,35.01,16.47,19.08,5.62,65.97,40.52,50.92,6.76
387,34.88,16.45,19.05,5.62,65.78,40.52,50.8,6.76
388,34.88,16.45,19.05,5.62,65.78,40.52,50.8,6.76
389,34.88,16.45,19.05,5.62,65.6,40.44,50.68,6.76
390,34.82,16.45,19.03,5.62,65.6,40.44,50.68,6.76
391,34.82,16.47,19.03,5.62,65.6,40.52,50.68,6.77
392,34.82,16.47,19.03,5.62,65.6,40.52,50.68,6.77
393,34.82,16.47,19.03,5.62,65.6,40.6,50.68,6.77
394,34.76,16.42,18.97,5.62,65.41,40.44,50.56,6.77
395,34.63,16.36,18.92,5.62,65.23,40.27,50.45,6.76
396,34.63,16.38,18.92,5.62,65.23,40.44,50.45,6.76
397,34.69,16.38,18.92,5.62,65.23,40.36,50.45,6.75
398,34.69,16.38,18.92,5.62,65.23,40.36,50.45,6.76
399,34.76,16.4,18.92,5.62,65.41,40.36,50.45,6.77
400,34.82,16.42,19.0,5.63,65.41,40.44,50.56,6.77
401,34.82,16.47,19.0,5.63,65.6,40.44,50.68,6.78
402,34.88,16.47,19.03,5.63,65.6,40.52,50.8,6.78
403,34.88,16.51,19.03,5.64,65.6,40.6,50.68,6.79
404,34.88,16.47,19.05,5.64,65.6,40.6,50.8,6.79
405,35.01,16.47,19.05,5.64,65.78,40.6,50.8,6.79
406,35.08,16.51,19.14,5.65,65.97,40.77,50.92,6.8
407,35.08,16.51,19.14,5.65,65.97,40.68,50.92,6.8
408,35.08,16.56,19.11,5.66,65.97,40.77,51.04,6.8
409,35.08,16.51,19.11,5.65,65.78,40.77,50.92,6.8
410,35.08,16.51,19.14,5.66,65.78,40.68,50.92,6.8
411,35.01,16.51,19.11,5.66,65.78,40.6,50.92,6.8
412,34.95,16.47,19.05,5.65,65.78,40.52,50.92,6.8
413,34.82,16.42,18.97,5.64,65.6,40.44,50.68,6.79
414,34.82,16.38,18.97,5.63,65.41,40.36,50.56,6.78
415,34.88,16.4,19.0,5.64,65.6,40.44,50.68,6.79
416,34.88,16.42,18.97,5.64,65.6,40.44,50.56,6.79
417,34.82,16.42,18.97,5.63,65.41,40.36,50.68,6.79
418,34.82,16.4,18.97,5.63,65.6,40.44,50.68,6.79
419,34.88,16.42,19.0,5.64,65.6,40.44,50.8,6.79
420,34.88,16.42,19.0,5.64,65.78,40.44,50.8,6.79
421,34.95,16.42,19.03,5.64,65.78,40.52,50.8,6.79
422,34.95,16.42,19.03,5.64,65.78,40.52,50.8,6.8
423,35.01,16.49,19.05,5.64,65.78,40.6,50.92,6.79
424,35.01,16.49,19.05,5.64,65.97,40.6,50.92,6.79
425,35.01,16.47,19.08,5.66,65.78,40.52,50.92,6.8
426,34.95,16.42,19.03,5.64,65.6,40.44,50.8,6.79
427,34.95,16.45,19.05,5.65,65.78,40.6,50.92,6.8
428,34.95,16.42,19.05,5.64,65.78,40.44,50.8,6.8
429,34.82,16.4,19.03,5.64,65.6,40.52,50.8,6.8
430,34.82,16.4,18.97,5.64,65.6,40.36,50.68,6.8
431,34.76,16.38,19.0,5.64,65.6,40.44,50.56,6.8
432,34.88,16.42,19.0,5.65,65.6,40.52,50.68,6.8
433,34.88,16.45,19.03,5.64,65.6,40.52,50.68,6.8
434,34.82,16.42,19.03,5.64,65.6,40.44,50.68,6.8
435,34.88,16.47,19.0,5.66,65.6,40.52,50.8,6.8
436,34.88,16.49,19.05,5.66,65.78,40.52,50.8,6.8
437,34.82,16.4,19.0,5.65,65.6,40.52,50.68,6.8
438,34.82,16.4,18.97,5.64,65.41,40.52,50.56,6.8
439,34.82,16.4,18.97,5.65,65.41,40.44,50.56,6.8
440,34.82,16.4,19.0,5.65,65.6,40.44,50.68,6.8
441,34.82,16.4,18.97,5.65,65.6,40.52,50.68,6.8
442,34.82,16.4,18.97,5.64,65.41,40.36,50.68,6.8
443,34.82,16.42,18.97,5.65,65.6,40.44,50.68,6.8
444,34.88,16.4,19.0,5.64,65.6,40.44,50.8,6.81
445,34.95,16.42,19.03,5.64,65.6,40.44,50.8,6.8
446,34.95,16.42,19.03,5.65,65.78,40.44,50.68,6.8
447,34.95,16.4,19.03,5.64,65.6,40.44,50.8,6.81
448,34.95,16.4,19.03,5.66,65.78,40.52,50.56,6.8
449,34.95,16.38,19.03,5.66,65.78,40.44,50.8,6.8
450,34.95,16.4,19.03,5.64,65.78,40.44,50.68,6.8
451,34.95,16.38,19.0,5.64,65.6,40.44,50.68,6.81
452,34.95,16.38,19.03,5.65,65.78,40.36,50.8,6.8
453,34.88,16.36,18.97,5.63,65.6,40.27,50.68,6.8
454,34.95,16.36,19.03,5.64,65.6,40.36,50.8,6.81
455,35.01,16.42,19.05,5.64,65.78,40.44,50.8,6.8
456,35.08,16.42,19.08,5.64,65.78,40.52,50.92,6.81
457,35.08,16.47,19.11,5.65,65.97,40.52,50.92,6.81
458,35.21,16.51,19.16,5.67,66.15,40.77,51.04,6.82
459,35.21,16.49,19.16,5.66,66.15,40.68,51.04,6.81
460,35.15,16.47,19.16,5.67,66.15,40.6,51.04,6.82
461,35.15,16.49,19.16,5.67,65.97,40.6,51.04,6.82
462,35.15,16.49,19.19,5.67,66.15,40.68,51.04,6.82
463,35.15,16.51,19.19,5.67,66.15,40.77,51.16,6.83
464,35.08,16.51,19.16,5.67,65.97,40.68,51.04,6.83
465,35.08,16.47,19.16,5.67,65.97,40.68,50.92,6.82
466,35.01,16.45,19.08,5.67,65.78,40.52,50.92,6.82
467,34.88,16.42,19.05,5.67,65.6,40.44,50.8,6.82
468,34.88,16.4,19.03,5.67,65.6,40.44,50.68,6.82
469,34.88,16.4,19.03,5.66,65.78,40.52,50.92,6.81
470,34.88,16.42,19.03,5.66,65.78,40.44,50.8,6.81
471,34.82,16.4,19.0,5.67,65.6,40.44,50.8,6.81
472,34.82,16.36,18.97,5.65,65.6,40.36,50.68,6.81
473,34.82,16.36,18.97,5.65,65.6,40.36,50.68,6.81
474,34.88,16.4,19.03,5.65,65.6,40.44,50.68,6.8
475,34.82,16.36,19.0,5.65,65.6,40.36,50.68,6.8
476,34.82,16.36,19.0,5.65,65.6,40.27,50.68,6.81
477,34.95,16.38,19.03,5.65,65.78,40.44,50.8,6.82
478,34.88,16.38,19.0,5.65,65.78,40.44,50.8,6.81
479,34.82,16.36,18.97,5.64,65.6,40.44,50.68,6.81
480,34.82,16.38,18.95,5.64,65.6,40.36,50.56,6.82
481,34.88,16.38,19.0,5.65,65.41,40.36,50.68,6.8
482,34.88,16.38,19.0,5.64,65.6,40.36,50.68,6.81
483,34.95,16.42,19.05,5.66,65.6,40.44,50.8,6.81
484,34.95,16.42,19.03,5.65,65.78,40.44,50.8,6.81
485,35.01,16.42,19.05,5.67,65.78,40.6,50.92,6.82
486,35.01,16.45,19.08,5.66,65.78,40.6,50.92,6.83
487,35.01,16.45,19.11,5.66,65.6,40.6,51.04,6.82
488,35.08,16.45,19.08,5.67,65.97,40.52,50.92,6.83
489,35.15,16.51,19.16,5.68,66.15,40.68,51.16,6.83
490,35.28,16.56,19.22,5.69,66.15,40.77,51.28,6.86
491,35.21,16.56,19.22,5.68,66.15,40.77,51.16,6.85
492,35.15,16.51,19.16,5.68,66.15,40.68,51.04,6.84
493,35.15,16.49,19.16,5.68,65.97,40.77,51.16,6.84
494,35.08,16.49,19.16,5.68,65.97,40.6,51.04,6.83
495,35.21,16.56,19.25,5.69,66.34,40.77,51.28,6.86
496,35.15,16.51,19.19,5.69,66.15,40.68,51.16,6.85
497,35.08,16.49,19.14,5.68,65.97,40.68,51.04,6.84
498,35.28,16.51,19.16,5.69,66.15,40.77,51.16,6.84
499,34.95,16.47,19.08,5.69,65.97,40.6,51.04,6.84
500,34.95,16.45,19.08,5.69,65.78,40.6,50.92,6.83
501,34.82,16.42,19.05,5.67,65.97,40.6,50.8,6.84
502,34.88,16.47,19.05,5.67,65.78,40.6,50.92,6.84
503,34.82,16.42,19.03,5.68,65.78,40.52,50.8,6.83
504,34.69,16.42,18.97,5.67,65.6,40.44,50.68,6.83
505,34.56,16.36,18.92,5.67,65.41,40.36,50.56,6.83
506,34.56,16.36,18.89,5.67,65.41,40.27,50.56,6.82
507,34.44,16.31,18.84,5.66,65.23,40.27,50.45,6.82
508,34.44,16.31,18.81,5.67,65.05,40.27,50.33,6.82
509,34.44,16.31,18.81,5.64,65.05,40.27,50.33,6.82
510,34.5,16.33,18.81,5.65,65.05,40.36,50.33,6.82
511,34.63,16.4,18.87,5.67,65.23,40.44,50.56,6.83
512,34.63,16.4,18.89,5.66,65.23,40.44,50.56,6.83
513,34.69,16.4,18.92,5.66,65.41,40.52,50.56,6.84
514,34.76,16.47,18.97,5.67,65.41,40.6,50.68,6.84
515,34.88,16.49,19.05,5.69,65.78,40.68,50.8,6.85
516,34.88,16.47,19.0,5.69,65.6,40.6,50.8,6.86
517,34.82,16.45,18.97,5.67,65.6,40.6,50.68,6.85
518,34.88,16.47,19.03,5.67,65.78,40.68,50.8,6.86
519,34.95,16.49,19.05,5.69,65.6,40.68,50.92,6.86
520,34.88,16.49,19.05,5.69,65.78,40.68,50.8,6.87
521,34.82,16.42,19.0,5.67,65.6,40.6,50.8,6.85
522,34.82,16.45,19.0,5.68,65.6,40.6,50.8,6.86
523,34.88,16.49,19.05,5.7,65.78,40.68,50.56,6.86
524,34.82,16.42,19.0,5.68,65.6,40.52,50.68,6.86
525,34.76,16.4,18.97,5.68,65.6,40.6,50.56,6.86
526,34.88,16.45,19.0,5.68,65.78,40.68,50.68,6.86
527,34.76,16.4,18.95,5.67,65.41,40.52,50.68,6.86
528,34.69,16.36,18.89,5.67,65.23,40.36,50.45,6.86
529,34.63,16.36,18.89,5.67,65.23,40.36,50.45,6.84
530,34.69,16.36,18.89,5.67,65.23,40.36,50.45,6.84
531,34.82,16.42,18.97,5.67,65.6,40.52,50.68,6.86
532,35.01,16.51,19.08,5.69,65.78,40.77,50.92,6.86
533,35.08,16.54,19.14,5.7,65.97,40.77,51.04,6.88
534,35.01,16.49,19.14,5.69,65.97,40.68,51.04,6.88
535,34.88,16.45,19.05,5.69,65.97,40.68,50.92,6.87
536,34.82,16.4,19.0,5.68,65.78,40.52,50.8,6.86
537,34.76,16.38,18.97,5.67,65.6,40.6,50.68,6.85
538,34.82,16.42,19.0,5.68,65.78,40.52,50.68,6.86
539,34.88,16.42,19.03,5.67,65.78,40.68,50.8,6.86
540,34.88,16.42,19.05,5.67,65.78,40.6,50.92,6.86
541,34.95,16.47,19.03,5.68,65.78,40.6,50.92,6.86
542,34.88,16.42,19.03,5.68,65.78,40.6,50.8,6.87
543,34.88,16.42,19.05,5.68,65.78,40.6,50.8,6.85
544,34.95,16.42,19.05,5.67,65.97,40.52,50.92,6.86
545,34.88,16.38,19.03,5.67,65.6,40.52,50.8,6.85
546,34.82,16.36,19.0,5.67,65.6,40.44,50.68,6.85
547,34.82,16.38,18.97,5.67,65.6,40.36,50.68,6.85
548,35.08,16.47,19.11,5.68,65.97,40.68,50.92,6.88
549,35.28,16.56,19.22,5.69,66.34,40.85,51.28,6.89
550,35.34,16.58,19.22,5.7,66.34,40.85,51.28,6.89
551,35.28,16.56,19.22,5.7,66.34,40.93,51.4,6.89
552,35.34,16.56,19.27,5.7,66.53,40.93,51.4,6.9
553,35.41,16.6,19.33,5.71,66.72,41.02,51.64,6.9
554,35.34,16.56,19.25,5.7,66.53,40.93,51.4,6.9
555,35.15,16.47,19.16,5.7,66.34,40.77,51.28,6.87
556,34.82,16.31,18.97,5.68,65.78,40.36,50.68,6.87
557,34.76,16.29,18.97,5.67,65.6,40.36,50.68,6.86
558,34.95,16.33,19.0,5.67,65.97,40.44,50.8,6.86
559,35.08,16.42,19.08,5.67,65.97,40.52,51.04,6.87
560,35.08,16.42,19.08,5.67,65.97,40.52,50.92,6.87
561,35.01,16.38,19.05,5.67,65.97,40.52,50.92,6.86
562,34.95,16.38,19.08,5.68,65.97,40.52,51.04,6.87
563,35.01,16.42,19.08,5.67,65.97,40.6,51.16,6.86
564,35.15,16.51,19.16,5.7,66.53,40.77,51.28,6.88
565,35.28,16.56,19.25,5.7,66.53,40.85,51.4,6.89
566,35.34,16.58,19.27,5.7,66.53,40.93,51.4,6.9
567,35.21,16.54,19.22,5.7,66.53,40.85,51.4,6.89
568,35.28,16.58,19.27,5.71,66.53,40.93,51.52,6.91
569,35.28,16.58,19.27,5.71,66.53,40.93,51.4,6.9
570,35.28,16.56,19.3,5.71,66.34,40.93,51.4,6.9
571,35.34,16.56,19.27,5.7,66.53,40.85,51.4,6.9
572,35.21,16.54,19.25,5.71,66.34,40.85,51.28,6.9
573,35.08,16.49,19.14,5.7,66.15,40.68,51.16,6.91
574,35.15,16.51,19.16,5.7,66.15,40.93,51.16,6.89
575,35.15,16.51,19.16,5.7,66.15,40.77,51.16,6.91
576,35.08,16.47,19.14,5.7,65.97,40.77,51.04,6.9
577,35.01,16.47,19.14,5.7,65.97,40.68,51.04,6.89
578,34.88,16.4,19.03,5.69,65.78,40.52,50.8,6.87
579,34.88,16.38,19.0,5.68,65.6,40.44,50.8,6.88
580,34.82,16.38,19.0,5.67,65.6,40.44,50.68,6.87
581,34.82,16.4,19.0,5.67,65.6,40.44,50.68,6.86
582,34.88,16.4,19.0,5.67,65.78,40.44,50.68,6.88
583,34.82,16.36,18.97,5.67,65.41,40.44,50.8,6.88
584,34.82,16.36,18.97,5.67,65.6,40.44,50.68,6.86
585,34.82,16.33,18.95,5.67,65.6,40.36,50.68,6.87
586,34.88,16.36,18.97,5.67,65.6,40.44,50.68,6.87
587,34.82,16.33,18.97,5.66,65.6,40.36,50.68,6.87
588,34.88,16.33,18.97,5.66,65.6,40.36,50.8,6.87
589,35.08,16.42,19.11,5.67,66.15,40.6,51.16,6.89
590,35.21,16.54,19.19,5.69,66.34,40.77,51.28,6.89
591,35.21,16.51,19.22,5.7,66.72,40.77,51.4,6.9
592,35.08,16.49,19.16,5.69,66.15,40.6,51.16,6.89
593,35.08,16.45,19.16,5.69,66.15,40.68,51.16,6.89
594,35.08,16.47,19.16,5.68,66.15,40.77,51.16,6.9
595,35.15,16.56,19.27,5.7,66.53,40.93,51.4,6.91
596,35.28,16.56,19.27,5.7,66.53,40.93,51.4,6.91
597,35.34,16.58,19.3,5.71,66.72,40.93,51.52,6.91
598,35.41,16.65,19.36,5.72,66.72,41.1,51.52,6.92
599,35.41,16.6,19.36,5.74,66.72,41.02,51.64,6.92
