0,39.38,18.82,21.79,5.62,73.75,46.17,56.23,7.06
1,39.38,18.82,21.79,5.61,73.75,46.17,56.23,7.06
2,39.38,18.82,21.79,5.62,73.75,46.17,56.09,7.06
3,39.46,18.82,21.86,5.62,73.75,46.07,56.23,7.06
4,39.46,18.82,21.86,5.62,73.52,46.17,56.23,7.05
5,39.46,18.85,21.86,5.62,73.75,46.17,56.23,7.06
6,39.54,18.88,21.86,5.62,73.75,46.17,56.09,7.06
7,39.46,18.82,21.86,5.62,73.75,46.17,56.23,7.07
8,39.46,18.82,21.86,5.62,73.52,46.27,56.23,7.06
9,39.46,18.82,21.86,5.62,73.52,46.17,56.23,7.06
10,39.46,18.82,21.86,5.62,73.75,46.07,56.09,7.06
11,39.46,18.85,21.82,5.62,73.52,46.17,56.09,7.07
12,39.38,18.82,21.82,5.62,73.52,46.17,56.09,7.06
13,39.38,18.8,21.82,5.62,73.52,46.17,56.23,7.06
14,39.38,18.8,21.82,5.62,73.52,46.07,56.09,7.05
15,39.38,18.82,21.79,5.62,73.75,46.17,56.09,7.05
16,39.38,18.8,21.79,5.61,73.75,46.07,56.09,7.05
17,39.46,18.8,21.79,5.61,73.52,46.07,56.09,7.05
18,39.38,18.8,21.79,5.62,73.52,46.07,56.09,7.05
19,39.38,18.77,21.79,5.61,73.52,45.97,55.95,7.06
20,39.38,18.77,21.76,5.61,73.3,46.17,55.95,7.05
21,39.3,18.74,21.73,5.6,73.3,45.87,55.95,7.04
22,39.3,18.72,21.76,5.61,73.3,45.97,55.81,7.04
23,39.22,18.74,21.69,5.6,73.08,45.97,55.81,7.05
24,39.3,18.74,21.73,5.6,73.3,45.97,55.81,7.04
25,39.3,18.72,21.69,5.59,73.08,45.87,55.95,7.04
26,39.22,18.69,21.66,5.59,73.08,45.77,55.67,7.03
27,39.15,18.66,21.66,5.59,73.08,45.77,55.81,7.03
28,39.22,18.69,21.66,5.59,73.08,45.77,55.81,7.03
29,39.15,18.66,21.63,5.58,72.85,45.77,55.81,7.03
30,39.15,18.66,21.66,5.59,73.08,45.77,55.67,7.04
31,39.15,18.61,21.63,5.59,72.85,45.67,55.67,7.03
32,39.22,18.61,21.63,5.58,73.08,45.77,55.54,7.03
33,39.22,18.61,21.63,5.58,73.08,45.67,55.54,7.03
34,39.07,18.59,21.6,5.58,72.85,45.57,55.67,7.03
35,39.15,18.61,21.6,5.57,72.85,45.67,55.67,7.03
36,39.15,18.64,21.63,5.57,72.85,45.67,55.67,7.03
37,39.15,18.64,21.66,5.57,73.08,45.67,55.67,7.01
38,39.15,18.64,21.63,5.57,73.08,45.67,55.67,7.03
39,39.15,18.61,21.66,5.58,73.3,45.67,55.67,7.03
40,39.22,18.66,21.66,5.57,73.3,45.77,55.81,7.03
41,39.22,18.66,21.73,5.59,73.3,45.77,55.95,7.03
42,39.3,18.72,21.76,5.58,73.3,45.87,55.81,7.03
43,39.38,18.69,21.76,5.58,73.3,45.77,55.95,7.03
44,39.38,18.72,21.76,5.59,73.3,45.87,55.95,7.03
45,39.38,18.72,21.79,5.59,73.52,45.77,56.09,7.04
46,39.38,18.74,21.79,5.59,73.52,45.87,56.09,7.03
47,39.38,18.74,21.79,5.59,73.52,45.97,56.09,7.04
48,39.22,18.72,21.79,5.59,73.52,45.87,56.23,7.04
49,39.3,18.72,21.76,5.59,73.52,45.87,56.09,7.04
50,39.3,18.74,21.79,5.59,73.3,46.07,56.09,7.04
51,39.3,18.74,21.79,5.59,73.52,45.97,56.09,7.05
52,39.3,18.77,21.79,5.6,73.52,46.07,56.09,7.04
53,39.38,18.77,21.82,5.6,73.52,46.07,55.95,7.04
54,39.46,18.77,21.86,5.6,73.52,46.07,55.95,7.05
55,39.7,18.8,21.92,5.6,73.97,46.07,55.95,7.05
56,39.78,18.77,21.99,5.6,73.97,46.17,56.09,7.05
57,39.86,18.82,22.02,5.61,74.43,46.17,56.09,7.05
58,39.86,18.8,21.99,5.59,74.2,45.97,55.81,7.04
59,39.78,18.74,21.92,5.58,73.97,45.97,55.67,7.01
60,39.62,18.72,21.76,5.55,73.52,45.77,55.13,6.96
61,39.3,18.61,21.5,5.46,72.85,45.47,54.19,6.84
62,39.07,18.56,21.28,5.36,72.41,45.08,53.79,6.75
63,38.84,18.51,21.09,5.23,71.76,44.79,53.27,6.61
64,38.76,18.48,21.03,5.15,71.55,44.69,53.14,6.54
65,38.68,18.51,20.97,5.06,71.33,44.6,53.02,6.44
66,38.61,18.51,20.97,4.97,71.12,44.5,52.89,6.35
67,38.68,18.53,20.97,4.91,71.12,44.6,52.89,6.3
68,38.61,18.53,20.94,4.86,70.91,44.6,52.89,6.24
69,38.53,18.53,20.91,4.72,70.7,44.6,52.89,6.1
70,38.53,18.56,20.94,4.69,70.91,44.6,52.76,6.06
71,38.61,18.56,20.97,4.65,70.7,44.69,52.76,6.01
72,38.61,18.59,20.97,4.6,71.12,44.6,52.76,5.94
73,38.61,18.61,20.97,4.52,70.91,44.6,52.76,5.84
74,38.61,18.56,20.97,4.5,70.7,44.69,52.89,5.83
75,38.68,18.61,20.97,4.44,70.7,44.69,52.76,5.73
76,38.61,18.64,21.0,4.4,70.7,44.69,52.89,5.69
77,38.61,18.59,20.97,4.36,70.7,44.5,52.89,5.64
78,38.61,18.59,20.97,4.35,70.7,44.69,52.76,5.61
79,38.53,18.56,20.97,4.3,70.7,44.69,52.89,5.55
80,38.61,18.59,20.94,4.28,70.7,44.6,52.76,5.51
81,38.68,18.56,20.97,4.26,70.91,44.69,52.76,5.46
82,38.61,18.59,20.97,4.25,70.7,44.69,52.89,5.46
83,38.68,18.59,20.97,4.23,70.7,44.69,52.89,5.41
84,38.61,18.59,20.97,4.21,70.7,44.6,52.89,5.38
85,38.61,18.59,20.97,4.21,70.7,44.69,52.76,5.37
86,38.61,18.56,20.97,4.19,70.7,44.6,52.76,5.33
87,38.61,18.59,20.97,4.17,70.7,44.69,52.76,5.3
88,38.61,18.59,20.97,4.18,70.7,44.69,52.89,5.29
89,38.61,18.61,21.0,4.17,70.91,44.79,52.76,5.28
90,38.61,18.61,21.0,4.15,70.91,44.69,52.76,5.24
91,38.61,18.61,21.0,4.15,70.7,44.69,52.89,5.22
92,38.61,18.64,20.97,4.13,70.91,44.69,52.89,5.2
93,38.53,18.61,20.97,4.13,70.7,44.69,52.89,5.2
94,38.61,18.61,20.97,4.12,70.91,44.79,52.89,5.17
95,38.61,18.61,21.0,4.12,70.91,44.88,52.76,5.17
96,38.53,18.64,20.97,4.12,70.91,44.69,52.76,5.13
97,38.53,18.64,20.97,4.12,70.7,44.79,52.76,5.14
98,38.46,18.61,20.94,4.11,70.7,44.69,52.64,5.11
99,38.38,18.64,20.91,4.1,70.49,44.79,52.76,5.11
100,38.38,18.64,20.91,4.11,70.49,44.79,52.64,5.1
101,38.38,18.66,20.91,4.1,70.49,44.79,52.64,5.08
102,38.38,18.66,20.94,4.1,70.7,44.88,52.64,5.07
103,38.38,18.66,20.91,4.1,70.49,44.79,52.64,5.06
104,38.38,18.66,20.91,4.1,70.7,44.88,52.64,5.05
105,38.38,18.72,20.91,4.1,70.7,44.98,52.64,5.05
106,38.38,18.72,20.91,4.1,70.49,44.98,52.64,5.04
107,38.38,18.69,20.91,4.1,70.49,44.88,52.64,5.03
108,38.38,18.66,20.91,4.1,70.49,44.98,52.51,5.02
109,38.38,18.66,20.91,4.08,70.49,44.88,52.64,5.01
110,38.46,18.69,20.91,4.08,70.7,44.88,52.64,4.99
111,38.46,18.66,20.91,4.08,70.49,44.88,52.51,5.0
112,38.61,18.69,20.94,4.08,70.91,44.98,52.64,4.99
113,38.61,18.69,20.94,4.08,70.7,44.98,52.76,4.98
114,38.61,18.72,20.97,4.09,70.7,44.88,52.76,4.98
115,38.68,18.66,20.97,4.08,70.7,44.98,52.64,4.97
116,38.61,18.66,20.94,4.07,70.7,44.88,52.76,4.96
117,38.61,18.64,20.94,4.07,70.7,44.88,52.76,4.96
118,38.61,18.66,20.91,4.06,70.7,44.88,52.64,4.95
119,38.53,18.66,20.94,4.07,70.7,44.79,52.76,4.95
120,38.61,18.61,20.91,4.06,70.7,44.79,52.64,4.94
121,38.53,18.64,20.91,4.06,70.7,44.88,52.64,4.93
122,38.53,18.64,20.94,4.06,70.7,44.88,52.89,4.93
123,38.61,18.66,20.91,4.06,70.7,44.79,52.76,4.93
124,38.61,18.66,20.97,4.06,70.7,44.88,52.76,4.91
125,38.61,18.66,20.94,4.05,70.7,44.79,52.89,4.91
126,38.61,18.66,20.94,4.06,70.7,44.88,52.76,4.92
127,38.61,18.69,20.94,4.05,70.7,44.88,52.89,4.9
128,38.61,18.66,20.97,4.05,70.91,44.88,52.76,4.9
129,38.61,18.69,20.97,4.04,70.91,44.88,52.76,4.9
130,38.53,18.66,20.97,4.05,70.7,44.88,52.76,4.89
131,38.61,18.69,20.97,4.04,70.7,44.88,52.76,4.89
132,38.61,18.72,20.97,4.04,70.91,44.88,52.89,4.88
133,38.53,18.69,20.97,4.04,70.91,44.88,52.89,4.88
134,38.61,18.69,20.97,4.04,70.7,44.88,52.76,4.87
135,38.53,18.66,20.97,4.04,70.7,44.88,52.76,4.87
136,38.53,18.66,20.91,4.04,70.7,44.88,52.64,4.86
137,38.46,18.64,20.91,4.03,70.7,44.88,52.64,4.86
138,38.46,18.66,20.94,4.03,70.91,44.88,52.64,4.87
139,38.46,18.64,20.91,4.03,70.49,44.79,52.64,4.86
140,38.53,18.66,20.91,4.03,70.7,44.79,52.76,4.86
141,38.46,18.64,20.91,4.03,70.49,44.79,52.51,4.86
142,38.46,18.61,20.88,4.03,70.49,44.79,52.64,4.84
143,38.38,18.61,20.88,4.02,70.28,44.6,52.38,4.83
144,38.38,18.59,20.81,4.03,70.28,44.6,52.38,4.83
145,38.38,18.59,20.84,4.01,70.28,44.69,52.51,4.83
146,38.38,18.61,20.84,4.01,70.49,44.79,52.38,4.83
147,38.3,18.59,20.78,4.01,70.28,44.69,52.38,4.82
148,38.3,18.56,20.78,4.01,70.28,44.6,52.26,4.82
149,38.3,18.56,20.78,4.0,70.28,44.6,52.26,4.81
150,38.3,18.56,20.78,4.01,70.08,44.5,52.38,4.81
151,38.3,18.56,20.78,4.0,70.28,44.6,52.26,4.81
152,38.3,18.56,20.81,4.0,70.08,44.5,52.38,4.81
153,38.3,18.61,20.81,4.0,70.28,44.6,52.38,4.8
154,38.38,18.61,20.84,4.01,70.49,44.79,52.26,4.8
155,38.38,18.66,20.84,4.0,70.28,44.79,52.51,4.8
156,38.38,18.66,20.88,4.0,70.28,44.69,52.51,4.8
157,38.38,18.66,20.91,4.01,70.49,44.88,52.64,4.79
158,38.46,18.66,20.91,4.0,70.49,44.88,52.64,4.79
159,38.38,18.66,20.97,4.01,70.49,44.79,52.76,4.81
160,38.38,18.69,20.97,4.01,70.91,44.98,52.89,4.82
161,38.38,18.66,20.97,4.04,70.49,45.08,53.02,4.83
162,38.38,18.64,21.0,4.06,70.7,44.98,53.02,4.85
163,38.38,18.66,21.03,4.08,70.91,45.08,53.14,4.87
164,38.46,18.66,21.09,4.1,70.91,45.18,53.27,4.9
165,38.53,18.69,21.09,4.12,71.12,45.18,53.4,4.93
166,38.61,18.77,21.22,4.19,71.33,45.47,53.79,4.98
167,38.68,18.72,21.25,4.22,71.33,45.37,53.79,5.0
168,38.61,18.72,21.28,4.26,71.33,45.37,53.92,5.05
169,38.68,18.69,21.28,4.28,71.55,45.37,54.05,5.07
170,38.76,18.72,21.31,4.33,71.55,45.47,54.05,5.11
171,38.76,18.69,21.34,4.37,71.55,45.47,54.19,5.15
172,38.76,18.74,21.37,4.41,71.98,45.47,54.32,5.19
173,38.84,18.74,21.41,4.46,71.76,45.67,54.32,5.22
174,38.91,18.8,21.44,4.5,71.98,45.77,54.59,5.28
175,38.99,18.8,21.47,4.53,72.2,45.77,54.59,5.31
176,38.99,18.77,21.5,4.61,72.2,45.77,54.72,5.38
177,38.99,18.77,21.5,4.63,72.2,45.77,54.72,5.41
178,38.99,18.77,21.5,4.65,72.2,45.87,54.72,5.44
179,38.99,18.77,21.53,4.72,72.41,45.87,54.85,5.52
180,38.99,18.74,21.5,4.74,72.41,45.87,54.85,5.52
181,39.07,18.77,21.6,4.81,72.41,45.97,55.13,5.61
182,39.07,18.77,21.57,4.81,72.41,45.87,54.99,5.61
183,39.15,18.8,21.6,4.86,72.41,45.97,55.13,5.65
184,39.22,18.8,21.66,4.89,72.63,45.97,55.26,5.71
185,39.3,18.8,21.66,4.93,72.85,45.97,55.26,5.75
186,39.22,18.8,21.63,4.97,72.63,45.97,55.26,5.79
187,39.22,18.77,21.63,4.98,72.63,45.97,55.26,5.81
188,39.22,18.77,21.66,5.0,72.85,45.97,55.26,5.85
189,39.15,18.77,21.66,5.04,72.85,45.97,55.26,5.9
190,39.3,18.77,21.66,5.06,72.85,45.87,55.4,5.91
191,39.3,18.77,21.66,5.07,72.85,45.97,55.4,5.93
192,39.3,18.77,21.69,5.09,72.85,46.07,55.54,5.97
193,39.38,18.82,21.73,5.12,73.08,46.17,55.54,6.01
194,39.38,18.8,21.73,5.15,73.3,46.07,55.67,6.05
195,39.38,18.82,21.73,5.16,73.3,46.17,55.54,6.06
196,39.38,18.82,21.76,5.19,73.3,46.07,55.67,6.1
197,39.38,18.82,21.76,5.2,73.3,46.07,55.67,6.12
198,39.38,18.77,21.73,5.23,73.3,46.07,55.67,6.16
199,39.38,18.74,21.76,5.24,73.3,45.97,55.67,6.18
200,39.3,18.77,21.76,5.24,73.3,46.07,55.67,6.2
201,39.3,18.74,21.73,5.26,73.3,45.97,55.54,6.22
202,39.3,18.77,21.73,5.27,73.3,45.97,55.67,6.25
203,39.3,18.74,21.76,5.29,73.3,46.07,55.67,6.27
204,39.3,18.77,21.76,5.31,73.08,45.97,55.67,6.29
205,39.3,18.77,21.76,5.33,73.3,46.17,55.81,6.31
206,39.3,18.8,21.76,5.33,73.3,46.07,55.81,6.34
207,39.3,18.8,21.76,5.33,73.3,46.07,55.95,6.36
208,39.38,18.82,21.76,5.35,73.3,46.17,55.81,6.37
209,39.3,18.8,21.76,5.36,73.3,46.07,55.67,6.4
210,39.3,18.77,21.73,5.36,73.3,46.17,55.67,6.4
211,39.22,18.77,21.76,5.37,73.08,45.97,55.67,6.42
212,39.22,18.74,21.73,5.37,73.08,45.97,55.67,6.43
213,39.22,18.77,21.69,5.39,73.08,46.07,55.67,6.45
214,39.3,18.8,21.76,5.41,73.3,46.17,55.81,6.49
215,39.22,18.82,21.73,5.41,73.3,46.17,55.81,6.49
216,39.22,18.82,21.73,5.42,73.3,46.17,55.81,6.52
217,39.22,18.8,21.73,5.42,73.3,46.27,55.81,6.53
218,39.3,18.82,21.73,5.43,73.3,46.27,55.81,6.55
219,39.22,18.8,21.76,5.44,73.3,46.17,55.81,6.55
220,39.15,18.8,21.73,5.44,73.3,46.27,55.81,6.57
221,39.22,18.82,21.73,5.46,73.3,46.27,55.81,6.58
222,39.3,18.82,21.76,5.46,73.3,46.07,55.95,6.6
223,39.3,18.85,21.76,5.46,73.3,46.27,55.81,6.61
224,39.22,18.82,21.76,5.47,73.3,46.17,55.81,6.62
225,39.3,18.82,21.73,5.48,73.3,46.27,55.67,6.64
226,39.3,18.82,21.73,5.49,73.3,46.27,55.81,6.63
227,39.3,18.8,21.73,5.48,73.3,46.07,55.67,6.65
228,39.22,18.8,21.69,5.48,73.3,46.17,55.81,6.66
229,39.22,18.8,21.73,5.49,73.08,46.17,55.67,6.66
230,39.3,18.8,21.69,5.49,73.3,46.17,55.81,6.68
231,39.22,18.77,21.69,5.49,73.3,46.17,55.81,6.7
232,39.15,18.77,21.66,5.49,73.08,46.17,55.67,6.7
233,39.15,18.8,21.69,5.5,73.08,46.17,55.67,6.71
234,39.15,18.8,21.66,5.5,73.08,45.87,55.67,6.71
235,39.15,18.82,21.66,5.5,73.3,46.17,55.81,6.72
236,39.15,18.8,21.66,5.5,73.08,46.17,55.81,6.72
237,39.15,18.77,21.66,5.51,73.08,46.17,55.81,6.75
238,39.07,18.77,21.66,5.51,73.08,46.07,55.54,6.73
239,39.07,18.72,21.6,5.51,72.85,45.97,55.54,6.75
240,39.07,18.72,21.63,5.52,72.85,45.97,55.67,6.75
241,39.07,18.72,21.63,5.51,72.85,45.97,55.4,6.76
242,39.15,18.74,21.63,5.52,72.85,45.97,55.54,6.77
243,39.15,18.74,21.63,5.52,73.08,46.07,55.67,6.78
244,39.15,18.74,21.66,5.52,73.08,45.97,55.67,6.78
245,39.22,18.77,21.69,5.52,73.08,45.97,55.67,6.79
246,39.15,18.8,21.66,5.52,73.08,46.17,55.67,6.8
247,39.15,18.77,21.66,5.52,73.08,45.97,55.67,6.8
248,39.07,18.8,21.66,5.53,73.08,46.17,55.67,6.8
249,39.07,18.8,21.66,5.53,73.08,46.17,55.54,6.82
250,39.15,18.77,21.66,5.53,73.3,46.07,55.67,6.81
251,39.15,18.77,21.66,5.53,73.08,46.17,55.67,6.82
252,39.22,18.77,21.66,5.54,73.08,46.07,55.54,6.82
253,39.15,18.77,21.66,5.53,72.85,45.97,55.54,6.82
254,39.15,18.74,21.63,5.53,73.08,45.97,55.67,6.83
255,39.15,18.72,21.63,5.53,73.08,46.07,55.54,6.83
256,39.15,18.72,21.63,5.53,72.85,45.87,55.54,6.84
257,39.22,18.72,21.66,5.53,72.85,46.07,55.54,6.85
258,39.22,18.69,21.66,5.53,72.85,45.87,55.67,6.84
259,39.22,18.72,21.66,5.53,72.85,45.87,55.67,6.84
260,39.38,18.72,21.69,5.54,73.08,45.97,55.67,6.85
261,39.3,18.74,21.69,5.53,73.08,45.97,55.67,6.85
262,39.3,18.74,21.69,5.54,73.08,45.97,55.81,6.87
263,39.38,18.74,21.73,5.54,73.3,45.97,55.81,6.86
264,39.38,18.77,21.73,5.54,73.08,45.97,55.81,6.87
265,39.38,18.72,21.73,5.54,73.3,45.97,55.67,6.87
266,39.3,18.72,21.69,5.55,73.08,45.87,55.67,6.87
267,39.3,18.69,21.69,5.54,73.08,45.97,55.67,6.87
268,39.3,18.66,21.69,5.53,73.08,45.77,55.67,6.87
269,39.3,18.66,21.66,5.53,73.08,45.87,55.67,6.88
270,39.38,18.69,21.69,5.53,73.08,45.87,55.81,6.88
271,39.38,18.72,21.73,5.53,73.08,46.07,55.95,6.89
272,39.3,18.69,21.73,5.54,73.3,45.77,55.81,6.89
273,39.3,18.69,21.69,5.54,73.08,45.87,55.81,6.89
274,39.3,18.72,21.69,5.54,73.3,45.87,55.81,6.89
275,39.3,18.72,21.73,5.54,73.3,45.87,55.81,6.9
276,39.3,18.72,21.73,5.54,73.3,45.97,55.81,6.9
277,39.3,18.74,21.69,5.54,73.08,45.87,55.81,6.9
278,39.3,18.69,21.69,5.54,73.08,45.77,55.81,6.91
279,39.3,18.69,21.73,5.55,73.3,45.77,55.81,6.9
280,39.3,18.69,21.69,5.55,73.08,45.87,55.81,6.9
281,39.38,18.74,21.76,5.54,73.3,45.87,55.95,6.91
282,39.38,18.74,21.73,5.55,73.3,45.87,55.81,6.91
283,39.3,18.72,21.73,5.54,73.3,45.97,55.95,6.92
284,39.3,18.74,21.76,5.55,73.3,45.87,55.95,6.91
285,39.3,18.74,21.76,5.55,73.3,45.97,55.95,6.92
286,39.3,18.72,21.73,5.55,73.3,45.97,55.95,6.92
287,39.3,18.72,21.73,5.55,73.3,45.97,55.95,6.92
288,39.22,18.74,21.73,5.55,73.3,45.87,55.95,6.93
289,39.22,18.77,21.73,5.55,73.3,45.97,55.95,6.93
290,39.22,18.77,21.73,5.55,73.3,46.07,55.95,6.94
291,39.22,18.74,21.73,5.56,73.3,45.97,55.95,6.93
292,39.22,18.74,21.76,5.55,73.3,45.97,55.95,6.93
293,39.15,18.74,21.73,5.56,73.08,45.97,55.81,6.94
294,39.15,18.72,21.69,5.56,73.3,46.07,55.81,6.93
295,39.15,18.74,21.73,5.56,73.08,45.97,55.81,6.93
296,39.15,18.72,21.69,5.55,73.08,46.07,55.81,6.94
297,39.15,18.74,21.73,5.56,73.08,45.97,55.81,6.94
298,39.22,18.74,21.69,5.57,73.08,45.97,55.81,6.95
299,39.22,18.74,21.69,5.56,73.08,45.87,55.81,6.94
300,39.22,18.74,21.69,5.56,73.3,45.97,55.67,6.95
301,39.22,18.69,21.69,5.55,73.08,45.87,55.81,6.94
302,39.22,18.72,21.66,5.56,73.3,45.87,55.67,6.95
303,39.22,18.69,21.69,5.56,73.08,45.87,55.67,6.94
304,39.22,18.69,21.69,5.56,73.08,45.87,55.81,6.94
305,39.22,18.72,21.69,5.56,73.08,45.87,55.81,6.95
306,39.22,18.66,21.66,5.56,73.3,45.87,55.81,6.94
307,39.15,18.69,21.66,5.57,73.08,45.87,55.81,6.95
308,39.15,18.72,21.66,5.55,73.08,45.97,55.81,6.95
309,39.07,18.69,21.66,5.56,73.08,45.87,55.81,6.95
310,39.07,18.69,21.66,5.56,73.08,45.77,55.67,6.96
311,39.07,18.72,21.66,5.57,73.08,45.87,55.67,6.96
312,39.07,18.74,21.66,5.56,73.3,45.97,55.95,6.97
313,39.15,18.74,21.66,5.56,73.08,45.87,55.81,6.97
314,39.15,18.74,21.66,5.56,73.08,45.97,55.81,6.97
315,39.15,18.74,21.66,5.57,73.08,45.97,55.81,6.97
316,39.15,18.69,21.69,5.56,73.08,45.97,55.81,6.97
317,39.15,18.69,21.66,5.57,73.08,45.87,55.67,6.97
318,39.15,18.72,21.69,5.58,73.08,45.97,55.81,6.97
319,39.15,18.74,21.69,5.56,73.08,45.97,55.81,6.97
320,39.15,18.72,21.69,5.57,73.3,45.97,55.81,6.99
321,39.15,18.74,21.69,5.57,73.3,46.07,55.81,6.99
322,39.3,18.77,21.76,5.58,73.3,46.07,55.81,6.99
323,39.22,18.77,21.76,5.58,73.52,46.07,55.81,6.99
324,39.22,18.8,21.76,5.58,73.3,45.97,55.81,6.99
325,39.15,18.74,21.76,5.58,73.3,46.07,55.81,7.0
326,39.22,18.72,21.69,5.59,73.08,45.97,55.81,7.0
327,39.15,18.72,21.69,5.58,73.08,45.97,55.81,6.99
328,39.22,18.74,21.69,5.58,73.3,46.07,55.81,7.01
329,39.3,18.74,21.73,5.58,73.3,45.87,55.81,6.99
330,39.22,18.77,21.73,5.58,73.08,45.97,55.81,6.99
331,39.22,18.74,21.69,5.58,73.3,46.07,55.81,7.0
332,39.22,18.72,21.66,5.58,73.3,45.97,55.67,6.99
333,39.22,18.77,21.69,5.58,73.08,45.97,55.81,6.99
334,39.22,18.72,21.73,5.58,73.3,46.07,55.81,6.99
335,39.22,18.72,21.73,5.59,73.08,45.97,55.81,7.0
336,39.22,18.77,21.73,5.58,73.08,45.97,55.81,7.0
337,39.3,18.77,21.76,5.58,73.3,46.17,55.95,7.0
338,39.3,18.8,21.79,5.59,73.52,46.17,55.81,7.01
339,39.3,18.82,21.76,5.59,73.3,46.17,55.95,7.01
340,39.3,18.82,21.76,5.59,73.52,46.07,55.95,7.01
341,39.3,18.8,21.76,5.59,73.3,46.07,55.95,7.01
342,39.38,18.85,21.79,5.6,73.52,46.27,55.95,7.01
343,39.46,18.82,21.79,5.6,73.52,46.27,56.09,7.03
344,39.46,18.82,21.82,5.59,73.52,46.17,56.09,7.01
345,39.46,18.8,21.82,5.59,73.52,46.17,56.09,7.01
346,39.46,18.82,21.86,5.59,73.52,46.17,56.09,7.01
347,39.46,18.77,21.79,5.59,73.52,46.07,56.09,7.03
348,39.38,18.77,21.79,5.59,73.3,46.07,56.09,7.01
349,39.38,18.8,21.76,5.59,73.52,46.07,55.95,7.01
350,39.38,18.74,21.79,5.59,73.3,46.07,55.95,7.01
351,39.38,18.74,21.76,5.59,73.3,45.87,55.81,7.01
352,39.3,18.77,21.76,5.59,73.3,46.17,55.95,7.01
353,39.3,18.77,21.79,5.6,73.3,46.07,55.95,7.01
354,39.38,18.74,21.76,5.59,73.3,46.07,55.81,7.01
355,39.3,18.77,21.73,5.59,73.3,46.07,55.95,7.01
356,39.3,18.77,21.76,5.59,73.3,46.07,55.81,7.01
357,39.3,18.77,21.79,5.59,73.3,46.17,55.95,7.01
358,39.3,18.8,21.73,5.59,73.3,46.17,55.95,7.01
359,39.3,18.8,21.76,5.59,73.3,46.17,55.95,7.01
360,39.38,18.8,21.79,5.6,73.52,46.17,56.09,7.03
361,39.3,18.8,21.76,5.6,73.3,46.17,55.95,7.01
362,39.3,18.8,21.76,5.6,73.3,46.17,55.95,7.03
363,39.3,18.82,21.76,5.6,73.3,46.17,55.81,7.03
364,39.3,18.82,21.79,5.6,73.52,46.27,55.95,7.03
365,39.3,18.82,21.79,5.61,73.3,46.17,55.95,7.03
366,39.38,18.85,21.79,5.61,73.3,46.27,56.09,7.03
367,39.38,18.85,21.79,5.61,73.3,46.27,56.09,7.03
368,39.46,18.82,21.79,5.61,73.3,46.17,56.09,7.03
369,39.46,18.85,21.79,5.61,73.3,46.17,55.95,7.03
370,39.46,18.85,21.79,5.61,73.3,46.27,56.09,7.03
371,39.46,18.88,21.82,5.61,73.52,46.27,56.23,7.03
372,39.46,18.85,21.82,5.61,73.52,46.27,56.09,7.03
373,39.38,18.88,21.86,5.61,73.52,46.17,56.09,7.03
374,39.38,18.85,21.82,5.61,73.52,46.27,56.09,7.03
375,39.38,18.85,21.82,5.62,73.52,46.27,56.23,7.03
376,39.38,18.85,21.82,5.62,73.52,46.17,56.09,7.03
377,39.3,18.82,21.79,5.61,73.52,46.38,56.09,7.03
378,39.38,18.85,21.82,5.62,73.52,46.27,56.09,7.03
379,39.38,18.88,21.82,5.62,73.52,46.27,56.09,7.03
380,39.46,18.88,21.82,5.62,73.52,46.17,56.23,7.03
381,39.46,18.88,21.82,5.62,73.52,46.38,56.09,7.04
382,39.38,18.85,21.82,5.62,73.52,46.17,56.23,7.04
383,39.46,18.82,21.82,5.62,73.75,46.17,56.09,7.03
384,39.38,18.82,21.79,5.62,73.52,46.27,56.09,7.04
385,39.38,18.82,21.79,5.61,73.3,46.17,56.09,7.04
386,39.38,18.8,21.79,5.61,73.52,46.17,55.95,7.04
387,39.54,18.8,21.79,5.61,73.52,46.17,56.23,7.04
388,39.46,18.8,21.82,5.61,73.52,46.17,56.23,7.03
389,39.46,18.82,21.79,5.61,73.52,46.17,56.09,7.03
390,39.38,18.85,21.79,5.61,73.52,46.07,56.09,7.03
391,39.38,18.82,21.79,5.61,73.52,46.17,56.09,7.04
392,39.38,18.82,21.79,5.62,73.52,46.27,56.09,7.03
393,39.3,18.8,21.76,5.62,73.3,46.07,55.95,7.03
394,39.22,18.82,21.73,5.61,73.3,45.97,55.95,7.03
395,39.15,18.77,21.69,5.6,73.3,46.07,55.81,7.03
396,39.22,18.77,21.69,5.6,73.3,46.17,55.95,7.03
397,39.15,18.8,21.69,5.62,73.3,46.07,55.95,7.03
398,39.15,18.8,21.73,5.61,73.3,46.17,56.09,7.03
399,39.15,18.8,21.73,5.6,73.3,46.17,55.95,7.03
400,39.22,18.82,21.73,5.62,73.3,46.17,55.95,7.04
401,39.3,18.82,21.76,5.62,73.3,46.27,55.95,7.03
402,39.22,18.85,21.76,5.62,73.3,46.27,55.95,7.03
403,39.3,18.88,21.76,5.62,73.3,46.27,56.23,7.04
404,39.22,18.85,21.76,5.63,73.3,46.27,55.95,7.04
405,39.22,18.85,21.76,5.62,73.3,46.17,55.95,7.04
406,39.22,18.88,21.79,5.62,73.3,46.17,56.09,7.04
407,39.3,18.9,21.76,5.62,73.3,46.27,55.95,7.04
408,39.3,18.9,21.79,5.63,73.3,46.27,56.09,7.04
409,39.22,18.88,21.79,5.63,73.3,46.27,55.95,7.04
410,39.3,18.88,21.76,5.63,73.3,46.27,55.95,7.05
411,39.3,18.9,21.76,5.62,73.3,46.38,55.81,7.04
412,39.3,18.85,21.76,5.62,73.3,46.17,55.81,7.04
413,39.3,18.82,21.73,5.62,73.3,46.27,55.81,7.04
414,39.3,18.82,21.73,5.62,73.08,46.17,55.81,7.04
415,39.38,18.82,21.76,5.62,73.3,46.17,55.81,7.04
416,39.46,18.82,21.76,5.62,73.3,46.27,55.95,7.05
417,39.46,18.88,21.79,5.63,73.52,46.27,55.95,7.04
418,39.46,18.85,21.79,5.64,73.52,46.27,56.09,7.04
419,39.38,18.88,21.79,5.63,73.52,46.27,56.09,7.04
420,39.46,18.88,21.79,5.62,73.52,46.27,56.09,7.04
421,39.46,18.88,21.82,5.62,73.52,46.27,56.09,7.04
422,39.38,18.88,21.79,5.62,73.52,46.27,56.09,7.04
423,39.3,18.82,21.79,5.62,73.3,46.27,55.95,7.04
424,39.38,18.82,21.79,5.62,73.3,46.17,55.95,7.04
425,39.38,18.85,21.79,5.63,73.52,46.17,55.95,7.04
426,39.46,18.85,21.82,5.62,73.52,46.27,56.09,7.05
427,39.46,18.85,21.79,5.62,73.52,46.27,56.09,7.04
428,39.46,18.85,21.82,5.63,73.52,46.17,56.09,7.05
429,39.54,18.88,21.82,5.63,73.52,46.27,56.09,7.04
430,39.46,18.85,21.82,5.62,73.52,46.27,56.09,7.03
431,39.46,18.82,21.79,5.62,73.52,46.17,56.09,7.04
432,39.46,18.82,21.79,5.62,73.52,46.17,56.09,7.04
433,39.46,18.82,21.79,5.63,73.52,46.17,56.09,7.04
434,39.46,18.88,21.82,5.62,73.52,46.27,56.09,7.04
435,39.46,18.85,21.82,5.62,73.52,46.27,56.09,7.04
436,39.46,18.82,21.82,5.64,73.52,46.17,56.09,7.04
437,39.38,18.8,21.79,5.62,73.3,46.07,55.81,7.04
438,39.38,18.8,21.76,5.62,73.3,46.17,55.95,7.03
439,39.3,18.8,21.76,5.62,73.3,46.17,55.95,7.04
440,39.46,18.85,21.79,5.62,73.3,46.27,56.09,7.04
441,39.46,18.88,21.82,5.62,73.52,46.27,56.09,7.04
442,39.54,18.88,21.86,5.63,73.75,46.27,56.09,7.04
443,39.46,18.88,21.82,5.62,73.75,46.17,56.09,7.04
444,39.46,18.88,21.82,5.62,73.52,46.17,56.09,7.05
445,39.54,18.85,21.82,5.62,73.52,46.17,56.09,7.04
446,39.46,18.85,21.86,5.63,73.52,46.27,56.23,7.05
447,39.54,18.88,21.86,5.62,73.52,46.27,56.09,7.03
448,39.54,18.88,21.86,5.62,73.52,46.17,56.09,7.04
449,39.46,18.88,21.82,5.63,73.52,46.17,56.09,7.03
450,39.54,18.82,21.86,5.62,73.52,46.27,56.09,7.03
451,39.54,18.82,21.82,5.63,73.75,46.17,56.09,7.03
452,39.46,18.85,21.86,5.62,73.75,46.17,56.23,7.03
453,39.46,18.85,21.86,5.62,73.75,46.17,56.23,7.04
454,39.46,18.82,21.82,5.62,73.52,46.17,56.09,7.03
455,39.38,18.8,21.79,5.62,73.52,46.07,56.09,7.03
456,39.38,18.8,21.79,5.62,73.3,46.07,55.95,7.03
457,39.38,18.77,21.76,5.62,73.3,46.07,55.95,7.03
458,39.38,18.82,21.79,5.62,73.52,46.07,55.95,7.03
459,39.46,18.82,21.79,5.62,73.52,46.17,56.09,7.03
460,39.46,18.85,21.82,5.62,73.52,46.27,56.09,7.03
461,39.46,18.85,21.82,5.62,73.75,46.27,56.09,7.04
462,39.46,18.85,21.82,5.62,73.52,46.17,56.23,7.04
463,39.54,18.85,21.86,5.63,73.52,46.38,56.23,7.04
464,39.46,18.85,21.82,5.62,73.52,46.17,56.09,7.04
465,39.46,18.88,21.82,5.62,73.52,46.17,56.23,7.03
466,39.46,18.82,21.79,5.62,73.52,46.17,56.09,7.03
467,39.46,18.85,21.82,5.62,73.52,46.17,56.09,7.03
468,39.46,18.88,21.82,5.62,73.52,46.17,56.09,7.03
469,39.46,18.82,21.82,5.62,73.75,46.27,56.09,7.03
470,39.54,18.82,21.79,5.63,73.52,46.17,56.23,7.04
471,39.54,18.82,21.82,5.62,73.52,46.17,56.23,7.03
472,39.54,18.82,21.86,5.62,73.52,46.07,56.23,7.03
473,39.54,18.82,21.82,5.63,73.52,46.17,56.09,7.04
474,39.54,18.85,21.82,5.62,73.52,46.17,56.23,7.04
475,39.54,18.82,21.86,5.63,73.75,46.17,56.09,7.03
476,39.54,18.85,21.86,5.62,73.75,46.07,56.23,7.03
477,39.62,18.88,21.86,5.63,73.52,46.27,56.23,7.03
478,39.54,18.85,21.86,5.62,73.52,46.17,56.23,7.03
479,39.54,18.82,21.86,5.63,73.52,46.17,56.09,7.04
480,39.46,18.8,21.82,5.62,73.52,46.07,56.09,7.03
481,39.46,18.85,21.86,5.62,73.75,46.17,56.09,7.03
482,39.46,18.82,21.82,5.62,73.75,46.17,56.09,7.03
483,39.46,18.77,21.82,5.62,73.52,46.07,56.09,7.03
484,39.54,18.8,21.79,5.61,73.52,46.07,56.09,7.03
485,39.46,18.8,21.79,5.62,73.52,46.07,55.95,7.03
486,39.46,18.8,21.82,5.61,73.52,45.97,56.09,7.03
487,39.46,18.82,21.82,5.61,73.52,45.97,56.09,7.03
488,39.38,18.8,21.82,5.62,73.52,46.17,56.09,7.03
489,39.46,18.77,21.82,5.61,73.52,46.07,56.09,7.03
490,39.38,18.8,21.82,5.62,73.52,46.07,56.09,7.03
491,39.38,18.82,21.82,5.61,73.97,46.17,56.09,7.03
492,39.46,18.85,21.86,5.62,73.75,46.27,56.38,7.03
493,39.46,18.85,21.86,5.63,73.75,46.17,56.38,7.03
494,39.38,18.82,21.79,5.62,73.52,46.07,56.23,7.04
495,39.22,18.82,21.79,5.62,73.52,46.17,55.95,7.03
496,39.3,18.82,21.76,5.62,73.52,46.17,56.09,7.03
497,39.3,18.82,21.76,5.62,73.52,46.17,55.95,7.03
498,39.38,18.82,21.79,5.62,73.52,46.07,55.95,7.03
499,39.3,18.8,21.76,5.62,73.52,46.07,55.95,7.03
500,39.3,18.82,21.79,5.62,73.3,46.07,56.09,7.03
501,39.38,18.88,21.82,5.63,73.52,46.17,56.09,7.03
502,39.46,18.88,21.82,5.62,73.52,46.07,56.09,7.03
503,39.38,18.85,21.79,5.62,73.3,46.17,56.09,7.03
504,39.38,18.85,21.82,5.62,73.52,46.27,56.09,7.03
505,39.46,18.88,21.86,5.62,73.52,46.17,56.09,7.03
506,39.46,18.88,21.82,5.62,73.52,46.17,56.09,7.03
507,39.46,18.85,21.82,5.63,73.52,46.17,56.09,7.03
508,39.46,18.82,21.79,5.63,73.3,46.27,56.09,7.03
509,39.38,18.8,21.79,5.62,73.3,46.17,55.95,7.03
510,39.38,18.77,21.79,5.62,73.3,46.07,55.95,7.03
511,39.3,18.8,21.76,5.61,73.3,46.07,55.81,7.03
512,39.38,18.8,21.79,5.62,73.3,46.17,55.95,7.03
513,39.46,18.8,21.79,5.62,73.3,46.07,56.09,7.03
514,39.46,18.85,21.82,5.62,73.52,46.07,55.95,7.03
515,39.54,18.82,21.79,5.62,73.3,46.17,56.09,7.03
516,39.62,18.82,21.86,5.62,73.52,46.07,56.09,7.03
517,39.62,18.82,21.86,5.62,73.52,46.17,56.23,7.03
518,39.7,18.85,21.89,5.62,73.75,46.27,56.23,7.03
519,39.7,18.88,21.92,5.62,73.75,46.17,56.23,7.03
520,39.7,18.85,21.92,5.62,73.97,46.17,56.38,7.03
521,39.62,18.85,21.92,5.62,73.75,46.07,56.38,7.03
522,39.7,18.85,21.92,5.62,73.75,46.07,56.38,7.03
523,39.62,18.82,21.92,5.62,73.75,46.17,56.38,7.03
524,39.62,18.85,21.92,5.63,73.75,46.17,56.23,7.03
525,39.7,18.82,21.89,5.62,73.75,46.17,56.23,7.03
526,39.62,18.82,21.86,5.62,73.75,46.17,56.23,7.03
527,39.62,18.8,21.89,5.62,73.75,46.17,56.38,7.03
528,39.62,18.82,21.89,5.62,73.97,46.17,56.23,7.03
529,39.62,18.82,21.89,5.62,73.97,46.17,56.38,7.03
530,39.7,18.85,21.92,5.62,73.97,46.17,56.52,7.03
531,39.7,18.85,21.95,5.62,73.97,46.17,56.52,7.04
532,39.62,18.85,21.92,5.62,73.97,46.17,56.52,7.03
533,39.54,18.85,21.92,5.62,73.97,46.27,56.38,7.03
534,39.62,18.88,21.95,5.64,74.2,46.38,56.52,7.03
535,39.46,18.88,21.92,5.63,73.97,46.27,56.38,7.04
536,39.54,18.85,21.92,5.62,73.97,46.27,56.38,7.03
537,39.54,18.82,21.92,5.62,73.52,46.17,56.38,7.03
538,39.46,18.82,21.89,5.63,73.75,46.17,56.23,7.03
539,39.54,18.82,21.92,5.62,73.75,46.17,56.23,7.03
540,39.54,18.85,21.92,5.62,73.97,46.17,56.38,7.03
541,39.62,18.85,21.89,5.62,73.97,46.17,56.38,7.03
542,39.62,18.85,21.92,5.62,73.97,46.17,56.38,7.03
543,39.62,18.85,21.92,5.62,73.75,46.07,56.38,7.04
544,39.62,18.82,21.89,5.62,73.75,46.07,56.23,7.03
545,39.54,18.82,21.86,5.62,73.97,46.17,56.23,7.03
546,39.46,18.82,21.86,5.62,73.75,46.07,56.23,7.01
547,39.46,18.8,21.86,5.62,73.75,46.07,56.09,7.01
548,39.46,18.77,21.82,5.61,73.52,45.97,56.09,7.03
549,39.46,18.8,21.82,5.61,73.52,46.07,56.09,7.01
550,39.54,18.77,21.86,5.61,73.75,45.97,56.23,7.01
551,39.54,18.8,21.86,5.62,73.75,46.17,56.09,7.01
552,39.46,18.8,21.82,5.61,73.75,46.07,56.09,7.01
553,39.46,18.77,21.82,5.62,73.52,45.97,56.09,7.03
554,39.46,18.74,21.79,5.61,73.52,46.07,56.09,7.01
555,39.46,18.77,21.79,5.61,73.75,45.97,56.09,7.01
556,39.38,18.72,21.79,5.61,73.52,45.87,55.95,7.01
557,39.38,18.74,21.76,5.6,73.52,45.97,55.95,7.03
558,39.38,18.74,21.79,5.6,73.3,45.97,56.09,7.01
559,39.46,18.74,21.82,5.61,73.52,45.87,56.09,7.01
560,39.46,18.74,21.79,5.61,73.52,45.87,56.23,7.01
561,39.62,18.85,21.89,5.62,73.75,46.07,56.23,7.01
562,39.54,18.82,21.86,5.62,73.75,46.07,56.23,7.01
563,39.54,18.85,21.89,5.62,73.75,46.17,56.23,7.03
564,39.54,18.82,21.86,5.61,73.75,46.27,56.23,7.01
565,39.46,18.82,21.86,5.62,73.75,45.97,56.09,7.01
566,39.46,18.77,21.86,5.62,73.52,46.07,56.09,7.01
567,39.46,18.8,21.86,5.62,73.75,46.07,56.09,7.01
568,39.46,18.8,21.86,5.62,73.52,46.07,56.23,7.01
569,39.46,18.82,21.86,5.63,73.75,46.07,56.09,7.01
570,39.46,18.82,21.86,5.62,73.75,45.97,56.09,7.01
571,39.46,18.8,21.86,5.61,73.52,45.97,56.09,7.01
572,39.46,18.77,21.82,5.62,73.52,45.97,56.23,7.01
573,39.38,18.77,21.79,5.61,73.52,45.97,56.09,7.01
574,39.38,18.77,21.79,5.61,73.52,45.97,56.09,7.01
575,39.38,18.77,21.79,5.61,73.52,46.07,56.09,7.01
576,39.38,18.77,21.79,5.61,73.3,46.07,56.09,7.01
577,39.38,18.77,21.79,5.61,73.3,46.07,56.09,7.01
578,39.38,18.8,21.82,5.62,73.52,46.07,56.09,7.01
579,39.38,18.82,21.82,5.62,73.52,46.17,56.23,7.01
580,39.38,18.82,21.82,5.62,73.3,46.17,56.23,7.03
581,39.38,18.82,21.82,5.62,73.52,46.17,56.09,7.01
582,39.46,18.82,21.82,5.62,73.75,46.07,56.23,7.01
583,39.54,18.82,21.82,5.62,73.75,46.07,56.23,7.01
584,39.38,18.85,21.86,5.62,73.75,46.07,56.23,7.01
585,39.38,18.82,21.82,5.62,73.75,46.07,56.23,7.01
586,39.3,18.8,21.82,5.62,73.52,46.07,56.09,7.01
587,39.3,18.8,21.76,5.62,73.52,45.97,56.09,7.01
588,39.3,18.77,21.76,5.62,73.52,46.07,56.23,7.01
589,39.3,18.77,21.76,5.61,73.3,46.07,55.95,7.01
590,39.3,18.74,21.79,5.62,73.52,46.17,56.09,7.01
591,39.3,18.8,21.76,5.62,73.3,45.97,55.95,7.01
592,39.38,18.82,21.79,5.62,73.52,46.07,55.95,7.03
593,39.38,18.77,21.79,5.62,73.3,46.07,56.09,7.01
594,39.38,18.8,21.76,5.62,73.52,46.07,55.95,7.01
595,39.38,18.77,21.79,5.62,73.3,46.07,56.09,7.01
596,39.38,18.77,21.79,5.62,73.52,46.07,56.09,7.01
597,39.38,18.8,21.76,5.62,73.3,46.07,56.09,7.01
598,39.3,18.8,21.76,5.62,73.3,46.07,55.95,7.01
599,39.22,18.77,21.73,5.62,73.3,45.97,56.09,7.01
