0,46.78,23.19,26.33,7.98,86.49,51.26,69.62,8.23
1,46.89,23.19,26.33,7.97,86.49,51.26,69.62,8.23
2,46.89,23.19,26.33,7.97,86.49,51.26,69.62,8.22
3,46.78,23.19,26.33,7.96,86.49,51.14,69.62,8.22
4,46.78,23.19,26.33,7.97,86.49,51.14,69.62,8.23
5,46.78,23.19,26.33,7.97,86.49,51.14,69.41,8.22
6,46.78,23.19,26.33,7.97,86.49,51.14,69.62,8.22
7,46.89,23.19,26.33,7.97,86.19,51.14,69.62,8.22
8,46.78,23.19,26.33,7.98,86.49,51.26,69.62,8.21
9,46.89,23.19,26.33,7.97,86.49,51.14,69.62,8.22
10,46.78,23.19,26.33,7.98,86.49,51.26,69.62,8.22
11,46.78,23.19,26.33,7.98,86.49,51.14,69.62,8.22
12,46.78,23.16,26.29,7.96,86.49,51.26,69.62,8.21
13,46.78,23.19,26.29,7.96,86.19,51.14,69.62,8.22
14,46.78,23.16,26.29,7.96,86.19,51.14,69.41,8.21
15,46.78,23.19,26.29,7.96,86.19,51.14,69.41,8.22
16,46.68,23.16,26.33,7.98,86.19,51.14,69.41,8.22
17,46.68,23.16,26.29,7.98,86.49,51.02,69.41,8.22
18,46.78,23.19,26.33,7.97,86.49,51.14,69.62,8.23
19,46.78,23.19,26.29,7.97,86.49,51.26,69.62,8.22
20,46.78,23.19,26.33,7.97,86.49,51.14,69.41,8.22
21,46.78,23.19,26.29,7.97,86.49,51.14,69.62,8.22
22,46.78,23.19,26.33,7.97,86.49,51.14,69.62,8.23
23,46.78,23.19,26.33,7.97,86.49,51.26,69.62,8.22
24,46.78,23.19,26.33,7.99,86.49,51.14,69.62,8.22
25,46.78,23.19,26.33,7.97,86.49,51.26,69.62,8.22
26,46.78,23.23,26.33,7.98,86.19,51.14,69.62,8.23
27,46.78,23.23,26.33,7.99,86.49,51.14,69.62,8.23
28,46.78,23.26,26.37,7.98,86.49,51.38,69.82,8.23
29,46.78,23.23,26.33,7.99,86.79,51.38,69.62,8.24
30,46.89,23.23,26.37,7.99,86.49,51.26,69.82,8.23
31,46.89,23.23,26.37,7.98,86.49,51.26,69.62,8.24
32,46.99,23.19,26.37,7.98,86.49,51.26,69.82,8.23
33,46.89,23.19,26.41,7.98,86.49,51.26,69.62,8.22
34,46.99,23.19,26.41,7.97,86.49,51.14,69.62,8.23
35,46.99,23.23,26.37,7.97,86.49,51.26,69.82,8.23
36,46.99,23.19,26.41,7.98,86.79,51.14,69.62,8.23
37,46.99,23.23,26.41,7.99,86.79,51.14,69.82,8.22
38,47.1,23.19,26.41,7.98,86.79,51.14,69.82,8.22
39,46.99,23.19,26.41,7.98,86.79,51.14,69.82,8.22
40,47.1,23.19,26.45,7.98,87.09,51.26,69.82,8.23
41,47.1,23.19,26.45,7.98,86.79,51.26,70.03,8.23
42,46.99,23.19,26.41,7.97,86.79,51.14,69.82,8.22
43,46.99,23.23,26.41,7.98,86.79,51.26,69.82,8.22
44,47.1,23.23,26.45,7.98,86.79,51.14,70.03,8.24
45,46.99,23.23,26.41,7.97,86.79,51.26,70.03,8.22
46,46.99,23.23,26.41,7.99,86.79,51.14,69.62,8.23
47,46.99,23.19,26.41,7.98,86.79,51.14,69.82,8.22
48,46.89,23.19,26.37,7.97,86.79,51.14,69.82,8.22
49,46.89,23.23,26.37,7.98,86.49,51.14,69.62,8.22
50,46.78,23.19,26.37,7.98,86.79,51.26,69.41,8.22
51,46.78,23.23,26.37,7.97,86.79,51.26,69.62,8.22
52,47.1,23.23,26.45,7.98,86.79,51.14,69.41,8.21
53,47.2,23.23,26.45,7.97,86.79,51.14,69.41,8.22
54,47.31,23.19,26.5,7.97,86.79,51.14,69.41,8.22
55,47.31,23.16,26.33,7.91,86.79,50.9,68.81,8.13
56,47.1,23.12,26.16,7.88,86.79,50.9,68.41,8.07
57,46.47,22.88,25.3,7.51,85.31,49.96,65.93,7.69
58,46.17,22.77,25.02,7.3,85.02,49.39,65.19,7.49
59,45.76,22.7,24.66,6.94,84.15,48.83,64.12,7.17
60,45.27,22.6,24.36,6.46,83.3,48.17,63.25,6.75
61,45.27,22.57,24.28,6.23,83.02,48.17,62.9,6.56
62,44.97,22.5,24.09,5.82,82.75,47.84,62.73,6.23
63,44.88,22.5,24.06,5.69,82.2,47.74,62.4,6.11
64,44.88,22.46,23.98,5.32,82.2,47.42,62.06,5.77
65,44.68,22.46,23.95,5.18,81.92,47.42,62.06,5.64
66,44.49,22.4,23.87,4.99,81.92,47.31,61.56,5.46
67,44.4,22.4,23.8,4.78,81.65,47.21,61.56,5.25
68,44.21,22.36,23.72,4.58,81.38,47.1,61.4,5.05
69,44.21,22.36,23.69,4.47,81.11,47.0,61.24,4.93
70,44.11,22.36,23.61,4.36,80.85,47.0,61.07,4.81
71,44.11,22.36,23.58,4.27,80.85,47.0,60.91,4.7
72,44.11,22.36,23.58,4.22,80.85,46.89,61.07,4.65
73,44.02,22.33,23.51,4.14,80.58,47.0,60.75,4.54
74,44.02,22.3,23.51,4.04,80.58,46.89,60.59,4.42
75,44.02,22.3,23.51,4.03,80.58,46.79,60.75,4.39
76,44.02,22.3,23.47,3.96,80.58,46.79,60.59,4.31
77,44.02,22.33,23.43,3.91,80.32,46.79,60.59,4.23
78,43.92,22.3,23.47,3.88,80.32,46.69,60.59,4.18
79,43.92,22.26,23.47,3.86,80.32,46.69,60.43,4.15
80,43.92,22.26,23.36,3.81,80.32,46.69,60.43,4.08
81,43.83,22.23,23.4,3.78,80.06,46.58,60.43,4.02
82,43.83,22.23,23.36,3.77,80.32,46.69,60.43,4.01
83,43.83,22.23,23.36,3.75,80.06,46.58,60.43,3.98
84,43.83,22.23,23.33,3.73,79.8,46.58,60.27,3.93
85,43.74,22.2,23.33,3.72,80.06,46.58,60.27,3.92
86,43.83,22.23,23.36,3.71,80.06,46.58,60.27,3.9
87,43.74,22.23,23.33,3.69,80.06,46.58,60.43,3.87
88,43.83,22.23,23.36,3.69,80.06,46.58,60.43,3.84
89,43.74,22.23,23.33,3.67,79.8,46.58,60.27,3.82
90,43.74,22.2,23.33,3.67,79.8,46.48,60.27,3.8
91,43.83,22.23,23.33,3.66,80.06,46.58,60.27,3.79
92,43.74,22.23,23.33,3.66,80.06,46.58,60.27,3.77
93,43.74,22.23,23.36,3.65,80.06,46.58,60.27,3.77
94,43.83,22.26,23.36,3.65,79.8,46.58,60.59,3.75
95,43.83,22.26,23.36,3.65,80.06,46.69,60.43,3.75
96,43.83,22.33,23.4,3.65,80.06,46.69,60.27,3.73
97,43.83,22.33,23.36,3.63,80.06,46.69,60.43,3.71
98,43.74,22.3,23.36,3.62,80.06,46.69,60.11,3.7
99,43.74,22.3,23.36,3.62,80.06,46.69,60.27,3.69
100,43.74,22.26,23.33,3.62,80.06,46.69,60.27,3.68
101,43.74,22.26,23.29,3.6,80.06,46.69,60.11,3.66
102,43.74,22.26,23.29,3.6,79.8,46.48,60.11,3.66
103,43.74,22.3,23.33,3.57,79.8,46.69,59.95,3.63
104,43.64,22.3,23.29,3.57,80.06,46.58,60.11,3.62
105,43.74,22.3,23.25,3.55,79.8,46.69,59.95,3.61
106,43.64,22.3,23.25,3.53,79.54,46.69,59.95,3.58
107,43.64,22.3,23.25,3.52,79.8,46.79,59.95,3.56
108,43.55,22.26,23.22,3.5,79.54,46.69,59.8,3.53
109,43.55,22.33,23.22,3.48,79.54,46.69,59.8,3.52
110,43.46,22.33,23.22,3.45,79.28,46.79,59.64,3.5
111,43.46,22.3,23.18,3.45,79.54,46.69,59.8,3.5
112,43.46,22.3,23.15,3.41,79.54,46.79,59.64,3.45
113,43.46,22.3,23.11,3.4,79.28,46.69,59.49,3.44
114,43.46,22.26,23.11,3.37,79.03,46.58,59.18,3.4
115,43.37,22.23,23.08,3.33,79.03,46.69,59.33,3.38
116,43.37,22.23,23.04,3.31,78.77,46.58,59.18,3.36
117,43.46,22.23,23.04,3.3,78.77,46.48,59.33,3.35
118,43.46,22.23,23.04,3.28,78.77,46.38,59.18,3.32
119,43.46,22.23,23.04,3.27,78.77,46.48,59.33,3.31
120,43.46,22.23,23.04,3.24,78.77,46.48,59.33,3.27
121,43.37,22.2,23.01,3.21,78.77,46.58,59.02,3.25
122,43.37,22.23,23.01,3.2,78.52,46.48,59.18,3.23
123,43.37,22.2,23.01,3.17,78.52,46.48,59.02,3.21
124,43.28,22.2,22.97,3.17,78.52,46.58,58.87,3.2
125,43.28,22.2,22.94,3.14,78.52,46.48,58.87,3.17
126,43.19,22.2,22.94,3.12,78.52,46.48,58.87,3.15
127,43.19,22.23,22.94,3.12,78.52,46.48,58.87,3.14
128,43.19,22.2,22.97,3.09,78.27,46.48,58.87,3.12
129,43.19,22.23,22.94,3.09,78.52,46.48,58.87,3.1
130,43.19,22.23,22.97,3.06,78.52,46.58,58.87,3.08
131,43.19,22.26,22.97,3.05,78.52,46.48,58.87,3.08
132,43.28,22.26,22.94,3.03,78.52,46.48,58.87,3.05
133,43.28,22.23,22.97,3.03,78.52,46.58,58.72,3.05
134,43.19,22.26,22.94,3.02,78.52,46.58,58.87,3.03
135,43.19,22.23,22.9,3.01,78.52,46.48,58.72,3.02
136,43.19,22.26,22.9,2.99,78.02,46.48,58.57,3.0
137,43.09,22.26,22.87,2.98,78.27,46.58,58.42,2.99
138,43.09,22.26,22.9,2.98,78.02,46.58,58.57,2.99
139,42.91,22.23,22.83,2.96,78.02,46.48,58.42,2.97
140,42.91,22.2,22.8,2.95,78.02,46.48,58.42,2.95
141,42.91,22.23,22.8,2.94,77.77,46.48,58.27,2.95
142,42.82,22.2,22.76,2.94,77.77,46.48,58.27,2.94
143,42.82,22.16,22.76,2.92,77.77,46.38,58.27,2.92
144,42.82,22.2,22.76,2.91,77.77,46.48,58.12,2.91
145,42.82,22.23,22.76,2.91,77.52,46.48,58.12,2.91
146,42.91,22.2,22.73,2.9,77.52,46.48,58.12,2.9
147,42.91,22.26,22.76,2.9,77.77,46.48,58.27,2.89
148,43.0,22.23,22.76,2.89,77.77,46.48,58.12,2.89
149,42.91,22.23,22.8,2.89,77.52,46.48,58.27,2.88
150,43.0,22.23,22.8,2.89,77.77,46.58,58.42,2.87
151,42.91,22.23,22.76,2.88,77.77,46.58,58.42,2.87
152,43.0,22.26,22.8,2.88,77.77,46.58,58.42,2.87
153,43.0,22.33,22.9,2.89,77.77,46.69,58.72,2.87
154,43.28,22.4,23.11,2.91,78.52,47.0,59.49,2.9
155,43.46,22.46,23.33,2.97,79.03,47.21,60.27,2.94
156,43.46,22.5,23.36,2.98,79.03,47.31,60.43,2.96
157,43.64,22.5,23.51,3.02,79.28,47.52,60.75,2.99
158,44.02,22.63,23.87,3.13,80.06,47.95,61.73,3.09
159,44.21,22.67,23.95,3.18,80.32,47.95,61.89,3.12
160,44.4,22.74,24.21,3.3,81.11,48.5,62.73,3.23
161,44.4,22.74,24.25,3.31,81.11,48.39,62.73,3.24
162,44.49,22.77,24.36,3.4,81.11,48.72,63.25,3.32
163,44.68,22.81,24.47,3.48,81.65,48.83,63.42,3.39
164,44.88,22.84,24.63,3.65,81.92,49.05,63.94,3.53
165,44.97,22.84,24.7,3.71,82.2,49.05,64.12,3.58
166,45.17,22.88,24.78,3.82,82.47,49.28,64.47,3.69
167,45.17,22.88,24.9,3.93,82.75,49.39,64.83,3.76
168,45.37,22.91,24.98,4.0,82.47,49.5,65.01,3.83
169,45.56,22.98,25.1,4.17,83.3,49.73,65.56,3.98
170,45.56,22.98,25.18,4.26,83.3,49.85,65.74,4.05
171,45.66,23.02,25.25,4.36,83.58,49.96,66.11,4.13
172,45.76,23.05,25.42,4.56,84.15,50.19,66.49,4.31
173,45.76,23.05,25.42,4.61,84.15,50.19,66.49,4.35
174,45.86,23.05,25.5,4.7,84.15,50.19,66.86,4.42
175,45.96,23.09,25.58,4.86,84.44,50.43,66.86,4.58
176,46.06,23.12,25.66,5.0,84.44,50.43,67.25,4.71
177,46.06,23.12,25.66,5.04,84.73,50.55,67.25,4.73
178,46.17,23.12,25.7,5.13,84.73,50.66,67.44,4.82
179,46.17,23.12,25.74,5.29,85.02,50.55,67.63,4.97
180,46.17,23.12,25.74,5.35,84.73,50.66,67.63,5.02
181,46.17,23.09,25.78,5.48,84.73,50.66,67.63,5.14
182,46.27,23.12,25.78,5.55,84.73,50.55,67.44,5.21
183,46.27,23.09,25.82,5.61,84.73,50.55,67.83,5.27
184,46.37,23.09,25.87,5.78,85.31,50.66,68.02,5.44
185,46.37,23.09,25.87,5.82,85.02,50.66,68.02,5.47
186,46.37,23.12,25.91,5.9,85.31,50.55,68.22,5.56
187,46.47,23.16,25.91,5.99,85.31,50.78,68.02,5.63
188,46.37,23.12,25.95,6.08,85.31,50.66,68.22,5.74
189,46.47,23.12,25.95,6.14,85.31,50.78,68.22,5.81
190,46.37,23.12,25.99,6.18,85.31,50.66,68.22,5.85
191,46.47,23.12,25.99,6.25,85.6,50.78,68.22,5.92
192,46.47,23.09,25.99,6.37,85.6,50.66,68.41,6.03
193,46.47,23.09,25.99,6.4,85.31,50.66,68.22,6.09
194,46.47,23.12,25.99,6.43,85.31,50.78,68.41,6.11
195,46.47,23.09,25.99,6.5,85.6,50.66,68.41,6.19
196,46.47,23.09,25.99,6.57,85.6,50.78,68.41,6.28
197,46.47,23.09,25.99,6.6,85.6,50.9,68.41,6.31
198,46.47,23.12,26.03,6.66,85.6,50.78,68.41,6.37
199,46.47,23.12,26.03,6.71,85.6,50.9,68.41,6.42
200,46.58,23.12,26.07,6.75,85.6,50.78,68.61,6.49
201,46.58,23.09,26.07,6.8,85.6,50.9,68.61,6.54
202,46.47,23.09,26.07,6.83,85.6,50.9,68.61,6.58
203,46.68,23.12,26.07,6.9,85.6,50.78,68.81,6.68
204,46.68,23.12,26.07,6.92,85.6,51.02,68.81,6.7
205,46.68,23.12,26.12,6.95,85.89,50.78,68.81,6.73
206,46.68,23.16,26.16,6.99,85.89,50.9,68.81,6.8
207,46.78,23.12,26.2,7.01,85.89,50.9,69.01,6.82
208,46.68,23.12,26.16,7.08,85.89,50.9,68.81,6.9
209,46.78,23.09,26.16,7.09,85.6,50.78,69.01,6.91
210,46.78,23.12,26.16,7.1,85.89,50.9,69.01,6.94
211,46.68,23.09,26.16,7.16,85.89,50.9,69.01,7.0
212,46.78,23.09,26.16,7.18,85.89,50.9,69.01,7.04
213,46.68,23.05,26.16,7.2,85.89,50.9,69.01,7.09
214,46.78,23.09,26.16,7.21,85.89,50.78,68.81,7.09
215,46.58,23.05,26.16,7.24,85.89,50.78,68.81,7.13
216,46.58,23.05,26.12,7.25,85.89,50.66,68.81,7.16
217,46.58,23.02,26.12,7.27,85.89,50.78,68.81,7.19
218,46.58,23.05,26.07,7.28,85.6,50.66,68.81,7.21
219,46.58,23.02,26.07,7.29,85.89,50.66,69.01,7.24
220,46.58,23.05,26.07,7.33,85.6,50.66,68.81,7.28
221,46.58,23.05,26.07,7.35,86.19,50.66,68.81,7.31
222,46.58,23.05,26.12,7.36,85.89,50.78,68.81,7.32
223,46.58,23.05,26.16,7.39,85.89,50.78,69.01,7.37
224,46.68,23.05,26.16,7.39,85.89,50.9,69.21,7.38
225,46.58,23.05,26.12,7.41,85.6,50.78,69.01,7.41
226,46.58,23.05,26.12,7.42,85.89,50.66,69.01,7.42
227,46.47,22.98,26.12,7.43,85.6,50.66,69.01,7.44
228,46.58,23.02,26.07,7.45,85.6,50.66,69.01,7.46
229,46.58,23.02,26.07,7.46,85.89,50.78,68.81,7.47
230,46.58,23.05,26.12,7.47,85.89,50.78,69.01,7.49
231,46.58,23.05,26.12,7.48,86.19,50.66,69.01,7.52
232,46.58,23.05,26.16,7.49,85.6,50.78,69.21,7.54
233,46.58,23.09,26.16,7.52,85.89,50.9,69.01,7.56
234,46.58,23.05,26.16,7.53,85.89,50.78,69.21,7.59
235,46.68,23.05,26.16,7.53,85.89,50.78,69.01,7.61
236,46.58,23.02,26.16,7.55,85.89,50.66,69.21,7.62
237,46.58,23.05,26.16,7.56,85.89,50.9,69.21,7.62
238,46.68,23.05,26.16,7.56,85.89,50.9,68.81,7.64
239,46.68,23.05,26.16,7.57,85.89,50.78,69.01,7.66
240,46.68,23.05,26.2,7.59,85.89,50.9,69.01,7.69
241,46.78,23.09,26.2,7.59,86.19,50.78,69.41,7.68
242,46.78,23.05,26.24,7.6,86.49,50.78,69.01,7.71
243,46.78,23.05,26.2,7.61,86.19,50.78,69.21,7.71
244,46.78,23.09,26.2,7.61,86.19,50.9,69.21,7.72
245,46.78,23.05,26.2,7.62,86.19,50.78,69.21,7.74
246,46.78,23.05,26.2,7.63,85.89,50.78,69.21,7.74
247,46.78,23.02,26.2,7.63,85.89,50.66,69.21,7.75
248,46.78,22.98,26.2,7.65,86.19,50.78,69.01,7.76
249,46.78,23.02,26.2,7.64,86.19,50.78,69.21,7.77
250,46.68,23.05,26.16,7.64,85.89,50.78,69.01,7.79
251,46.68,22.98,26.2,7.67,85.89,50.78,69.21,7.79
252,46.68,22.98,26.2,7.65,85.89,50.55,69.21,7.81
253,46.78,23.05,26.2,7.66,85.89,50.9,69.01,7.82
254,46.68,23.05,26.2,7.67,86.19,50.78,69.01,7.82
255,46.78,22.98,26.2,7.68,86.19,50.66,69.21,7.83
256,46.78,23.02,26.2,7.67,85.89,50.78,69.21,7.84
257,46.78,22.98,26.2,7.67,85.89,50.66,69.21,7.85
258,46.78,22.98,26.2,7.68,85.6,50.78,69.21,7.85
259,46.89,22.98,26.2,7.69,86.19,50.66,69.01,7.86
260,46.78,23.02,26.24,7.69,86.19,50.66,69.21,7.87
261,46.89,23.02,26.24,7.69,86.49,50.78,69.41,7.88
262,46.89,22.98,26.29,7.71,86.49,50.78,69.21,7.89
263,46.89,23.05,26.29,7.71,86.19,50.66,69.21,7.89
264,46.89,23.02,26.24,7.71,86.19,50.78,69.21,7.9
265,46.78,22.98,26.29,7.71,86.19,50.78,69.21,7.91
266,46.78,23.02,26.24,7.71,86.19,50.78,69.21,7.91
267,46.78,23.02,26.24,7.72,86.19,50.78,69.41,7.92
268,46.78,22.98,26.24,7.72,86.19,50.78,69.21,7.94
269,46.78,22.98,26.2,7.73,86.19,50.78,69.21,7.93
270,46.68,23.02,26.24,7.73,86.49,50.66,69.21,7.94
271,46.58,22.98,26.2,7.74,86.19,50.66,69.21,7.94
272,46.58,22.95,26.2,7.73,85.89,50.55,69.21,7.95
273,46.58,22.98,26.16,7.73,85.89,50.66,69.21,7.95
274,46.47,22.95,26.16,7.74,85.89,50.66,69.21,7.96
275,46.58,22.98,26.2,7.74,85.89,50.78,69.21,7.96
276,46.47,22.98,26.2,7.74,85.89,50.66,69.21,7.97
277,46.58,22.98,26.2,7.75,85.89,50.66,69.21,7.97
278,46.58,22.98,26.16,7.75,86.19,50.66,69.21,7.99
279,46.58,23.02,26.2,7.76,86.19,50.78,69.21,8.0
280,46.58,23.02,26.2,7.76,85.89,50.78,69.01,8.01
281,46.58,22.98,26.16,7.77,85.89,50.9,69.01,8.01
282,46.58,23.02,26.2,7.77,86.19,50.78,69.21,8.02
283,46.58,23.02,26.16,7.77,86.19,50.78,69.01,8.03
284,46.58,23.02,26.16,7.79,85.89,50.78,69.01,8.03
285,46.58,22.98,26.16,7.78,86.19,50.78,69.01,8.03
286,46.58,23.02,26.16,7.78,85.89,50.66,69.01,8.03
287,46.58,22.98,26.16,7.78,85.89,50.78,69.01,8.03
288,46.58,23.02,26.16,7.79,85.89,50.66,69.01,8.04
289,46.47,23.02,26.16,7.79,85.89,50.78,69.01,8.05
290,46.47,23.02,26.16,7.79,85.89,50.9,69.01,8.05
291,46.47,22.98,26.16,7.8,86.19,50.78,69.01,8.06
292,46.58,23.05,26.16,7.8,85.89,50.78,69.01,8.05
293,46.58,23.02,26.2,7.81,86.19,50.9,69.21,8.06
294,46.58,23.05,26.16,7.81,86.19,50.66,69.21,8.06
295,46.58,23.05,26.2,7.82,85.89,50.9,69.21,8.07
296,46.58,23.12,26.2,7.81,85.89,50.9,69.21,8.07
297,46.58,23.05,26.2,7.82,86.19,51.02,69.21,8.08
298,46.58,23.09,26.24,7.83,86.19,50.9,69.21,8.09
299,46.58,23.12,26.2,7.83,86.19,51.02,69.41,8.1
300,46.58,23.12,26.2,7.83,86.19,50.9,69.21,8.11
301,46.58,23.09,26.2,7.83,86.19,50.9,69.21,8.1
302,46.58,23.12,26.2,7.84,86.19,50.9,69.01,8.1
303,46.58,23.12,26.16,7.85,86.19,51.02,69.21,8.11
304,46.47,23.12,26.2,7.85,86.19,51.02,69.41,8.11
305,46.58,23.12,26.16,7.85,86.19,50.9,69.01,8.11
306,46.47,23.12,26.16,7.86,86.19,50.9,69.01,8.12
307,46.47,23.09,26.16,7.85,85.89,50.9,69.01,8.11
308,46.47,23.12,26.16,7.86,85.89,51.02,69.21,8.13
309,46.47,23.09,26.16,7.86,85.89,51.02,69.21,8.13
310,46.58,23.12,26.2,7.86,85.89,51.14,69.21,8.13
311,46.47,23.12,26.2,7.86,85.89,51.02,69.21,8.13
312,46.58,23.12,26.2,7.88,85.89,51.02,69.21,8.14
313,46.58,23.12,26.2,7.87,86.19,51.14,69.01,8.13
314,46.58,23.12,26.2,7.87,86.19,51.02,69.01,8.14
315,46.68,23.12,26.16,7.87,85.89,51.02,69.21,8.14
316,46.58,23.05,26.2,7.87,86.19,51.02,69.21,8.13
317,46.58,23.09,26.16,7.87,85.89,50.9,69.01,8.14
318,46.58,23.05,26.16,7.87,85.89,51.02,69.01,8.14
319,46.58,23.05,26.16,7.87,85.89,50.9,69.01,8.13
320,46.47,23.05,26.12,7.87,85.6,50.9,69.01,8.13
321,46.47,23.02,26.16,7.86,85.89,50.9,69.01,8.14
322,46.47,23.05,26.12,7.86,85.6,50.9,69.01,8.13
323,46.47,23.02,26.12,7.87,85.89,50.9,69.01,8.14
324,46.47,23.05,26.12,7.88,85.89,50.9,69.01,8.14
325,46.47,23.05,26.16,7.87,85.89,51.02,69.21,8.14
326,46.58,23.05,26.16,7.87,85.89,50.9,69.01,8.15
327,46.58,23.05,26.16,7.87,85.89,50.9,69.21,8.15
328,46.58,23.09,26.2,7.88,85.89,51.02,69.21,8.16
329,46.58,23.12,26.16,7.88,85.89,51.14,69.21,8.16
330,46.58,23.09,26.2,7.9,86.19,51.02,69.41,8.17
331,46.58,23.12,26.2,7.9,86.19,51.02,69.21,8.16
332,46.58,23.09,26.2,7.89,85.89,51.02,69.21,8.17
333,46.58,23.09,26.2,7.91,85.89,51.14,69.21,8.17
334,46.58,23.09,26.2,7.89,86.19,51.14,69.01,8.16
335,46.58,23.09,26.2,7.89,85.89,51.02,69.01,8.17
336,46.58,23.05,26.2,7.89,85.89,51.02,69.21,8.18
337,46.58,23.05,26.16,7.89,85.89,51.02,69.21,8.17
338,46.68,23.05,26.2,7.91,85.89,51.02,69.41,8.18
339,46.58,23.05,26.2,7.9,86.19,51.02,69.21,8.17
340,46.58,23.05,26.16,7.89,85.89,50.9,69.01,8.17
341,46.47,23.02,26.12,7.89,85.89,50.9,69.01,8.17
342,46.47,23.05,26.12,7.88,85.89,50.9,69.01,8.18
343,46.58,23.05,26.12,7.89,85.89,50.9,69.01,8.16
344,46.58,22.98,26.16,7.9,85.6,50.9,69.01,8.18
345,46.58,23.02,26.12,7.9,85.89,50.9,69.01,8.16
346,46.47,23.05,26.16,7.9,85.89,50.9,69.21,8.17
347,46.58,23.02,26.16,7.89,85.89,50.9,69.21,8.17
348,46.58,23.02,26.16,7.9,85.89,50.9,69.01,8.18
349,46.58,23.05,26.16,7.89,85.89,50.9,69.01,8.17
350,46.68,23.02,26.16,7.89,85.89,50.9,69.21,8.17
351,46.58,23.02,26.12,7.89,85.6,50.9,69.01,8.18
352,46.58,23.02,26.16,7.89,85.89,50.78,69.01,8.17
353,46.58,23.02,26.2,7.89,85.89,50.9,69.21,8.18
354,46.68,23.02,26.16,7.9,85.89,50.9,69.21,8.17
355,46.58,23.02,26.16,7.9,86.19,50.9,69.21,8.18
356,46.68,23.05,26.16,7.89,85.89,50.78,69.21,8.17
357,46.58,23.02,26.16,7.89,86.19,50.78,69.21,8.18
358,46.58,23.02,26.16,7.89,86.19,50.78,69.21,8.18
359,46.58,23.02,26.16,7.89,85.89,50.9,69.01,8.17
360,46.58,23.02,26.16,7.89,85.89,50.9,69.21,8.18
361,46.47,23.02,26.16,7.89,85.89,50.78,69.01,8.18
362,46.47,23.05,26.2,7.89,86.19,51.02,69.41,8.18
363,46.58,23.02,26.16,7.9,86.19,50.9,69.21,8.18
364,46.58,23.09,26.16,7.9,85.89,50.9,69.21,8.2
365,46.47,23.05,26.2,7.91,86.19,50.9,69.21,8.2
366,46.58,23.09,26.24,7.91,86.19,50.9,69.21,8.18
367,46.68,23.09,26.2,7.92,86.19,50.9,69.21,8.18
368,46.58,23.05,26.24,7.91,86.19,51.02,69.21,8.21
369,46.68,23.09,26.2,7.92,86.19,50.9,69.21,8.18
370,46.68,23.05,26.24,7.92,86.19,51.02,69.21,8.2
371,46.89,23.09,26.24,7.91,86.19,51.14,69.41,8.2
372,46.68,23.09,26.24,7.91,86.19,50.9,69.41,8.21
373,46.68,23.12,26.2,7.92,86.19,51.02,69.21,8.2
374,46.68,23.05,26.2,7.91,86.19,50.9,69.21,8.2
375,46.58,23.05,26.2,7.92,86.19,50.9,69.21,8.2
376,46.68,23.05,26.2,7.91,85.89,50.9,69.21,8.18
377,46.68,23.02,26.2,7.91,86.19,50.9,69.21,8.18
378,46.58,23.05,26.2,7.92,86.19,50.9,69.21,8.2
379,46.58,23.05,26.2,7.92,86.19,50.9,69.21,8.21
380,46.68,23.09,26.2,7.91,86.19,50.9,69.21,8.2
381,46.68,23.12,26.2,7.92,86.19,51.02,69.41,8.2
382,46.58,23.09,26.24,7.92,86.19,51.02,69.41,8.21
383,46.58,23.09,26.16,7.91,86.19,51.02,69.01,8.2
384,46.47,23.05,26.16,7.91,85.89,50.9,69.21,8.2
385,46.47,23.09,26.16,7.91,86.19,50.9,69.01,8.2
386,46.37,23.05,26.12,7.92,85.89,50.9,69.21,8.2
387,46.47,23.05,26.16,7.92,85.6,51.02,69.21,8.2
388,46.47,23.05,26.12,7.93,85.89,50.9,69.01,8.21
389,46.47,23.05,26.07,7.93,85.89,50.9,69.21,8.2
390,46.47,23.09,26.16,7.93,85.89,50.9,69.01,8.21
391,46.47,23.05,26.16,7.92,85.89,51.02,69.01,8.2
392,46.47,23.05,26.16,7.92,85.89,51.02,69.01,8.2
393,46.47,23.05,26.12,7.92,85.6,50.9,69.21,8.21
394,46.47,23.09,26.16,7.92,85.6,51.02,69.01,8.21
395,46.47,23.05,26.12,7.93,85.89,51.02,69.21,8.2
396,46.58,23.05,26.16,7.93,85.6,51.02,69.01,8.21
397,46.47,23.05,26.07,7.93,85.89,50.9,69.01,8.2
398,46.47,23.09,26.12,7.93,85.89,50.9,69.01,8.21
399,46.47,23.05,26.16,7.93,85.89,51.02,69.21,8.2
400,46.47,23.12,26.16,7.93,85.89,51.02,69.21,8.21
401,46.47,23.12,26.16,7.93,85.89,51.02,69.01,8.21
402,46.58,23.12,26.16,7.94,86.19,51.14,69.21,8.22
403,46.58,23.09,26.16,7.93,85.89,51.02,69.21,8.22
404,46.58,23.12,26.2,7.93,86.19,51.02,69.21,8.22
405,46.58,23.12,26.2,7.95,86.19,51.14,69.21,8.21
406,46.68,23.09,26.2,7.93,85.89,51.02,69.01,8.21
407,46.58,23.12,26.2,7.95,85.89,51.02,69.01,8.21
408,46.68,23.12,26.2,7.93,85.89,51.02,69.21,8.22
409,46.68,23.12,26.24,7.94,86.19,51.02,69.21,8.21
410,46.68,23.12,26.24,7.95,86.19,51.14,69.41,8.23
411,46.78,23.16,26.29,7.95,86.19,51.14,69.41,8.22
412,46.78,23.19,26.29,7.95,86.49,51.14,69.21,8.21
413,46.78,23.19,26.29,7.95,86.49,51.26,69.21,8.22
414,46.68,23.16,26.29,7.95,86.19,51.14,69.41,8.22
415,46.78,23.16,26.29,7.96,86.49,51.14,69.62,8.22
416,46.78,23.16,26.29,7.95,86.49,51.14,69.41,8.22
417,46.68,23.19,26.29,7.97,86.49,51.14,69.41,8.22
418,46.68,23.16,26.24,7.96,86.19,51.14,69.41,8.22
419,46.78,23.16,26.29,7.96,86.49,51.14,69.41,8.22
420,46.68,23.16,26.29,7.97,86.49,51.26,69.41,8.22
421,46.68,23.16,26.24,7.96,86.19,51.14,69.41,8.23
422,46.78,23.19,26.24,7.96,86.19,51.14,69.41,8.21
423,46.78,23.16,26.29,7.96,86.19,51.26,69.41,8.22
424,46.78,23.16,26.29,7.97,86.19,51.14,69.41,8.23
425,46.78,23.16,26.33,7.95,86.19,51.14,69.41,8.22
426,46.78,23.16,26.29,7.97,86.19,51.14,69.41,8.24
427,46.78,23.16,26.29,7.97,86.19,51.14,69.41,8.22
428,46.68,23.12,26.29,7.96,86.19,51.14,69.41,8.22
429,46.68,23.12,26.29,7.96,86.19,51.02,69.41,8.22
430,46.68,23.12,26.24,7.96,86.19,51.02,69.21,8.22
431,46.58,23.12,26.2,7.95,86.19,51.02,69.21,8.22
432,46.58,23.12,26.2,7.95,85.89,51.02,69.41,8.21
433,46.58,23.12,26.2,7.95,86.19,50.9,69.21,8.22
434,46.58,23.12,26.2,7.95,85.89,51.02,69.21,8.21
435,46.58,23.12,26.2,7.97,86.19,51.02,69.21,8.22
436,46.58,23.16,26.2,7.96,86.19,51.02,69.41,8.21
437,46.47,23.12,26.2,7.96,86.19,51.14,69.21,8.22
438,46.58,23.16,26.2,7.98,86.19,51.14,69.41,8.21
439,46.68,23.19,26.24,7.97,86.49,51.26,69.62,8.22
440,46.68,23.19,26.24,7.96,86.19,51.14,69.41,8.22
441,46.68,23.23,26.29,7.97,86.49,51.26,69.62,8.23
442,46.68,23.23,26.29,7.97,86.49,51.26,69.62,8.22
443,46.78,23.19,26.29,7.98,86.49,51.26,69.41,8.23
444,46.68,23.19,26.24,7.97,86.19,51.26,69.41,8.22
445,46.78,23.23,26.33,7.98,86.19,51.26,69.41,8.22
446,46.78,23.19,26.33,7.97,86.49,51.26,69.62,8.23
447,46.78,23.19,26.29,7.98,86.49,51.14,69.41,8.22
448,46.78,23.23,26.33,7.99,86.49,51.26,69.62,8.23
449,46.78,23.23,26.33,7.98,86.49,51.38,69.41,8.23
450,46.89,23.23,26.33,7.98,86.49,51.38,69.62,8.23
451,46.89,23.19,26.29,7.98,86.49,51.14,69.62,8.23
452,46.78,23.19,26.33,7.98,86.49,51.14,69.41,8.22
453,46.78,23.19,26.33,7.97,86.49,51.26,69.62,8.23
454,46.89,23.23,26.33,7.98,86.79,51.14,69.62,8.22
455,46.89,23.23,26.33,7.98,86.49,51.26,69.41,8.23
456,46.89,23.23,26.33,7.98,86.49,51.26,69.62,8.22
457,46.89,23.23,26.37,7.99,86.49,51.26,69.82,8.23
458,46.89,23.26,26.37,7.98,86.49,51.26,69.62,8.22
459,46.89,23.26,26.37,7.99,86.49,51.26,69.62,8.23
460,46.89,23.23,26.37,7.99,86.49,51.26,69.82,8.22
461,46.89,23.26,26.33,7.99,86.79,51.38,69.82,8.22
462,46.89,23.23,26.37,7.98,86.49,51.38,69.62,8.22
463,46.89,23.3,26.33,7.99,86.79,51.38,69.62,8.22
464,46.89,23.19,26.37,7.98,86.49,51.38,69.62,8.23
465,46.89,23.19,26.33,7.98,86.49,51.26,69.62,8.23
466,46.89,23.26,26.33,7.99,86.49,51.26,69.21,8.22
467,46.89,23.23,26.33,7.98,86.49,51.26,69.62,8.22
468,46.89,23.19,26.33,7.98,86.49,51.26,69.62,8.22
469,46.89,23.19,26.33,7.97,86.49,51.14,69.62,8.22
470,46.89,23.19,26.29,7.99,86.19,51.14,69.41,8.21
471,46.78,23.16,26.33,7.98,86.49,51.14,69.62,8.21
472,46.89,23.19,26.33,7.97,86.49,51.14,69.62,8.21
473,46.78,23.19,26.33,7.98,86.49,51.14,69.62,8.22
474,46.78,23.19,26.29,7.98,86.49,51.14,69.62,8.21
475,46.89,23.19,26.33,7.97,86.49,51.14,69.62,8.2
476,46.89,23.19,26.33,7.99,86.49,51.14,69.62,8.21
477,46.89,23.19,26.29,7.98,86.49,51.14,69.62,8.2
478,46.78,23.16,26.33,7.97,86.49,51.14,69.41,8.22
479,46.78,23.19,26.29,7.97,86.49,51.14,69.41,8.21
480,46.78,23.16,26.33,7.97,86.49,51.14,69.62,8.2
481,46.78,23.23,26.29,7.99,86.49,51.14,69.62,8.22
482,46.78,23.23,26.33,7.98,86.49,51.14,69.62,8.21
483,46.68,23.26,26.33,7.99,86.49,51.26,69.41,8.22
484,46.78,23.26,26.33,7.98,86.79,51.14,69.62,8.21
485,46.78,23.26,26.33,7.99,86.49,51.38,69.62,8.21
486,46.78,23.23,26.33,7.99,86.49,51.26,69.62,8.22
487,46.78,23.23,26.29,7.98,86.49,51.26,69.41,8.22
488,46.78,23.19,26.29,7.99,86.49,51.26,69.41,8.2
489,46.89,23.19,26.33,7.98,86.19,51.14,69.41,8.21
490,46.78,23.19,26.24,7.99,86.19,51.14,69.41,8.2
491,46.89,23.19,26.29,7.98,86.49,51.26,69.41,8.2
492,46.89,23.19,26.29,7.98,86.49,51.14,69.62,8.21
493,46.89,23.19,26.33,7.98,86.19,51.26,69.62,8.2
494,46.89,23.19,26.33,7.98,86.49,51.14,69.62,8.2
495,46.89,23.26,26.33,7.98,86.49,51.14,69.41,8.2
496,46.89,23.23,26.37,7.98,86.49,51.14,69.62,8.2
497,46.89,23.23,26.33,7.98,86.49,51.26,69.62,8.21
498,46.99,23.23,26.33,7.99,86.49,51.26,69.62,8.21
499,46.99,23.26,26.37,7.98,86.49,51.26,69.62,8.2
500,46.99,23.23,26.37,7.99,86.49,51.26,69.82,8.2
501,46.99,23.23,26.37,7.98,86.49,51.14,69.62,8.2
502,46.99,23.19,26.37,7.98,86.49,51.26,69.62,8.2
503,46.89,23.19,26.33,7.98,86.49,51.14,69.62,8.2
504,46.89,23.19,26.33,7.98,86.49,51.14,69.62,8.2
505,46.89,23.19,26.33,7.98,86.49,51.02,69.41,8.18
506,46.89,23.19,26.33,7.97,86.19,51.02,69.62,8.18
507,46.89,23.16,26.24,7.97,86.19,51.02,69.62,8.18
508,46.78,23.12,26.24,7.96,86.19,51.02,69.41,8.17
509,46.78,23.16,26.24,7.97,86.19,51.14,69.41,8.17
510,46.78,23.12,26.24,7.96,86.19,51.02,69.41,8.17
511,46.78,23.12,26.29,7.96,86.19,50.9,69.41,8.18
512,46.68,23.12,26.24,7.96,86.19,51.02,69.41,8.17
513,46.78,23.16,26.24,7.96,86.19,50.9,69.41,8.17
514,46.68,23.12,26.2,7.96,86.19,50.9,69.21,8.17
515,46.68,23.12,26.24,7.95,86.19,50.9,69.21,8.17
516,46.78,23.12,26.24,7.95,86.19,50.9,69.41,8.17
517,46.68,23.12,26.24,7.95,86.19,50.9,69.21,8.16
518,46.78,23.12,26.24,7.95,86.19,50.9,69.41,8.16
519,46.78,23.12,26.24,7.95,86.19,50.9,69.41,8.17
520,46.78,23.12,26.24,7.95,86.19,51.02,69.41,8.18
521,46.78,23.09,26.24,7.96,86.19,51.02,69.21,8.17
522,46.78,23.12,26.24,7.95,86.49,50.9,69.62,8.17
523,46.78,23.16,26.29,7.96,86.49,51.14,69.62,8.17
524,46.78,23.16,26.29,7.95,86.19,51.14,69.41,8.2
525,46.78,23.16,26.29,7.95,86.49,51.02,69.62,8.17
526,46.78,23.16,26.29,7.96,86.49,51.02,69.41,8.17
527,46.78,23.16,26.29,7.95,86.49,50.9,69.62,8.17
528,46.78,23.16,26.29,7.95,86.19,51.02,69.62,8.17
529,46.78,23.16,26.33,7.96,86.49,51.02,69.41,8.17
530,46.78,23.16,26.33,7.96,86.19,51.02,69.41,8.17
531,46.68,23.09,26.24,7.95,85.89,51.02,69.41,8.17
532,46.58,23.12,26.24,7.95,85.89,50.9,69.41,8.16
533,46.58,23.12,26.2,7.95,85.89,51.02,69.01,8.16
534,46.58,23.12,26.16,7.95,85.89,50.9,69.21,8.17
535,46.58,23.12,26.2,7.95,85.89,50.9,69.21,8.17
536,46.58,23.12,26.24,7.94,86.19,50.78,69.21,8.17
537,46.58,23.12,26.2,7.95,85.89,51.02,69.21,8.17
538,46.58,23.12,26.2,7.95,85.89,50.9,69.01,8.16
539,46.58,23.12,26.2,7.95,85.89,50.9,69.01,8.16
540,46.47,23.12,26.16,7.95,85.89,50.9,69.21,8.15
541,46.47,23.05,26.12,7.94,85.89,50.78,69.01,8.15
542,46.47,23.09,26.12,7.95,85.6,50.78,69.01,8.15
543,46.58,23.12,26.12,7.94,85.6,50.9,69.01,8.15
544,46.47,23.05,26.12,7.95,85.6,50.78,69.01,8.15
545,46.58,23.09,26.16,7.95,85.89,50.78,69.21,8.16
546,46.47,23.12,26.16,7.95,85.89,50.78,69.01,8.16
547,46.47,23.09,26.12,7.95,85.89,50.78,69.01,8.17
548,46.58,23.09,26.16,7.95,85.89,50.9,69.21,8.15
549,46.58,23.12,26.16,7.94,86.19,50.78,69.21,8.16
550,46.68,23.09,26.16,7.95,85.89,51.02,69.21,8.15
551,46.58,23.12,26.16,7.95,85.89,50.9,69.01,8.15
552,46.58,23.12,26.2,7.95,86.19,50.9,69.21,8.16
553,46.58,23.12,26.2,7.95,85.89,50.9,69.21,8.16
554,46.58,23.12,26.2,7.96,85.89,50.9,69.21,8.16
555,46.58,23.12,26.2,7.95,86.19,51.02,69.21,8.17
556,46.58,23.16,26.2,7.95,85.89,51.02,69.21,8.16
557,46.68,23.19,26.24,7.96,86.19,50.9,69.41,8.18
558,46.68,23.19,26.24,7.95,86.19,51.14,69.41,8.17
559,46.68,23.19,26.24,7.96,86.19,51.02,69.41,8.17
560,46.68,23.19,26.24,7.96,86.19,51.14,69.62,8.17
561,46.68,23.23,26.24,7.97,86.19,51.02,69.41,8.18
562,46.58,23.23,26.29,7.98,86.49,51.26,69.41,8.18
563,46.68,23.23,26.29,7.99,86.19,51.14,69.41,8.18
564,46.58,23.19,26.24,7.98,86.19,51.14,69.41,8.18
565,46.58,23.19,26.24,7.98,86.19,51.14,69.41,8.17
566,46.58,23.19,26.24,7.97,86.19,51.14,69.41,8.18
567,46.58,23.16,26.16,7.98,86.19,51.02,69.21,8.18
568,46.58,23.16,26.16,7.97,85.6,50.9,69.21,8.16
569,46.47,23.12,26.16,7.97,85.89,50.9,69.21,8.16
570,46.58,23.16,26.16,7.97,85.89,50.9,69.21,8.17
571,46.58,23.12,26.16,7.97,85.89,50.9,69.21,8.15
572,46.58,23.16,26.16,7.96,86.19,50.9,69.21,8.16
573,46.58,23.12,26.16,7.98,85.89,51.02,69.01,8.17
574,46.58,23.12,26.16,7.96,85.89,50.9,69.01,8.15
575,46.58,23.12,26.16,7.96,86.19,50.9,69.21,8.16
576,46.58,23.12,26.16,7.96,85.89,50.9,69.21,8.16
577,46.58,23.12,26.2,7.97,86.19,50.9,69.21,8.16
578,46.58,23.12,26.16,7.97,85.89,50.9,69.21,8.16
579,46.68,23.12,26.2,7.96,86.19,51.02,69.21,8.17
580,46.68,23.12,26.2,7.97,85.89,50.9,69.41,8.17
581,46.68,23.16,26.2,7.97,85.89,50.9,69.41,8.17
582,46.68,23.16,26.2,7.98,85.89,50.9,69.21,8.16
583,46.58,23.12,26.2,7.97,85.89,50.9,69.21,8.15
584,46.58,23.09,26.16,7.97,85.89,50.9,69.21,8.15
585,46.58,23.12,26.16,7.97,85.89,50.78,69.21,8.15
