0,42.73,20.95,23.91,7.57,77.52,47.0,63.08,7.88
1,42.73,20.95,23.91,7.58,77.52,47.0,63.08,7.87
2,42.73,20.95,23.95,7.57,77.52,46.89,63.08,7.88
3,42.64,20.95,23.87,7.58,77.52,46.89,63.08,7.88
4,42.73,20.91,23.91,7.58,77.52,46.89,63.08,7.88
5,42.64,20.95,23.87,7.58,77.52,46.89,62.9,7.88
6,42.64,20.95,23.87,7.58,77.52,46.89,62.9,7.87
7,42.64,20.95,23.87,7.58,77.28,47.0,62.9,7.87
8,42.64,20.95,23.87,7.57,77.28,46.89,63.08,7.88
9,42.64,20.95,23.87,7.57,77.52,47.0,63.08,7.88
10,42.55,20.95,23.83,7.56,77.28,46.89,62.9,7.88
11,42.55,20.95,23.87,7.57,77.28,46.89,63.08,7.88
12,42.64,20.91,23.83,7.57,77.28,46.89,63.08,7.88
13,42.64,20.91,23.83,7.57,77.28,46.89,63.08,7.88
14,42.64,20.95,23.83,7.57,77.28,46.89,62.9,7.88
15,42.64,20.91,23.87,7.58,77.28,47.0,63.08,7.88
16,42.73,21.01,23.87,7.58,77.28,47.0,63.08,7.89
17,42.73,20.95,23.91,7.58,77.52,47.1,62.9,7.88
18,42.64,20.98,23.87,7.57,77.52,47.0,63.25,7.88
19,42.73,20.95,23.87,7.59,77.52,47.0,63.08,7.89
20,42.64,20.95,23.87,7.58,77.28,47.0,63.08,7.88
21,42.64,20.91,23.83,7.58,77.28,46.89,63.08,7.89
22,42.55,20.95,23.83,7.57,77.28,47.0,62.9,7.88
23,42.55,20.91,23.83,7.57,77.28,46.89,63.08,7.89
24,42.55,20.91,23.83,7.57,77.28,46.89,62.9,7.88
25,42.55,20.91,23.8,7.56,77.03,46.89,62.9,7.88
26,42.55,20.95,23.83,7.58,77.28,47.0,62.9,7.88
27,42.55,20.95,23.8,7.57,77.28,47.0,63.08,7.89
28,42.55,20.95,23.8,7.58,77.28,47.0,62.9,7.89
29,42.55,20.91,23.83,7.57,77.28,47.0,63.08,7.88
30,42.55,20.98,23.83,7.58,77.28,47.1,63.08,7.9
31,42.55,20.98,23.83,7.59,77.52,47.0,63.08,7.89
32,42.55,20.98,23.87,7.58,77.52,47.1,63.25,7.9
33,42.55,21.04,23.87,7.59,77.52,47.21,63.25,7.9
34,42.64,21.04,23.91,7.59,77.28,47.1,63.25,7.9
35,42.64,21.04,23.91,7.6,77.52,47.21,63.25,7.9
36,42.64,21.04,23.91,7.6,77.52,47.21,63.25,7.9
37,42.64,21.07,23.95,7.59,77.77,47.31,63.25,7.9
38,42.64,21.04,23.91,7.6,77.52,47.21,63.25,7.9
39,42.64,21.04,23.91,7.61,77.52,47.31,63.25,7.91
40,42.64,21.01,23.87,7.6,77.52,47.21,63.08,7.92
41,42.55,21.04,23.91,7.6,77.52,47.21,63.42,7.91
42,42.64,21.04,23.91,7.61,77.52,47.31,63.25,7.91
43,42.64,21.04,23.91,7.61,77.52,47.1,63.08,7.91
44,42.73,21.01,23.87,7.6,77.52,47.21,63.25,7.91
45,42.73,21.04,23.95,7.61,77.77,47.1,63.25,7.91
46,42.73,21.04,23.95,7.61,77.52,47.21,63.25,7.92
47,42.73,21.07,23.91,7.61,77.52,47.21,63.25,7.92
48,42.73,21.01,23.87,7.6,77.52,47.1,63.25,7.9
49,42.73,21.01,23.87,7.61,77.52,47.21,63.08,7.9
50,42.64,21.01,23.87,7.6,77.52,47.1,63.25,7.91
51,42.73,21.04,23.87,7.6,77.28,47.1,63.25,7.91
52,42.73,21.01,23.87,7.6,77.52,47.1,63.08,7.92
53,42.91,20.98,23.95,7.61,77.77,47.21,63.08,7.92
54,43.0,20.98,23.98,7.59,77.77,47.21,63.08,7.91
55,43.19,21.04,24.09,7.6,78.02,47.1,63.08,7.91
56,43.09,21.01,24.06,7.6,78.02,47.1,62.73,7.91
57,41.94,20.73,23.36,7.6,75.83,46.58,56.8,7.92
58,38.38,19.85,21.22,7.58,67.29,43.93,44.33,7.9
59,33.38,18.43,18.34,7.56,54.33,38.93,33.42,7.89
60,30.76,17.62,17.03,7.54,47.75,35.9,29.76,7.86
61,28.11,16.79,15.84,7.5,41.35,32.34,26.84,7.84
62,26.12,16.05,14.97,7.47,36.86,29.44,25.1,7.82
63,24.13,15.22,14.08,7.4,32.62,26.4,23.44,7.78
64,23.11,14.78,13.64,7.35,30.77,24.81,22.66,7.75
65,22.35,14.43,13.3,7.3,29.48,23.79,22.16,7.72
66,21.73,14.11,12.99,7.25,28.36,22.83,21.67,7.7
67,21.15,13.79,12.71,7.2,27.39,21.92,21.25,7.66
68,20.69,13.53,12.46,7.14,26.68,21.21,20.85,7.62
69,20.27,13.31,12.27,7.09,26.04,20.6,20.55,7.57
70,20.1,13.19,12.17,7.06,25.8,20.3,20.49,7.55
71,19.84,13.04,12.01,7.01,25.39,19.89,20.28,7.53
72,19.58,12.87,11.87,6.95,25.03,19.53,20.08,7.48
73,19.36,12.72,11.73,6.88,24.68,19.17,19.88,7.44
74,19.19,12.62,11.64,6.83,24.45,18.92,19.76,7.4
75,19.11,12.54,11.57,6.79,24.29,18.73,19.7,7.38
76,19.05,12.54,11.55,6.79,24.26,18.71,19.65,7.37
77,18.92,12.44,11.46,6.74,24.03,18.47,19.54,7.34
78,18.81,12.36,11.41,6.7,23.88,18.32,19.45,7.3
79,18.79,12.33,11.41,6.68,23.81,18.21,19.42,7.27
80,18.73,12.29,11.36,6.66,23.73,18.14,19.37,7.26
81,18.65,12.25,11.3,6.61,23.63,18.01,19.29,7.21
82,18.63,12.2,11.27,6.58,23.55,17.93,19.26,7.2
83,18.57,12.17,11.24,6.56,23.48,17.89,19.23,7.17
84,18.55,12.18,11.24,6.56,23.45,17.84,19.2,7.17
85,18.5,12.13,11.2,6.53,23.37,17.74,19.15,7.14
86,18.47,12.1,11.19,6.5,23.34,17.71,19.15,7.12
87,18.44,12.09,11.17,6.49,23.34,17.71,19.12,7.1
88,18.42,12.09,11.14,6.47,23.27,17.66,19.12,7.08
89,18.39,12.07,11.13,6.47,23.23,17.61,19.09,7.07
90,18.39,12.06,11.12,6.45,23.23,17.59,19.12,7.06
91,18.36,12.06,11.1,6.43,23.16,17.52,19.07,7.04
92,18.34,12.01,11.1,6.42,23.12,17.52,19.07,7.01
93,18.36,12.01,11.1,6.42,23.16,17.52,19.04,7.01
94,18.34,12.01,11.09,6.4,23.12,17.47,19.04,7.0
95,18.34,12.01,11.09,6.4,23.09,17.47,19.04,6.99
96,18.31,11.98,11.07,6.37,23.05,17.42,19.04,6.97
97,18.29,11.98,11.06,6.37,23.05,17.44,19.04,6.97
98,18.26,11.98,11.07,6.37,23.05,17.42,19.04,6.95
99,18.29,11.98,11.06,6.37,23.02,17.39,19.01,6.94
100,18.29,11.98,11.07,6.35,23.05,17.39,19.04,6.94
101,18.26,11.96,11.04,6.35,23.02,17.37,19.01,6.93
102,18.26,11.95,11.04,6.34,23.05,17.37,18.98,6.91
103,18.26,11.95,11.04,6.33,23.02,17.35,19.01,6.91
104,18.24,11.93,11.03,6.32,22.98,17.35,18.98,6.89
105,18.24,11.96,11.03,6.32,22.98,17.35,19.01,6.9
106,18.24,11.95,11.04,6.32,22.91,17.32,18.96,6.88
107,18.21,11.93,11.03,6.31,22.95,17.3,18.96,6.87
108,18.24,11.93,11.02,6.3,22.91,17.27,18.98,6.87
109,18.21,11.92,11.03,6.3,22.91,17.3,18.96,6.86
110,18.21,11.93,11.03,6.29,22.91,17.27,18.96,6.85
111,18.21,11.93,11.02,6.29,22.91,17.27,18.96,6.84
112,18.21,11.92,11.02,6.28,22.88,17.25,18.96,6.83
113,18.21,11.92,11.03,6.27,22.88,17.25,18.96,6.83
114,18.18,11.92,11.02,6.28,22.88,17.27,18.96,6.82
115,18.21,11.92,11.0,6.25,22.88,17.25,18.96,6.82
116,18.18,11.92,11.0,6.26,22.88,17.27,18.93,6.81
117,18.18,11.93,11.0,6.26,22.88,17.25,18.93,6.81
118,18.13,11.89,11.0,6.24,22.81,17.25,18.93,6.79
119,18.16,11.9,10.97,6.24,22.81,17.23,18.9,6.79
120,18.13,11.89,10.97,6.24,22.81,17.2,18.9,6.78
121,18.13,11.92,10.96,6.22,22.77,17.2,18.9,6.76
122,18.11,11.89,10.96,6.2,22.74,17.2,18.9,6.74
123,18.11,11.89,10.94,6.2,22.74,17.18,18.9,6.74
124,18.08,11.9,10.94,6.2,22.74,17.18,18.88,6.73
125,18.08,11.9,10.94,6.18,22.74,17.18,18.88,6.72
126,18.08,11.89,10.93,6.17,22.7,17.18,18.88,6.71
127,18.08,11.89,10.96,6.17,22.7,17.2,18.85,6.71
128,18.08,11.9,10.94,6.14,22.74,17.16,18.85,6.69
129,18.08,11.89,10.93,6.14,22.7,17.18,18.85,6.7
130,18.06,11.89,10.93,6.13,22.7,17.18,18.85,6.66
131,18.08,11.89,10.94,6.14,22.67,17.16,18.85,6.66
132,18.08,11.9,10.93,6.13,22.67,17.16,18.85,6.65
133,18.08,11.89,10.93,6.09,22.67,17.16,18.85,6.63
134,18.11,11.89,10.94,6.09,22.7,17.16,18.88,6.63
135,18.11,11.9,10.93,6.08,22.67,17.13,18.85,6.62
136,18.08,11.89,10.96,6.07,22.7,17.13,18.85,6.6
137,18.11,11.89,10.94,6.05,22.67,17.11,18.85,6.58
138,18.11,11.89,10.94,6.04,22.67,17.11,18.85,6.57
139,18.11,11.9,10.94,6.03,22.7,17.11,18.88,6.57
140,18.11,11.87,10.94,6.02,22.67,17.11,18.88,6.55
141,18.11,11.87,10.94,6.0,22.7,17.11,18.85,6.54
142,18.13,11.87,10.94,5.99,22.67,17.11,18.85,6.53
143,18.13,11.87,10.94,5.98,22.7,17.13,18.85,6.51
144,18.13,11.89,10.96,5.96,22.67,17.11,18.88,6.5
145,18.13,11.87,10.96,5.95,22.7,17.11,18.9,6.49
146,18.13,11.89,10.96,5.95,22.7,17.11,18.88,6.49
147,18.13,11.87,10.97,5.92,22.7,17.13,18.88,6.46
148,18.16,11.89,10.97,5.92,22.7,17.11,18.9,6.45
149,18.13,11.89,10.96,5.91,22.7,17.11,18.88,6.45
150,18.16,11.89,10.96,5.9,22.7,17.08,18.88,6.42
151,18.16,11.87,10.97,5.87,22.7,17.13,18.9,6.42
152,18.16,11.89,10.97,5.86,22.7,17.08,18.9,6.39
153,18.16,11.87,10.97,5.86,22.7,17.08,18.9,6.38
154,18.13,11.9,10.97,5.84,22.7,17.11,18.9,6.37
155,18.16,11.89,10.97,5.83,22.7,17.11,18.9,6.37
156,18.18,11.89,10.99,5.82,22.74,17.11,19.04,6.35
157,18.68,12.06,11.26,5.81,23.45,17.32,19.99,6.33
158,19.27,12.29,11.58,5.79,24.41,17.61,21.04,6.32
159,19.81,12.47,11.87,5.79,25.27,17.91,21.8,6.32
160,20.27,12.63,12.11,5.8,25.96,18.21,22.46,6.32
161,21.44,13.07,12.74,5.82,27.84,18.92,24.06,6.33
162,22.32,13.44,13.21,5.83,29.23,19.5,25.21,6.34
163,23.43,13.87,13.76,5.86,30.99,20.27,26.62,6.37
164,24.09,14.11,14.12,5.88,31.99,20.81,27.46,6.37
165,24.82,14.39,14.48,5.91,33.21,21.34,28.43,6.4
166,25.91,14.8,15.01,5.95,35.03,22.25,29.86,6.42
167,26.37,15.0,15.25,5.97,35.76,22.62,30.43,6.42
168,27.56,15.47,15.86,6.02,37.73,23.64,31.9,6.47
169,28.82,15.98,16.48,6.08,40.03,24.85,33.66,6.49
170,29.42,16.22,16.75,6.11,41.1,25.4,34.53,6.52
171,30.08,16.47,17.08,6.14,42.31,26.06,35.45,6.55
172,30.71,16.74,17.41,6.18,43.48,26.7,36.32,6.56
173,31.52,17.04,17.81,6.23,44.99,27.59,37.45,6.6
174,32.72,17.5,18.42,6.3,47.33,28.95,39.26,6.64
175,33.44,17.82,18.79,6.37,48.84,29.85,40.37,6.68
176,33.69,17.92,18.92,6.37,49.41,30.21,40.78,6.7
177,34.31,18.14,19.25,6.43,50.8,31.0,41.88,6.74
178,34.69,18.3,19.44,6.45,51.52,31.44,42.41,6.74
179,35.41,18.59,19.81,6.51,53.28,32.51,43.67,6.8
180,35.74,18.69,19.98,6.54,53.93,33.04,44.33,6.82
181,36.29,18.9,20.27,6.59,55.41,33.83,45.29,6.84
182,36.71,19.07,20.48,6.64,56.39,34.59,46.09,6.88
183,37.2,19.26,20.75,6.68,57.84,35.36,47.12,6.91
184,37.49,19.37,20.91,6.72,58.59,35.97,47.76,6.94
185,37.64,19.42,20.97,6.73,59.04,36.17,47.97,6.95
186,38.01,19.56,21.22,6.78,60.13,36.94,48.96,6.99
187,38.38,19.7,21.41,6.83,61.1,37.51,49.64,7.03
188,38.68,19.82,21.57,6.86,62.09,38.17,50.33,7.06
189,38.76,19.85,21.63,6.87,62.26,38.25,50.45,7.06
190,39.07,19.99,21.79,6.91,63.11,38.78,51.16,7.1
191,39.22,19.99,21.89,6.93,63.8,39.16,51.52,7.12
192,39.46,20.05,21.99,6.97,64.51,39.55,52.14,7.15
193,39.62,20.14,22.12,6.99,64.87,39.87,52.38,7.16
194,39.62,20.14,22.15,7.01,65.23,40.11,52.76,7.18
195,39.86,20.22,22.19,7.03,65.78,40.44,53.14,7.21
196,39.94,20.22,22.29,7.06,66.34,40.85,53.53,7.23
197,39.94,20.28,22.32,7.07,66.53,41.02,53.66,7.24
198,40.1,20.31,22.42,7.1,67.29,41.35,54.19,7.27
199,40.18,20.37,22.42,7.11,67.48,41.44,54.19,7.28
200,40.18,20.34,22.49,7.13,67.67,41.69,54.59,7.3
201,40.34,20.4,22.52,7.15,68.06,41.87,54.85,7.32
202,40.42,20.4,22.59,7.17,68.26,42.04,55.13,7.34
203,40.5,20.43,22.66,7.19,68.66,42.3,55.4,7.35
204,40.42,20.43,22.63,7.19,68.66,42.39,55.4,7.36
205,40.59,20.43,22.66,7.2,68.86,42.48,55.54,7.37
206,40.59,20.46,22.7,7.22,69.06,42.66,55.81,7.38
207,40.75,20.46,22.73,7.23,69.46,42.84,55.95,7.39
208,40.75,20.49,22.76,7.23,69.46,42.84,56.09,7.4
209,40.84,20.49,22.8,7.25,69.67,43.02,56.23,7.41
210,40.92,20.55,22.83,7.27,69.87,43.11,56.52,7.44
211,40.92,20.58,22.83,7.27,70.08,43.2,56.66,7.44
212,40.92,20.55,22.87,7.27,70.28,43.2,56.66,7.45
213,41.0,20.58,22.9,7.28,70.49,43.47,56.95,7.47
214,41.0,20.55,22.87,7.3,70.49,43.47,56.95,7.48
215,41.09,20.58,22.9,7.31,70.7,43.56,57.09,7.5
216,41.17,20.58,22.97,7.31,70.91,43.66,57.38,7.5
217,41.17,20.64,23.01,7.34,71.12,43.84,57.53,7.52
218,41.25,20.67,23.04,7.35,71.12,43.84,57.53,7.53
219,41.25,20.7,23.04,7.36,71.55,44.03,57.67,7.54
220,41.34,20.67,23.08,7.35,71.55,43.93,57.67,7.54
221,41.34,20.7,23.11,7.36,71.76,44.03,57.82,7.55
222,41.42,20.7,23.15,7.37,71.76,44.03,57.97,7.56
223,41.42,20.7,23.15,7.38,71.76,44.12,57.97,7.57
224,41.42,20.7,23.15,7.38,71.98,44.12,58.12,7.57
225,41.51,20.7,23.15,7.39,71.98,44.22,58.27,7.58
226,41.42,20.7,23.15,7.39,71.98,44.31,58.12,7.59
227,41.51,20.7,23.15,7.39,72.2,44.31,58.27,7.59
228,41.51,20.73,23.18,7.39,72.2,44.31,58.42,7.59
229,41.51,20.73,23.22,7.4,72.2,44.41,58.42,7.61
230,41.51,20.73,23.22,7.42,72.41,44.5,58.42,7.61
231,41.51,20.76,23.22,7.42,72.41,44.41,58.57,7.62
232,41.59,20.73,23.22,7.43,72.63,44.5,58.57,7.62
233,41.51,20.73,23.22,7.41,72.63,44.5,58.57,7.63
234,41.51,20.73,23.25,7.42,72.63,44.69,58.72,7.63
235,41.59,20.73,23.22,7.42,72.63,44.6,58.72,7.64
236,41.51,20.7,23.22,7.43,72.63,44.5,58.72,7.64
237,41.59,20.73,23.22,7.43,72.85,44.69,58.72,7.64
238,41.59,20.73,23.22,7.43,72.63,44.6,59.02,7.65
239,41.68,20.7,23.25,7.44,72.85,44.6,58.72,7.65
240,41.59,20.7,23.22,7.44,72.85,44.69,58.72,7.66
241,41.51,20.7,23.22,7.45,72.85,44.5,58.87,7.66
242,41.59,20.73,23.22,7.43,72.85,44.69,58.87,7.66
243,41.59,20.73,23.22,7.44,73.08,44.69,59.02,7.67
244,41.68,20.73,23.25,7.44,73.08,44.69,59.02,7.67
245,41.59,20.73,23.29,7.45,73.08,44.79,59.02,7.67
246,41.68,20.7,23.25,7.45,73.08,44.79,59.18,7.68
247,41.68,20.73,23.29,7.45,73.3,44.88,58.72,7.68
248,41.77,20.73,23.33,7.45,73.3,44.88,59.02,7.68
249,41.68,20.7,23.33,7.45,73.3,44.88,59.18,7.69
250,41.77,20.73,23.33,7.45,73.52,44.88,59.33,7.68
251,41.85,20.73,23.36,7.45,73.52,44.88,59.33,7.68
252,41.85,20.73,23.36,7.47,73.52,44.88,59.33,7.69
253,41.85,20.73,23.36,7.45,73.52,44.98,59.64,7.69
254,41.85,20.73,23.36,7.46,73.75,44.88,59.64,7.71
255,41.85,20.73,23.4,7.46,73.52,44.88,59.64,7.71
256,41.85,20.73,23.4,7.47,73.75,44.98,59.64,7.71
257,41.94,20.76,23.4,7.46,73.75,45.08,59.64,7.71
258,41.85,20.76,23.4,7.45,73.75,45.08,59.64,7.71
259,41.94,20.76,23.43,7.47,73.75,45.18,59.8,7.71
260,41.85,20.79,23.43,7.47,74.2,45.18,59.95,7.72
261,41.94,20.82,23.47,7.48,73.97,45.08,59.95,7.73
262,41.94,20.82,23.47,7.49,74.2,45.18,59.95,7.73
263,41.94,20.82,23.47,7.5,74.2,45.27,59.95,7.73
264,41.94,20.82,23.47,7.48,74.43,45.27,59.95,7.74
265,41.85,20.79,23.43,7.48,74.2,45.27,59.95,7.73
266,41.85,20.82,23.43,7.48,74.2,45.18,59.95,7.74
267,41.85,20.79,23.47,7.49,74.2,45.37,59.95,7.74
268,41.85,20.82,23.47,7.49,74.2,45.27,59.95,7.74
269,42.03,20.82,23.43,7.5,74.2,45.37,60.11,7.74
270,41.85,20.79,23.47,7.49,74.2,45.37,59.95,7.74
271,41.94,20.82,23.43,7.49,74.2,45.27,59.95,7.74
272,41.94,20.79,23.43,7.49,74.2,45.37,60.11,7.75
273,41.94,20.82,23.47,7.49,74.2,45.37,59.95,7.75
274,41.94,20.82,23.47,7.5,74.2,45.47,60.11,7.76
275,41.94,20.88,23.51,7.5,74.43,45.47,60.27,7.75
276,41.85,20.82,23.47,7.5,74.43,45.47,60.27,7.76
277,41.94,20.85,23.51,7.51,74.66,45.47,60.27,7.76
278,42.03,20.88,23.51,7.5,74.43,45.47,60.27,7.77
279,42.03,20.88,23.54,7.51,74.66,45.67,60.43,7.77
280,42.03,20.91,23.54,7.53,74.66,45.57,60.43,7.78
281,42.11,20.91,23.54,7.51,74.66,45.57,60.27,7.77
282,42.11,20.88,23.58,7.52,74.66,45.67,60.43,7.78
283,42.2,20.88,23.58,7.52,74.89,45.67,60.59,7.79
284,42.2,20.88,23.58,7.52,74.89,45.57,60.59,7.78
285,42.2,20.88,23.58,7.52,74.89,45.57,60.59,7.77
286,42.2,20.88,23.58,7.53,74.89,45.67,60.59,7.78
287,42.2,20.88,23.58,7.52,74.89,45.67,60.59,7.77
288,42.2,20.88,23.58,7.52,74.89,45.67,60.75,7.78
289,42.2,20.88,23.61,7.53,75.12,45.77,60.75,7.78
290,42.2,20.91,23.58,7.52,74.89,45.67,60.91,7.78
291,42.11,20.91,23.58,7.52,75.12,45.77,60.75,7.79
292,42.11,20.91,23.58,7.52,75.12,45.77,60.75,7.78
293,42.11,20.88,23.58,7.53,75.12,45.77,60.75,7.79
294,42.11,20.91,23.58,7.53,74.89,45.77,60.75,7.8
295,42.03,20.88,23.58,7.53,74.89,45.77,60.75,7.78
296,42.03,20.85,23.58,7.54,74.89,45.67,60.91,7.78
297,42.03,20.88,23.54,7.53,74.89,45.67,60.91,7.79
298,42.03,20.85,23.54,7.53,74.89,45.67,60.75,7.79
299,42.03,20.91,23.51,7.52,74.89,45.67,60.75,7.79
300,42.03,20.88,23.54,7.53,74.89,45.77,60.75,7.79
301,42.03,20.88,23.51,7.52,74.89,45.77,60.91,7.79
302,42.03,20.82,23.51,7.52,74.89,45.67,60.91,7.79
303,42.03,20.85,23.51,7.53,74.89,45.77,60.75,7.8
304,42.03,20.82,23.51,7.52,74.89,45.77,60.75,7.78
305,42.03,20.88,23.51,7.53,74.89,45.87,60.91,7.8
306,42.03,20.85,23.54,7.53,74.89,45.77,60.91,7.8
307,42.03,20.88,23.54,7.53,74.89,45.77,60.75,7.79
308,42.11,20.88,23.54,7.53,74.89,45.87,60.75,7.8
309,42.11,20.88,23.58,7.53,75.12,45.87,60.91,7.8
310,42.11,20.91,23.54,7.53,75.12,45.87,60.91,7.81
311,42.11,20.91,23.58,7.53,75.12,45.87,61.07,7.8
312,42.11,20.91,23.58,7.54,75.12,45.87,61.07,7.81
313,42.11,20.91,23.61,7.54,75.36,45.87,61.24,7.82
314,42.11,20.91,23.58,7.53,75.36,45.97,61.07,7.81
315,42.29,20.91,23.58,7.55,75.36,45.97,61.24,7.81
316,42.2,20.91,23.61,7.55,75.36,45.97,61.24,7.82
317,42.29,20.95,23.65,7.54,75.59,46.07,61.24,7.82
318,42.2,20.95,23.65,7.55,75.59,46.07,61.24,7.82
319,42.29,20.95,23.65,7.54,75.59,46.17,61.4,7.82
320,42.29,20.95,23.65,7.54,75.59,46.07,61.4,7.82
321,42.29,20.95,23.65,7.55,75.59,46.07,61.4,7.82
322,42.2,20.95,23.65,7.55,75.59,46.07,61.24,7.81
323,42.29,20.91,23.61,7.55,75.36,46.07,61.24,7.81
324,42.29,20.95,23.65,7.55,75.59,46.07,61.4,7.82
325,42.29,20.91,23.65,7.55,75.59,46.17,61.56,7.82
326,42.29,20.95,23.65,7.55,75.59,46.07,61.4,7.83
327,42.2,20.91,23.65,7.54,75.36,45.97,61.24,7.82
328,42.2,20.91,23.61,7.54,75.36,46.07,61.4,7.83
329,42.2,20.91,23.61,7.54,75.59,46.07,61.24,7.82
330,42.2,20.95,23.65,7.55,75.59,46.17,61.73,7.83
331,42.2,20.95,23.65,7.54,75.83,46.17,61.56,7.83
332,42.29,20.98,23.65,7.55,75.59,46.17,61.56,7.82
333,42.29,20.95,23.65,7.54,75.59,46.17,61.56,7.83
334,42.29,20.91,23.65,7.55,75.59,46.17,61.4,7.84
335,42.2,20.91,23.65,7.55,75.83,46.07,61.56,7.83
336,42.2,20.95,23.65,7.55,75.83,46.07,61.4,7.82
337,42.29,20.95,23.65,7.55,75.83,46.07,61.4,7.83
338,42.29,20.91,23.61,7.55,75.83,46.07,61.56,7.84
339,42.2,20.91,23.65,7.54,75.83,46.17,61.56,7.83
340,42.2,20.95,23.65,7.55,75.59,46.07,61.4,7.83
341,42.2,20.91,23.61,7.54,75.83,46.17,61.56,7.83
342,42.2,20.91,23.61,7.54,75.83,46.17,61.4,7.84
343,42.29,20.91,23.65,7.55,75.83,46.17,61.56,7.83
344,42.2,20.91,23.61,7.54,75.83,46.07,61.56,7.83
345,42.29,20.91,23.65,7.55,75.59,46.17,61.56,7.84
346,42.29,20.95,23.65,7.55,75.83,46.07,61.73,7.84
347,42.38,20.95,23.65,7.56,75.83,46.17,61.73,7.85
348,42.38,20.91,23.69,7.56,75.83,46.27,61.73,7.84
349,42.38,20.98,23.69,7.55,76.07,46.17,61.73,7.84
350,42.38,20.95,23.69,7.55,76.07,46.27,61.73,7.85
351,42.38,20.95,23.72,7.55,76.07,46.27,61.89,7.85
352,42.47,20.98,23.72,7.56,76.07,46.27,61.89,7.85
353,42.47,20.98,23.76,7.56,76.07,46.48,61.89,7.85
354,42.47,20.98,23.76,7.56,76.31,46.38,61.89,7.86
355,42.47,20.98,23.76,7.55,76.07,46.38,61.89,7.86
356,42.47,21.01,23.8,7.56,76.31,46.38,61.89,7.85
357,42.47,21.01,23.76,7.55,76.31,46.48,61.89,7.86
358,42.47,20.98,23.76,7.57,76.31,46.38,61.89,7.86
359,42.55,20.98,23.76,7.56,76.31,46.38,62.06,7.86
360,42.47,20.98,23.8,7.56,76.31,46.48,62.06,7.86
361,42.55,20.98,23.83,7.56,76.31,46.38,62.06,7.86
362,42.55,20.98,23.83,7.57,76.31,46.38,62.06,7.86
363,42.55,20.98,23.83,7.56,76.55,46.38,62.06,7.86
364,42.64,21.01,23.83,7.56,76.55,46.58,62.23,7.86
365,42.64,21.01,23.87,7.57,76.55,46.58,62.23,7.86
366,42.64,20.98,23.83,7.57,76.55,46.48,62.06,7.87
367,42.55,20.98,23.8,7.56,76.55,46.48,62.23,7.87
368,42.55,20.95,23.83,7.56,76.55,46.48,62.23,7.86
369,42.55,20.95,23.83,7.56,76.31,46.48,62.06,7.86
370,42.55,20.98,23.8,7.56,76.55,46.27,61.89,7.85
371,42.47,20.95,23.76,7.57,76.31,46.27,62.06,7.85
372,42.47,20.95,23.72,7.55,76.07,46.27,62.06,7.86
373,42.38,20.95,23.72,7.55,76.31,46.38,62.06,7.86
374,42.38,20.95,23.72,7.55,76.31,46.38,61.89,7.87
375,42.38,20.95,23.72,7.55,76.07,46.38,61.89,7.85
376,42.38,20.91,23.72,7.55,76.07,46.38,61.89,7.87
377,42.38,20.95,23.69,7.56,76.07,46.38,61.89,7.86
378,42.29,20.95,23.69,7.55,76.07,46.38,62.06,7.86
379,42.38,20.95,23.69,7.55,76.07,46.38,61.89,7.85
380,42.38,20.95,23.69,7.55,76.07,46.38,62.06,7.86
381,42.29,20.95,23.69,7.55,76.31,46.48,61.89,7.86
382,42.38,20.95,23.69,7.56,76.07,46.48,62.06,7.86
383,42.38,20.95,23.72,7.55,76.07,46.48,62.06,7.86
384,42.38,20.95,23.72,7.55,76.31,46.48,62.06,7.86
385,42.47,20.95,23.72,7.55,76.31,46.48,62.06,7.86
386,42.47,20.95,23.76,7.55,76.31,46.38,62.23,7.86
387,42.55,20.95,23.76,7.55,76.55,46.38,62.23,7.85
388,42.55,20.95,23.76,7.55,76.55,46.48,62.23,7.86
389,42.55,20.95,23.76,7.55,76.55,46.38,62.23,7.85
390,42.55,20.95,23.8,7.56,76.55,46.48,62.23,7.86
391,42.64,20.95,23.8,7.55,76.55,46.48,62.23,7.86
392,42.55,20.98,23.8,7.55,76.55,46.48,62.4,7.86
393,42.55,20.95,23.8,7.55,76.31,46.48,62.23,7.86
394,42.55,20.95,23.8,7.55,76.55,46.48,62.23,7.87
395,42.55,20.95,23.8,7.55,76.55,46.58,62.4,7.86
396,42.55,20.91,23.83,7.54,76.55,46.38,62.4,7.86
397,42.55,20.95,23.83,7.56,76.55,46.48,62.23,7.86
398,42.55,20.95,23.8,7.55,76.55,46.48,62.23,7.88
399,42.47,20.91,23.76,7.55,76.55,46.48,62.23,7.87
400,42.38,20.88,23.76,7.54,76.55,46.48,62.23,7.86
401,42.38,20.95,23.72,7.54,76.31,46.38,62.4,7.86
402,42.38,20.95,23.72,7.54,76.31,46.48,62.23,7.86
403,42.38,20.91,23.72,7.54,76.31,46.38,62.23,7.86
404,42.29,20.91,23.72,7.55,76.31,46.58,62.23,7.86
405,42.29,20.88,23.72,7.54,76.31,46.38,62.06,7.86
406,42.29,20.91,23.69,7.54,76.31,46.48,62.06,7.86
407,42.29,20.91,23.69,7.55,76.31,46.48,62.06,7.86
408,42.38,20.91,23.72,7.55,76.55,46.48,62.06,7.86
409,42.38,20.95,23.72,7.54,76.55,46.48,62.23,7.86
410,42.38,20.95,23.76,7.55,76.31,46.58,62.23,7.88
411,42.38,20.98,23.76,7.55,76.55,46.69,62.23,7.86
412,42.38,20.98,23.72,7.55,76.55,46.69,62.23,7.87
413,42.38,20.98,23.72,7.55,76.31,46.58,62.4,7.87
414,42.38,20.98,23.72,7.56,76.55,46.48,62.56,7.88
415,42.29,20.91,23.69,7.55,76.55,46.58,62.06,7.86
416,42.29,20.95,23.69,7.55,76.55,46.58,62.06,7.88
417,42.29,20.91,23.69,7.54,76.31,46.58,62.23,7.86
418,42.29,20.91,23.65,7.55,76.31,46.48,62.06,7.86
419,42.2,20.88,23.65,7.55,76.31,46.48,62.23,7.87
420,42.29,20.95,23.65,7.53,76.31,46.38,62.06,7.87
421,42.29,20.88,23.65,7.54,76.31,46.48,61.89,7.87
422,42.2,20.88,23.65,7.54,76.07,46.48,62.06,7.86
423,42.29,20.88,23.65,7.54,76.31,46.48,62.06,7.87
424,42.2,20.88,23.65,7.55,76.07,46.48,62.06,7.86
425,42.2,20.88,23.61,7.55,76.31,46.48,62.06,7.86
426,42.2,20.88,23.65,7.54,76.07,46.38,62.06,7.88
427,42.2,20.85,23.65,7.55,76.07,46.48,61.89,7.86
428,42.2,20.85,23.61,7.53,76.31,46.48,62.06,7.88
429,42.2,20.88,23.61,7.55,76.07,46.48,62.06,7.87
430,42.2,20.88,23.61,7.54,76.07,46.48,62.06,7.87
431,42.2,20.88,23.65,7.55,76.31,46.48,62.23,7.87
432,42.2,20.88,23.65,7.54,76.31,46.58,62.06,7.87
433,42.2,20.91,23.65,7.54,76.31,46.48,62.23,7.87
434,42.2,20.91,23.61,7.54,76.31,46.48,62.06,7.87
435,42.29,20.91,23.69,7.55,76.31,46.69,62.23,7.88
436,42.29,20.95,23.69,7.54,76.31,46.58,62.23,7.88
437,42.2,20.95,23.65,7.55,76.31,46.69,62.23,7.88
438,42.29,20.95,23.69,7.55,76.55,46.58,62.23,7.87
439,42.2,20.91,23.69,7.55,76.31,46.69,62.06,7.87
440,42.2,20.95,23.65,7.56,76.31,46.69,62.06,7.88
441,42.2,20.88,23.65,7.54,76.31,46.58,62.23,7.88
442,42.2,20.91,23.61,7.55,76.31,46.58,62.06,7.87
443,42.2,20.88,23.58,7.55,76.07,46.48,62.06,7.87
444,42.2,20.88,23.61,7.54,76.31,46.58,62.06,7.87
445,42.11,20.91,23.61,7.54,76.07,46.69,62.06,7.88
446,42.2,20.91,23.65,7.55,76.31,46.58,62.23,7.88
447,42.29,20.95,23.65,7.55,76.55,46.69,62.23,7.89
448,42.29,20.95,23.69,7.55,76.55,46.69,62.23,7.88
449,42.38,20.98,23.72,7.56,76.55,46.69,62.4,7.89
450,42.47,20.98,23.76,7.56,76.79,46.69,62.4,7.89
451,42.38,20.95,23.72,7.55,76.79,46.69,62.4,7.88
452,42.47,20.95,23.76,7.55,76.79,46.69,62.4,7.9
453,42.47,20.95,23.76,7.56,76.79,46.69,62.56,7.88
454,42.47,20.95,23.76,7.55,76.79,46.79,62.56,7.89
455,42.47,20.91,23.8,7.55,76.79,46.79,62.56,7.89
456,42.47,20.98,23.72,7.56,76.79,46.79,62.56,7.88
457,42.47,20.95,23.76,7.56,76.79,46.69,62.4,7.89
458,42.38,20.91,23.72,7.56,76.79,46.69,62.4,7.89
459,42.38,20.95,23.72,7.55,76.79,46.69,62.4,7.88
460,42.38,20.91,23.72,7.55,76.79,46.69,62.4,7.88
461,42.38,20.91,23.72,7.55,76.55,46.58,62.23,7.88
462,42.29,20.91,23.72,7.56,76.79,46.69,62.4,7.88
463,42.29,20.91,23.72,7.56,76.55,46.69,62.4,7.88
464,42.29,20.91,23.69,7.56,76.79,46.69,62.4,7.89
465,42.38,20.95,23.72,7.55,76.55,46.79,62.4,7.89
466,42.29,20.95,23.72,7.55,76.55,46.69,62.23,7.89
467,42.29,20.91,23.69,7.57,76.55,46.69,62.4,7.89
468,42.38,20.91,23.72,7.56,76.55,46.69,62.4,7.89
469,42.38,20.95,23.72,7.57,76.79,46.69,62.56,7.9
470,42.47,20.95,23.72,7.56,76.55,46.69,62.4,7.89
471,42.47,20.91,23.72,7.55,76.79,46.79,62.4,7.9
472,42.47,20.95,23.72,7.55,76.79,46.69,62.56,7.89
473,42.47,20.95,23.72,7.55,76.55,46.79,62.56,7.89
474,42.47,20.91,23.76,7.56,77.03,46.69,62.56,7.9
475,42.47,20.91,23.76,7.57,76.79,46.69,62.73,7.9
476,42.47,20.91,23.76,7.56,76.79,46.79,62.56,7.9
477,42.47,20.95,23.76,7.56,77.03,46.69,62.56,7.9
478,42.47,20.95,23.76,7.56,77.03,46.69,62.56,7.89
479,42.47,20.95,23.76,7.56,76.79,46.69,62.56,7.89
480,42.38,20.91,23.72,7.56,76.79,46.69,62.56,7.9
481,42.38,20.88,23.72,7.56,76.79,46.69,62.56,7.9
482,42.38,20.95,23.72,7.57,76.79,46.79,62.56,7.9
483,42.38,20.88,23.69,7.56,76.55,46.69,62.4,7.9
484,42.38,20.91,23.72,7.55,76.55,46.69,62.56,7.9
485,42.38,20.95,23.72,7.56,76.79,46.79,62.56,7.91
486,42.38,20.95,23.72,7.56,76.79,46.69,62.56,7.89
487,42.38,20.95,23.72,7.56,76.79,46.89,62.56,7.9
488,42.38,20.95,23.76,7.57,76.79,46.89,62.56,7.9
489,42.38,20.91,23.76,7.57,76.79,46.79,62.56,7.9
490,42.38,20.95,23.72,7.58,77.03,46.79,62.56,7.9
491,42.38,20.95,23.76,7.57,76.79,46.69,62.56,7.9
492,42.38,20.95,23.76,7.56,77.03,46.79,62.56,7.91
493,42.38,20.95,23.72,7.56,76.79,46.79,62.73,7.9
494,42.38,20.95,23.72,7.57,77.03,46.89,62.56,7.9
495,42.47,20.95,23.76,7.57,76.79,46.89,62.56,7.9
496,42.47,20.98,23.76,7.57,76.79,46.79,62.56,7.92
497,42.47,20.95,23.76,7.57,76.79,46.89,62.4,7.9
498,42.47,20.95,23.8,7.57,76.79,46.79,62.56,7.91
499,42.55,20.95,23.8,7.56,77.03,46.79,62.56,7.91
500,42.55,20.95,23.8,7.57,77.03,46.89,62.73,7.91
501,42.55,20.95,23.83,7.59,77.28,46.89,62.9,7.92
502,42.64,21.01,23.87,7.58,77.03,47.0,62.9,7.91
503,42.64,21.01,23.83,7.57,77.28,46.89,62.73,7.91
504,42.55,20.95,23.83,7.58,77.03,47.0,62.73,7.91
505,42.55,20.95,23.83,7.58,77.28,47.0,62.9,7.92
506,42.55,20.98,23.87,7.59,77.28,47.0,62.9,7.92
507,42.55,20.98,23.87,7.58,77.28,47.0,62.73,7.92
508,42.64,21.01,23.87,7.59,77.28,46.89,62.9,7.92
509,42.64,21.01,23.87,7.58,77.03,47.0,62.73,7.92
510,42.64,20.95,23.87,7.58,77.28,47.0,62.9,7.92
511,42.55,20.95,23.87,7.58,77.28,46.89,62.73,7.91
512,42.64,20.95,23.83,7.58,77.03,47.0,62.73,7.92
513,42.55,20.98,23.83,7.59,77.28,46.89,62.73,7.91
514,42.55,20.91,23.8,7.59,77.03,46.89,62.73,7.92
515,42.55,20.98,23.8,7.58,77.03,46.89,62.73,7.91
516,42.47,20.98,23.8,7.57,77.03,46.79,62.73,7.92
517,42.47,20.91,23.8,7.57,77.03,46.79,62.73,7.9
518,42.47,20.91,23.8,7.58,77.03,46.89,62.56,7.92
519,42.47,20.95,23.76,7.57,77.03,46.89,62.56,7.91
520,42.47,20.91,23.76,7.57,76.79,46.89,62.56,7.9
521,42.38,20.95,23.8,7.57,77.03,46.89,62.56,7.91
522,42.47,20.91,23.76,7.57,76.79,46.89,62.56,7.92
523,42.47,20.95,23.72,7.57,77.03,46.89,62.56,7.91
524,42.47,20.91,23.76,7.57,76.79,46.89,62.56,7.91
525,42.47,20.95,23.76,7.58,77.03,46.89,62.56,7.91
526,42.47,20.95,23.76,7.58,76.79,46.79,62.56,7.92
527,42.38,20.95,23.76,7.57,77.03,46.89,62.73,7.92
528,42.38,20.95,23.72,7.58,77.03,46.89,62.9,7.92
529,42.38,20.98,23.72,7.59,77.03,46.89,62.56,7.92
530,42.38,20.98,23.76,7.58,76.79,47.0,62.73,7.93
531,42.38,20.95,23.72,7.58,76.79,47.0,62.56,7.93
532,42.38,21.01,23.72,7.58,77.03,46.89,62.73,7.92
533,42.38,20.98,23.76,7.59,77.03,47.0,62.73,7.92
534,42.47,21.01,23.76,7.6,77.03,47.0,62.73,7.92
535,42.47,21.01,23.8,7.59,77.03,46.89,62.9,7.94
536,42.47,21.01,23.8,7.59,77.03,47.1,62.73,7.92
537,42.47,21.04,23.8,7.61,77.03,47.1,62.9,7.93
538,42.55,21.01,23.8,7.6,77.03,47.1,62.73,7.93
539,42.47,21.07,23.8,7.61,77.28,47.21,62.9,7.94
540,42.47,21.04,23.8,7.61,77.03,47.21,62.9,7.93
541,42.47,21.04,23.8,7.62,77.03,47.1,62.9,7.94
542,42.55,21.04,23.8,7.61,77.03,47.1,62.9,7.94
543,42.47,21.04,23.8,7.61,77.03,47.1,62.9,7.94
544,42.47,21.04,23.8,7.61,77.03,47.1,62.9,7.94
545,42.55,21.07,23.83,7.62,77.28,47.1,62.9,7.94
546,42.55,21.07,23.83,7.61,77.28,47.21,62.9,7.95
547,42.64,21.07,23.83,7.61,77.28,47.21,62.9,7.94
548,42.64,21.07,23.87,7.63,77.28,47.21,62.9,7.94
549,42.64,21.1,23.87,7.62,77.28,47.21,63.08,7.95
550,42.64,21.04,23.87,7.63,77.28,47.21,62.9,7.95
551,42.64,21.04,23.87,7.62,77.52,47.31,62.9,7.94
552,42.64,21.07,23.87,7.62,77.28,47.1,63.08,7.94
553,42.64,21.04,23.87,7.61,77.28,47.1,62.9,7.94
554,42.55,21.04,23.87,7.62,77.28,47.1,62.9,7.94
555,42.64,21.04,23.87,7.63,77.28,47.1,62.9,7.94
556,42.64,21.04,23.87,7.63,77.28,47.1,62.9,7.94
557,42.64,21.01,23.87,7.62,77.28,47.21,62.9,7.94
558,42.64,21.07,23.87,7.62,77.28,47.31,63.08,7.94
559,42.64,21.04,23.87,7.62,77.28,47.1,63.08,7.95
560,42.64,21.07,23.87,7.62,77.52,47.21,63.08,7.94
561,42.64,21.04,23.87,7.62,77.28,47.21,63.08,7.94
562,42.64,21.07,23.87,7.62,77.52,47.31,63.25,7.94
563,42.64,21.07,23.87,7.63,77.52,47.1,63.08,7.94
564,42.64,21.07,23.91,7.64,77.52,47.21,63.08,7.94
565,42.55,21.07,23.87,7.63,77.52,47.31,63.08,7.94
566,42.64,21.07,23.87,7.62,77.28,47.1,63.08,7.95
567,42.55,21.07,23.8,7.62,77.28,47.21,63.08,7.94
568,42.55,21.1,23.83,7.63,77.28,47.21,63.08,7.95
569,42.47,21.07,23.83,7.62,77.28,47.21,63.08,7.95
570,42.55,21.07,23.8,7.62,77.28,47.31,62.9,7.94
571,42.55,21.07,23.83,7.63,77.28,47.31,62.9,7.95
572,42.55,21.07,23.83,7.64,77.03,47.21,62.9,7.94
573,42.55,21.1,23.83,7.63,77.03,47.31,63.08,7.94
574,42.55,21.1,23.83,7.63,77.28,47.21,62.9,7.95
575,42.55,21.07,23.83,7.63,77.28,47.21,62.9,7.95
576,42.64,21.07,23.83,7.63,77.28,47.31,63.08,7.94
577,42.64,21.07,23.83,7.63,77.28,47.21,63.08,7.95
578,42.55,21.07,23.83,7.63,77.28,47.31,63.08,7.95
579,42.55,21.07,23.83,7.64,77.28,47.21,63.08,7.94
580,42.55,21.13,23.83,7.63,77.28,47.31,62.9,7.94
581,42.55,21.07,23.83,7.62,77.28,47.31,63.08,7.95
582,42.55,21.1,23.83,7.63,77.28,47.21,62.9,7.94
583,42.55,21.1,23.83,7.63,77.28,47.21,62.9,7.95
584,42.55,21.13,23.83,7.63,77.28,47.31,63.08,7.95
585,42.55,21.1,23.87,7.63,77.28,47.42,63.08,7.96
586,42.55,21.07,23.83,7.63,77.28,47.31,62.9,7.94
587,42.55,21.1,23.83,7.63,77.28,47.21,63.08,7.94
588,42.55,21.07,23.8,7.65,77.03,47.21,62.9,7.94
589,42.47,21.07,23.8,7.63,77.03,47.1,63.08,7.94
590,42.55,21.07,23.8,7.62,77.03,47.21,62.73,7.94
591,42.55,21.07,23.8,7.63,77.28,47.21,62.9,7.94
592,42.55,21.07,23.83,7.63,77.28,47.21,63.08,7.94
593,42.64,21.07,23.83,7.62,77.28,47.1,62.9,7.95
594,42.55,21.07,23.83,7.63,77.28,47.21,62.9,7.94
595,42.64,21.1,23.87,7.63,77.28,47.31,63.08,7.94
596,42.73,21.1,23.87,7.63,77.28,47.21,63.08,7.94
597,42.73,21.1,23.87,7.64,77.28,47.21,63.08,7.94
598,42.73,21.1,23.87,7.63,77.52,47.31,63.25,7.93
