0,39.7,18.61,21.69,5.84,74.89,45.18,57.09,6.87
1,39.54,18.61,21.63,5.85,74.66,45.18,56.95,6.86
2,39.54,18.61,21.6,5.85,74.66,45.08,56.95,6.88
3,39.54,18.59,21.63,5.86,74.66,45.18,56.95,6.88
4,39.46,18.53,21.57,5.84,74.43,45.08,56.66,6.86
5,39.46,18.51,21.53,5.83,74.43,45.08,56.66,6.86
6,39.38,18.53,21.53,5.84,74.2,44.98,56.66,6.86
7,39.3,18.45,21.47,5.83,73.97,44.88,56.38,6.86
8,39.46,18.51,21.5,5.84,74.2,44.98,56.66,6.86
9,39.38,18.53,21.53,5.85,74.2,45.08,56.52,6.87
10,39.54,18.56,21.57,5.84,74.2,45.18,56.8,6.87
11,39.54,18.59,21.57,5.85,74.43,45.08,56.8,6.87
12,39.54,18.56,21.6,5.85,74.43,45.08,56.8,6.88
13,39.62,18.59,21.6,5.85,74.66,45.27,56.8,6.88
14,39.7,18.66,21.66,5.86,74.66,45.27,56.95,6.89
15,39.78,18.66,21.69,5.88,74.66,45.27,57.09,6.89
16,39.7,18.61,21.66,5.86,74.66,45.18,56.95,6.89
17,39.7,18.61,21.6,5.86,74.66,45.08,56.95,6.89
18,39.62,18.59,21.6,5.86,74.66,45.08,56.95,6.89
19,39.62,18.56,21.6,5.86,74.66,45.08,56.95,6.89
20,39.7,18.61,21.63,5.87,74.66,45.08,56.95,6.89
21,39.7,18.56,21.6,5.86,74.66,45.08,56.95,6.9
22,39.7,18.61,21.63,5.86,74.66,45.18,56.95,6.9
23,39.78,18.61,21.66,5.86,74.89,45.18,57.09,6.91
24,39.78,18.61,21.69,5.88,74.89,45.27,57.23,6.9
25,39.7,18.61,21.66,5.86,74.89,45.27,57.09,6.9
26,39.7,18.59,21.63,5.86,74.66,45.08,57.09,6.9
27,39.46,18.45,21.5,5.86,74.43,44.98,56.66,6.88
28,39.7,18.59,21.63,5.86,74.66,45.18,56.95,6.91
29,39.78,18.64,21.69,5.87,74.89,45.18,57.09,6.91
30,39.86,18.66,21.73,5.88,75.36,45.47,57.38,6.91
31,39.86,18.66,21.73,5.9,75.12,45.47,57.23,6.91
32,39.78,18.66,21.69,5.88,75.12,45.27,57.23,6.91
33,39.62,18.59,21.63,5.87,74.66,45.18,56.95,6.91
34,39.7,18.59,21.66,5.87,74.89,45.27,57.09,6.91
35,39.7,18.61,21.69,5.88,75.12,45.37,57.09,6.91
36,39.86,18.66,21.73,5.89,75.12,45.37,57.23,6.92
37,39.94,18.69,21.79,5.9,75.12,45.37,57.38,6.93
38,39.94,18.66,21.76,5.9,74.89,45.27,57.23,6.93
39,39.86,18.64,21.73,5.9,74.89,45.27,57.23,6.93
40,39.78,18.61,21.66,5.9,74.89,45.27,56.95,6.92
41,39.78,18.61,21.66,5.9,74.89,45.18,57.09,6.92
42,39.78,18.61,21.69,5.9,74.89,45.27,57.09,6.92
43,39.7,18.61,21.63,5.9,74.89,45.18,57.09,6.92
44,39.7,18.66,21.66,5.89,74.89,45.18,56.95,6.92
45,39.78,18.64,21.69,5.9,74.89,45.18,56.95,6.92
46,39.78,18.61,21.69,5.9,74.89,45.27,57.09,6.94
47,39.86,18.66,21.73,5.91,74.89,45.37,57.23,6.94
48,39.86,18.72,21.73,5.91,75.12,45.37,57.09,6.94
49,39.86,18.72,21.76,5.91,75.12,45.37,56.95,6.94
50,39.94,18.66,21.79,5.91,75.12,45.37,56.8,6.94
51,40.18,18.66,21.86,5.91,75.12,45.37,56.66,6.95
52,40.26,18.69,21.89,5.91,75.36,45.37,56.66,6.96
53,40.42,18.72,21.89,5.88,75.36,45.47,56.38,6.93
54,39.86,18.66,20.97,5.35,72.85,45.37,50.21,6.39
55,38.23,18.72,19.61,4.17,66.91,45.47,44.61,5.08
56,37.2,18.66,18.87,3.46,63.63,45.47,42.32,4.23
57,35.41,18.51,17.81,2.47,58.74,45.18,39.41,3.06
58,34.31,18.51,17.29,2.03,56.25,44.98,38.04,2.5
59,33.38,18.45,16.8,1.65,53.93,44.88,36.88,2.02
60,32.66,18.48,16.43,1.43,52.39,44.98,35.98,1.73
61,32.09,18.4,16.19,1.31,51.28,44.79,35.31,1.56
62,31.09,18.22,15.69,1.12,49.29,44.5,34.22,1.31
63,30.76,18.22,15.54,1.07,48.73,44.41,33.84,1.24
64,30.39,18.17,15.36,1.01,48.08,44.31,33.42,1.17
65,29.87,18.07,15.09,0.95,47.11,44.12,32.82,1.09
66,29.67,18.04,14.99,0.92,46.59,44.03,32.59,1.04
67,29.62,18.14,14.93,0.9,46.39,44.03,32.47,1.02
68,29.47,18.27,14.85,0.87,45.98,44.31,32.24,0.97
69,29.52,18.4,14.87,0.85,45.88,44.6,32.18,0.95
70,29.52,18.51,14.85,0.84,45.78,44.88,32.07,0.94
71,29.47,18.59,14.83,0.83,45.58,44.88,32.01,0.92
72,29.42,18.64,14.77,0.81,45.38,45.18,31.84,0.9
73,29.37,18.66,14.71,0.81,45.19,45.08,31.73,0.89
74,29.27,18.64,14.67,0.8,44.99,45.08,31.62,0.89
75,29.12,18.64,14.63,0.79,44.7,44.98,31.45,0.87
76,29.02,18.59,14.59,0.79,44.6,44.98,31.34,0.87
77,29.02,18.56,14.52,0.78,44.41,44.88,31.23,0.85
78,28.87,18.53,14.46,0.78,44.22,44.79,31.12,0.85
79,28.78,18.48,14.4,0.77,44.03,44.69,31.01,0.85
80,28.78,18.48,14.4,0.77,44.03,44.6,31.01,0.84
81,28.68,18.43,14.34,0.76,43.85,44.6,30.91,0.83
82,28.68,18.43,14.32,0.76,43.75,44.5,30.91,0.83
83,28.63,18.45,14.29,0.76,43.75,44.41,30.85,0.83
84,28.63,18.45,14.29,0.75,43.66,44.41,30.75,0.82
85,28.58,18.45,14.27,0.76,43.66,44.41,30.8,0.82
86,28.68,18.51,14.29,0.75,43.66,44.5,30.8,0.82
87,28.68,18.53,14.29,0.75,43.66,44.5,30.8,0.82
88,28.58,18.48,14.25,0.75,43.57,44.5,30.75,0.82
89,28.35,18.27,14.13,0.75,43.2,44.12,30.53,0.81
90,28.35,18.25,14.12,0.75,43.2,44.03,30.48,0.82
91,28.35,18.22,14.12,0.74,43.2,43.93,30.53,0.81
92,28.35,18.22,14.1,0.74,43.2,44.03,30.53,0.81
93,28.3,18.2,14.1,0.74,43.2,43.84,30.48,0.81
94,28.35,18.22,14.12,0.75,43.2,43.93,30.53,0.81
95,28.35,18.25,14.1,0.74,43.29,44.03,30.59,0.81
96,28.35,18.27,14.1,0.74,43.2,44.03,30.53,0.8
97,28.3,18.22,14.08,0.74,43.2,43.84,30.48,0.8
98,28.25,18.22,14.08,0.74,43.2,43.93,30.48,0.81
99,28.25,18.22,14.08,0.74,43.2,43.93,30.53,0.81
100,28.25,18.3,14.1,0.74,43.2,44.03,30.53,0.8
101,28.39,18.32,14.13,0.74,43.29,44.22,30.53,0.8
102,28.54,18.43,14.19,0.75,43.38,44.41,30.59,0.8
103,28.54,18.45,14.21,0.74,43.29,44.41,30.59,0.8
104,28.58,18.51,14.21,0.75,43.48,44.5,30.64,0.8
105,28.63,18.51,14.23,0.74,43.38,44.5,30.64,0.8
106,28.63,18.53,14.21,0.74,43.38,44.5,30.59,0.8
107,28.63,18.53,14.23,0.74,43.38,44.5,30.59,0.8
108,28.63,18.53,14.21,0.74,43.38,44.6,30.64,0.8
109,28.63,18.53,14.23,0.74,43.38,44.6,30.59,0.8
110,28.49,18.43,14.17,0.74,43.2,44.31,30.48,0.8
111,28.49,18.45,14.17,0.75,43.2,44.41,30.53,0.8
112,28.58,18.48,14.19,0.74,43.29,44.5,30.53,0.79
113,28.58,18.48,14.17,0.74,43.29,44.41,30.53,0.8
114,28.54,18.43,14.17,0.74,43.2,44.41,30.53,0.8
115,28.58,18.43,14.15,0.73,43.2,44.31,30.48,0.79
116,28.54,18.43,14.13,0.74,43.2,44.31,30.48,0.79
117,28.58,18.45,14.15,0.73,43.2,44.31,30.48,0.79
118,28.58,18.45,14.15,0.74,43.2,44.41,30.48,0.79
119,28.58,18.45,14.15,0.74,43.2,44.41,30.48,0.79
120,28.54,18.43,14.13,0.74,43.11,44.31,30.48,0.79
121,28.35,18.32,14.06,0.73,42.93,44.03,30.32,0.79
122,28.3,18.22,14.02,0.73,42.93,43.93,30.27,0.79
123,28.2,18.12,13.98,0.73,42.84,43.75,30.22,0.78
124,28.2,18.17,13.98,0.73,42.93,43.75,30.32,0.79
125,28.35,18.2,14.02,0.73,42.93,43.75,30.27,0.78
126,28.35,18.2,14.02,0.73,42.93,43.84,30.27,0.79
127,28.39,18.27,14.02,0.73,42.93,43.93,30.32,0.78
128,28.39,18.27,14.04,0.73,42.93,43.84,30.32,0.78
129,28.39,18.25,14.04,0.73,43.02,43.93,30.38,0.79
130,28.39,18.25,14.04,0.73,42.93,43.75,30.22,0.78
131,28.35,18.2,14.02,0.73,42.93,43.84,30.27,0.78
132,28.25,18.14,13.98,0.73,42.84,43.66,30.22,0.78
133,28.2,18.07,13.97,0.72,42.75,43.47,30.17,0.78
134,28.11,17.97,13.91,0.72,42.66,43.38,30.17,0.78
135,28.11,17.97,13.93,0.73,42.66,43.29,30.12,0.78
136,28.11,17.99,13.91,0.72,42.66,43.29,30.17,0.78
137,28.06,17.99,13.89,0.73,42.66,43.29,30.17,0.78
138,28.06,17.99,13.91,0.72,42.66,43.38,30.12,0.78
139,28.11,18.04,13.91,0.72,42.66,43.29,30.12,0.78
140,28.16,18.04,13.95,0.72,42.75,43.47,30.17,0.78
141,28.25,18.12,13.97,0.72,42.75,43.56,30.22,0.78
142,28.25,18.14,13.97,0.72,42.75,43.66,30.17,0.77
143,28.2,18.12,13.97,0.72,42.75,43.56,30.17,0.77
144,28.2,18.12,13.95,0.72,42.75,43.56,30.17,0.77
145,28.2,18.14,13.98,0.73,42.75,43.56,30.17,0.77
146,28.2,18.2,13.98,0.72,42.75,43.66,30.22,0.77
147,28.16,18.14,13.97,0.72,42.66,43.66,30.12,0.77
148,28.16,18.17,13.97,0.72,42.66,43.75,30.12,0.77
149,28.16,18.14,13.95,0.72,42.66,43.56,30.06,0.78
150,28.11,18.12,13.95,0.72,42.66,43.56,30.06,0.77
151,28.11,18.09,13.93,0.72,42.57,43.56,30.01,0.77
152,28.16,18.12,13.91,0.72,42.66,43.47,30.06,0.78
153,28.3,18.14,14.06,0.73,43.2,43.56,31.01,0.78
154,28.44,18.2,14.17,0.73,43.66,43.66,31.51,0.78
155,29.12,18.32,14.59,0.74,45.58,43.84,33.3,0.8
156,29.47,18.32,14.85,0.75,46.7,44.03,34.16,0.8
157,29.67,18.3,14.99,0.75,47.22,43.93,34.66,0.81
158,30.44,18.3,15.5,0.79,49.41,43.93,36.39,0.84
159,31.19,18.32,15.93,0.81,51.28,44.03,37.89,0.87
160,31.58,18.27,16.19,0.83,52.39,43.84,38.72,0.89
161,32.03,18.25,16.46,0.86,53.54,44.03,39.57,0.92
162,32.55,18.25,16.8,0.89,54.86,43.93,40.62,0.94
163,33.26,18.35,17.2,0.93,56.53,44.03,41.97,0.98
164,33.62,18.32,17.41,0.95,57.4,44.03,42.58,1.0
165,33.93,18.32,17.63,0.98,58.29,44.12,43.21,1.03
166,34.24,18.32,17.81,1.01,58.89,44.12,43.86,1.06
167,34.82,18.32,18.21,1.07,60.45,44.12,45.1,1.11
168,35.01,18.3,18.34,1.1,61.1,44.12,45.39,1.14
169,35.61,18.38,18.68,1.17,62.42,44.22,46.6,1.2
170,35.88,18.35,18.89,1.2,63.11,44.22,47.22,1.24
171,36.29,18.35,19.14,1.26,64.15,44.31,47.97,1.29
172,36.5,18.35,19.3,1.32,65.05,44.31,48.52,1.34
173,36.71,18.32,19.44,1.38,65.6,44.31,48.96,1.4
174,36.99,18.32,19.61,1.43,66.15,44.31,49.52,1.45
175,37.06,18.35,19.64,1.44,66.34,44.31,49.64,1.45
176,37.27,18.32,19.81,1.51,67.1,44.31,50.21,1.53
177,37.49,18.32,19.95,1.58,67.48,44.22,50.68,1.59
178,37.78,18.35,20.13,1.67,68.26,44.41,51.28,1.67
179,37.93,18.38,20.27,1.73,68.86,44.41,51.64,1.73
180,38.01,18.4,20.27,1.74,68.86,44.41,51.77,1.74
181,38.08,18.38,20.36,1.81,69.26,44.5,52.01,1.79
182,38.08,18.3,20.36,1.86,69.46,44.31,52.14,1.85
183,38.01,18.2,20.39,1.96,69.67,44.12,52.38,1.94
184,38.08,18.2,20.42,2.0,69.67,44.12,52.51,1.98
185,38.16,18.17,20.45,2.06,69.87,44.12,52.64,2.03
186,38.23,18.17,20.54,2.17,70.28,44.03,53.02,2.14
187,38.23,18.12,20.51,2.19,70.28,44.03,52.89,2.16
188,38.38,18.14,20.63,2.29,70.7,44.12,53.14,2.25
189,38.38,18.14,20.66,2.35,70.7,44.03,53.4,2.31
190,38.38,18.14,20.66,2.4,70.7,44.03,53.53,2.35
191,38.38,18.14,20.69,2.48,71.12,44.03,53.66,2.44
192,38.38,18.12,20.72,2.51,71.12,44.03,53.66,2.47
193,38.38,18.07,20.69,2.58,71.12,43.93,53.66,2.53
194,38.38,18.07,20.72,2.63,71.12,43.84,53.66,2.57
195,38.23,17.99,20.66,2.71,71.12,43.66,53.66,2.66
196,38.23,17.99,20.66,2.76,70.91,43.75,53.66,2.71
197,38.3,18.02,20.72,2.81,71.12,43.75,53.79,2.76
198,38.46,18.07,20.78,2.92,71.55,43.84,54.19,2.86
199,38.53,18.09,20.88,2.96,71.76,43.93,54.19,2.91
200,38.68,18.12,20.91,2.99,71.98,43.93,54.32,2.93
201,38.68,18.14,20.97,3.06,71.98,44.03,54.59,3.0
202,38.84,18.17,21.0,3.1,72.2,44.12,54.59,3.06
203,38.76,18.14,21.0,3.15,72.2,44.03,54.72,3.1
204,38.68,18.14,21.0,3.25,72.2,43.93,54.72,3.2
205,38.76,18.09,21.0,3.3,72.2,43.93,54.59,3.25
206,38.76,18.12,21.0,3.35,72.2,44.03,54.72,3.31
207,38.76,18.09,21.0,3.35,72.2,44.03,54.72,3.32
208,38.76,18.09,21.03,3.42,72.41,44.03,54.85,3.39
209,38.84,18.12,21.09,3.45,72.41,44.03,54.99,3.42
210,38.99,18.12,21.15,3.51,72.63,44.12,54.99,3.5
211,38.84,18.09,21.09,3.57,72.41,44.03,54.99,3.55
212,38.84,18.09,21.06,3.57,72.63,43.93,54.99,3.56
213,38.91,18.09,21.12,3.63,72.63,44.12,54.99,3.64
214,38.91,18.09,21.09,3.65,72.63,44.03,54.99,3.67
215,38.91,18.09,21.12,3.7,72.63,44.22,55.13,3.7
216,38.91,18.12,21.12,3.73,72.85,44.03,55.26,3.76
217,38.84,18.12,21.09,3.76,72.85,44.03,55.13,3.78
218,38.84,18.09,21.12,3.8,72.85,44.03,55.13,3.83
219,38.91,18.07,21.09,3.83,72.63,44.12,55.13,3.87
220,38.99,18.14,21.15,3.9,72.85,44.22,55.4,3.95
221,38.99,18.12,21.18,3.91,73.08,44.22,55.4,3.97
222,38.91,18.09,21.12,3.94,72.85,44.03,55.26,4.01
223,38.91,18.12,21.15,3.96,72.85,44.03,55.4,4.04
224,39.07,18.14,21.22,4.0,73.08,44.22,55.54,4.09
225,39.07,18.17,21.25,4.02,73.08,44.12,55.54,4.11
226,39.15,18.2,21.25,4.07,73.3,44.31,55.54,4.17
227,39.15,18.17,21.28,4.09,73.3,44.31,55.67,4.2
228,39.15,18.2,21.28,4.12,73.3,44.41,55.67,4.24
229,39.07,18.17,21.28,4.13,73.3,44.22,55.67,4.25
230,39.22,18.22,21.31,4.17,73.3,44.31,55.81,4.3
231,39.15,18.2,21.31,4.19,73.52,44.31,55.81,4.32
232,39.15,18.2,21.25,4.22,73.3,44.12,55.67,4.37
233,39.07,18.2,21.25,4.22,73.3,44.22,55.54,4.38
234,39.07,18.17,21.25,4.26,73.3,44.31,55.54,4.43
235,39.07,18.2,21.28,4.28,73.3,44.31,55.67,4.46
236,39.07,18.2,21.25,4.28,73.3,44.31,55.54,4.47
237,39.15,18.22,21.28,4.3,73.52,44.41,55.81,4.49
238,39.15,18.2,21.28,4.34,73.3,44.31,55.67,4.54
239,39.07,18.2,21.28,4.35,73.3,44.31,55.67,4.55
240,39.07,18.2,21.28,4.38,73.3,44.22,55.81,4.61
241,39.22,18.22,21.31,4.4,73.52,44.31,55.95,4.62
242,39.15,18.2,21.28,4.41,73.52,44.31,55.81,4.65
243,39.22,18.22,21.28,4.42,73.52,44.5,55.81,4.66
244,39.15,18.2,21.28,4.44,73.52,44.31,55.81,4.69
245,39.07,18.2,21.25,4.46,73.3,44.31,55.67,4.72
246,39.15,18.22,21.28,4.48,73.52,44.31,55.81,4.75
247,39.22,18.2,21.31,4.49,73.3,44.31,55.81,4.77
248,39.15,18.25,21.31,4.51,73.52,44.31,55.95,4.79
249,39.3,18.25,21.34,4.52,73.52,44.41,55.95,4.81
250,39.3,18.25,21.34,4.53,73.75,44.31,56.09,4.83
251,39.22,18.22,21.34,4.54,73.75,44.41,55.95,4.85
252,39.22,18.22,21.34,4.56,73.75,44.41,55.95,4.88
253,39.15,18.2,21.34,4.57,73.52,44.31,55.95,4.9
254,39.15,18.22,21.31,4.58,73.52,44.41,55.95,4.92
255,39.15,18.17,21.28,4.6,73.52,44.22,55.81,4.94
256,39.07,18.17,21.25,4.61,73.3,44.12,55.81,4.96
257,39.15,18.14,21.28,4.61,73.52,44.31,55.81,4.98
258,38.99,18.09,21.18,4.61,73.3,44.12,55.54,4.98
259,39.07,18.14,21.25,4.63,73.52,44.12,55.81,5.0
260,39.38,18.2,21.34,4.65,73.75,44.31,55.95,5.03
261,39.38,18.27,21.44,4.67,73.75,44.41,56.09,5.05
262,39.22,18.22,21.37,4.67,73.75,44.31,55.95,5.05
263,39.15,18.17,21.31,4.68,73.52,44.22,55.95,5.08
264,39.3,18.27,21.41,4.7,73.75,44.5,56.09,5.1
265,39.22,18.22,21.37,4.71,73.75,44.31,56.09,5.11
266,39.07,18.17,21.28,4.71,73.52,44.31,55.81,5.11
267,38.91,18.07,21.18,4.71,73.3,44.03,55.67,5.14
268,38.91,18.09,21.18,4.71,73.08,44.03,55.67,5.15
269,39.07,18.14,21.28,4.74,73.3,44.12,55.81,5.17
270,39.22,18.2,21.31,4.75,73.75,44.31,56.09,5.2
271,39.22,18.2,21.34,4.75,73.75,44.31,55.95,5.2
272,39.15,18.17,21.31,4.76,73.52,44.22,55.95,5.22
273,39.15,18.17,21.34,4.78,73.52,44.31,55.95,5.24
274,39.22,18.2,21.31,4.78,73.52,44.31,55.95,5.24
275,39.22,18.25,21.37,4.81,73.97,44.41,56.09,5.28
276,39.22,18.22,21.34,4.81,73.52,44.41,56.09,5.28
277,39.07,18.17,21.28,4.8,73.52,44.22,55.81,5.28
278,38.91,18.04,21.15,4.81,73.08,44.03,55.54,5.29
279,39.15,18.2,21.28,4.82,73.3,44.22,55.81,5.34
280,39.22,18.22,21.34,4.83,73.75,44.22,56.09,5.34
281,39.15,18.2,21.28,4.84,73.52,44.31,55.95,5.35
282,39.07,18.17,21.28,4.85,73.52,44.22,55.81,5.37
283,38.99,18.14,21.22,4.85,73.3,44.22,55.81,5.37
284,38.99,18.14,21.25,4.86,73.3,44.22,55.81,5.37
285,38.99,18.12,21.22,4.86,73.3,44.12,55.67,5.4
286,38.68,17.99,21.09,4.86,72.85,43.84,55.4,5.4
287,38.76,17.97,21.03,4.85,72.85,43.84,55.26,5.4
288,38.53,17.92,20.97,4.86,72.63,43.56,54.99,5.41
289,38.53,17.87,20.94,4.86,72.41,43.56,55.13,5.41
290,38.46,17.87,20.91,4.86,72.41,43.56,55.13,5.43
291,38.38,17.84,20.88,4.86,72.2,43.56,54.85,5.43
292,38.3,17.79,20.84,4.86,72.2,43.38,54.85,5.43
293,38.3,17.77,20.78,4.85,71.98,43.29,54.72,5.43
294,38.3,17.77,20.81,4.85,71.98,43.38,54.85,5.46
295,38.3,17.79,20.81,4.86,72.2,43.38,54.85,5.46
296,38.38,17.84,20.84,4.87,72.2,43.47,54.99,5.48
297,38.46,17.87,20.94,4.88,72.41,43.56,55.26,5.5
298,38.76,18.02,21.06,4.9,72.85,43.84,55.54,5.52
299,38.76,18.04,21.15,4.91,73.08,43.93,55.67,5.54
300,38.84,18.12,21.18,4.93,73.3,44.03,55.81,5.54
301,38.84,18.09,21.22,4.95,73.3,44.12,55.81,5.56
302,38.84,18.14,21.28,4.96,73.3,44.22,55.95,5.59
303,38.99,18.14,21.25,4.97,73.3,44.22,55.81,5.59
304,38.91,18.14,21.22,4.98,73.3,44.22,55.81,5.6
305,38.91,18.14,21.25,4.98,73.3,44.22,55.81,5.61
306,38.99,18.14,21.25,4.99,73.3,44.31,55.95,5.61
307,39.07,18.14,21.28,5.0,73.75,44.22,55.95,5.64
308,39.07,18.14,21.25,5.01,73.52,44.22,55.81,5.64
309,39.07,18.14,21.25,5.01,73.52,44.12,55.95,5.64
310,39.15,18.17,21.31,5.03,73.75,44.31,55.95,5.67
311,39.15,18.17,21.31,5.03,73.52,44.31,56.09,5.67
312,39.15,18.22,21.37,5.04,73.75,44.31,56.23,5.7
313,39.22,18.2,21.34,5.05,73.97,44.31,56.23,5.71
314,39.15,18.2,21.37,5.04,73.75,44.41,56.23,5.71
315,39.22,18.25,21.41,5.07,73.75,44.41,56.23,5.71
316,39.22,18.25,21.41,5.07,73.97,44.5,56.38,5.72
317,39.22,18.22,21.37,5.07,73.97,44.41,56.23,5.73
318,39.22,18.27,21.41,5.08,73.97,44.5,56.38,5.75
319,39.3,18.27,21.41,5.09,74.2,44.6,56.38,5.75
320,39.38,18.3,21.44,5.09,73.97,44.5,56.38,5.77
321,39.38,18.27,21.47,5.1,73.97,44.5,56.38,5.78
322,39.38,18.32,21.5,5.11,74.2,44.69,56.52,5.79
323,39.54,18.38,21.53,5.12,74.2,44.88,56.66,5.8
324,39.62,18.45,21.63,5.14,74.43,44.88,56.66,5.82
325,39.7,18.43,21.63,5.14,74.43,44.88,56.8,5.83
326,39.62,18.45,21.63,5.15,74.66,44.88,56.8,5.83
327,39.54,18.4,21.57,5.14,74.43,44.69,56.52,5.84
328,39.54,18.35,21.53,5.15,74.2,44.6,56.52,5.84
329,39.46,18.32,21.5,5.15,74.2,44.6,56.52,5.84
330,39.3,18.25,21.44,5.15,73.97,44.5,56.38,5.85
331,39.38,18.3,21.44,5.15,73.97,44.6,56.38,5.86
332,39.38,18.3,21.44,5.15,74.2,44.5,56.52,5.87
333,39.38,18.35,21.47,5.16,73.97,44.69,56.52,5.88
334,39.3,18.27,21.37,5.15,73.97,44.6,56.38,5.88
335,39.22,18.25,21.37,5.16,73.97,44.5,56.23,5.88
336,39.15,18.17,21.31,5.15,73.75,44.41,56.09,5.87
337,39.38,18.3,21.41,5.17,73.97,44.5,56.38,5.91
338,39.46,18.35,21.47,5.18,74.2,44.69,56.66,5.91
339,39.54,18.38,21.5,5.18,74.2,44.69,56.52,5.91
340,39.54,18.4,21.53,5.2,74.2,44.69,56.66,5.93
341,39.54,18.4,21.53,5.21,74.43,44.79,56.66,5.95
342,39.46,18.38,21.5,5.21,74.2,44.79,56.66,5.94
343,39.22,18.27,21.41,5.2,73.97,44.6,56.38,5.95
344,39.15,18.25,21.34,5.19,73.75,44.41,56.23,5.95
345,39.15,18.25,21.37,5.2,73.75,44.41,56.09,5.95
346,39.22,18.27,21.37,5.21,73.75,44.5,56.23,5.96
347,39.22,18.27,21.34,5.21,73.75,44.41,56.23,5.96
348,39.22,18.25,21.34,5.21,73.75,44.5,56.23,5.96
349,39.22,18.25,21.34,5.21,73.75,44.5,56.23,5.98
350,39.3,18.3,21.41,5.22,73.75,44.6,56.38,5.99
351,39.38,18.3,21.44,5.22,73.97,44.6,56.38,5.99
352,39.46,18.35,21.5,5.23,73.97,44.69,56.52,6.0
353,39.46,18.32,21.47,5.23,74.2,44.6,56.38,6.01
354,39.54,18.35,21.5,5.24,74.2,44.6,56.52,6.01
355,39.54,18.38,21.5,5.24,74.2,44.69,56.66,6.02
356,39.54,18.38,21.53,5.25,74.2,44.79,56.8,6.03
357,39.54,18.4,21.57,5.26,74.2,44.69,56.66,6.04
358,39.62,18.38,21.53,5.26,74.2,44.69,56.66,6.04
359,39.46,18.35,21.5,5.26,74.2,44.6,56.52,6.04
360,39.46,18.35,21.5,5.26,74.2,44.69,56.52,6.04
361,39.54,18.35,21.5,5.26,74.66,44.69,56.66,6.05
362,39.62,18.4,21.53,5.27,74.43,44.79,56.66,6.07
363,39.7,18.38,21.6,5.28,74.43,44.79,56.66,6.08
364,39.62,18.4,21.57,5.28,74.43,44.69,56.8,6.08
365,39.62,18.38,21.53,5.29,74.43,44.79,56.8,6.09
366,39.62,18.35,21.53,5.29,74.43,44.69,56.66,6.09
367,39.62,18.38,21.57,5.29,74.43,44.69,56.66,6.1
368,39.7,18.43,21.6,5.29,74.43,44.79,56.8,6.1
369,39.7,18.4,21.6,5.3,74.43,44.79,56.8,6.1
370,39.7,18.4,21.6,5.29,74.43,44.88,56.8,6.11
371,39.62,18.43,21.6,5.3,74.43,44.79,56.8,6.11
372,39.7,18.43,21.6,5.3,74.66,44.69,56.8,6.13
373,39.7,18.4,21.6,5.31,74.43,44.79,56.8,6.13
374,39.54,18.32,21.5,5.3,74.43,44.69,56.66,6.13
375,39.38,18.27,21.44,5.3,74.2,44.6,56.52,6.13
376,39.38,18.3,21.41,5.3,73.97,44.5,56.52,6.13
377,39.38,18.25,21.41,5.29,73.97,44.41,56.38,6.14
378,39.38,18.25,21.41,5.3,73.97,44.5,56.38,6.13
379,39.38,18.27,21.41,5.3,73.97,44.5,56.38,6.14
380,39.38,18.27,21.41,5.3,73.97,44.6,56.38,6.14
381,39.38,18.25,21.41,5.3,74.2,44.5,56.52,6.16
382,39.46,18.25,21.44,5.3,73.97,44.5,56.66,6.15
383,39.38,18.27,21.44,5.32,74.2,44.6,56.52,6.15
384,39.54,18.32,21.5,5.33,74.43,44.6,56.66,6.17
385,39.54,18.32,21.53,5.32,74.43,44.6,56.66,6.18
386,39.46,18.3,21.47,5.33,74.2,44.6,56.66,6.18
387,39.54,18.32,21.5,5.33,74.2,44.6,56.66,6.19
388,39.54,18.38,21.57,5.33,74.66,44.69,56.8,6.2
389,39.54,18.35,21.53,5.33,74.43,44.69,56.8,6.2
390,39.62,18.4,21.53,5.35,74.43,44.69,56.8,6.2
391,39.54,18.4,21.57,5.35,74.43,44.79,56.66,6.22
392,39.46,18.35,21.53,5.36,74.43,44.79,56.66,6.22
393,39.54,18.4,21.53,5.35,74.43,44.69,56.66,6.22
394,39.54,18.4,21.53,5.37,74.66,44.79,56.8,6.23
395,39.46,18.38,21.53,5.36,74.2,44.69,56.66,6.23
396,39.38,18.32,21.47,5.37,73.97,44.6,56.66,6.24
397,39.38,18.38,21.5,5.36,74.43,44.69,56.52,6.24
398,39.46,18.38,21.53,5.36,74.43,44.79,56.66,6.25
399,39.54,18.4,21.53,5.37,74.43,44.79,56.8,6.25
400,39.54,18.43,21.57,5.38,74.43,44.79,56.8,6.26
401,39.54,18.4,21.6,5.38,74.66,44.79,56.8,6.26
402,39.54,18.38,21.57,5.39,74.43,44.79,56.8,6.26
403,39.54,18.4,21.57,5.39,74.43,44.79,56.8,6.27
404,39.62,18.4,21.6,5.4,74.66,44.88,56.8,6.28
405,39.54,18.43,21.6,5.4,74.43,44.88,56.8,6.3
406,39.54,18.4,21.53,5.39,74.43,44.88,56.66,6.29
407,39.54,18.4,21.57,5.4,74.43,44.79,56.8,6.29
408,39.54,18.43,21.57,5.41,74.66,44.88,56.8,6.3
409,39.54,18.43,21.57,5.4,74.66,44.79,56.8,6.3
410,39.46,18.43,21.53,5.42,74.2,44.79,56.8,6.3
411,39.46,18.4,21.53,5.41,74.43,44.79,56.8,6.3
412,39.46,18.4,21.53,5.41,74.43,44.88,56.66,6.3
413,39.3,18.35,21.44,5.41,74.2,44.79,56.52,6.31
414,39.3,18.35,21.44,5.42,74.2,44.69,56.38,6.31
415,39.38,18.38,21.41,5.42,74.2,44.69,56.66,6.3
416,38.99,18.2,21.25,5.39,73.52,44.22,56.09,6.3
417,39.07,18.22,21.25,5.39,73.75,44.41,56.09,6.3
418,39.15,18.25,21.28,5.39,73.75,44.5,56.23,6.31
419,39.22,18.3,21.31,5.4,73.75,44.5,56.23,6.31
420,39.38,18.35,21.44,5.42,73.97,44.6,56.66,6.33
421,39.46,18.4,21.5,5.42,74.2,44.69,56.66,6.33
422,39.62,18.43,21.53,5.42,74.2,44.79,56.8,6.35
423,39.62,18.4,21.57,5.42,74.43,44.88,56.95,6.36
424,39.62,18.4,21.6,5.42,74.43,44.98,56.95,6.35
425,39.7,18.43,21.6,5.43,74.66,44.88,56.8,6.36
426,39.7,18.43,21.63,5.44,74.66,44.98,56.95,6.37
427,39.78,18.45,21.66,5.45,74.66,45.08,56.95,6.37
428,39.78,18.45,21.66,5.46,74.89,44.98,57.09,6.37
429,39.78,18.45,21.66,5.46,74.89,44.98,57.09,6.38
430,39.78,18.48,21.66,5.46,74.66,44.98,56.95,6.39
431,39.78,18.45,21.69,5.46,74.89,44.98,57.09,6.38
432,39.78,18.48,21.69,5.46,74.89,45.08,57.09,6.39
433,39.86,18.48,21.69,5.47,74.89,44.98,57.09,6.4
434,39.86,18.48,21.66,5.47,74.89,45.08,57.09,6.4
435,39.78,18.48,21.66,5.47,74.89,44.98,56.95,6.4
436,39.7,18.45,21.63,5.47,74.89,44.98,57.09,6.4
437,39.62,18.43,21.6,5.48,74.66,44.88,56.95,6.41
438,39.54,18.4,21.53,5.46,74.66,44.88,56.8,6.41
439,39.38,18.32,21.5,5.46,74.43,44.79,56.66,6.42
440,39.38,18.3,21.44,5.46,74.43,44.5,56.66,6.4
441,39.3,18.35,21.47,5.47,74.2,44.69,56.66,6.41
442,39.3,18.35,21.44,5.48,74.2,44.79,56.66,6.41
443,39.22,18.3,21.41,5.46,74.2,44.69,56.52,6.42
444,39.38,18.35,21.44,5.48,74.2,44.79,56.66,6.42
445,39.22,18.35,21.44,5.47,74.2,44.79,56.52,6.42
446,39.22,18.32,21.41,5.48,74.2,44.79,56.52,6.42
447,39.15,18.32,21.37,5.47,73.97,44.69,56.38,6.42
448,38.84,18.2,21.18,5.46,73.3,44.5,56.09,6.41
449,38.91,18.22,21.22,5.46,73.52,44.41,56.09,6.42
450,38.91,18.22,21.22,5.46,73.75,44.5,56.23,6.42
451,38.76,18.2,21.18,5.46,73.52,44.41,55.95,6.42
452,38.53,18.09,21.0,5.43,72.85,44.22,55.54,6.4
453,38.3,18.02,20.91,5.42,72.63,43.93,55.26,6.4
454,38.23,17.94,20.84,5.42,72.41,43.84,55.13,6.39
455,38.16,17.92,20.78,5.42,72.2,43.75,55.13,6.39
456,38.3,17.99,20.88,5.42,72.41,43.93,55.26,6.4
457,38.46,18.02,20.91,5.42,72.63,44.03,55.4,6.4
458,38.53,18.07,20.97,5.42,72.85,44.12,55.54,6.41
459,38.68,18.12,21.06,5.44,72.85,44.12,55.54,6.42
460,38.68,18.14,21.09,5.45,73.08,44.22,55.81,6.43
461,38.76,18.17,21.12,5.45,73.3,44.31,55.81,6.43
462,38.61,18.09,21.06,5.44,72.85,44.12,55.54,6.43
463,38.68,18.12,21.09,5.45,73.08,44.31,55.67,6.43
464,38.76,18.17,21.12,5.45,73.08,44.31,55.81,6.44
465,38.84,18.17,21.15,5.46,73.3,44.31,55.81,6.45
466,38.84,18.17,21.15,5.46,73.08,44.31,55.81,6.44
467,38.91,18.17,21.18,5.46,73.3,44.31,55.81,6.45
468,38.99,18.2,21.22,5.47,73.3,44.31,55.81,6.47
469,38.91,18.2,21.18,5.46,73.3,44.31,55.81,6.45
470,38.84,18.12,21.15,5.47,73.3,44.31,55.81,6.46
471,39.07,18.25,21.25,5.48,73.52,44.5,56.09,6.47
472,38.99,18.2,21.25,5.47,73.52,44.31,55.95,6.46
473,38.99,18.22,21.25,5.48,73.52,44.41,56.09,6.49
474,39.15,18.27,21.31,5.49,73.97,44.5,56.23,6.48
475,39.15,18.25,21.31,5.49,73.75,44.5,56.23,6.49
476,39.15,18.25,21.34,5.51,73.75,44.6,56.23,6.49
477,39.15,18.3,21.34,5.49,73.97,44.5,56.38,6.5
478,39.15,18.27,21.37,5.5,73.97,44.6,56.38,6.5
479,39.15,18.25,21.34,5.52,73.97,44.5,56.23,6.49
480,38.84,18.09,21.15,5.49,73.3,44.12,55.81,6.49
481,38.46,17.94,21.0,5.46,72.85,43.84,55.4,6.46
482,38.16,17.79,20.78,5.44,72.2,43.38,54.99,6.43
483,38.08,17.74,20.72,5.43,71.98,43.38,54.72,6.44
484,38.08,17.72,20.66,5.41,71.76,43.29,54.59,6.42
485,38.16,17.77,20.72,5.42,71.98,43.38,54.85,6.43
486,38.53,17.94,20.94,5.44,72.63,43.75,55.4,6.45
487,38.61,17.97,20.97,5.44,72.85,43.75,55.4,6.46
488,38.61,17.94,20.97,5.44,72.85,43.75,55.4,6.47
489,38.68,17.97,21.03,5.44,72.85,43.84,55.54,6.48
490,38.76,18.02,21.09,5.46,73.08,43.84,55.95,6.48
491,38.68,17.97,21.03,5.46,72.85,43.84,55.54,6.48
492,38.46,17.89,20.91,5.44,72.41,43.56,55.26,6.47
493,38.08,17.69,20.72,5.42,71.98,43.2,54.85,6.44
494,38.01,17.72,20.72,5.42,71.98,43.2,54.72,6.44
495,38.3,17.84,20.81,5.42,72.2,43.38,54.99,6.47
496,38.61,17.97,21.03,5.46,72.85,43.84,55.54,6.48
497,38.61,17.97,21.03,5.44,72.85,43.75,55.54,6.49
498,38.46,17.89,20.91,5.44,72.63,43.66,55.26,6.47
499,38.68,18.02,21.09,5.46,73.08,43.84,55.67,6.49
500,38.84,18.09,21.15,5.48,73.3,44.12,55.81,6.5
501,39.07,18.22,21.28,5.5,73.52,44.41,56.23,6.52
502,39.07,18.2,21.31,5.5,73.52,44.31,56.09,6.52
503,38.99,18.2,21.31,5.51,73.52,44.31,56.23,6.53
504,38.99,18.2,21.28,5.51,73.52,44.31,56.23,6.53
505,38.91,18.14,21.25,5.52,73.52,44.31,56.09,6.54
506,38.84,18.14,21.25,5.51,73.52,44.31,55.95,6.53
507,38.84,18.14,21.22,5.52,73.52,44.22,56.09,6.54
508,38.91,18.2,21.25,5.53,73.52,44.22,56.09,6.54
509,39.07,18.2,21.31,5.53,73.75,44.31,56.23,6.55
510,39.07,18.22,21.31,5.54,73.75,44.41,56.09,6.55
511,39.15,18.25,21.34,5.54,73.75,44.41,56.23,6.55
512,38.99,18.25,21.34,5.54,73.75,44.41,56.23,6.55
513,39.07,18.25,21.34,5.55,73.75,44.41,56.09,6.55
514,38.99,18.17,21.28,5.54,73.52,44.22,56.09,6.55
515,38.99,18.2,21.28,5.55,73.3,44.22,56.09,6.55
516,38.99,18.2,21.31,5.55,73.52,44.31,56.09,6.56
517,38.99,18.14,21.25,5.54,73.52,44.31,56.09,6.55
518,38.84,18.12,21.18,5.55,73.3,44.22,55.81,6.55
519,38.76,18.09,21.18,5.54,73.3,44.03,55.81,6.56
520,38.68,18.04,21.12,5.53,72.85,43.93,55.67,6.54
521,38.76,18.09,21.15,5.53,73.08,44.03,55.81,6.55
522,38.76,18.09,21.15,5.53,73.3,44.03,55.81,6.55
523,38.76,18.07,21.12,5.54,73.08,44.03,55.67,6.57
524,38.68,18.09,21.09,5.54,73.08,44.03,55.67,6.56
525,38.68,18.04,21.09,5.53,73.08,44.03,55.67,6.56
526,38.68,18.09,21.12,5.53,73.08,44.03,55.81,6.56
527,38.84,18.12,21.15,5.54,73.3,44.12,55.81,6.56
528,38.84,18.14,21.15,5.55,73.3,44.12,55.81,6.58
529,38.76,18.09,21.15,5.55,73.08,44.03,55.81,6.57
530,38.84,18.12,21.12,5.55,73.08,44.03,55.81,6.58
531,38.76,18.07,21.09,5.53,72.85,44.03,55.67,6.56
532,38.76,18.09,21.12,5.54,73.08,44.12,55.81,6.57
533,38.76,18.09,21.12,5.55,73.08,44.12,55.81,6.57
534,38.76,18.07,21.09,5.55,73.08,44.03,55.67,6.57
535,38.76,18.04,21.09,5.54,73.08,43.93,55.67,6.57
536,38.76,18.09,21.12,5.55,73.3,44.12,55.81,6.59
537,38.76,18.12,21.18,5.55,73.3,44.12,55.81,6.6
538,38.99,18.2,21.25,5.56,73.75,44.31,56.09,6.6
539,39.07,18.22,21.28,5.57,73.75,44.31,56.09,6.6
540,39.07,18.2,21.28,5.58,73.52,44.31,56.09,6.6
541,39.07,18.22,21.31,5.58,73.75,44.41,56.23,6.61
542,39.07,18.17,21.28,5.59,73.52,44.31,56.09,6.6
543,39.07,18.17,21.31,5.59,73.52,44.31,56.09,6.61
544,38.91,18.14,21.25,5.58,73.52,44.22,55.95,6.62
545,38.91,18.14,21.22,5.58,73.3,44.22,55.95,6.61
546,38.99,18.17,21.25,5.58,73.52,44.22,56.09,6.61
547,38.99,18.17,21.25,5.59,73.52,44.22,55.95,6.63
548,38.99,18.17,21.28,5.59,73.52,44.31,56.09,6.63
549,39.07,18.2,21.28,5.59,73.52,44.22,56.09,6.63
550,39.07,18.14,21.25,5.59,73.3,44.22,56.09,6.62
551,38.91,18.17,21.22,5.59,73.3,44.12,55.95,6.63
552,38.91,18.14,21.22,5.59,73.3,44.12,55.81,6.63
553,38.91,18.14,21.22,5.58,73.3,44.22,55.81,6.63
554,38.91,18.14,21.18,5.59,73.3,44.22,55.95,6.63
555,38.91,18.17,21.22,5.59,73.3,44.22,55.95,6.63
556,38.91,18.2,21.22,5.59,73.52,44.31,56.09,6.63
557,38.91,18.17,21.22,5.6,73.52,44.22,55.95,6.63
558,38.91,18.22,21.25,5.6,73.52,44.41,56.09,6.64
559,38.91,18.25,21.25,5.61,73.52,44.41,56.09,6.65
560,38.76,18.17,21.22,5.6,73.3,44.31,55.95,6.65
561,38.76,18.17,21.22,5.6,73.3,44.31,55.95,6.64
562,38.84,18.22,21.25,5.62,73.52,44.31,56.09,6.65
563,38.76,18.22,21.22,5.62,73.52,44.5,56.09,6.65
564,38.76,18.2,21.18,5.62,73.52,44.31,55.81,6.65
565,38.61,18.12,21.09,5.6,73.08,44.22,55.67,6.64
566,38.53,18.09,21.09,5.6,73.08,44.12,55.81,6.65
567,38.53,18.09,21.06,5.6,72.85,44.03,55.67,6.65
568,38.46,18.07,21.0,5.59,72.85,43.93,55.54,6.64
569,38.53,18.07,21.0,5.6,72.85,43.93,55.54,6.65
570,38.61,18.09,21.03,5.6,72.85,44.03,55.54,6.64
571,38.61,18.09,21.06,5.6,72.85,44.03,55.54,6.65
572,38.68,18.09,21.09,5.6,72.85,44.22,55.67,6.65
573,38.68,18.12,21.09,5.61,73.08,44.22,55.81,6.66
574,38.68,18.12,21.09,5.61,73.08,44.03,55.67,6.66
575,38.84,18.14,21.12,5.61,73.08,44.22,55.81,6.67
576,38.84,18.14,21.12,5.62,73.08,44.12,55.81,6.67
577,38.76,18.09,21.09,5.61,72.85,44.03,55.67,6.66
578,38.68,18.12,21.09,5.61,72.85,44.22,55.67,6.67
579,38.61,18.07,21.03,5.61,72.85,44.03,55.54,6.65
580,38.61,18.02,21.0,5.61,72.85,43.93,55.54,6.67
581,38.46,17.99,20.97,5.6,72.63,43.84,55.4,6.65
582,38.46,17.97,20.97,5.59,72.63,43.75,55.4,6.66
583,38.68,18.02,21.03,5.59,72.85,43.93,55.54,6.67
584,38.53,17.99,20.97,5.59,72.63,43.75,55.4,6.65
585,38.46,17.89,20.91,5.59,72.41,43.75,55.26,6.65
586,38.23,17.82,20.78,5.57,71.98,43.47,55.13,6.64
587,37.93,17.69,20.63,5.55,71.76,43.11,54.59,6.63
588,37.86,17.62,20.57,5.54,71.55,43.02,54.45,6.62
589,37.86,17.64,20.57,5.54,71.55,43.02,54.45,6.61
590,37.71,17.59,20.51,5.52,71.33,42.84,54.32,6.61
591,37.86,17.62,20.57,5.52,71.33,43.02,54.59,6.61
592,38.01,17.69,20.63,5.52,71.55,43.11,54.59,6.61
593,38.08,17.69,20.66,5.52,71.55,43.11,54.59,6.61
594,38.46,17.87,20.88,5.55,72.41,43.47,55.26,6.64
595,38.91,18.12,21.18,5.59,73.3,44.12,55.95,6.69
596,39.07,18.14,21.22,5.59,73.3,44.12,56.09,6.69
597,38.99,18.17,21.25,5.61,73.52,44.22,56.09,6.7
598,39.22,18.25,21.41,5.63,73.97,44.5,56.38,6.71
599,39.38,18.32,21.47,5.66,74.2,44.5,56.66,6.73
