0,43.83,25.95,24.9,2.81,105.93,53.64,55.26,5.85
1,43.83,25.91,24.9,2.8,105.93,53.77,55.26,5.85
2,43.83,25.91,24.9,2.8,105.93,53.64,55.26,5.85
3,43.92,25.91,24.94,2.8,105.93,53.51,55.4,5.85
4,43.92,25.91,24.9,2.8,105.93,53.64,55.26,5.86
5,43.92,25.87,24.94,2.8,105.5,53.51,55.26,5.87
6,43.92,25.87,24.94,2.8,105.93,53.38,55.13,5.86
7,43.92,25.95,24.94,2.8,105.93,53.51,55.13,5.87
8,43.92,25.87,24.94,2.8,106.37,53.51,55.26,5.86
9,43.92,25.87,24.94,2.8,105.93,53.51,55.13,5.86
10,43.92,25.83,24.94,2.8,106.37,53.51,55.13,5.87
11,43.92,25.87,24.9,2.8,105.93,53.51,55.26,5.86
12,44.02,25.83,24.9,2.8,105.93,53.51,55.26,5.86
13,43.92,25.87,24.94,2.8,105.93,53.51,55.26,5.87
14,44.02,25.87,24.94,2.8,105.93,53.51,55.26,5.86
15,44.02,25.87,24.94,2.8,105.93,53.51,55.26,5.87
16,43.92,25.87,24.94,2.81,106.37,53.51,55.26,5.87
17,44.02,25.87,24.98,2.8,106.37,53.51,55.26,5.87
18,44.02,25.87,24.94,2.8,105.93,53.51,55.26,5.87
19,44.02,25.87,24.98,2.8,106.37,53.51,55.4,5.87
20,44.02,25.91,24.98,2.8,106.37,53.51,55.4,5.87
21,44.02,25.87,24.98,2.8,106.37,53.51,55.4,5.87
22,44.02,25.87,24.98,2.8,106.37,53.64,55.4,5.87
23,44.02,25.87,25.02,2.8,106.37,53.51,55.4,5.87
24,44.02,25.87,24.98,2.8,106.37,53.51,55.4,5.87
25,44.02,25.87,24.98,2.8,106.37,53.51,55.4,5.88
26,43.92,25.87,24.98,2.8,106.37,53.51,55.4,5.87
27,43.92,25.87,24.94,2.81,106.37,53.38,55.4,5.88
28,43.92,25.87,24.94,2.8,105.93,53.51,55.26,5.87
29,43.92,25.87,24.94,2.8,105.93,53.51,55.26,5.87
30,43.92,25.83,24.9,2.8,105.93,53.51,55.13,5.88
31,43.92,25.83,24.94,2.81,105.93,53.51,55.4,5.87
32,43.92,25.83,24.94,2.8,106.37,53.51,55.26,5.88
33,43.92,25.83,24.94,2.8,105.93,53.51,55.26,5.88
34,43.92,25.83,24.94,2.8,106.37,53.51,55.26,5.88
35,43.92,25.87,24.94,2.8,106.37,53.51,55.26,5.88
36,43.92,25.95,24.94,2.8,106.37,53.51,55.4,5.88
37,43.92,25.87,24.94,2.81,106.37,53.51,55.4,5.88
38,44.02,25.87,24.94,2.8,106.37,53.51,55.26,5.88
39,43.92,25.87,24.94,2.8,106.37,53.51,55.4,5.88
40,43.92,25.87,24.94,2.8,106.37,53.51,55.4,5.89
41,43.92,25.87,24.94,2.8,106.37,53.51,55.4,5.88
42,43.92,25.87,24.98,2.8,106.37,53.51,55.26,5.89
43,43.92,25.87,24.98,2.8,106.37,53.51,55.4,5.9
44,43.83,25.91,24.94,2.81,106.37,53.64,55.4,5.89
45,43.92,25.87,24.94,2.8,106.37,53.51,55.4,5.89
46,43.92,25.87,24.94,2.81,106.37,53.51,55.4,5.89
47,43.83,25.87,24.94,2.8,106.37,53.64,55.4,5.9
48,43.92,25.91,24.94,2.8,106.37,53.51,55.4,5.9
49,43.83,25.91,24.94,2.81,106.37,53.64,55.4,5.9
50,43.74,25.87,24.86,2.8,105.93,53.51,55.26,5.9
51,43.64,25.87,24.82,2.8,105.93,53.64,54.99,5.91
52,43.64,25.87,24.86,2.81,105.93,53.51,54.99,5.91
53,43.74,25.87,24.94,2.8,105.93,53.51,54.72,5.91
54,44.02,25.87,25.02,2.81,106.37,53.64,54.85,5.91
55,44.02,25.91,24.82,2.77,105.07,53.64,50.92,5.75
56,43.0,25.91,23.51,2.65,92.54,53.64,41.71,4.97
57,42.55,25.91,23.08,2.59,87.4,53.64,39.89,4.67
58,40.26,25.91,21.34,2.27,68.06,53.64,34.6,3.36
59,37.93,25.87,19.98,1.88,56.82,53.77,31.56,2.38
60,36.64,25.87,19.3,1.64,52.52,53.77,30.27,1.94
61,35.74,25.87,18.84,1.48,49.87,53.64,29.45,1.68
62,35.41,25.87,18.68,1.41,49.07,53.64,29.21,1.6
63,34.18,25.87,18.11,1.2,46.49,53.64,28.34,1.33
64,33.81,25.83,17.91,1.14,45.58,53.64,28.01,1.25
65,33.56,25.87,17.78,1.1,45.19,53.64,27.82,1.22
66,33.08,25.87,17.56,1.03,44.22,53.51,27.46,1.14
67,32.84,25.83,17.44,0.99,43.75,53.64,27.24,1.1
68,32.66,25.87,17.32,0.96,43.2,53.51,27.02,1.06
69,32.32,25.83,17.15,0.92,42.57,53.38,26.67,1.02
70,32.2,25.83,17.08,0.9,42.22,53.38,26.54,1.0
71,32.09,25.79,17.01,0.88,42.04,53.38,26.41,0.98
72,32.09,25.83,17.01,0.88,41.96,53.38,26.41,0.98
73,31.92,25.83,16.89,0.85,41.53,53.38,26.24,0.96
74,31.8,25.83,16.84,0.84,41.35,53.25,26.11,0.95
75,31.8,25.79,16.82,0.84,41.27,53.25,26.03,0.94
76,31.8,25.79,16.78,0.83,41.1,53.38,25.99,0.94
77,31.64,25.79,16.75,0.82,40.93,53.25,25.86,0.92
78,31.64,25.79,16.71,0.81,40.77,53.12,25.82,0.92
79,31.58,25.79,16.71,0.81,40.77,53.25,25.74,0.92
80,31.58,25.79,16.68,0.8,40.6,53.12,25.74,0.91
81,31.58,25.79,16.68,0.8,40.6,53.12,25.7,0.9
82,31.52,25.75,16.66,0.8,40.52,53.12,25.7,0.9
83,31.52,25.75,16.64,0.79,40.44,53.12,25.62,0.9
84,31.52,25.79,16.64,0.79,40.36,53.12,25.62,0.9
85,31.52,25.79,16.61,0.78,40.36,52.74,25.58,0.89
86,31.47,25.75,16.61,0.79,40.36,53.0,25.58,0.89
87,31.52,25.75,16.64,0.78,40.36,53.12,25.58,0.89
88,31.52,25.75,16.61,0.78,40.19,53.0,25.5,0.88
89,31.47,25.71,16.61,0.78,40.19,53.0,25.54,0.88
90,31.47,25.71,16.61,0.78,40.19,53.0,25.5,0.88
91,31.47,25.75,16.59,0.77,40.11,53.0,25.46,0.87
92,31.47,25.71,16.59,0.77,40.11,52.87,25.41,0.87
93,31.41,25.71,16.57,0.77,40.11,52.74,25.41,0.87
94,31.41,25.71,16.59,0.77,40.03,52.87,25.41,0.87
95,31.41,25.71,16.57,0.77,40.03,52.74,25.38,0.87
96,31.41,25.66,16.57,0.77,39.95,52.74,25.38,0.87
97,31.41,25.66,16.55,0.77,39.95,52.87,25.38,0.87
98,31.41,25.71,16.55,0.77,39.95,52.87,25.38,0.87
99,31.41,25.71,16.57,0.77,39.87,52.87,25.34,0.87
100,31.41,25.71,16.55,0.77,39.87,52.87,25.38,0.87
101,31.41,25.71,16.57,0.77,39.95,52.87,25.38,0.87
102,31.41,25.71,16.57,0.77,39.87,52.87,25.38,0.87
103,31.41,25.71,16.57,0.77,39.87,52.87,25.38,0.87
104,31.41,25.71,16.55,0.76,39.79,52.87,25.34,0.87
105,31.41,25.71,16.57,0.77,39.79,52.74,25.34,0.86
106,31.41,25.71,16.55,0.76,39.79,52.74,25.34,0.86
107,31.41,25.71,16.52,0.77,39.79,52.87,25.34,0.86
108,31.41,25.71,16.52,0.76,39.79,52.87,25.34,0.86
109,31.36,25.71,16.52,0.77,39.71,52.74,25.34,0.86
110,31.36,25.66,16.52,0.76,39.71,52.74,25.3,0.86
111,31.36,25.71,16.52,0.76,39.71,52.74,25.25,0.86
112,31.41,25.71,16.52,0.76,39.71,52.74,25.25,0.86
113,31.36,25.66,16.52,0.76,39.71,52.74,25.3,0.86
114,31.36,25.71,16.52,0.76,39.71,52.87,25.3,0.86
115,31.36,25.66,16.52,0.76,39.63,52.74,25.3,0.86
116,31.36,25.66,16.5,0.76,39.63,52.87,25.25,0.86
117,31.36,25.66,16.5,0.76,39.71,52.74,25.3,0.86
118,31.3,25.66,16.5,0.76,39.55,52.87,25.3,0.85
119,31.36,25.66,16.48,0.76,39.63,52.74,25.3,0.86
120,31.36,25.66,16.5,0.76,39.63,52.74,25.25,0.85
121,31.36,25.66,16.5,0.76,39.71,52.62,25.25,0.85
122,31.36,25.66,16.52,0.76,39.71,52.74,25.3,0.86
123,31.36,25.66,16.52,0.76,39.71,52.74,25.3,0.85
124,31.41,25.71,16.55,0.76,39.71,52.74,25.25,0.85
125,31.36,25.66,16.52,0.76,39.63,52.62,25.25,0.85
126,31.36,25.71,16.52,0.75,39.71,52.74,25.25,0.85
127,31.36,25.66,16.52,0.76,39.71,52.74,25.25,0.85
128,31.41,25.71,16.55,0.76,39.71,52.87,25.25,0.85
129,31.41,25.71,16.52,0.76,39.63,52.74,25.25,0.85
130,31.36,25.66,16.52,0.76,39.63,52.74,25.25,0.85
131,31.36,25.71,16.52,0.76,39.55,52.74,25.25,0.85
132,31.36,25.66,16.52,0.76,39.63,52.74,25.25,0.85
133,31.36,25.66,16.48,0.76,39.55,52.74,25.21,0.85
134,31.3,25.66,16.48,0.76,39.55,52.74,25.21,0.85
135,31.3,25.66,16.48,0.76,39.55,52.74,25.21,0.85
136,31.3,25.62,16.46,0.76,39.55,52.62,25.21,0.85
137,31.36,25.62,16.48,0.76,39.55,52.74,25.21,0.85
138,31.36,25.66,16.5,0.76,39.55,52.74,25.21,0.85
139,31.41,25.66,16.5,0.76,39.55,52.74,25.21,0.85
140,31.41,25.66,16.5,0.76,39.55,52.74,25.21,0.85
141,31.36,25.66,16.5,0.76,39.55,52.62,25.21,0.85
142,31.41,25.62,16.5,0.76,39.48,52.62,25.21,0.85
143,31.36,25.62,16.5,0.76,39.48,52.74,25.21,0.85
144,31.41,25.66,16.5,0.76,39.48,52.74,25.21,0.85
145,31.41,25.66,16.5,0.76,39.48,52.62,25.21,0.85
146,31.41,25.62,16.5,0.76,39.48,52.62,25.18,0.85
147,31.41,25.66,16.5,0.76,39.48,52.62,25.21,0.85
148,31.41,25.66,16.5,0.76,39.4,52.62,25.18,0.85
149,31.41,25.66,16.48,0.76,39.4,52.74,25.14,0.85
150,31.41,25.66,16.48,0.76,39.4,52.74,25.18,0.85
151,31.41,25.71,16.5,0.76,39.4,52.74,25.18,0.85
152,31.36,25.66,16.5,0.75,39.4,52.62,25.18,0.85
153,31.36,25.71,16.48,0.76,39.48,52.74,25.21,0.85
154,31.41,25.62,16.5,0.76,39.4,52.62,25.3,0.85
155,31.64,25.66,16.68,0.76,40.44,52.74,26.32,0.86
156,31.92,25.66,16.87,0.77,41.53,52.74,27.02,0.86
157,32.49,25.62,17.25,0.78,43.75,52.62,28.34,0.88
158,32.84,25.66,17.49,0.78,45.09,52.62,29.11,0.89
159,33.2,25.62,17.76,0.79,46.59,52.74,29.86,0.9
160,33.75,25.62,18.11,0.8,48.73,52.74,30.96,0.92
161,34.76,25.62,18.76,0.83,52.52,52.62,32.7,0.96
162,35.21,25.58,19.05,0.85,54.33,52.62,33.48,0.98
163,35.81,25.58,19.47,0.87,56.82,52.62,34.6,1.0
164,36.29,25.62,19.75,0.89,58.74,52.62,35.51,1.03
165,36.78,25.62,19.98,0.91,60.45,52.62,36.26,1.05
166,37.42,25.58,20.42,0.95,63.63,52.62,37.45,1.09
167,37.86,25.58,20.66,0.98,65.41,52.62,38.19,1.12
168,38.23,25.58,20.94,1.0,67.48,52.62,39.1,1.16
169,38.68,25.58,21.22,1.03,69.46,52.62,39.97,1.19
170,38.76,25.58,21.25,1.04,69.67,52.62,39.97,1.19
171,39.3,25.62,21.66,1.09,72.63,52.74,41.28,1.26
172,39.62,25.62,21.86,1.12,74.2,52.62,41.88,1.29
173,39.86,25.66,22.02,1.14,75.59,52.74,42.5,1.31
174,40.26,25.62,22.25,1.18,77.52,52.74,43.12,1.37
175,40.67,25.62,22.52,1.24,79.8,52.74,44.14,1.43
176,40.92,25.62,22.7,1.27,81.38,52.87,44.71,1.48
177,41.0,25.58,22.76,1.28,81.92,52.74,45.0,1.49
178,41.34,25.58,22.97,1.34,83.58,52.74,45.69,1.56
179,41.51,25.62,23.08,1.37,85.02,52.87,46.09,1.6
180,41.59,25.62,23.15,1.39,85.31,52.87,46.29,1.61
181,41.85,25.62,23.36,1.45,87.09,52.74,47.02,1.69
182,42.03,25.62,23.4,1.48,88.32,52.87,47.54,1.75
183,42.03,25.62,23.43,1.5,88.64,52.87,47.65,1.77
184,42.11,25.62,23.54,1.54,89.58,53.0,48.08,1.82
185,42.29,25.62,23.65,1.59,90.88,52.87,48.52,1.89
186,42.38,25.66,23.72,1.63,91.54,53.0,48.85,1.94
187,42.38,25.62,23.8,1.66,92.2,52.87,49.18,1.99
188,42.47,25.66,23.8,1.68,92.54,53.0,49.3,2.02
189,42.55,25.62,23.87,1.7,92.88,53.0,49.52,2.05
190,42.64,25.71,23.95,1.75,93.91,53.12,49.87,2.12
191,42.73,25.71,24.02,1.78,94.97,53.12,50.1,2.17
192,42.82,25.66,24.06,1.82,95.32,53.0,50.45,2.24
193,42.91,25.71,24.13,1.85,95.68,53.0,50.56,2.27
194,42.91,25.71,24.17,1.87,96.04,53.25,50.68,2.31
195,43.0,25.66,24.21,1.91,96.77,53.0,50.92,2.38
196,43.0,25.66,24.25,1.95,96.77,53.12,51.16,2.44
197,43.0,25.66,24.25,1.95,97.14,53.12,51.04,2.44
198,43.09,25.66,24.28,1.98,97.51,53.12,51.28,2.49
199,43.09,25.66,24.32,2.02,97.88,53.0,51.4,2.56
200,43.19,25.66,24.36,2.04,98.26,53.12,51.64,2.61
201,43.19,25.66,24.4,2.06,98.64,53.12,51.77,2.65
202,43.28,25.66,24.4,2.08,98.64,53.0,51.89,2.68
203,43.28,25.66,24.43,2.1,99.02,53.12,51.89,2.72
204,43.37,25.66,24.43,2.12,99.02,53.0,52.01,2.77
205,43.37,25.66,24.47,2.14,99.79,53.0,52.14,2.81
206,43.46,25.62,24.47,2.17,99.79,53.0,52.26,2.87
207,43.37,25.62,24.51,2.19,99.79,53.0,52.26,2.9
208,43.37,25.62,24.51,2.19,100.18,53.0,52.38,2.93
209,43.37,25.62,24.51,2.21,100.18,53.0,52.51,2.98
210,43.46,25.58,24.51,2.23,100.57,53.0,52.51,3.03
211,43.37,25.58,24.51,2.26,100.57,52.87,52.64,3.07
212,43.46,25.58,24.55,2.26,100.57,53.0,52.64,3.09
213,43.37,25.62,24.55,2.28,100.96,52.87,52.64,3.13
214,43.37,25.62,24.51,2.29,100.96,53.0,52.76,3.17
215,43.37,25.58,24.51,2.31,100.96,53.0,52.76,3.21
216,43.28,25.62,24.51,2.31,100.96,52.87,52.89,3.23
217,43.28,25.62,24.55,2.33,100.96,53.0,52.89,3.28
218,43.37,25.62,24.55,2.34,101.36,53.0,53.02,3.32
219,43.37,25.62,24.55,2.36,101.36,53.12,53.02,3.36
220,43.37,25.58,24.59,2.37,101.76,53.0,53.02,3.39
221,43.46,25.66,24.59,2.38,101.76,53.12,53.14,3.42
222,43.55,25.66,24.63,2.38,101.76,53.0,53.27,3.44
223,43.55,25.66,24.66,2.39,101.76,53.12,53.27,3.47
224,43.64,25.71,24.7,2.41,102.17,53.25,53.53,3.52
225,43.55,25.71,24.7,2.41,102.57,53.25,53.4,3.54
226,43.64,25.75,24.7,2.42,102.57,53.25,53.53,3.56
227,43.64,25.75,24.7,2.43,102.57,53.25,53.53,3.61
228,43.64,25.71,24.7,2.44,102.57,53.25,53.53,3.63
229,43.64,25.75,24.7,2.44,102.57,53.25,53.66,3.67
230,43.64,25.75,24.7,2.45,102.57,53.25,53.66,3.68
231,43.64,25.75,24.7,2.46,102.57,53.38,53.79,3.71
232,43.55,25.66,24.66,2.47,102.98,53.25,53.66,3.75
233,43.55,25.66,24.66,2.47,102.57,53.12,53.66,3.77
234,43.55,25.66,24.66,2.48,102.57,53.25,53.66,3.8
235,43.55,25.66,24.66,2.48,102.57,53.25,53.66,3.82
236,43.55,25.66,24.66,2.49,102.57,53.25,53.66,3.84
237,43.55,25.66,24.66,2.49,102.57,53.12,53.66,3.85
238,43.55,25.62,24.66,2.5,102.57,53.12,53.66,3.87
239,43.55,25.66,24.66,2.5,102.98,53.25,53.66,3.9
240,43.64,25.71,24.7,2.51,102.98,53.12,53.79,3.93
241,43.64,25.71,24.7,2.52,102.98,53.12,53.92,3.96
242,43.64,25.75,24.7,2.52,102.98,53.25,53.92,3.97
243,43.74,25.71,24.74,2.53,103.39,53.25,53.92,4.01
244,43.74,25.75,24.78,2.53,103.39,53.25,53.92,4.02
245,43.74,25.71,24.78,2.54,103.39,53.25,54.05,4.06
246,43.74,25.71,24.78,2.54,103.39,53.38,53.92,4.07
247,43.83,25.75,24.78,2.54,103.81,53.38,54.05,4.1
248,43.83,25.75,24.82,2.55,103.81,53.25,54.05,4.12
249,43.83,25.75,24.82,2.55,103.81,53.25,54.19,4.14
250,43.83,25.71,24.82,2.56,103.81,53.25,54.19,4.14
251,43.83,25.71,24.82,2.56,103.81,53.38,54.19,4.17
252,43.83,25.75,24.82,2.56,103.81,53.38,54.19,4.18
253,43.74,25.71,24.82,2.57,103.81,53.25,54.19,4.21
254,43.83,25.71,24.78,2.57,103.81,53.25,54.19,4.21
255,43.64,25.62,24.74,2.58,103.81,53.25,54.05,4.25
256,43.64,25.62,24.74,2.58,103.81,53.12,54.05,4.26
257,43.64,25.62,24.7,2.58,103.39,53.0,53.92,4.27
258,43.64,25.62,24.7,2.58,103.39,53.12,53.92,4.28
259,43.64,25.62,24.7,2.58,103.81,53.12,53.92,4.3
260,43.55,25.62,24.7,2.58,103.39,53.0,53.92,4.31
261,43.55,25.62,24.66,2.59,103.81,53.12,53.92,4.34
262,43.55,25.62,24.66,2.59,103.39,53.0,53.92,4.36
263,43.55,25.62,24.7,2.59,103.39,53.0,53.92,4.37
264,43.55,25.58,24.7,2.6,103.81,53.0,53.92,4.38
265,43.64,25.58,24.7,2.6,103.39,53.0,53.92,4.4
266,43.64,25.58,24.7,2.6,103.81,53.0,53.92,4.41
267,43.64,25.58,24.7,2.6,103.81,53.0,54.05,4.42
268,43.64,25.58,24.74,2.61,103.81,53.0,53.92,4.43
269,43.64,25.58,24.74,2.6,103.81,52.87,54.05,4.44
270,43.64,25.54,24.7,2.6,103.81,52.87,53.92,4.47
271,43.64,25.54,24.7,2.61,103.81,53.0,53.79,4.48
272,43.64,25.54,24.7,2.61,103.81,52.87,53.92,4.49
273,43.64,25.54,24.7,2.61,103.81,52.87,54.05,4.5
274,43.64,25.5,24.7,2.62,103.81,52.87,54.05,4.51
275,43.64,25.54,24.7,2.61,103.81,52.87,53.92,4.53
276,43.64,25.54,24.7,2.62,103.81,52.74,53.92,4.54
277,43.55,25.5,24.7,2.62,103.81,52.87,54.05,4.55
278,43.64,25.5,24.7,2.62,103.81,52.87,54.05,4.56
279,43.64,25.54,24.7,2.63,103.81,53.0,54.05,4.58
280,43.64,25.54,24.7,2.63,103.81,53.0,54.19,4.59
281,43.74,25.58,24.78,2.63,104.23,53.0,54.19,4.61
282,43.74,25.58,24.78,2.64,104.23,53.0,54.19,4.62
283,43.74,25.62,24.78,2.64,104.23,53.12,54.32,4.64
284,43.74,25.62,24.78,2.64,104.23,53.0,54.32,4.64
285,43.64,25.62,24.78,2.64,104.23,53.12,54.32,4.65
286,43.64,25.62,24.74,2.64,104.23,53.12,54.32,4.67
287,43.64,25.62,24.74,2.64,104.23,53.12,54.32,4.68
288,43.55,25.58,24.74,2.64,104.23,53.0,54.32,4.69
289,43.64,25.58,24.7,2.64,104.23,53.0,54.19,4.69
290,43.55,25.58,24.7,2.65,104.23,53.0,54.32,4.7
291,43.55,25.58,24.7,2.65,104.23,53.0,54.19,4.71
292,43.55,25.58,24.7,2.65,104.23,53.0,54.19,4.73
293,43.64,25.58,24.7,2.65,104.23,53.12,54.19,4.74
294,43.55,25.58,24.7,2.66,104.23,53.0,54.19,4.75
295,43.64,25.58,24.7,2.65,104.23,53.0,54.19,4.76
296,43.64,25.62,24.74,2.66,104.23,53.0,54.19,4.77
297,43.64,25.62,24.74,2.66,104.23,53.12,54.32,4.79
298,43.64,25.58,24.74,2.66,104.23,53.12,54.32,4.79
299,43.64,25.62,24.74,2.66,104.23,53.12,54.32,4.8
300,43.64,25.62,24.74,2.66,104.65,53.12,54.32,4.81
301,43.64,25.58,24.74,2.66,104.23,53.12,54.32,4.82
302,43.64,25.54,24.74,2.66,104.23,53.12,54.32,4.83
303,43.64,25.62,24.74,2.67,104.23,53.12,54.32,4.83
304,43.64,25.62,24.74,2.67,104.23,53.0,54.32,4.85
305,43.64,25.58,24.74,2.67,104.23,53.0,54.32,4.86
306,43.64,25.62,24.74,2.67,104.65,53.0,54.32,4.87
307,43.64,25.62,24.74,2.67,104.23,53.12,54.32,4.88
308,43.55,25.58,24.7,2.67,104.23,53.0,54.32,4.88
309,43.55,25.58,24.7,2.67,103.81,53.12,54.32,4.9
310,43.46,25.58,24.66,2.67,104.23,53.0,54.32,4.9
311,43.46,25.58,24.66,2.67,104.23,53.0,54.19,4.91
312,43.55,25.54,24.66,2.67,103.81,52.87,54.19,4.92
313,43.46,25.58,24.66,2.68,104.23,52.87,54.19,4.93
314,43.55,25.54,24.66,2.68,104.23,53.0,54.19,4.94
315,43.55,25.58,24.7,2.68,104.23,53.12,54.19,4.94
316,43.55,25.58,24.7,2.68,104.23,53.0,54.32,4.96
317,43.64,25.58,24.74,2.68,104.23,53.0,54.32,4.96
318,43.64,25.62,24.74,2.68,104.65,53.0,54.45,4.97
319,43.64,25.66,24.74,2.69,104.65,53.0,54.32,4.97
320,43.64,25.62,24.74,2.69,104.65,53.0,54.45,4.98
321,43.64,25.62,24.78,2.69,104.65,53.12,54.45,4.99
322,43.64,25.62,24.74,2.69,104.23,53.12,54.32,5.0
323,43.64,25.62,24.74,2.69,104.65,53.0,54.32,5.0
324,43.55,25.62,24.74,2.69,104.65,53.12,54.32,5.01
325,43.55,25.58,24.74,2.69,104.23,53.0,54.32,5.02
326,43.55,25.58,24.74,2.69,104.65,53.12,54.32,5.03
327,43.55,25.58,24.7,2.69,104.65,53.12,54.32,5.03
328,43.64,25.54,24.7,2.69,104.23,52.87,54.32,5.03
329,43.64,25.58,24.7,2.69,104.65,53.12,54.32,5.05
330,43.74,25.58,24.74,2.69,104.65,52.87,54.32,5.06
331,43.74,25.62,24.74,2.7,104.65,53.0,54.45,5.05
332,43.74,25.62,24.78,2.69,104.65,53.12,54.45,5.06
333,43.64,25.62,24.78,2.7,104.65,53.0,54.45,5.08
334,43.64,25.62,24.74,2.7,104.65,53.0,54.45,5.08
335,43.64,25.54,24.74,2.7,104.65,53.0,54.45,5.08
336,43.55,25.58,24.7,2.7,104.65,53.12,54.32,5.09
337,43.64,25.54,24.7,2.7,104.23,53.0,54.32,5.09
338,43.55,25.54,24.7,2.7,104.23,52.87,54.32,5.1
339,43.55,25.54,24.7,2.7,104.23,52.87,54.45,5.11
340,43.55,25.54,24.7,2.7,104.23,52.87,54.32,5.11
341,43.55,25.54,24.7,2.7,104.65,52.87,54.32,5.12
342,43.55,25.54,24.7,2.7,104.23,52.87,54.32,5.12
343,43.55,25.58,24.7,2.7,104.23,52.87,54.32,5.13
344,43.55,25.54,24.7,2.7,104.65,53.0,54.32,5.13
345,43.55,25.54,24.7,2.71,104.23,52.87,54.45,5.14
346,43.55,25.54,24.7,2.71,104.65,53.0,54.32,5.15
347,43.55,25.54,24.7,2.71,104.65,53.0,54.45,5.16
348,43.55,25.54,24.7,2.71,104.65,52.87,54.32,5.16
349,43.64,25.58,24.7,2.71,104.65,52.87,54.32,5.17
350,43.55,25.5,24.7,2.71,104.23,52.87,54.32,5.17
351,43.55,25.5,24.66,2.71,104.23,52.87,54.32,5.17
352,43.46,25.46,24.66,2.71,104.23,52.74,54.19,5.18
353,43.46,25.46,24.63,2.71,104.23,52.87,54.19,5.18
354,43.46,25.46,24.63,2.71,104.23,52.74,54.19,5.18
355,43.46,25.46,24.63,2.71,104.23,52.74,54.19,5.2
356,43.37,25.46,24.63,2.71,103.81,52.74,54.05,5.19
357,43.46,25.46,24.63,2.71,104.23,52.62,54.05,5.2
358,43.46,25.46,24.63,2.71,104.23,52.74,54.19,5.2
359,43.55,25.46,24.63,2.71,104.23,52.74,54.19,5.2
360,43.64,25.5,24.66,2.71,104.23,52.87,54.19,5.2
361,43.55,25.5,24.7,2.71,104.65,52.74,54.32,5.23
362,43.64,25.5,24.7,2.71,104.65,52.87,54.45,5.22
363,43.64,25.5,24.7,2.71,104.23,52.87,54.32,5.22
364,43.64,25.5,24.74,2.72,104.65,52.74,54.45,5.24
365,43.64,25.5,24.74,2.72,104.65,52.87,54.32,5.24
366,43.64,25.5,24.7,2.72,104.65,52.87,54.32,5.24
367,43.64,25.5,24.74,2.72,104.65,52.74,54.32,5.25
368,43.64,25.5,24.74,2.71,104.65,52.87,54.32,5.25
369,43.64,25.5,24.74,2.72,104.65,52.87,54.45,5.26
370,43.64,25.5,24.7,2.72,104.65,52.74,54.45,5.26
371,43.64,25.46,24.7,2.72,104.65,52.62,54.45,5.26
372,43.55,25.46,24.7,2.72,104.65,52.74,54.32,5.27
373,43.64,25.46,24.7,2.72,104.65,52.74,54.32,5.28
374,43.55,25.46,24.7,2.72,104.65,52.74,54.45,5.28
375,43.64,25.46,24.7,2.72,104.65,52.74,54.45,5.28
376,43.64,25.5,24.74,2.72,104.65,52.87,54.45,5.28
377,43.64,25.46,24.7,2.72,105.07,52.74,54.45,5.28
378,43.55,25.5,24.7,2.72,104.65,52.87,54.45,5.3
379,43.55,25.5,24.7,2.73,104.65,52.87,54.45,5.3
380,43.55,25.54,24.7,2.73,104.65,52.74,54.45,5.31
381,43.55,25.54,24.7,2.72,104.65,53.0,54.59,5.31
382,43.55,25.58,24.7,2.73,104.65,52.87,54.59,5.31
383,43.55,25.58,24.7,2.73,104.65,52.87,54.59,5.32
384,43.55,25.54,24.74,2.73,104.65,53.12,54.59,5.32
385,43.55,25.58,24.74,2.73,104.65,53.0,54.59,5.34
386,43.55,25.54,24.74,2.73,104.65,53.0,54.59,5.34
387,43.55,25.62,24.74,2.73,105.07,52.87,54.59,5.34
388,43.55,25.62,24.78,2.73,105.07,53.0,54.59,5.34
389,43.55,25.62,24.74,2.73,104.65,52.87,54.59,5.35
390,43.46,25.54,24.74,2.74,104.65,53.0,54.59,5.36
391,43.55,25.54,24.7,2.74,104.65,52.87,54.45,5.36
392,43.64,25.54,24.7,2.74,104.65,52.87,54.45,5.36
393,43.55,25.54,24.7,2.74,104.65,53.0,54.45,5.37
394,43.55,25.54,24.7,2.74,104.65,52.87,54.45,5.37
395,43.55,25.54,24.7,2.74,104.65,52.74,54.59,5.37
396,43.55,25.62,24.7,2.74,104.23,53.0,54.59,5.38
397,43.55,25.58,24.7,2.74,104.65,52.87,54.59,5.38
398,43.64,25.58,24.74,2.75,104.65,53.0,54.59,5.38
399,43.55,25.58,24.7,2.75,104.65,52.87,54.45,5.39
400,43.55,25.58,24.7,2.75,104.65,52.87,54.45,5.39
401,43.55,25.58,24.74,2.75,104.65,52.87,54.45,5.39
402,43.46,25.54,24.7,2.75,104.65,53.0,54.45,5.4
403,43.55,25.54,24.7,2.75,104.65,53.0,54.45,5.4
404,43.55,25.54,24.66,2.74,104.65,52.87,54.45,5.4
405,43.55,25.5,24.66,2.75,104.65,52.87,54.45,5.4
406,43.46,25.5,24.63,2.74,104.23,52.87,54.19,5.4
407,43.46,25.5,24.63,2.75,104.23,52.87,54.32,5.4
408,43.46,25.46,24.63,2.75,104.23,52.62,54.32,5.4
409,43.28,25.46,24.59,2.75,104.23,52.74,54.19,5.41
410,43.37,25.46,24.59,2.75,104.23,52.87,54.32,5.41
411,43.37,25.5,24.59,2.75,103.81,52.74,54.19,5.42
412,43.37,25.46,24.59,2.75,104.23,52.74,54.19,5.42
413,43.37,25.54,24.59,2.75,104.23,52.74,54.32,5.43
414,43.37,25.5,24.59,2.75,104.23,52.74,54.32,5.43
415,43.28,25.5,24.59,2.75,104.23,52.87,54.32,5.43
416,43.37,25.5,24.59,2.75,104.23,52.87,54.32,5.43
417,43.28,25.5,24.59,2.75,104.23,52.74,54.32,5.44
418,43.28,25.5,24.55,2.75,104.23,52.74,54.32,5.44
419,43.37,25.5,24.55,2.75,104.23,52.74,54.32,5.44
420,43.28,25.5,24.55,2.75,104.23,52.74,54.19,5.45
421,43.28,25.5,24.51,2.75,104.23,52.74,54.32,5.46
422,43.28,25.5,24.51,2.75,103.81,52.74,54.32,5.46
423,43.28,25.5,24.51,2.75,104.23,52.74,54.32,5.46
424,43.28,25.5,24.51,2.75,103.81,52.87,54.19,5.46
425,43.19,25.5,24.51,2.75,103.81,52.87,54.19,5.47
426,43.28,25.5,24.55,2.75,104.23,52.87,54.32,5.47
427,43.28,25.54,24.55,2.75,104.23,52.87,54.19,5.48
428,43.28,25.54,24.55,2.75,104.23,52.74,54.45,5.48
429,43.37,25.54,24.59,2.76,104.23,52.87,54.45,5.48
430,43.37,25.54,24.59,2.76,104.65,53.0,54.45,5.49
431,43.37,25.54,24.63,2.76,104.23,52.87,54.45,5.49
432,43.46,25.54,24.63,2.75,104.65,52.87,54.45,5.5
433,43.37,25.54,24.63,2.76,104.65,52.87,54.45,5.5
434,43.46,25.54,24.66,2.76,104.65,52.87,54.45,5.5
435,43.46,25.54,24.66,2.76,104.65,52.74,54.45,5.5
436,43.55,25.54,24.66,2.76,104.65,52.87,54.45,5.5
437,43.46,25.5,24.66,2.77,104.65,52.87,54.45,5.51
438,43.37,25.5,24.66,2.76,104.65,52.87,54.45,5.52
439,43.46,25.54,24.66,2.76,105.07,52.87,54.45,5.52
440,43.46,25.54,24.66,2.77,104.65,52.87,54.45,5.52
441,43.46,25.54,24.66,2.77,104.65,52.87,54.45,5.53
442,43.46,25.54,24.7,2.76,104.65,53.0,54.59,5.53
443,43.55,25.58,24.7,2.77,104.65,53.0,54.59,5.54
444,43.46,25.62,24.7,2.77,105.07,53.0,54.59,5.54
445,43.46,25.62,24.7,2.77,105.07,53.12,54.72,5.54
446,43.55,25.62,24.74,2.77,105.07,53.12,54.72,5.55
447,43.46,25.62,24.74,2.77,105.07,53.12,54.72,5.55
448,43.46,25.62,24.74,2.77,105.07,53.12,54.72,5.56
449,43.46,25.62,24.74,2.77,105.07,53.0,54.72,5.56
450,43.46,25.62,24.74,2.77,105.07,53.12,54.72,5.57
451,43.55,25.66,24.74,2.77,105.07,53.12,54.72,5.57
452,43.46,25.66,24.7,2.78,105.07,53.25,54.72,5.57
453,43.46,25.66,24.7,2.78,105.07,53.12,54.72,5.57
454,43.55,25.66,24.74,2.78,105.07,53.12,54.85,5.58
455,43.55,25.66,24.74,2.78,105.07,53.25,54.72,5.57
456,43.55,25.66,24.74,2.78,105.07,53.25,54.85,5.58
457,43.55,25.66,24.74,2.78,105.07,53.25,54.72,5.59
458,43.55,25.66,24.78,2.78,105.07,53.25,54.72,5.6
459,43.46,25.62,24.78,2.78,105.07,53.25,54.85,5.59
460,43.55,25.66,24.78,2.78,105.07,53.25,54.85,5.6
461,43.55,25.66,24.78,2.78,105.07,53.38,54.85,5.6
462,43.55,25.71,24.78,2.78,105.5,53.25,54.72,5.6
463,43.55,25.66,24.78,2.78,105.07,53.25,54.85,5.61
464,43.55,25.66,24.78,2.78,105.5,53.38,54.85,5.6
465,43.64,25.66,24.78,2.78,105.07,53.25,54.72,5.61
466,43.55,25.66,24.74,2.78,105.07,53.25,54.85,5.62
467,43.55,25.66,24.74,2.78,105.07,53.38,54.72,5.62
468,43.46,25.66,24.74,2.78,105.07,53.12,54.72,5.62
469,43.55,25.66,24.7,2.78,105.07,53.25,54.72,5.63
470,43.55,25.71,24.7,2.78,105.5,53.25,54.72,5.63
471,43.55,25.66,24.7,2.78,104.65,53.25,54.72,5.63
472,43.55,25.71,24.74,2.78,105.07,53.25,54.72,5.64
473,43.55,25.71,24.74,2.78,105.07,53.38,54.72,5.63
474,43.64,25.71,24.78,2.78,105.07,53.25,54.72,5.64
475,43.64,25.66,24.78,2.78,105.07,53.25,54.72,5.64
476,43.64,25.71,24.78,2.78,105.5,53.38,54.85,5.64
477,43.64,25.66,24.78,2.79,105.07,53.38,54.85,5.64
478,43.64,25.71,24.82,2.79,105.5,53.38,54.85,5.65
479,43.74,25.71,24.78,2.79,105.07,53.38,54.85,5.65
480,43.64,25.71,24.78,2.79,105.5,53.38,54.85,5.66
481,43.64,25.71,24.78,2.79,105.5,53.38,54.85,5.65
482,43.64,25.71,24.78,2.79,105.07,53.38,54.85,5.66
483,43.64,25.71,24.78,2.79,105.5,53.38,54.85,5.66
484,43.64,25.71,24.78,2.79,105.5,53.38,54.85,5.67
485,43.46,25.71,24.74,2.79,105.07,53.25,54.85,5.67
486,43.55,25.71,24.74,2.79,105.07,53.51,54.85,5.67
487,43.46,25.71,24.7,2.79,105.5,53.25,54.85,5.67
488,43.37,25.66,24.7,2.79,105.07,53.12,54.72,5.67
489,43.37,25.71,24.66,2.79,105.07,53.38,54.72,5.67
490,43.37,25.66,24.66,2.79,104.65,53.25,54.72,5.67
491,43.37,25.71,24.66,2.79,104.65,53.25,54.72,5.67
492,43.37,25.71,24.63,2.79,104.65,53.25,54.59,5.67
493,43.37,25.66,24.63,2.79,105.07,53.25,54.72,5.68
494,43.37,25.66,24.63,2.79,104.65,53.25,54.59,5.69
495,43.37,25.66,24.63,2.79,104.65,53.38,54.59,5.69
496,43.37,25.66,24.66,2.79,104.65,53.25,54.59,5.69
497,43.37,25.71,24.63,2.79,104.65,53.25,54.59,5.7
498,43.28,25.71,24.66,2.79,104.65,53.25,54.59,5.69
499,43.28,25.66,24.63,2.79,104.65,53.25,54.59,5.7
500,43.28,25.66,24.59,2.79,104.65,53.25,54.45,5.69
501,43.28,25.62,24.59,2.79,104.65,53.25,54.45,5.7
502,43.28,25.66,24.59,2.79,104.65,53.25,54.45,5.69
503,43.28,25.66,24.59,2.8,104.65,53.25,54.59,5.7
504,43.37,25.71,24.59,2.8,104.65,53.25,54.59,5.71
505,43.28,25.71,24.63,2.79,104.65,53.25,54.59,5.71
506,43.37,25.71,24.63,2.8,104.65,53.38,54.72,5.71
507,43.37,25.75,24.63,2.8,104.65,53.38,54.59,5.71
508,43.37,25.66,24.63,2.8,104.65,53.25,54.59,5.71
509,43.37,25.66,24.63,2.8,104.65,53.38,54.59,5.71
510,43.37,25.71,24.63,2.8,104.65,53.25,54.59,5.72
511,43.37,25.66,24.63,2.79,105.07,53.25,54.59,5.72
512,43.37,25.66,24.66,2.8,104.65,53.38,54.59,5.72
513,43.46,25.75,24.7,2.8,105.07,53.38,54.59,5.72
514,43.55,25.71,24.7,2.8,105.07,53.38,54.72,5.73
515,43.55,25.71,24.74,2.8,105.07,53.38,54.59,5.74
516,43.64,25.79,24.78,2.8,105.07,53.64,54.85,5.74
517,43.64,25.75,24.78,2.8,105.07,53.51,54.85,5.74
518,43.64,25.75,24.78,2.8,105.07,53.38,54.72,5.74
519,43.64,25.75,24.78,2.8,105.07,53.38,54.72,5.74
520,43.55,25.75,24.74,2.8,105.07,53.51,54.72,5.74
521,43.64,25.71,24.74,2.81,105.07,53.38,54.72,5.74
522,43.64,25.71,24.74,2.8,105.07,53.25,54.72,5.74
523,43.55,25.71,24.74,2.8,105.07,53.25,54.72,5.74
524,43.55,25.71,24.74,2.81,105.07,53.38,54.72,5.75
525,43.64,25.71,24.74,2.81,105.07,53.25,54.72,5.75
526,43.64,25.71,24.78,2.8,105.07,53.25,54.85,5.75
527,43.64,25.71,24.78,2.81,105.07,53.38,54.85,5.75
528,43.64,25.71,24.78,2.8,105.5,53.38,54.85,5.75
529,43.64,25.71,24.78,2.8,105.5,53.38,54.99,5.75
530,43.74,25.75,24.86,2.81,105.5,53.38,54.99,5.75
531,43.83,25.79,24.82,2.81,105.5,53.51,54.99,5.75
532,43.83,25.79,24.86,2.81,105.5,53.51,54.99,5.76
533,43.74,25.79,24.86,2.81,105.5,53.38,54.99,5.77
534,43.74,25.79,24.86,2.81,105.5,53.38,55.13,5.76
535,43.74,25.75,24.82,2.81,105.5,53.38,54.99,5.77
536,43.83,25.75,24.82,2.81,105.93,53.51,54.99,5.77
537,43.74,25.75,24.82,2.81,105.5,53.25,54.99,5.77
538,43.74,25.75,24.82,2.81,105.5,53.38,54.99,5.78
539,43.64,25.71,24.78,2.8,105.5,53.38,54.85,5.77
540,43.64,25.75,24.82,2.81,105.5,53.38,54.99,5.78
541,43.64,25.71,24.82,2.81,105.5,53.38,54.85,5.77
542,43.64,25.75,24.82,2.81,105.5,53.38,54.99,5.78
543,43.64,25.75,24.78,2.81,105.5,53.38,54.99,5.79
544,43.64,25.75,24.78,2.81,105.5,53.38,54.85,5.78
545,43.64,25.79,24.78,2.81,105.5,53.51,54.99,5.79
546,43.64,25.75,24.74,2.81,105.07,53.38,54.99,5.79
547,43.64,25.79,24.74,2.81,105.5,53.51,54.99,5.79
548,43.55,25.79,24.74,2.81,105.5,53.38,54.85,5.79
549,43.55,25.79,24.74,2.82,105.5,53.51,54.99,5.79
550,43.55,25.79,24.74,2.81,105.5,53.38,54.85,5.79
551,43.55,25.75,24.74,2.82,105.07,53.38,54.85,5.79
552,43.55,25.75,24.74,2.81,105.5,53.38,54.85,5.79
553,43.55,25.79,24.74,2.81,105.07,53.38,54.85,5.79
554,43.55,25.79,24.74,2.81,105.07,53.51,54.85,5.8
555,43.55,25.79,24.74,2.81,105.5,53.51,54.99,5.8
556,43.55,25.79,24.7,2.81,105.07,53.38,54.85,5.81
557,43.55,25.79,24.7,2.81,105.5,53.38,54.85,5.8
558,43.46,25.75,24.7,2.81,104.65,53.25,54.85,5.8
559,43.46,25.75,24.7,2.81,105.07,53.38,54.85,5.81
560,43.55,25.79,24.74,2.81,105.5,53.38,54.85,5.81
561,43.46,25.75,24.7,2.82,105.07,53.38,54.85,5.82
562,43.46,25.79,24.7,2.82,105.07,53.38,54.85,5.81
563,43.46,25.75,24.7,2.81,105.07,53.38,54.85,5.81
564,43.55,25.79,24.7,2.81,105.07,53.51,54.85,5.81
565,43.55,25.79,24.7,2.82,105.07,53.51,54.85,5.81
566,43.55,25.83,24.74,2.82,105.07,53.64,54.85,5.83
567,43.55,25.83,24.74,2.82,105.07,53.51,54.85,5.82
568,43.55,25.83,24.78,2.82,105.5,53.51,54.85,5.82
569,43.55,25.83,24.74,2.82,105.07,53.51,54.85,5.83
570,43.55,25.79,24.74,2.82,105.07,53.51,54.85,5.82
571,43.55,25.83,24.74,2.82,105.5,53.64,54.85,5.83
572,43.55,25.79,24.74,2.82,105.07,53.51,54.85,5.83
573,43.64,25.79,24.74,2.82,105.07,53.51,54.85,5.83
574,43.64,25.79,24.74,2.82,105.5,53.51,54.85,5.83
575,43.64,25.83,24.78,2.82,105.5,53.51,54.99,5.83
576,43.64,25.79,24.78,2.82,105.5,53.64,54.99,5.83
577,43.64,25.79,24.74,2.82,105.5,53.51,54.85,5.83
578,43.55,25.79,24.78,2.82,105.5,53.51,54.85,5.83
579,43.64,25.79,24.78,2.82,105.5,53.38,54.85,5.83
580,43.64,25.83,24.78,2.82,105.5,53.38,54.99,5.83
581,43.74,25.79,24.78,2.82,105.5,53.51,54.85,5.83
582,43.74,25.79,24.82,2.82,105.5,53.51,54.99,5.83
583,43.74,25.79,24.82,2.82,105.93,53.51,54.99,5.83
584,43.74,25.79,24.82,2.82,105.93,53.51,54.99,5.84
585,43.83,25.83,24.86,2.82,105.5,53.51,54.99,5.84
586,43.83,25.83,24.86,2.82,105.93,53.51,55.13,5.84
587,43.83,25.83,24.9,2.82,105.93,53.51,54.99,5.84
588,43.83,25.79,24.86,2.82,105.93,53.51,55.13,5.84
589,43.83,25.83,24.86,2.82,105.93,53.51,54.99,5.85
590,43.83,25.83,24.86,2.82,105.93,53.38,54.99,5.84
591,43.74,25.79,24.86,2.82,105.93,53.51,55.13,5.84
592,43.74,25.79,24.86,2.82,105.5,53.51,54.99,5.84
593,43.74,25.79,24.82,2.82,105.5,53.51,54.99,5.85
594,43.64,25.75,24.78,2.82,105.5,53.38,54.85,5.84
595,43.55,25.75,24.74,2.82,105.5,53.38,54.85,5.85
596,43.55,25.79,24.74,2.82,105.5,53.38,54.99,5.85
597,43.55,25.75,24.74,2.82,105.5,53.38,54.99,5.84
598,43.55,25.79,24.74,2.82,105.07,53.38,54.85,5.84
599,43.64,25.79,24.7,2.82,105.5,53.38,54.99,5.85
