0,42.2,24.52,25.54,4.7,100.57,48.83,53.14,8.13
1,42.29,24.52,25.54,4.7,100.57,48.83,53.14,8.13
2,42.11,24.48,25.5,4.7,100.57,48.72,53.02,8.13
3,42.2,24.48,25.5,4.69,100.57,48.83,53.27,8.12
4,42.11,24.48,25.5,4.7,100.18,48.83,53.02,8.12
5,42.11,24.44,25.46,4.69,100.18,48.72,53.02,8.12
6,42.11,24.44,25.46,4.69,100.18,48.61,53.02,8.12
7,42.03,24.48,25.42,4.69,100.18,48.72,52.89,8.12
8,42.03,24.44,25.42,4.7,100.18,48.72,52.89,8.12
9,42.03,24.44,25.42,4.69,100.18,48.72,52.89,8.11
10,42.03,24.48,25.38,4.7,100.18,48.72,52.89,8.12
11,41.94,24.44,25.34,4.69,99.79,48.83,52.89,8.11
12,41.94,24.48,25.34,4.7,100.18,48.83,52.89,8.1
13,41.94,24.44,25.34,4.69,99.79,48.72,52.89,8.11
14,41.85,24.44,25.34,4.69,99.79,48.72,52.89,8.1
15,41.94,24.48,25.34,4.69,99.79,48.72,52.89,8.11
16,41.94,24.48,25.38,4.69,100.18,48.83,52.89,8.1
17,41.94,24.48,25.38,4.69,100.18,48.72,53.02,8.11
18,41.94,24.48,25.38,4.7,100.18,48.72,52.89,8.1
19,41.94,24.48,25.38,4.69,100.18,48.83,52.89,8.11
20,41.85,24.48,25.38,4.69,100.18,48.83,52.89,8.11
21,41.94,24.52,25.42,4.69,100.18,48.72,52.89,8.1
22,42.03,24.48,25.42,4.7,100.18,48.83,52.89,8.1
23,42.03,24.48,25.42,4.69,100.18,48.72,52.89,8.1
24,42.03,24.48,25.42,4.69,100.57,48.72,52.89,8.1
25,42.03,24.48,25.42,4.69,100.18,48.83,52.89,8.11
26,42.03,24.48,25.46,4.69,100.18,48.72,52.89,8.1
27,42.11,24.52,25.46,4.69,100.18,48.61,53.02,8.1
28,42.11,24.48,25.46,4.69,100.18,48.83,52.89,8.1
29,42.03,24.44,25.42,4.68,100.18,48.72,52.89,8.1
30,42.03,24.48,25.46,4.69,100.18,48.83,52.89,8.1
31,41.85,24.48,25.46,4.69,100.18,48.72,52.89,8.09
32,41.94,24.48,25.42,4.68,100.18,48.72,52.89,8.1
33,41.94,24.52,25.42,4.69,100.18,48.72,52.89,8.1
34,41.94,24.48,25.42,4.68,100.18,48.72,52.89,8.1
35,41.94,24.48,25.42,4.69,100.57,48.83,52.89,8.1
36,41.94,24.48,25.38,4.69,99.79,48.83,52.89,8.1
37,41.94,24.48,25.38,4.69,100.18,48.72,52.89,8.09
38,41.94,24.48,25.38,4.69,100.18,48.83,52.89,8.09
39,41.94,24.52,25.42,4.7,100.18,48.72,52.89,8.09
40,41.85,24.48,25.38,4.7,99.79,48.72,52.89,8.09
41,41.85,24.48,25.34,4.69,99.79,48.72,52.89,8.09
42,41.85,24.44,25.34,4.68,99.79,48.72,52.76,8.09
43,41.85,24.44,25.34,4.69,99.79,48.61,52.76,8.09
44,41.85,24.48,25.3,4.69,99.79,48.61,52.76,8.09
45,41.85,24.44,25.3,4.68,99.79,48.72,52.76,8.08
46,41.85,24.4,25.3,4.68,99.79,48.5,52.76,8.09
47,41.77,24.44,25.3,4.68,99.79,48.61,52.64,8.09
48,41.85,24.4,25.25,4.68,99.4,48.61,52.64,8.08
49,41.77,24.44,25.3,4.68,99.79,48.61,52.64,8.09
50,41.77,24.44,25.25,4.68,99.79,48.61,52.64,8.08
51,41.77,24.4,25.25,4.68,99.4,48.61,52.51,8.08
52,41.77,24.4,25.25,4.68,99.4,48.5,52.51,8.09
53,41.85,24.4,25.38,4.68,99.79,48.61,52.38,8.09
54,41.85,24.4,25.42,4.68,99.79,48.61,52.38,8.08
55,42.11,24.44,25.54,4.68,100.18,48.61,52.26,8.09
56,42.2,24.44,25.54,4.67,100.57,48.61,52.14,8.08
57,42.2,24.36,25.5,4.67,100.18,48.39,51.77,8.05
58,41.94,24.03,24.94,4.6,99.4,47.74,49.98,7.85
59,41.85,23.95,24.82,4.58,99.4,47.42,49.64,7.8
60,41.42,23.62,24.13,4.44,97.88,46.48,48.19,7.4
61,41.34,23.55,23.83,4.34,96.77,45.97,47.76,7.17
62,41.25,23.51,23.83,4.3,97.14,45.77,47.65,7.11
63,41.09,23.41,23.69,4.2,96.4,45.57,47.33,6.86
64,40.92,23.3,23.51,4.06,96.04,45.18,47.12,6.55
65,40.84,23.23,23.36,3.97,95.68,44.98,46.81,6.36
66,40.67,23.16,23.25,3.87,95.32,44.88,46.7,6.14
67,40.59,23.12,23.22,3.79,94.97,44.69,46.5,5.96
68,40.67,23.12,23.18,3.76,94.97,44.69,46.5,5.91
69,40.5,23.12,23.11,3.67,94.61,44.5,46.4,5.68
70,40.5,23.09,23.08,3.6,94.61,44.5,46.29,5.54
71,40.42,23.09,23.04,3.6,94.61,44.41,46.29,5.51
72,40.5,23.05,23.01,3.53,94.26,44.5,46.19,5.38
73,40.42,23.02,22.97,3.47,94.26,44.31,46.19,5.24
74,40.42,22.98,22.97,3.44,93.91,44.22,46.09,5.16
75,40.42,22.98,22.97,3.39,93.91,44.31,46.09,5.05
76,40.34,22.98,22.94,3.36,94.26,44.31,45.99,4.97
77,40.34,22.98,22.94,3.32,93.91,44.22,45.99,4.88
78,40.34,22.91,22.94,3.31,93.91,44.22,45.99,4.84
79,40.26,22.91,22.94,3.27,93.91,44.12,45.99,4.74
80,40.34,22.95,22.9,3.27,93.91,44.12,45.89,4.71
81,40.26,22.91,22.9,3.24,93.57,44.12,45.89,4.65
82,40.26,22.95,22.87,3.23,93.91,44.12,45.89,4.61
83,40.26,22.91,22.9,3.22,93.91,44.12,45.99,4.58
84,40.34,22.98,22.94,3.2,93.91,44.03,45.99,4.5
85,40.34,22.95,22.9,3.19,93.91,44.12,45.99,4.48
86,40.34,22.98,22.94,3.18,93.91,44.22,45.99,4.47
87,40.34,22.98,22.94,3.17,93.91,44.22,45.89,4.42
88,40.42,22.98,22.97,3.16,93.91,44.12,45.99,4.4
89,40.42,22.95,22.97,3.15,93.91,44.22,45.99,4.38
90,40.5,22.98,22.97,3.15,94.26,44.12,46.09,4.36
91,40.5,22.95,23.01,3.14,94.26,44.22,45.99,4.33
92,40.5,22.98,23.01,3.14,94.26,44.22,45.99,4.32
93,40.5,22.98,23.01,3.14,93.91,44.22,46.09,4.3
94,40.59,22.95,23.01,3.13,94.26,44.12,45.99,4.27
95,40.5,22.95,23.01,3.12,94.26,44.12,46.09,4.26
96,40.59,22.91,23.01,3.12,94.26,44.12,45.99,4.24
97,40.59,22.95,23.04,3.12,94.26,44.22,45.89,4.23
98,40.59,22.91,23.04,3.12,94.26,44.22,45.99,4.21
99,40.59,22.98,23.04,3.11,94.26,44.22,45.99,4.21
100,40.5,22.95,23.04,3.1,94.26,44.22,45.99,4.18
101,40.5,22.95,23.04,3.1,94.26,44.03,45.99,4.16
102,40.5,22.95,23.04,3.09,94.26,44.12,45.89,4.16
103,40.59,22.91,23.01,3.09,94.26,44.12,45.89,4.14
104,40.5,22.91,22.97,3.09,93.91,44.12,45.89,4.12
105,40.42,22.91,22.97,3.08,93.91,44.12,45.89,4.11
106,40.34,22.91,22.97,3.08,93.91,44.12,45.79,4.1
107,40.42,22.88,22.97,3.07,93.91,44.03,45.79,4.08
108,40.42,22.91,22.94,3.07,93.91,44.03,45.79,4.06
109,40.26,22.84,22.9,3.06,93.57,43.93,45.69,4.04
110,40.26,22.88,22.87,3.05,93.57,43.93,45.69,4.03
111,40.26,22.88,22.83,3.04,93.22,43.93,45.59,4.01
112,40.18,22.88,22.8,3.03,93.22,44.03,45.49,4.0
113,40.26,22.84,22.8,3.03,93.22,43.93,45.59,3.99
114,40.1,22.84,22.8,3.02,93.22,44.03,45.49,3.96
115,40.18,22.84,22.8,3.02,92.88,43.93,45.49,3.95
116,40.18,22.84,22.8,3.01,93.22,43.93,45.39,3.93
117,40.1,22.84,22.73,3.0,92.88,43.84,45.29,3.9
118,40.1,22.81,22.73,3.0,92.88,43.93,45.29,3.88
119,40.1,22.84,22.73,2.98,92.88,43.93,45.29,3.87
120,40.1,22.88,22.76,2.98,93.22,44.03,45.39,3.85
121,40.18,22.88,22.76,2.98,92.88,43.93,45.29,3.84
122,40.18,22.88,22.76,2.96,93.22,43.93,45.29,3.81
123,40.18,22.88,22.76,2.96,92.88,44.03,45.39,3.81
124,40.18,22.84,22.76,2.95,92.88,44.03,45.39,3.79
125,40.18,22.88,22.8,2.94,92.88,44.03,45.39,3.76
126,40.18,22.88,22.76,2.94,93.22,43.93,45.39,3.76
127,40.1,22.84,22.76,2.92,92.88,44.03,45.29,3.73
128,40.18,22.84,22.76,2.91,92.88,43.84,45.39,3.71
129,40.18,22.84,22.73,2.91,92.54,43.84,45.29,3.7
130,40.1,22.84,22.73,2.91,92.88,44.12,45.29,3.69
131,40.1,22.84,22.7,2.89,92.54,43.93,45.29,3.68
132,40.02,22.84,22.73,2.89,92.54,43.93,45.1,3.66
133,40.1,22.84,22.7,2.89,92.54,43.93,45.29,3.65
134,40.1,22.84,22.73,2.88,92.54,43.93,45.29,3.64
135,40.02,22.84,22.73,2.88,92.88,43.84,45.29,3.63
136,40.02,22.84,22.73,2.87,92.88,43.93,45.29,3.62
137,40.1,22.84,22.73,2.87,92.88,44.03,45.29,3.61
138,40.1,22.88,22.73,2.86,92.88,44.03,45.29,3.59
139,40.02,22.88,22.73,2.87,92.88,43.93,45.29,3.59
140,40.1,22.88,22.76,2.85,92.88,44.03,45.29,3.58
141,40.1,22.91,22.76,2.85,92.88,44.12,45.29,3.58
142,40.1,22.91,22.8,2.85,92.88,44.12,45.29,3.57
143,40.1,22.95,22.76,2.85,93.22,44.12,45.39,3.56
144,40.1,22.91,22.8,2.85,93.22,44.12,45.29,3.56
145,40.1,22.95,22.8,2.85,93.22,44.12,45.39,3.56
146,40.18,22.95,22.8,2.85,92.88,43.93,45.39,3.55
147,40.18,22.95,22.8,2.85,93.22,44.12,45.39,3.55
148,40.18,22.91,22.8,2.84,92.88,44.03,45.39,3.55
149,40.18,22.95,22.8,2.85,93.22,44.12,45.39,3.55
150,40.18,22.91,22.83,2.85,93.22,44.12,45.39,3.55
151,40.18,22.91,22.8,2.85,93.22,44.12,45.39,3.54
152,40.18,22.91,22.8,2.85,93.22,44.12,45.39,3.55
153,40.18,22.91,22.8,2.85,93.22,44.03,45.29,3.54
154,40.18,22.91,22.76,2.85,92.88,44.12,45.39,3.55
155,40.18,22.91,22.8,2.85,92.88,44.12,45.39,3.54
156,40.1,22.91,22.76,2.85,92.88,44.12,45.39,3.55
157,40.26,22.98,22.83,2.85,92.88,44.22,45.69,3.56
158,40.34,23.09,22.97,2.88,93.22,44.5,46.19,3.59
159,40.42,23.23,23.15,2.9,93.91,44.79,46.7,3.63
160,40.42,23.26,23.22,2.91,93.91,44.79,46.91,3.65
161,40.59,23.37,23.36,2.95,94.26,45.08,47.33,3.69
162,40.67,23.44,23.58,2.98,94.97,45.47,47.76,3.75
163,40.75,23.51,23.61,3.0,95.32,45.57,47.86,3.77
164,40.84,23.59,23.76,3.05,95.68,45.67,48.19,3.84
165,41.0,23.73,23.98,3.13,96.04,46.17,48.62,3.96
166,41.09,23.77,24.06,3.17,96.04,46.27,48.85,4.02
167,41.09,23.77,24.09,3.19,96.4,46.38,48.96,4.05
168,41.17,23.84,24.21,3.26,96.77,46.58,49.3,4.16
169,41.17,23.91,24.32,3.33,96.77,46.89,49.52,4.26
170,41.25,23.95,24.4,3.37,97.14,46.89,49.75,4.32
171,41.34,23.99,24.43,3.4,97.14,47.0,49.98,4.38
172,41.34,24.06,24.51,3.47,97.51,47.21,50.21,4.5
173,41.42,24.1,24.55,3.51,97.51,47.31,50.33,4.56
174,41.42,24.14,24.63,3.59,97.88,47.21,50.56,4.68
175,41.42,24.14,24.66,3.62,97.88,47.52,50.68,4.75
176,41.51,24.14,24.7,3.68,97.88,47.52,50.68,4.86
177,41.42,24.18,24.74,3.74,98.26,47.74,50.92,4.98
178,41.42,24.21,24.78,3.79,97.88,47.74,50.92,5.07
179,41.42,24.21,24.78,3.83,98.26,47.84,51.04,5.17
180,41.42,24.25,24.82,3.87,98.26,47.84,51.04,5.24
181,41.51,24.25,24.82,3.9,98.26,47.84,51.16,5.31
182,41.59,24.25,24.86,3.94,98.26,47.84,51.28,5.38
183,41.51,24.25,24.9,4.0,98.26,47.95,51.4,5.52
184,41.51,24.25,24.94,4.03,98.64,47.95,51.4,5.6
185,41.51,24.25,24.9,4.03,98.26,47.95,51.4,5.61
186,41.51,24.29,24.94,4.09,98.64,48.06,51.52,5.75
187,41.59,24.25,24.98,4.12,98.64,48.06,51.52,5.81
188,41.51,24.29,25.02,4.15,98.64,48.17,51.64,5.88
189,41.59,24.29,25.02,4.18,98.64,48.17,51.64,5.99
190,41.59,24.33,25.02,4.2,98.64,48.17,51.52,6.02
191,41.68,24.33,25.1,4.24,99.02,48.17,51.77,6.14
192,41.68,24.33,25.14,4.26,99.02,48.17,51.89,6.2
193,41.77,24.36,25.14,4.28,99.02,48.17,51.89,6.26
194,41.77,24.36,25.14,4.3,99.02,48.28,52.01,6.32
195,41.68,24.36,25.14,4.32,99.02,48.28,51.89,6.41
196,41.77,24.36,25.14,4.36,99.02,48.28,52.01,6.49
197,41.77,24.36,25.14,4.36,99.4,48.39,52.14,6.52
198,41.68,24.4,25.14,4.38,99.02,48.28,52.14,6.57
199,41.68,24.36,25.14,4.4,99.02,48.39,52.14,6.67
200,41.68,24.4,25.14,4.41,99.4,48.39,52.14,6.7
201,41.59,24.44,25.14,4.43,99.4,48.39,52.26,6.77
202,41.68,24.4,25.18,4.44,99.4,48.28,52.26,6.81
203,41.59,24.4,25.18,4.46,99.4,48.39,52.26,6.86
204,41.68,24.4,25.18,4.47,99.79,48.39,52.14,6.92
205,41.77,24.4,25.21,4.49,99.4,48.5,52.26,6.98
206,41.77,24.4,25.21,4.5,99.4,48.5,52.26,7.0
207,41.68,24.4,25.25,4.51,99.4,48.39,52.38,7.08
208,41.77,24.44,25.25,4.51,99.79,48.5,52.38,7.08
209,41.85,24.4,25.25,4.53,99.79,48.39,52.38,7.17
210,41.85,24.4,25.25,4.53,99.79,48.39,52.38,7.2
211,41.85,24.4,25.25,4.54,99.79,48.39,52.38,7.2
212,41.85,24.4,25.3,4.56,99.4,48.5,52.38,7.25
213,41.85,24.4,25.25,4.55,99.79,48.39,52.26,7.31
214,41.85,24.4,25.25,4.57,99.79,48.28,52.38,7.34
215,41.77,24.36,25.25,4.57,99.4,48.5,52.38,7.36
216,41.77,24.36,25.25,4.57,99.4,48.39,52.26,7.4
217,41.77,24.4,25.21,4.58,99.4,48.39,52.38,7.41
218,41.68,24.36,25.21,4.58,99.4,48.39,52.26,7.43
219,41.77,24.4,25.21,4.59,99.4,48.28,52.38,7.48
220,41.77,24.36,25.18,4.6,99.4,48.28,52.38,7.5
221,41.68,24.4,25.18,4.6,99.4,48.39,52.38,7.52
222,41.68,24.4,25.18,4.61,99.4,48.39,52.38,7.56
223,41.68,24.4,25.18,4.61,99.02,48.39,52.26,7.58
224,41.68,24.4,25.18,4.61,99.4,48.39,52.38,7.61
225,41.59,24.4,25.21,4.62,99.4,48.5,52.38,7.64
226,41.77,24.4,25.21,4.61,99.4,48.5,52.38,7.65
227,41.77,24.4,25.21,4.61,99.4,48.39,52.38,7.67
228,41.68,24.4,25.21,4.61,99.4,48.39,52.38,7.69
229,41.68,24.4,25.21,4.63,99.4,48.5,52.38,7.72
230,41.68,24.4,25.21,4.63,99.4,48.39,52.38,7.74
231,41.59,24.4,25.18,4.63,99.02,48.39,52.38,7.76
232,41.59,24.4,25.18,4.64,99.4,48.39,52.38,7.77
233,41.59,24.4,25.18,4.63,99.02,48.39,52.38,7.79
234,41.68,24.44,25.18,4.65,99.02,48.5,52.38,7.81
235,41.59,24.4,25.18,4.65,99.02,48.5,52.38,7.82
236,41.68,24.4,25.18,4.65,99.4,48.39,52.38,7.84
237,41.68,24.4,25.18,4.65,99.4,48.39,52.38,7.85
238,41.77,24.4,25.18,4.65,99.4,48.5,52.38,7.88
239,41.77,24.4,25.21,4.65,99.4,48.5,52.38,7.88
240,41.77,24.4,25.21,4.65,99.79,48.5,52.38,7.91
241,41.77,24.4,25.21,4.65,99.4,48.5,52.38,7.91
242,41.77,24.4,25.25,4.66,99.4,48.39,52.51,7.93
243,41.85,24.36,25.25,4.65,99.4,48.39,52.51,7.93
244,41.77,24.4,25.25,4.66,99.4,48.5,52.38,7.94
245,41.77,24.4,25.21,4.65,99.79,48.5,52.51,7.96
246,41.77,24.36,25.25,4.66,99.4,48.39,52.51,7.96
247,41.77,24.4,25.25,4.66,99.02,48.39,52.38,7.99
248,41.77,24.4,25.25,4.66,99.4,48.39,52.51,7.99
249,41.77,24.4,25.25,4.67,99.4,48.5,52.51,8.0
250,41.77,24.4,25.25,4.67,99.4,48.5,52.51,8.01
251,41.85,24.4,25.25,4.67,99.79,48.5,52.51,8.02
252,41.77,24.44,25.25,4.67,99.79,48.39,52.51,8.03
253,41.85,24.4,25.3,4.67,99.4,48.61,52.51,8.05
254,41.77,24.44,25.3,4.68,99.4,48.5,52.51,8.05
255,41.77,24.44,25.25,4.68,99.79,48.39,52.51,8.06
256,41.77,24.44,25.25,4.67,99.79,48.72,52.51,8.06
257,41.77,24.4,25.25,4.68,99.4,48.5,52.51,8.07
258,41.77,24.44,25.25,4.68,99.4,48.61,52.51,8.09
259,41.77,24.44,25.25,4.67,99.79,48.61,52.51,8.08
260,41.85,24.48,25.3,4.68,99.79,48.61,52.64,8.1
261,41.94,24.48,25.3,4.69,99.79,48.61,52.64,8.11
262,41.85,24.44,25.34,4.69,99.79,48.61,52.64,8.11
263,41.85,24.48,25.3,4.69,99.79,48.61,52.64,8.11
264,41.85,24.44,25.34,4.69,99.79,48.61,52.64,8.12
265,41.85,24.44,25.34,4.68,99.79,48.61,52.64,8.12
266,41.85,24.44,25.34,4.68,99.79,48.5,52.64,8.12
267,41.85,24.44,25.3,4.69,99.79,48.5,52.64,8.13
268,41.85,24.44,25.3,4.69,99.79,48.5,52.64,8.13
269,41.85,24.44,25.3,4.68,99.79,48.5,52.51,8.14
270,41.77,24.44,25.3,4.68,99.79,48.5,52.51,8.14
271,41.77,24.44,25.3,4.68,99.4,48.5,52.51,8.14
272,41.77,24.44,25.21,4.68,99.4,48.5,52.51,8.15
273,41.77,24.44,25.21,4.69,99.4,48.5,52.64,8.16
274,41.68,24.4,25.25,4.69,99.79,48.5,52.64,8.16
275,41.68,24.4,25.21,4.69,99.4,48.5,52.51,8.16
276,41.59,24.44,25.18,4.68,99.4,48.5,52.51,8.16
277,41.59,24.4,25.18,4.68,99.4,48.28,52.51,8.17
278,41.59,24.4,25.18,4.68,99.4,48.39,52.38,8.16
279,41.59,24.44,25.18,4.69,99.4,48.5,52.51,8.17
280,41.51,24.44,25.18,4.7,99.02,48.5,52.38,8.18
281,41.59,24.44,25.14,4.69,99.02,48.39,52.51,8.18
282,41.51,24.4,25.18,4.69,99.4,48.5,52.38,8.18
283,41.59,24.44,25.18,4.7,99.02,48.5,52.38,8.18
284,41.59,24.4,25.18,4.69,99.4,48.5,52.38,8.2
285,41.59,24.44,25.18,4.69,99.02,48.5,52.38,8.2
286,41.59,24.4,25.18,4.7,99.4,48.5,52.51,8.2
287,41.59,24.44,25.18,4.7,99.4,48.5,52.38,8.2
288,41.59,24.4,25.18,4.69,99.4,48.5,52.38,8.21
289,41.68,24.4,25.18,4.69,99.4,48.5,52.38,8.21
290,41.68,24.44,25.21,4.69,99.4,48.5,52.51,8.22
291,41.77,24.44,25.25,4.7,99.4,48.61,52.51,8.21
292,41.77,24.48,25.25,4.7,99.4,48.5,52.51,8.22
293,41.77,24.48,25.25,4.7,99.79,48.61,52.64,8.22
294,41.85,24.48,25.3,4.7,99.79,48.61,52.64,8.22
295,41.77,24.52,25.3,4.7,99.79,48.61,52.64,8.23
296,41.85,24.48,25.34,4.7,99.79,48.61,52.64,8.23
297,41.85,24.48,25.34,4.7,99.79,48.72,52.64,8.24
298,41.94,24.52,25.34,4.7,99.79,48.61,52.76,8.24
299,41.94,24.52,25.34,4.7,99.79,48.61,52.64,8.23
300,41.94,24.52,25.38,4.7,99.79,48.72,52.76,8.24
301,41.94,24.48,25.38,4.7,99.79,48.61,52.64,8.24
302,41.94,24.52,25.38,4.71,99.79,48.72,52.64,8.24
303,41.85,24.52,25.34,4.7,99.79,48.72,52.76,8.25
304,41.85,24.52,25.38,4.71,100.18,48.61,52.76,8.25
305,41.85,24.52,25.38,4.71,100.18,48.72,52.76,8.26
306,41.85,24.56,25.38,4.71,100.18,48.72,52.76,8.25
307,41.85,24.59,25.38,4.72,99.79,48.83,52.76,8.26
308,41.85,24.56,25.38,4.71,100.18,48.72,52.76,8.27
309,41.85,24.56,25.34,4.72,100.18,48.83,52.76,8.26
310,41.85,24.56,25.34,4.71,99.79,48.72,52.76,8.26
311,41.85,24.52,25.34,4.71,99.79,48.72,52.76,8.26
312,41.85,24.56,25.34,4.7,99.79,48.61,52.76,8.26
313,41.85,24.52,25.34,4.72,99.79,48.72,52.76,8.26
314,41.94,24.52,25.34,4.71,99.79,48.72,52.76,8.26
315,41.94,24.56,25.38,4.72,100.18,48.83,52.76,8.27
316,41.94,24.56,25.38,4.72,99.79,48.83,52.76,8.26
317,42.03,24.59,25.38,4.72,100.18,48.83,52.76,8.27
318,41.94,24.59,25.38,4.72,99.79,48.72,52.89,8.27
319,42.03,24.59,25.46,4.72,99.79,48.83,52.76,8.28
320,42.03,24.59,25.46,4.72,100.18,48.83,52.89,8.28
321,42.03,24.56,25.42,4.72,100.18,48.83,52.76,8.27
322,41.94,24.59,25.42,4.72,100.18,48.72,52.89,8.27
323,42.03,24.56,25.42,4.72,100.18,48.72,52.89,8.27
324,41.94,24.59,25.38,4.72,100.18,48.61,52.89,8.27
325,42.03,24.56,25.42,4.71,100.18,48.72,52.76,8.27
326,41.94,24.56,25.42,4.72,100.18,48.72,52.76,8.27
327,41.94,24.56,25.42,4.72,99.79,48.83,52.76,8.27
328,42.03,24.52,25.42,4.72,100.18,48.72,52.76,8.27
329,41.94,24.56,25.38,4.71,100.18,48.72,52.76,8.27
330,41.94,24.56,25.38,4.71,100.18,48.72,52.76,8.27
331,41.85,24.52,25.38,4.72,100.18,48.83,52.76,8.27
332,41.85,24.56,25.34,4.72,99.79,48.72,52.76,8.28
333,41.94,24.56,25.34,4.72,99.79,48.72,52.76,8.28
334,41.85,24.56,25.38,4.72,99.79,48.72,52.76,8.28
335,41.94,24.56,25.34,4.72,100.18,48.83,52.76,8.27
336,41.94,24.56,25.38,4.72,100.18,48.83,52.89,8.28
337,41.94,24.56,25.38,4.72,99.79,48.72,52.76,8.27
338,41.94,24.56,25.38,4.72,99.79,48.83,52.76,8.27
339,41.94,24.56,25.38,4.71,99.79,48.72,52.76,8.27
340,41.94,24.56,25.38,4.72,99.79,48.72,52.76,8.27
341,41.85,24.56,25.34,4.72,99.79,48.72,52.76,8.27
342,41.85,24.56,25.3,4.72,99.79,48.61,52.64,8.27
343,41.85,24.52,25.3,4.72,99.79,48.61,52.64,8.27
344,41.85,24.52,25.25,4.72,99.79,48.72,52.64,8.26
345,41.77,24.52,25.25,4.71,99.4,48.61,52.76,8.27
346,41.77,24.52,25.25,4.72,99.4,48.83,52.64,8.27
347,41.68,24.56,25.25,4.72,99.4,48.72,52.64,8.26
348,41.68,24.52,25.21,4.72,99.4,48.61,52.64,8.27
349,41.68,24.52,25.21,4.72,99.4,48.72,52.51,8.27
350,41.77,24.52,25.18,4.71,99.4,48.61,52.51,8.27
351,41.77,24.52,25.21,4.71,99.4,48.61,52.51,8.27
352,41.68,24.52,25.21,4.71,99.4,48.61,52.51,8.26
353,41.77,24.52,25.18,4.72,99.02,48.61,52.51,8.26
354,41.68,24.52,25.21,4.72,99.4,48.72,52.76,8.26
355,41.77,24.48,25.25,4.71,99.4,48.61,52.51,8.26
356,41.77,24.52,25.25,4.72,99.79,48.72,52.51,8.26
357,41.77,24.48,25.25,4.72,99.4,48.61,52.51,8.26
358,41.77,24.48,25.25,4.71,99.79,48.61,52.64,8.26
359,41.85,24.52,25.25,4.71,99.4,48.61,52.51,8.26
360,41.85,24.52,25.3,4.72,99.4,48.61,52.64,8.26
361,41.85,24.52,25.3,4.71,99.79,48.61,52.64,8.26
362,41.94,24.56,25.34,4.72,99.79,48.72,52.64,8.26
363,41.85,24.56,25.34,4.71,99.79,48.72,52.89,8.26
364,41.77,24.56,25.34,4.72,99.79,48.72,52.76,8.26
365,41.77,24.52,25.34,4.71,99.79,48.72,52.64,8.25
366,41.77,24.48,25.3,4.71,99.79,48.61,52.64,8.26
367,41.77,24.52,25.3,4.71,99.4,48.61,52.51,8.25
368,41.77,24.52,25.25,4.71,99.4,48.5,52.64,8.26
369,41.77,24.52,25.3,4.71,99.4,48.61,52.64,8.26
370,41.68,24.52,25.25,4.71,99.79,48.61,52.64,8.25
371,41.68,24.56,25.25,4.72,99.4,48.61,52.51,8.25
372,41.68,24.52,25.21,4.72,99.4,48.61,52.64,8.26
373,41.68,24.52,25.21,4.72,99.4,48.61,52.64,8.26
374,41.59,24.48,25.21,4.71,99.4,48.61,52.64,8.25
375,41.59,24.48,25.18,4.72,99.79,48.5,52.51,8.26
376,41.59,24.48,25.21,4.72,99.4,48.5,52.38,8.24
377,41.51,24.48,25.18,4.71,99.4,48.5,52.38,8.26
378,41.51,24.52,25.21,4.71,99.4,48.61,52.51,8.24
379,41.59,24.52,25.21,4.71,99.4,48.61,52.51,8.25
380,41.59,24.52,25.21,4.72,99.4,48.61,52.51,8.25
381,41.68,24.52,25.21,4.71,99.4,48.5,52.51,8.25
382,41.68,24.52,25.21,4.71,99.4,48.61,52.51,8.25
383,41.59,24.52,25.21,4.71,99.4,48.61,52.38,8.25
384,41.59,24.48,25.21,4.71,99.4,48.61,52.38,8.24
385,41.59,24.48,25.21,4.72,99.4,48.61,52.51,8.25
386,41.59,24.52,25.25,4.72,99.4,48.61,52.51,8.25
387,41.68,24.52,25.25,4.71,99.4,48.72,52.51,8.26
388,41.77,24.56,25.25,4.71,99.4,48.61,52.51,8.25
389,41.77,24.56,25.25,4.71,99.79,48.72,52.64,8.25
390,41.77,24.52,25.25,4.71,99.4,48.61,52.64,8.26
391,41.77,24.52,25.3,4.72,99.4,48.61,52.51,8.24
392,41.77,24.56,25.25,4.72,99.79,48.61,52.51,8.25
393,41.68,24.52,25.25,4.71,99.4,48.5,52.51,8.25
394,41.77,24.52,25.21,4.72,99.4,48.61,52.51,8.24
395,41.68,24.52,25.21,4.71,99.4,48.5,52.38,8.24
396,41.77,24.52,25.25,4.72,99.4,48.61,52.38,8.24
397,41.68,24.52,25.25,4.72,99.4,48.61,52.51,8.24
398,41.85,24.52,25.21,4.72,99.4,48.61,52.51,8.25
399,41.77,24.56,25.25,4.72,99.4,48.5,52.51,8.24
400,41.77,24.56,25.25,4.71,99.4,48.61,52.64,8.24
401,41.68,24.59,25.25,4.72,99.79,48.61,52.64,8.25
402,41.68,24.52,25.25,4.72,99.4,48.61,52.64,8.25
403,41.77,24.56,25.3,4.72,99.79,48.61,52.51,8.26
404,41.77,24.59,25.3,4.72,99.79,48.83,52.64,8.25
405,41.85,24.59,25.3,4.72,99.79,48.72,52.76,8.26
406,41.77,24.63,25.34,4.72,99.79,48.72,52.76,8.26
407,41.77,24.59,25.34,4.72,99.79,48.83,52.76,8.26
408,41.77,24.63,25.34,4.72,99.79,48.83,52.76,8.26
409,41.85,24.59,25.34,4.72,99.79,48.83,52.76,8.26
410,41.85,24.59,25.34,4.73,99.79,48.83,52.76,8.26
411,41.77,24.59,25.34,4.72,99.79,48.83,52.76,8.26
412,41.85,24.59,25.34,4.72,99.79,48.72,52.76,8.25
413,41.85,24.59,25.34,4.72,99.79,48.83,52.76,8.25
414,41.85,24.59,25.34,4.72,99.79,48.72,52.76,8.26
415,41.85,24.63,25.34,4.72,99.79,48.72,52.76,8.26
416,41.85,24.59,25.34,4.72,100.18,48.83,52.64,8.25
417,41.85,24.59,25.38,4.73,99.79,48.72,52.76,8.25
418,41.85,24.59,25.34,4.72,99.79,48.83,52.76,8.25
419,41.85,24.59,25.38,4.73,99.79,48.83,52.76,8.25
420,41.85,24.59,25.34,4.72,99.79,48.83,52.76,8.25
421,41.85,24.59,25.34,4.73,99.79,48.83,52.76,8.25
422,41.77,24.59,25.34,4.73,99.79,48.72,52.76,8.25
423,41.85,24.59,25.34,4.72,99.79,48.72,52.76,8.25
424,41.85,24.59,25.34,4.72,99.79,48.72,52.76,8.25
425,41.85,24.59,25.34,4.72,99.79,48.72,52.76,8.25
426,41.77,24.59,25.34,4.72,99.79,48.72,52.64,8.24
427,41.85,24.56,25.3,4.72,99.79,48.61,52.64,8.23
428,41.77,24.56,25.3,4.72,99.79,48.61,52.51,8.24
429,41.77,24.52,25.3,4.72,99.79,48.61,52.51,8.23
430,41.77,24.52,25.3,4.72,99.79,48.61,52.51,8.23
431,41.77,24.52,25.3,4.72,99.4,48.5,52.51,8.23
432,41.77,24.52,25.3,4.72,99.4,48.5,52.51,8.22
433,41.85,24.52,25.3,4.71,99.79,48.61,52.51,8.22
434,41.85,24.56,25.3,4.71,99.79,48.61,52.51,8.23
435,41.85,24.56,25.34,4.71,99.79,48.72,52.64,8.22
436,41.85,24.56,25.34,4.72,99.79,48.61,52.64,8.22
437,41.85,24.56,25.3,4.71,99.79,48.72,52.64,8.23
438,41.85,24.59,25.3,4.72,99.79,48.72,52.64,8.23
439,41.68,24.59,25.34,4.72,99.79,48.83,52.64,8.23
440,41.85,24.63,25.34,4.72,100.18,48.72,52.76,8.23
441,41.85,24.59,25.38,4.73,99.79,48.72,52.76,8.23
442,41.85,24.59,25.34,4.72,99.79,48.83,52.76,8.23
443,41.85,24.63,25.34,4.72,99.79,48.72,52.89,8.23
444,41.94,24.63,25.34,4.72,99.79,48.72,52.76,8.23
445,41.85,24.59,25.38,4.72,99.79,48.83,52.76,8.22
446,41.85,24.59,25.34,4.72,99.79,48.72,52.76,8.23
447,41.85,24.63,25.34,4.72,99.79,48.83,52.76,8.23
448,41.77,24.59,25.34,4.72,100.18,48.72,52.76,8.23
449,41.85,24.63,25.3,4.72,99.79,48.83,52.76,8.24
450,41.85,24.63,25.34,4.72,99.79,48.83,52.76,8.24
451,41.77,24.63,25.34,4.72,99.79,48.83,52.64,8.23
452,41.77,24.63,25.34,4.73,99.79,48.83,52.76,8.24
453,41.85,24.63,25.34,4.72,99.79,48.83,52.76,8.22
454,41.85,24.59,25.34,4.72,99.79,48.83,52.76,8.22
455,41.85,24.59,25.34,4.73,99.79,48.72,52.64,8.23
456,41.85,24.63,25.34,4.72,99.79,48.72,52.64,8.22
457,41.85,24.63,25.3,4.72,99.79,48.72,52.76,8.23
458,41.85,24.63,25.34,4.72,99.79,48.83,52.76,8.22
459,41.77,24.59,25.3,4.72,99.79,48.72,52.64,8.22
460,41.77,24.59,25.3,4.72,99.4,48.61,52.64,8.22
461,41.77,24.59,25.3,4.72,99.4,48.72,52.64,8.22
462,41.77,24.59,25.25,4.72,99.4,48.72,52.64,8.22
463,41.77,24.59,25.34,4.72,99.79,48.83,52.64,8.22
464,41.77,24.59,25.34,4.72,99.79,48.72,52.64,8.21
465,41.85,24.63,25.34,4.72,99.79,48.83,52.76,8.22
466,41.85,24.63,25.34,4.72,99.79,48.83,52.64,8.22
467,41.85,24.63,25.34,4.72,99.79,48.83,52.76,8.21
468,41.85,24.59,25.34,4.72,99.79,48.72,52.76,8.21
469,41.85,24.59,25.34,4.72,99.79,48.83,52.64,8.21
470,41.85,24.59,25.34,4.72,99.79,48.72,52.64,8.21
471,41.77,24.59,25.34,4.72,99.79,48.72,52.64,8.21
472,41.85,24.59,25.3,4.72,99.79,48.72,52.64,8.21
473,41.77,24.56,25.3,4.72,99.4,48.61,52.38,8.2
474,41.77,24.56,25.25,4.72,99.4,48.72,52.51,8.2
475,41.68,24.52,25.25,4.72,99.4,48.61,52.38,8.18
476,41.68,24.56,25.25,4.72,99.4,48.72,52.51,8.2
477,41.68,24.56,25.25,4.71,99.4,48.72,52.38,8.2
478,41.77,24.52,25.25,4.72,99.79,48.72,52.51,8.18
479,41.59,24.59,25.25,4.72,99.4,48.72,52.51,8.18
480,41.68,24.56,25.25,4.72,99.4,48.61,52.64,8.2
481,41.68,24.56,25.25,4.72,99.4,48.61,52.51,8.18
482,41.77,24.59,25.21,4.72,99.4,48.61,52.51,8.18
483,41.77,24.56,25.21,4.72,99.4,48.72,52.38,8.18
484,41.68,24.52,25.21,4.72,99.4,48.61,52.38,8.18
485,41.68,24.56,25.25,4.72,99.4,48.61,52.51,8.18
486,41.68,24.56,25.25,4.71,99.4,48.61,52.51,8.17
487,41.77,24.56,25.25,4.71,99.4,48.61,52.51,8.17
488,41.77,24.56,25.25,4.71,99.4,48.61,52.51,8.17
489,41.77,24.56,25.25,4.71,99.4,48.61,52.38,8.17
490,41.77,24.56,25.25,4.71,99.4,48.61,52.51,8.17
491,41.77,24.52,25.3,4.7,99.4,48.61,52.51,8.17
492,41.77,24.52,25.25,4.71,99.4,48.61,52.51,8.17
493,41.77,24.52,25.25,4.71,99.4,48.61,52.38,8.16
494,41.77,24.48,25.25,4.71,99.4,48.5,52.51,8.17
495,41.77,24.56,25.25,4.71,99.4,48.61,52.51,8.16
496,41.77,24.56,25.25,4.71,99.4,48.61,52.51,8.16
497,41.77,24.59,25.3,4.71,99.4,48.61,52.51,8.16
498,41.77,24.56,25.3,4.71,99.4,48.61,52.51,8.16
499,41.85,24.59,25.34,4.71,99.79,48.61,52.64,8.16
500,41.77,24.56,25.34,4.71,99.79,48.72,52.51,8.16
501,41.85,24.59,25.34,4.7,99.79,48.5,52.64,8.17
502,41.85,24.56,25.34,4.71,99.79,48.61,52.64,8.17
503,41.85,24.59,25.34,4.71,99.79,48.72,52.64,8.16
504,41.94,24.63,25.38,4.72,99.79,48.72,52.64,8.16
505,41.85,24.63,25.38,4.71,99.79,48.72,52.76,8.17
506,41.94,24.59,25.38,4.71,99.79,48.72,52.76,8.16
507,41.85,24.67,25.38,4.71,100.18,48.83,52.76,8.16
508,41.85,24.67,25.34,4.71,99.79,48.72,52.76,8.16
509,41.77,24.63,25.34,4.71,99.79,48.83,52.76,8.17
510,41.77,24.63,25.3,4.71,99.79,48.72,52.76,8.16
511,41.68,24.59,25.25,4.71,99.4,48.83,52.64,8.15
512,41.68,24.59,25.3,4.71,99.4,48.72,52.64,8.16
513,41.59,24.59,25.25,4.71,99.4,48.61,52.51,8.15
514,41.68,24.59,25.25,4.71,99.4,48.72,52.51,8.15
515,41.68,24.59,25.25,4.71,99.4,48.72,52.64,8.16
516,41.68,24.67,25.25,4.72,99.4,48.83,52.64,8.16
517,41.68,24.67,25.25,4.71,99.4,48.72,52.51,8.16
518,41.77,24.67,25.3,4.71,99.79,48.72,52.76,8.16
519,41.77,24.67,25.3,4.72,100.18,48.83,52.76,8.17
520,41.68,24.67,25.3,4.71,99.4,48.83,52.64,8.16
521,41.68,24.59,25.25,4.71,99.79,48.72,52.64,8.16
522,41.68,24.63,25.25,4.72,99.4,48.72,52.64,8.17
523,41.68,24.59,25.25,4.72,99.79,48.83,52.64,8.16
524,41.68,24.63,25.25,4.71,99.4,48.61,52.64,8.15
525,41.68,24.63,25.25,4.72,99.4,48.72,52.51,8.16
526,41.59,24.63,25.21,4.72,99.4,48.72,52.38,8.15
527,41.68,24.63,25.21,4.72,99.79,48.72,52.51,8.16
528,41.59,24.56,25.18,4.72,99.4,48.72,52.38,8.15
529,41.59,24.56,25.18,4.71,99.02,48.61,52.38,8.15
530,41.51,24.59,25.18,4.71,99.02,48.5,52.26,8.14
531,41.51,24.56,25.14,4.71,99.02,48.61,52.26,8.14
532,41.59,24.56,25.14,4.72,99.02,48.61,52.38,8.14
533,41.59,24.59,25.14,4.71,99.02,48.61,52.38,8.14
534,41.59,24.59,25.14,4.71,99.02,48.72,52.38,8.14
535,41.59,24.59,25.14,4.71,99.02,48.61,52.38,8.14
536,41.59,24.59,25.14,4.71,99.02,48.72,52.26,8.14
537,41.59,24.59,25.18,4.72,99.02,48.61,52.38,8.14
538,41.68,24.59,25.18,4.72,99.02,48.61,52.38,8.14
539,41.68,24.56,25.18,4.71,99.02,48.61,52.38,8.14
540,41.68,24.59,25.18,4.7,99.02,48.61,52.38,8.14
541,41.68,24.59,25.18,4.71,99.02,48.61,52.38,8.14
542,41.68,24.63,25.21,4.72,99.4,48.61,52.51,8.13
543,41.68,24.59,25.21,4.71,99.4,48.72,52.51,8.13
544,41.68,24.59,25.21,4.71,99.4,48.72,52.51,8.14
545,41.59,24.59,25.21,4.71,99.02,48.61,52.51,8.14
546,41.59,24.59,25.21,4.71,99.4,48.72,52.38,8.14
547,41.68,24.59,25.21,4.72,99.4,48.61,52.51,8.13
548,41.77,24.59,25.25,4.71,99.4,48.5,52.64,8.13
549,41.68,24.59,25.21,4.71,99.4,48.61,52.51,8.13
550,41.68,24.63,25.21,4.72,99.4,48.61,52.51,8.13
551,41.77,24.59,25.25,4.71,99.02,48.61,52.51,8.13
552,41.77,24.59,25.3,4.72,99.4,48.83,52.64,8.14
553,41.77,24.59,25.25,4.71,99.79,48.61,52.51,8.14
554,41.77,24.63,25.25,4.71,99.4,48.72,52.64,8.13
555,41.77,24.63,25.3,4.71,99.79,48.61,52.51,8.13
556,41.77,24.63,25.3,4.72,99.4,48.72,52.64,8.13
557,41.77,24.63,25.3,4.72,99.79,48.61,52.64,8.13
558,41.77,24.59,25.3,4.71,99.79,48.61,52.51,8.13
559,41.85,24.59,25.34,4.71,99.4,48.72,52.64,8.13
560,41.77,24.59,25.3,4.7,99.79,48.61,52.64,8.14
561,41.85,24.59,25.3,4.71,99.79,48.72,52.51,8.12
562,41.85,24.59,25.34,4.71,99.79,48.72,52.64,8.13
563,41.85,24.63,25.34,4.71,99.79,48.72,52.64,8.12
564,41.85,24.63,25.34,4.71,99.79,48.61,52.76,8.13
565,41.94,24.67,25.34,4.71,99.79,48.72,52.76,8.13
566,41.94,24.63,25.34,4.71,99.79,48.61,52.76,8.13
567,41.85,24.67,25.34,4.71,99.79,48.72,52.76,8.13
568,41.94,24.63,25.38,4.72,99.79,48.72,52.76,8.13
569,41.85,24.67,25.38,4.72,99.79,48.83,52.76,8.13
570,41.94,24.67,25.38,4.72,100.18,48.72,52.76,8.14
571,41.85,24.67,25.42,4.71,100.18,48.83,52.76,8.14
572,41.94,24.67,25.38,4.71,99.79,48.72,52.76,8.13
573,41.94,24.67,25.38,4.72,99.79,48.72,52.76,8.14
574,41.94,24.67,25.38,4.71,99.79,48.72,52.76,8.13
575,41.85,24.67,25.34,4.71,99.79,48.72,52.76,8.13
576,41.77,24.63,25.34,4.72,99.79,48.72,52.76,8.13
577,41.85,24.63,25.34,4.7,99.79,48.61,52.76,8.13
578,41.85,24.63,25.34,4.71,99.79,48.72,52.76,8.13
579,41.85,24.67,25.34,4.72,99.79,48.72,52.89,8.13
580,41.77,24.67,25.34,4.72,99.79,48.72,52.64,8.13
581,41.77,24.67,25.3,4.71,99.4,48.61,52.76,8.12
582,41.68,24.63,25.3,4.71,99.79,48.61,52.64,8.13
583,41.77,24.59,25.25,4.71,99.4,48.61,52.64,8.13
584,41.68,24.63,25.25,4.71,99.4,48.61,52.64,8.13
585,41.68,24.63,25.25,4.71,99.4,48.72,52.64,8.13
586,41.68,24.67,25.25,4.71,99.4,48.72,52.64,8.12
587,41.68,24.63,25.25,4.71,99.4,48.72,52.51,8.12
588,41.68,24.59,25.25,4.7,99.4,48.61,52.51,8.12
589,41.68,24.59,25.21,4.71,99.4,48.61,52.51,8.12
590,41.59,24.59,25.21,4.72,99.02,48.61,52.51,8.12
591,41.59,24.59,25.21,4.7,99.4,48.61,52.51,8.12
592,41.59,24.59,25.21,4.7,99.4,48.5,52.51,8.12
593,41.59,24.63,25.25,4.71,99.4,48.61,52.51,8.12
594,41.68,24.63,25.21,4.71,99.4,48.61,52.51,8.12
595,41.59,24.63,25.25,4.71,99.4,48.61,52.51,8.12
596,41.59,24.59,25.21,4.71,99.02,48.61,52.38,8.11
597,41.59,24.59,25.21,4.7,99.4,48.61,52.38,8.12
598,41.68,24.59,25.18,4.71,99.4,48.61,52.38,8.12
599,41.68,24.59,25.25,4.71,99.4,48.5,52.38,8.11
