0,43.92,25.91,24.94,2.8,106.37,53.77,55.4,5.87
1,43.92,25.91,24.94,2.79,106.37,53.9,55.54,5.87
2,43.92,25.87,24.98,2.8,106.37,53.9,55.54,5.87
3,44.02,25.87,24.98,2.8,106.37,53.9,55.54,5.87
4,44.02,25.87,24.98,2.8,106.37,54.03,55.54,5.88
5,44.02,25.87,24.98,2.8,106.37,53.9,55.4,5.88
6,44.02,25.87,24.98,2.8,106.81,53.77,55.54,5.88
7,44.02,25.87,24.98,2.8,106.37,53.77,55.54,5.88
8,44.02,25.87,24.98,2.8,106.37,53.9,55.67,5.88
9,43.92,25.91,24.98,2.8,106.37,53.9,55.54,5.89
10,43.92,25.87,24.98,2.8,106.37,53.9,55.54,5.88
11,43.92,25.91,24.98,2.8,106.37,53.77,55.54,5.88
12,43.92,25.87,24.98,2.8,106.37,53.9,55.54,5.89
13,43.92,25.91,24.98,2.8,106.37,53.9,55.54,5.89
14,43.92,25.91,24.98,2.8,106.37,53.9,55.4,5.9
15,44.02,25.91,25.02,2.8,106.81,54.03,55.67,5.89
16,44.02,25.95,25.02,2.8,106.81,53.9,55.67,5.9
17,44.02,25.91,25.02,2.8,106.81,53.9,55.67,5.9
18,44.02,25.91,25.02,2.8,106.37,53.9,55.67,5.89
19,44.02,25.91,24.98,2.8,106.81,54.03,55.54,5.91
20,44.02,25.95,24.98,2.81,106.81,53.9,55.67,5.9
21,44.02,25.91,24.98,2.8,106.37,53.9,55.54,5.91
22,44.02,25.91,24.98,2.81,106.37,54.03,55.67,5.91
23,44.02,25.91,24.98,2.8,106.81,53.9,55.54,5.9
24,44.11,25.95,24.98,2.8,106.37,54.03,55.54,5.91
25,44.02,25.91,25.02,2.8,106.81,53.9,55.67,5.91
26,44.02,25.87,24.98,2.81,106.81,53.9,55.54,5.91
27,44.02,25.87,24.98,2.81,106.37,53.77,55.54,5.91
28,44.02,25.87,24.94,2.8,106.37,53.77,55.54,5.91
29,43.92,25.87,24.94,2.81,106.37,53.77,55.54,5.91
30,44.02,25.87,24.94,2.81,106.37,53.77,55.54,5.91
31,43.92,25.87,24.94,2.8,106.37,53.77,55.54,5.91
32,44.02,25.87,24.94,2.8,106.37,53.77,55.54,5.91
33,44.02,25.87,24.94,2.8,106.37,53.9,55.54,5.91
34,44.02,25.91,24.98,2.8,106.37,53.9,55.54,5.91
35,44.02,25.87,24.98,2.8,106.37,53.9,55.67,5.91
36,44.02,25.87,25.02,2.8,106.81,53.77,55.54,5.91
37,44.02,25.91,24.98,2.8,106.81,53.77,55.54,5.91
38,44.02,25.87,25.02,2.8,106.37,53.77,55.54,5.92
39,44.02,25.83,25.02,2.81,106.81,53.64,55.54,5.91
40,44.11,25.87,25.02,2.8,106.37,53.77,55.54,5.91
41,44.11,25.87,25.06,2.8,106.81,53.9,55.67,5.92
42,44.21,25.83,25.06,2.8,106.81,53.9,55.67,5.92
43,44.21,25.87,25.1,2.8,107.25,53.77,55.67,5.92
44,44.21,25.91,25.1,2.81,107.25,53.77,55.67,5.93
45,44.21,25.87,25.1,2.8,107.25,53.77,55.81,5.92
46,44.21,25.91,25.14,2.81,107.25,54.03,55.81,5.92
47,44.21,25.91,25.14,2.81,107.25,53.9,55.81,5.93
48,44.21,25.91,25.14,2.8,107.25,53.9,55.81,5.93
49,44.11,25.91,25.1,2.81,107.25,53.9,55.81,5.94
50,44.11,25.91,25.1,2.81,107.25,54.03,55.67,5.94
51,44.21,25.91,25.1,2.81,107.25,53.9,55.81,5.95
52,44.4,26.0,25.3,2.8,107.69,54.03,55.81,5.95
53,44.68,25.95,25.38,2.8,108.14,54.03,55.95,5.95
54,44.78,25.95,25.46,2.8,108.59,53.9,55.95,5.95
55,44.88,25.95,25.42,2.79,107.69,54.03,53.79,5.81
56,44.49,25.91,24.9,2.75,104.23,54.03,48.96,5.46
57,43.46,25.95,23.76,2.63,92.88,54.03,43.3,4.72
58,42.29,25.91,22.76,2.46,81.65,53.9,40.37,3.98
59,40.92,25.91,21.95,2.23,72.41,54.03,38.49,3.25
60,39.94,25.91,21.41,2.0,67.48,53.9,37.67,2.7
61,39.62,25.91,21.28,1.92,66.34,54.03,37.45,2.53
62,39.22,25.91,21.09,1.78,65.05,53.9,37.31,2.29
63,38.68,25.91,20.94,1.61,64.15,54.03,37.24,1.98
64,38.61,25.87,20.91,1.56,63.98,54.03,37.24,1.92
65,38.46,25.91,20.88,1.48,63.98,54.03,37.24,1.8
66,38.46,25.87,20.84,1.45,63.98,54.03,37.24,1.75
67,38.38,25.87,20.88,1.43,63.8,53.9,37.31,1.71
68,38.38,25.95,20.88,1.38,64.15,54.03,37.38,1.64
69,38.38,25.95,20.91,1.36,64.33,54.03,37.53,1.6
70,38.38,25.95,20.91,1.34,64.51,54.03,37.53,1.58
71,38.38,25.95,20.91,1.32,64.69,54.03,37.53,1.56
72,38.38,26.0,20.91,1.32,64.69,53.9,37.53,1.55
73,38.3,25.95,20.91,1.31,64.69,53.9,37.67,1.53
74,38.38,25.91,20.91,1.3,64.87,53.9,37.6,1.52
75,38.38,25.87,20.91,1.3,65.05,53.9,37.6,1.51
76,38.38,25.91,20.94,1.3,64.87,53.9,37.6,1.51
77,38.38,25.95,20.94,1.3,65.05,53.9,37.67,1.5
78,38.53,25.91,20.94,1.29,65.23,53.9,37.67,1.5
79,38.53,25.95,20.97,1.3,65.05,54.03,37.74,1.49
80,38.53,25.95,20.97,1.29,65.23,54.03,37.74,1.5
81,38.53,25.95,21.0,1.29,65.23,53.9,37.74,1.49
82,38.53,26.0,20.97,1.29,65.41,54.16,37.67,1.49
83,38.61,26.0,21.0,1.29,65.41,54.16,37.67,1.49
84,38.61,26.0,21.0,1.29,65.41,54.03,37.74,1.49
85,38.53,26.0,21.0,1.29,65.41,54.03,37.74,1.49
86,38.53,25.95,21.0,1.3,65.41,54.03,37.67,1.49
87,38.53,25.95,20.97,1.29,65.41,53.9,37.6,1.49
88,38.53,25.91,20.97,1.29,65.23,53.9,37.53,1.49
89,38.53,25.91,20.97,1.29,65.23,53.9,37.6,1.49
90,38.61,25.95,20.97,1.29,65.23,53.9,37.6,1.49
91,38.53,25.91,20.97,1.3,65.23,53.9,37.6,1.49
92,38.53,25.95,20.97,1.3,65.23,53.9,37.6,1.48
93,38.53,25.95,20.97,1.29,65.23,53.9,37.53,1.49
94,38.53,26.0,20.97,1.29,65.23,54.03,37.6,1.48
95,38.61,25.95,20.97,1.3,65.23,54.03,37.6,1.49
96,38.61,25.95,20.97,1.29,65.05,54.03,37.53,1.48
97,38.61,25.95,20.97,1.3,65.23,54.16,37.6,1.48
98,38.53,26.04,21.0,1.3,65.23,54.03,37.6,1.48
99,38.61,26.04,20.97,1.3,65.05,54.16,37.53,1.48
100,38.53,26.04,20.97,1.3,65.23,54.16,37.53,1.48
101,38.53,26.0,20.97,1.3,65.23,53.9,37.53,1.48
102,38.53,25.95,20.97,1.29,65.05,53.9,37.53,1.48
103,38.53,26.0,20.97,1.29,65.05,53.9,37.45,1.48
104,38.53,26.0,20.97,1.3,65.05,53.9,37.53,1.48
105,38.61,25.95,20.97,1.29,64.87,53.9,37.45,1.48
106,38.61,25.95,20.97,1.29,65.05,53.9,37.45,1.47
107,38.61,25.95,20.97,1.29,65.05,53.9,37.45,1.47
108,38.53,25.95,20.97,1.3,64.87,53.9,37.45,1.47
109,38.61,25.95,20.97,1.29,64.87,53.9,37.45,1.47
110,38.53,25.95,20.97,1.28,65.05,53.9,37.45,1.47
111,38.61,25.95,20.97,1.29,64.87,53.77,37.38,1.47
112,38.61,25.91,20.97,1.29,64.87,53.9,37.45,1.47
113,38.61,25.91,20.97,1.29,64.87,53.9,37.45,1.47
114,38.61,25.95,20.97,1.29,64.87,53.9,37.45,1.46
115,38.53,25.95,20.97,1.29,64.87,53.9,37.45,1.46
116,38.68,25.95,21.0,1.28,64.87,53.9,37.45,1.47
117,38.53,25.95,21.0,1.29,64.87,53.9,37.45,1.46
118,38.61,25.95,20.97,1.28,64.87,54.03,37.45,1.46
119,38.61,25.95,20.97,1.29,64.87,53.9,37.45,1.46
120,38.61,25.95,20.97,1.29,64.87,53.9,37.38,1.46
121,38.61,25.91,20.97,1.29,64.69,53.9,37.38,1.46
122,38.61,25.95,20.94,1.28,64.69,53.9,37.38,1.46
123,38.53,25.91,20.94,1.28,64.69,53.9,37.31,1.46
124,38.61,25.91,20.94,1.28,64.69,53.77,37.38,1.46
125,38.53,25.91,20.94,1.28,64.69,53.9,37.38,1.46
126,38.53,25.91,20.94,1.28,64.69,53.9,37.38,1.46
127,38.53,25.91,20.91,1.28,64.69,53.77,37.31,1.46
128,38.53,25.91,20.91,1.28,64.51,53.77,37.31,1.46
129,38.53,25.87,20.91,1.28,64.51,53.77,37.38,1.45
130,38.53,25.87,20.91,1.28,64.51,53.77,37.24,1.46
131,38.61,25.91,20.94,1.28,64.51,53.77,37.31,1.45
132,38.53,25.91,20.94,1.28,64.51,53.9,37.31,1.45
133,38.61,25.91,20.91,1.28,64.51,53.77,37.31,1.46
134,38.61,25.95,20.94,1.28,64.33,53.9,37.24,1.45
135,38.53,25.91,20.91,1.28,64.33,53.9,37.31,1.45
136,38.46,25.95,20.88,1.28,64.33,53.77,37.24,1.45
137,38.53,25.95,20.88,1.28,64.33,53.77,37.24,1.45
138,38.38,25.95,20.88,1.28,64.15,53.77,37.24,1.45
139,38.38,25.91,20.84,1.28,64.15,53.77,37.17,1.45
140,38.38,25.91,20.84,1.28,64.15,53.9,37.17,1.44
141,38.3,25.91,20.84,1.28,64.15,53.77,37.17,1.45
142,38.3,25.91,20.81,1.28,63.98,53.77,37.09,1.44
143,38.3,25.95,20.81,1.27,64.15,53.77,37.09,1.45
144,38.3,25.95,20.81,1.28,63.98,53.77,37.02,1.45
145,38.23,25.95,20.78,1.27,63.98,53.9,37.09,1.44
146,38.3,25.95,20.81,1.27,63.98,53.9,37.09,1.44
147,38.3,25.95,20.81,1.27,63.98,53.9,37.09,1.45
148,38.3,25.95,20.81,1.28,63.98,53.9,37.09,1.45
149,38.3,25.95,20.81,1.27,63.98,53.9,37.09,1.44
150,38.38,25.95,20.84,1.27,63.98,53.77,37.02,1.44
151,38.38,25.95,20.81,1.27,63.98,53.77,37.02,1.44
152,38.38,25.95,20.84,1.28,63.98,53.77,37.02,1.44
153,38.38,25.95,20.81,1.27,63.8,53.9,37.09,1.44
154,38.3,25.91,20.81,1.27,63.98,53.77,37.09,1.44
155,38.46,25.91,20.88,1.28,64.33,53.77,37.6,1.44
156,38.53,25.91,20.97,1.28,65.23,53.77,38.11,1.45
157,38.68,25.91,21.09,1.28,66.34,53.77,38.72,1.46
158,39.07,25.95,21.41,1.3,68.66,53.77,39.89,1.49
159,39.3,25.95,21.6,1.31,70.08,53.9,40.37,1.51
160,39.46,25.95,21.69,1.32,70.91,53.9,40.78,1.52
161,39.7,25.95,21.89,1.33,72.41,53.9,41.45,1.54
162,40.26,25.95,22.25,1.37,75.59,53.77,42.67,1.6
163,40.5,25.91,22.42,1.39,77.28,53.77,43.4,1.63
164,40.75,25.91,22.59,1.42,78.77,53.9,43.95,1.67
165,41.0,25.87,22.73,1.44,79.8,53.77,44.42,1.69
166,41.17,25.91,22.87,1.47,81.11,53.9,45.0,1.73
167,41.34,25.95,22.97,1.48,81.92,53.9,45.29,1.75
168,41.68,26.0,23.18,1.53,83.87,53.9,46.09,1.81
169,41.85,26.0,23.33,1.57,85.6,53.9,46.7,1.86
170,41.94,26.0,23.43,1.59,86.49,53.9,47.12,1.91
171,42.03,26.0,23.47,1.6,86.79,53.9,47.33,1.92
172,42.29,26.0,23.65,1.67,88.64,53.9,48.08,2.0
173,42.38,25.95,23.69,1.68,89.27,53.9,48.08,2.02
174,42.47,25.91,23.8,1.73,90.55,53.77,48.74,2.09
175,42.55,25.87,23.83,1.76,91.2,53.64,48.96,2.15
176,42.64,25.87,23.91,1.79,91.87,53.64,49.3,2.19
177,42.64,25.87,23.95,1.8,92.2,53.64,49.41,2.21
178,42.73,25.87,23.98,1.83,92.54,53.64,49.64,2.25
179,42.82,25.83,24.09,1.87,93.91,53.64,50.1,2.32
180,43.0,25.87,24.09,1.89,94.26,53.64,50.21,2.35
181,43.0,25.83,24.17,1.92,94.97,53.64,50.45,2.41
182,43.09,25.83,24.25,1.98,95.68,53.64,50.8,2.48
183,43.09,25.79,24.25,1.99,96.04,53.51,50.92,2.51
184,43.09,25.83,24.28,2.01,96.04,53.64,51.04,2.55
185,43.09,25.83,24.28,2.04,96.77,53.51,51.16,2.6
186,43.19,25.83,24.32,2.07,97.14,53.51,51.4,2.66
187,43.28,25.79,24.36,2.1,97.51,53.51,51.64,2.71
188,43.28,25.79,24.4,2.12,98.26,53.38,51.77,2.77
189,43.37,25.79,24.43,2.16,98.26,53.51,51.89,2.82
190,43.37,25.83,24.43,2.16,98.64,53.64,52.01,2.85
191,43.46,25.87,24.47,2.19,99.02,53.51,52.26,2.9
192,43.46,25.79,24.51,2.21,99.4,53.51,52.38,2.95
193,43.46,25.79,24.51,2.22,99.4,53.64,52.38,2.97
194,43.55,25.87,24.55,2.24,99.79,53.51,52.51,3.03
195,43.55,25.79,24.59,2.26,100.18,53.51,52.64,3.07
196,43.64,25.79,24.63,2.29,100.57,53.51,52.76,3.13
197,43.64,25.79,24.63,2.31,100.96,53.64,52.89,3.19
198,43.64,25.79,24.66,2.33,100.96,53.64,53.02,3.23
199,43.64,25.79,24.63,2.33,100.96,53.51,52.89,3.24
200,43.55,25.79,24.66,2.35,101.36,53.51,53.14,3.32
201,43.55,25.83,24.66,2.37,101.36,53.51,53.27,3.34
202,43.55,25.79,24.66,2.38,101.76,53.51,53.27,3.38
203,43.64,25.83,24.7,2.39,101.76,53.64,53.27,3.42
204,43.64,25.83,24.7,2.4,102.17,53.64,53.4,3.46
205,43.64,25.87,24.74,2.41,102.17,53.64,53.53,3.49
206,43.74,25.87,24.78,2.43,102.57,53.64,53.66,3.53
207,43.74,25.91,24.78,2.45,102.57,53.77,53.66,3.58
208,43.74,25.87,24.82,2.46,102.57,53.51,53.79,3.61
209,43.74,25.87,24.82,2.46,102.57,53.64,53.66,3.64
210,43.83,25.87,24.78,2.47,102.98,53.77,53.79,3.66
211,43.74,25.87,24.78,2.49,102.98,53.64,53.79,3.71
212,43.74,25.87,24.78,2.48,102.98,53.64,53.92,3.73
213,43.83,25.91,24.78,2.49,102.98,53.77,53.92,3.77
214,43.83,25.87,24.82,2.5,102.98,53.77,53.92,3.79
215,43.83,25.91,24.82,2.52,102.98,53.77,53.92,3.85
216,43.74,25.91,24.82,2.52,103.39,53.77,53.92,3.87
217,43.74,25.91,24.82,2.53,103.39,53.9,54.05,3.9
218,43.74,25.87,24.82,2.54,103.39,53.77,54.05,3.92
219,43.74,25.87,24.78,2.54,103.39,53.77,54.05,3.94
220,43.74,25.87,24.82,2.54,103.39,53.77,54.05,3.98
221,43.64,25.87,24.78,2.55,103.39,53.77,54.05,4.0
222,43.64,25.83,24.78,2.56,103.39,53.77,54.19,4.05
223,43.64,25.91,24.78,2.56,103.81,53.77,54.05,4.07
224,43.64,25.91,24.78,2.58,102.98,53.64,54.05,4.1
225,43.74,25.91,24.78,2.58,103.39,53.77,54.19,4.11
226,43.74,25.91,24.78,2.58,103.81,53.9,54.19,4.15
227,43.74,25.87,24.78,2.58,103.81,53.64,53.92,4.17
228,43.83,25.87,24.82,2.59,103.81,53.64,54.05,4.18
229,43.83,25.91,24.82,2.59,103.81,53.77,54.19,4.22
230,43.83,25.87,24.82,2.6,103.81,53.77,54.19,4.25
231,43.83,25.87,24.82,2.6,103.81,53.77,54.19,4.25
232,43.83,25.83,24.82,2.6,103.81,53.64,54.19,4.28
233,43.83,25.79,24.82,2.61,103.81,53.64,54.19,4.28
234,43.92,25.79,24.82,2.61,103.81,53.51,54.19,4.32
235,43.83,25.83,24.82,2.62,103.81,53.51,54.19,4.33
236,43.83,25.79,24.86,2.62,103.81,53.51,54.19,4.36
237,43.92,25.79,24.86,2.62,104.23,53.51,54.19,4.37
238,43.92,25.79,24.86,2.62,104.23,53.51,54.19,4.4
239,43.92,25.83,24.9,2.63,104.23,53.64,54.32,4.42
240,44.02,25.87,24.9,2.63,104.65,53.51,54.45,4.44
241,44.02,25.83,24.9,2.63,104.23,53.64,54.32,4.45
242,44.02,25.79,24.9,2.63,104.65,53.64,54.59,4.48
243,44.02,25.83,24.94,2.64,104.65,53.51,54.59,4.48
244,44.02,25.83,24.94,2.64,104.65,53.51,54.59,4.5
245,44.02,25.83,24.98,2.64,104.65,53.64,54.59,4.52
246,44.02,25.87,24.94,2.65,104.65,53.64,54.72,4.54
247,44.02,25.87,24.94,2.65,104.65,53.64,54.72,4.54
248,44.02,25.83,24.94,2.65,104.65,53.51,54.59,4.56
249,44.02,25.83,24.94,2.65,104.65,53.64,54.59,4.58
250,44.02,25.83,24.94,2.65,104.65,53.64,54.72,4.6
251,44.02,25.83,24.94,2.65,104.65,53.64,54.59,4.61
252,44.02,25.83,24.94,2.66,104.65,53.51,54.72,4.62
253,44.02,25.83,24.9,2.66,105.07,53.64,54.59,4.65
254,44.02,25.83,24.94,2.66,104.65,53.51,54.72,4.67
255,44.02,25.83,24.94,2.67,105.07,53.64,54.72,4.67
256,44.02,25.83,24.94,2.66,105.07,53.64,54.72,4.69
257,44.02,25.83,24.94,2.67,105.07,53.64,54.72,4.7
258,44.02,25.83,24.94,2.67,105.07,53.64,54.72,4.72
259,44.11,25.83,24.9,2.67,104.65,53.51,54.59,4.72
260,44.02,25.79,24.94,2.67,105.07,53.51,54.72,4.74
261,44.02,25.83,24.98,2.67,105.07,53.51,54.72,4.76
262,44.02,25.79,24.94,2.67,105.07,53.51,54.72,4.77
263,44.02,25.79,24.94,2.68,105.07,53.38,54.72,4.79
264,44.02,25.83,24.94,2.68,105.07,53.51,54.85,4.8
265,44.11,25.83,24.94,2.67,105.07,53.51,54.72,4.81
266,44.11,25.83,24.98,2.68,105.07,53.51,54.85,4.81
267,44.02,25.79,24.94,2.68,105.07,53.51,54.72,4.82
268,44.02,25.79,24.94,2.68,105.07,53.51,54.72,4.83
269,44.02,25.79,24.94,2.68,105.07,53.38,54.72,4.85
270,44.11,25.83,24.94,2.68,105.07,53.51,54.85,4.86
271,44.11,25.83,24.98,2.69,105.07,53.51,54.85,4.87
272,44.11,25.83,24.98,2.69,105.07,53.51,54.72,4.88
273,44.02,25.83,24.98,2.69,105.07,53.51,54.85,4.88
274,44.02,25.83,24.94,2.69,105.07,53.64,54.85,4.91
275,43.92,25.83,24.94,2.69,105.07,53.64,54.85,4.92
276,43.92,25.79,24.94,2.69,105.07,53.51,54.85,4.92
277,43.92,25.83,24.9,2.69,105.07,53.51,54.72,4.93
278,43.92,25.83,24.94,2.7,105.07,53.64,54.85,4.93
279,43.92,25.87,24.94,2.7,105.07,53.64,54.99,4.96
280,43.92,25.87,24.94,2.7,105.07,53.51,54.85,4.96
281,44.02,25.91,24.98,2.7,105.5,53.64,54.99,4.98
282,44.02,25.87,24.98,2.71,105.5,53.77,54.85,4.98
283,43.83,25.91,24.98,2.71,105.07,53.77,54.85,5.0
284,43.92,25.91,24.98,2.71,105.5,53.77,54.99,5.0
285,44.02,25.95,24.94,2.71,105.5,53.77,55.26,5.01
286,44.02,25.95,24.98,2.71,105.5,53.9,54.99,5.02
287,44.11,26.0,24.98,2.71,105.5,53.9,55.13,5.03
288,44.11,26.0,25.02,2.71,105.93,53.9,55.13,5.04
289,44.02,26.0,25.02,2.71,105.5,53.9,55.13,5.05
290,44.11,25.95,25.02,2.71,105.5,53.77,55.13,5.05
291,44.11,25.95,25.02,2.72,105.93,53.77,54.99,5.07
292,44.11,25.95,25.02,2.72,105.5,53.9,54.99,5.08
293,44.11,25.95,25.02,2.72,105.93,53.9,55.13,5.08
294,44.11,25.91,25.02,2.71,105.5,53.77,54.99,5.09
295,44.02,25.95,25.02,2.71,105.5,53.77,54.99,5.1
296,44.02,25.91,24.94,2.72,105.5,53.77,54.99,5.11
297,44.02,25.87,24.98,2.72,105.5,53.64,54.99,5.11
298,44.02,25.91,24.94,2.72,105.5,53.64,54.85,5.11
299,44.02,25.95,24.94,2.72,105.5,53.77,54.99,5.12
300,43.92,25.91,24.98,2.72,105.5,53.77,54.99,5.13
301,43.92,25.95,24.94,2.73,105.07,53.77,54.99,5.14
302,43.92,26.0,24.94,2.72,105.07,53.77,54.99,5.14
303,43.83,25.95,24.9,2.73,105.07,53.77,54.99,5.16
304,43.83,25.91,24.86,2.73,105.07,53.77,54.85,5.17
305,43.83,25.95,24.86,2.73,105.07,53.77,54.85,5.17
306,43.64,25.91,24.82,2.72,104.65,53.9,54.85,5.17
307,43.64,25.87,24.82,2.72,104.65,53.77,54.72,5.18
308,43.64,26.0,24.78,2.73,104.65,53.77,54.72,5.19
309,43.64,25.91,24.78,2.73,104.65,53.77,54.72,5.19
310,43.64,25.91,24.78,2.73,104.65,53.77,54.72,5.2
311,43.64,25.95,24.78,2.73,104.65,53.77,54.72,5.21
312,43.64,25.95,24.82,2.73,104.65,53.77,54.72,5.22
313,43.74,25.95,24.82,2.73,104.65,53.9,54.72,5.22
314,43.83,26.0,24.86,2.73,105.07,53.77,54.85,5.23
315,43.83,26.0,24.9,2.73,105.07,53.77,54.85,5.24
316,43.83,26.0,24.86,2.73,105.07,53.9,54.85,5.24
317,43.83,26.0,24.86,2.73,105.07,53.9,54.72,5.25
318,43.83,25.95,24.86,2.73,105.07,53.77,54.85,5.25
319,43.83,25.95,24.86,2.74,105.07,53.77,54.85,5.25
320,43.83,25.95,24.86,2.73,105.07,53.77,54.85,5.26
321,43.83,25.91,24.86,2.73,105.07,53.9,54.72,5.26
322,43.83,25.95,24.82,2.73,105.07,53.77,54.72,5.26
323,43.83,25.91,24.86,2.73,105.07,53.77,54.99,5.28
324,43.83,25.91,24.86,2.73,105.07,53.9,54.85,5.28
325,43.92,25.95,24.86,2.73,105.07,53.64,54.85,5.28
326,43.92,25.95,24.86,2.73,105.07,53.77,54.85,5.29
327,43.92,25.91,24.9,2.73,105.07,53.77,54.85,5.3
328,44.02,25.91,24.9,2.74,105.5,53.77,54.85,5.3
329,44.02,25.91,24.9,2.74,105.5,53.77,54.85,5.3
330,44.11,25.91,24.9,2.74,105.5,53.77,54.85,5.3
331,44.02,25.91,24.9,2.74,105.07,53.77,54.85,5.31
332,44.02,25.91,24.94,2.74,105.5,53.77,54.99,5.31
333,44.11,25.95,24.94,2.74,105.5,53.64,54.85,5.32
334,44.11,25.91,24.94,2.75,105.5,53.77,54.85,5.32
335,44.02,25.91,24.94,2.74,105.5,53.77,54.99,5.33
336,44.02,25.87,24.94,2.74,105.5,53.77,54.99,5.33
337,44.02,25.91,24.94,2.74,105.5,53.64,54.85,5.34
338,43.92,25.87,24.9,2.74,105.5,53.77,54.85,5.34
339,44.02,25.87,24.94,2.74,105.07,53.51,54.85,5.34
340,43.92,25.87,24.94,2.75,105.5,53.64,54.99,5.34
341,44.02,25.91,24.94,2.74,105.5,53.64,54.99,5.35
342,44.02,25.91,24.94,2.75,105.5,53.77,54.99,5.36
343,44.02,25.91,24.94,2.75,105.5,53.64,54.99,5.36
344,44.02,25.95,24.98,2.75,105.5,53.64,54.99,5.37
345,44.11,25.95,24.98,2.75,105.93,53.64,55.13,5.37
346,44.11,25.95,24.98,2.75,105.5,53.77,55.13,5.37
347,44.11,25.95,25.02,2.75,105.93,53.64,55.13,5.38
348,44.11,25.95,25.02,2.75,105.93,53.77,55.13,5.38
349,44.11,26.0,25.02,2.75,105.93,53.9,55.26,5.39
350,44.11,25.95,25.02,2.75,105.93,53.77,55.13,5.4
351,44.02,25.95,24.98,2.75,105.93,53.77,55.26,5.4
352,44.02,25.95,24.98,2.75,105.93,53.77,55.13,5.4
353,44.02,25.91,24.98,2.75,105.93,53.77,55.13,5.4
354,44.02,25.95,24.98,2.75,105.5,53.77,55.13,5.4
355,44.02,25.95,24.98,2.75,105.93,53.77,55.13,5.41
356,44.02,25.91,24.98,2.75,105.93,53.77,55.13,5.41
357,44.02,25.91,24.98,2.75,105.93,53.64,55.13,5.42
358,44.11,26.0,24.98,2.75,105.93,53.77,55.13,5.42
359,44.21,25.95,25.02,2.75,105.93,53.77,55.26,5.43
360,44.11,25.95,25.02,2.75,105.93,53.9,55.13,5.43
361,44.11,25.95,25.02,2.75,105.93,53.9,55.26,5.43
362,44.02,25.95,25.02,2.75,105.93,53.9,55.13,5.44
363,44.11,25.95,25.02,2.75,105.93,53.77,55.26,5.44
364,44.11,26.0,25.02,2.75,105.93,53.9,55.26,5.44
365,44.02,25.95,24.98,2.75,105.93,53.77,55.26,5.45
366,44.02,25.95,24.98,2.75,105.93,53.77,55.13,5.45
367,44.02,25.91,24.98,2.75,105.93,53.77,55.13,5.45
368,44.02,25.95,24.98,2.75,105.93,53.9,55.13,5.45
369,44.02,25.95,24.98,2.75,105.93,53.77,55.13,5.46
370,44.02,25.95,24.98,2.75,105.93,53.77,55.13,5.46
371,44.02,25.95,24.98,2.75,105.93,53.77,55.13,5.46
372,44.11,25.95,24.98,2.76,105.93,53.9,55.13,5.47
373,44.02,25.95,24.98,2.75,105.5,53.9,55.26,5.48
374,44.02,25.95,25.02,2.76,105.93,53.77,55.26,5.48
375,44.11,26.0,25.02,2.76,105.93,53.77,55.26,5.48
376,44.11,26.0,25.02,2.76,105.93,53.77,55.26,5.49
377,44.11,26.0,25.06,2.76,105.93,53.77,55.13,5.49
378,44.21,26.0,25.06,2.76,105.93,53.9,55.4,5.49
379,44.21,26.04,25.1,2.76,106.37,53.9,55.26,5.5
380,44.3,26.0,25.1,2.77,106.37,53.77,55.4,5.5
381,44.3,26.04,25.1,2.76,106.37,54.03,55.26,5.5
382,44.21,25.95,25.1,2.76,106.37,53.9,55.26,5.5
383,44.21,25.95,25.1,2.76,106.37,53.77,55.26,5.51
384,44.21,25.95,25.06,2.77,106.37,53.77,55.26,5.5
385,44.21,25.95,25.1,2.76,106.37,53.9,55.26,5.51
386,44.21,25.95,25.06,2.76,105.93,53.77,55.13,5.51
387,44.11,25.91,25.06,2.76,106.37,53.77,55.4,5.52
388,44.11,25.91,25.02,2.76,105.93,53.64,55.13,5.51
389,44.11,25.87,25.02,2.76,105.93,53.64,55.13,5.52
390,44.02,25.87,24.98,2.75,105.93,53.51,54.99,5.53
391,44.02,25.87,24.98,2.76,105.93,53.51,54.99,5.52
392,44.02,25.83,24.98,2.76,105.93,53.64,54.99,5.53
393,44.02,25.87,24.94,2.76,105.5,53.51,54.85,5.54
394,43.92,25.87,24.94,2.76,105.93,53.64,55.13,5.54
395,43.92,25.87,24.94,2.76,105.93,53.64,55.13,5.54
396,43.92,25.91,24.94,2.76,105.93,53.64,54.99,5.54
397,44.02,25.91,24.94,2.75,105.93,53.64,54.85,5.54
398,43.92,25.91,24.94,2.77,105.93,53.77,55.13,5.54
399,44.02,25.91,24.94,2.76,105.93,53.64,55.13,5.55
400,43.92,25.95,24.94,2.77,105.93,53.64,55.13,5.55
401,44.02,25.95,24.98,2.77,105.93,53.9,55.26,5.56
402,44.02,26.0,24.98,2.77,105.93,53.77,55.26,5.56
403,44.02,26.0,24.98,2.77,105.93,53.9,55.4,5.57
404,44.02,26.04,24.98,2.77,105.93,53.9,55.26,5.57
405,44.02,26.0,25.02,2.77,105.93,53.9,55.26,5.57
406,44.02,26.0,25.02,2.77,106.37,53.9,55.26,5.57
407,44.02,26.0,25.02,2.77,105.93,53.9,55.4,5.57
408,44.02,26.0,25.02,2.77,105.93,53.77,55.26,5.58
409,44.02,26.0,24.98,2.77,105.93,53.77,55.26,5.58
410,44.02,25.95,25.02,2.77,106.37,53.9,55.26,5.58
411,44.02,26.0,24.98,2.77,105.93,53.9,55.26,5.58
412,44.02,25.95,25.02,2.77,105.93,53.9,55.26,5.59
413,44.11,25.95,25.02,2.77,105.93,53.77,55.13,5.59
414,44.11,25.95,25.02,2.77,105.93,53.77,55.26,5.59
415,44.11,25.95,24.98,2.77,106.37,53.77,55.13,5.59
416,44.11,25.91,25.02,2.77,105.93,53.77,55.13,5.59
417,44.11,25.91,25.02,2.77,105.93,53.77,55.26,5.59
418,44.11,25.91,25.02,2.77,105.93,53.64,55.13,5.6
419,44.11,25.91,25.02,2.77,105.93,53.77,55.4,5.6
420,44.21,25.91,25.02,2.77,106.37,53.64,55.26,5.6
421,44.21,25.91,25.02,2.77,106.37,53.77,55.26,5.6
422,44.11,25.91,25.02,2.77,106.37,53.64,55.26,5.6
423,44.11,25.91,25.02,2.77,106.37,53.64,55.26,5.6
424,44.11,25.91,25.02,2.77,106.37,53.64,55.26,5.61
425,44.11,25.95,25.02,2.77,106.37,53.77,55.26,5.61
426,44.21,25.95,25.06,2.77,106.37,53.64,55.26,5.62
427,44.11,25.91,25.02,2.77,106.37,53.77,55.26,5.62
428,44.11,25.91,25.02,2.77,106.37,53.64,55.26,5.62
429,44.11,25.91,25.02,2.78,106.37,53.64,55.26,5.62
430,44.02,25.87,24.98,2.77,105.93,53.51,55.13,5.62
431,44.02,25.87,24.98,2.77,105.93,53.64,55.13,5.62
432,44.02,25.87,24.98,2.77,105.93,53.51,55.13,5.62
433,44.02,25.87,24.94,2.77,105.93,53.51,55.13,5.63
434,44.02,25.87,24.98,2.77,105.93,53.51,55.13,5.62
435,44.02,25.83,24.98,2.77,105.93,53.51,55.13,5.64
436,44.02,25.87,24.94,2.77,105.93,53.51,55.13,5.63
437,43.92,25.91,24.94,2.78,105.93,53.51,55.13,5.63
438,43.92,25.87,24.94,2.77,105.93,53.64,55.13,5.64
439,44.02,25.91,24.94,2.77,105.93,53.64,55.26,5.64
440,43.92,25.91,24.94,2.77,105.93,53.77,55.26,5.64
441,44.02,25.91,24.98,2.77,106.37,53.77,55.26,5.64
442,43.92,25.91,24.94,2.77,105.93,53.64,55.26,5.64
443,43.92,25.91,24.9,2.77,105.93,53.51,55.13,5.65
444,43.92,25.91,24.9,2.78,105.5,53.64,55.26,5.65
445,43.83,25.87,24.9,2.77,105.5,53.77,55.13,5.65
446,43.92,25.91,24.94,2.78,105.93,53.64,55.13,5.66
447,43.83,25.87,24.9,2.78,105.93,53.51,55.13,5.66
448,43.83,25.91,24.9,2.78,105.93,53.64,54.99,5.66
449,43.83,25.87,24.86,2.77,105.93,53.64,55.13,5.66
450,43.74,25.87,24.86,2.77,105.5,53.51,54.99,5.66
451,43.74,25.87,24.86,2.77,105.5,53.51,54.99,5.66
452,43.64,25.83,24.86,2.77,105.5,53.51,54.99,5.66
453,43.74,25.87,24.82,2.77,105.5,53.38,54.85,5.66
454,43.83,25.83,24.82,2.78,105.5,53.51,54.85,5.66
455,43.74,25.83,24.82,2.78,105.5,53.51,54.85,5.66
456,43.74,25.87,24.82,2.77,105.5,53.38,54.99,5.67
457,43.74,25.87,24.82,2.77,105.5,53.51,54.85,5.67
458,43.83,25.87,24.86,2.78,105.5,53.38,54.85,5.67
459,43.83,25.87,24.9,2.77,105.5,53.51,54.99,5.67
460,43.83,25.83,24.86,2.78,105.5,53.51,54.99,5.67
461,43.83,25.87,24.86,2.78,105.5,53.51,54.85,5.68
462,43.83,25.87,24.86,2.78,105.5,53.64,54.99,5.67
463,43.83,25.87,24.86,2.78,105.5,53.51,55.13,5.68
464,43.92,25.87,24.86,2.77,105.93,53.51,55.13,5.69
465,43.83,25.87,24.86,2.78,105.5,53.51,54.99,5.67
466,43.83,25.83,24.86,2.78,105.5,53.51,54.99,5.68
467,43.83,25.83,24.86,2.78,105.5,53.51,54.99,5.69
468,43.83,25.87,24.86,2.78,105.5,53.51,54.99,5.69
469,43.83,25.83,24.86,2.78,105.5,53.38,54.99,5.69
470,43.83,25.83,24.9,2.78,105.93,53.51,54.99,5.69
471,43.92,25.83,24.9,2.78,105.93,53.38,54.99,5.69
472,43.92,25.83,24.9,2.78,105.93,53.51,54.99,5.7
473,43.92,25.87,24.9,2.78,105.93,53.38,54.99,5.69
474,43.92,25.87,24.94,2.78,105.93,53.51,54.99,5.7
475,44.02,25.87,24.98,2.78,105.93,53.51,55.26,5.7
476,44.02,25.95,24.98,2.78,105.93,53.51,54.99,5.71
477,44.11,25.91,24.98,2.78,105.93,53.64,55.26,5.71
478,44.02,25.95,24.98,2.78,106.37,53.64,55.26,5.71
479,44.11,25.91,25.02,2.78,106.37,53.64,55.4,5.71
480,44.11,25.95,25.02,2.78,106.37,53.64,55.26,5.71
481,44.11,25.91,25.02,2.79,105.93,53.64,55.4,5.71
482,44.11,25.91,25.02,2.78,106.37,53.64,55.26,5.71
483,44.11,25.95,25.02,2.78,106.37,53.77,55.4,5.72
484,44.11,25.95,25.02,2.79,106.37,53.64,55.4,5.72
485,44.11,25.91,25.02,2.79,106.37,53.77,55.4,5.72
486,44.11,25.91,24.98,2.79,106.37,53.64,55.26,5.72
487,44.02,25.91,25.02,2.78,106.37,53.64,55.4,5.73
488,44.02,25.95,24.98,2.79,106.37,53.64,55.26,5.72
489,44.02,25.91,24.98,2.78,106.37,53.77,55.4,5.73
490,44.02,25.95,24.98,2.79,106.37,53.77,55.4,5.73
491,44.02,25.91,24.98,2.78,106.37,53.64,55.26,5.73
492,43.92,25.91,24.94,2.78,105.93,53.51,55.26,5.73
493,43.92,25.87,24.94,2.79,105.93,53.51,55.26,5.73
494,43.92,25.87,24.9,2.78,105.93,53.51,55.13,5.74
495,43.83,25.91,24.94,2.79,105.93,53.51,55.26,5.75
496,43.83,25.95,24.94,2.79,105.93,53.77,55.26,5.75
497,43.92,25.91,24.9,2.79,105.93,53.64,55.26,5.75
498,43.92,25.91,24.94,2.79,105.93,53.64,55.26,5.75
499,43.92,25.95,24.94,2.79,105.93,53.64,55.26,5.75
500,43.83,25.95,24.9,2.79,105.93,53.64,55.4,5.75
501,43.83,25.95,24.9,2.79,105.93,53.77,55.13,5.75
502,43.83,25.95,24.9,2.79,105.93,53.64,55.26,5.75
503,43.83,25.95,24.9,2.79,105.93,53.64,55.26,5.75
504,43.74,25.95,24.9,2.79,105.93,53.64,55.26,5.75
505,43.74,25.95,24.9,2.79,105.93,53.64,55.13,5.75
506,43.74,25.95,24.86,2.79,105.5,53.64,55.13,5.75
507,43.74,25.91,24.86,2.79,105.93,53.64,55.13,5.75
508,43.74,25.91,24.86,2.79,105.93,53.64,55.13,5.76
509,43.83,25.91,24.86,2.79,105.93,53.64,55.13,5.76
510,43.83,25.91,24.86,2.79,105.5,53.64,55.13,5.75
511,43.83,25.91,24.9,2.79,105.93,53.64,54.99,5.76
512,43.92,25.95,24.9,2.8,105.5,53.64,55.13,5.76
513,43.92,25.95,24.9,2.79,105.5,53.64,55.13,5.77
514,43.92,25.95,24.94,2.79,105.93,53.77,55.13,5.76
515,43.92,25.95,24.94,2.79,105.93,53.64,55.26,5.77
516,43.92,26.0,24.94,2.79,105.93,53.64,55.26,5.77
517,44.02,25.95,24.94,2.8,105.93,53.64,55.26,5.77
518,43.92,25.95,24.94,2.79,105.93,53.64,55.26,5.77
519,43.92,25.95,24.94,2.8,106.37,53.64,55.26,5.78
520,44.02,25.95,24.94,2.79,106.37,53.77,55.26,5.78
521,44.02,25.95,24.98,2.8,105.93,53.77,55.26,5.78
522,44.02,25.95,24.98,2.8,106.37,53.77,55.26,5.79
523,44.11,26.0,25.02,2.8,105.93,53.9,55.26,5.78
524,44.11,25.95,24.98,2.8,106.37,53.77,55.26,5.78
525,44.11,25.95,24.98,2.8,105.93,53.77,55.26,5.79
526,44.11,25.95,25.02,2.8,106.37,53.64,55.4,5.79
527,44.11,25.95,25.02,2.8,106.37,53.77,55.26,5.79
528,44.11,25.95,25.02,2.8,106.37,53.77,55.4,5.79
529,44.11,26.0,25.06,2.8,106.37,53.77,55.4,5.79
530,44.21,25.95,25.06,2.8,106.37,53.77,55.4,5.79
531,44.21,25.95,25.1,2.8,106.37,53.9,55.4,5.79
532,44.21,26.0,25.06,2.8,106.81,53.64,55.4,5.79
533,44.21,26.0,25.06,2.8,106.81,53.64,55.54,5.79
534,44.11,25.95,25.06,2.8,106.37,53.77,55.4,5.79
535,44.11,25.95,25.02,2.8,106.81,53.64,55.4,5.79
536,44.11,25.95,25.02,2.8,106.81,53.51,55.4,5.79
537,44.11,25.91,25.02,2.8,106.37,53.64,55.4,5.79
538,44.02,25.91,25.02,2.8,106.37,53.64,55.4,5.79
539,44.02,25.91,24.98,2.8,105.93,53.64,55.4,5.79
540,43.92,25.91,24.94,2.8,105.93,53.51,55.26,5.79
541,43.92,25.91,24.9,2.79,105.93,53.64,55.26,5.79
542,43.83,25.87,24.9,2.8,105.93,53.51,55.26,5.79
543,43.74,25.87,24.9,2.8,105.93,53.64,55.26,5.79
544,43.92,25.91,24.9,2.8,105.93,53.51,55.13,5.79
545,43.92,25.87,24.9,2.79,105.93,53.64,55.13,5.8
546,43.92,25.91,24.94,2.8,105.93,53.51,55.26,5.8
547,44.02,25.87,24.98,2.8,106.37,53.51,55.26,5.8
548,44.02,25.87,24.98,2.8,106.37,53.51,55.26,5.79
549,44.11,25.87,24.98,2.8,106.37,53.51,55.26,5.8
550,44.02,25.87,24.98,2.8,106.37,53.51,55.26,5.8
551,44.02,25.87,24.98,2.8,106.37,53.51,55.13,5.8
552,44.02,25.91,24.98,2.8,105.93,53.51,55.4,5.81
553,44.02,25.87,24.98,2.8,106.37,53.51,55.26,5.8
554,44.02,25.91,24.94,2.8,105.93,53.51,55.26,5.8
555,43.92,25.87,24.94,2.79,105.93,53.64,55.26,5.8
556,43.92,25.87,24.9,2.79,105.93,53.64,55.26,5.81
557,43.92,25.87,24.9,2.8,106.37,53.51,55.13,5.81
558,43.92,25.91,24.94,2.8,105.93,53.51,55.26,5.82
559,43.92,25.87,24.9,2.8,105.93,53.51,55.26,5.81
560,43.92,25.87,24.94,2.8,105.93,53.64,55.26,5.81
561,43.92,25.87,24.9,2.8,105.93,53.51,55.13,5.81
562,43.92,25.87,24.9,2.8,106.37,53.51,55.26,5.81
563,43.92,25.87,24.9,2.8,105.93,53.51,55.13,5.81
564,43.83,25.87,24.9,2.8,105.93,53.51,55.13,5.81
565,43.83,25.83,24.9,2.8,105.93,53.38,55.13,5.81
566,43.92,25.87,24.86,2.8,105.5,53.38,55.13,5.81
567,43.83,25.83,24.86,2.8,105.93,53.38,55.13,5.82
568,43.83,25.83,24.86,2.79,105.93,53.38,55.13,5.82
569,43.83,25.79,24.86,2.79,105.5,53.25,54.99,5.81
570,43.83,25.83,24.86,2.8,105.93,53.25,55.13,5.81
571,43.92,25.83,24.86,2.79,105.93,53.38,55.13,5.82
572,43.83,25.79,24.86,2.8,105.5,53.38,54.99,5.82
573,43.83,25.79,24.86,2.8,105.93,53.25,55.13,5.82
574,43.83,25.83,24.86,2.8,105.93,53.38,55.13,5.82
575,43.83,25.83,24.86,2.8,105.93,53.38,55.13,5.82
576,43.83,25.83,24.9,2.8,105.93,53.51,55.13,5.83
577,43.83,25.87,24.86,2.8,105.93,53.51,55.13,5.83
578,43.92,25.87,24.9,2.8,105.93,53.51,55.13,5.83
579,43.83,25.87,24.86,2.8,105.93,53.51,55.13,5.83
580,43.83,25.87,24.86,2.8,105.93,53.38,55.13,5.83
581,43.83,25.87,24.86,2.8,105.93,53.38,55.13,5.82
582,43.74,25.87,24.9,2.8,105.93,53.64,55.13,5.83
583,43.83,25.87,24.86,2.8,105.93,53.38,55.13,5.83
584,43.83,25.87,24.86,2.8,105.5,53.51,55.26,5.83
585,43.83,25.91,24.9,2.8,105.93,53.51,55.26,5.83
586,43.83,25.87,24.86,2.8,105.93,53.51,55.26,5.83
587,43.83,25.87,24.86,2.8,105.93,53.64,55.13,5.83
588,43.83,25.87,24.86,2.8,105.93,53.38,55.13,5.84
589,43.74,25.87,24.86,2.8,105.5,53.38,55.13,5.83
590,43.64,25.83,24.82,2.8,105.93,53.38,55.13,5.84
591,43.64,25.83,24.86,2.8,105.93,53.51,55.13,5.83
592,43.74,25.87,24.86,2.8,105.5,53.38,54.99,5.84
593,43.64,25.83,24.86,2.8,105.5,53.51,55.13,5.84
594,43.74,25.87,24.86,2.8,105.93,53.64,55.13,5.84
595,43.74,25.87,24.86,2.8,105.93,53.51,55.13,5.85
596,43.74,25.91,24.86,2.8,105.93,53.51,55.13,5.84
597,43.74,25.87,24.86,2.8,105.93,53.51,55.13,5.85
598,43.83,25.91,24.86,2.8,105.93,53.64,55.13,5.85
599,43.74,25.95,24.86,2.8,105.93,53.64,55.13,5.86
