0,40.84,23.99,24.7,4.72,97.51,47.52,51.52,7.74
1,40.84,23.99,24.74,4.72,97.51,47.63,51.77,7.75
2,40.84,23.99,24.7,4.72,97.51,47.74,51.89,7.75
3,40.84,24.03,24.74,4.72,97.51,47.63,51.77,7.75
4,40.84,24.03,24.74,4.72,97.51,47.74,51.89,7.76
5,40.84,24.03,24.74,4.72,97.51,47.63,51.89,7.75
6,40.84,24.03,24.74,4.72,97.51,47.74,51.89,7.75
7,40.84,24.03,24.74,4.72,97.51,47.74,51.89,7.76
8,40.84,24.03,24.78,4.72,97.51,47.74,51.89,7.75
9,40.92,24.03,24.78,4.72,97.51,47.74,52.01,7.76
10,40.92,24.06,24.82,4.72,97.88,47.74,52.01,7.76
11,40.92,24.06,24.82,4.72,97.51,47.74,51.89,7.75
12,40.92,24.06,24.78,4.72,97.51,47.74,51.89,7.76
13,40.92,24.06,24.82,4.72,97.51,47.84,51.89,7.75
14,40.84,24.06,24.78,4.73,97.51,47.84,52.01,7.76
15,40.84,24.06,24.78,4.72,97.51,47.74,51.89,7.76
16,40.84,24.06,24.78,4.73,97.88,47.84,52.01,7.76
17,40.84,24.03,24.78,4.72,97.88,47.84,51.89,7.76
18,40.84,24.06,24.78,4.72,97.88,47.74,51.77,7.75
19,40.84,24.06,24.74,4.72,97.51,47.74,52.01,7.76
20,40.84,24.06,24.78,4.72,97.51,47.74,51.89,7.75
21,40.84,24.06,24.78,4.72,97.88,47.84,51.89,7.75
22,40.84,24.06,24.78,4.72,97.51,47.74,51.89,7.75
23,40.84,24.06,24.78,4.72,97.51,47.84,51.89,7.75
24,40.84,24.06,24.78,4.72,97.88,47.84,51.89,7.75
25,40.84,24.06,24.78,4.73,97.88,47.84,51.89,7.76
26,40.84,24.03,24.74,4.72,97.51,47.74,51.89,7.75
27,40.84,24.06,24.7,4.72,97.51,47.74,51.77,7.76
28,40.75,24.06,24.7,4.72,97.51,47.74,51.77,7.75
29,40.67,24.03,24.66,4.72,97.51,47.74,51.77,7.75
30,40.67,24.03,24.66,4.72,97.14,47.74,51.77,7.74
31,40.59,23.99,24.63,4.72,97.14,47.74,51.64,7.75
32,40.59,23.99,24.59,4.72,96.77,47.63,51.64,7.75
33,40.59,23.99,24.63,4.72,96.77,47.52,51.64,7.74
34,40.59,24.03,24.59,4.72,96.77,47.52,51.64,7.75
35,40.59,24.03,24.63,4.72,96.77,47.74,51.64,7.74
36,40.59,24.03,24.59,4.72,97.14,47.74,51.64,7.75
37,40.59,24.03,24.59,4.72,96.77,47.74,51.64,7.75
38,40.67,24.06,24.63,4.72,97.14,47.74,51.64,7.75
39,40.67,24.03,24.63,4.72,96.77,47.74,51.64,7.75
40,40.59,24.03,24.63,4.72,97.14,47.63,51.77,7.75
41,40.67,24.03,24.63,4.72,97.14,47.74,51.77,7.75
42,40.67,24.03,24.7,4.72,97.14,47.63,51.64,7.74
43,40.75,24.03,24.66,4.72,97.14,47.74,51.64,7.75
44,40.67,24.06,24.66,4.72,97.14,47.63,51.77,7.75
45,40.75,24.03,24.66,4.72,97.14,47.63,51.77,7.75
46,40.75,24.06,24.7,4.72,97.51,47.74,51.77,7.76
47,40.75,24.06,24.66,4.72,97.14,47.84,51.77,7.75
48,40.75,24.06,24.7,4.72,97.51,47.84,51.89,7.75
49,40.75,24.1,24.7,4.72,97.51,47.84,51.77,7.76
50,40.67,24.06,24.66,4.72,97.51,47.74,51.77,7.76
51,40.75,24.1,24.7,4.72,97.51,47.84,51.64,7.76
52,40.84,24.06,24.74,4.72,97.51,47.84,51.64,7.76
53,40.92,24.06,24.86,4.72,97.51,47.74,51.52,7.76
54,41.0,24.06,24.9,4.72,98.26,47.84,51.52,7.76
55,41.17,24.06,25.02,4.73,98.26,47.84,51.52,7.75
56,41.09,24.06,24.82,4.72,97.88,47.84,49.98,7.72
57,40.26,23.8,23.72,4.68,94.97,47.0,43.4,7.61
58,38.38,23.16,21.79,4.57,86.49,44.88,37.38,7.33
59,36.43,22.4,20.3,4.36,77.03,42.13,34.53,6.84
60,36.15,22.3,20.16,4.33,76.31,41.87,34.28,6.77
61,34.82,21.61,19.27,3.99,71.33,39.71,32.82,6.13
62,34.44,21.45,19.0,3.85,70.08,39.01,32.41,5.87
63,34.31,21.38,18.95,3.8,69.67,38.7,32.3,5.77
64,33.75,21.04,18.6,3.58,68.06,37.8,31.67,5.36
65,33.44,20.85,18.42,3.43,67.1,37.37,31.29,5.11
66,33.32,20.76,18.31,3.35,66.72,37.15,31.07,4.96
67,32.96,20.61,18.08,3.17,65.6,36.66,30.64,4.65
68,32.72,20.52,17.96,3.08,65.05,36.38,30.43,4.48
69,32.49,20.37,17.83,2.95,64.33,35.97,30.12,4.25
70,32.43,20.34,17.78,2.92,64.33,35.9,30.06,4.19
71,32.32,20.25,17.71,2.85,63.8,35.77,29.86,4.05
72,32.2,20.16,17.63,2.8,63.63,35.56,29.76,3.95
73,32.09,20.11,17.54,2.71,63.11,35.3,29.5,3.79
74,31.97,20.08,17.49,2.67,62.93,35.23,29.41,3.71
75,31.92,20.02,17.44,2.64,62.59,35.1,29.31,3.62
76,31.86,19.99,17.41,2.61,62.59,34.97,29.26,3.58
77,31.75,19.96,17.37,2.55,62.26,34.91,29.06,3.48
78,31.75,19.93,17.34,2.55,62.26,34.91,29.06,3.45
79,31.69,19.9,17.29,2.51,61.92,34.78,28.96,3.38
80,31.64,19.85,17.27,2.49,61.76,34.65,28.86,3.33
81,31.69,19.85,17.25,2.47,61.76,34.65,28.82,3.29
82,31.64,19.82,17.25,2.45,61.76,34.52,28.77,3.27
83,31.64,19.76,17.22,2.43,61.42,34.46,28.67,3.22
84,31.58,19.79,17.2,2.42,61.42,34.46,28.62,3.19
85,31.58,19.76,17.2,2.42,61.42,34.46,28.62,3.18
86,31.58,19.76,17.17,2.41,61.42,34.39,28.62,3.16
87,31.58,19.76,17.17,2.39,61.26,34.2,28.57,3.13
88,31.58,19.76,17.2,2.39,61.26,34.33,28.57,3.12
89,31.58,19.73,17.17,2.38,61.42,34.33,28.53,3.09
90,31.58,19.76,17.2,2.37,61.42,34.33,28.53,3.08
91,31.58,19.76,17.2,2.37,61.26,34.27,28.53,3.08
92,31.58,19.7,17.17,2.36,61.26,34.2,28.48,3.06
93,31.58,19.73,17.17,2.35,61.26,34.27,28.48,3.04
94,31.58,19.7,17.17,2.35,61.26,34.14,28.48,3.03
95,31.52,19.7,17.17,2.35,61.26,34.2,28.43,3.02
96,31.52,19.7,17.15,2.35,61.26,34.2,28.48,3.01
97,31.52,19.7,17.15,2.34,61.26,34.2,28.43,3.0
98,31.52,19.7,17.15,2.34,61.1,34.08,28.43,3.0
99,31.47,19.7,17.13,2.33,61.1,34.14,28.39,3.0
100,31.41,19.65,17.1,2.33,60.94,34.02,28.34,2.98
101,31.41,19.65,17.06,2.33,60.94,34.02,28.29,2.98
102,31.36,19.65,17.06,2.33,60.94,34.08,28.24,2.97
103,31.36,19.62,17.06,2.33,60.77,34.02,28.24,2.97
104,31.3,19.62,17.03,2.32,60.77,34.02,28.24,2.97
105,31.3,19.62,17.01,2.32,60.61,33.95,28.2,2.96
106,31.3,19.59,17.01,2.32,60.77,33.95,28.2,2.96
107,31.3,19.62,17.01,2.31,60.61,34.02,28.2,2.95
108,31.25,19.62,17.01,2.32,60.61,33.95,28.2,2.95
109,31.3,19.59,17.03,2.32,60.61,34.02,28.15,2.95
110,31.3,19.62,17.03,2.32,60.77,33.95,28.2,2.95
111,31.3,19.65,17.03,2.32,60.61,34.02,28.2,2.95
112,31.36,19.62,17.06,2.31,60.77,34.02,28.2,2.95
113,31.41,19.62,17.06,2.32,60.61,34.02,28.2,2.94
114,31.41,19.65,17.06,2.31,60.77,33.95,28.2,2.94
115,31.41,19.65,17.08,2.32,60.77,34.02,28.24,2.94
116,31.41,19.65,17.08,2.31,60.77,34.02,28.2,2.94
117,31.41,19.62,17.08,2.31,60.77,34.02,28.2,2.93
118,31.41,19.59,17.08,2.31,60.77,34.02,28.24,2.93
119,31.41,19.59,17.08,2.31,60.77,33.89,28.15,2.92
120,31.41,19.59,17.06,2.31,60.77,33.89,28.2,2.92
121,31.41,19.56,17.08,2.31,60.77,33.89,28.2,2.92
122,31.47,19.59,17.08,2.31,60.77,34.02,28.2,2.92
123,31.47,19.59,17.08,2.31,60.77,33.95,28.2,2.92
124,31.47,19.56,17.08,2.3,60.77,33.89,28.2,2.92
125,31.41,19.56,17.06,2.31,60.61,33.89,28.2,2.92
126,31.47,19.56,17.08,2.31,60.77,33.89,28.2,2.92
127,31.41,19.56,17.08,2.3,60.77,33.95,28.2,2.92
128,31.47,19.56,17.08,2.3,60.94,33.83,28.24,2.92
129,31.47,19.56,17.1,2.3,60.77,33.83,28.2,2.91
130,31.52,19.56,17.1,2.3,60.94,33.89,28.2,2.91
131,31.52,19.56,17.13,2.31,60.94,33.83,28.24,2.91
132,31.58,19.54,17.15,2.3,61.1,33.83,28.24,2.92
133,31.58,19.56,17.15,2.3,61.1,33.89,28.24,2.91
134,31.58,19.54,17.13,2.3,61.1,33.83,28.24,2.91
135,31.58,19.54,17.13,2.3,60.94,33.83,28.24,2.91
136,31.52,19.54,17.13,2.3,60.94,33.77,28.24,2.91
137,31.58,19.51,17.08,2.3,60.94,33.83,28.24,2.91
138,31.52,19.51,17.1,2.3,60.77,33.71,28.2,2.91
139,31.52,19.48,17.08,2.3,60.77,33.77,28.2,2.9
140,31.47,19.51,17.08,2.3,60.77,33.77,28.2,2.9
141,31.47,19.51,17.06,2.29,60.77,33.71,28.2,2.9
142,31.47,19.51,17.06,2.29,60.77,33.77,28.2,2.9
143,31.52,19.51,17.08,2.3,60.77,33.77,28.2,2.9
144,31.52,19.51,17.08,2.3,60.77,33.71,28.2,2.9
145,31.41,19.51,17.08,2.3,60.77,33.77,28.2,2.9
146,31.47,19.51,17.08,2.3,60.94,33.71,28.2,2.9
147,31.52,19.54,17.08,2.3,60.77,33.71,28.2,2.9
148,31.52,19.51,17.08,2.29,60.77,33.77,28.2,2.9
149,31.47,19.51,17.06,2.29,60.77,33.71,28.2,2.9
150,31.47,19.48,17.08,2.3,60.77,33.71,28.2,2.89
151,31.41,19.48,17.08,2.29,60.77,33.71,28.2,2.89
152,31.47,19.48,17.06,2.3,60.77,33.71,28.2,2.9
153,31.47,19.51,17.08,2.3,60.77,33.71,28.2,2.89
154,31.47,19.48,17.08,2.3,60.94,33.77,28.15,2.89
155,31.47,19.51,17.1,2.29,60.94,33.77,28.24,2.9
156,31.69,19.59,17.25,2.3,61.42,33.89,28.96,2.9
157,31.92,19.62,17.44,2.31,62.26,34.02,29.76,2.92
158,32.2,19.73,17.68,2.32,63.45,34.2,30.59,2.94
159,32.78,19.99,18.16,2.35,65.78,34.84,31.95,2.98
160,33.14,20.11,18.44,2.38,67.1,35.17,32.64,3.01
161,33.26,20.14,18.55,2.38,67.48,35.36,32.88,3.03
162,33.81,20.37,18.97,2.44,69.46,36.04,34.03,3.09
163,34.37,20.58,19.36,2.48,71.12,36.59,34.92,3.15
164,34.88,20.85,19.75,2.54,72.85,37.3,36.05,3.23
165,35.34,21.04,20.13,2.6,74.43,37.88,36.95,3.29
166,35.54,21.13,20.27,2.63,75.36,38.17,37.38,3.33
167,35.81,21.29,20.48,2.67,76.31,38.47,37.89,3.38
168,36.29,21.51,20.81,2.73,77.77,39.16,38.79,3.48
169,36.64,21.67,21.09,2.79,78.77,39.63,39.49,3.55
170,36.99,21.93,21.41,2.86,80.32,40.27,40.29,3.66
171,37.35,22.0,21.6,2.92,81.38,40.68,40.87,3.73
172,37.64,22.23,21.89,3.0,82.47,41.27,41.71,3.84
173,37.86,22.33,22.09,3.07,83.58,41.78,42.23,3.93
174,38.01,22.43,22.22,3.1,83.87,42.04,42.58,3.99
175,38.3,22.6,22.42,3.18,85.02,42.39,43.21,4.08
176,38.38,22.67,22.52,3.22,85.6,42.84,43.58,4.16
177,38.46,22.74,22.59,3.25,85.89,42.92,43.77,4.19
178,38.68,22.91,22.8,3.33,86.79,43.29,44.42,4.32
179,38.84,22.98,22.87,3.37,87.09,43.56,44.61,4.38
180,39.07,23.09,23.08,3.46,88.32,43.93,45.29,4.52
181,39.07,23.09,23.15,3.48,88.32,43.93,45.39,4.55
182,39.22,23.16,23.25,3.55,88.95,44.22,45.89,4.66
183,39.38,23.26,23.36,3.61,89.9,44.6,46.29,4.77
184,39.46,23.26,23.43,3.65,90.23,44.79,46.5,4.83
185,39.54,23.3,23.51,3.67,90.23,44.88,46.6,4.87
186,39.62,23.37,23.61,3.75,90.88,45.08,47.02,5.0
187,39.7,23.41,23.65,3.78,90.88,45.18,47.12,5.04
188,39.78,23.44,23.72,3.83,91.54,45.37,47.44,5.13
189,39.86,23.48,23.8,3.86,91.87,45.57,47.54,5.2
190,39.78,23.51,23.83,3.9,91.87,45.57,47.76,5.26
191,39.94,23.51,23.87,3.94,92.2,45.67,47.97,5.34
192,39.86,23.51,23.87,3.96,92.54,45.77,47.97,5.4
193,39.86,23.55,23.87,4.01,92.54,45.87,48.19,5.49
194,39.94,23.55,23.87,4.03,92.54,45.87,48.19,5.55
195,39.94,23.59,23.95,4.06,92.88,45.97,48.52,5.62
196,40.02,23.59,23.98,4.09,92.88,46.07,48.52,5.65
197,40.1,23.62,24.02,4.12,93.22,46.17,48.52,5.71
198,40.18,23.69,24.09,4.15,93.57,46.27,48.85,5.8
199,40.18,23.69,24.09,4.18,93.57,46.38,48.96,5.85
200,40.18,23.69,24.13,4.19,93.57,46.38,48.96,5.87
201,40.26,23.73,24.17,4.21,93.91,46.48,49.07,5.93
202,40.26,23.73,24.21,4.25,93.91,46.58,49.18,6.02
203,40.26,23.73,24.21,4.27,94.26,46.58,49.3,6.08
204,40.34,23.73,24.25,4.28,94.26,46.58,49.41,6.1
205,40.42,23.77,24.28,4.29,94.61,46.69,49.41,6.14
206,40.42,23.8,24.28,4.32,94.61,46.79,49.52,6.2
207,40.5,23.8,24.36,4.34,94.61,46.79,49.52,6.25
208,40.5,23.8,24.36,4.36,94.97,46.79,49.64,6.3
209,40.5,23.8,24.36,4.36,94.61,46.79,49.75,6.32
210,40.5,23.84,24.4,4.39,94.97,46.89,49.87,6.39
211,40.42,23.84,24.36,4.38,94.97,46.89,49.87,6.42
212,40.5,23.84,24.4,4.4,94.97,46.89,49.87,6.44
213,40.42,23.8,24.36,4.42,95.32,47.0,49.98,6.49
214,40.5,23.84,24.36,4.43,94.97,46.89,50.1,6.52
215,40.42,23.84,24.36,4.44,94.97,47.0,49.98,6.58
216,40.34,23.84,24.36,4.45,94.97,46.89,49.98,6.6
217,40.34,23.8,24.32,4.46,94.97,46.89,49.98,6.63
218,40.34,23.8,24.36,4.46,94.97,47.0,49.87,6.64
219,40.42,23.8,24.36,4.48,94.97,47.0,49.98,6.69
220,40.42,23.8,24.36,4.48,94.97,47.0,49.98,6.71
221,40.42,23.8,24.36,4.49,95.32,46.89,50.21,6.74
222,40.5,23.88,24.4,4.5,95.32,47.0,50.21,6.77
223,40.5,23.84,24.43,4.51,95.32,47.21,50.1,6.8
224,40.5,23.84,24.4,4.51,95.32,47.1,50.21,6.82
225,40.5,23.84,24.43,4.52,95.32,47.0,50.21,6.84
226,40.5,23.84,24.4,4.54,95.32,47.0,50.21,6.88
227,40.42,23.84,24.4,4.54,95.32,47.31,50.21,6.91
228,40.42,23.84,24.4,4.54,95.32,47.21,50.21,6.92
229,40.42,23.84,24.4,4.54,95.32,47.1,50.21,6.92
230,40.5,23.84,24.43,4.55,95.32,46.89,50.21,6.95
231,40.42,23.84,24.43,4.56,95.32,47.1,50.33,6.98
232,40.5,23.88,24.43,4.57,95.32,47.21,50.45,7.01
233,40.5,23.88,24.43,4.57,95.68,47.1,50.33,7.01
234,40.5,23.84,24.47,4.57,95.32,47.1,50.33,7.03
235,40.59,23.91,24.47,4.57,95.68,47.21,50.45,7.06
236,40.59,23.91,24.51,4.57,96.04,47.21,50.45,7.07
237,40.59,23.88,24.47,4.58,95.68,47.21,50.45,7.09
238,40.59,23.91,24.51,4.58,96.04,47.31,50.45,7.11
239,40.59,23.91,24.51,4.59,96.4,47.31,50.56,7.14
240,40.59,23.91,24.51,4.59,96.04,47.21,50.56,7.14
241,40.59,23.91,24.55,4.6,96.04,47.31,50.56,7.17
242,40.59,23.91,24.55,4.59,96.04,47.31,50.56,7.17
243,40.59,23.91,24.55,4.61,96.04,47.21,50.68,7.17
244,40.59,23.91,24.51,4.61,96.04,47.21,50.56,7.18
245,40.59,23.91,24.51,4.61,96.04,47.31,50.56,7.21
246,40.59,23.91,24.51,4.61,96.04,47.31,50.56,7.22
247,40.59,23.88,24.47,4.61,96.04,47.31,50.56,7.24
248,40.42,23.88,24.51,4.61,96.04,47.31,50.56,7.25
249,40.5,23.91,24.47,4.61,96.04,47.21,50.56,7.25
250,40.5,23.88,24.47,4.61,95.68,47.21,50.56,7.27
251,40.59,23.91,24.43,4.62,95.68,47.42,50.45,7.28
252,40.59,23.88,24.47,4.63,95.68,47.31,50.56,7.28
253,40.5,23.91,24.51,4.62,95.68,47.31,50.56,7.29
254,40.59,23.91,24.51,4.63,96.04,47.21,50.68,7.3
255,40.59,23.91,24.51,4.62,96.04,47.31,50.68,7.31
256,40.67,23.95,24.55,4.63,96.04,47.31,50.68,7.32
257,40.67,23.95,24.55,4.64,96.04,47.31,50.8,7.34
258,40.67,23.95,24.55,4.63,96.04,47.42,50.68,7.34
259,40.75,23.95,24.55,4.64,96.4,47.31,50.8,7.35
260,40.67,23.95,24.55,4.64,96.4,47.42,50.8,7.37
261,40.59,23.91,24.55,4.65,96.4,47.42,50.8,7.38
262,40.67,23.95,24.55,4.63,96.4,47.31,50.68,7.37
263,40.67,23.91,24.55,4.65,96.04,47.42,50.8,7.38
264,40.67,23.91,24.55,4.64,95.68,47.31,50.8,7.38
265,40.67,23.88,24.55,4.65,96.04,47.31,50.56,7.38
266,40.67,23.88,24.55,4.65,96.04,47.31,50.8,7.4
267,40.67,23.91,24.55,4.65,96.04,47.21,50.8,7.4
268,40.59,23.88,24.55,4.64,96.04,47.31,50.8,7.41
269,40.59,23.88,24.55,4.64,96.04,47.21,50.8,7.42
270,40.67,23.88,24.55,4.64,96.04,47.31,50.8,7.42
271,40.59,23.88,24.51,4.64,96.04,47.21,50.68,7.42
272,40.59,23.88,24.55,4.65,96.04,47.31,50.68,7.44
273,40.59,23.88,24.51,4.65,96.04,47.21,50.8,7.43
274,40.59,23.88,24.51,4.65,96.04,47.21,50.8,7.44
275,40.59,23.88,24.55,4.65,96.04,47.21,50.68,7.44
276,40.59,23.88,24.55,4.65,96.04,47.21,50.8,7.45
277,40.59,23.88,24.55,4.65,96.04,47.21,50.8,7.45
278,40.67,23.88,24.55,4.65,96.4,47.31,50.8,7.46
279,40.67,23.88,24.55,4.65,96.04,47.21,50.8,7.46
280,40.67,23.88,24.55,4.65,96.4,47.31,50.8,7.46
281,40.67,23.88,24.55,4.66,96.04,47.31,50.8,7.48
282,40.59,23.88,24.55,4.65,96.4,47.1,50.8,7.48
283,40.59,23.88,24.51,4.65,96.04,47.31,50.8,7.48
284,40.59,23.84,24.51,4.65,96.4,47.31,50.8,7.48
285,40.5,23.84,24.47,4.65,96.04,47.1,50.8,7.49
286,40.5,23.84,24.51,4.65,96.04,47.21,50.68,7.48
287,40.5,23.84,24.47,4.65,96.04,47.21,50.68,7.49
288,40.5,23.84,24.47,4.65,96.04,47.21,50.92,7.49
289,40.5,23.84,24.47,4.65,96.04,47.21,50.8,7.5
290,40.5,23.88,24.51,4.66,96.4,47.31,50.8,7.51
291,40.5,23.91,24.47,4.66,96.04,47.31,50.92,7.51
292,40.5,23.88,24.51,4.65,96.4,47.31,50.8,7.52
293,40.59,23.84,24.51,4.67,96.04,47.31,50.92,7.52
294,40.59,23.91,24.51,4.67,96.4,47.31,50.92,7.52
295,40.5,23.84,24.51,4.66,96.4,47.31,50.92,7.53
296,40.59,23.88,24.51,4.66,96.4,47.31,50.92,7.53
297,40.5,23.84,24.51,4.66,96.04,47.31,50.92,7.54
298,40.59,23.91,24.51,4.67,96.04,47.21,50.92,7.54
299,40.42,23.88,24.51,4.67,96.04,47.42,50.92,7.54
300,40.59,23.88,24.51,4.67,96.04,47.31,50.92,7.55
301,40.5,23.88,24.51,4.66,96.04,47.21,50.92,7.55
302,40.59,23.88,24.55,4.67,96.4,47.31,50.92,7.55
303,40.59,23.91,24.55,4.67,96.4,47.42,50.92,7.55
304,40.59,23.84,24.55,4.66,96.4,47.31,50.92,7.55
305,40.59,23.91,24.55,4.67,96.4,47.31,50.92,7.55
306,40.59,23.88,24.55,4.67,96.4,47.21,50.92,7.56
307,40.59,23.88,24.59,4.67,96.4,47.21,50.92,7.56
308,40.67,23.84,24.59,4.67,96.4,47.21,50.92,7.56
309,40.67,23.84,24.59,4.67,96.4,47.31,50.92,7.56
310,40.67,23.88,24.59,4.67,96.4,47.42,50.92,7.57
311,40.67,23.84,24.59,4.66,96.4,47.1,50.92,7.56
312,40.67,23.84,24.59,4.67,96.4,47.21,50.92,7.57
313,40.75,23.84,24.59,4.66,96.4,47.21,50.92,7.57
314,40.67,23.84,24.55,4.67,96.4,47.1,50.92,7.56
315,40.67,23.88,24.59,4.66,96.4,47.21,50.92,7.58
316,40.75,23.84,24.63,4.67,96.4,47.31,51.04,7.57
317,40.75,23.88,24.63,4.67,96.4,47.31,51.04,7.59
318,40.67,23.88,24.63,4.67,96.77,47.31,51.04,7.58
319,40.67,23.91,24.63,4.67,96.77,47.31,51.04,7.58
320,40.67,23.88,24.59,4.67,96.77,47.42,51.04,7.59
321,40.67,23.91,24.59,4.67,96.4,47.31,51.16,7.59
322,40.67,23.91,24.59,4.68,96.77,47.42,51.16,7.6
323,40.67,23.91,24.59,4.67,96.77,47.42,51.16,7.61
324,40.67,23.95,24.59,4.68,96.4,47.42,51.16,7.6
325,40.75,23.95,24.63,4.67,96.4,47.31,51.16,7.6
326,40.67,23.91,24.59,4.68,96.77,47.42,51.16,7.61
327,40.67,23.95,24.59,4.68,96.77,47.42,51.16,7.61
328,40.67,23.91,24.63,4.67,96.4,47.52,51.16,7.61
329,40.67,23.95,24.63,4.68,96.77,47.42,51.28,7.62
330,40.67,23.95,24.63,4.68,96.77,47.52,51.16,7.63
331,40.67,23.95,24.63,4.69,96.77,47.42,51.28,7.63
332,40.67,23.99,24.63,4.69,96.77,47.52,51.16,7.62
333,40.75,23.99,24.63,4.68,96.77,47.52,51.28,7.62
334,40.75,23.99,24.63,4.68,96.77,47.63,51.28,7.63
335,40.75,23.99,24.63,4.68,96.77,47.52,51.16,7.63
336,40.75,23.95,24.63,4.69,96.77,47.52,51.28,7.63
337,40.75,23.99,24.63,4.68,96.77,47.52,51.28,7.63
338,40.75,23.99,24.63,4.69,96.77,47.42,51.28,7.63
339,40.75,23.99,24.63,4.69,96.77,47.52,51.16,7.63
340,40.67,23.91,24.59,4.68,96.77,47.52,51.28,7.63
341,40.67,23.91,24.59,4.69,96.4,47.42,51.16,7.63
342,40.67,23.91,24.59,4.68,96.4,47.42,51.16,7.63
343,40.67,23.91,24.59,4.68,96.4,47.42,51.04,7.63
344,40.67,23.91,24.55,4.68,96.4,47.42,51.04,7.63
345,40.59,23.88,24.51,4.68,96.4,47.31,51.04,7.62
346,40.59,23.88,24.55,4.67,96.4,47.31,50.92,7.62
347,40.67,23.88,24.55,4.68,96.4,47.42,51.04,7.62
348,40.67,23.88,24.59,4.68,96.4,47.31,51.04,7.62
349,40.67,23.88,24.59,4.68,96.4,47.42,51.04,7.62
350,40.67,23.88,24.59,4.68,96.77,47.42,51.16,7.63
351,40.75,23.91,24.59,4.67,96.77,47.42,51.16,7.63
352,40.67,23.88,24.59,4.68,96.4,47.42,51.16,7.63
353,40.59,23.91,24.59,4.68,96.4,47.42,51.16,7.64
354,40.67,23.84,24.59,4.68,96.4,47.31,51.16,7.64
355,40.67,23.91,24.59,4.68,96.77,47.31,51.16,7.64
356,40.67,23.91,24.59,4.68,96.77,47.31,51.16,7.63
357,40.59,23.88,24.59,4.68,96.77,47.31,51.16,7.63
358,40.59,23.91,24.55,4.68,96.77,47.31,51.16,7.64
359,40.67,23.91,24.59,4.68,96.77,47.31,51.28,7.64
360,40.67,23.95,24.63,4.68,96.77,47.42,51.16,7.63
361,40.67,23.95,24.63,4.68,96.77,47.42,51.28,7.64
362,40.75,23.91,24.59,4.68,96.77,47.52,51.28,7.65
363,40.67,23.91,24.63,4.68,96.77,47.52,51.28,7.64
364,40.75,23.95,24.63,4.68,96.77,47.42,51.28,7.65
365,40.75,23.91,24.66,4.69,96.77,47.42,51.28,7.64
366,40.75,23.91,24.66,4.69,96.77,47.52,51.16,7.65
367,40.75,23.95,24.66,4.68,96.77,47.42,51.28,7.66
368,40.75,23.95,24.66,4.69,96.77,47.42,51.28,7.65
369,40.75,23.95,24.66,4.69,96.77,47.42,51.4,7.65
370,40.75,23.95,24.63,4.68,96.77,47.52,51.28,7.66
371,40.75,23.95,24.63,4.68,96.77,47.42,51.28,7.66
372,40.75,23.95,24.66,4.68,96.77,47.42,51.28,7.66
373,40.75,23.95,24.66,4.69,96.77,47.52,51.4,7.66
374,40.75,23.99,24.66,4.69,96.77,47.52,51.28,7.66
375,40.75,23.95,24.66,4.68,97.14,47.63,51.4,7.66
376,40.75,23.99,24.66,4.68,96.77,47.52,51.4,7.67
377,40.75,23.99,24.7,4.7,97.14,47.52,51.4,7.67
378,40.75,23.95,24.66,4.69,96.4,47.52,51.28,7.66
379,40.67,23.95,24.63,4.69,96.77,47.52,51.28,7.67
380,40.59,23.95,24.63,4.69,96.77,47.52,51.28,7.66
381,40.67,23.91,24.63,4.68,96.77,47.42,51.28,7.67
382,40.67,23.91,24.59,4.69,96.77,47.42,51.28,7.66
383,40.67,23.91,24.59,4.68,96.77,47.42,51.16,7.67
384,40.59,23.91,24.59,4.69,96.4,47.52,51.28,7.67
385,40.67,23.91,24.63,4.68,96.77,47.31,51.28,7.66
386,40.67,23.95,24.59,4.68,96.77,47.52,51.28,7.66
387,40.67,23.91,24.63,4.69,96.77,47.42,51.28,7.66
388,40.67,23.95,24.63,4.69,96.4,47.42,51.28,7.66
389,40.75,23.95,24.63,4.69,97.14,47.52,51.28,7.66
390,40.75,23.99,24.66,4.69,96.77,47.63,51.4,7.67
391,40.75,23.99,24.66,4.7,97.14,47.52,51.4,7.67
392,40.75,23.99,24.66,4.69,96.77,47.63,51.4,7.67
393,40.75,23.99,24.7,4.7,97.14,47.63,51.52,7.68
394,40.75,23.99,24.7,4.69,97.14,47.52,51.4,7.67
395,40.84,23.99,24.7,4.69,97.14,47.63,51.4,7.67
396,40.84,23.95,24.7,4.69,97.14,47.52,51.4,7.67
397,40.75,23.99,24.7,4.68,97.14,47.52,51.4,7.67
398,40.75,23.95,24.7,4.7,96.77,47.52,51.4,7.67
399,40.75,23.95,24.66,4.69,97.14,47.63,51.28,7.68
400,40.75,23.95,24.7,4.7,97.51,47.52,51.4,7.68
401,40.84,23.99,24.7,4.69,97.14,47.63,51.4,7.68
402,40.84,24.03,24.7,4.7,97.14,47.63,51.52,7.68
403,40.75,24.03,24.7,4.7,97.14,47.63,51.52,7.68
404,40.75,24.03,24.7,4.7,97.14,47.63,51.52,7.69
405,40.75,24.03,24.66,4.7,97.14,47.63,51.52,7.68
406,40.75,24.03,24.7,4.7,97.14,47.52,51.52,7.68
407,40.75,24.03,24.7,4.69,96.77,47.74,51.4,7.68
408,40.75,24.03,24.66,4.7,97.14,47.63,51.4,7.68
409,40.75,24.03,24.66,4.7,97.14,47.74,51.4,7.68
410,40.67,24.06,24.66,4.7,97.14,47.74,51.52,7.69
411,40.75,24.03,24.66,4.7,97.14,47.74,51.4,7.69
412,40.75,24.03,24.66,4.7,96.77,47.63,51.4,7.68
413,40.75,24.03,24.66,4.7,96.77,47.74,51.4,7.68
414,40.84,24.03,24.66,4.7,97.14,47.74,51.4,7.69
415,40.75,24.03,24.7,4.7,97.14,47.74,51.52,7.69
416,40.75,24.06,24.7,4.71,97.14,47.84,51.52,7.7
417,40.84,24.06,24.74,4.71,97.51,47.74,51.52,7.7
418,40.84,24.06,24.74,4.7,97.51,47.74,51.64,7.7
419,40.84,24.06,24.74,4.71,97.51,47.74,51.52,7.69
420,40.84,24.03,24.74,4.71,97.51,47.74,51.64,7.7
421,40.84,24.06,24.74,4.71,97.14,47.63,51.52,7.7
422,40.92,24.06,24.78,4.71,97.51,47.74,51.52,7.69
423,40.92,24.06,24.78,4.7,97.51,47.74,51.64,7.69
424,40.92,24.06,24.74,4.7,97.51,47.74,51.64,7.69
425,40.84,24.06,24.78,4.7,97.51,47.74,51.52,7.7
426,40.84,24.03,24.74,4.7,97.51,47.74,51.52,7.69
427,40.84,24.03,24.74,4.7,97.51,47.74,51.4,7.7
428,40.84,24.03,24.74,4.7,97.14,47.74,51.52,7.7
429,40.84,24.06,24.74,4.7,97.14,47.74,51.64,7.7
430,40.84,24.03,24.74,4.7,97.14,47.74,51.52,7.69
431,40.84,24.03,24.7,4.7,97.51,47.74,51.52,7.7
432,40.84,24.06,24.7,4.7,97.88,47.74,51.52,7.69
433,40.84,24.03,24.7,4.7,97.14,47.74,51.52,7.69
434,40.84,24.03,24.7,4.7,97.14,47.74,51.4,7.69
435,40.75,23.99,24.66,4.7,96.77,47.63,51.4,7.69
436,40.75,23.99,24.7,4.7,96.77,47.63,51.4,7.69
437,40.67,23.99,24.66,4.7,96.77,47.63,51.4,7.69
438,40.75,23.99,24.66,4.7,97.14,47.63,51.4,7.68
439,40.75,24.03,24.66,4.7,97.14,47.74,51.4,7.69
440,40.75,23.99,24.66,4.7,96.77,47.63,51.4,7.69
441,40.75,23.95,24.66,4.7,96.77,47.52,51.4,7.68
442,40.84,23.99,24.66,4.7,96.77,47.63,51.28,7.68
443,40.75,23.99,24.66,4.7,96.77,47.63,51.4,7.68
444,40.75,23.99,24.66,4.7,96.77,47.52,51.4,7.69
445,40.75,23.95,24.66,4.7,96.77,47.63,51.28,7.69
446,40.75,23.95,24.66,4.69,97.14,47.52,51.4,7.68
447,40.67,23.95,24.66,4.7,96.77,47.52,51.4,7.68
448,40.75,23.91,24.63,4.7,97.14,47.52,51.4,7.67
449,40.75,23.95,24.66,4.7,96.77,47.52,51.4,7.67
450,40.75,23.99,24.66,4.69,96.77,47.52,51.4,7.68
451,40.67,23.99,24.66,4.69,96.77,47.63,51.4,7.68
452,40.75,23.99,24.66,4.7,97.14,47.52,51.4,7.68
453,40.75,23.99,24.66,4.7,97.14,47.63,51.28,7.68
454,40.75,24.03,24.7,4.7,97.14,47.52,51.52,7.68
455,40.84,23.99,24.7,4.7,97.14,47.63,51.52,7.68
456,40.84,24.03,24.74,4.7,97.14,47.52,51.52,7.68
457,40.92,24.03,24.78,4.7,97.14,47.63,51.52,7.68
458,41.0,24.03,24.78,4.7,97.51,47.74,51.64,7.69
459,40.92,24.03,24.78,4.7,97.51,47.63,51.64,7.68
460,40.92,24.03,24.74,4.7,97.51,47.74,51.52,7.68
461,40.92,23.99,24.78,4.7,97.14,47.63,51.52,7.68
462,40.84,23.99,24.78,4.7,97.14,47.63,51.64,7.68
463,40.84,23.99,24.74,4.69,97.51,47.63,51.52,7.68
464,40.84,23.99,24.74,4.7,97.51,47.63,51.52,7.68
465,40.75,23.99,24.74,4.7,97.14,47.63,51.52,7.68
466,40.75,23.95,24.7,4.7,97.14,47.63,51.52,7.67
467,40.84,23.99,24.74,4.7,97.14,47.52,51.52,7.67
468,40.84,23.99,24.74,4.7,97.51,47.63,51.52,7.68
469,40.84,23.99,24.78,4.7,97.51,47.63,51.52,7.68
470,40.92,24.03,24.78,4.7,97.51,47.63,51.64,7.68
471,40.92,24.03,24.82,4.71,97.88,47.74,51.64,7.69
472,40.92,24.06,24.82,4.71,97.51,47.84,51.64,7.69
473,40.92,24.03,24.82,4.7,97.51,47.74,51.64,7.68
474,40.92,24.03,24.82,4.7,97.51,47.84,51.64,7.68
475,41.0,24.06,24.78,4.71,97.51,47.63,51.77,7.69
476,41.0,24.03,24.82,4.71,97.51,47.63,51.77,7.69
477,40.92,24.03,24.82,4.71,97.51,47.74,51.64,7.68
478,41.0,24.03,24.78,4.7,97.51,47.63,51.64,7.69
479,40.92,24.03,24.78,4.7,97.51,47.74,51.64,7.69
480,40.84,23.99,24.78,4.7,97.51,47.74,51.64,7.69
481,41.0,24.03,24.78,4.7,97.51,47.74,51.64,7.68
482,41.0,24.03,24.78,4.7,97.51,47.84,51.64,7.68
483,40.92,24.03,24.74,4.7,97.51,47.74,51.64,7.68
484,40.92,24.03,24.78,4.7,97.51,47.63,51.64,7.68
485,40.84,24.03,24.74,4.7,97.51,47.63,51.64,7.68
486,40.92,24.06,24.78,4.7,97.51,47.63,51.64,7.69
487,40.92,24.03,24.78,4.7,97.51,47.63,51.64,7.68
488,40.92,23.99,24.78,4.7,97.51,47.74,51.64,7.68
489,40.92,24.03,24.78,4.7,97.51,47.74,51.77,7.68
490,41.0,24.06,24.82,4.7,97.51,47.63,51.77,7.68
491,41.0,24.1,24.78,4.7,97.51,47.74,51.77,7.69
492,40.92,24.06,24.78,4.7,97.51,47.74,51.64,7.69
493,40.92,24.06,24.78,4.71,97.51,47.74,51.77,7.69
494,40.92,24.06,24.82,4.7,97.51,47.74,51.77,7.68
495,40.92,24.06,24.82,4.7,97.51,47.74,51.77,7.69
496,41.0,24.06,24.82,4.7,97.51,47.84,51.77,7.68
497,41.09,24.06,24.82,4.71,97.88,47.84,51.77,7.69
498,40.92,24.1,24.82,4.71,97.51,47.74,51.77,7.69
499,40.92,24.1,24.82,4.7,97.51,47.74,51.77,7.7
500,41.0,24.06,24.82,4.71,97.51,47.74,51.77,7.69
501,40.92,24.06,24.78,4.7,97.51,47.84,51.77,7.69
502,40.92,24.03,24.78,4.7,97.51,47.74,51.77,7.69
503,40.92,24.06,24.78,4.7,97.51,47.84,51.77,7.69
504,40.84,24.06,24.78,4.7,97.51,47.74,51.77,7.69
505,40.84,24.06,24.78,4.71,97.51,47.74,51.77,7.69
506,40.84,24.06,24.78,4.7,97.51,47.74,51.77,7.69
507,40.92,24.03,24.74,4.7,97.51,47.74,51.77,7.69
508,40.84,24.06,24.78,4.7,97.51,47.74,51.77,7.69
509,40.92,24.06,24.78,4.7,97.51,47.74,51.77,7.69
510,40.92,24.06,24.78,4.7,97.51,47.84,51.77,7.69
511,40.92,24.06,24.78,4.7,97.51,47.84,51.77,7.7
512,40.92,24.06,24.78,4.7,97.51,47.74,51.77,7.69
513,40.92,24.06,24.74,4.7,97.51,47.74,51.64,7.69
514,40.84,24.06,24.74,4.7,97.51,47.74,51.77,7.69
515,40.84,24.06,24.74,4.7,97.51,47.74,51.77,7.68
516,40.84,24.06,24.74,4.7,97.51,47.74,51.77,7.69
517,40.84,24.06,24.74,4.7,97.51,47.74,51.64,7.69
518,40.84,24.03,24.7,4.7,97.51,47.74,51.64,7.69
519,40.75,24.03,24.7,4.7,97.14,47.63,51.77,7.69
520,40.75,24.03,24.7,4.7,97.14,47.63,51.64,7.69
521,40.75,24.03,24.7,4.7,97.14,47.74,51.64,7.69
522,40.75,24.03,24.7,4.7,97.14,47.63,51.64,7.68
523,40.84,24.06,24.7,4.7,97.14,47.84,51.64,7.69
524,40.84,24.06,24.78,4.71,97.51,47.84,51.64,7.68
525,40.84,24.1,24.78,4.7,97.51,47.84,51.77,7.7
526,40.92,24.1,24.82,4.71,97.51,47.84,51.77,7.7
527,40.92,24.1,24.82,4.7,97.51,47.95,51.77,7.69
528,40.92,24.1,24.78,4.7,97.51,47.95,51.77,7.7
529,40.84,24.14,24.78,4.7,97.51,47.84,51.77,7.7
530,40.84,24.14,24.78,4.71,97.88,47.84,51.64,7.69
531,40.84,24.06,24.78,4.7,97.51,47.63,51.77,7.7
532,40.84,24.1,24.74,4.7,97.51,47.74,51.77,7.7
533,40.84,24.1,24.74,4.7,97.51,47.74,51.77,7.7
534,40.84,24.1,24.74,4.7,97.51,47.84,51.64,7.7
535,40.84,24.1,24.7,4.7,97.51,47.84,51.77,7.7
536,40.75,24.1,24.7,4.7,97.14,47.84,51.64,7.7
537,40.84,24.1,24.7,4.7,97.14,47.95,51.77,7.71
538,40.67,24.1,24.7,4.7,97.14,47.74,51.64,7.7
539,40.84,24.14,24.7,4.7,97.51,47.84,51.77,7.71
540,40.75,24.1,24.7,4.7,97.14,47.95,51.77,7.7
541,40.84,24.14,24.7,4.7,97.51,47.84,51.64,7.7
542,40.84,24.14,24.74,4.7,97.51,47.84,51.64,7.69
543,40.84,24.1,24.74,4.7,97.51,47.84,51.77,7.7
544,40.84,24.1,24.74,4.7,97.51,47.84,51.77,7.7
545,40.84,24.14,24.7,4.7,97.51,47.84,51.77,7.71
546,40.84,24.14,24.78,4.7,97.51,47.95,51.77,7.71
547,40.84,24.14,24.78,4.71,97.51,47.95,51.77,7.7
548,40.84,24.06,24.78,4.7,97.51,47.84,51.77,7.71
549,40.84,24.14,24.78,4.7,97.51,48.06,51.77,7.7
550,40.84,24.1,24.78,4.7,97.51,47.84,51.77,7.72
551,40.84,24.14,24.78,4.7,97.51,47.95,51.77,7.7
552,40.84,24.1,24.78,4.7,97.51,47.74,51.77,7.7
553,40.84,24.06,24.78,4.7,97.51,47.74,51.77,7.71
554,40.84,24.1,24.78,4.7,97.51,47.84,51.77,7.69
555,40.92,24.1,24.78,4.7,97.51,47.84,51.64,7.7
556,40.84,24.1,24.74,4.7,97.51,47.74,51.64,7.69
557,40.84,24.06,24.74,4.7,97.51,47.74,51.64,7.7
558,40.84,24.06,24.74,4.69,97.51,47.84,51.64,7.69
559,40.75,24.06,24.74,4.7,97.51,47.74,51.64,7.69
560,40.84,24.06,24.74,4.7,97.51,47.74,51.64,7.69
561,40.84,24.1,24.78,4.7,97.51,47.84,51.64,7.7
562,40.92,24.1,24.78,4.7,97.51,47.74,51.64,7.69
563,40.92,24.06,24.78,4.7,97.51,47.84,51.77,7.7
564,40.92,24.06,24.74,4.7,97.51,47.84,51.77,7.69
565,40.92,24.1,24.78,4.7,97.51,47.84,51.64,7.7
566,40.92,24.1,24.78,4.7,97.51,47.84,51.64,7.69
567,41.0,24.14,24.82,4.7,97.51,47.84,51.77,7.7
568,41.0,24.14,24.82,4.7,97.51,47.95,51.77,7.7
569,41.0,24.14,24.82,4.7,97.88,47.95,51.77,7.7
570,41.0,24.1,24.78,4.7,97.51,47.84,51.77,7.7
571,41.0,24.1,24.82,4.7,97.88,47.95,51.77,7.7
572,41.0,24.1,24.82,4.7,97.51,47.84,51.89,7.69
573,41.0,24.1,24.82,4.7,98.26,47.74,51.77,7.7
574,40.92,24.06,24.82,4.7,97.51,47.84,51.77,7.7
575,40.84,24.06,24.78,4.69,97.51,47.74,51.77,7.69
576,40.92,24.1,24.78,4.69,97.51,47.84,51.77,7.7
577,40.92,24.06,24.78,4.7,97.51,47.84,51.77,7.69
578,40.84,24.1,24.78,4.7,97.51,47.84,51.77,7.69
579,40.92,24.1,24.78,4.7,97.51,47.84,51.77,7.69
580,40.92,24.1,24.78,4.7,97.51,47.84,51.77,7.69
581,40.92,24.1,24.78,4.7,97.51,47.84,51.77,7.69
582,40.92,24.1,24.78,4.7,97.51,47.84,51.77,7.69
583,40.92,24.1,24.78,4.7,97.51,47.84,51.77,7.7
584,40.84,24.1,24.78,4.7,97.51,47.95,51.77,7.69
585,40.75,24.1,24.74,4.7,97.51,47.95,51.77,7.7
586,40.75,24.1,24.7,4.7,97.14,47.95,51.77,7.69
587,40.67,24.06,24.66,4.7,97.14,47.74,51.64,7.69
588,40.67,24.06,24.63,4.69,96.77,47.74,51.64,7.69
589,40.59,24.06,24.63,4.7,96.77,47.74,51.52,7.68
590,40.59,24.06,24.59,4.69,97.14,47.84,51.52,7.69
591,40.59,24.06,24.59,4.7,96.77,47.84,51.52,7.68
592,40.67,24.06,24.63,4.69,96.77,47.84,51.4,7.68
593,40.59,24.06,24.59,4.69,96.77,47.74,51.52,7.69
594,40.67,24.06,24.63,4.7,97.14,47.84,51.52,7.68
595,40.75,24.06,24.63,4.69,96.77,47.74,51.52,7.68
596,40.75,24.06,24.66,4.69,97.14,47.74,51.52,7.68
597,40.84,24.06,24.7,4.69,97.14,47.84,51.52,7.68
598,40.75,24.06,24.7,4.7,97.14,47.74,51.52,7.68
