0,38.01,21.77,21.57,3.25,91.87,45.67,48.08,6.95
1,38.01,21.77,21.57,3.25,91.87,45.57,48.08,6.95
2,38.01,21.8,21.57,3.25,91.87,45.57,48.08,6.96
3,38.01,21.8,21.57,3.25,92.2,45.67,48.08,6.96
4,37.93,21.77,21.53,3.25,91.87,45.67,48.19,6.95
5,37.93,21.8,21.57,3.25,91.87,45.67,48.19,6.95
6,38.01,21.77,21.57,3.25,91.87,45.77,48.19,6.96
7,38.01,21.83,21.57,3.25,91.87,45.77,48.19,6.97
8,38.01,21.83,21.57,3.25,92.2,45.87,48.19,6.96
9,38.01,21.83,21.6,3.26,92.2,45.87,48.19,6.96
10,38.08,21.83,21.6,3.26,92.2,45.77,48.19,6.96
11,38.01,21.86,21.6,3.26,92.2,45.87,48.3,6.96
12,38.08,21.86,21.63,3.26,92.2,45.77,48.3,6.97
13,38.08,21.83,21.63,3.25,92.2,45.87,48.3,6.96
14,38.08,21.86,21.63,3.26,92.2,45.87,48.3,6.97
15,38.16,21.86,21.63,3.26,92.2,45.77,48.19,6.96
16,38.08,21.8,21.63,3.25,92.2,45.87,48.19,6.96
17,38.08,21.83,21.6,3.25,92.2,45.77,48.3,6.96
18,38.08,21.83,21.63,3.25,91.87,45.77,48.19,6.96
19,38.08,21.86,21.63,3.26,92.2,45.77,48.3,6.96
20,38.08,21.86,21.63,3.25,92.2,45.97,48.19,6.96
21,38.01,21.86,21.6,3.25,92.2,45.87,48.3,6.96
22,38.01,21.86,21.63,3.26,92.2,45.87,48.3,6.96
23,38.01,21.86,21.6,3.26,91.87,45.87,48.3,6.96
24,38.01,21.86,21.57,3.26,91.87,45.77,48.19,6.96
25,38.01,21.86,21.57,3.26,91.87,45.87,48.19,6.96
26,38.01,21.86,21.53,3.25,92.2,45.87,48.19,6.96
27,38.01,21.86,21.57,3.25,92.2,45.77,48.3,6.97
28,38.01,21.86,21.57,3.25,92.2,45.97,48.19,6.97
29,38.01,21.86,21.57,3.25,92.2,45.87,48.3,6.97
30,38.01,21.86,21.57,3.26,91.87,45.77,48.3,6.97
31,38.01,21.86,21.57,3.26,91.87,45.77,48.19,6.97
32,38.01,21.83,21.6,3.25,92.2,45.87,48.19,6.96
33,37.93,21.86,21.6,3.26,91.87,45.77,48.19,6.96
34,37.93,21.83,21.57,3.26,92.2,45.87,48.19,6.97
35,38.01,21.86,21.57,3.26,91.87,45.77,48.19,6.96
36,38.01,21.86,21.6,3.27,91.87,45.77,48.3,6.96
37,38.01,21.86,21.6,3.25,92.2,45.87,48.19,6.96
38,38.01,21.83,21.6,3.25,92.2,45.77,48.19,6.96
39,38.01,21.83,21.6,3.26,91.87,45.77,48.19,6.96
40,38.01,21.83,21.6,3.25,91.87,45.77,48.19,6.96
41,38.08,21.83,21.6,3.26,91.87,45.77,48.08,6.96
42,38.08,21.83,21.6,3.26,92.2,45.77,48.19,6.95
43,38.01,21.86,21.63,3.27,92.2,45.77,48.19,6.96
44,38.08,21.86,21.63,3.26,92.54,45.77,48.19,6.96
45,38.01,21.86,21.66,3.25,92.2,45.87,48.3,6.97
46,38.16,21.86,21.69,3.26,92.54,45.87,48.3,6.97
47,38.3,21.86,21.82,3.26,92.88,45.87,48.3,6.97
48,38.46,21.9,21.92,3.27,92.88,45.97,48.3,6.97
49,38.68,21.9,21.99,3.26,93.22,45.97,48.41,6.97
50,38.84,21.93,22.09,3.26,93.91,45.97,48.41,6.98
51,38.76,21.93,22.02,3.26,93.57,46.07,47.86,6.96
52,38.16,21.73,21.37,3.24,91.87,45.47,43.86,6.88
53,36.85,21.41,19.98,3.19,86.49,44.41,38.49,6.73
54,35.54,21.13,18.97,3.13,80.58,43.29,36.32,6.57
55,34.31,20.79,18.34,3.04,74.43,42.13,35.58,6.32
56,34.24,20.79,18.31,3.03,74.2,42.04,35.58,6.3
57,33.75,20.64,18.16,2.95,72.41,41.52,35.85,6.08
58,33.69,20.61,18.16,2.91,72.2,41.27,35.98,6.0
59,33.75,20.61,18.26,2.85,72.2,41.27,36.39,5.82
60,33.75,20.58,18.26,2.84,72.2,41.27,36.46,5.79
61,33.87,20.64,18.36,2.79,72.63,41.35,36.81,5.64
62,33.87,20.64,18.36,2.79,72.85,41.27,36.88,5.64
63,33.99,20.64,18.47,2.75,73.08,41.44,37.09,5.54
64,34.06,20.67,18.52,2.74,73.52,41.52,37.24,5.49
65,34.18,20.73,18.63,2.73,73.75,41.61,37.45,5.43
66,34.31,20.73,18.68,2.72,74.2,41.78,37.6,5.38
67,34.37,20.76,18.73,2.71,74.43,41.78,37.74,5.34
68,34.37,20.79,18.73,2.71,74.66,41.78,37.82,5.33
69,34.44,20.79,18.79,2.7,74.66,41.78,37.89,5.3
70,34.44,20.82,18.79,2.7,74.66,41.95,37.89,5.27
71,34.5,20.82,18.79,2.71,74.89,41.95,38.04,5.25
72,34.56,20.82,18.84,2.7,75.12,41.95,38.04,5.22
73,34.56,20.85,18.84,2.7,75.12,42.13,38.11,5.21
74,34.56,20.88,18.84,2.7,75.12,42.04,38.11,5.2
75,34.56,20.88,18.87,2.71,75.36,42.13,38.19,5.18
76,34.56,20.88,18.87,2.71,75.36,42.13,38.19,5.18
77,34.56,20.88,18.87,2.71,75.36,42.22,38.26,5.17
78,34.63,20.91,18.89,2.71,75.36,42.22,38.26,5.17
79,34.63,20.91,18.89,2.71,75.36,42.3,38.34,5.16
80,34.63,20.91,18.92,2.72,75.59,42.3,38.34,5.14
81,34.63,20.91,18.92,2.72,75.59,42.3,38.34,5.14
82,34.69,20.98,18.92,2.72,75.59,42.3,38.34,5.14
83,34.69,20.95,18.95,2.73,75.83,42.3,38.41,5.13
84,34.69,20.98,18.92,2.73,75.83,42.3,38.34,5.14
85,34.69,20.98,18.95,2.74,75.83,42.39,38.34,5.12
86,34.76,20.98,18.97,2.73,75.83,42.48,38.34,5.13
87,34.69,20.98,18.97,2.73,75.83,42.48,38.41,5.12
88,34.76,20.98,19.0,2.75,75.83,42.39,38.41,5.12
89,34.76,21.01,19.0,2.75,76.07,42.48,38.41,5.11
90,34.69,20.98,18.97,2.75,75.83,42.39,38.34,5.11
91,34.69,21.01,18.97,2.74,76.07,42.39,38.34,5.11
92,34.69,20.98,18.97,2.75,75.83,42.3,38.34,5.11
93,34.69,20.98,18.95,2.74,75.83,42.48,38.34,5.11
94,34.69,21.04,18.95,2.75,75.83,42.39,38.41,5.11
95,34.63,21.01,18.95,2.75,75.83,42.39,38.34,5.11
96,34.63,21.01,18.95,2.75,75.59,42.48,38.26,5.1
97,34.63,21.01,18.95,2.75,75.59,42.39,38.26,5.1
98,34.63,21.01,18.95,2.75,75.83,42.39,38.26,5.11
99,34.69,21.04,18.97,2.75,75.59,42.48,38.34,5.1
100,34.69,21.04,18.97,2.75,75.83,42.48,38.34,5.09
101,34.69,21.01,18.97,2.75,75.83,42.48,38.34,5.1
102,34.69,21.01,18.97,2.75,75.83,42.48,38.34,5.09
103,34.69,21.01,18.97,2.75,75.59,42.48,38.34,5.09
104,34.69,21.01,18.97,2.75,75.83,42.39,38.34,5.09
105,34.69,21.01,18.97,2.75,75.83,42.48,38.34,5.08
106,34.76,21.01,18.97,2.75,75.83,42.48,38.26,5.08
107,34.69,21.01,19.0,2.75,75.83,42.39,38.26,5.09
108,34.76,21.01,19.0,2.75,75.83,42.48,38.26,5.08
109,34.76,21.01,19.0,2.75,76.07,42.39,38.26,5.08
110,34.82,21.01,19.0,2.75,76.07,42.39,38.34,5.08
111,34.82,21.01,19.03,2.75,75.59,42.48,38.26,5.08
112,34.82,21.01,19.03,2.75,76.07,42.48,38.34,5.08
113,34.76,21.01,19.0,2.75,75.83,42.48,38.34,5.08
114,34.76,20.98,19.0,2.75,75.83,42.39,38.26,5.08
115,34.69,21.01,18.97,2.75,75.83,42.39,38.26,5.08
116,34.69,21.01,18.97,2.75,75.83,42.39,38.34,5.07
117,34.69,21.01,18.95,2.75,75.83,42.39,38.34,5.07
118,34.69,21.01,18.95,2.75,75.59,42.39,38.26,5.07
119,34.69,21.01,18.95,2.75,75.59,42.48,38.34,5.08
120,34.69,21.01,18.95,2.75,75.59,42.57,38.26,5.06
121,34.63,21.01,18.97,2.75,75.59,42.39,38.26,5.06
122,34.69,21.01,18.95,2.75,75.83,42.48,38.26,5.06
123,34.63,21.01,18.95,2.75,75.59,42.48,38.26,5.06
124,34.63,21.01,18.95,2.75,75.59,42.48,38.26,5.06
125,34.69,21.01,18.97,2.75,75.59,42.48,38.26,5.06
126,34.69,21.01,18.97,2.75,75.59,42.39,38.26,5.05
127,34.69,20.98,18.97,2.75,75.83,42.39,38.26,5.05
128,34.69,21.01,18.97,2.75,75.59,42.39,38.26,5.06
129,34.69,21.01,18.97,2.75,75.83,42.48,38.26,5.05
130,34.69,20.98,18.97,2.75,75.83,42.39,38.19,5.05
131,34.69,20.98,18.97,2.75,75.83,42.39,38.19,5.05
132,34.63,21.01,18.97,2.75,75.59,42.39,38.11,5.05
133,34.63,20.98,18.92,2.75,75.59,42.3,38.11,5.05
134,34.63,20.91,18.92,2.75,75.59,42.3,38.11,5.05
135,34.63,20.95,18.92,2.75,75.36,42.3,38.11,5.05
136,34.63,20.95,18.92,2.75,75.59,42.3,38.11,5.04
137,34.63,20.95,18.92,2.75,75.59,42.3,38.11,5.04
138,34.63,20.95,18.92,2.75,75.59,42.3,38.11,5.04
139,34.56,20.95,18.92,2.75,75.59,42.3,38.11,5.04
140,34.63,20.91,18.92,2.75,75.59,42.22,38.11,5.03
141,34.56,20.91,18.92,2.75,75.59,42.22,38.11,5.03
142,34.63,20.91,18.92,2.75,75.36,42.22,38.11,5.03
143,34.69,20.91,18.92,2.75,75.59,42.22,38.11,5.04
144,34.63,20.91,18.95,2.75,75.59,42.22,38.19,5.03
145,34.63,20.95,18.92,2.75,75.59,42.3,38.19,5.03
146,34.63,20.95,18.92,2.75,75.59,42.3,38.19,5.03
147,34.56,20.91,18.92,2.74,75.59,42.22,38.19,5.03
148,34.56,20.95,18.92,2.75,75.59,42.22,38.11,5.03
149,34.63,20.91,18.89,2.75,75.36,42.3,38.11,5.03
150,34.63,20.98,18.92,2.75,75.59,42.22,38.19,5.03
151,34.63,20.98,18.95,2.75,75.59,42.3,38.41,5.03
152,34.69,20.98,19.0,2.75,75.59,42.3,38.56,5.03
153,34.76,21.01,19.11,2.75,76.31,42.48,39.18,5.05
154,34.88,21.01,19.22,2.76,76.79,42.57,39.57,5.05
155,35.01,21.04,19.33,2.77,77.28,42.66,39.89,5.08
156,35.21,21.13,19.5,2.78,78.27,42.92,40.54,5.11
157,35.41,21.19,19.64,2.79,78.77,43.02,41.03,5.14
158,35.48,21.23,19.69,2.8,79.28,43.2,41.2,5.14
159,35.68,21.26,19.78,2.81,79.8,43.2,41.45,5.17
160,35.81,21.32,19.92,2.82,80.58,43.38,41.88,5.2
161,35.88,21.35,20.01,2.83,80.85,43.56,42.14,5.22
162,36.15,21.41,20.18,2.86,81.92,43.84,42.67,5.28
163,36.22,21.45,20.21,2.87,82.2,43.84,42.76,5.28
164,36.29,21.48,20.3,2.89,82.75,44.03,43.12,5.32
165,36.57,21.57,20.45,2.9,83.58,44.22,43.49,5.38
166,36.57,21.57,20.48,2.91,83.58,44.41,43.67,5.39
167,36.71,21.61,20.6,2.93,84.15,44.41,43.95,5.45
168,36.78,21.61,20.63,2.95,84.44,44.41,44.14,5.47
169,36.78,21.61,20.66,2.96,84.73,44.5,44.23,5.5
170,36.85,21.64,20.72,2.97,85.31,44.6,44.52,5.55
171,36.92,21.64,20.75,2.99,85.6,44.79,44.71,5.58
172,36.99,21.64,20.78,3.0,85.89,44.79,44.81,5.62
173,36.99,21.64,20.81,3.01,85.89,44.79,44.9,5.63
174,37.06,21.64,20.84,3.02,86.19,44.79,45.0,5.67
175,37.06,21.67,20.88,3.03,86.19,44.88,45.2,5.7
176,37.13,21.7,20.94,3.05,86.79,44.98,45.39,5.75
177,37.2,21.7,20.97,3.06,86.79,44.98,45.49,5.78
178,37.2,21.7,20.97,3.06,87.09,45.08,45.59,5.81
179,37.27,21.7,21.0,3.07,87.4,45.08,45.69,5.84
180,37.27,21.73,21.03,3.08,87.4,45.08,45.69,5.85
181,37.27,21.7,21.09,3.09,87.7,45.08,45.79,5.88
182,37.35,21.73,21.09,3.1,88.01,45.18,45.89,5.94
183,37.35,21.73,21.09,3.1,88.01,45.18,45.99,5.96
184,37.35,21.73,21.12,3.11,88.32,45.18,45.99,5.96
185,37.35,21.73,21.12,3.11,88.32,45.27,46.09,6.0
186,37.42,21.73,21.15,3.13,88.64,45.37,46.19,6.04
187,37.42,21.77,21.18,3.13,88.64,45.27,46.29,6.05
188,37.49,21.77,21.18,3.13,88.64,45.37,46.29,6.07
189,37.49,21.77,21.18,3.14,88.64,45.37,46.29,6.1
190,37.49,21.77,21.22,3.14,88.95,45.37,46.4,6.13
191,37.49,21.77,21.22,3.15,88.95,45.37,46.4,6.13
192,37.49,21.8,21.22,3.15,89.27,45.47,46.5,6.16
193,37.64,21.83,21.28,3.16,89.27,45.47,46.6,6.19
194,37.64,21.86,21.31,3.17,89.27,45.57,46.7,6.2
195,37.64,21.83,21.31,3.17,89.58,45.47,46.7,6.23
196,37.71,21.83,21.34,3.17,89.58,45.47,46.7,6.25
197,37.71,21.83,21.34,3.17,89.58,45.67,46.81,6.27
198,37.71,21.86,21.37,3.19,89.9,45.57,46.81,6.29
199,37.71,21.86,21.37,3.18,89.9,45.57,46.81,6.3
200,37.71,21.83,21.37,3.18,89.9,45.57,46.91,6.31
201,37.71,21.83,21.37,3.19,89.9,45.47,46.91,6.33
202,37.71,21.83,21.37,3.19,89.9,45.57,46.91,6.35
203,37.78,21.83,21.41,3.19,89.9,45.57,46.91,6.36
204,37.78,21.8,21.37,3.19,89.9,45.57,46.91,6.37
205,37.78,21.83,21.37,3.19,89.9,45.47,46.91,6.39
206,37.78,21.8,21.37,3.19,89.9,45.47,46.91,6.39
207,37.71,21.83,21.37,3.19,89.9,45.57,46.91,6.41
208,37.71,21.8,21.34,3.21,89.9,45.47,46.91,6.42
209,37.64,21.77,21.34,3.2,89.9,45.47,46.91,6.42
210,37.64,21.77,21.31,3.2,89.9,45.47,46.91,6.43
211,37.64,21.77,21.31,3.2,89.9,45.37,46.91,6.45
212,37.64,21.77,21.31,3.21,89.9,45.47,46.91,6.45
213,37.64,21.77,21.28,3.21,89.9,45.37,46.91,6.47
214,37.64,21.77,21.28,3.21,89.9,45.47,46.91,6.48
215,37.64,21.77,21.31,3.21,89.9,45.37,47.02,6.49
216,37.71,21.8,21.34,3.21,89.9,45.47,47.02,6.49
217,37.71,21.8,21.37,3.21,90.23,45.57,47.12,6.5
218,37.78,21.8,21.37,3.22,90.23,45.57,47.12,6.51
219,37.78,21.8,21.41,3.22,90.23,45.57,47.12,6.53
220,37.78,21.83,21.41,3.22,90.23,45.57,47.22,6.53
221,37.78,21.86,21.41,3.22,90.23,45.67,47.22,6.54
222,37.78,21.83,21.41,3.22,90.55,45.57,47.22,6.56
223,37.78,21.83,21.41,3.22,90.55,45.57,47.33,6.55
224,37.78,21.83,21.44,3.22,90.23,45.57,47.22,6.56
225,37.86,21.83,21.44,3.22,90.55,45.57,47.22,6.57
226,37.86,21.83,21.47,3.22,90.55,45.67,47.22,6.58
227,37.86,21.83,21.47,3.22,90.55,45.57,47.22,6.59
228,37.93,21.83,21.47,3.22,90.55,45.67,47.22,6.6
229,37.86,21.8,21.47,3.22,90.55,45.57,47.33,6.59
230,37.93,21.8,21.47,3.22,90.55,45.57,47.33,6.6
231,37.86,21.8,21.47,3.23,90.55,45.47,47.22,6.61
232,37.93,21.83,21.47,3.22,90.55,45.57,47.33,6.62
233,37.93,21.83,21.5,3.22,90.88,45.57,47.33,6.62
234,37.93,21.83,21.5,3.22,90.88,45.57,47.33,6.62
235,37.93,21.8,21.47,3.22,90.88,45.57,47.33,6.63
236,37.93,21.83,21.5,3.22,90.88,45.57,47.44,6.63
237,37.86,21.8,21.47,3.23,90.88,45.57,47.44,6.63
238,37.86,21.83,21.47,3.22,90.55,45.47,47.33,6.64
239,37.86,21.8,21.47,3.22,90.55,45.47,47.33,6.64
240,37.71,21.83,21.44,3.22,90.88,45.47,47.44,6.65
241,37.71,21.8,21.44,3.23,90.55,45.57,47.33,6.66
242,37.78,21.83,21.41,3.22,90.55,45.47,47.33,6.66
243,37.71,21.83,21.41,3.22,90.55,45.57,47.22,6.66
244,37.78,21.8,21.37,3.22,90.55,45.57,47.33,6.66
245,37.71,21.8,21.37,3.23,90.55,45.57,47.33,6.67
246,37.71,21.8,21.41,3.23,90.55,45.57,47.33,6.68
247,37.71,21.8,21.37,3.23,90.55,45.47,47.33,6.69
248,37.71,21.8,21.37,3.23,90.55,45.57,47.33,6.68
249,37.71,21.8,21.41,3.23,90.55,45.57,47.33,6.69
250,37.71,21.77,21.41,3.23,90.55,45.47,47.33,6.69
251,37.78,21.77,21.41,3.22,90.55,45.37,47.33,6.69
252,37.71,21.73,21.37,3.23,90.23,45.47,47.22,6.69
253,37.78,21.77,21.41,3.22,90.55,45.47,47.22,6.7
254,37.78,21.73,21.41,3.22,90.55,45.47,47.22,6.7
255,37.78,21.77,21.41,3.23,90.55,45.47,47.33,6.7
256,37.78,21.77,21.41,3.23,90.55,45.47,47.22,6.7
257,37.78,21.77,21.41,3.23,90.55,45.47,47.33,6.7
258,37.78,21.77,21.41,3.22,90.55,45.47,47.33,6.71
259,37.71,21.77,21.37,3.23,90.55,45.47,47.33,6.71
260,37.71,21.73,21.37,3.23,90.55,45.47,47.33,6.71
261,37.78,21.73,21.41,3.23,90.55,45.47,47.33,6.71
262,37.78,21.73,21.41,3.23,90.55,45.47,47.33,6.71
263,37.78,21.77,21.44,3.22,90.88,45.47,47.33,6.72
264,37.86,21.77,21.44,3.23,90.55,45.57,47.44,6.72
265,37.86,21.77,21.44,3.23,90.55,45.47,47.44,6.72
266,37.86,21.77,21.47,3.23,90.88,45.47,47.44,6.72
267,37.86,21.77,21.47,3.23,90.88,45.47,47.44,6.73
268,37.86,21.77,21.47,3.23,90.88,45.47,47.44,6.73
269,37.86,21.77,21.47,3.23,90.88,45.47,47.44,6.73
270,37.86,21.8,21.47,3.23,90.88,45.57,47.54,6.73
271,37.86,21.77,21.47,3.23,90.88,45.67,47.44,6.73
272,37.86,21.77,21.5,3.23,91.2,45.57,47.54,6.74
273,37.93,21.77,21.53,3.23,91.2,45.47,47.54,6.75
274,37.93,21.8,21.53,3.23,91.2,45.67,47.54,6.75
275,37.93,21.8,21.53,3.23,91.2,45.57,47.54,6.75
276,37.93,21.8,21.5,3.23,91.2,45.47,47.54,6.75
277,37.86,21.8,21.47,3.23,91.2,45.57,47.54,6.76
278,37.78,21.77,21.47,3.23,90.88,45.57,47.54,6.77
279,37.78,21.77,21.47,3.23,91.2,45.47,47.54,6.76
280,37.86,21.83,21.47,3.23,91.2,45.67,47.54,6.76
281,37.86,21.83,21.47,3.23,90.88,45.57,47.65,6.77
282,37.78,21.83,21.47,3.23,90.88,45.57,47.54,6.77
283,37.78,21.8,21.47,3.23,90.88,45.57,47.54,6.76
284,37.78,21.8,21.47,3.23,90.88,45.67,47.54,6.77
285,37.78,21.8,21.47,3.23,91.2,45.67,47.54,6.78
286,37.78,21.8,21.47,3.23,90.88,45.57,47.54,6.78
287,37.78,21.8,21.47,3.24,91.2,45.67,47.54,6.78
288,37.78,21.8,21.47,3.23,90.88,45.67,47.54,6.78
289,37.71,21.8,21.47,3.23,90.88,45.57,47.54,6.79
290,37.78,21.8,21.47,3.23,91.2,45.67,47.54,6.79
291,37.78,21.8,21.47,3.24,90.88,45.57,47.54,6.79
292,37.86,21.8,21.47,3.24,90.88,45.57,47.54,6.79
293,37.86,21.83,21.5,3.23,90.88,45.67,47.44,6.79
294,37.78,21.83,21.47,3.23,90.88,45.67,47.54,6.79
295,37.78,21.8,21.44,3.24,90.88,45.57,47.54,6.8
296,37.78,21.8,21.44,3.24,90.88,45.57,47.54,6.8
297,37.71,21.83,21.41,3.24,90.88,45.57,47.54,6.8
298,37.64,21.8,21.41,3.24,90.88,45.67,47.54,6.8
299,37.64,21.8,21.37,3.24,90.88,45.67,47.54,6.8
300,37.64,21.86,21.37,3.23,90.88,45.67,47.44,6.8
301,37.64,21.83,21.37,3.24,90.55,45.67,47.54,6.8
302,37.71,21.8,21.37,3.24,90.55,45.67,47.54,6.8
303,37.64,21.8,21.37,3.24,90.55,45.57,47.44,6.81
304,37.64,21.83,21.37,3.24,90.55,45.77,47.44,6.8
305,37.64,21.83,21.37,3.23,90.55,45.57,47.44,6.8
306,37.64,21.83,21.37,3.23,90.55,45.57,47.44,6.8
307,37.71,21.8,21.37,3.24,90.55,45.67,47.44,6.8
308,37.64,21.8,21.41,3.24,90.55,45.67,47.44,6.8
309,37.64,21.8,21.37,3.24,90.88,45.57,47.33,6.81
310,37.71,21.77,21.37,3.24,90.88,45.67,47.33,6.8
311,37.71,21.77,21.41,3.24,90.55,45.57,47.44,6.81
312,37.71,21.77,21.44,3.24,90.88,45.57,47.44,6.8
313,37.78,21.8,21.47,3.24,90.88,45.57,47.54,6.81
314,37.86,21.83,21.47,3.24,91.2,45.67,47.54,6.81
315,37.78,21.83,21.47,3.24,90.88,45.57,47.54,6.82
316,37.86,21.8,21.47,3.24,91.2,45.67,47.54,6.82
317,37.86,21.83,21.47,3.24,91.2,45.67,47.65,6.82
318,37.86,21.83,21.5,3.24,91.2,45.67,47.65,6.83
319,37.86,21.86,21.5,3.24,91.54,45.67,47.65,6.82
320,37.86,21.86,21.5,3.24,91.2,45.77,47.65,6.83
321,37.86,21.83,21.5,3.24,91.2,45.77,47.65,6.83
322,37.86,21.83,21.5,3.24,91.2,45.77,47.65,6.83
323,37.93,21.86,21.5,3.24,91.2,45.77,47.65,6.83
324,37.93,21.83,21.5,3.24,91.2,45.67,47.65,6.84
325,37.93,21.83,21.5,3.24,91.2,45.77,47.65,6.83
326,37.93,21.83,21.5,3.25,91.2,45.67,47.76,6.83
327,38.01,21.8,21.5,3.24,91.2,45.67,47.65,6.83
328,38.01,21.83,21.53,3.24,91.2,45.77,47.65,6.84
329,37.93,21.8,21.53,3.25,91.2,45.77,47.76,6.84
330,37.93,21.83,21.5,3.25,91.54,45.67,47.76,6.84
331,37.93,21.83,21.5,3.24,91.2,45.77,47.86,6.84
332,38.01,21.86,21.53,3.25,91.2,45.67,47.76,6.83
333,38.01,21.86,21.53,3.24,91.2,45.77,47.76,6.84
334,38.01,21.86,21.57,3.25,91.2,45.77,47.76,6.84
335,38.01,21.9,21.53,3.25,91.54,45.77,47.86,6.84
336,38.01,21.9,21.57,3.25,91.54,45.87,47.86,6.85
337,38.01,21.86,21.53,3.25,91.54,45.77,47.86,6.84
338,37.93,21.86,21.57,3.24,91.54,45.77,47.86,6.85
339,37.93,21.86,21.53,3.25,91.54,45.77,47.86,6.85
340,37.93,21.83,21.53,3.24,91.2,45.67,47.86,6.85
341,37.93,21.83,21.53,3.24,91.54,45.67,47.76,6.85
342,37.93,21.8,21.5,3.24,91.2,45.67,47.76,6.84
343,37.93,21.83,21.53,3.24,91.2,45.67,47.76,6.85
344,37.93,21.83,21.5,3.24,91.54,45.77,47.76,6.84
345,37.86,21.86,21.5,3.25,91.2,45.67,47.76,6.84
346,37.86,21.86,21.5,3.24,91.54,45.67,47.86,6.85
347,37.86,21.83,21.5,3.25,91.2,45.67,47.76,6.85
348,37.93,21.9,21.53,3.25,91.54,45.77,47.86,6.85
349,37.93,21.86,21.53,3.25,91.54,45.77,47.86,6.86
350,37.93,21.86,21.53,3.25,91.2,45.77,47.86,6.85
351,37.93,21.9,21.53,3.25,91.54,45.87,47.97,6.86
352,37.93,21.9,21.53,3.25,91.54,45.87,47.86,6.86
353,37.93,21.9,21.5,3.25,91.54,45.87,47.86,6.87
354,37.86,21.9,21.5,3.25,91.2,45.87,47.86,6.87
355,37.86,21.9,21.5,3.25,91.54,45.87,47.97,6.87
356,37.71,21.86,21.44,3.25,91.2,45.77,47.65,6.87
357,37.71,21.86,21.44,3.25,91.2,45.87,47.76,6.87
358,37.71,21.9,21.41,3.25,91.2,45.77,47.76,6.87
359,37.64,21.86,21.41,3.25,90.88,45.87,47.76,6.87
360,37.78,21.9,21.41,3.26,91.2,45.87,47.76,6.87
361,37.71,21.93,21.41,3.25,90.88,45.97,47.76,6.87
362,37.71,21.9,21.41,3.25,90.88,45.87,47.76,6.88
363,37.71,21.96,21.41,3.25,90.88,45.97,47.86,6.89
364,37.78,22.0,21.44,3.25,91.2,46.07,47.86,6.89
365,37.71,21.96,21.44,3.25,91.2,45.97,47.86,6.88
366,37.71,21.96,21.44,3.25,90.88,45.97,47.76,6.9
367,37.71,21.96,21.47,3.27,91.2,45.97,47.86,6.89
368,37.71,21.96,21.44,3.26,91.2,46.07,47.86,6.89
369,37.71,22.0,21.44,3.25,91.2,45.97,47.86,6.89
370,37.71,21.96,21.44,3.26,91.2,46.07,47.76,6.9
371,37.71,21.96,21.44,3.25,91.2,46.07,47.76,6.91
372,37.78,21.96,21.47,3.26,91.2,45.97,47.76,6.9
373,37.86,22.0,21.47,3.26,91.2,46.07,47.86,6.9
374,37.86,22.0,21.5,3.26,91.2,45.97,47.86,6.9
375,37.86,21.96,21.5,3.25,91.2,45.97,47.86,6.9
376,37.86,22.0,21.5,3.26,91.2,46.07,47.86,6.9
377,37.86,21.96,21.5,3.26,91.2,46.07,47.86,6.91
378,37.86,22.0,21.5,3.26,91.54,46.07,47.86,6.91
379,37.86,22.0,21.5,3.27,91.54,46.07,47.86,6.9
380,37.93,22.0,21.53,3.27,91.54,46.07,47.86,6.9
381,37.93,21.96,21.53,3.27,91.54,45.97,47.86,6.9
382,37.93,21.96,21.53,3.27,91.54,46.07,47.86,6.91
383,38.01,22.0,21.57,3.27,91.54,45.97,47.86,6.9
384,38.01,21.96,21.57,3.27,91.54,45.97,47.97,6.91
385,38.01,22.0,21.6,3.26,91.54,46.07,47.97,6.91
386,38.01,21.96,21.57,3.26,91.54,45.97,47.86,6.91
387,38.01,22.0,21.6,3.27,91.87,46.07,47.97,6.91
388,38.08,22.0,21.63,3.26,91.87,46.07,48.08,6.91
389,38.08,22.06,21.63,3.27,92.2,46.27,48.08,6.91
390,38.08,22.03,21.63,3.27,91.87,46.17,48.08,6.91
391,38.08,22.03,21.66,3.27,91.87,46.17,48.19,6.91
392,38.08,22.03,21.63,3.27,92.2,46.17,48.19,6.91
393,38.16,22.03,21.63,3.27,91.87,46.17,48.08,6.91
394,38.08,22.03,21.63,3.27,91.87,46.07,48.08,6.91
395,38.08,22.06,21.63,3.26,91.87,46.07,48.08,6.91
396,38.08,22.03,21.66,3.27,92.2,46.17,48.08,6.91
397,38.08,22.03,21.63,3.27,91.87,46.17,48.08,6.91
398,38.08,22.03,21.66,3.26,92.2,46.07,48.08,6.91
399,38.16,22.03,21.66,3.26,91.87,46.07,48.08,6.91
400,38.16,22.03,21.66,3.26,91.87,46.17,48.19,6.91
401,38.23,22.03,21.69,3.26,92.2,46.07,48.19,6.91
402,38.23,22.03,21.73,3.27,92.2,46.07,48.19,6.91
403,38.3,22.06,21.73,3.27,92.2,46.17,48.19,6.92
404,38.3,22.03,21.73,3.27,92.2,46.17,48.19,6.92
405,38.3,22.03,21.73,3.27,92.2,46.17,48.19,6.91
406,38.3,22.0,21.69,3.27,92.2,46.07,48.3,6.91
407,38.23,22.0,21.66,3.26,92.2,46.07,48.19,6.91
408,38.23,22.0,21.66,3.27,92.2,46.07,48.19,6.91
409,38.16,22.03,21.66,3.26,91.87,46.07,48.19,6.91
410,38.16,21.96,21.6,3.26,91.87,46.07,48.08,6.91
411,38.08,22.0,21.6,3.26,91.87,46.07,48.08,6.91
412,38.01,22.0,21.6,3.27,91.87,46.07,48.08,6.91
413,38.01,22.0,21.6,3.26,91.87,46.07,48.08,6.91
414,38.01,22.0,21.6,3.26,91.87,46.07,48.08,6.91
415,38.01,22.0,21.57,3.26,91.87,45.97,48.08,6.91
416,38.01,22.0,21.57,3.26,91.54,46.07,47.97,6.91
417,38.01,22.0,21.57,3.26,91.87,45.97,48.08,6.91
418,38.01,22.0,21.57,3.27,91.54,46.07,48.08,6.91
419,38.01,22.03,21.6,3.25,91.87,46.07,48.08,6.91
420,38.01,22.0,21.6,3.26,91.87,46.07,48.08,6.91
421,38.08,22.03,21.6,3.26,91.87,46.17,48.08,6.91
422,38.01,22.03,21.6,3.27,91.87,46.17,48.08,6.91
423,38.01,22.03,21.63,3.27,91.87,46.17,48.19,6.91
424,38.01,22.0,21.6,3.26,91.87,46.07,48.19,6.91
425,38.01,22.03,21.57,3.26,91.87,46.07,48.08,6.91
426,38.01,22.0,21.57,3.27,91.87,46.07,48.08,6.91
427,38.01,22.03,21.6,3.27,91.87,46.17,48.08,6.91
428,38.01,22.03,21.57,3.26,91.87,46.17,48.08,6.92
429,38.01,22.03,21.57,3.27,91.87,46.17,48.19,6.92
430,38.01,22.03,21.57,3.26,91.87,46.07,48.08,6.91
431,38.01,22.03,21.6,3.27,91.87,46.07,48.19,6.92
432,38.01,22.03,21.6,3.27,91.87,46.17,48.08,6.91
433,38.01,22.03,21.6,3.27,91.87,46.17,48.08,6.92
434,38.01,22.03,21.63,3.27,91.87,46.07,48.08,6.91
435,38.08,22.03,21.6,3.26,91.87,46.07,48.08,6.91
436,38.08,22.03,21.6,3.27,91.87,46.17,48.08,6.92
437,38.01,22.0,21.6,3.26,91.87,46.07,48.08,6.91
438,38.08,22.0,21.63,3.26,91.87,46.17,48.08,6.91
439,38.08,22.0,21.63,3.26,91.87,46.07,48.08,6.91
440,38.08,22.0,21.63,3.26,92.2,46.07,47.97,6.91
441,38.16,22.0,21.63,3.26,92.2,45.97,48.08,6.91
442,38.08,22.0,21.63,3.26,91.87,45.87,48.08,6.91
443,38.08,22.0,21.6,3.25,91.87,45.97,47.97,6.91
444,38.01,21.93,21.6,3.26,91.87,45.97,48.08,6.91
445,37.93,21.93,21.57,3.25,91.54,45.97,47.97,6.91
446,37.93,21.93,21.53,3.25,91.87,45.87,47.97,6.91
447,37.93,21.93,21.53,3.26,91.87,45.87,47.97,6.91
448,37.93,21.93,21.53,3.26,91.87,45.87,47.97,6.91
449,37.93,21.96,21.53,3.26,91.54,45.97,47.97,6.91
450,37.93,21.96,21.53,3.26,91.87,45.97,47.97,6.91
451,37.93,22.0,21.53,3.26,91.54,45.97,47.97,6.91
452,37.86,21.93,21.53,3.26,91.54,45.87,47.97,6.91
453,37.86,21.96,21.53,3.26,91.54,45.97,47.97,6.91
454,37.86,21.96,21.53,3.26,91.54,45.97,47.97,6.91
455,37.93,21.96,21.53,3.26,91.54,45.97,47.97,6.91
456,37.93,21.93,21.57,3.26,91.54,45.97,47.97,6.91
457,37.93,21.96,21.53,3.25,91.87,45.97,47.97,6.91
458,38.01,21.93,21.57,3.26,91.54,45.87,47.97,6.91
459,37.93,21.96,21.53,3.25,91.87,45.97,47.97,6.91
460,37.86,21.93,21.53,3.26,91.54,45.97,47.86,6.91
461,37.93,21.93,21.53,3.26,91.2,45.97,47.97,6.91
462,37.86,21.9,21.47,3.25,91.54,45.87,47.86,6.91
463,37.86,21.9,21.47,3.25,91.54,45.87,47.86,6.9
464,37.86,21.9,21.47,3.26,91.2,45.87,47.86,6.9
465,37.86,21.9,21.47,3.25,91.2,45.87,47.86,6.91
466,37.86,21.9,21.44,3.25,91.2,45.87,47.86,6.91
467,37.86,21.9,21.47,3.25,91.2,45.97,47.86,6.91
468,37.86,21.93,21.47,3.25,91.54,45.97,47.97,6.91
469,37.86,21.9,21.47,3.26,91.2,45.87,47.97,6.91
470,37.86,21.96,21.5,3.26,91.54,45.97,47.97,6.91
471,37.93,22.0,21.53,3.26,91.54,45.97,48.08,6.91
472,37.93,21.96,21.53,3.26,91.87,45.97,47.97,6.91
473,37.93,21.93,21.53,3.26,91.54,45.97,47.97,6.91
474,37.93,21.93,21.53,3.26,91.54,45.87,48.08,6.91
475,37.93,21.96,21.53,3.26,91.54,45.97,47.97,6.91
476,38.01,21.93,21.57,3.25,91.54,45.87,48.08,6.91
477,37.93,21.93,21.57,3.25,91.54,45.87,48.08,6.91
478,37.93,21.93,21.57,3.25,91.54,45.97,47.97,6.91
479,37.93,21.93,21.57,3.26,91.87,45.97,47.97,6.91
480,38.01,21.96,21.6,3.25,91.87,45.97,48.08,6.91
481,38.08,21.93,21.6,3.26,91.87,45.97,48.19,6.91
482,38.08,22.0,21.63,3.27,92.2,45.97,48.19,6.91
483,38.16,22.0,21.63,3.25,92.2,46.07,48.19,6.92
484,38.16,22.0,21.63,3.26,92.2,46.07,48.19,6.92
485,38.16,21.96,21.66,3.26,92.2,46.07,48.3,6.92
486,38.08,21.96,21.66,3.26,92.2,45.97,48.3,6.92
487,38.08,21.96,21.66,3.27,92.2,46.07,48.3,6.91
488,38.08,21.96,21.63,3.26,92.2,45.97,48.3,6.92
489,38.01,21.96,21.63,3.27,92.2,45.97,48.19,6.91
490,38.01,21.93,21.6,3.26,92.2,46.07,48.19,6.92
491,38.01,21.96,21.6,3.26,92.2,45.97,48.19,6.91
492,38.01,21.93,21.6,3.27,91.87,45.87,48.19,6.91
493,38.01,21.93,21.57,3.27,91.87,45.87,48.08,6.91
494,37.93,21.93,21.57,3.26,91.87,45.87,48.08,6.92
495,37.86,21.9,21.57,3.27,91.87,45.87,48.08,6.91
496,37.86,21.9,21.53,3.25,91.54,45.77,47.97,6.91
497,37.78,21.86,21.5,3.25,91.87,45.77,47.86,6.91
498,37.78,21.83,21.47,3.25,91.54,45.67,47.86,6.91
499,37.78,21.86,21.47,3.25,91.54,45.77,47.86,6.91
500,37.78,21.83,21.47,3.26,91.2,45.77,47.76,6.91
501,37.71,21.86,21.47,3.25,91.2,45.77,47.76,6.91
502,37.78,21.86,21.47,3.25,91.2,45.77,47.76,6.91
503,37.78,21.86,21.47,3.25,91.54,45.77,47.86,6.91
504,37.78,21.86,21.41,3.25,91.2,45.77,47.86,6.91
505,37.78,21.86,21.44,3.26,91.2,45.77,47.86,6.91
506,37.78,21.9,21.44,3.25,91.2,45.87,47.86,6.91
507,37.78,21.9,21.47,3.25,91.54,45.77,47.86,6.92
508,37.78,21.9,21.47,3.26,91.54,45.77,47.97,6.91
509,37.78,21.9,21.44,3.25,91.2,45.77,47.86,6.91
510,37.78,21.86,21.44,3.27,91.54,45.87,47.86,6.92
511,37.78,21.9,21.47,3.26,91.2,45.87,47.86,6.91
512,37.78,21.9,21.47,3.26,91.54,45.77,47.86,6.92
513,37.78,21.9,21.47,3.26,91.2,45.77,47.97,6.92
514,37.78,21.86,21.47,3.25,91.54,45.87,47.97,6.92
515,37.78,21.9,21.47,3.25,91.54,45.87,47.97,6.92
516,37.78,21.9,21.47,3.26,91.54,45.87,47.86,6.92
517,37.71,21.9,21.47,3.25,91.2,45.87,47.86,6.92
518,37.71,21.83,21.41,3.25,91.2,45.87,47.76,6.92
519,37.64,21.86,21.41,3.26,91.2,45.87,47.86,6.92
520,37.64,21.86,21.37,3.26,91.2,45.87,47.76,6.92
521,37.64,21.86,21.37,3.26,90.88,45.87,47.76,6.91
522,37.64,21.9,21.37,3.26,91.2,45.87,47.76,6.92
523,37.64,21.86,21.41,3.27,91.2,45.77,47.76,6.92
524,37.71,21.9,21.41,3.26,91.2,45.87,47.86,6.92
525,37.71,21.9,21.44,3.27,91.2,45.97,47.86,6.93
526,37.78,21.9,21.44,3.26,91.2,45.87,47.86,6.93
527,37.71,21.9,21.44,3.27,91.2,45.87,47.86,6.94
528,37.71,21.9,21.44,3.26,91.2,45.87,47.76,6.93
529,37.78,21.9,21.44,3.26,91.2,45.87,47.76,6.93
530,37.71,21.86,21.44,3.26,91.2,45.77,47.86,6.92
531,37.71,21.9,21.44,3.26,91.2,45.77,47.76,6.93
532,37.78,21.9,21.44,3.27,91.2,45.87,47.86,6.92
533,37.78,21.86,21.47,3.27,91.2,45.87,47.76,6.93
534,37.78,21.86,21.44,3.26,91.2,45.87,47.86,6.93
535,37.71,21.9,21.47,3.26,91.2,45.77,47.86,6.93
536,37.86,21.9,21.47,3.26,91.2,45.87,47.86,6.93
537,37.86,21.9,21.5,3.26,91.2,45.87,47.86,6.94
538,37.86,21.93,21.5,3.26,91.54,45.87,47.97,6.93
539,37.86,21.9,21.53,3.27,91.54,45.97,47.97,6.94
540,37.93,21.93,21.5,3.27,91.87,45.97,48.08,6.95
541,37.93,21.93,21.53,3.26,91.54,45.97,47.97,6.94
542,37.86,21.9,21.5,3.27,91.54,45.87,47.86,6.94
543,37.78,21.86,21.53,3.27,91.54,45.77,47.86,6.93
544,37.78,21.83,21.47,3.27,91.54,45.77,47.86,6.94
545,37.78,21.83,21.47,3.27,91.54,45.77,47.86,6.94
546,37.78,21.86,21.47,3.26,91.54,45.77,47.76,6.93
547,37.78,21.8,21.47,3.26,91.2,45.67,47.76,6.93
548,37.71,21.83,21.47,3.27,91.2,45.77,47.86,6.93
549,37.71,21.83,21.44,3.26,91.2,45.77,47.76,6.92
550,37.78,21.83,21.44,3.26,91.54,45.77,47.76,6.93
551,37.78,21.83,21.44,3.25,91.54,45.67,47.76,6.94
552,37.78,21.83,21.44,3.26,91.2,45.77,47.86,6.94
553,37.78,21.83,21.44,3.26,91.2,45.67,47.76,6.94
554,37.86,21.83,21.47,3.26,91.2,45.77,47.86,6.93
555,37.78,21.83,21.47,3.26,91.54,45.77,47.86,6.94
556,37.86,21.83,21.5,3.26,91.54,45.67,47.86,6.94
557,37.86,21.83,21.5,3.26,91.54,45.77,47.86,6.94
558,37.86,21.83,21.5,3.26,91.54,45.77,47.86,6.93
559,37.78,21.83,21.5,3.27,91.54,45.77,47.86,6.94
560,37.86,21.83,21.5,3.27,91.54,45.77,47.97,6.94
561,37.86,21.86,21.5,3.27,91.54,45.77,47.97,6.94
562,37.71,21.86,21.5,3.26,91.87,45.77,47.97,6.94
563,37.86,21.83,21.47,3.27,91.54,45.77,47.97,6.94
564,37.78,21.83,21.47,3.26,91.54,45.77,47.97,6.94
565,37.78,21.86,21.47,3.26,91.54,45.67,47.97,6.95
566,37.78,21.86,21.5,3.26,91.87,45.77,47.97,6.95
567,37.86,21.83,21.5,3.27,91.87,45.77,47.97,6.95
568,37.78,21.83,21.47,3.27,91.54,45.77,47.97,6.95
569,37.78,21.83,21.5,3.27,91.54,45.77,47.97,6.95
570,37.78,21.83,21.5,3.26,91.54,45.77,47.97,6.95
571,37.86,21.83,21.5,3.26,91.54,45.77,47.97,6.95
572,37.86,21.83,21.47,3.27,91.54,45.67,47.97,6.95
573,37.86,21.83,21.47,3.27,91.54,45.67,47.97,6.95
574,37.86,21.8,21.47,3.27,91.54,45.67,47.86,6.95
575,37.93,21.83,21.5,3.27,91.54,45.77,47.97,6.94
576,37.86,21.86,21.5,3.27,91.54,45.87,47.97,6.95
577,37.86,21.83,21.53,3.27,91.54,45.77,48.08,6.96
578,37.93,21.83,21.53,3.27,91.54,45.67,47.97,6.95
579,37.86,21.83,21.53,3.27,91.54,45.77,47.97,6.95
580,37.93,21.86,21.53,3.27,91.87,45.77,48.08,6.95
581,37.93,21.83,21.53,3.27,91.87,45.77,48.08,6.95
582,37.93,21.83,21.53,3.27,91.87,45.67,48.08,6.96
583,37.93,21.83,21.57,3.27,91.87,45.77,48.08,6.96
584,37.93,21.83,21.53,3.26,91.87,45.77,47.97,6.96
585,37.86,21.8,21.53,3.27,91.54,45.77,48.08,6.96
586,37.86,21.8,21.53,3.27,91.87,45.77,47.97,6.95
587,37.93,21.8,21.53,3.27,91.54,45.77,47.97,6.95
588,37.86,21.83,21.5,3.26,91.54,45.77,48.08,6.96
589,37.93,21.83,21.5,3.27,91.54,45.77,47.97,6.95
590,37.93,21.8,21.53,3.27,91.54,45.77,47.97,6.96
591,37.86,21.83,21.5,3.27,91.54,45.67,48.08,6.95
592,37.86,21.8,21.47,3.26,91.54,45.67,47.97,6.96
593,37.86,21.83,21.47,3.27,91.54,45.67,47.97,6.96
594,37.78,21.8,21.44,3.26,91.54,45.67,47.97,6.96
595,37.78,21.8,21.44,3.27,91.2,45.67,47.97,6.95
596,37.78,21.8,21.44,3.26,91.54,45.77,47.97,6.96
597,37.78,21.83,21.44,3.27,91.54,45.67,47.97,6.96
598,37.71,21.83,21.44,3.27,91.2,45.67,47.86,6.96
599,37.71,21.8,21.44,3.27,91.2,45.67,47.97,6.95
