0,37.78,21.57,21.5,3.34,95.32,46.48,48.96,7.38
1,37.86,21.57,21.47,3.34,95.32,46.58,48.96,7.38
2,37.78,21.54,21.44,3.34,95.32,46.48,48.96,7.38
3,37.78,21.57,21.47,3.34,94.97,46.48,48.96,7.38
4,37.78,21.54,21.44,3.33,94.97,46.48,48.96,7.38
5,37.86,21.57,21.47,3.34,95.32,46.48,48.96,7.38
6,37.86,21.54,21.47,3.34,94.97,46.48,48.96,7.38
7,37.93,21.54,21.47,3.35,95.32,46.48,48.96,7.39
8,37.86,21.54,21.47,3.34,94.97,46.48,48.96,7.39
9,37.86,21.51,21.47,3.33,94.97,46.38,48.85,7.38
10,37.86,21.51,21.47,3.33,94.61,46.48,48.85,7.39
11,37.78,21.51,21.44,3.33,94.97,46.38,48.85,7.38
12,37.78,21.48,21.44,3.33,94.97,46.27,48.85,7.39
13,37.78,21.51,21.44,3.34,94.97,46.38,48.85,7.39
14,37.78,21.51,21.44,3.34,94.97,46.38,48.85,7.38
15,37.71,21.45,21.41,3.33,94.97,46.27,48.74,7.38
16,37.78,21.51,21.41,3.33,94.61,46.27,48.74,7.39
17,37.78,21.51,21.44,3.34,94.61,46.27,48.85,7.39
18,37.71,21.48,21.44,3.33,94.61,46.27,48.74,7.39
19,37.71,21.51,21.41,3.33,94.61,46.38,48.74,7.4
20,37.78,21.45,21.41,3.33,94.61,46.38,48.74,7.39
21,37.71,21.48,21.41,3.33,94.61,46.27,48.85,7.4
22,37.71,21.48,21.37,3.33,94.61,46.17,48.85,7.4
23,37.78,21.48,21.37,3.33,94.61,46.38,48.85,7.4
24,37.78,21.51,21.37,3.34,94.61,46.38,48.85,7.4
25,37.71,21.51,21.41,3.34,94.61,46.27,48.85,7.4
26,37.78,21.51,21.44,3.34,94.97,46.38,48.85,7.41
27,37.78,21.51,21.44,3.34,94.97,46.48,48.96,7.41
28,37.86,21.51,21.47,3.34,94.97,46.48,48.85,7.41
29,37.86,21.51,21.47,3.34,94.97,46.38,48.96,7.42
30,37.86,21.51,21.47,3.34,94.97,46.38,48.96,7.42
31,37.93,21.48,21.5,3.34,95.32,46.38,48.85,7.42
32,37.93,21.51,21.5,3.33,95.32,46.38,48.85,7.42
33,37.93,21.51,21.5,3.33,95.32,46.48,48.96,7.42
34,37.93,21.54,21.53,3.34,95.32,46.38,48.96,7.43
35,37.93,21.54,21.53,3.33,95.32,46.38,49.07,7.42
36,38.01,21.57,21.53,3.33,94.97,46.48,49.07,7.43
37,37.93,21.57,21.57,3.34,95.32,46.58,49.07,7.44
38,37.93,21.54,21.57,3.34,95.68,46.48,49.07,7.44
39,37.93,21.54,21.53,3.34,95.32,46.48,49.07,7.44
40,37.93,21.54,21.53,3.35,95.32,46.48,49.18,7.44
41,37.86,21.57,21.53,3.34,95.32,46.48,49.07,7.44
42,37.86,21.54,21.53,3.34,95.32,46.58,49.07,7.44
43,37.86,21.57,21.5,3.34,95.32,46.58,49.07,7.45
44,37.86,21.61,21.53,3.34,95.32,46.58,49.07,7.45
45,37.78,21.61,21.5,3.35,95.32,46.58,49.07,7.46
46,37.78,21.61,21.5,3.35,95.32,46.58,49.07,7.46
47,37.78,21.57,21.47,3.35,95.32,46.58,49.07,7.47
48,37.71,21.64,21.47,3.35,95.32,46.69,49.07,7.46
49,37.78,21.61,21.47,3.35,95.32,46.69,49.07,7.47
50,37.71,21.64,21.44,3.35,94.97,46.69,49.07,7.47
51,37.71,21.64,21.47,3.35,95.32,46.69,48.96,7.47
52,37.78,21.64,21.53,3.35,94.97,46.69,48.96,7.48
53,38.01,21.64,21.63,3.35,95.68,46.69,48.85,7.48
54,38.01,21.64,21.69,3.36,95.68,46.69,48.85,7.49
55,38.16,21.64,21.73,3.35,95.68,46.69,48.62,7.45
56,38.16,21.61,21.53,3.32,94.97,46.69,46.29,7.16
57,37.49,21.57,20.72,3.2,90.55,46.69,41.62,6.13
58,37.35,21.61,20.54,3.16,89.58,46.69,40.95,5.89
59,36.5,21.61,19.69,2.9,83.58,46.58,37.97,4.63
60,35.54,21.61,18.92,2.56,78.52,46.58,35.85,3.51
61,34.76,21.61,18.36,2.23,74.66,46.58,34.47,2.73
62,34.06,21.61,17.88,1.92,71.76,46.69,33.3,2.19
63,33.62,21.61,17.66,1.77,70.28,46.58,32.76,1.97
64,32.96,21.61,17.25,1.52,67.87,46.58,31.79,1.65
65,32.49,21.61,16.98,1.38,66.53,46.69,31.23,1.51
66,32.37,21.61,16.94,1.35,65.97,46.69,31.01,1.46
67,32.09,21.61,16.78,1.28,65.05,46.69,30.64,1.38
68,31.58,21.57,16.48,1.16,63.45,46.58,29.96,1.25
69,31.41,21.61,16.37,1.11,62.76,46.48,29.66,1.21
70,31.3,21.61,16.32,1.1,62.59,46.58,29.55,1.19
71,31.14,21.61,16.23,1.07,62.09,46.58,29.36,1.16
72,31.03,21.57,16.14,1.04,61.42,46.48,29.01,1.12
73,30.87,21.57,16.06,1.01,61.1,46.38,28.82,1.1
74,30.87,21.57,16.01,1.0,60.77,46.38,28.77,1.09
75,30.76,21.54,15.95,0.98,60.45,46.38,28.57,1.07
76,30.71,21.54,15.9,0.97,60.45,46.38,28.48,1.06
77,30.6,21.54,15.84,0.95,59.82,46.27,28.24,1.04
78,30.55,21.54,15.8,0.94,59.66,46.27,28.2,1.03
79,30.5,21.54,15.8,0.93,59.51,46.17,28.15,1.02
80,30.44,21.51,15.71,0.92,59.2,46.17,28.01,1.0
81,30.34,21.51,15.69,0.92,59.2,46.17,27.92,1.0
82,30.34,21.51,15.67,0.91,59.04,46.07,27.92,1.0
83,30.23,21.48,15.63,0.91,58.89,46.07,27.82,1.0
84,30.13,21.45,15.59,0.9,58.74,45.97,27.69,0.98
85,30.13,21.45,15.54,0.89,58.44,45.97,27.6,0.98
86,30.08,21.45,15.54,0.89,58.44,45.97,27.6,0.97
87,30.08,21.45,15.52,0.89,58.44,45.97,27.6,0.97
88,30.03,21.48,15.5,0.88,58.29,45.87,27.46,0.97
89,30.03,21.48,15.5,0.88,58.14,45.87,27.51,0.96
90,30.03,21.48,15.46,0.87,58.14,45.97,27.42,0.96
91,29.97,21.45,15.46,0.87,58.14,45.97,27.37,0.96
92,29.97,21.45,15.46,0.87,57.99,45.97,27.33,0.96
93,29.97,21.45,15.42,0.87,57.84,45.87,27.33,0.95
94,29.92,21.41,15.42,0.86,57.99,45.87,27.28,0.95
95,29.97,21.48,15.42,0.87,57.84,45.87,27.24,0.95
96,29.92,21.45,15.42,0.87,57.84,45.87,27.24,0.95
97,29.92,21.45,15.42,0.86,57.69,45.87,27.24,0.95
98,29.92,21.45,15.42,0.86,57.69,45.87,27.24,0.94
99,29.97,21.45,15.42,0.86,57.69,45.87,27.19,0.94
100,29.97,21.48,15.42,0.85,57.69,45.97,27.19,0.94
101,29.97,21.45,15.42,0.85,57.84,45.97,27.19,0.94
102,29.92,21.45,15.42,0.85,57.84,45.87,27.19,0.94
103,29.92,21.45,15.42,0.85,57.69,45.87,27.19,0.94
104,29.87,21.45,15.4,0.85,57.69,45.67,27.15,0.94
105,29.92,21.45,15.4,0.85,57.69,45.77,27.1,0.94
106,29.87,21.41,15.4,0.85,57.69,45.77,27.1,0.94
107,29.87,21.38,15.4,0.85,57.54,45.67,27.1,0.94
108,29.87,21.41,15.38,0.85,57.54,45.67,27.06,0.93
109,29.87,21.38,15.36,0.85,57.54,45.77,27.06,0.93
110,29.87,21.45,15.36,0.85,57.54,45.87,27.06,0.93
111,29.87,21.41,15.36,0.85,57.54,45.77,27.06,0.93
112,29.92,21.41,15.38,0.85,57.69,45.77,27.06,0.93
113,29.87,21.41,15.38,0.85,57.69,45.77,27.06,0.93
114,29.87,21.41,15.38,0.85,57.54,45.77,27.06,0.93
115,29.87,21.41,15.38,0.85,57.54,45.77,27.06,0.93
116,29.87,21.45,15.38,0.85,57.69,45.77,27.06,0.93
117,29.87,21.41,15.4,0.85,57.69,45.87,27.1,0.93
118,29.92,21.48,15.4,0.85,57.69,45.77,27.1,0.93
119,29.92,21.48,15.4,0.85,57.54,45.77,27.1,0.93
120,29.92,21.45,15.4,0.85,57.69,45.87,27.06,0.93
121,29.87,21.45,15.4,0.85,57.69,45.77,27.1,0.93
122,29.87,21.41,15.4,0.85,57.69,45.87,27.1,0.93
123,29.87,21.45,15.4,0.85,57.69,45.87,27.06,0.93
124,29.92,21.41,15.4,0.85,57.69,45.87,27.06,0.93
125,29.87,21.45,15.4,0.85,57.69,45.77,27.06,0.93
126,29.87,21.41,15.4,0.85,57.69,45.77,27.06,0.93
127,29.87,21.41,15.38,0.85,57.69,45.67,27.02,0.93
128,29.87,21.38,15.38,0.85,57.54,45.77,27.02,0.93
129,29.87,21.35,15.38,0.85,57.69,45.67,27.06,0.93
130,29.92,21.38,15.4,0.85,57.69,45.67,27.06,0.93
131,29.92,21.38,15.38,0.85,57.69,45.67,27.06,0.93
132,29.87,21.38,15.38,0.85,57.69,45.67,27.06,0.93
133,29.87,21.38,15.38,0.85,57.69,45.67,27.02,0.93
134,29.87,21.35,15.38,0.85,57.69,45.57,27.02,0.93
135,29.87,21.35,15.38,0.85,57.69,45.57,27.02,0.92
136,29.92,21.35,15.38,0.85,57.69,45.67,27.02,0.93
137,29.87,21.32,15.38,0.85,57.54,45.57,27.02,0.93
138,29.87,21.32,15.36,0.85,57.69,45.47,26.97,0.93
139,29.87,21.32,15.36,0.85,57.54,45.47,26.97,0.92
140,29.87,21.32,15.36,0.85,57.54,45.57,26.97,0.93
141,29.87,21.32,15.33,0.85,57.54,45.47,26.93,0.93
142,29.87,21.32,15.33,0.85,57.54,45.47,26.93,0.92
143,29.87,21.32,15.33,0.85,57.4,45.47,26.93,0.93
144,29.87,21.32,15.31,0.85,57.4,45.37,26.88,0.93
145,29.87,21.32,15.33,0.85,57.4,45.47,26.88,0.92
146,29.87,21.32,15.33,0.85,57.4,45.47,26.93,0.92
147,29.87,21.32,15.33,0.85,57.4,45.47,26.93,0.92
148,29.87,21.32,15.36,0.85,57.54,45.57,26.93,0.92
149,29.92,21.35,15.36,0.85,57.54,45.47,26.93,0.92
150,29.92,21.35,15.38,0.85,57.54,45.57,26.93,0.92
151,29.92,21.32,15.38,0.85,57.54,45.47,26.97,0.92
152,29.97,21.35,15.4,0.85,57.54,45.57,26.97,0.92
153,29.92,21.32,15.38,0.85,57.54,45.47,26.88,0.92
154,29.92,21.29,15.38,0.85,57.69,45.47,26.93,0.92
155,29.92,21.32,15.38,0.85,57.54,45.47,26.93,0.92
156,29.97,21.32,15.4,0.85,57.69,45.47,27.15,0.92
157,30.18,21.32,15.61,0.86,58.89,45.47,28.29,0.93
158,30.39,21.32,15.78,0.86,60.13,45.47,29.01,0.94
159,30.76,21.35,16.08,0.87,61.76,45.47,30.06,0.96
160,30.87,21.32,16.17,0.87,62.42,45.47,30.43,0.96
161,31.41,21.32,16.55,0.9,64.51,45.57,31.62,0.99
162,31.75,21.32,16.8,0.91,66.15,45.47,32.41,1.01
163,32.26,21.29,17.22,0.95,68.66,45.47,33.72,1.05
164,32.72,21.32,17.56,0.98,70.49,45.47,34.66,1.08
165,33.08,21.32,17.78,0.99,71.55,45.57,35.31,1.11
166,33.38,21.38,18.01,1.02,72.85,45.57,35.98,1.13
167,33.56,21.35,18.11,1.03,73.52,45.57,36.32,1.15
168,34.18,21.35,18.57,1.09,76.07,45.67,37.67,1.22
169,34.31,21.32,18.68,1.11,77.03,45.67,38.11,1.25
170,34.76,21.32,18.95,1.16,78.52,45.57,38.95,1.29
171,35.01,21.35,19.14,1.19,79.54,45.67,39.49,1.34
172,35.21,21.32,19.33,1.23,80.58,45.57,39.97,1.39
173,35.48,21.32,19.47,1.26,81.38,45.67,40.54,1.42
174,35.74,21.35,19.67,1.31,82.75,45.67,41.03,1.48
175,35.81,21.35,19.78,1.34,83.3,45.67,41.54,1.52
176,35.88,21.35,19.84,1.36,83.58,45.67,41.71,1.55
177,36.15,21.35,20.04,1.43,84.73,45.67,42.41,1.64
178,36.36,21.38,20.16,1.48,85.6,45.67,42.85,1.69
179,36.43,21.38,20.18,1.48,85.6,45.77,42.94,1.7
180,36.57,21.38,20.3,1.54,86.49,45.87,43.4,1.77
181,36.64,21.41,20.36,1.58,87.09,45.77,43.67,1.82
182,36.78,21.35,20.45,1.63,87.7,45.77,43.95,1.91
183,36.85,21.35,20.54,1.69,88.32,45.77,44.33,1.97
184,36.99,21.35,20.6,1.72,88.32,45.77,44.52,2.02
185,36.99,21.38,20.66,1.75,88.64,45.87,44.71,2.06
186,37.13,21.38,20.78,1.82,89.27,45.97,45.1,2.15
187,37.2,21.41,20.81,1.86,89.58,45.97,45.29,2.21
188,37.2,21.45,20.88,1.9,89.9,45.97,45.49,2.27
189,37.27,21.38,20.91,1.93,90.23,45.97,45.59,2.31
190,37.35,21.41,20.94,1.97,90.55,45.97,45.89,2.37
191,37.42,21.45,21.0,2.04,90.88,45.97,46.09,2.48
192,37.42,21.41,21.03,2.06,91.2,46.07,46.19,2.52
193,37.42,21.41,21.06,2.1,91.2,46.07,46.29,2.57
194,37.49,21.48,21.09,2.14,91.54,46.07,46.5,2.64
195,37.49,21.45,21.12,2.18,91.87,46.07,46.6,2.71
196,37.56,21.45,21.12,2.21,91.87,46.07,46.7,2.77
197,37.56,21.45,21.15,2.24,92.2,46.07,46.81,2.81
198,37.64,21.48,21.18,2.28,92.2,46.07,46.91,2.89
199,37.64,21.45,21.22,2.33,92.2,46.07,46.91,2.97
200,37.64,21.41,21.22,2.37,92.54,46.07,47.02,3.05
201,37.64,21.45,21.18,2.38,92.54,45.97,47.02,3.07
202,37.56,21.41,21.22,2.41,92.54,46.07,47.02,3.13
203,37.71,21.45,21.22,2.46,92.54,45.97,47.22,3.22
204,37.71,21.45,21.22,2.47,92.54,46.07,47.22,3.24
205,37.71,21.48,21.25,2.51,92.88,46.17,47.33,3.33
206,37.64,21.45,21.25,2.53,92.88,46.07,47.44,3.4
207,37.71,21.45,21.25,2.55,92.88,46.07,47.44,3.44
208,37.71,21.48,21.25,2.58,92.88,46.17,47.44,3.48
209,37.64,21.48,21.25,2.6,92.88,46.17,47.54,3.54
210,37.71,21.48,21.25,2.62,92.88,46.17,47.65,3.58
211,37.64,21.48,21.25,2.65,93.22,46.17,47.65,3.67
212,37.64,21.48,21.25,2.67,93.22,46.27,47.76,3.7
213,37.64,21.48,21.25,2.68,93.22,46.17,47.76,3.74
214,37.71,21.48,21.25,2.71,93.22,46.17,47.76,3.81
215,37.71,21.51,21.28,2.72,93.22,46.17,47.76,3.85
216,37.71,21.48,21.28,2.75,93.57,46.17,47.86,3.93
217,37.71,21.48,21.28,2.76,93.57,46.27,47.86,3.97
218,37.64,21.51,21.31,2.78,93.22,46.17,47.86,4.01
219,37.78,21.48,21.28,2.8,93.57,46.07,47.97,4.07
220,37.71,21.48,21.31,2.8,93.57,46.07,47.97,4.08
221,37.71,21.45,21.31,2.81,93.57,46.17,47.97,4.12
222,37.71,21.48,21.34,2.83,93.57,46.17,47.97,4.17
223,37.78,21.51,21.34,2.85,93.57,46.17,48.08,4.25
224,37.78,21.51,21.34,2.87,93.91,46.27,48.08,4.29
225,37.71,21.51,21.34,2.87,93.91,46.27,48.08,4.3
226,37.78,21.51,21.34,2.88,93.91,46.38,48.08,4.34
227,37.71,21.51,21.34,2.9,93.91,46.38,48.08,4.41
228,37.71,21.48,21.34,2.9,93.91,46.27,48.08,4.44
229,37.71,21.48,21.31,2.91,93.91,46.17,48.08,4.45
230,37.71,21.48,21.34,2.93,93.91,46.17,48.08,4.53
231,37.78,21.51,21.37,2.93,93.91,46.27,48.08,4.54
232,37.78,21.51,21.37,2.94,93.91,46.17,48.08,4.56
233,37.86,21.51,21.41,2.95,93.91,46.27,48.19,4.61
234,37.86,21.51,21.44,2.96,94.26,46.27,48.3,4.67
235,37.86,21.51,21.44,2.97,94.26,46.17,48.19,4.69
236,37.86,21.48,21.44,2.97,93.91,46.27,48.19,4.71
237,37.78,21.51,21.41,2.98,94.26,46.27,48.3,4.75
238,37.78,21.51,21.41,2.99,93.91,46.17,48.19,4.79
239,37.78,21.48,21.41,3.0,93.91,46.17,48.19,4.81
240,37.78,21.51,21.37,3.0,93.91,46.17,48.19,4.84
241,37.78,21.48,21.37,3.01,94.26,46.17,48.19,4.88
242,37.78,21.45,21.37,3.01,93.91,46.07,48.19,4.91
243,37.78,21.45,21.34,3.02,93.91,46.17,48.19,4.94
244,37.78,21.45,21.34,3.02,93.91,46.17,48.19,4.95
245,37.71,21.45,21.31,3.03,93.57,46.07,48.08,4.99
246,37.64,21.45,21.28,3.04,93.57,46.07,48.08,5.02
247,37.71,21.45,21.28,3.04,93.57,46.07,48.08,5.03
248,37.64,21.45,21.28,3.05,93.91,46.07,48.08,5.08
249,37.64,21.41,21.28,3.04,93.57,46.17,48.08,5.08
250,37.78,21.41,21.28,3.05,93.57,46.07,47.97,5.13
251,37.64,21.45,21.25,3.06,93.57,46.07,48.08,5.14
252,37.64,21.45,21.28,3.06,93.91,46.07,48.08,5.17
253,37.64,21.45,21.31,3.07,93.91,45.97,48.08,5.19
254,37.64,21.41,21.31,3.07,93.57,46.07,48.19,5.21
255,37.71,21.48,21.31,3.08,93.91,46.07,48.19,5.23
256,37.71,21.48,21.34,3.08,93.91,46.07,48.19,5.26
257,37.71,21.45,21.34,3.08,93.91,46.07,48.19,5.28
258,37.78,21.45,21.34,3.09,93.91,46.17,48.3,5.31
259,37.78,21.48,21.34,3.09,93.91,46.17,48.19,5.34
260,37.78,21.48,21.37,3.1,94.26,46.17,48.3,5.37
261,37.78,21.48,21.37,3.1,93.91,46.17,48.3,5.38
262,37.71,21.51,21.37,3.1,94.26,46.07,48.3,5.39
263,37.78,21.48,21.37,3.11,94.26,46.17,48.3,5.43
264,37.86,21.48,21.41,3.1,93.91,46.07,48.3,5.43
265,37.86,21.45,21.41,3.12,94.26,46.07,48.3,5.46
266,37.86,21.48,21.37,3.12,94.26,46.07,48.3,5.47
267,37.78,21.45,21.41,3.12,94.26,46.07,48.3,5.5
268,37.86,21.45,21.37,3.12,94.26,46.07,48.3,5.5
269,37.86,21.45,21.41,3.13,94.26,46.17,48.41,5.54
270,37.78,21.48,21.41,3.12,94.26,46.17,48.41,5.54
271,37.86,21.48,21.44,3.13,94.26,46.17,48.41,5.57
272,37.78,21.45,21.41,3.13,94.26,46.07,48.3,5.59
273,37.78,21.45,21.37,3.14,94.26,45.97,48.3,5.6
274,37.78,21.41,21.37,3.14,94.26,45.97,48.3,5.61
275,37.64,21.38,21.34,3.14,93.91,46.07,48.19,5.62
276,37.64,21.41,21.34,3.14,93.91,45.97,48.19,5.65
277,37.64,21.41,21.34,3.14,93.91,45.97,48.19,5.67
278,37.64,21.41,21.31,3.14,93.91,45.97,48.3,5.69
279,37.64,21.38,21.31,3.15,93.91,46.07,48.3,5.71
280,37.64,21.41,21.34,3.15,93.91,45.97,48.19,5.72
281,37.71,21.41,21.34,3.15,93.91,45.97,48.19,5.74
282,37.71,21.38,21.34,3.14,93.91,45.97,48.3,5.75
283,37.71,21.41,21.34,3.15,93.91,45.97,48.19,5.75
284,37.71,21.41,21.34,3.15,93.91,45.97,48.19,5.76
285,37.71,21.38,21.34,3.16,93.91,45.97,48.3,5.79
286,37.71,21.41,21.34,3.16,93.91,45.97,48.19,5.8
287,37.71,21.38,21.34,3.17,93.91,45.97,48.19,5.81
288,37.78,21.38,21.37,3.17,93.91,45.97,48.3,5.83
289,37.78,21.38,21.34,3.17,93.91,45.87,48.3,5.84
290,37.71,21.38,21.34,3.17,94.26,45.77,48.3,5.87
291,37.71,21.35,21.34,3.18,93.91,45.87,48.19,5.87
292,37.64,21.32,21.34,3.17,93.91,45.87,48.19,5.88
293,37.71,21.32,21.31,3.17,93.91,45.77,48.19,5.88
294,37.71,21.32,21.31,3.17,93.91,45.77,48.19,5.9
295,37.64,21.29,21.31,3.18,93.91,45.87,48.19,5.91
296,37.71,21.35,21.31,3.18,93.91,45.87,48.19,5.93
297,37.71,21.32,21.34,3.17,93.91,45.87,48.19,5.93
298,37.71,21.35,21.34,3.18,93.91,45.97,48.3,5.95
299,37.71,21.38,21.34,3.19,94.61,45.97,48.3,5.97
300,37.71,21.38,21.34,3.18,93.91,45.97,48.3,5.98
301,37.64,21.35,21.31,3.19,93.91,45.87,48.19,5.99
302,37.64,21.35,21.31,3.18,93.91,45.87,48.3,6.0
303,37.64,21.35,21.31,3.19,93.91,45.97,48.3,6.01
304,37.64,21.35,21.31,3.19,93.91,45.97,48.3,6.03
305,37.64,21.38,21.31,3.19,93.91,45.97,48.3,6.04
306,37.64,21.38,21.31,3.19,93.91,45.87,48.3,6.06
307,37.64,21.38,21.31,3.19,93.91,45.77,48.41,6.06
308,37.64,21.41,21.31,3.2,94.26,46.17,48.41,6.09
309,37.64,21.41,21.31,3.21,93.91,45.97,48.41,6.09
310,37.71,21.41,21.34,3.2,94.26,46.07,48.52,6.1
311,37.71,21.41,21.34,3.2,94.26,46.07,48.41,6.11
312,37.71,21.41,21.37,3.21,94.26,45.97,48.41,6.12
313,37.71,21.45,21.41,3.21,94.26,46.07,48.52,6.14
314,37.71,21.48,21.41,3.22,94.26,46.17,48.52,6.15
315,37.71,21.45,21.37,3.21,94.26,46.17,48.52,6.16
316,37.71,21.45,21.41,3.21,94.61,46.07,48.52,6.15
317,37.71,21.48,21.37,3.21,94.26,46.07,48.52,6.17
318,37.71,21.45,21.37,3.22,94.26,46.07,48.52,6.19
319,37.71,21.45,21.34,3.22,94.26,46.07,48.52,6.2
320,37.64,21.45,21.31,3.22,94.26,46.07,48.41,6.21
321,37.56,21.45,21.34,3.22,94.26,46.07,48.41,6.21
322,37.56,21.41,21.31,3.22,93.91,46.07,48.41,6.22
323,37.64,21.41,21.31,3.22,93.91,45.97,48.41,6.23
324,37.64,21.45,21.31,3.22,94.26,46.07,48.41,6.24
325,37.64,21.45,21.34,3.22,94.26,46.07,48.41,6.26
326,37.64,21.45,21.34,3.23,94.26,46.07,48.41,6.26
327,37.71,21.45,21.34,3.22,94.26,45.97,48.41,6.26
328,37.71,21.45,21.37,3.23,94.26,46.17,48.52,6.28
329,37.71,21.45,21.37,3.23,94.61,46.07,48.41,6.3
330,37.78,21.41,21.34,3.23,94.26,45.97,48.41,6.3
331,37.71,21.41,21.34,3.22,93.91,46.07,48.41,6.3
332,37.71,21.41,21.34,3.23,93.91,46.07,48.3,6.31
333,37.71,21.41,21.34,3.23,94.26,45.97,48.41,6.31
334,37.78,21.41,21.37,3.23,94.26,45.97,48.41,6.32
335,37.78,21.45,21.41,3.23,94.26,46.07,48.41,6.34
336,37.86,21.41,21.41,3.23,94.26,46.07,48.52,6.34
337,37.86,21.41,21.44,3.23,94.26,46.07,48.52,6.35
338,37.86,21.41,21.41,3.23,94.26,45.97,48.52,6.36
339,37.86,21.38,21.41,3.23,94.26,46.07,48.52,6.37
340,37.78,21.38,21.41,3.24,94.26,45.97,48.41,6.37
341,37.78,21.38,21.41,3.23,94.61,45.97,48.41,6.37
342,37.78,21.38,21.41,3.23,94.26,45.97,48.52,6.38
343,37.78,21.38,21.41,3.23,94.61,45.87,48.52,6.39
344,37.86,21.38,21.41,3.24,94.26,45.97,48.41,6.39
345,37.86,21.38,21.37,3.24,94.26,45.97,48.41,6.41
346,37.86,21.35,21.41,3.24,94.26,45.87,48.41,6.41
347,37.86,21.38,21.41,3.24,94.61,45.97,48.52,6.42
348,37.86,21.38,21.44,3.24,94.61,45.97,48.62,6.43
349,37.93,21.41,21.47,3.24,94.61,45.97,48.52,6.44
350,37.93,21.45,21.47,3.24,94.61,45.97,48.62,6.44
351,37.86,21.41,21.47,3.24,94.61,46.07,48.62,6.45
352,37.86,21.41,21.44,3.24,94.61,45.97,48.62,6.46
353,37.78,21.38,21.44,3.24,94.61,46.07,48.62,6.46
354,37.78,21.38,21.41,3.24,94.61,45.97,48.52,6.47
355,37.78,21.35,21.41,3.24,94.61,45.97,48.52,6.47
356,37.71,21.35,21.37,3.24,94.61,45.87,48.52,6.47
357,37.71,21.35,21.34,3.24,94.26,45.87,48.3,6.48
358,37.71,21.35,21.37,3.25,94.26,45.87,48.41,6.49
359,37.71,21.35,21.34,3.24,94.26,45.87,48.52,6.49
360,37.71,21.35,21.34,3.25,94.26,45.77,48.41,6.5
361,37.71,21.35,21.34,3.24,94.26,45.87,48.41,6.51
362,37.64,21.35,21.31,3.25,94.26,45.87,48.52,6.51
363,37.64,21.35,21.31,3.25,93.91,45.87,48.41,6.52
364,37.64,21.32,21.31,3.25,93.91,45.87,48.41,6.53
365,37.56,21.32,21.28,3.25,93.91,45.77,48.41,6.53
366,37.56,21.32,21.25,3.25,93.91,45.77,48.3,6.54
367,37.64,21.32,21.28,3.25,93.91,45.87,48.3,6.55
368,37.56,21.32,21.28,3.25,93.91,45.77,48.41,6.55
369,37.56,21.35,21.31,3.25,93.91,45.87,48.41,6.56
370,37.64,21.35,21.31,3.25,94.26,45.97,48.41,6.55
371,37.56,21.38,21.31,3.26,94.26,45.97,48.41,6.56
372,37.56,21.38,21.34,3.25,94.26,45.97,48.3,6.58
373,37.56,21.38,21.31,3.26,93.91,45.87,48.52,6.59
374,37.56,21.41,21.34,3.26,93.91,46.07,48.52,6.6
375,37.64,21.41,21.34,3.26,94.26,46.07,48.52,6.6
376,37.56,21.41,21.34,3.26,93.91,46.07,48.52,6.61
377,37.49,21.45,21.31,3.26,94.26,46.07,48.52,6.63
378,37.49,21.38,21.28,3.27,94.26,46.07,48.41,6.63
379,37.49,21.38,21.28,3.27,94.26,46.07,48.52,6.63
380,37.49,21.35,21.31,3.27,94.26,46.07,48.41,6.63
381,37.56,21.45,21.28,3.27,94.26,46.07,48.41,6.65
382,37.56,21.41,21.28,3.27,93.91,46.17,48.52,6.65
383,37.56,21.41,21.31,3.27,94.26,46.17,48.41,6.65
384,37.56,21.41,21.28,3.27,93.91,46.07,48.41,6.65
385,37.56,21.41,21.28,3.27,93.91,45.97,48.41,6.66
386,37.56,21.45,21.31,3.27,93.91,46.07,48.41,6.67
387,37.64,21.41,21.31,3.27,93.91,46.07,48.41,6.67
388,37.64,21.41,21.34,3.27,94.26,46.07,48.41,6.68
389,37.64,21.45,21.34,3.28,93.91,46.07,48.41,6.69
390,37.64,21.41,21.41,3.28,94.26,46.07,48.41,6.7
391,37.71,21.45,21.37,3.28,94.26,46.07,48.52,6.71
392,37.78,21.45,21.37,3.27,94.26,46.07,48.52,6.71
393,37.78,21.45,21.37,3.28,94.61,46.07,48.52,6.71
394,37.78,21.41,21.37,3.28,94.26,46.07,48.52,6.71
395,37.71,21.41,21.37,3.27,94.61,46.07,48.52,6.71
396,37.71,21.41,21.37,3.28,93.91,46.07,48.52,6.71
397,37.71,21.41,21.34,3.28,94.26,46.07,48.52,6.72
398,37.71,21.41,21.34,3.28,94.61,46.07,48.52,6.72
399,37.71,21.41,21.37,3.28,94.61,46.07,48.52,6.74
400,37.78,21.38,21.41,3.28,94.26,46.17,48.52,6.74
401,37.71,21.41,21.37,3.28,94.26,46.07,48.52,6.74
402,37.71,21.38,21.37,3.28,94.61,46.07,48.52,6.74
403,37.71,21.38,21.37,3.28,94.61,46.07,48.52,6.75
404,37.78,21.45,21.41,3.28,94.61,46.07,48.62,6.76
405,37.78,21.45,21.41,3.28,94.61,46.07,48.62,6.77
406,37.78,21.41,21.44,3.28,94.97,46.17,48.62,6.77
407,37.86,21.45,21.44,3.28,94.61,46.17,48.62,6.77
408,37.86,21.45,21.44,3.28,94.97,46.17,48.62,6.78
409,37.86,21.45,21.47,3.29,94.61,46.17,48.74,6.8
410,37.86,21.45,21.47,3.28,94.97,46.07,48.74,6.79
411,37.86,21.45,21.44,3.28,94.97,46.17,48.74,6.8
412,37.86,21.48,21.47,3.29,94.97,46.17,48.85,6.8
413,37.86,21.48,21.47,3.29,94.97,46.17,48.85,6.8
414,37.86,21.51,21.47,3.29,94.97,46.17,48.74,6.81
415,37.86,21.51,21.47,3.29,94.97,46.27,48.85,6.82
416,37.86,21.51,21.47,3.29,94.97,46.27,48.85,6.83
417,37.86,21.51,21.47,3.29,94.97,46.27,48.85,6.82
418,37.86,21.54,21.47,3.29,94.97,46.27,48.85,6.82
419,37.86,21.54,21.44,3.29,94.97,46.38,48.85,6.83
420,37.86,21.51,21.47,3.29,94.97,46.38,48.85,6.84
421,37.86,21.54,21.5,3.29,94.97,46.27,48.96,6.85
422,37.86,21.51,21.47,3.3,94.97,46.38,48.85,6.86
423,37.86,21.54,21.47,3.3,94.97,46.38,48.85,6.85
424,37.86,21.54,21.47,3.29,94.97,46.38,48.85,6.86
425,37.86,21.51,21.47,3.3,94.97,46.38,48.85,6.87
426,37.86,21.48,21.47,3.3,94.97,46.27,48.74,6.87
427,37.93,21.51,21.47,3.3,95.32,46.38,48.85,6.88
428,37.86,21.51,21.5,3.3,94.97,46.27,48.85,6.89
429,37.93,21.54,21.5,3.3,94.97,46.38,48.96,6.88
430,37.93,21.57,21.53,3.3,95.32,46.38,48.96,6.89
431,37.93,21.57,21.53,3.3,94.97,46.38,48.96,6.9
432,38.01,21.57,21.53,3.3,95.32,46.38,48.96,6.9
433,37.93,21.57,21.53,3.31,95.32,46.38,48.96,6.91
434,37.93,21.61,21.57,3.3,95.32,46.48,48.96,6.91
435,38.01,21.57,21.53,3.3,95.32,46.48,48.96,6.91
436,37.93,21.57,21.53,3.3,95.32,46.38,48.96,6.91
437,37.93,21.54,21.53,3.31,95.32,46.38,48.85,6.91
438,37.86,21.54,21.5,3.3,94.97,46.38,48.85,6.92
439,37.93,21.51,21.47,3.3,94.97,46.27,48.85,6.91
440,37.86,21.51,21.44,3.29,94.97,46.27,48.85,6.91
441,37.78,21.51,21.41,3.3,94.61,46.17,48.74,6.92
442,37.71,21.48,21.41,3.3,94.61,46.27,48.74,6.91
443,37.71,21.48,21.37,3.29,94.61,46.17,48.74,6.92
444,37.71,21.48,21.34,3.3,94.26,45.97,48.62,6.92
445,37.64,21.41,21.34,3.3,94.26,46.07,48.62,6.92
446,37.64,21.48,21.34,3.3,94.26,46.17,48.62,6.94
447,37.64,21.45,21.34,3.3,94.26,46.07,48.62,6.93
448,37.64,21.45,21.34,3.29,94.26,46.07,48.62,6.93
449,37.64,21.45,21.34,3.3,94.26,46.07,48.62,6.94
450,37.64,21.48,21.34,3.29,94.26,46.07,48.52,6.94
451,37.64,21.45,21.34,3.3,93.91,46.07,48.52,6.94
452,37.64,21.45,21.34,3.29,94.26,46.07,48.52,6.94
453,37.71,21.45,21.34,3.29,94.26,46.07,48.62,6.94
454,37.71,21.48,21.34,3.29,94.26,46.17,48.62,6.96
455,37.56,21.45,21.37,3.29,94.26,46.17,48.52,6.96
456,37.71,21.48,21.37,3.3,94.61,46.17,48.62,6.96
457,37.71,21.48,21.37,3.3,94.26,46.07,48.62,6.96
458,37.64,21.48,21.37,3.3,94.26,46.07,48.52,6.96
459,37.71,21.48,21.37,3.29,94.61,46.17,48.62,6.96
460,37.71,21.51,21.37,3.3,94.61,46.27,48.62,6.97
461,37.71,21.51,21.41,3.3,94.61,46.17,48.74,6.97
462,37.71,21.51,21.41,3.31,94.61,46.27,48.74,6.98
463,37.71,21.48,21.41,3.31,94.61,46.17,48.74,6.99
464,37.71,21.51,21.41,3.31,94.97,46.27,48.74,6.99
465,37.71,21.51,21.41,3.3,94.61,46.17,48.74,7.0
466,37.71,21.51,21.41,3.31,94.61,46.27,48.74,7.0
467,37.78,21.51,21.44,3.31,94.61,46.17,48.74,7.0
468,37.78,21.51,21.44,3.31,94.61,46.27,48.74,7.0
469,37.78,21.54,21.44,3.31,94.61,46.27,48.74,7.01
470,37.86,21.51,21.47,3.31,94.97,46.27,48.74,7.01
471,37.86,21.51,21.47,3.31,94.61,46.27,48.85,7.01
472,37.86,21.54,21.47,3.31,94.97,46.38,48.74,7.01
473,37.86,21.54,21.47,3.31,94.97,46.27,48.85,7.03
474,37.86,21.51,21.5,3.31,94.97,46.38,48.85,7.03
475,37.86,21.54,21.5,3.31,95.32,46.38,48.85,7.03
476,37.86,21.54,21.5,3.31,95.32,46.38,48.96,7.03
477,37.86,21.57,21.47,3.32,95.32,46.27,48.85,7.03
478,37.86,21.54,21.47,3.31,94.97,46.27,48.85,7.04
479,37.78,21.54,21.47,3.31,94.97,46.27,48.85,7.04
480,37.78,21.54,21.47,3.31,94.97,46.38,48.85,7.04
481,37.78,21.54,21.47,3.31,94.97,46.27,48.85,7.05
482,37.78,21.54,21.47,3.31,94.97,46.27,48.85,7.04
483,37.86,21.54,21.47,3.32,94.97,46.27,48.85,7.06
484,37.78,21.51,21.47,3.32,94.97,46.27,48.85,7.05
485,37.78,21.54,21.47,3.31,94.97,46.27,48.85,7.05
486,37.78,21.54,21.47,3.32,94.97,46.27,48.74,7.05
487,37.78,21.54,21.44,3.31,94.97,46.17,48.74,7.06
488,37.71,21.54,21.44,3.31,94.97,46.27,48.74,7.06
489,37.71,21.51,21.44,3.31,94.61,46.27,48.74,7.07
490,37.71,21.51,21.44,3.32,94.61,46.17,48.74,7.07
491,37.71,21.51,21.41,3.31,94.61,46.27,48.74,7.07
492,37.71,21.51,21.37,3.31,94.61,46.27,48.62,7.07
493,37.71,21.51,21.37,3.32,94.61,46.27,48.62,7.07
494,37.71,21.54,21.41,3.31,94.61,46.27,48.74,7.07
495,37.71,21.51,21.37,3.32,94.61,46.27,48.74,7.08
496,37.78,21.57,21.37,3.31,94.61,46.27,48.74,7.08
497,37.71,21.54,21.41,3.32,94.61,46.27,48.74,7.08
498,37.78,21.51,21.37,3.32,94.61,46.17,48.62,7.08
499,37.71,21.51,21.41,3.31,94.61,46.17,48.74,7.09
500,37.78,21.51,21.41,3.31,94.61,46.17,48.74,7.09
501,37.78,21.51,21.44,3.31,94.97,46.27,48.74,7.09
502,37.78,21.51,21.44,3.32,94.61,46.27,48.74,7.1
503,37.78,21.51,21.44,3.32,94.97,46.27,48.74,7.1
504,37.78,21.54,21.47,3.32,94.97,46.27,48.74,7.1
505,37.86,21.54,21.47,3.31,94.97,46.48,48.85,7.11
506,37.86,21.54,21.47,3.32,94.97,46.17,48.74,7.1
507,37.78,21.54,21.47,3.32,94.97,46.27,48.74,7.1
508,37.78,21.51,21.44,3.31,94.61,46.27,48.62,7.11
509,37.71,21.51,21.41,3.32,94.61,46.07,48.62,7.1
510,37.71,21.48,21.37,3.31,94.61,46.17,48.62,7.11
511,37.71,21.48,21.37,3.31,94.61,46.17,48.62,7.11
512,37.71,21.45,21.37,3.31,94.61,46.07,48.62,7.1
513,37.71,21.41,21.37,3.31,94.61,46.07,48.62,7.11
514,37.71,21.45,21.34,3.31,94.26,46.07,48.62,7.11
515,37.78,21.45,21.37,3.31,94.61,45.97,48.62,7.12
516,37.71,21.45,21.37,3.31,94.61,46.07,48.62,7.12
517,37.71,21.45,21.34,3.31,94.26,45.97,48.52,7.11
518,37.64,21.45,21.34,3.32,94.26,46.07,48.62,7.12
519,37.71,21.45,21.34,3.31,94.26,45.97,48.52,7.12
520,37.71,21.45,21.34,3.31,94.26,45.97,48.74,7.13
521,37.71,21.48,21.34,3.32,94.61,46.07,48.62,7.12
522,37.64,21.45,21.34,3.32,94.61,46.07,48.62,7.13
523,37.71,21.48,21.34,3.31,94.61,45.97,48.62,7.13
524,37.71,21.45,21.34,3.31,94.61,46.07,48.62,7.14
525,37.71,21.45,21.34,3.31,94.61,46.07,48.74,7.14
526,37.71,21.48,21.34,3.32,94.61,46.17,48.74,7.13
527,37.71,21.48,21.34,3.32,94.61,46.07,48.62,7.14
528,37.71,21.45,21.37,3.32,94.61,46.07,48.62,7.15
529,37.71,21.45,21.37,3.31,94.61,45.97,48.62,7.14
530,37.71,21.48,21.37,3.32,94.26,46.07,48.62,7.15
531,37.64,21.41,21.34,3.32,94.61,46.07,48.62,7.14
532,37.64,21.41,21.34,3.31,94.26,45.97,48.62,7.14
533,37.64,21.41,21.34,3.32,94.26,45.97,48.62,7.14
534,37.64,21.41,21.34,3.31,94.26,45.97,48.62,7.14
535,37.64,21.41,21.34,3.31,94.61,46.07,48.62,7.15
536,37.71,21.45,21.37,3.31,94.61,46.07,48.62,7.15
537,37.71,21.45,21.37,3.32,94.61,45.97,48.62,7.15
538,37.71,21.45,21.37,3.31,94.61,45.97,48.62,7.16
539,37.71,21.45,21.37,3.32,94.26,45.97,48.62,7.16
540,37.71,21.41,21.34,3.32,94.61,46.07,48.62,7.16
541,37.71,21.45,21.34,3.32,94.61,45.97,48.62,7.16
542,37.71,21.45,21.37,3.32,94.61,45.97,48.62,7.17
543,37.78,21.48,21.34,3.31,94.61,46.07,48.62,7.17
544,37.78,21.45,21.41,3.32,94.61,46.07,48.85,7.17
545,37.78,21.48,21.41,3.32,94.61,46.07,48.62,7.17
546,37.78,21.48,21.41,3.32,94.61,45.97,48.74,7.17
547,37.78,21.48,21.41,3.32,94.61,45.97,48.52,7.17
548,37.86,21.45,21.41,3.32,94.61,46.07,48.74,7.17
549,37.78,21.48,21.44,3.32,94.61,46.07,48.74,7.17
550,37.86,21.48,21.41,3.31,94.61,46.07,48.74,7.17
551,37.78,21.45,21.41,3.32,94.61,45.97,48.74,7.17
552,37.78,21.45,21.41,3.32,94.61,45.97,48.74,7.18
553,37.78,21.41,21.41,3.31,94.61,45.87,48.62,7.18
554,37.78,21.48,21.37,3.32,94.61,46.07,48.74,7.17
555,37.71,21.45,21.41,3.32,94.61,45.97,48.74,7.18
556,37.71,21.45,21.37,3.32,94.61,45.97,48.62,7.18
557,37.64,21.45,21.37,3.32,94.61,45.97,48.74,7.18
558,37.71,21.41,21.34,3.32,94.61,45.97,48.74,7.19
559,37.64,21.45,21.34,3.32,94.61,46.07,48.62,7.19
560,37.64,21.38,21.31,3.32,94.26,45.87,48.62,7.19
561,37.64,21.41,21.31,3.32,94.26,45.87,48.62,7.19
562,37.56,21.38,21.31,3.31,94.26,45.87,48.52,7.19
563,37.64,21.35,21.31,3.32,94.26,45.87,48.62,7.19
564,37.56,21.38,21.31,3.32,94.26,45.87,48.52,7.19
565,37.56,21.38,21.31,3.31,94.26,45.97,48.52,7.2
566,37.64,21.38,21.31,3.32,94.26,45.87,48.62,7.2
567,37.56,21.38,21.31,3.31,94.26,45.87,48.52,7.2
568,37.56,21.38,21.31,3.32,94.61,45.97,48.62,7.21
569,37.64,21.41,21.31,3.32,94.26,45.97,48.62,7.2
570,37.64,21.45,21.37,3.32,94.61,45.97,48.62,7.21
571,37.64,21.45,21.37,3.32,94.26,45.97,48.62,7.21
572,37.64,21.41,21.37,3.32,94.61,45.97,48.62,7.21
573,37.64,21.41,21.34,3.32,94.61,45.97,48.62,7.22
574,37.64,21.41,21.34,3.32,94.61,45.97,48.62,7.21
575,37.64,21.38,21.34,3.32,94.26,45.97,48.62,7.22
576,37.64,21.38,21.34,3.31,94.26,45.87,48.52,7.22
577,37.64,21.38,21.37,3.32,94.61,45.77,48.52,7.22
578,37.64,21.38,21.37,3.32,94.61,45.87,48.62,7.22
579,37.64,21.41,21.37,3.32,94.61,45.97,48.62,7.22
580,37.64,21.41,21.37,3.32,94.61,45.97,48.62,7.23
581,37.64,21.41,21.37,3.33,94.61,46.07,48.62,7.24
582,37.64,21.41,21.37,3.32,94.61,45.97,48.62,7.24
583,37.64,21.45,21.37,3.32,94.61,46.07,48.62,7.24
584,37.64,21.45,21.37,3.32,94.61,45.97,48.62,7.25
585,37.64,21.45,21.37,3.32,94.61,45.97,48.62,7.25
586,37.64,21.45,21.37,3.32,94.61,45.97,48.62,7.25
587,37.64,21.41,21.37,3.33,94.61,45.97,48.62,7.25
588,37.64,21.41,21.37,3.33,94.61,45.97,48.62,7.25
589,37.71,21.41,21.41,3.32,94.61,46.07,48.62,7.25
590,37.71,21.41,21.41,3.32,94.61,45.97,48.62,7.25
591,37.78,21.45,21.41,3.32,94.61,45.97,48.74,7.26
592,37.78,21.45,21.41,3.32,94.61,45.97,48.74,7.26
593,37.78,21.45,21.44,3.32,94.61,45.97,48.74,7.26
594,37.71,21.41,21.44,3.32,94.61,45.97,48.74,7.27
595,37.78,21.41,21.41,3.32,94.61,45.97,48.62,7.27
596,37.71,21.38,21.41,3.32,94.61,45.97,48.62,7.27
597,37.71,21.38,21.41,3.32,94.61,45.97,48.74,7.27
598,37.71,21.41,21.37,3.32,94.61,45.97,48.74,7.26
599,37.64,21.38,21.37,3.32,94.61,45.97,48.74,7.27
