0,35.08,21.77,22.02,3.96,101.76,64.63,54.32,7.99
1,35.08,21.73,21.99,3.95,101.76,64.63,54.19,7.99
2,35.08,21.73,21.99,3.95,101.76,64.63,54.32,7.99
3,35.01,21.73,21.95,3.95,101.76,64.45,54.19,7.99
4,35.01,21.73,21.99,3.96,101.76,64.45,54.19,8.0
5,34.95,21.73,21.95,3.95,101.76,64.63,54.19,7.99
6,35.08,21.73,21.99,3.96,101.76,64.45,54.19,7.99
7,35.08,21.73,21.99,3.95,101.76,64.63,54.19,7.97
8,35.08,21.73,21.99,3.96,101.76,64.45,54.32,7.97
9,35.15,21.73,21.99,3.95,101.76,64.45,54.32,7.99
10,35.21,21.73,22.02,3.95,102.17,64.45,54.32,7.97
11,35.21,21.73,22.05,3.95,102.17,64.45,54.32,7.96
12,35.21,21.7,22.05,3.94,102.17,64.45,54.19,7.97
13,35.21,21.7,22.05,3.94,101.76,64.45,54.32,7.95
14,35.21,21.73,22.05,3.94,102.17,64.27,54.32,7.97
15,35.21,21.7,22.05,3.94,102.17,64.27,54.32,7.95
16,35.21,21.7,22.09,3.94,102.57,64.45,54.45,7.96
17,35.28,21.73,22.09,3.94,102.17,64.45,54.45,7.96
18,35.28,21.7,22.09,3.94,102.17,64.45,54.45,7.95
19,35.15,21.73,22.09,3.94,102.17,64.45,54.45,7.95
20,35.21,21.7,22.09,3.96,102.17,64.45,54.45,7.95
21,35.21,21.73,22.09,3.95,102.17,64.45,54.45,7.94
22,35.21,21.73,22.09,3.94,102.17,64.63,54.45,7.96
23,35.21,21.73,22.09,3.95,102.57,64.45,54.59,7.96
24,35.21,21.73,22.09,3.95,102.57,64.45,54.59,7.96
25,35.21,21.73,22.09,3.95,102.17,64.63,54.59,7.96
26,35.21,21.77,22.05,3.94,102.57,64.45,54.45,7.97
27,35.15,21.77,22.09,3.94,102.57,64.63,54.59,7.96
28,35.15,21.8,22.09,3.94,102.57,64.63,54.59,7.95
29,35.08,21.8,22.05,3.94,102.57,64.63,54.59,7.96
30,35.08,21.8,22.05,3.94,102.17,64.63,54.59,7.96
31,35.15,21.77,22.09,3.94,102.17,64.63,54.59,7.96
32,35.15,21.77,22.09,3.94,102.17,64.63,54.45,7.96
33,35.41,21.73,22.19,3.94,102.57,64.45,54.45,7.96
34,35.54,21.7,22.29,3.94,102.98,64.45,54.32,7.95
35,35.61,21.73,22.32,3.94,102.98,64.45,54.32,7.95
36,35.54,21.7,22.25,3.94,102.98,64.45,53.92,7.94
37,34.18,21.29,20.13,3.89,97.14,63.4,44.42,7.73
38,33.32,21.01,18.63,3.85,91.87,62.37,40.37,7.59
39,32.32,20.67,17.27,3.79,84.73,60.57,37.45,7.39
40,30.82,19.96,15.56,3.6,71.98,56.78,34.28,6.84
41,30.44,19.79,15.23,3.51,69.46,55.79,33.66,6.63
42,30.08,19.56,14.87,3.42,67.29,54.43,33.0,6.32
43,29.82,19.42,14.69,3.36,66.15,53.64,32.7,6.16
44,29.47,19.23,14.44,3.25,64.87,52.62,32.12,5.85
45,29.17,19.04,14.17,3.13,63.28,51.62,31.51,5.51
46,29.07,18.98,14.1,3.11,62.93,51.38,31.45,5.43
47,28.78,18.8,13.91,3.01,61.92,50.66,30.96,5.14
48,28.73,18.74,13.84,2.97,61.59,50.31,30.8,4.99
49,28.63,18.69,13.78,2.92,61.26,49.96,30.59,4.87
50,28.58,18.64,13.69,2.87,60.77,49.73,30.43,4.74
51,28.49,18.56,13.62,2.83,60.45,49.5,30.22,4.62
52,28.3,18.45,13.51,2.77,59.82,48.94,29.96,4.41
53,28.25,18.4,13.46,2.74,59.51,48.72,29.86,4.32
54,28.16,18.35,13.42,2.71,59.2,48.5,29.71,4.23
55,28.16,18.35,13.39,2.69,59.04,48.39,29.61,4.15
56,28.06,18.32,13.34,2.67,58.89,48.17,29.5,4.08
57,28.06,18.3,13.32,2.66,58.89,48.06,29.45,4.05
58,28.06,18.27,13.3,2.64,58.59,47.95,29.36,3.98
59,28.02,18.25,13.28,2.62,58.44,47.84,29.31,3.92
60,28.02,18.25,13.28,2.6,58.44,47.74,29.26,3.87
61,28.02,18.22,13.25,2.6,58.44,47.74,29.26,3.85
62,28.02,18.22,13.27,2.59,58.29,47.74,29.21,3.82
63,27.97,18.22,13.25,2.58,58.29,47.63,29.16,3.77
64,27.92,18.2,13.23,2.57,58.14,47.52,29.06,3.73
65,27.92,18.17,13.2,2.56,58.14,47.42,29.01,3.71
66,27.92,18.14,13.2,2.55,57.99,47.42,28.96,3.68
67,27.88,18.14,13.2,2.56,57.99,47.42,28.96,3.67
68,27.88,18.17,13.16,2.54,57.84,47.31,28.91,3.64
69,27.83,18.14,13.16,2.54,57.69,47.31,28.91,3.62
70,27.79,18.12,13.13,2.54,57.54,47.21,28.82,3.59
71,27.79,18.12,13.13,2.53,57.69,47.1,28.77,3.58
72,27.79,18.14,13.13,2.53,57.54,47.1,28.77,3.56
73,27.79,18.12,13.13,2.52,57.69,47.21,28.77,3.56
74,27.74,18.09,13.11,2.52,57.54,47.1,28.77,3.54
75,27.74,18.12,13.11,2.51,57.54,47.1,28.77,3.53
76,27.74,18.09,13.13,2.51,57.54,47.1,28.72,3.52
77,27.74,18.09,13.13,2.51,57.54,47.1,28.72,3.52
78,27.79,18.12,13.11,2.51,57.54,47.1,28.72,3.51
79,27.74,18.09,13.13,2.51,57.4,47.0,28.72,3.5
80,27.83,18.12,13.11,2.5,57.4,47.0,28.67,3.49
81,27.83,18.12,13.13,2.5,57.4,47.0,28.67,3.48
82,27.83,18.12,13.13,2.5,57.4,47.21,28.72,3.48
83,27.83,18.12,13.13,2.5,57.54,47.0,28.67,3.47
84,27.79,18.09,13.11,2.5,57.4,47.0,28.67,3.47
85,27.83,18.09,13.11,2.49,57.4,46.89,28.62,3.46
86,27.79,18.07,13.11,2.49,57.4,46.89,28.67,3.46
87,27.79,18.09,13.11,2.49,57.4,47.0,28.62,3.45
88,27.83,18.07,13.11,2.49,57.4,46.79,28.62,3.44
89,27.83,18.07,13.11,2.49,57.4,46.79,28.62,3.44
90,27.79,18.04,13.09,2.48,57.4,46.79,28.57,3.44
91,27.79,18.04,13.09,2.48,57.4,46.69,28.57,3.43
92,27.74,18.04,13.09,2.48,57.25,46.79,28.57,3.43
93,27.79,18.07,13.11,2.48,57.4,46.79,28.57,3.42
94,27.79,18.07,13.09,2.48,57.25,46.79,28.62,3.42
95,27.79,18.07,13.09,2.48,57.25,46.79,28.57,3.42
96,27.79,18.07,13.09,2.48,57.54,46.79,28.57,3.42
97,27.69,18.04,13.09,2.48,57.25,46.79,28.57,3.41
98,27.79,18.04,13.09,2.48,57.25,46.79,28.57,3.41
99,27.79,18.04,13.09,2.48,57.4,46.79,28.57,3.41
100,27.79,18.04,13.09,2.48,57.4,46.79,28.57,3.41
101,27.79,18.04,13.09,2.47,57.4,46.69,28.57,3.4
102,27.79,18.04,13.09,2.47,57.4,46.69,28.57,3.4
103,27.79,18.04,13.09,2.47,57.25,46.69,28.57,3.4
104,27.79,18.02,13.09,2.47,57.25,46.79,28.57,3.4
105,27.74,18.02,13.09,2.47,57.25,46.69,28.53,3.4
106,27.74,18.02,13.08,2.47,57.25,46.69,28.53,3.39
107,27.74,17.99,13.06,2.47,57.25,46.69,28.48,3.39
108,27.69,18.02,13.06,2.47,57.25,46.69,28.53,3.39
109,27.74,17.99,13.06,2.46,57.25,46.58,28.48,3.38
110,27.69,18.02,13.06,2.47,57.25,46.58,28.48,3.38
111,27.69,18.02,13.06,2.46,57.11,46.58,28.53,3.38
112,27.69,18.02,13.06,2.47,57.25,46.69,28.53,3.38
113,27.74,18.02,13.06,2.47,57.11,46.58,28.48,3.38
114,27.69,18.04,13.06,2.46,57.11,46.69,28.48,3.38
115,27.74,18.02,13.04,2.46,57.11,46.58,28.48,3.38
116,27.69,18.02,13.04,2.46,57.11,46.58,28.48,3.38
117,27.69,17.99,13.04,2.46,57.11,46.48,28.43,3.37
118,27.69,17.99,13.02,2.46,56.96,46.48,28.43,3.37
119,27.69,17.99,13.04,2.46,57.11,46.48,28.48,3.38
120,27.69,17.99,13.04,2.46,57.11,46.58,28.43,3.37
121,27.65,17.99,13.04,2.46,56.96,46.48,28.43,3.37
122,27.65,17.97,13.04,2.46,57.11,46.48,28.43,3.37
123,27.69,17.97,13.04,2.46,57.11,46.58,28.43,3.37
124,27.69,17.97,13.04,2.46,57.11,46.48,28.43,3.37
125,27.69,17.97,13.06,2.46,57.11,46.48,28.43,3.36
126,27.74,17.94,13.06,2.46,57.11,46.38,28.43,3.36
127,27.74,17.94,13.06,2.45,57.11,46.48,28.48,3.36
128,27.79,17.94,13.06,2.45,57.11,46.48,28.48,3.36
129,27.74,17.92,13.08,2.45,57.11,46.48,28.48,3.36
130,27.74,17.94,13.06,2.45,57.11,46.38,28.48,3.36
131,27.79,17.94,13.08,2.45,57.25,46.48,28.53,3.36
132,27.74,17.97,13.08,2.45,57.25,46.48,28.53,3.36
133,27.69,17.97,13.06,2.45,57.25,46.38,28.53,3.36
134,27.74,17.99,13.08,2.46,57.4,46.48,28.48,3.36
135,27.79,17.97,13.09,2.45,57.25,46.48,28.57,3.36
136,27.79,17.97,13.13,2.46,57.4,46.48,28.77,3.36
137,27.88,18.02,13.23,2.46,57.84,46.58,29.21,3.36
138,28.06,18.07,13.39,2.47,58.74,46.69,29.86,3.37
139,28.54,18.22,13.89,2.49,61.26,47.21,31.45,3.42
140,28.68,18.3,14.02,2.5,61.76,47.42,31.79,3.44
141,29.02,18.4,14.34,2.53,63.28,47.84,32.76,3.47
142,29.57,18.64,14.91,2.56,66.15,48.61,34.22,3.55
143,29.72,18.69,15.03,2.58,66.34,48.83,34.41,3.56
144,30.29,18.93,15.59,2.64,69.46,49.85,35.85,3.65
145,30.5,19.04,15.84,2.67,70.49,50.31,36.53,3.7
146,30.82,19.26,16.25,2.72,72.63,51.26,37.6,3.79
147,30.98,19.31,16.34,2.73,72.85,51.26,37.89,3.81
148,31.25,19.48,16.75,2.79,74.89,52.12,38.95,3.91
149,31.64,19.65,17.1,2.83,76.55,52.87,39.73,4.0
150,31.75,19.73,17.27,2.86,77.28,53.25,40.21,4.04
151,31.86,19.82,17.41,2.89,78.02,53.51,40.62,4.08
152,32.26,20.02,17.86,2.97,80.32,54.56,41.8,4.24
153,32.43,20.11,18.08,3.01,81.11,55.24,42.32,4.31
154,32.49,20.19,18.24,3.04,81.92,55.38,42.76,4.36
155,32.72,20.31,18.5,3.1,83.3,55.93,43.49,4.46
156,32.72,20.31,18.55,3.1,83.3,56.07,43.67,4.48
157,33.08,20.52,18.92,3.18,85.31,56.92,44.71,4.65
158,33.2,20.61,19.08,3.21,85.89,57.36,45.0,4.71
159,33.2,20.61,19.14,3.22,86.19,57.51,45.2,4.74
160,33.38,20.73,19.44,3.29,87.7,58.1,45.99,4.88
161,33.5,20.79,19.52,3.31,88.01,58.4,46.29,4.94
162,33.56,20.79,19.58,3.32,88.32,58.55,46.4,4.98
163,33.62,20.88,19.81,3.37,89.58,59.0,47.02,5.11
164,33.81,20.95,19.92,3.4,89.9,59.31,47.44,5.2
165,33.81,20.98,20.01,3.42,90.55,59.46,47.65,5.24
166,33.93,21.01,20.1,3.44,90.88,59.78,47.86,5.29
167,34.06,21.07,20.18,3.47,91.54,59.93,48.19,5.38
168,34.06,21.1,20.33,3.5,92.2,60.09,48.52,5.46
169,34.18,21.13,20.39,3.52,92.54,60.41,48.74,5.54
170,34.12,21.13,20.45,3.53,92.88,60.57,48.85,5.57
171,34.24,21.19,20.6,3.57,93.57,60.89,49.3,5.69
172,34.24,21.19,20.6,3.57,93.57,60.89,49.41,5.7
173,34.31,21.26,20.66,3.59,93.91,61.21,49.64,5.78
174,34.31,21.26,20.72,3.61,94.26,61.21,49.75,5.83
175,34.31,21.26,20.78,3.64,94.26,61.38,50.1,5.94
176,34.37,21.29,20.78,3.63,94.61,61.54,49.98,5.95
177,34.37,21.29,20.88,3.65,95.32,61.7,50.33,6.03
178,34.37,21.29,20.88,3.66,95.32,61.7,50.33,6.07
179,34.37,21.29,20.94,3.67,95.32,61.7,50.45,6.1
180,34.44,21.35,21.0,3.69,96.04,61.87,50.8,6.2
181,34.5,21.38,21.06,3.69,96.04,62.04,50.92,6.25
182,34.5,21.38,21.09,3.71,96.4,62.04,51.04,6.29
183,34.56,21.41,21.09,3.72,96.4,62.2,51.16,6.33
184,34.56,21.41,21.12,3.72,96.77,62.37,51.04,6.37
185,34.56,21.45,21.12,3.72,96.77,62.37,51.28,6.4
186,34.56,21.41,21.18,3.73,97.14,62.37,51.4,6.47
187,34.5,21.41,21.22,3.74,97.14,62.37,51.4,6.49
188,34.63,21.45,21.25,3.75,97.14,62.54,51.52,6.55
189,34.63,21.45,21.28,3.76,97.51,62.54,51.64,6.6
190,34.76,21.45,21.28,3.77,97.51,62.71,51.64,6.63
191,34.76,21.45,21.31,3.78,97.51,62.54,51.77,6.66
192,34.76,21.45,21.34,3.78,97.88,62.71,51.77,6.68
193,34.69,21.45,21.37,3.78,97.88,62.71,51.89,6.71
194,34.82,21.48,21.41,3.79,98.26,62.71,52.01,6.74
195,34.76,21.51,21.44,3.8,98.64,62.88,52.01,6.78
196,34.82,21.48,21.47,3.8,98.26,62.88,52.01,6.8
197,34.82,21.51,21.47,3.81,98.64,62.88,52.14,6.84
198,34.82,21.48,21.47,3.8,98.26,62.88,52.14,6.85
199,34.82,21.51,21.47,3.81,98.26,62.88,52.26,6.87
200,34.82,21.48,21.44,3.8,98.64,62.88,52.26,6.91
201,34.76,21.48,21.44,3.81,98.64,62.88,52.01,6.92
202,34.76,21.45,21.44,3.81,98.26,62.88,52.26,6.94
203,34.76,21.48,21.44,3.81,98.26,62.88,52.26,6.96
204,34.76,21.48,21.44,3.81,98.64,62.88,52.26,6.99
205,34.69,21.45,21.44,3.81,98.64,62.88,52.26,7.01
206,34.82,21.48,21.44,3.81,98.64,62.88,52.26,7.03
207,34.69,21.48,21.47,3.82,98.64,62.88,52.26,7.04
208,34.82,21.48,21.5,3.82,99.02,63.05,52.38,7.07
209,34.82,21.48,21.53,3.83,99.02,63.05,52.38,7.09
210,34.88,21.48,21.53,3.83,99.02,63.05,52.38,7.09
211,34.88,21.48,21.57,3.83,99.02,63.05,52.51,7.12
212,34.88,21.51,21.53,3.83,99.02,63.05,52.51,7.13
213,34.88,21.48,21.6,3.83,99.4,63.05,52.64,7.16
214,34.95,21.51,21.6,3.83,99.4,63.05,52.64,7.17
215,34.95,21.48,21.6,3.84,99.02,63.05,52.64,7.18
216,34.95,21.48,21.6,3.84,99.4,63.22,52.64,7.19
217,34.95,21.51,21.6,3.84,99.4,63.05,52.64,7.2
218,34.88,21.48,21.63,3.84,99.4,63.22,52.76,7.22
219,34.95,21.51,21.63,3.84,99.4,63.05,52.76,7.22
220,34.76,21.45,21.6,3.85,99.4,63.22,52.76,7.25
221,34.76,21.48,21.6,3.85,99.4,63.05,52.64,7.25
222,34.82,21.48,21.6,3.85,99.4,63.22,52.76,7.26
223,34.88,21.48,21.6,3.85,99.4,63.05,52.64,7.28
224,34.82,21.48,21.6,3.85,99.4,63.22,52.76,7.3
225,34.82,21.48,21.6,3.85,99.4,63.05,52.76,7.3
226,34.82,21.48,21.57,3.85,99.4,63.05,52.89,7.31
227,34.69,21.48,21.6,3.85,99.4,63.22,52.76,7.33
228,34.76,21.51,21.57,3.85,99.4,63.22,52.76,7.33
229,34.82,21.51,21.6,3.85,99.79,63.22,52.76,7.34
230,34.82,21.51,21.6,3.85,99.79,63.22,52.89,7.35
231,34.82,21.51,21.6,3.86,99.4,63.4,52.76,7.37
232,34.88,21.48,21.63,3.86,99.4,63.4,52.89,7.38
233,34.88,21.51,21.63,3.87,99.4,63.4,52.89,7.38
234,34.88,21.51,21.63,3.86,99.79,63.4,53.02,7.38
235,34.88,21.51,21.63,3.86,99.79,63.4,52.89,7.4
236,34.88,21.48,21.63,3.86,99.79,63.4,53.02,7.4
237,34.88,21.48,21.63,3.86,99.4,63.4,52.89,7.41
238,34.88,21.48,21.63,3.86,99.79,63.22,52.89,7.41
239,34.82,21.51,21.6,3.86,99.79,63.22,52.89,7.42
240,34.88,21.48,21.6,3.86,99.79,63.22,52.89,7.43
241,34.76,21.51,21.6,3.86,99.79,63.4,52.89,7.44
242,34.82,21.48,21.63,3.86,99.79,63.22,52.89,7.44
243,34.76,21.51,21.63,3.86,99.79,63.4,52.89,7.45
244,34.82,21.54,21.63,3.86,99.79,63.4,53.02,7.45
245,34.76,21.51,21.63,3.86,99.79,63.4,53.02,7.47
246,34.76,21.48,21.6,3.86,99.79,63.4,52.89,7.47
247,34.69,21.48,21.6,3.86,99.79,63.22,52.89,7.48
248,34.69,21.51,21.57,3.86,99.79,63.4,52.89,7.48
249,34.69,21.51,21.57,3.87,99.79,63.4,52.89,7.49
250,34.69,21.48,21.57,3.86,99.4,63.4,52.76,7.49
251,34.69,21.51,21.53,3.87,99.4,63.4,52.89,7.5
252,34.69,21.51,21.53,3.87,99.4,63.4,52.89,7.52
253,34.69,21.51,21.53,3.88,99.4,63.4,52.89,7.51
254,34.63,21.51,21.53,3.88,99.4,63.4,52.89,7.52
255,34.63,21.51,21.53,3.88,99.4,63.57,52.89,7.53
256,34.63,21.51,21.53,3.88,99.4,63.4,52.89,7.53
257,34.63,21.54,21.53,3.88,99.4,63.57,52.89,7.54
258,34.56,21.54,21.53,3.88,99.4,63.57,52.89,7.55
259,34.69,21.54,21.57,3.88,99.4,63.4,53.02,7.55
260,34.63,21.57,21.57,3.89,99.79,63.57,52.89,7.56
261,34.63,21.54,21.57,3.88,99.4,63.57,52.89,7.57
262,34.69,21.57,21.6,3.88,99.79,63.74,52.89,7.57
263,34.69,21.57,21.6,3.89,99.79,63.57,53.02,7.58
264,34.76,21.61,21.6,3.89,99.4,63.74,53.02,7.59
265,34.69,21.57,21.57,3.89,99.79,63.57,52.89,7.59
266,34.69,21.57,21.57,3.89,99.4,63.57,53.02,7.59
267,34.69,21.54,21.57,3.88,99.4,63.57,52.89,7.6
268,34.69,21.57,21.57,3.88,99.79,63.74,53.02,7.61
269,34.69,21.57,21.57,3.89,99.4,63.74,52.89,7.61
270,34.69,21.57,21.53,3.9,99.4,63.74,53.02,7.62
271,34.69,21.57,21.6,3.89,99.4,63.74,52.89,7.62
272,34.63,21.57,21.6,3.9,99.79,63.74,53.02,7.62
273,34.69,21.57,21.6,3.9,99.79,63.57,52.89,7.63
274,34.76,21.57,21.6,3.9,99.79,63.74,52.89,7.63
275,34.63,21.57,21.63,3.9,99.79,63.74,52.89,7.63
276,34.76,21.57,21.63,3.9,99.79,63.74,53.02,7.64
277,34.76,21.61,21.66,3.9,99.79,63.74,53.02,7.64
278,34.69,21.57,21.63,3.9,99.79,63.74,53.14,7.64
279,34.82,21.57,21.66,3.9,99.79,63.74,53.02,7.66
280,34.82,21.57,21.66,3.9,99.79,63.57,53.02,7.64
281,34.76,21.57,21.63,3.9,99.79,63.74,53.02,7.65
282,34.69,21.54,21.66,3.91,99.79,63.74,53.02,7.65
283,34.82,21.57,21.66,3.9,99.79,63.74,53.14,7.65
284,34.82,21.54,21.66,3.9,99.79,63.74,53.14,7.66
285,34.76,21.57,21.69,3.9,100.18,63.74,53.14,7.66
286,34.82,21.57,21.69,3.9,100.18,63.74,53.14,7.66
287,34.88,21.57,21.69,3.9,100.18,64.09,53.27,7.67
288,34.82,21.61,21.69,3.9,100.18,63.92,53.4,7.68
289,34.82,21.57,21.69,3.91,100.18,63.57,53.27,7.67
290,34.82,21.57,21.69,3.9,99.79,63.74,53.27,7.67
291,34.76,21.57,21.66,3.91,100.18,63.74,53.14,7.68
292,34.82,21.57,21.69,3.9,99.79,63.74,53.27,7.68
293,34.76,21.54,21.66,3.9,99.79,63.74,53.14,7.68
294,34.69,21.57,21.66,3.91,99.79,63.74,53.14,7.67
295,34.69,21.54,21.63,3.9,99.79,63.57,53.14,7.68
296,34.76,21.54,21.63,3.9,99.79,63.57,53.14,7.68
297,34.69,21.51,21.63,3.9,99.79,63.57,53.14,7.68
298,34.69,21.51,21.66,3.9,99.79,63.4,53.14,7.68
299,34.76,21.51,21.63,3.9,99.79,63.57,53.14,7.68
300,34.82,21.51,21.63,3.9,99.79,63.57,53.14,7.67
301,34.82,21.54,21.66,3.9,100.18,63.57,53.14,7.68
302,34.82,21.54,21.69,3.91,100.18,63.57,53.27,7.69
303,34.82,21.54,21.69,3.9,100.18,63.74,53.27,7.68
304,34.82,21.54,21.69,3.9,100.18,63.92,53.27,7.69
305,34.69,21.54,21.66,3.91,100.18,63.57,53.27,7.69
306,34.82,21.54,21.69,3.91,99.79,63.74,53.27,7.69
307,34.69,21.57,21.69,3.91,100.18,63.74,53.4,7.7
308,34.76,21.57,21.69,3.91,100.18,63.92,53.4,7.71
309,34.82,21.61,21.69,3.91,100.18,63.74,53.4,7.71
310,34.82,21.61,21.73,3.91,100.18,63.92,53.4,7.71
311,34.82,21.57,21.73,3.91,100.57,63.74,53.4,7.7
312,34.82,21.57,21.73,3.91,100.57,63.92,53.4,7.72
313,34.88,21.61,21.73,3.91,100.57,63.92,53.4,7.72
314,34.88,21.61,21.73,3.91,100.18,63.74,53.27,7.72
315,34.88,21.57,21.73,3.91,100.18,63.74,53.4,7.72
316,34.88,21.57,21.73,3.9,100.18,63.74,53.53,7.72
317,34.88,21.54,21.73,3.9,100.18,63.57,53.4,7.72
318,34.88,21.54,21.73,3.9,100.18,63.74,53.27,7.72
319,34.95,21.57,21.73,3.9,100.57,63.57,53.4,7.72
320,34.88,21.54,21.73,3.9,100.57,63.57,53.4,7.72
321,34.95,21.54,21.73,3.9,100.18,63.74,53.4,7.72
322,34.88,21.54,21.73,3.9,100.18,63.74,53.4,7.72
323,34.88,21.51,21.73,3.9,100.18,63.57,53.4,7.72
324,34.88,21.51,21.69,3.9,100.18,63.57,53.4,7.73
325,34.88,21.51,21.69,3.9,100.18,63.57,53.27,7.71
326,34.82,21.51,21.73,3.9,100.18,63.57,53.4,7.72
327,34.88,21.51,21.73,3.9,100.18,63.57,53.4,7.72
328,34.82,21.51,21.73,3.9,100.18,63.57,53.4,7.72
329,34.82,21.51,21.73,3.9,100.18,63.57,53.4,7.72
330,34.76,21.51,21.73,3.9,100.57,63.57,53.4,7.72
331,34.82,21.51,21.69,3.91,100.57,63.57,53.4,7.72
332,34.82,21.51,21.73,3.91,100.57,63.57,53.4,7.73
333,34.82,21.51,21.73,3.91,100.57,63.57,53.4,7.72
334,34.76,21.51,21.73,3.91,100.18,63.57,53.4,7.72
335,34.88,21.51,21.73,3.91,100.57,63.74,53.4,7.72
336,34.82,21.54,21.73,3.91,100.57,63.74,53.27,7.74
337,34.82,21.57,21.76,3.91,100.57,63.74,53.53,7.73
338,34.88,21.57,21.76,3.91,100.57,63.74,53.53,7.74
339,34.82,21.57,21.76,3.91,100.57,63.57,53.53,7.74
340,34.88,21.57,21.76,3.91,100.57,63.74,53.53,7.75
341,34.82,21.57,21.76,3.91,100.57,63.74,53.4,7.74
342,34.88,21.54,21.76,3.91,100.57,63.74,53.53,7.75
343,34.88,21.61,21.79,3.91,100.57,63.74,53.53,7.75
344,34.88,21.57,21.79,3.91,100.57,63.74,53.53,7.76
345,34.88,21.61,21.82,3.91,100.57,63.74,53.66,7.76
346,34.95,21.57,21.82,3.91,100.96,63.92,53.66,7.76
347,34.95,21.64,21.86,3.92,100.96,64.09,53.66,7.77
348,34.95,21.64,21.82,3.91,100.57,63.92,53.66,7.77
349,34.88,21.61,21.82,3.91,100.57,64.09,53.66,7.77
350,34.88,21.61,21.82,3.91,100.96,63.92,53.53,7.77
351,34.88,21.61,21.82,3.92,100.96,63.74,53.66,7.78
352,34.88,21.64,21.79,3.91,100.57,63.92,53.66,7.77
353,34.88,21.61,21.79,3.91,100.96,63.92,53.53,7.78
354,34.82,21.61,21.76,3.91,100.57,63.92,53.53,7.78
355,34.69,21.64,21.76,3.91,100.57,63.92,53.53,7.78
356,34.82,21.61,21.76,3.92,100.57,63.92,53.53,7.78
357,34.82,21.61,21.73,3.92,100.57,63.92,53.4,7.77
358,34.82,21.61,21.73,3.92,100.57,63.92,53.4,7.78
359,34.82,21.64,21.73,3.92,100.57,63.92,53.53,7.78
360,34.69,21.64,21.73,3.92,100.57,63.92,53.53,7.78
361,34.88,21.64,21.76,3.92,100.57,63.92,53.53,7.79
362,34.82,21.64,21.76,3.93,100.57,63.92,53.53,7.79
363,34.88,21.64,21.76,3.92,100.57,63.92,53.66,7.79
364,34.88,21.61,21.76,3.92,100.57,63.92,53.53,7.79
365,34.88,21.61,21.76,3.93,100.57,63.92,53.4,7.79
366,34.82,21.57,21.76,3.91,100.57,63.92,53.53,7.79
367,34.82,21.61,21.76,3.91,100.57,63.92,53.53,7.79
368,34.88,21.64,21.79,3.91,100.57,63.92,53.53,7.8
369,34.88,21.64,21.79,3.92,100.57,63.92,53.53,7.79
370,34.88,21.61,21.79,3.92,100.57,63.92,53.66,7.79
371,34.82,21.64,21.79,3.92,100.57,63.74,53.66,7.79
372,34.95,21.61,21.79,3.92,100.57,63.92,53.66,7.79
373,34.95,21.64,21.79,3.92,100.96,63.92,53.66,7.8
374,34.88,21.64,21.82,3.93,100.96,63.92,53.66,7.8
375,34.95,21.64,21.82,3.93,100.96,63.92,53.66,7.8
376,34.95,21.64,21.82,3.93,100.57,63.92,53.66,7.8
377,34.95,21.61,21.86,3.93,100.96,63.92,53.66,7.8
378,34.95,21.61,21.82,3.93,100.96,63.92,53.66,7.79
379,34.95,21.61,21.86,3.93,100.96,63.92,53.66,7.8
380,34.95,21.57,21.82,3.92,100.96,63.57,53.66,7.8
381,34.95,21.57,21.79,3.91,100.57,63.74,53.66,7.79
382,34.88,21.57,21.79,3.92,100.57,63.57,53.53,7.79
383,34.82,21.57,21.79,3.91,100.57,63.74,53.66,7.79
384,34.82,21.54,21.79,3.91,100.57,63.74,53.53,7.79
385,34.82,21.54,21.76,3.91,100.57,63.74,53.53,7.79
386,34.76,21.51,21.76,3.91,100.18,63.57,53.53,7.79
387,34.76,21.51,21.73,3.91,100.57,63.57,53.53,7.78
388,34.76,21.51,21.73,3.91,100.57,63.4,53.4,7.78
389,34.76,21.51,21.69,3.91,100.57,63.57,53.4,7.77
390,34.76,21.48,21.69,3.9,100.18,63.4,53.4,7.78
391,34.76,21.45,21.69,3.9,100.18,63.4,53.27,7.78
392,34.76,21.48,21.69,3.9,100.57,63.4,53.4,7.77
393,34.76,21.48,21.69,3.91,100.57,63.4,53.27,7.76
394,34.76,21.45,21.69,3.91,100.18,63.4,53.27,7.77
395,34.63,21.45,21.73,3.9,100.18,63.4,53.27,7.77
396,34.76,21.45,21.69,3.9,100.57,63.4,53.14,7.76
397,34.76,21.48,21.73,3.91,100.57,63.4,53.4,7.78
398,34.76,21.48,21.73,3.9,100.57,63.57,53.4,7.77
399,34.82,21.48,21.76,3.9,100.18,63.4,53.4,7.77
400,34.76,21.51,21.76,3.9,99.79,63.57,53.53,7.78
401,34.82,21.48,21.76,3.9,100.57,63.57,53.4,7.77
402,34.82,21.51,21.76,3.91,100.57,63.74,53.53,7.79
403,34.82,21.54,21.79,3.91,100.57,63.57,53.66,7.79
404,34.82,21.54,21.79,3.91,100.57,63.57,53.53,7.78
405,34.76,21.51,21.76,3.91,100.57,63.57,53.53,7.78
406,34.88,21.51,21.79,3.91,100.57,63.57,53.66,7.78
407,34.88,21.51,21.79,3.91,100.96,63.57,53.53,7.79
408,34.95,21.54,21.79,3.92,100.57,63.57,53.53,7.79
409,34.88,21.54,21.79,3.92,100.57,63.57,53.53,7.78
410,34.95,21.51,21.82,3.91,100.57,63.74,53.66,7.79
411,34.95,21.54,21.82,3.91,100.96,63.4,53.66,7.79
412,34.95,21.54,21.82,3.91,100.96,63.57,53.66,7.78
413,34.95,21.51,21.82,3.91,100.57,63.57,53.66,7.8
414,34.95,21.51,21.82,3.91,100.96,63.57,53.66,7.78
415,34.95,21.48,21.82,3.91,100.57,63.57,53.66,7.78
416,34.88,21.48,21.79,3.91,100.57,63.57,53.66,7.78
417,34.88,21.48,21.79,3.9,100.57,63.4,53.66,7.78
418,34.88,21.45,21.79,3.9,100.96,63.4,53.66,7.77
419,34.82,21.45,21.79,3.9,100.57,63.4,53.66,7.78
420,34.82,21.45,21.79,3.9,100.96,63.57,53.66,7.78
421,34.88,21.48,21.76,3.91,100.57,63.4,53.79,7.78
422,34.88,21.51,21.82,3.91,100.96,63.57,53.79,7.78
423,34.88,21.51,21.82,3.9,100.96,63.57,53.79,7.79
424,34.88,21.51,21.82,3.91,100.96,63.4,53.79,7.79
425,34.95,21.48,21.86,3.91,100.96,63.57,53.79,7.79
426,35.01,21.54,21.89,3.91,101.36,63.57,53.79,7.79
427,35.01,21.51,21.89,3.91,101.36,63.57,53.79,7.79
428,35.01,21.51,21.89,3.91,101.36,63.4,53.92,7.79
429,35.01,21.51,21.89,3.91,101.36,63.57,53.79,7.79
430,34.95,21.48,21.89,3.91,100.96,63.57,53.92,7.79
431,34.88,21.51,21.89,3.91,101.36,63.57,53.92,7.8
432,35.01,21.51,21.89,3.91,100.96,63.57,53.79,7.79
433,35.01,21.54,21.86,3.91,100.96,63.57,53.92,7.79
434,34.95,21.51,21.89,3.91,101.36,63.57,53.79,7.79
435,34.88,21.48,21.86,3.91,101.36,63.4,53.79,7.79
436,34.88,21.48,21.82,3.9,100.96,63.4,53.66,7.79
437,34.88,21.45,21.82,3.9,100.96,63.57,53.66,7.78
438,34.82,21.48,21.82,3.91,100.96,63.4,53.79,7.79
439,34.82,21.48,21.82,3.91,100.57,63.4,53.79,7.79
440,34.76,21.48,21.82,3.91,100.96,63.57,53.66,7.79
441,34.82,21.48,21.79,3.9,100.96,63.57,53.66,7.8
442,34.69,21.48,21.76,3.9,100.96,63.57,53.66,7.8
443,34.76,21.48,21.79,3.9,100.57,63.57,53.66,7.79
444,34.76,21.48,21.76,3.9,100.57,63.57,53.66,7.8
445,34.69,21.48,21.76,3.9,100.96,63.4,53.66,7.8
446,34.76,21.48,21.76,3.9,100.57,63.57,53.66,7.8
447,34.76,21.51,21.79,3.91,100.96,63.57,53.66,7.8
448,34.76,21.48,21.79,3.91,100.57,63.57,53.66,7.8
449,34.82,21.48,21.79,3.91,100.96,63.57,53.66,7.8
450,34.76,21.51,21.79,3.91,100.96,63.57,53.66,7.8
451,34.76,21.48,21.79,3.91,100.57,63.4,53.66,7.81
452,34.69,21.48,21.79,3.91,100.57,63.57,53.66,7.81
453,34.76,21.48,21.82,3.91,100.96,63.57,53.66,7.81
454,34.82,21.51,21.79,3.91,100.96,63.4,53.79,7.82
455,34.82,21.48,21.82,3.92,100.96,63.57,53.66,7.81
456,34.76,21.51,21.82,3.91,100.96,63.74,53.66,7.82
457,34.82,21.51,21.79,3.91,100.96,63.57,53.79,7.82
458,34.76,21.51,21.79,3.91,100.96,63.57,53.66,7.82
459,34.82,21.51,21.82,3.91,100.96,63.74,53.79,7.84
460,34.76,21.51,21.82,3.91,100.57,63.57,53.66,7.82
461,34.82,21.51,21.79,3.91,100.96,63.74,53.66,7.82
462,34.69,21.51,21.79,3.91,100.57,63.57,53.66,7.83
463,34.82,21.48,21.79,3.91,100.57,63.57,53.66,7.82
464,34.82,21.48,21.79,3.91,100.57,63.74,53.53,7.83
465,34.82,21.51,21.82,3.91,100.57,63.57,53.66,7.83
466,34.82,21.51,21.82,3.91,100.96,63.57,53.66,7.82
467,34.76,21.51,21.82,3.91,100.96,63.74,53.79,7.83
468,34.88,21.51,21.82,3.91,100.57,63.74,53.92,7.83
469,34.82,21.51,21.82,3.91,100.96,63.74,53.53,7.83
470,34.69,21.54,21.82,3.91,100.96,63.74,53.79,7.83
471,34.76,21.54,21.82,3.91,100.96,63.92,53.79,7.84
472,34.69,21.54,21.86,3.93,100.96,63.74,53.79,7.84
473,34.82,21.54,21.86,3.92,100.96,63.74,53.79,7.84
474,34.82,21.54,21.82,3.91,100.96,63.74,53.79,7.84
475,34.76,21.54,21.82,3.92,100.96,63.92,53.79,7.85
476,34.82,21.54,21.82,3.91,100.57,63.74,53.66,7.85
477,34.76,21.51,21.79,3.91,100.96,63.74,53.66,7.85
478,34.69,21.54,21.79,3.91,100.96,63.74,53.66,7.85
479,34.76,21.51,21.79,3.92,100.96,63.74,53.66,7.85
480,34.76,21.51,21.79,3.91,100.96,63.57,53.66,7.85
481,34.76,21.51,21.79,3.91,100.57,63.74,53.66,7.85
482,34.82,21.51,21.79,3.91,100.96,63.74,53.66,7.85
483,34.82,21.54,21.82,3.91,100.96,63.92,53.79,7.85
484,34.76,21.51,21.79,3.91,100.96,63.74,53.66,7.85
485,34.76,21.54,21.76,3.91,100.57,63.74,53.66,7.85
486,34.76,21.51,21.79,3.91,100.96,63.74,53.53,7.85
487,34.76,21.54,21.79,3.91,100.57,63.74,53.66,7.85
488,34.76,21.51,21.79,3.91,100.96,63.74,53.66,7.84
489,34.76,21.54,21.79,3.91,100.57,63.74,53.53,7.85
490,34.82,21.51,21.82,3.91,100.57,63.74,53.66,7.85
491,34.82,21.51,21.82,3.91,100.96,63.92,53.79,7.85
492,34.88,21.54,21.82,3.91,100.96,63.74,53.79,7.86
493,34.88,21.54,21.86,3.91,100.96,63.74,53.79,7.86
494,34.88,21.54,21.86,3.92,100.96,63.92,53.79,7.86
495,34.88,21.54,21.89,3.91,100.96,63.92,53.92,7.86
496,34.88,21.54,21.86,3.91,100.96,63.74,53.79,7.86
497,34.95,21.54,21.89,3.91,101.36,63.92,53.92,7.85
498,34.95,21.54,21.89,3.91,101.36,63.74,53.79,7.86
499,34.88,21.57,21.89,3.92,101.36,63.92,53.92,7.86
500,34.95,21.54,21.89,3.91,101.36,63.92,53.92,7.85
501,34.95,21.54,21.86,3.91,101.36,63.74,53.92,7.85
502,34.88,21.54,21.89,3.91,101.36,63.74,53.79,7.86
503,34.95,21.57,21.92,3.92,101.36,63.92,53.92,7.86
504,34.95,21.54,21.92,3.92,101.36,63.92,53.92,7.86
505,34.95,21.54,21.92,3.91,101.36,63.74,53.79,7.86
506,34.95,21.54,21.92,3.91,101.36,63.74,53.92,7.85
507,34.95,21.54,21.92,3.91,101.36,63.92,53.92,7.85
508,35.01,21.54,21.95,3.91,101.36,63.92,53.92,7.86
509,35.08,21.54,21.95,3.92,101.36,63.92,53.92,7.86
510,35.08,21.57,21.95,3.91,101.36,63.92,54.05,7.86
511,35.08,21.54,21.95,3.92,101.36,64.09,54.05,7.85
512,35.01,21.57,21.95,3.91,101.76,63.92,54.05,7.86
513,35.08,21.57,21.95,3.91,101.36,64.09,54.19,7.86
514,34.95,21.61,21.95,3.91,101.36,63.92,54.05,7.87
515,35.01,21.61,21.95,3.91,101.76,64.09,54.05,7.86
516,34.95,21.61,21.95,3.91,101.36,63.92,54.19,7.86
517,35.08,21.61,21.95,3.91,101.36,64.09,54.32,7.87
518,35.01,21.61,21.95,3.92,101.76,63.92,54.19,7.87
519,35.01,21.61,21.95,3.91,101.36,64.27,54.19,7.87
520,35.01,21.61,21.95,3.92,101.76,64.09,54.19,7.87
521,35.01,21.61,21.95,3.92,101.36,64.09,54.05,7.87
522,34.95,21.61,21.95,3.91,101.36,64.27,54.19,7.88
523,35.01,21.64,21.95,3.91,101.76,63.92,54.19,7.88
524,35.01,21.64,21.92,3.91,101.76,64.09,54.05,7.88
525,35.01,21.61,21.95,3.92,101.76,64.09,54.05,7.88
526,34.95,21.61,21.95,3.91,101.36,63.92,54.05,7.88
527,35.01,21.61,21.95,3.92,101.36,64.09,54.05,7.88
528,35.01,21.61,21.95,3.92,101.36,64.09,54.05,7.87
529,34.95,21.57,21.92,3.92,101.36,63.92,54.05,7.88
530,34.95,21.57,21.92,3.91,101.36,63.92,53.92,7.87
531,35.01,21.61,21.92,3.92,101.36,64.09,54.05,7.87
532,34.95,21.57,21.92,3.91,101.36,64.09,53.92,7.87
533,34.95,21.61,21.92,3.92,100.96,63.92,54.05,7.87
534,34.88,21.57,21.92,3.92,101.36,64.09,54.05,7.87
535,34.88,21.57,21.89,3.91,101.36,64.09,53.92,7.87
536,34.88,21.54,21.86,3.91,101.36,63.92,53.92,7.86
537,34.88,21.54,21.86,3.91,100.96,63.92,53.92,7.87
538,34.88,21.54,21.86,3.91,100.96,63.92,53.92,7.86
539,34.82,21.57,21.86,3.91,100.96,63.92,53.92,7.86
540,34.82,21.54,21.86,3.91,100.96,63.92,53.92,7.86
541,34.82,21.54,21.82,3.91,100.96,63.74,53.92,7.86
542,34.82,21.54,21.82,3.91,100.96,63.92,53.79,7.86
543,34.82,21.54,21.82,3.9,100.96,63.92,53.92,7.85
544,34.69,21.54,21.82,3.91,100.96,63.92,53.79,7.86
545,34.82,21.54,21.86,3.9,100.96,63.92,53.92,7.86
546,34.82,21.54,21.86,3.91,100.96,64.09,53.79,7.86
547,34.82,21.57,21.86,3.9,101.36,64.09,53.79,7.86
548,34.82,21.57,21.86,3.9,100.96,63.92,53.92,7.85
549,34.88,21.54,21.82,3.9,101.36,63.92,53.79,7.86
550,34.82,21.54,21.82,3.9,100.96,63.92,53.79,7.85
551,34.82,21.54,21.86,3.9,100.96,63.92,53.79,7.85
552,34.82,21.54,21.82,3.9,100.96,63.74,53.79,7.85
553,34.82,21.51,21.82,3.9,100.57,63.74,53.79,7.85
554,34.82,21.51,21.82,3.9,100.96,63.74,53.79,7.84
555,34.82,21.48,21.82,3.9,100.96,63.74,53.66,7.84
556,34.82,21.51,21.82,3.9,100.96,63.74,53.79,7.84
557,34.76,21.54,21.82,3.9,100.96,63.74,53.92,7.84
558,34.82,21.54,21.86,3.9,100.96,63.74,53.92,7.84
559,34.82,21.51,21.86,3.9,100.96,63.92,53.92,7.84
560,34.82,21.51,21.86,3.9,100.96,63.74,53.92,7.84
561,34.76,21.51,21.79,3.9,100.96,63.74,53.79,7.84
562,34.69,21.51,21.79,3.9,100.96,63.74,53.79,7.85
563,34.69,21.48,21.79,3.9,100.96,63.74,53.66,7.83
564,34.69,21.45,21.76,3.89,100.57,63.57,53.66,7.83
565,34.63,21.45,21.76,3.9,100.57,63.57,53.66,7.83
566,34.69,21.48,21.76,3.9,100.96,63.57,53.66,7.82
567,34.69,21.45,21.76,3.89,100.57,63.74,53.66,7.82
568,34.69,21.45,21.76,3.89,100.57,63.57,53.66,7.82
569,34.63,21.45,21.73,3.89,100.57,63.57,53.66,7.82
570,34.63,21.41,21.73,3.88,100.57,63.57,53.53,7.81
571,34.69,21.38,21.73,3.89,100.57,63.4,53.53,7.81
572,34.69,21.45,21.73,3.89,100.57,63.57,53.66,7.82
573,34.69,21.45,21.76,3.89,100.57,63.57,53.66,7.82
574,34.76,21.45,21.76,3.88,100.57,63.57,53.66,7.82
575,34.82,21.41,21.79,3.89,100.96,63.57,53.66,7.82
576,34.82,21.45,21.79,3.89,100.57,63.4,53.66,7.81
577,34.76,21.45,21.76,3.88,100.96,63.74,53.66,7.82
578,34.76,21.41,21.79,3.89,100.57,63.57,53.66,7.81
579,34.76,21.41,21.79,3.89,100.57,63.57,53.66,7.81
580,34.69,21.41,21.79,3.89,100.57,63.4,53.66,7.8
581,34.76,21.41,21.79,3.89,100.57,63.4,53.66,7.8
582,34.82,21.41,21.82,3.89,100.96,63.57,53.66,7.81
583,34.69,21.41,21.82,3.88,100.96,63.74,53.66,7.81
584,34.82,21.41,21.82,3.88,100.96,63.57,53.66,7.8
585,34.76,21.41,21.82,3.88,100.57,63.57,53.66,7.8
586,34.82,21.41,21.82,3.88,100.96,63.4,53.66,7.8
587,34.76,21.41,21.82,3.88,100.96,63.4,53.79,7.8
588,34.82,21.41,21.82,3.88,100.96,63.57,53.66,7.82
589,34.76,21.38,21.82,3.89,100.57,63.4,53.79,7.8
590,34.69,21.41,21.76,3.88,100.96,63.4,53.66,7.8
591,34.69,21.38,21.79,3.89,100.96,63.4,53.66,7.8
592,34.56,21.38,21.79,3.88,100.57,63.4,53.66,7.8
593,34.69,21.38,21.79,3.88,100.57,63.4,53.66,7.8
594,34.69,21.38,21.79,3.89,100.57,63.4,53.66,7.8
595,34.69,21.38,21.73,3.89,100.57,63.4,53.66,7.8
596,34.63,21.38,21.73,3.89,100.96,63.57,53.66,7.79
597,34.69,21.41,21.76,3.88,100.57,63.4,53.66,7.8
598,34.69,21.41,21.76,3.88,100.57,63.57,53.66,7.8
599,34.69,21.41,21.76,3.88,100.96,63.4,53.66,7.8
