0,34.12,20.43,21.66,4.12,98.64,60.25,52.38,8.6
1,34.12,20.43,21.66,4.12,98.64,60.25,52.26,8.58
2,34.12,20.43,21.66,4.11,98.64,60.09,52.38,8.58
3,34.12,20.43,21.63,4.11,98.26,60.25,52.38,8.6
4,34.12,20.43,21.63,4.11,98.64,60.25,52.38,8.58
5,33.99,20.46,21.66,4.12,98.64,60.25,52.38,8.58
6,34.12,20.46,21.66,4.12,98.26,60.25,52.38,8.57
7,34.18,20.46,21.66,4.11,98.64,60.25,52.51,8.58
8,34.18,20.46,21.69,4.11,98.64,60.25,52.51,8.58
9,34.18,20.46,21.69,4.12,98.64,60.25,52.51,8.58
10,34.18,20.49,21.69,4.11,98.64,60.25,52.51,8.57
11,34.24,20.49,21.73,4.12,99.02,60.41,52.64,8.58
12,34.31,20.49,21.76,4.12,99.02,60.41,52.76,8.6
13,34.24,20.52,21.79,4.12,99.02,60.25,52.64,8.6
14,34.31,20.55,21.79,4.12,99.02,60.41,52.64,8.6
15,34.31,20.52,21.79,4.12,99.4,60.41,52.76,8.6
16,34.31,20.49,21.79,4.12,99.02,60.25,52.76,8.6
17,34.31,20.49,21.79,4.12,99.02,60.41,52.76,8.58
18,34.24,20.49,21.76,4.12,99.4,60.41,52.64,8.58
19,34.18,20.49,21.76,4.11,99.02,60.25,52.64,8.58
20,34.24,20.49,21.76,4.12,99.02,60.25,52.64,8.58
21,34.24,20.49,21.76,4.12,99.02,60.25,52.64,8.58
22,34.24,20.49,21.79,4.11,99.02,60.41,52.64,8.58
23,34.24,20.49,21.79,4.12,99.02,60.41,52.76,8.58
24,34.31,20.49,21.79,4.12,99.02,60.41,52.64,8.58
25,34.31,20.49,21.79,4.11,99.02,60.41,52.64,8.58
26,34.31,20.49,21.79,4.12,99.4,60.41,52.64,8.58
27,34.31,20.52,21.79,4.12,99.02,60.41,52.64,8.58
28,34.31,20.49,21.76,4.12,99.02,60.41,52.76,8.58
29,34.31,20.49,21.79,4.12,99.02,60.41,52.64,8.58
30,34.31,20.49,21.79,4.12,99.02,60.41,52.76,8.58
31,34.31,20.46,21.79,4.12,99.02,60.41,52.64,8.57
32,34.31,20.49,21.76,4.12,99.02,60.25,52.64,8.58
33,34.18,20.46,21.76,4.11,99.02,60.25,52.64,8.57
34,34.24,20.49,21.73,4.11,99.02,60.25,52.64,8.58
35,34.24,20.46,21.73,4.11,99.02,60.25,52.51,8.57
36,34.18,20.43,21.73,4.11,98.64,60.25,52.64,8.56
37,34.18,20.46,21.73,4.11,99.02,60.25,52.64,8.56
38,34.24,20.46,21.76,4.11,99.02,60.41,52.64,8.57
39,34.18,20.49,21.76,4.12,99.02,60.25,52.64,8.57
40,34.18,20.49,21.76,4.12,99.02,60.41,52.76,8.57
41,34.24,20.49,21.76,4.11,99.02,60.41,52.64,8.57
42,34.12,20.49,21.73,4.11,99.02,60.41,52.64,8.57
43,34.18,20.49,21.73,4.12,99.02,60.09,52.76,8.57
44,34.18,20.49,21.73,4.12,99.02,60.41,52.64,8.58
45,34.12,20.46,21.69,4.12,98.64,60.41,52.64,8.57
46,34.06,20.49,21.69,4.11,98.64,60.25,52.51,8.57
47,34.06,20.46,21.69,4.11,98.64,60.25,52.51,8.57
48,33.99,20.46,21.66,4.11,98.64,60.25,52.51,8.57
49,34.06,20.46,21.69,4.12,98.64,60.25,52.51,8.56
50,34.06,20.46,21.69,4.12,98.64,60.41,52.51,8.57
51,34.12,20.46,21.69,4.11,98.64,60.41,52.51,8.57
52,34.06,20.46,21.66,4.11,98.64,60.25,52.51,8.57
53,34.06,20.46,21.69,4.1,98.64,60.41,52.51,8.57
54,34.24,20.49,21.79,4.11,99.02,60.25,52.51,8.57
55,34.44,20.46,21.92,4.12,99.4,60.25,52.51,8.57
56,34.5,20.46,21.95,4.12,99.4,60.25,52.51,8.57
57,34.56,20.46,22.02,4.11,99.79,60.25,52.38,8.56
58,34.44,20.43,21.86,4.1,99.4,60.25,51.4,8.54
59,34.12,20.31,21.15,4.08,97.51,59.93,47.65,8.46
60,32.84,19.9,18.92,4.01,90.23,58.4,40.29,8.2
61,31.75,19.34,17.2,3.86,79.28,55.65,37.24,7.75
62,31.41,19.2,16.87,3.8,77.03,54.7,36.88,7.56
63,31.09,19.04,16.59,3.71,74.89,53.51,36.74,7.31
64,30.92,18.9,16.43,3.62,73.97,52.62,36.67,7.04
65,30.82,18.82,16.37,3.54,73.52,51.87,36.67,6.83
66,30.71,18.72,16.32,3.44,73.52,51.14,36.67,6.52
67,30.65,18.69,16.32,3.4,73.3,51.02,36.67,6.37
68,30.71,18.69,16.32,3.36,73.3,50.78,36.67,6.24
69,30.65,18.64,16.32,3.31,73.3,50.66,36.6,6.09
70,30.65,18.59,16.32,3.28,73.3,50.43,36.67,5.95
71,30.65,18.56,16.32,3.25,73.3,50.43,36.6,5.86
72,30.6,18.56,16.32,3.21,73.3,50.19,36.6,5.68
73,30.65,18.56,16.32,3.19,73.3,50.19,36.6,5.62
74,30.65,18.56,16.32,3.18,73.3,50.19,36.6,5.57
75,30.71,18.56,16.34,3.17,73.3,50.19,36.6,5.5
76,30.65,18.59,16.34,3.16,73.3,50.19,36.6,5.46
77,30.65,18.56,16.32,3.14,73.08,50.19,36.53,5.35
78,30.6,18.56,16.32,3.14,73.08,50.19,36.53,5.34
79,30.65,18.56,16.34,3.13,73.08,50.08,36.53,5.29
80,30.65,18.56,16.32,3.12,73.08,49.96,36.46,5.22
81,30.65,18.56,16.34,3.12,73.08,49.96,36.53,5.22
82,30.6,18.56,16.32,3.12,72.85,49.96,36.53,5.2
83,30.6,18.56,16.34,3.11,73.08,49.96,36.53,5.16
84,30.6,18.56,16.32,3.11,73.08,49.96,36.46,5.12
85,30.6,18.53,16.32,3.1,72.85,49.96,36.46,5.11
86,30.55,18.56,16.3,3.1,72.85,49.96,36.46,5.06
87,30.55,18.56,16.3,3.1,72.85,49.96,36.46,5.05
88,30.6,18.56,16.28,3.09,72.85,49.96,36.46,5.04
89,30.6,18.56,16.3,3.09,72.85,49.96,36.46,5.02
90,30.6,18.56,16.3,3.09,72.85,50.19,36.39,5.01
91,30.6,18.56,16.3,3.1,72.85,49.96,36.46,4.99
92,30.6,18.56,16.3,3.09,73.08,49.96,36.39,4.99
93,30.55,18.56,16.32,3.09,72.85,49.96,36.39,4.98
94,30.55,18.56,16.3,3.09,72.85,50.08,36.39,4.96
95,30.5,18.56,16.28,3.09,72.85,49.96,36.39,4.96
96,30.55,18.59,16.3,3.09,72.85,49.96,36.39,4.95
97,30.55,18.53,16.32,3.09,72.85,49.96,36.32,4.95
98,30.6,18.56,16.32,3.09,73.08,49.96,36.39,4.93
99,30.6,18.56,16.32,3.09,73.08,49.96,36.39,4.92
100,30.55,18.56,16.32,3.09,73.08,49.96,36.32,4.92
101,30.65,18.56,16.32,3.09,72.85,49.96,36.39,4.91
102,30.65,18.56,16.32,3.08,73.08,49.96,36.39,4.91
103,30.65,18.56,16.34,3.08,72.85,49.96,36.32,4.91
104,30.6,18.56,16.32,3.08,72.85,49.96,36.39,4.9
105,30.6,18.53,16.32,3.08,72.85,49.96,36.39,4.89
106,30.6,18.56,16.3,3.09,72.85,49.96,36.39,4.89
107,30.6,18.56,16.32,3.08,73.08,49.96,36.32,4.89
108,30.55,18.59,16.32,3.08,72.85,50.08,36.39,4.88
109,30.6,18.56,16.32,3.08,73.08,49.96,36.39,4.88
110,30.65,18.59,16.3,3.08,72.85,49.96,36.39,4.88
111,30.6,18.56,16.32,3.08,72.85,49.96,36.39,4.88
112,30.6,18.59,16.34,3.08,73.08,49.96,36.39,4.87
113,30.65,18.61,16.32,3.08,72.85,50.08,36.46,4.87
114,30.65,18.59,16.34,3.08,73.08,49.96,36.39,4.87
115,30.65,18.59,16.37,3.09,72.85,50.08,36.39,4.86
116,30.65,18.59,16.37,3.08,73.08,50.08,36.39,4.87
117,30.71,18.61,16.34,3.08,72.85,50.08,36.39,4.86
118,30.6,18.59,16.34,3.08,73.08,50.08,36.39,4.86
119,30.65,18.59,16.34,3.08,73.08,50.08,36.39,4.87
120,30.65,18.61,16.34,3.08,72.85,50.08,36.39,4.86
121,30.65,18.61,16.34,3.09,72.85,49.96,36.32,4.86
122,30.65,18.61,16.3,3.08,72.85,50.08,36.39,4.86
123,30.6,18.61,16.32,3.08,72.85,50.08,36.39,4.86
124,30.65,18.61,16.34,3.08,73.08,50.08,36.39,4.86
125,30.65,18.61,16.32,3.08,73.08,50.19,36.32,4.86
126,30.65,18.61,16.32,3.08,72.85,50.08,36.32,4.85
127,30.65,18.61,16.34,3.08,72.85,50.08,36.39,4.86
128,30.65,18.59,16.34,3.09,72.85,50.08,36.32,4.86
129,30.65,18.61,16.32,3.08,72.85,50.08,36.32,4.85
130,30.71,18.61,16.34,3.08,72.85,50.08,36.32,4.86
131,30.71,18.61,16.34,3.08,72.85,50.08,36.32,4.84
132,30.65,18.61,16.32,3.08,72.85,50.08,36.26,4.84
133,30.65,18.59,16.32,3.07,72.85,49.96,36.26,4.84
134,30.6,18.59,16.32,3.07,72.85,50.08,36.26,4.84
135,30.65,18.59,16.32,3.07,72.85,50.19,36.26,4.84
136,30.6,18.56,16.32,3.07,72.85,49.96,36.32,4.84
137,30.71,18.61,16.32,3.08,72.85,50.08,36.26,4.85
138,30.55,18.61,16.32,3.07,72.85,50.19,36.32,4.84
139,30.65,18.61,16.32,3.07,72.85,50.08,36.32,4.84
140,30.6,18.61,16.32,3.08,72.85,50.08,36.26,4.83
141,30.65,18.61,16.3,3.07,72.85,49.96,36.32,4.83
142,30.71,18.61,16.34,3.07,72.85,50.08,36.32,4.84
143,30.71,18.61,16.34,3.07,72.85,50.08,36.32,4.84
144,30.65,18.61,16.34,3.07,73.08,50.08,36.32,4.84
145,30.76,18.64,16.37,3.08,73.08,50.19,36.32,4.84
146,30.82,18.64,16.39,3.08,73.08,50.08,36.32,4.83
147,30.76,18.66,16.39,3.08,73.08,50.08,36.32,4.85
148,30.82,18.61,16.39,3.07,73.08,50.08,36.32,4.83
149,30.76,18.61,16.41,3.07,73.08,50.08,36.32,4.83
150,30.76,18.61,16.39,3.07,73.08,50.08,36.32,4.83
151,30.65,18.59,16.39,3.07,73.08,49.96,36.32,4.83
152,30.76,18.61,16.37,3.07,72.85,50.08,36.32,4.83
153,30.76,18.61,16.37,3.07,73.08,50.08,36.32,4.83
154,30.76,18.64,16.37,3.07,73.08,50.08,36.26,4.83
155,30.71,18.61,16.37,3.07,73.08,50.08,36.32,4.83
156,30.65,18.61,16.37,3.07,73.08,50.08,36.46,4.83
157,30.76,18.64,16.46,3.08,73.3,50.19,36.88,4.83
158,30.82,18.64,16.55,3.08,73.75,50.19,37.38,4.84
159,30.92,18.72,16.64,3.08,74.2,50.31,37.74,4.86
160,31.14,18.77,17.01,3.1,76.07,50.55,38.79,4.9
161,31.19,18.8,17.13,3.11,76.55,50.78,39.1,4.91
162,31.47,18.9,17.46,3.14,78.02,51.14,39.97,4.97
163,31.69,19.04,17.73,3.17,79.28,51.75,40.87,5.03
164,31.8,19.09,17.93,3.19,80.32,51.99,41.45,5.07
165,31.92,19.17,18.13,3.22,81.11,52.37,41.8,5.12
166,32.09,19.26,18.39,3.26,82.47,52.87,42.5,5.2
167,32.2,19.34,18.55,3.28,83.02,53.12,42.94,5.24
168,32.32,19.39,18.73,3.32,83.87,53.51,43.3,5.31
169,32.43,19.45,18.87,3.34,84.15,53.77,43.77,5.35
170,32.66,19.59,19.14,3.4,85.6,54.43,44.52,5.48
171,32.61,19.59,19.19,3.4,85.89,54.43,44.61,5.5
172,32.84,19.68,19.44,3.46,86.79,54.97,45.2,5.6
173,32.9,19.73,19.58,3.48,87.7,55.38,45.69,5.68
174,32.96,19.79,19.69,3.5,88.01,55.52,45.89,5.72
175,33.14,19.82,19.81,3.54,88.64,55.93,46.4,5.82
176,33.2,19.9,20.01,3.58,89.58,56.35,46.7,5.91
177,33.32,19.93,20.07,3.61,90.23,56.5,47.02,5.99
178,33.32,19.96,20.24,3.65,90.88,56.78,47.44,6.09
179,33.38,19.99,20.27,3.65,90.88,56.78,47.54,6.12
180,33.44,20.02,20.36,3.68,91.2,57.21,47.86,6.19
181,33.5,20.05,20.42,3.69,91.87,57.21,47.97,6.23
182,33.56,20.08,20.51,3.72,92.2,57.51,48.3,6.3
183,33.69,20.11,20.63,3.75,92.54,57.65,48.52,6.4
184,33.69,20.16,20.69,3.77,92.88,57.95,48.85,6.49
185,33.69,20.16,20.72,3.79,93.22,58.1,48.96,6.55
186,33.69,20.19,20.78,3.81,93.57,58.25,49.18,6.6
187,33.75,20.22,20.81,3.83,93.91,58.4,49.3,6.67
188,33.69,20.25,20.88,3.84,93.91,58.4,49.41,6.71
189,33.75,20.25,20.94,3.85,94.26,58.55,49.52,6.78
190,33.75,20.25,20.97,3.87,94.61,58.7,49.75,6.83
191,33.81,20.28,21.0,3.88,94.61,58.85,49.87,6.91
192,33.93,20.28,21.06,3.9,94.97,58.85,49.98,6.96
193,33.93,20.28,21.03,3.9,94.97,58.85,49.98,6.96
194,33.93,20.28,21.09,3.91,94.97,59.0,50.1,7.01
195,33.93,20.28,21.12,3.92,95.32,59.16,50.21,7.08
196,33.93,20.31,21.18,3.93,95.32,59.16,50.33,7.14
197,33.99,20.31,21.18,3.93,95.68,59.0,50.33,7.16
198,33.99,20.31,21.22,3.94,95.68,59.31,50.45,7.19
199,33.93,20.34,21.25,3.95,95.68,59.31,50.56,7.25
200,33.99,20.31,21.25,3.96,96.04,59.31,50.68,7.27
201,33.93,20.34,21.25,3.96,96.04,59.31,50.68,7.32
202,33.99,20.31,21.28,3.97,96.04,59.31,50.68,7.37
203,33.93,20.37,21.28,3.97,96.4,59.31,50.8,7.39
204,33.93,20.34,21.28,3.98,96.04,59.46,50.8,7.4
205,33.99,20.34,21.34,3.99,96.4,59.62,50.92,7.46
206,33.87,20.34,21.31,3.99,96.4,59.62,50.92,7.49
207,33.99,20.34,21.31,3.99,96.4,59.62,50.8,7.5
208,33.99,20.34,21.31,4.0,96.4,59.62,50.92,7.54
209,33.99,20.37,21.31,4.01,96.4,59.62,50.92,7.57
210,33.93,20.37,21.31,4.0,96.4,59.62,51.04,7.58
211,33.93,20.37,21.34,4.01,96.77,59.62,51.04,7.61
212,33.99,20.37,21.34,4.01,96.77,59.62,50.92,7.62
213,33.93,20.37,21.37,4.01,96.77,59.78,51.16,7.68
214,33.99,20.4,21.37,4.01,96.77,59.78,51.04,7.7
215,33.99,20.4,21.41,4.02,96.77,59.62,51.28,7.73
216,33.99,20.4,21.37,4.03,96.77,59.78,51.16,7.74
217,33.99,20.43,21.37,4.03,96.77,59.78,51.28,7.75
218,33.93,20.37,21.34,4.03,96.77,59.78,51.16,7.78
219,33.99,20.37,21.34,4.02,96.77,59.78,51.16,7.78
220,33.93,20.37,21.34,4.03,96.77,59.78,51.16,7.79
221,33.93,20.37,21.34,4.02,96.77,59.78,51.16,7.82
222,33.93,20.37,21.34,4.03,96.77,59.62,51.04,7.83
223,33.93,20.37,21.31,4.03,96.4,59.78,51.16,7.84
224,33.93,20.37,21.34,4.03,96.77,59.62,51.16,7.86
225,33.93,20.37,21.37,4.03,96.77,59.78,51.16,7.88
226,33.81,20.4,21.37,4.04,96.77,59.93,51.16,7.89
227,33.99,20.43,21.37,4.04,96.77,59.93,51.28,7.91
228,33.99,20.4,21.37,4.04,96.77,59.93,51.4,7.93
229,33.93,20.43,21.37,4.04,96.77,59.93,51.28,7.93
230,33.99,20.4,21.37,4.04,96.77,59.93,51.4,7.94
231,33.93,20.4,21.37,4.04,96.77,59.93,51.4,7.94
232,33.99,20.37,21.37,4.04,96.77,59.93,51.16,7.96
233,33.93,20.37,21.37,4.04,96.77,59.78,51.28,7.97
234,33.93,20.4,21.37,4.04,96.77,59.93,51.28,7.99
235,33.87,20.37,21.37,4.04,96.77,59.93,51.4,8.0
236,33.93,20.37,21.37,4.04,96.77,59.93,51.4,8.01
237,33.93,20.37,21.41,4.05,96.77,60.25,51.4,8.02
238,34.12,20.4,21.41,4.04,97.14,59.93,51.4,8.02
239,33.99,20.4,21.44,4.06,97.14,59.93,51.4,8.04
240,33.93,20.4,21.44,4.05,97.14,59.93,51.4,8.04
241,34.06,20.4,21.44,4.04,97.14,59.93,51.4,8.05
242,33.99,20.4,21.47,4.06,97.14,59.93,51.4,8.05
243,34.12,20.4,21.5,4.06,97.14,59.93,51.52,8.07
244,34.12,20.4,21.47,4.06,97.51,59.93,51.52,8.07
245,34.06,20.43,21.5,4.06,97.51,59.93,51.52,8.08
246,33.99,20.4,21.5,4.06,97.51,59.93,51.52,8.08
247,34.06,20.4,21.5,4.06,97.14,59.93,51.52,8.09
248,34.06,20.4,21.47,4.06,97.51,59.93,51.52,8.09
249,34.06,20.4,21.47,4.06,97.51,59.93,51.52,8.1
250,34.12,20.4,21.47,4.06,97.14,60.09,51.52,8.11
251,34.12,20.4,21.5,4.06,97.51,59.93,51.52,8.1
252,34.12,20.43,21.5,4.06,97.51,60.09,51.64,8.13
253,34.12,20.4,21.5,4.06,97.51,59.93,51.52,8.12
254,34.12,20.4,21.5,4.06,97.51,59.93,51.64,8.12
255,34.12,20.43,21.53,4.06,97.51,59.93,51.77,8.13
256,34.12,20.43,21.5,4.06,97.88,59.93,51.64,8.13
257,34.06,20.37,21.5,4.06,97.51,59.93,51.64,8.14
258,34.12,20.37,21.47,4.06,97.51,59.93,51.64,8.14
259,34.12,20.37,21.47,4.06,97.51,59.78,51.64,8.14
260,34.06,20.37,21.5,4.06,97.51,60.09,51.77,8.15
261,34.06,20.4,21.5,4.06,97.51,59.93,51.64,8.15
262,33.99,20.4,21.5,4.06,97.51,59.93,51.64,8.16
263,33.99,20.4,21.47,4.06,97.51,59.93,51.64,8.16
264,33.99,20.37,21.47,4.06,97.51,59.93,51.64,8.17
265,33.93,20.4,21.47,4.06,97.14,59.93,51.64,8.17
266,33.93,20.37,21.44,4.06,97.51,59.93,51.64,8.18
267,33.87,20.37,21.47,4.06,97.51,59.93,51.64,8.17
268,33.87,20.4,21.47,4.07,97.51,59.93,51.64,8.18
269,33.87,20.4,21.47,4.06,97.51,59.93,51.64,8.18
270,33.99,20.4,21.44,4.07,97.51,60.09,51.77,8.2
271,33.93,20.43,21.44,4.07,97.51,59.93,51.64,8.2
272,33.93,20.4,21.44,4.06,96.77,59.93,51.64,8.21
273,33.93,20.4,21.41,4.06,97.14,60.09,51.64,8.2
274,33.93,20.37,21.44,4.06,97.51,60.09,51.64,8.21
275,33.93,20.43,21.44,4.06,97.51,59.93,51.64,8.21
276,33.87,20.37,21.44,4.06,97.51,59.78,51.64,8.21
277,33.93,20.37,21.44,4.07,97.51,59.93,51.64,8.21
278,33.93,20.34,21.41,4.06,97.14,59.78,51.52,8.21
279,33.93,20.37,21.44,4.06,97.14,59.93,51.52,8.21
280,33.93,20.37,21.44,4.06,97.51,59.93,51.64,8.22
281,33.93,20.37,21.44,4.06,97.14,59.93,51.64,8.22
282,33.93,20.37,21.44,4.06,97.51,59.93,51.64,8.22
283,33.93,20.37,21.44,4.06,97.14,59.78,51.64,8.23
284,33.93,20.34,21.44,4.06,97.51,59.93,51.64,8.23
285,33.81,20.34,21.41,4.06,97.14,59.78,51.64,8.23
286,33.87,20.34,21.41,4.06,97.14,59.78,51.64,8.23
287,33.87,20.31,21.41,4.06,97.51,59.78,51.52,8.23
288,33.87,20.34,21.41,4.06,97.14,59.78,51.64,8.23
289,33.87,20.31,21.41,4.06,97.14,59.62,51.4,8.23
290,33.87,20.31,21.41,4.06,97.14,59.78,51.52,8.24
291,33.87,20.31,21.41,4.06,97.14,59.78,51.52,8.23
292,33.87,20.28,21.37,4.06,97.14,59.78,51.52,8.23
293,33.81,20.28,21.41,4.06,97.14,59.78,51.52,8.23
294,33.81,20.28,21.41,4.07,97.14,59.78,51.52,8.24
295,33.81,20.31,21.44,4.06,97.14,59.62,51.52,8.24
296,33.87,20.31,21.44,4.06,96.77,59.78,51.64,8.25
297,33.93,20.34,21.44,4.06,97.14,59.78,51.64,8.24
298,33.93,20.31,21.44,4.06,97.51,59.78,51.64,8.25
299,33.93,20.34,21.41,4.06,97.51,59.78,51.64,8.25
300,33.87,20.34,21.44,4.06,97.14,59.78,51.77,8.26
301,33.81,20.34,21.44,4.06,97.51,59.93,51.64,8.26
302,33.93,20.34,21.47,4.07,97.51,59.78,51.64,8.27
303,33.93,20.34,21.47,4.08,97.51,59.93,51.77,8.27
304,33.87,20.34,21.47,4.07,97.51,59.78,51.77,8.27
305,33.93,20.37,21.44,4.07,97.51,59.93,51.64,8.28
306,33.93,20.34,21.47,4.07,97.51,59.93,51.77,8.28
307,33.93,20.37,21.47,4.07,97.14,59.93,51.77,8.28
308,33.99,20.37,21.5,4.07,97.51,59.93,51.77,8.29
309,33.99,20.37,21.5,4.07,97.51,59.93,51.77,8.29
310,33.99,20.37,21.5,4.08,97.51,59.93,51.77,8.29
311,33.99,20.4,21.5,4.08,97.88,59.93,51.77,8.3
312,33.99,20.4,21.53,4.08,97.51,59.93,51.77,8.29
313,33.99,20.4,21.5,4.08,97.51,59.93,51.89,8.3
314,33.93,20.34,21.47,4.08,97.88,59.93,51.77,8.29
315,33.87,20.34,21.47,4.08,97.51,59.93,51.77,8.3
316,33.93,20.34,21.47,4.08,97.51,59.93,51.89,8.3
317,33.93,20.34,21.47,4.08,97.51,59.93,51.77,8.3
318,33.93,20.34,21.47,4.08,97.51,59.78,51.77,8.3
319,33.93,20.37,21.47,4.07,97.51,59.93,51.77,8.3
320,33.93,20.34,21.47,4.08,97.51,59.93,51.77,8.31
321,33.99,20.34,21.47,4.08,97.51,59.78,51.77,8.31
322,33.99,20.34,21.5,4.08,97.51,59.93,51.77,8.3
323,33.99,20.34,21.5,4.08,97.51,60.09,51.77,8.3
324,33.99,20.34,21.5,4.08,97.88,59.93,51.77,8.31
325,33.99,20.34,21.5,4.08,97.88,59.93,51.77,8.31
326,33.99,20.34,21.5,4.08,97.88,59.93,51.77,8.31
327,33.93,20.34,21.5,4.08,97.88,59.78,51.77,8.32
328,33.99,20.31,21.5,4.08,97.51,59.78,51.77,8.31
329,33.99,20.34,21.5,4.08,97.88,59.93,51.77,8.31
330,33.99,20.34,21.53,4.08,97.51,59.78,51.89,8.32
331,33.93,20.34,21.5,4.08,97.51,59.93,51.89,8.32
332,33.99,20.34,21.5,4.08,97.51,59.78,51.77,8.32
333,33.87,20.31,21.53,4.08,97.51,59.93,51.89,8.32
334,33.99,20.34,21.47,4.08,97.88,60.09,51.89,8.32
335,33.93,20.34,21.47,4.08,97.51,59.93,51.89,8.32
336,33.93,20.34,21.47,4.08,97.88,59.78,51.89,8.33
337,33.87,20.34,21.5,4.08,97.51,59.93,51.89,8.33
338,33.99,20.34,21.53,4.08,97.51,59.93,51.89,8.33
339,34.06,20.37,21.53,4.08,97.88,59.93,52.01,8.34
340,34.06,20.37,21.57,4.08,97.88,59.93,52.26,8.34
341,34.12,20.37,21.57,4.08,97.88,59.93,52.01,8.34
342,34.12,20.37,21.57,4.08,97.88,59.93,51.89,8.34
343,34.06,20.34,21.57,4.08,97.88,59.93,52.01,8.34
344,34.06,20.37,21.57,4.08,97.88,59.93,52.14,8.34
345,34.06,20.37,21.57,4.08,97.88,59.93,52.01,8.36
346,33.99,20.34,21.57,4.08,97.88,59.93,52.01,8.37
347,34.06,20.34,21.57,4.08,98.26,59.93,52.01,8.36
348,33.99,20.37,21.53,4.08,97.88,59.93,52.01,8.36
349,33.99,20.31,21.57,4.08,97.88,60.09,52.01,8.36
350,33.99,20.34,21.53,4.08,97.88,59.93,52.01,8.37
351,33.93,20.31,21.53,4.08,97.88,59.93,52.01,8.36
352,34.06,20.34,21.53,4.08,97.88,59.93,52.01,8.37
353,34.06,20.37,21.57,4.08,98.26,59.93,51.89,8.37
354,34.06,20.34,21.53,4.08,97.88,60.09,52.01,8.39
355,33.99,20.34,21.53,4.08,97.88,59.93,52.01,8.37
356,33.99,20.34,21.53,4.08,97.88,59.78,51.89,8.37
357,33.99,20.31,21.5,4.08,97.88,59.93,51.89,8.38
358,33.99,20.31,21.53,4.08,97.88,59.93,51.89,8.37
359,34.06,20.37,21.57,4.08,97.88,59.93,52.01,8.38
360,34.06,20.37,21.57,4.08,97.88,59.93,52.01,8.38
361,34.06,20.34,21.57,4.08,97.88,59.93,51.89,8.38
362,34.06,20.34,21.57,4.08,97.88,59.93,51.89,8.38
363,34.06,20.31,21.53,4.08,97.88,59.78,51.89,8.38
364,33.99,20.28,21.53,4.08,97.51,59.93,52.01,8.38
365,34.06,20.31,21.53,4.08,97.88,59.78,52.01,8.38
366,33.99,20.34,21.53,4.08,97.88,59.78,52.01,8.38
367,33.99,20.34,21.57,4.08,97.88,59.93,52.01,8.39
368,33.99,20.34,21.57,4.08,98.26,59.93,52.01,8.38
369,33.99,20.34,21.57,4.08,97.88,59.93,52.01,8.38
370,34.06,20.34,21.57,4.08,97.88,59.93,52.01,8.38
371,34.06,20.34,21.57,4.08,97.88,59.78,52.01,8.38
372,34.06,20.34,21.57,4.08,97.88,59.93,52.01,8.38
373,34.06,20.34,21.53,4.08,97.88,59.93,52.01,8.38
374,34.06,20.31,21.57,4.08,97.88,59.78,52.01,8.39
375,33.99,20.34,21.57,4.08,97.88,59.78,52.01,8.39
376,34.06,20.34,21.57,4.08,98.26,59.93,52.01,8.39
377,34.06,20.34,21.6,4.08,98.26,59.93,52.01,8.39
378,34.06,20.34,21.6,4.08,98.26,59.78,52.14,8.4
379,34.06,20.37,21.57,4.08,98.26,59.93,52.14,8.4
380,34.06,20.37,21.6,4.08,98.26,59.93,52.14,8.4
381,34.06,20.37,21.6,4.08,98.26,60.09,52.01,8.41
382,33.99,20.37,21.6,4.09,98.26,60.09,52.14,8.4
383,34.06,20.37,21.57,4.08,98.26,60.09,52.14,8.41
384,33.99,20.37,21.57,4.08,97.88,59.93,52.01,8.41
385,33.93,20.34,21.57,4.08,97.88,59.93,52.01,8.41
386,33.93,20.34,21.53,4.08,97.88,59.93,52.01,8.4
387,33.93,20.34,21.53,4.08,97.88,59.93,52.01,8.41
388,33.93,20.34,21.5,4.08,97.88,59.93,52.01,8.41
389,33.93,20.34,21.5,4.08,97.88,60.09,52.01,8.42
390,33.87,20.37,21.5,4.08,97.88,59.93,52.01,8.43
391,33.93,20.37,21.53,4.08,97.88,60.09,52.01,8.42
392,33.87,20.37,21.53,4.09,97.88,60.09,52.01,8.42
393,33.93,20.37,21.5,4.09,97.88,60.09,52.01,8.43
394,33.93,20.4,21.5,4.09,97.88,59.93,52.01,8.43
395,33.93,20.4,21.47,4.09,97.88,60.09,51.89,8.43
396,33.87,20.4,21.5,4.1,97.88,60.09,52.01,8.43
397,33.81,20.31,21.44,4.08,97.51,59.93,51.89,8.43
398,33.75,20.34,21.44,4.08,97.51,59.93,51.89,8.43
399,33.75,20.34,21.41,4.08,97.51,60.09,51.77,8.43
400,33.75,20.34,21.41,4.08,97.51,59.78,51.77,8.42
401,33.69,20.31,21.41,4.08,97.51,59.93,51.77,8.42
402,33.81,20.34,21.44,4.08,97.51,60.09,51.64,8.43
403,33.87,20.31,21.47,4.08,97.51,59.93,51.77,8.43
404,33.87,20.37,21.47,4.08,97.51,59.93,51.77,8.43
405,33.93,20.34,21.47,4.08,97.51,59.93,51.89,8.43
406,33.93,20.34,21.5,4.08,97.88,60.09,51.77,8.43
407,33.93,20.37,21.5,4.09,97.51,59.93,51.89,8.44
408,33.87,20.34,21.5,4.08,97.88,59.93,51.89,8.44
409,33.93,20.34,21.5,4.08,97.88,59.78,51.89,8.44
410,33.93,20.34,21.5,4.08,97.88,60.09,51.89,8.44
411,33.87,20.34,21.5,4.08,97.88,59.93,51.89,8.43
412,33.87,20.34,21.5,4.08,97.88,59.93,51.89,8.44
413,33.87,20.34,21.5,4.08,97.88,59.93,51.89,8.44
414,33.99,20.34,21.53,4.08,97.88,59.93,51.89,8.44
415,33.93,20.34,21.5,4.08,97.51,59.93,52.01,8.44
416,33.93,20.34,21.53,4.08,97.88,59.93,52.01,8.44
417,33.99,20.34,21.53,4.08,97.88,60.09,52.01,8.44
418,33.99,20.4,21.57,4.08,97.88,60.25,52.14,8.45
419,33.99,20.37,21.6,4.09,98.26,60.09,52.14,8.45
420,33.99,20.4,21.57,4.09,97.88,60.09,52.01,8.45
421,33.99,20.4,21.57,4.1,98.26,60.09,52.01,8.46
422,33.99,20.37,21.53,4.09,97.88,60.09,52.14,8.46
423,33.93,20.37,21.53,4.09,97.88,60.09,52.01,8.45
424,33.93,20.37,21.53,4.09,97.88,60.09,52.01,8.45
425,33.93,20.37,21.53,4.09,98.26,60.09,52.01,8.46
426,33.93,20.37,21.53,4.1,97.88,60.09,52.01,8.46
427,33.99,20.37,21.53,4.1,97.88,60.09,52.14,8.46
428,33.99,20.4,21.57,4.1,97.88,60.09,52.01,8.46
429,33.99,20.4,21.57,4.1,98.26,60.09,52.14,8.47
430,33.99,20.37,21.57,4.1,97.88,60.25,52.14,8.47
431,33.99,20.4,21.53,4.1,97.88,60.25,52.14,8.47
432,33.93,20.4,21.53,4.1,97.88,60.09,52.01,8.46
433,33.99,20.37,21.53,4.09,97.88,60.09,52.01,8.46
434,33.99,20.34,21.57,4.1,97.88,60.09,52.01,8.47
435,33.99,20.37,21.53,4.09,97.88,60.09,52.01,8.47
436,33.93,20.34,21.5,4.1,97.51,60.09,52.01,8.47
437,33.93,20.34,21.5,4.1,97.88,60.09,52.01,8.46
438,33.87,20.34,21.47,4.09,97.51,59.93,51.89,8.46
439,33.87,20.31,21.5,4.09,97.51,59.93,51.89,8.46
440,33.87,20.31,21.5,4.09,97.51,59.93,51.89,8.46
441,33.87,20.34,21.47,4.09,97.51,59.93,51.89,8.46
442,33.87,20.31,21.5,4.09,97.51,59.93,51.89,8.46
443,33.87,20.34,21.5,4.09,97.88,59.93,52.01,8.45
444,33.87,20.31,21.47,4.09,97.51,59.93,52.01,8.45
445,33.87,20.31,21.5,4.09,97.51,59.93,51.89,8.45
446,33.81,20.31,21.47,4.09,97.51,59.93,51.89,8.45
447,33.87,20.34,21.47,4.09,97.88,59.93,51.89,8.46
448,33.81,20.34,21.47,4.09,97.51,59.78,52.01,8.46
449,33.87,20.34,21.47,4.1,97.51,59.93,52.01,8.46
450,33.81,20.31,21.44,4.1,97.51,59.93,51.89,8.46
451,33.87,20.31,21.47,4.09,97.51,59.93,51.89,8.45
452,33.81,20.31,21.47,4.09,97.51,59.93,51.89,8.45
453,33.81,20.31,21.47,4.09,97.51,59.93,51.89,8.46
454,33.81,20.31,21.47,4.09,97.51,59.93,51.89,8.46
455,33.87,20.31,21.47,4.09,97.88,59.93,51.89,8.46
456,33.87,20.31,21.5,4.09,97.88,59.93,51.89,8.46
457,33.87,20.31,21.5,4.09,97.88,59.93,52.01,8.46
458,33.75,20.34,21.47,4.09,97.51,59.93,52.01,8.46
459,33.87,20.31,21.47,4.09,97.51,60.09,52.01,8.47
460,33.75,20.31,21.47,4.09,97.51,59.93,51.89,8.46
461,33.87,20.34,21.47,4.09,97.51,59.93,51.89,8.46
462,33.93,20.34,21.53,4.09,97.88,59.93,52.01,8.46
463,33.99,20.28,21.57,4.09,98.26,60.09,52.01,8.46
464,33.99,20.34,21.6,4.1,97.88,60.09,51.89,8.46
465,34.06,20.34,21.6,4.09,98.26,60.09,52.14,8.47
466,34.06,20.34,21.6,4.09,98.26,60.09,52.14,8.47
467,34.06,20.34,21.63,4.09,98.26,59.93,52.14,8.47
468,34.06,20.34,21.6,4.1,98.26,59.93,52.14,8.47
469,34.06,20.34,21.6,4.09,97.88,59.93,52.26,8.47
470,34.06,20.34,21.63,4.1,98.26,60.09,52.14,8.47
471,34.06,20.34,21.63,4.1,98.26,60.09,52.14,8.47
472,34.06,20.34,21.6,4.09,98.26,59.93,52.14,8.47
473,33.99,20.34,21.63,4.1,98.26,59.93,52.26,8.46
474,34.06,20.34,21.63,4.1,98.26,60.09,52.26,8.47
475,34.06,20.34,21.63,4.1,98.26,59.93,52.14,8.47
476,33.99,20.31,21.6,4.09,98.26,59.93,52.14,8.47
477,33.99,20.34,21.57,4.09,98.26,59.93,52.14,8.47
478,33.99,20.34,21.6,4.1,98.26,60.09,52.26,8.47
479,33.99,20.37,21.63,4.1,98.26,60.09,52.26,8.47
480,33.99,20.37,21.6,4.09,98.26,60.09,52.26,8.48
481,34.06,20.37,21.63,4.1,97.88,60.09,52.26,8.48
482,33.99,20.37,21.6,4.1,98.26,60.09,52.38,8.48
483,33.93,20.4,21.6,4.1,98.26,60.25,52.26,8.48
484,33.99,20.43,21.6,4.1,98.26,60.09,52.26,8.5
485,33.99,20.4,21.6,4.1,98.26,60.25,52.26,8.5
486,33.99,20.4,21.6,4.1,98.26,60.25,52.26,8.5
487,33.99,20.4,21.6,4.1,98.26,60.25,52.26,8.5
488,33.99,20.4,21.6,4.1,98.26,60.25,52.26,8.5
489,33.99,20.4,21.6,4.1,98.26,60.09,52.26,8.5
490,33.99,20.4,21.6,4.1,98.26,60.25,52.26,8.5
491,33.99,20.4,21.6,4.1,98.26,60.25,52.26,8.5
492,34.06,20.4,21.6,4.1,98.26,60.25,52.26,8.51
493,34.12,20.4,21.63,4.1,98.26,60.25,52.38,8.51
494,34.12,20.43,21.66,4.1,98.64,60.25,52.38,8.51
495,34.12,20.43,21.66,4.11,98.64,60.25,52.38,8.52
496,34.06,20.43,21.66,4.11,98.26,60.25,52.26,8.51
497,34.12,20.4,21.66,4.11,98.26,60.25,52.38,8.52
498,34.06,20.43,21.63,4.11,98.26,60.41,52.38,8.52
499,34.12,20.43,21.69,4.11,98.64,60.41,52.38,8.51
500,34.12,20.43,21.66,4.11,98.64,60.25,52.38,8.51
501,34.06,20.43,21.66,4.12,98.64,60.25,52.38,8.52
502,34.06,20.43,21.69,4.11,98.64,60.41,52.38,8.51
503,34.12,20.4,21.66,4.11,98.64,60.25,52.38,8.51
504,34.12,20.43,21.66,4.11,98.26,60.41,52.38,8.52
505,34.18,20.43,21.66,4.11,98.64,60.41,52.38,8.52
506,34.12,20.43,21.66,4.11,98.64,60.41,52.51,8.52
507,34.12,20.46,21.66,4.11,98.26,60.41,52.38,8.51
508,34.06,20.43,21.66,4.11,98.64,60.25,52.38,8.52
509,34.12,20.43,21.63,4.11,98.64,60.41,52.51,8.53
510,34.12,20.46,21.63,4.11,98.64,60.25,52.38,8.52
511,34.12,20.43,21.63,4.11,98.26,60.25,52.38,8.52
512,34.06,20.43,21.63,4.11,98.26,60.41,52.38,8.52
513,34.12,20.43,21.6,4.11,98.64,60.41,52.38,8.52
514,33.93,20.43,21.63,4.11,98.64,60.41,52.38,8.52
515,34.06,20.43,21.6,4.11,98.26,60.41,52.38,8.52
516,33.93,20.43,21.6,4.11,98.26,60.25,52.26,8.52
517,33.99,20.46,21.6,4.11,98.26,60.25,52.38,8.52
518,33.93,20.43,21.6,4.1,98.26,60.41,52.38,8.53
519,34.06,20.43,21.6,4.11,98.26,60.25,52.38,8.52
520,34.06,20.43,21.6,4.11,98.26,60.25,52.26,8.52
521,34.06,20.43,21.63,4.11,98.26,60.41,52.26,8.52
522,33.99,20.43,21.63,4.11,98.26,60.25,52.26,8.52
523,34.12,20.4,21.63,4.11,98.26,60.25,52.26,8.52
524,34.06,20.43,21.63,4.11,98.26,60.25,52.26,8.52
525,34.06,20.4,21.63,4.11,98.26,60.25,52.26,8.52
526,34.06,20.4,21.63,4.1,98.26,60.25,52.14,8.52
527,34.06,20.37,21.63,4.11,98.26,60.25,52.26,8.51
528,34.06,20.37,21.63,4.11,97.88,60.09,52.26,8.5
529,34.06,20.4,21.63,4.11,98.26,60.25,52.26,8.51
530,34.12,20.37,21.66,4.1,98.64,60.25,52.26,8.51
531,34.06,20.4,21.66,4.1,98.64,60.25,52.38,8.51
532,34.06,20.4,21.63,4.1,98.26,60.25,52.26,8.51
533,34.06,20.37,21.63,4.11,98.26,60.25,52.26,8.51
534,34.06,20.37,21.63,4.1,98.64,60.25,52.38,8.52
535,34.06,20.43,21.66,4.11,98.26,60.41,52.38,8.51
536,34.12,20.43,21.66,4.11,98.64,60.41,52.38,8.51
537,34.06,20.4,21.66,4.11,98.64,60.41,52.38,8.52
538,34.06,20.43,21.66,4.11,98.64,60.25,52.38,8.52
539,34.06,20.43,21.66,4.11,98.64,60.09,52.38,8.52
540,34.12,20.4,21.66,4.1,98.64,60.25,52.38,8.52
541,34.12,20.43,21.66,4.11,98.64,60.25,52.38,8.51
542,34.06,20.43,21.66,4.11,98.64,60.25,52.38,8.52
543,34.06,20.43,21.66,4.11,98.64,60.25,52.38,8.52
544,33.93,20.43,21.66,4.11,98.64,60.25,52.38,8.52
545,34.12,20.43,21.66,4.11,98.64,60.25,52.38,8.52
546,33.99,20.43,21.66,4.11,98.64,60.25,52.51,8.52
547,34.06,20.43,21.63,4.1,98.26,60.25,52.38,8.52
548,33.93,20.4,21.63,4.11,98.64,60.25,52.38,8.51
549,33.99,20.4,21.63,4.11,98.64,60.25,52.38,8.52
550,33.99,20.4,21.63,4.1,98.64,60.41,52.38,8.51
551,33.93,20.4,21.6,4.1,98.26,60.25,52.38,8.52
552,33.93,20.4,21.6,4.1,98.26,60.25,52.38,8.52
553,33.93,20.4,21.6,4.1,98.26,60.25,52.38,8.52
554,33.99,20.43,21.6,4.1,98.26,60.41,52.38,8.52
555,33.99,20.4,21.57,4.1,98.26,60.25,52.38,8.52
556,33.93,20.4,21.57,4.1,98.26,60.25,52.38,8.53
557,33.93,20.4,21.57,4.1,98.26,60.25,52.38,8.52
558,33.93,20.4,21.6,4.1,98.26,60.25,52.26,8.52
559,33.99,20.43,21.6,4.1,98.64,60.25,52.38,8.52
560,33.93,20.43,21.6,4.1,98.26,60.41,52.26,8.52
561,33.99,20.46,21.6,4.1,98.26,60.25,52.26,8.53
562,33.99,20.43,21.6,4.1,98.26,60.41,52.26,8.53
563,34.06,20.43,21.63,4.11,98.26,60.41,52.38,8.52
564,33.99,20.4,21.63,4.1,98.26,60.41,52.26,8.52
565,33.99,20.46,21.63,4.1,97.88,60.25,52.26,8.53
566,33.99,20.43,21.6,4.1,98.26,60.25,52.26,8.52
567,34.06,20.43,21.63,4.11,98.26,60.41,52.14,8.53
568,33.99,20.43,21.6,4.1,98.26,60.41,52.26,8.53
569,33.99,20.43,21.6,4.1,98.26,60.25,52.26,8.53
570,33.99,20.46,21.63,4.11,98.26,60.41,52.38,8.54
571,33.99,20.46,21.63,4.1,98.64,60.41,52.38,8.54
572,33.99,20.46,21.63,4.12,98.26,60.73,52.38,8.54
573,33.93,20.43,21.6,4.12,98.26,60.41,52.38,8.53
574,33.99,20.46,21.6,4.11,98.26,60.41,52.26,8.55
575,33.93,20.43,21.6,4.11,98.26,60.25,52.14,8.54
576,33.99,20.43,21.6,4.11,98.26,60.41,52.26,8.53
577,33.93,20.43,21.6,4.1,98.26,60.25,52.26,8.54
578,33.99,20.4,21.6,4.11,98.26,60.25,52.26,8.53
579,33.99,20.4,21.57,4.11,98.26,60.25,52.26,8.54
580,33.99,20.43,21.6,4.11,98.26,60.41,52.26,8.54
581,33.99,20.43,21.6,4.11,98.26,60.41,52.38,8.54
582,33.93,20.46,21.63,4.11,98.64,60.41,52.38,8.54
583,34.06,20.46,21.63,4.11,98.26,60.57,52.38,8.55
584,34.06,20.49,21.63,4.12,98.26,60.41,52.38,8.54
585,34.06,20.49,21.63,4.11,98.64,60.41,52.38,8.54
586,34.06,20.46,21.63,4.11,98.26,60.41,52.38,8.55
587,33.99,20.46,21.63,4.11,98.26,60.57,52.38,8.55
588,33.99,20.46,21.6,4.11,98.26,60.41,52.26,8.54
589,33.99,20.43,21.6,4.1,98.26,60.41,52.26,8.55
590,34.06,20.46,21.6,4.11,98.26,60.41,52.38,8.54
591,33.99,20.46,21.6,4.11,98.26,60.41,52.38,8.55
592,33.99,20.46,21.63,4.11,98.26,60.41,52.38,8.55
