0,33.5,20.14,21.25,3.99,96.4,59.31,51.28,8.58
1,33.44,20.14,21.25,3.98,96.04,59.31,51.28,8.6
2,33.44,20.14,21.28,3.98,96.4,59.31,51.4,8.58
3,33.5,20.14,21.28,3.99,96.4,59.31,51.28,8.58
4,33.5,20.14,21.28,3.98,96.4,59.16,51.4,8.58
5,33.56,20.14,21.31,3.98,96.4,59.31,51.4,8.57
6,33.56,20.11,21.28,3.98,96.4,59.31,51.4,8.58
7,33.56,20.14,21.31,3.98,96.4,59.31,51.4,8.57
8,33.56,20.14,21.31,3.98,96.4,59.31,51.4,8.6
9,33.5,20.14,21.31,3.98,96.77,59.31,51.4,8.58
10,33.5,20.14,21.34,3.98,96.4,59.31,51.4,8.57
11,33.56,20.16,21.34,3.98,96.4,59.31,51.52,8.58
12,33.56,20.14,21.34,3.98,96.4,59.46,51.52,8.58
13,33.56,20.16,21.34,3.99,96.77,59.46,51.52,8.58
14,33.62,20.19,21.37,3.99,96.77,59.46,51.52,8.58
15,33.62,20.16,21.37,3.99,96.77,59.46,51.52,8.58
16,33.62,20.16,21.34,3.99,96.77,59.46,51.64,8.58
17,33.62,20.16,21.37,3.99,96.77,59.46,51.64,8.6
18,33.62,20.19,21.37,3.99,96.77,59.46,51.64,8.58
19,33.56,20.16,21.41,4.0,96.77,59.46,51.64,8.6
20,33.62,20.19,21.41,4.0,97.14,59.62,51.64,8.6
21,33.62,20.19,21.41,4.0,96.77,59.62,51.64,8.6
22,33.62,20.19,21.41,4.0,96.77,59.46,51.77,8.61
23,33.56,20.22,21.41,3.99,96.77,59.62,51.64,8.61
24,33.62,20.19,21.37,4.0,96.77,59.46,51.64,8.6
25,33.56,20.19,21.34,4.0,96.77,59.62,51.64,8.61
26,33.56,20.19,21.31,3.99,96.4,59.62,51.52,8.61
27,33.5,20.16,21.31,3.99,96.77,59.46,51.52,8.6
28,33.5,20.19,21.34,3.99,96.4,59.46,51.52,8.6
29,33.5,20.19,21.34,4.0,96.77,59.46,51.52,8.6
30,33.5,20.19,21.31,3.99,96.4,59.46,51.52,8.6
31,33.56,20.16,21.31,3.99,96.77,59.46,51.52,8.61
32,33.56,20.16,21.34,3.99,96.77,59.46,51.52,8.6
33,33.56,20.16,21.34,3.99,96.77,59.46,51.52,8.6
34,33.56,20.16,21.37,3.99,96.77,59.46,51.52,8.6
35,33.62,20.22,21.34,3.99,96.4,59.46,51.64,8.6
36,33.62,20.16,21.37,3.99,96.77,59.62,51.64,8.6
37,33.62,20.16,21.37,3.99,96.77,59.46,51.64,8.6
38,33.56,20.19,21.34,3.99,96.77,59.46,51.64,8.6
39,33.56,20.19,21.34,3.99,96.77,59.46,51.64,8.6
40,33.62,20.22,21.37,3.99,96.77,59.62,51.64,8.61
41,33.62,20.19,21.37,3.99,96.77,59.46,51.64,8.6
42,33.44,20.16,21.37,3.99,96.77,59.46,51.64,8.6
43,33.56,20.19,21.34,3.99,96.77,59.46,51.52,8.6
44,33.5,20.16,21.31,3.98,96.4,59.46,51.52,8.6
45,33.56,20.16,21.31,3.99,96.77,59.46,51.52,8.58
46,33.56,20.16,21.31,3.99,96.77,59.31,51.52,8.58
47,33.44,20.16,21.31,3.98,96.77,59.46,51.52,8.58
48,33.62,20.16,21.31,3.99,96.77,59.46,51.52,8.58
49,33.5,20.16,21.31,3.99,96.4,59.46,51.52,8.57
50,33.62,20.19,21.34,3.98,96.77,59.46,51.52,8.58
51,33.69,20.16,21.41,3.99,96.77,59.46,51.64,8.58
52,33.81,20.19,21.5,3.99,97.14,59.62,51.64,8.58
53,33.99,20.19,21.6,3.99,97.51,59.46,51.64,8.58
54,34.06,20.19,21.66,3.98,97.88,59.62,51.64,8.58
55,34.12,20.19,21.69,3.98,97.88,59.46,51.64,8.58
56,33.81,20.08,21.53,3.99,97.14,59.31,50.8,8.57
57,32.61,19.56,20.39,3.98,91.87,57.65,45.39,8.57
58,30.03,18.53,18.01,3.98,78.27,52.87,36.39,8.55
59,29.52,18.32,17.54,3.98,75.12,51.75,34.86,8.56
60,27.42,17.4,15.73,3.98,62.26,45.27,29.55,8.53
61,26.93,17.18,15.4,3.97,59.04,43.11,28.57,8.52
62,26.37,16.86,14.97,3.96,55.0,39.95,27.46,8.5
63,26.07,16.63,14.77,3.96,52.52,37.37,26.93,8.47
64,25.99,16.56,14.75,3.96,51.89,36.45,26.88,8.47
65,26.03,16.51,14.77,3.96,51.52,35.7,26.84,8.45
66,26.03,16.49,14.79,3.96,51.4,35.43,26.88,8.46
67,26.03,16.47,14.83,3.96,51.4,35.04,26.93,8.44
68,26.2,16.49,14.91,3.95,51.52,34.65,27.06,8.43
69,26.29,16.51,14.97,3.96,51.65,34.52,27.1,8.43
70,26.37,16.54,15.05,3.95,51.77,34.46,27.28,8.41
71,26.5,16.58,15.09,3.95,52.14,34.46,27.37,8.41
72,26.5,16.58,15.13,3.96,52.27,34.46,27.46,8.39
73,26.58,16.63,15.17,3.95,52.39,34.52,27.51,8.4
74,26.67,16.65,15.23,3.95,52.64,34.59,27.64,8.39
75,26.67,16.65,15.23,3.96,52.77,34.59,27.64,8.4
76,26.76,16.7,15.27,3.96,52.9,34.65,27.73,8.39
77,26.8,16.72,15.31,3.95,53.02,34.71,27.78,8.38
78,26.84,16.76,15.36,3.95,53.28,34.91,27.82,8.38
79,26.89,16.79,15.33,3.95,53.28,34.91,27.87,8.38
80,26.89,16.79,15.38,3.95,53.28,34.91,27.87,8.37
81,26.93,16.79,15.38,3.95,53.54,34.97,27.92,8.36
82,26.93,16.81,15.4,3.95,53.67,35.04,27.92,8.36
83,26.93,16.81,15.42,3.95,53.54,35.04,28.01,8.36
84,26.98,16.83,15.42,3.95,53.67,35.17,28.01,8.34
85,27.02,16.83,15.42,3.94,53.67,35.17,28.01,8.34
86,26.98,16.86,15.44,3.95,53.67,35.17,28.01,8.34
87,27.02,16.88,15.44,3.95,53.67,35.23,28.06,8.33
88,27.02,16.86,15.44,3.94,53.67,35.3,28.06,8.33
89,27.02,16.88,15.44,3.94,53.67,35.23,28.06,8.33
90,27.02,16.86,15.44,3.95,53.8,35.3,28.06,8.33
91,27.02,16.88,15.46,3.95,53.8,35.36,28.06,8.33
92,27.02,16.88,15.46,3.95,53.8,35.3,28.1,8.33
93,27.02,16.9,15.44,3.95,53.8,35.36,28.1,8.32
94,27.02,16.9,15.44,3.95,53.8,35.36,28.1,8.32
95,26.98,16.9,15.44,3.96,53.8,35.3,28.1,8.33
96,26.98,16.93,15.42,3.95,53.67,35.43,28.06,8.32
97,26.98,16.9,15.44,3.94,53.8,35.36,28.06,8.32
98,26.98,16.9,15.42,3.95,53.67,35.36,28.06,8.32
99,26.98,16.9,15.44,3.95,53.67,35.43,28.01,8.31
100,26.93,16.9,15.42,3.96,53.67,35.43,28.06,8.31
101,26.98,16.88,15.42,3.94,53.67,35.36,28.06,8.31
102,26.93,16.88,15.4,3.95,53.67,35.43,28.01,8.3
103,26.93,16.88,15.42,3.94,53.67,35.43,28.01,8.3
104,26.98,16.9,15.44,3.94,53.67,35.36,28.01,8.31
105,26.93,16.9,15.44,3.94,53.8,35.43,28.06,8.3
106,26.98,16.9,15.46,3.94,53.8,35.36,28.1,8.29
107,26.98,16.93,15.44,3.95,53.8,35.5,28.1,8.29
108,27.02,16.93,15.46,3.95,53.8,35.5,28.15,8.29
109,27.02,16.9,15.46,3.94,53.93,35.5,28.1,8.29
110,27.02,16.9,15.46,3.94,53.93,35.5,28.15,8.29
111,27.02,16.9,15.48,3.94,53.8,35.43,28.15,8.29
112,27.06,16.9,15.48,3.94,53.93,35.5,28.15,8.28
113,27.06,16.88,15.48,3.94,53.93,35.5,28.15,8.28
114,27.06,16.9,15.48,3.94,53.93,35.5,28.15,8.28
115,27.11,16.95,15.5,3.94,54.06,35.5,28.2,8.28
116,27.06,16.93,15.5,3.94,54.06,35.5,28.2,8.27
117,27.02,16.95,15.5,3.94,54.06,35.56,28.2,8.27
118,27.06,16.93,15.5,3.94,54.06,35.5,28.2,8.27
119,27.06,16.95,15.5,3.94,54.06,35.5,28.2,8.28
120,27.06,16.93,15.5,3.94,54.06,35.5,28.15,8.27
121,27.06,16.93,15.52,3.94,54.06,35.56,28.2,8.27
122,27.15,16.95,15.52,3.94,54.06,35.56,28.2,8.27
123,27.15,16.97,15.52,3.94,54.06,35.56,28.2,8.27
124,27.11,16.97,15.54,3.94,54.06,35.56,28.24,8.28
125,27.06,16.95,15.52,3.94,54.06,35.56,28.2,8.27
126,27.06,16.95,15.52,3.94,54.06,35.5,28.2,8.26
127,27.06,16.9,15.52,3.94,54.06,35.56,28.2,8.26
128,27.11,16.93,15.52,3.94,54.06,35.5,28.2,8.26
129,27.06,16.93,15.5,3.94,54.06,35.5,28.2,8.25
130,27.11,16.93,15.5,3.94,53.93,35.5,28.2,8.26
131,27.06,16.9,15.5,3.94,54.06,35.5,28.15,8.25
132,27.11,16.9,15.5,3.93,54.06,35.5,28.2,8.25
133,27.06,16.9,15.48,3.94,54.06,35.5,28.15,8.24
134,27.06,16.9,15.48,3.94,54.06,35.5,28.15,8.24
135,27.11,16.9,15.5,3.94,53.93,35.43,28.15,8.23
136,27.11,16.88,15.48,3.93,53.93,35.43,28.15,8.24
137,27.06,16.9,15.5,3.94,53.93,35.43,28.2,8.24
138,27.06,16.9,15.5,3.94,54.06,35.5,28.2,8.23
139,27.02,16.9,15.5,3.93,53.93,35.5,28.15,8.23
140,27.11,16.93,15.52,3.93,54.06,35.5,28.2,8.24
141,27.02,16.9,15.5,3.94,53.93,35.43,28.2,8.23
142,27.06,16.93,15.52,3.93,54.06,35.5,28.2,8.24
143,27.11,16.93,15.52,3.94,54.06,35.5,28.2,8.24
144,27.02,16.93,15.54,3.94,53.93,35.5,28.2,8.24
145,27.06,16.9,15.5,3.94,53.93,35.43,28.15,8.24
146,27.02,16.93,15.5,3.94,53.93,35.43,28.15,8.24
147,27.06,16.93,15.5,3.94,53.93,35.43,28.15,8.23
148,27.06,16.93,15.5,3.94,53.93,35.43,28.15,8.24
149,27.02,16.9,15.48,3.94,53.8,35.36,28.15,8.24
150,27.06,16.9,15.48,3.94,53.8,35.43,28.15,8.23
151,27.02,16.9,15.48,3.93,53.93,35.43,28.15,8.24
152,27.02,16.9,15.5,3.94,53.93,35.43,28.1,8.23
153,26.98,16.93,15.48,3.94,53.93,35.36,28.15,8.24
154,26.98,16.93,15.48,3.94,53.93,35.36,28.1,8.23
155,26.98,16.93,15.48,3.94,53.8,35.43,28.2,8.24
156,27.15,16.97,15.61,3.94,54.33,35.5,28.57,8.24
157,27.42,17.09,15.78,3.95,55.0,35.77,29.11,8.24
158,27.74,17.18,16.01,3.94,56.11,36.04,29.71,8.24
159,27.92,17.26,16.14,3.94,56.67,36.24,30.12,8.24
160,28.25,17.38,16.43,3.94,57.99,36.8,30.85,8.24
161,28.63,17.52,16.71,3.94,59.66,37.37,31.62,8.26
162,29.02,17.72,17.01,3.94,61.26,38.1,32.47,8.25
163,29.12,17.77,17.1,3.94,61.76,38.32,32.76,8.25
164,29.42,17.94,17.34,3.94,63.28,39.01,33.48,8.26
165,29.92,18.12,17.73,3.94,65.6,40.03,34.6,8.26
166,30.18,18.25,17.93,3.95,66.53,40.6,35.18,8.26
167,30.44,18.4,18.16,3.95,68.06,41.27,35.91,8.28
168,30.55,18.51,18.29,3.95,69.06,41.87,36.39,8.28
169,30.65,18.56,18.42,3.94,69.87,42.3,36.74,8.28
170,30.87,18.64,18.6,3.96,71.12,43.02,37.38,8.29
171,31.14,18.8,18.81,3.96,72.85,43.93,38.26,8.3
172,31.25,18.85,18.92,3.95,73.52,44.31,38.64,8.3
173,31.41,18.98,19.11,3.96,74.89,45.18,39.33,8.31
174,31.64,19.09,19.27,3.96,76.55,46.07,40.13,8.31
175,31.8,19.17,19.41,3.96,77.28,46.69,40.62,8.32
176,31.86,19.23,19.5,3.96,78.27,47.21,41.03,8.33
177,31.92,19.26,19.55,3.96,78.52,47.42,41.2,8.33
178,32.03,19.34,19.69,3.96,79.54,48.06,41.71,8.34
179,32.09,19.34,19.72,3.96,79.8,48.39,41.97,8.34
180,32.2,19.42,19.86,3.96,81.38,49.28,42.58,8.34
181,32.32,19.48,19.92,3.96,81.92,49.5,42.85,8.36
182,32.37,19.51,19.98,3.96,82.47,49.85,43.12,8.36
183,32.49,19.56,20.1,3.96,83.3,50.31,43.58,8.37
184,32.55,19.59,20.16,3.96,83.58,50.66,43.86,8.37
185,32.61,19.62,20.21,3.96,84.15,51.02,44.14,8.38
186,32.61,19.65,20.24,3.96,85.02,51.5,44.42,8.37
187,32.66,19.65,20.3,3.97,85.02,51.75,44.71,8.39
188,32.66,19.7,20.33,3.97,85.6,52.24,44.9,8.39
189,32.78,19.7,20.42,3.97,86.19,52.37,45.1,8.38
190,32.78,19.68,20.42,3.96,86.19,52.49,45.29,8.39
191,32.78,19.73,20.42,3.96,86.79,52.87,45.49,8.39
192,32.78,19.73,20.45,3.96,87.09,53.0,45.69,8.39
193,32.78,19.73,20.48,3.96,87.4,53.25,45.89,8.39
194,32.78,19.73,20.48,3.96,87.4,53.38,45.89,8.39
195,32.84,19.76,20.51,3.96,88.01,53.51,46.19,8.39
196,32.84,19.79,20.54,3.96,88.01,53.77,46.29,8.4
197,32.84,19.82,20.57,3.96,88.32,54.03,46.5,8.4
198,32.84,19.79,20.57,3.96,88.64,54.03,46.6,8.4
199,32.84,19.79,20.57,3.96,88.64,54.16,46.6,8.4
200,32.84,19.79,20.57,3.96,88.95,54.43,46.81,8.4
201,32.84,19.79,20.6,3.96,88.95,54.3,46.81,8.4
202,32.84,19.82,20.6,3.96,89.27,54.7,46.91,8.4
203,32.78,19.82,20.6,3.96,89.27,54.83,47.02,8.4
204,32.84,19.85,20.63,3.96,89.58,54.83,47.12,8.41
205,32.9,19.85,20.66,3.96,89.58,54.97,47.22,8.42
206,32.84,19.85,20.66,3.96,89.9,55.1,47.33,8.41
207,32.9,19.85,20.66,3.96,89.9,55.1,47.33,8.42
208,32.96,19.85,20.69,3.96,90.23,55.24,47.44,8.42
209,32.96,19.85,20.69,3.96,90.23,55.38,47.44,8.42
210,32.96,19.88,20.72,3.96,90.23,55.24,47.54,8.42
211,32.96,19.88,20.72,3.96,90.23,55.38,47.54,8.42
212,33.02,19.88,20.75,3.96,90.55,55.52,47.76,8.42
213,33.02,19.9,20.75,3.96,90.88,55.79,47.86,8.42
214,33.02,19.9,20.75,3.96,90.88,55.79,47.86,8.43
215,33.02,19.9,20.78,3.97,90.88,55.93,47.97,8.43
216,33.02,19.9,20.75,3.96,90.88,55.79,48.08,8.43
217,32.96,19.93,20.78,3.97,91.2,55.93,47.97,8.43
218,33.08,19.88,20.78,3.96,90.88,55.93,48.08,8.43
219,33.14,19.88,20.81,3.96,91.2,55.93,48.19,8.43
220,33.08,19.88,20.81,3.96,91.2,55.93,48.19,8.43
221,33.14,19.88,20.81,3.96,91.2,55.93,48.19,8.42
222,33.14,19.9,20.84,3.96,91.54,56.07,48.3,8.42
223,33.14,19.9,20.84,3.96,91.54,56.07,48.41,8.43
224,33.14,19.9,20.84,3.96,91.87,56.07,48.41,8.43
225,33.08,19.93,20.88,3.96,91.87,56.35,48.52,8.44
226,33.14,19.93,20.91,3.96,91.87,56.35,48.41,8.44
227,33.14,19.93,20.88,3.96,91.87,56.35,48.52,8.44
228,33.14,19.9,20.91,3.96,91.87,56.35,48.62,8.44
229,33.08,19.9,20.91,3.96,91.87,56.35,48.62,8.44
230,33.14,19.9,20.91,3.96,92.2,56.35,48.62,8.44
231,33.08,19.93,20.91,3.96,92.2,56.5,48.74,8.44
232,33.14,19.93,20.94,3.97,92.2,56.5,48.74,8.44
233,33.08,19.93,20.91,3.96,92.2,56.5,48.62,8.44
234,33.14,19.96,20.91,3.96,92.2,56.5,48.74,8.44
235,33.14,19.93,20.94,3.96,92.54,56.5,48.74,8.45
236,33.08,19.93,20.94,3.96,92.54,56.64,48.85,8.45
237,33.2,19.96,20.94,3.96,92.54,56.64,48.96,8.45
238,33.2,19.96,20.94,3.96,92.54,56.78,48.85,8.46
239,33.2,19.96,20.94,3.97,92.54,56.78,48.96,8.46
240,33.26,19.96,20.97,3.96,92.88,56.78,49.07,8.46
241,33.26,19.96,20.97,3.96,92.88,56.92,49.07,8.47
242,33.26,19.99,21.0,3.97,92.88,56.78,49.07,8.46
243,33.26,19.96,21.0,3.96,92.88,56.92,49.07,8.47
244,33.26,19.99,20.97,3.96,92.88,56.92,49.18,8.46
245,33.2,19.96,21.0,3.96,92.88,56.92,49.18,8.47
246,33.26,19.96,20.97,3.96,92.88,56.92,49.18,8.46
247,33.26,19.96,20.97,3.97,92.88,56.92,49.18,8.46
248,33.26,19.96,21.0,3.96,92.88,56.92,49.18,8.47
249,33.26,19.99,21.03,3.97,92.88,57.07,49.3,8.46
250,33.26,19.99,21.0,3.96,93.22,57.07,49.3,8.47
251,33.26,19.99,21.03,3.96,93.22,57.07,49.3,8.47
252,33.26,19.96,21.0,3.97,93.22,57.07,49.3,8.47
253,33.26,19.96,21.0,3.96,93.22,57.07,49.3,8.47
254,33.2,19.96,21.0,3.96,93.22,57.07,49.3,8.47
255,33.26,19.93,21.0,3.96,92.88,56.92,49.3,8.46
256,33.26,19.96,21.0,3.96,92.88,57.07,49.41,8.47
257,33.26,19.96,21.03,3.96,93.22,57.21,49.41,8.47
258,33.2,19.99,21.03,3.96,93.22,57.21,49.41,8.47
259,33.2,19.99,21.0,3.96,93.22,57.21,49.41,8.47
260,33.26,19.96,21.0,3.96,93.22,57.21,49.52,8.47
261,33.26,19.96,21.0,3.96,93.22,57.21,49.52,8.47
262,33.26,19.99,21.0,3.96,93.57,57.21,49.52,8.47
263,33.2,19.99,21.0,3.96,93.57,57.36,49.52,8.48
264,33.2,19.99,21.0,3.96,93.57,57.36,49.52,8.48
265,33.26,19.99,21.03,3.96,93.57,57.36,49.52,8.48
266,33.26,19.99,21.03,3.96,93.57,57.36,49.64,8.48
267,33.32,20.02,21.06,3.96,93.57,57.36,49.64,8.48
268,33.26,19.99,21.06,3.96,93.57,57.51,49.64,8.48
269,33.2,20.02,21.03,3.96,93.57,57.51,49.64,8.48
270,33.26,19.99,21.03,3.96,93.57,57.51,49.64,8.48
271,33.26,19.99,21.03,3.96,93.57,57.51,49.64,8.5
272,33.26,19.99,21.03,3.96,93.57,57.51,49.64,8.5
273,33.26,19.99,21.06,3.97,93.57,57.51,49.64,8.5
274,33.32,20.02,21.03,3.96,93.57,57.51,49.87,8.48
275,33.26,19.99,21.06,3.96,93.91,57.65,49.75,8.5
276,33.32,19.99,21.06,3.96,93.91,57.51,49.75,8.5
277,33.32,19.99,21.09,3.97,93.91,57.51,49.75,8.48
278,33.32,20.02,21.09,3.96,93.91,57.51,49.87,8.5
279,33.32,20.02,21.06,3.96,93.91,57.51,49.75,8.5
280,33.32,19.99,21.09,3.96,93.91,57.65,49.75,8.48
281,33.2,19.99,21.06,3.96,93.57,57.65,49.75,8.48
282,33.26,19.99,21.03,3.96,93.91,57.51,49.75,8.48
283,33.26,19.96,21.03,3.96,93.91,57.51,49.75,8.48
284,33.26,19.96,21.03,3.96,93.57,57.51,49.75,8.48
285,33.26,19.96,21.03,3.96,93.91,57.65,49.75,8.48
286,33.2,19.99,21.03,3.96,93.91,57.65,49.87,8.5
287,33.26,19.96,21.03,3.96,94.26,57.65,49.75,8.51
288,33.2,19.96,21.03,3.96,93.57,57.65,49.75,8.5
289,33.2,19.96,21.03,3.96,93.91,57.65,49.75,8.48
290,33.26,19.96,21.03,3.96,93.91,57.65,49.87,8.48
291,33.26,19.99,21.03,3.96,93.91,57.8,49.98,8.5
292,33.26,20.02,21.06,3.96,93.91,57.8,49.98,8.5
293,33.26,19.99,21.06,3.96,93.91,57.95,49.98,8.5
294,33.26,20.02,21.06,3.96,93.91,57.8,49.98,8.5
295,33.32,20.02,21.06,3.96,94.26,57.8,49.98,8.51
296,33.26,20.02,21.06,3.96,94.26,57.95,49.98,8.51
297,33.26,20.02,21.03,3.96,93.91,57.8,49.98,8.51
298,33.2,19.99,21.03,3.96,94.26,57.95,49.98,8.51
299,33.14,19.99,21.03,3.96,93.91,57.95,49.98,8.51
300,33.14,19.99,21.0,3.96,93.91,57.8,49.98,8.51
301,33.2,19.99,21.03,3.96,93.91,57.95,49.98,8.51
302,33.26,20.02,21.03,3.96,94.26,57.95,49.98,8.51
303,33.14,20.02,21.03,3.96,93.91,57.95,49.98,8.51
304,33.2,20.02,21.09,3.96,94.26,58.1,49.98,8.52
305,33.26,20.05,21.06,3.96,94.26,58.1,50.1,8.52
306,33.26,20.05,21.06,3.96,94.26,57.95,50.1,8.52
307,33.26,20.02,21.06,3.96,94.26,58.1,50.1,8.52
308,33.2,20.02,21.06,3.96,94.26,58.1,49.98,8.52
309,33.26,20.02,21.09,3.96,94.26,58.1,50.1,8.52
310,33.32,20.02,21.12,3.96,94.61,58.1,50.1,8.52
311,33.32,20.02,21.12,3.96,94.26,58.1,50.1,8.52
312,33.26,20.05,21.12,3.96,94.61,58.25,50.1,8.52
313,33.32,20.05,21.12,3.96,94.61,58.25,50.33,8.52
314,33.32,20.05,21.09,3.96,94.61,58.25,50.21,8.52
315,33.26,20.05,21.12,3.96,94.61,58.25,50.21,8.52
316,33.32,20.02,21.09,3.96,94.61,58.25,50.21,8.52
317,33.32,20.05,21.12,3.96,94.61,58.25,50.21,8.52
318,33.38,20.05,21.12,3.96,94.61,58.4,50.33,8.53
319,33.38,20.11,21.15,3.96,94.61,58.4,50.45,8.53
320,33.44,20.08,21.15,3.96,94.97,58.4,50.45,8.53
321,33.38,20.08,21.12,3.96,94.97,58.4,50.45,8.53
322,33.44,20.08,21.15,3.96,94.97,58.4,50.45,8.53
323,33.32,20.08,21.15,3.97,94.61,58.4,50.45,8.53
324,33.38,20.08,21.12,3.96,94.61,58.4,50.45,8.53
325,33.38,20.08,21.15,3.96,94.97,58.4,50.45,8.53
326,33.38,20.08,21.15,3.97,94.97,58.4,50.45,8.53
327,33.38,20.08,21.15,3.97,94.97,58.4,50.56,8.53
328,33.38,20.05,21.12,3.96,94.97,58.4,50.45,8.53
329,33.38,20.05,21.15,3.96,94.61,58.4,50.45,8.53
330,33.32,20.05,21.12,3.96,94.97,58.55,50.45,8.52
331,33.32,20.08,21.09,3.96,94.97,58.4,50.45,8.53
332,33.32,20.05,21.18,3.96,94.61,58.4,50.56,8.53
333,33.32,20.11,21.15,3.97,94.97,58.4,50.45,8.53
334,33.38,20.08,21.15,3.96,94.97,58.4,50.45,8.53
335,33.38,20.05,21.15,3.96,94.97,58.4,50.45,8.53
336,33.32,20.02,21.12,3.96,94.97,58.4,50.45,8.52
337,33.32,20.02,21.12,3.96,94.97,58.4,50.45,8.52
338,33.38,20.02,21.12,3.96,94.61,58.4,50.33,8.51
339,33.38,20.02,21.12,3.96,95.32,58.4,50.45,8.52
340,33.38,20.05,21.15,3.97,94.97,58.55,50.45,8.52
341,33.38,20.05,21.15,3.96,94.97,58.25,50.56,8.52
342,33.38,20.05,21.15,3.96,94.97,58.4,50.56,8.52
343,33.38,20.02,21.15,3.96,94.97,58.4,50.45,8.52
344,33.38,20.05,21.18,3.96,94.97,58.4,50.56,8.51
345,33.44,20.05,21.15,3.96,94.97,58.4,50.56,8.52
346,33.32,20.05,21.18,3.96,94.97,58.55,50.56,8.52
347,33.44,20.08,21.18,3.96,95.32,58.55,50.68,8.51
348,33.38,20.05,21.18,3.96,95.32,58.55,50.68,8.52
349,33.44,20.05,21.22,3.96,94.97,58.55,50.68,8.52
350,33.38,20.05,21.18,3.96,95.32,58.4,50.68,8.52
351,33.44,20.05,21.22,3.96,95.32,58.4,50.68,8.51
352,33.44,20.05,21.22,3.96,95.32,58.55,50.68,8.51
353,33.44,20.05,21.22,3.96,95.32,58.55,50.68,8.51
354,33.44,20.05,21.22,3.96,95.32,58.55,50.56,8.52
355,33.44,20.05,21.22,3.96,95.32,58.55,50.68,8.51
356,33.44,20.05,21.22,3.96,95.32,58.7,50.68,8.51
357,33.5,20.05,21.22,3.96,95.32,58.55,50.68,8.51
358,33.44,20.05,21.22,3.96,95.32,58.55,50.68,8.51
359,33.38,20.05,21.22,3.96,95.32,58.55,50.68,8.51
360,33.38,20.05,21.18,3.96,95.32,58.55,50.8,8.52
361,33.38,20.08,21.22,3.96,95.32,58.7,50.8,8.52
362,33.38,20.08,21.22,3.96,95.32,58.7,50.8,8.52
363,33.38,20.08,21.22,3.96,95.32,58.85,50.8,8.52
364,33.38,20.11,21.22,3.96,95.32,58.7,50.8,8.52
365,33.44,20.11,21.25,3.96,95.32,58.7,50.8,8.53
366,33.44,20.11,21.25,3.96,95.32,58.7,50.8,8.53
367,33.38,20.08,21.25,3.96,95.32,58.85,50.8,8.52
368,33.44,20.08,21.22,3.96,95.32,58.7,50.8,8.52
369,33.44,20.08,21.22,3.96,95.32,58.55,50.8,8.52
370,33.56,20.08,21.22,3.96,95.32,59.0,50.8,8.52
371,33.44,20.05,21.22,3.96,95.32,58.7,50.8,8.52
372,33.5,20.05,21.22,3.96,95.32,58.7,50.8,8.51
373,33.5,20.05,21.22,3.96,95.32,58.7,50.8,8.52
374,33.44,20.08,21.22,3.96,95.32,58.55,50.8,8.52
375,33.5,20.08,21.22,3.96,95.68,58.7,50.8,8.52
376,33.44,20.08,21.22,3.96,95.68,58.7,50.92,8.52
377,33.44,20.11,21.22,3.96,95.68,58.85,50.8,8.53
378,33.5,20.08,21.25,3.96,95.68,58.85,50.92,8.52
379,33.5,20.11,21.22,3.96,95.68,58.85,50.92,8.52
380,33.38,20.08,21.25,3.96,95.68,58.7,50.8,8.52
381,33.44,20.08,21.22,3.96,95.32,58.7,50.92,8.52
382,33.38,20.08,21.22,3.96,95.32,58.7,50.8,8.52
383,33.38,20.08,21.18,3.96,95.32,58.85,50.92,8.52
384,33.38,20.08,21.18,3.96,95.32,58.85,50.8,8.52
385,33.32,20.05,21.15,3.96,95.32,58.7,50.92,8.51
386,33.26,20.05,21.15,3.95,95.32,58.7,50.8,8.51
387,33.32,20.02,21.15,3.96,95.32,58.7,50.68,8.52
388,33.32,20.05,21.15,3.95,95.32,58.55,50.8,8.51
389,33.32,20.05,21.15,3.95,95.68,58.55,50.8,8.52
390,33.32,20.05,21.15,3.96,95.32,58.7,50.8,8.51
391,33.38,20.05,21.18,3.95,95.32,58.7,50.8,8.51
392,33.38,20.05,21.18,3.95,95.68,58.7,50.8,8.51
393,33.38,20.05,21.18,3.96,95.68,58.85,50.92,8.52
394,33.38,20.05,21.22,3.96,95.32,58.85,50.92,8.51
395,33.44,20.08,21.22,3.96,95.32,58.7,50.92,8.51
396,33.44,20.08,21.25,3.96,95.68,58.85,50.92,8.52
397,33.38,20.11,21.22,3.96,95.68,59.0,50.92,8.52
398,33.38,20.08,21.22,3.96,95.68,58.85,51.04,8.52
399,33.44,20.11,21.25,3.96,95.68,59.0,51.04,8.52
400,33.44,20.11,21.25,3.96,95.68,58.85,51.04,8.52
401,33.38,20.11,21.22,3.96,96.04,58.85,51.04,8.53
402,33.38,20.11,21.22,3.96,95.68,58.85,51.04,8.53
403,33.38,20.11,21.22,3.96,95.68,59.0,50.92,8.52
404,33.44,20.11,21.22,3.96,95.68,59.0,51.04,8.52
405,33.38,20.11,21.22,3.96,95.68,59.0,50.92,8.52
406,33.44,20.11,21.22,3.95,95.68,59.0,50.92,8.52
407,33.38,20.11,21.25,3.96,95.68,59.0,50.92,8.53
408,33.44,20.11,21.22,3.96,95.68,59.0,50.92,8.54
409,33.38,20.11,21.22,3.96,95.68,59.0,50.92,8.54
410,33.44,20.11,21.22,3.96,95.68,59.0,50.92,8.52
411,33.5,20.11,21.22,3.97,95.68,58.85,50.92,8.53
412,33.38,20.11,21.22,3.96,95.68,59.0,51.04,8.53
413,33.38,20.11,21.22,3.96,95.68,59.0,51.04,8.52
414,33.32,20.08,21.22,3.96,95.68,59.0,51.04,8.52
415,33.38,20.11,21.22,3.96,95.68,59.0,50.92,8.52
416,33.38,20.11,21.22,3.96,95.68,59.0,50.92,8.52
417,33.38,20.11,21.22,3.96,95.68,59.0,50.92,8.53
418,33.38,20.14,21.22,3.96,95.68,59.0,51.04,8.53
419,33.44,20.14,21.22,3.96,95.68,59.0,51.04,8.53
420,33.38,20.11,21.25,3.96,95.68,59.0,51.04,8.53
421,33.44,20.11,21.25,3.96,95.68,59.16,51.04,8.53
422,33.44,20.11,21.25,3.96,95.68,59.0,51.04,8.52
423,33.5,20.08,21.22,3.96,95.68,58.85,50.92,8.52
424,33.5,20.14,21.25,3.96,95.68,59.0,51.04,8.52
425,33.44,20.14,21.28,3.96,95.68,59.16,51.04,8.53
426,33.5,20.14,21.28,3.96,96.04,59.0,51.04,8.53
427,33.5,20.14,21.31,3.96,96.04,59.16,51.04,8.53
428,33.56,20.14,21.28,3.96,95.68,59.16,51.04,8.52
429,33.5,20.14,21.28,3.96,96.04,59.16,51.04,8.53
430,33.5,20.14,21.25,3.95,96.04,59.0,51.04,8.52
431,33.62,20.11,21.28,3.96,95.68,59.16,51.04,8.53
432,33.5,20.14,21.25,3.96,95.68,59.0,51.04,8.52
433,33.44,20.14,21.22,3.96,96.04,59.16,51.16,8.52
434,33.5,20.11,21.25,3.96,96.04,59.0,51.04,8.52
435,33.5,20.11,21.25,3.95,95.68,59.16,51.04,8.52
436,33.5,20.14,21.25,3.96,96.04,59.16,51.16,8.52
437,33.5,20.14,21.25,3.96,96.04,59.0,51.16,8.52
438,33.5,20.11,21.25,3.95,96.04,59.0,51.04,8.51
439,33.44,20.11,21.25,3.95,96.04,58.85,51.16,8.52
440,33.5,20.11,21.25,3.95,95.68,58.85,51.16,8.53
441,33.5,20.11,21.25,3.96,96.04,59.0,51.16,8.52
442,33.5,20.11,21.25,3.96,95.68,59.16,51.16,8.51
443,33.5,20.14,21.28,3.96,96.04,59.0,51.16,8.52
444,33.5,20.14,21.25,3.95,96.04,59.16,51.16,8.53
445,33.5,20.14,21.28,3.96,96.04,59.16,51.16,8.52
446,33.44,20.16,21.25,3.96,96.04,59.16,51.28,8.52
447,33.38,20.14,21.22,3.96,96.04,59.16,51.16,8.53
448,33.44,20.14,21.25,3.96,96.04,59.16,51.16,8.53
449,33.32,20.11,21.22,3.95,96.04,59.0,51.16,8.52
450,33.38,20.11,21.22,3.95,96.04,59.0,51.16,8.52
451,33.38,20.08,21.22,3.96,95.68,59.0,51.04,8.52
452,33.38,20.08,21.18,3.95,95.68,59.0,51.04,8.51
453,33.38,20.08,21.18,3.95,95.32,59.0,50.92,8.51
454,33.38,20.08,21.18,3.95,95.68,59.0,50.92,8.5
455,33.44,20.08,21.18,3.96,95.68,58.85,50.92,8.5
456,33.26,20.08,21.18,3.95,95.68,58.85,50.92,8.51
457,33.38,20.08,21.18,3.94,95.68,59.0,51.04,8.5
458,33.38,20.05,21.18,3.94,95.68,59.0,50.92,8.51
459,33.44,20.08,21.18,3.94,95.68,58.85,50.92,8.5
460,33.38,20.08,21.18,3.94,95.68,59.0,51.04,8.52
461,33.38,20.08,21.18,3.94,95.68,59.0,50.92,8.5
462,33.32,20.05,21.15,3.94,95.68,59.0,51.04,8.5
463,33.38,20.05,21.18,3.94,95.68,58.85,51.04,8.5
464,33.32,20.08,21.18,3.94,95.68,59.0,51.04,8.5
465,33.38,20.08,21.18,3.95,95.68,59.0,50.92,8.5
466,33.38,20.08,21.18,3.94,95.68,59.0,51.04,8.5
467,33.44,20.08,21.22,3.94,95.68,59.0,51.16,8.51
468,33.38,20.11,21.22,3.95,96.04,59.16,51.16,8.5
469,33.38,20.11,21.22,3.95,96.04,59.16,51.16,8.51
470,33.38,20.08,21.22,3.94,96.04,59.0,51.16,8.5
471,33.32,20.11,21.22,3.94,96.04,59.0,51.16,8.5
472,33.32,20.08,21.22,3.94,96.04,59.16,51.16,8.52
473,33.44,20.11,21.22,3.94,96.04,59.0,51.16,8.51
474,33.44,20.11,21.22,3.94,96.04,59.16,51.16,8.51
475,33.44,20.11,21.22,3.94,96.04,59.16,51.28,8.52
476,33.38,20.14,21.22,3.94,96.04,59.16,51.28,8.51
477,33.44,20.14,21.28,3.94,96.04,59.16,51.28,8.52
478,33.5,20.16,21.28,3.95,96.4,59.16,51.28,8.51
479,33.56,20.16,21.28,3.95,96.4,59.31,51.28,8.52
480,33.5,20.16,21.28,3.95,96.04,59.31,51.28,8.52
481,33.5,20.19,21.28,3.95,96.04,59.46,51.4,8.52
482,33.5,20.16,21.31,3.95,96.4,59.31,51.4,8.52
483,33.44,20.16,21.31,3.95,96.4,59.31,51.4,8.52
484,33.5,20.16,21.28,3.94,96.4,59.31,51.28,8.52
485,33.5,20.16,21.28,3.95,96.4,59.31,51.4,8.52
486,33.56,20.16,21.28,3.95,96.4,59.16,51.4,8.52
487,33.56,20.16,21.31,3.95,96.4,59.16,51.4,8.52
488,33.5,20.14,21.31,3.95,96.4,59.16,51.4,8.52
489,33.56,20.16,21.31,3.95,96.4,59.16,51.28,8.52
490,33.56,20.14,21.31,3.94,96.4,59.31,51.28,8.52
491,33.5,20.14,21.31,3.95,96.4,59.16,51.28,8.52
492,33.62,20.19,21.31,3.95,96.4,59.16,51.4,8.53
493,33.56,20.16,21.31,3.94,96.4,59.31,51.4,8.52
494,33.56,20.14,21.31,3.95,96.4,59.31,51.4,8.52
495,33.5,20.16,21.31,3.94,96.4,59.16,51.4,8.51
496,33.5,20.14,21.31,3.96,96.4,59.31,51.4,8.52
497,33.56,20.14,21.31,3.94,96.4,59.16,51.28,8.51
498,33.56,20.14,21.31,3.94,96.4,59.31,51.28,8.51
499,33.56,20.14,21.31,3.94,96.4,59.31,51.28,8.51
500,33.5,20.16,21.31,3.94,96.4,59.16,51.4,8.51
501,33.62,20.11,21.31,3.94,96.4,59.16,51.28,8.51
502,33.5,20.14,21.31,3.94,96.4,59.0,51.4,8.51
503,33.62,20.16,21.34,3.94,96.4,59.16,51.52,8.51
504,33.62,20.14,21.34,3.95,96.77,59.46,51.52,8.52
505,33.69,20.22,21.37,3.96,96.77,59.31,51.52,8.52
506,33.69,20.19,21.37,3.95,96.77,59.31,51.52,8.52
507,33.69,20.16,21.37,3.95,96.77,59.46,51.64,8.52
508,33.69,20.22,21.41,3.96,96.77,59.46,51.64,8.52
509,33.69,20.19,21.37,3.95,96.77,59.46,51.64,8.52
510,33.69,20.19,21.37,3.94,96.77,59.46,51.64,8.53
511,33.62,20.19,21.41,3.95,96.77,59.46,51.64,8.53
512,33.69,20.19,21.37,3.95,97.14,59.46,51.64,8.53
513,33.62,20.22,21.41,3.95,96.77,59.46,51.64,8.53
514,33.62,20.19,21.37,3.95,96.77,59.46,51.77,8.53
515,33.62,20.22,21.34,3.95,96.77,59.46,51.64,8.53
516,33.62,20.22,21.37,3.95,96.77,59.46,51.64,8.53
517,33.69,20.25,21.37,3.95,96.77,59.46,51.64,8.54
518,33.69,20.25,21.37,3.95,96.77,59.62,51.77,8.54
519,33.62,20.25,21.41,3.96,96.77,59.62,51.77,8.55
520,33.62,20.25,21.41,3.96,96.77,59.62,51.77,8.55
521,33.69,20.25,21.41,3.96,97.14,59.78,51.64,8.55
522,33.62,20.25,21.41,3.96,96.77,59.62,51.77,8.54
523,33.69,20.25,21.41,3.96,97.14,59.62,51.77,8.55
524,33.75,20.28,21.41,3.96,97.14,59.62,51.64,8.54
525,33.69,20.25,21.37,3.96,96.77,59.62,51.64,8.55
526,33.69,20.25,21.41,3.96,96.77,59.62,51.64,8.55
527,33.69,20.25,21.41,3.96,96.77,59.62,51.64,8.55
528,33.75,20.25,21.41,3.96,96.77,59.62,51.64,8.55
529,33.75,20.25,21.41,3.96,96.77,59.62,51.64,8.55
530,33.75,20.28,21.41,3.96,97.14,59.78,51.77,8.55
531,33.75,20.25,21.44,3.96,97.14,59.62,51.77,8.55
532,33.75,20.28,21.44,3.96,97.14,59.62,51.77,8.54
533,33.75,20.28,21.41,3.96,97.14,59.62,51.64,8.54
534,33.75,20.25,21.41,3.96,96.77,59.62,51.64,8.55
535,33.75,20.25,21.41,3.96,96.77,59.62,51.64,8.55
536,33.75,20.25,21.41,3.95,97.14,59.62,51.64,8.55
537,33.75,20.25,21.44,3.96,97.14,59.62,51.77,8.55
538,33.69,20.25,21.44,3.95,96.77,59.62,51.64,8.54
539,33.75,20.25,21.41,3.95,97.14,59.62,51.64,8.54
540,33.75,20.22,21.41,3.95,96.77,59.62,51.64,8.54
541,33.62,20.22,21.41,3.95,96.77,59.62,51.64,8.53
542,33.69,20.22,21.41,3.95,96.77,59.62,51.64,8.54
543,33.62,20.25,21.44,3.95,96.77,59.62,51.64,8.54
544,33.75,20.25,21.41,3.96,97.14,59.62,51.64,8.54
545,33.69,20.25,21.41,3.95,97.14,59.62,51.64,8.54
546,33.62,20.25,21.41,3.95,96.77,59.46,51.64,8.53
547,33.69,20.28,21.41,3.95,96.77,59.62,51.64,8.54
548,33.69,20.22,21.41,3.95,97.14,59.78,51.64,8.54
549,33.69,20.22,21.37,3.94,96.77,59.62,51.64,8.53
550,33.69,20.28,21.41,3.95,96.77,59.78,51.64,8.54
551,33.69,20.25,21.37,3.94,96.77,59.62,51.64,8.53
552,33.75,20.25,21.41,3.95,97.14,59.62,51.64,8.53
553,33.69,20.28,21.41,3.95,97.14,59.78,51.77,8.54
554,33.69,20.25,21.41,3.95,97.51,59.78,51.77,8.53
555,33.69,20.25,21.41,3.95,97.14,59.62,51.64,8.53
556,33.69,20.22,21.37,3.95,96.77,59.62,51.64,8.53
557,33.69,20.22,21.37,3.94,96.77,59.62,51.64,8.53
558,33.62,20.22,21.37,3.94,96.77,59.62,51.64,8.54
559,33.62,20.22,21.37,3.94,96.77,59.46,51.64,8.53
560,33.69,20.22,21.37,3.94,96.77,59.46,51.64,8.53
561,33.69,20.22,21.34,3.94,96.77,59.62,51.64,8.52
562,33.69,20.19,21.37,3.94,96.77,59.62,51.64,8.52
563,33.69,20.19,21.37,3.94,96.77,59.46,51.64,8.52
564,33.69,20.19,21.37,3.94,96.77,59.62,51.52,8.51
565,33.69,20.19,21.37,3.94,96.77,59.46,51.52,8.52
566,33.69,20.19,21.37,3.94,96.77,59.62,51.52,8.51
567,33.69,20.19,21.37,3.94,96.77,59.46,51.64,8.51
568,33.75,20.19,21.37,3.94,96.77,59.46,51.52,8.51
569,33.75,20.19,21.41,3.94,96.77,59.46,51.52,8.51
570,33.75,20.16,21.41,3.94,96.77,59.46,51.52,8.51
571,33.75,20.19,21.37,3.93,96.77,59.62,51.52,8.51
572,33.62,20.16,21.37,3.94,96.77,59.46,51.64,8.51
573,33.69,20.16,21.41,3.93,96.77,59.31,51.64,8.5
574,33.75,20.16,21.37,3.93,96.77,59.46,51.64,8.5
575,33.69,20.16,21.37,3.94,96.77,59.31,51.52,8.5
576,33.69,20.14,21.37,3.93,96.77,59.16,51.52,8.48
577,33.69,20.16,21.34,3.93,96.77,59.31,51.64,8.5
578,33.75,20.16,21.34,3.93,96.77,59.46,51.52,8.5
579,33.69,20.16,21.37,3.93,96.77,59.31,51.64,8.48
580,33.69,20.14,21.37,3.93,96.77,59.46,51.52,8.48
581,33.69,20.16,21.37,3.94,96.77,59.31,51.64,8.48
582,33.69,20.19,21.41,3.93,97.14,59.46,51.64,8.48
583,33.69,20.19,21.41,3.94,96.77,59.46,51.77,8.48
584,33.75,20.19,21.41,3.93,97.14,59.46,51.77,8.5
585,33.69,20.19,21.44,3.94,97.14,59.62,51.77,8.5
