0,34.31,20.64,21.89,3.8,99.79,61.7,53.66,8.24
1,34.37,20.64,21.89,3.8,99.79,61.7,53.79,8.25
2,34.37,20.67,21.89,3.8,99.79,61.7,53.79,8.25
3,34.37,20.7,21.92,3.8,99.79,61.87,53.79,8.26
4,34.37,20.67,21.92,3.8,99.79,61.54,53.79,8.26
5,34.37,20.67,21.92,3.8,99.79,61.7,53.79,8.25
6,34.37,20.64,21.92,3.8,100.18,61.7,53.79,8.25
7,34.44,20.64,21.95,3.81,99.79,61.7,53.79,8.26
8,34.44,20.64,21.92,3.81,99.79,61.7,53.79,8.26
9,34.37,20.64,21.92,3.8,100.18,61.7,53.79,8.25
10,34.44,20.64,21.92,3.8,99.79,61.7,53.79,8.26
11,34.44,20.64,21.95,3.8,100.18,61.38,53.79,8.26
12,34.37,20.61,21.92,3.8,100.18,61.7,53.79,8.26
13,34.44,20.61,21.92,3.8,99.79,61.54,53.66,8.26
14,34.44,20.64,21.95,3.8,100.18,61.54,53.79,8.26
15,34.37,20.64,21.92,3.8,100.18,61.54,53.79,8.26
16,34.31,20.61,21.92,3.8,99.79,61.54,53.79,8.26
17,34.37,20.61,21.92,3.8,99.79,61.54,53.79,8.26
18,34.37,20.61,21.92,3.8,99.79,61.54,53.79,8.26
19,34.37,20.61,21.89,3.79,99.79,61.54,53.79,8.26
20,34.37,20.61,21.92,3.8,99.79,61.54,53.79,8.27
21,34.37,20.61,21.92,3.8,100.18,61.54,53.79,8.26
22,34.31,20.61,21.92,3.8,99.79,61.54,53.79,8.27
23,34.37,20.64,21.92,3.8,99.79,61.54,53.79,8.27
24,34.37,20.61,21.92,3.8,100.18,61.54,53.79,8.27
25,34.31,20.61,21.92,3.8,100.18,61.54,53.92,8.28
26,34.37,20.64,21.92,3.8,100.18,61.54,53.92,8.28
27,34.37,20.61,21.95,3.8,100.18,61.54,53.92,8.28
28,34.37,20.67,21.89,3.8,99.79,61.54,53.79,8.28
29,34.37,20.61,21.92,3.8,99.79,61.38,53.66,8.28
30,34.37,20.61,21.92,3.79,100.18,61.54,53.79,8.28
31,34.37,20.58,21.89,3.8,100.18,61.54,53.79,8.28
32,34.31,20.58,21.89,3.79,99.79,61.54,53.79,8.29
33,34.31,20.61,21.92,3.8,99.79,61.38,53.79,8.28
34,34.37,20.55,21.89,3.8,99.79,61.38,53.66,8.28
35,34.37,20.55,21.89,3.79,99.79,61.38,53.66,8.28
36,34.31,20.55,21.86,3.8,99.79,61.38,53.66,8.28
37,34.31,20.58,21.89,3.8,99.79,61.38,53.66,8.28
38,34.31,20.58,21.89,3.79,99.79,61.38,53.66,8.29
39,34.37,20.58,21.89,3.79,99.79,61.38,53.66,8.29
40,34.31,20.58,21.92,3.8,99.79,61.54,53.79,8.29
41,34.37,20.58,21.92,3.8,99.79,61.54,53.79,8.3
42,34.37,20.61,21.92,3.8,99.79,61.54,53.79,8.3
43,34.44,20.61,21.95,3.8,99.79,61.54,53.66,8.3
44,34.44,20.61,21.95,3.8,100.18,61.54,53.79,8.3
45,34.44,20.58,21.95,3.8,100.18,61.54,53.79,8.3
46,34.31,20.58,21.95,3.8,100.18,61.54,53.79,8.3
47,34.31,20.61,21.92,3.8,100.18,61.54,53.79,8.31
48,34.31,20.61,21.89,3.8,99.79,61.54,53.79,8.31
49,34.31,20.61,21.89,3.8,100.18,61.7,53.79,8.31
50,34.18,20.61,21.86,3.8,99.79,61.54,53.66,8.32
51,34.18,20.61,21.86,3.8,99.79,61.54,53.66,8.32
52,34.31,20.64,21.95,3.8,99.79,61.54,53.66,8.33
53,34.44,20.64,22.02,3.8,100.18,61.7,53.53,8.34
54,34.63,20.61,22.12,3.8,100.57,61.7,53.4,8.34
55,34.76,20.64,22.15,3.79,100.57,61.7,53.27,8.29
56,34.31,20.64,21.28,3.61,96.77,61.7,47.22,7.0
57,33.56,20.61,19.84,3.17,88.64,61.87,42.67,4.96
58,32.78,20.64,18.55,2.62,81.38,61.7,39.65,3.35
59,32.14,20.64,17.73,2.22,76.79,61.7,37.97,2.54
60,31.86,20.61,17.29,2.0,74.2,61.87,37.17,2.19
61,31.09,20.64,16.48,1.62,69.87,61.87,35.58,1.67
62,30.65,20.61,16.08,1.46,67.67,61.7,34.79,1.48
63,30.44,20.61,15.86,1.36,66.34,61.7,34.34,1.37
64,30.29,20.61,15.73,1.32,65.6,61.54,34.03,1.32
65,30.03,20.64,15.46,1.24,64.15,61.87,33.48,1.23
66,29.77,20.64,15.23,1.17,63.11,61.7,33.0,1.16
67,29.62,20.64,15.11,1.13,62.26,61.7,32.7,1.12
68,29.37,20.64,14.91,1.08,61.1,61.7,32.18,1.06
69,29.27,20.64,14.81,1.05,60.61,61.7,31.95,1.04
70,29.02,20.64,14.65,1.01,59.82,61.7,31.51,1.0
71,29.02,20.67,14.59,1.0,59.51,61.7,31.34,0.98
72,28.92,20.67,14.53,0.98,59.04,61.54,31.23,0.97
73,28.82,20.67,14.48,0.97,58.74,61.7,31.01,0.95
74,28.78,20.64,14.38,0.95,58.14,61.54,30.75,0.94
75,28.63,20.64,14.3,0.94,57.84,61.54,30.59,0.92
76,28.58,20.64,14.25,0.92,57.54,61.38,30.38,0.91
77,28.49,20.61,14.23,0.92,57.4,61.38,30.32,0.9
78,28.49,20.61,14.19,0.91,57.25,61.21,30.27,0.9
79,28.49,20.61,14.13,0.9,56.96,61.38,30.12,0.89
80,28.44,20.61,14.15,0.9,56.82,61.21,30.06,0.88
81,28.44,20.61,14.1,0.89,56.67,61.21,29.96,0.87
82,28.39,20.58,14.08,0.89,56.53,61.21,29.91,0.87
83,28.35,20.61,14.06,0.88,56.39,61.05,29.76,0.86
84,28.3,20.55,14.04,0.88,56.25,61.05,29.76,0.86
85,28.35,20.58,14.02,0.87,56.11,60.89,29.71,0.85
86,28.3,20.55,14.02,0.87,56.11,61.05,29.66,0.85
87,28.3,20.58,14.02,0.87,55.97,60.89,29.61,0.85
88,28.35,20.64,14.0,0.86,55.97,60.89,29.61,0.85
89,28.3,20.58,13.98,0.86,55.97,60.89,29.55,0.84
90,28.25,20.58,13.97,0.86,55.83,60.89,29.45,0.84
91,28.25,20.58,13.97,0.85,55.83,60.89,29.41,0.84
92,28.3,20.58,13.95,0.85,55.83,60.89,29.41,0.84
93,28.16,20.58,13.93,0.85,55.69,60.89,29.36,0.84
94,28.16,20.58,13.91,0.85,55.55,60.73,29.31,0.84
95,28.16,20.55,13.91,0.85,55.55,60.89,29.31,0.83
96,28.2,20.58,13.89,0.85,55.55,60.73,29.26,0.82
97,28.16,20.55,13.89,0.85,55.41,60.73,29.26,0.82
98,28.16,20.58,13.89,0.85,55.41,60.73,29.26,0.82
99,28.16,20.58,13.89,0.84,55.41,60.73,29.26,0.82
100,28.16,20.58,13.89,0.84,55.41,60.73,29.21,0.82
101,28.2,20.58,13.87,0.84,55.41,60.73,29.21,0.82
102,28.16,20.55,13.89,0.84,55.27,60.73,29.21,0.82
103,28.16,20.55,13.87,0.84,55.27,60.73,29.16,0.82
104,28.2,20.55,13.87,0.84,55.27,60.73,29.16,0.82
105,28.2,20.58,13.87,0.84,55.27,60.73,29.16,0.82
106,28.2,20.58,13.89,0.84,55.27,60.73,29.16,0.82
107,28.2,20.55,13.87,0.84,55.27,60.73,29.16,0.81
108,28.16,20.55,13.87,0.84,55.27,60.73,29.16,0.81
109,28.16,20.55,13.86,0.84,55.14,60.73,29.11,0.81
110,28.16,20.55,13.86,0.84,55.27,60.57,29.11,0.81
111,28.11,20.55,13.84,0.84,55.14,60.57,29.11,0.81
112,28.11,20.52,13.84,0.84,55.14,60.57,29.06,0.81
113,28.11,20.52,13.84,0.84,55.0,60.57,29.06,0.81
114,28.06,20.52,13.84,0.84,55.14,60.41,29.06,0.81
115,28.11,20.52,13.82,0.84,55.14,60.57,29.06,0.81
116,28.11,20.55,13.84,0.84,55.14,60.57,29.06,0.81
117,28.06,20.55,13.84,0.84,55.14,60.57,29.11,0.81
118,28.16,20.55,13.87,0.84,55.14,60.57,29.11,0.81
119,28.2,20.58,13.87,0.84,55.27,60.73,29.11,0.81
120,28.2,20.55,13.87,0.84,55.27,60.57,29.16,0.81
121,28.25,20.58,13.89,0.84,55.27,60.57,29.16,0.81
122,28.25,20.58,13.89,0.84,55.41,60.57,29.16,0.81
123,28.25,20.55,13.91,0.84,55.41,60.57,29.21,0.81
124,28.25,20.55,13.91,0.84,55.41,60.57,29.21,0.81
125,28.25,20.55,13.91,0.84,55.55,60.57,29.26,0.81
126,28.25,20.58,13.93,0.85,55.55,60.57,29.26,0.81
127,28.3,20.58,13.93,0.84,55.55,60.73,29.26,0.81
128,28.3,20.64,13.93,0.84,55.55,60.57,29.26,0.81
129,28.3,20.61,13.93,0.84,55.55,60.57,29.31,0.81
130,28.3,20.58,13.95,0.84,55.69,60.57,29.31,0.81
131,28.3,20.58,13.95,0.84,55.69,60.73,29.26,0.81
132,28.35,20.61,13.95,0.84,55.69,60.57,29.31,0.81
133,28.3,20.58,13.97,0.84,55.69,60.73,29.31,0.81
134,28.25,20.55,13.97,0.85,55.69,60.57,29.36,0.81
135,28.3,20.55,13.97,0.85,55.69,60.57,29.31,0.81
136,28.35,20.58,13.97,0.84,55.69,60.41,29.36,0.81
137,28.3,20.55,13.97,0.85,55.69,60.41,29.36,0.81
138,28.35,20.55,13.97,0.85,55.83,60.57,29.36,0.81
139,28.3,20.55,13.97,0.84,55.83,60.41,29.36,0.81
140,28.35,20.52,13.98,0.85,55.83,60.41,29.36,0.81
141,28.25,20.52,13.97,0.85,55.83,60.25,29.36,0.81
142,28.3,20.49,13.98,0.85,55.83,60.25,29.36,0.81
143,28.35,20.46,13.97,0.85,55.83,60.41,29.36,0.81
144,28.3,20.49,13.97,0.85,55.83,60.25,29.36,0.81
145,28.3,20.46,13.97,0.85,55.83,60.25,29.36,0.81
146,28.3,20.46,13.97,0.85,55.83,60.25,29.36,0.81
147,28.3,20.46,13.95,0.85,55.83,60.25,29.36,0.81
148,28.25,20.43,13.97,0.85,55.83,60.09,29.36,0.81
149,28.25,20.46,13.97,0.85,55.83,60.25,29.36,0.82
150,28.35,20.49,13.98,0.85,55.97,60.25,29.36,0.81
151,28.35,20.46,13.98,0.85,55.97,60.25,29.36,0.81
152,28.3,20.46,14.0,0.85,55.97,60.25,29.41,0.82
153,28.39,20.46,14.0,0.85,56.11,60.25,29.45,0.81
154,28.39,20.46,14.0,0.85,56.11,60.09,29.45,0.81
155,28.44,20.49,14.08,0.86,56.25,60.25,29.86,0.81
156,28.49,20.49,14.15,0.87,56.82,60.09,30.32,0.82
157,28.78,20.46,14.55,0.87,58.89,60.25,31.9,0.84
158,28.92,20.46,14.67,0.88,59.66,60.25,32.35,0.84
159,29.27,20.46,15.11,0.91,62.09,60.25,33.72,0.87
160,29.67,20.43,15.56,0.93,64.33,60.09,34.99,0.9
161,29.92,20.43,15.9,0.96,66.15,60.25,35.91,0.92
162,30.13,20.43,16.17,0.98,67.48,60.25,36.53,0.94
163,30.39,20.43,16.43,1.0,68.86,60.25,37.31,0.96
164,30.76,20.46,16.87,1.05,71.12,60.25,38.49,1.01
165,31.03,20.49,17.15,1.07,72.85,60.25,39.26,1.03
166,31.19,20.49,17.27,1.09,73.52,60.41,39.57,1.05
167,31.58,20.52,17.83,1.17,76.07,60.41,41.03,1.12
168,31.64,20.49,17.86,1.17,76.31,60.41,41.12,1.12
169,32.09,20.52,18.34,1.25,79.03,60.57,42.5,1.21
170,32.26,20.52,18.55,1.3,80.32,60.57,43.03,1.25
171,32.32,20.52,18.65,1.32,80.85,60.41,43.4,1.27
172,32.49,20.52,18.89,1.38,82.2,60.57,44.05,1.33
173,32.61,20.55,19.11,1.44,83.3,60.73,44.71,1.38
174,32.72,20.52,19.27,1.48,84.15,60.73,45.1,1.43
175,32.9,20.52,19.41,1.53,85.02,60.73,45.49,1.48
176,32.96,20.52,19.61,1.6,85.89,60.57,46.19,1.55
177,33.08,20.52,19.78,1.67,86.79,60.73,46.5,1.62
178,33.02,20.52,19.84,1.69,87.09,60.73,46.7,1.64
179,33.2,20.52,19.92,1.73,87.7,60.73,47.02,1.69
180,33.32,20.52,20.1,1.81,88.64,60.73,47.44,1.77
181,33.44,20.52,20.27,1.9,89.58,60.89,47.97,1.86
182,33.56,20.52,20.36,1.96,90.23,60.89,48.3,1.92
183,33.62,20.55,20.42,1.98,90.55,61.05,48.52,1.96
184,33.69,20.58,20.54,2.04,91.2,60.89,48.85,2.03
185,33.75,20.55,20.66,2.13,91.87,61.05,49.18,2.13
186,33.81,20.58,20.78,2.2,92.54,61.05,49.52,2.22
187,33.81,20.58,20.84,2.24,93.22,61.21,49.75,2.27
188,33.81,20.61,20.91,2.31,93.22,61.21,49.98,2.36
189,33.87,20.61,20.94,2.33,93.57,61.21,50.1,2.39
190,33.87,20.61,21.03,2.42,93.91,61.21,50.33,2.5
191,33.93,20.61,21.06,2.46,93.91,61.38,50.45,2.56
192,33.87,20.61,21.09,2.52,94.61,61.21,50.56,2.65
193,33.93,20.58,21.12,2.56,94.61,61.21,50.68,2.71
194,33.99,20.58,21.15,2.62,94.61,61.21,50.8,2.79
195,33.99,20.61,21.18,2.66,95.32,61.21,50.92,2.85
196,34.06,20.61,21.25,2.71,95.32,61.21,51.16,2.92
197,34.12,20.64,21.28,2.75,95.32,61.38,51.28,2.99
198,34.12,20.64,21.31,2.8,95.68,61.38,51.28,3.08
199,34.12,20.64,21.37,2.85,96.04,61.38,51.52,3.17
200,34.18,20.61,21.37,2.88,96.4,61.54,51.52,3.22
201,34.18,20.61,21.41,2.95,96.04,61.38,51.64,3.35
202,34.12,20.61,21.41,2.95,96.77,61.38,51.64,3.36
203,34.18,20.61,21.47,3.03,96.4,61.54,51.77,3.5
204,34.12,20.61,21.47,3.05,96.77,61.54,51.89,3.55
205,34.18,20.61,21.47,3.07,96.77,61.38,51.89,3.6
206,34.18,20.61,21.47,3.12,96.77,61.54,52.01,3.69
207,34.12,20.64,21.47,3.14,96.77,61.38,51.89,3.74
208,34.06,20.61,21.47,3.17,97.14,61.38,52.01,3.81
209,34.06,20.58,21.47,3.19,97.14,61.38,52.14,3.85
210,34.12,20.55,21.47,3.22,97.14,61.38,52.01,3.94
211,34.12,20.58,21.44,3.24,97.14,61.21,52.01,4.0
212,34.12,20.58,21.5,3.26,97.14,61.38,52.26,4.05
213,34.18,20.58,21.5,3.29,97.14,61.38,52.14,4.13
214,34.12,20.55,21.53,3.32,97.14,61.38,52.14,4.24
215,34.24,20.58,21.53,3.33,97.51,61.38,52.26,4.26
216,34.12,20.58,21.57,3.36,97.51,61.21,52.38,4.32
217,34.12,20.58,21.53,3.39,97.51,61.21,52.38,4.4
218,34.12,20.58,21.57,3.4,97.14,61.21,52.38,4.46
219,34.18,20.58,21.57,3.41,97.51,61.38,52.26,4.48
220,34.18,20.55,21.57,3.43,97.51,61.38,52.38,4.56
221,34.18,20.55,21.57,3.44,97.51,61.38,52.38,4.63
222,34.18,20.55,21.53,3.46,97.51,61.38,52.38,4.68
223,34.12,20.55,21.6,3.47,97.88,61.38,52.51,4.74
224,34.18,20.55,21.6,3.48,97.51,61.21,52.51,4.78
225,34.18,20.55,21.6,3.48,97.51,61.21,52.51,4.82
226,34.18,20.55,21.6,3.51,97.88,61.21,52.51,4.86
227,34.18,20.55,21.6,3.51,97.88,61.38,52.64,4.91
228,34.18,20.55,21.63,3.53,97.88,61.21,52.64,4.97
229,34.24,20.58,21.66,3.54,97.88,61.54,52.64,5.03
230,34.24,20.55,21.66,3.55,98.26,61.38,52.64,5.06
231,34.24,20.58,21.66,3.56,98.26,61.38,52.64,5.12
232,34.31,20.58,21.66,3.57,98.26,61.38,52.76,5.16
233,34.18,20.58,21.66,3.57,98.26,61.38,52.76,5.2
234,34.31,20.55,21.69,3.59,98.26,61.38,52.76,5.25
235,34.24,20.55,21.73,3.59,98.26,61.38,52.76,5.26
236,34.31,20.58,21.73,3.6,98.26,61.21,52.89,5.31
237,34.31,20.55,21.73,3.61,98.26,61.21,52.89,5.36
238,34.31,20.58,21.73,3.62,98.26,61.38,52.89,5.42
239,34.31,20.55,21.73,3.62,98.64,61.21,52.89,5.43
240,34.37,20.52,21.73,3.63,98.26,61.21,52.76,5.49
241,34.31,20.52,21.73,3.64,98.26,61.21,52.76,5.5
242,34.31,20.55,21.73,3.63,98.26,61.21,52.89,5.56
243,34.31,20.55,21.73,3.65,98.64,61.21,52.89,5.59
244,34.24,20.58,21.73,3.66,98.26,61.21,52.89,5.64
245,34.31,20.55,21.73,3.66,98.64,61.21,53.02,5.64
246,34.31,20.58,21.76,3.67,98.64,61.38,53.02,5.71
247,34.31,20.58,21.76,3.67,98.64,61.38,53.02,5.73
248,34.37,20.58,21.79,3.67,98.64,61.21,53.02,5.75
249,34.44,20.58,21.79,3.69,99.02,61.38,53.02,5.79
250,34.37,20.61,21.79,3.69,99.02,61.38,53.14,5.82
251,34.37,20.58,21.79,3.69,99.02,61.54,53.14,5.85
252,34.37,20.61,21.79,3.69,99.02,61.54,53.14,5.89
253,34.31,20.61,21.82,3.7,99.02,61.38,53.27,5.91
254,34.44,20.61,21.82,3.7,99.02,61.54,53.14,5.95
255,34.31,20.61,21.82,3.71,99.02,61.38,53.27,5.98
256,34.44,20.61,21.82,3.71,99.02,61.38,53.14,6.0
257,34.37,20.67,21.82,3.72,98.64,61.38,53.27,6.03
258,34.44,20.64,21.82,3.72,99.02,61.38,53.27,6.05
259,34.44,20.61,21.82,3.72,99.02,61.54,53.27,6.09
260,34.37,20.61,21.86,3.73,99.02,61.54,53.27,6.11
261,34.44,20.61,21.86,3.74,99.02,61.54,53.27,6.14
262,34.44,20.61,21.86,3.73,99.02,61.54,53.27,6.17
263,34.5,20.61,21.89,3.74,99.02,61.54,53.4,6.2
264,34.44,20.64,21.89,3.74,99.02,61.54,53.27,6.2
265,34.5,20.67,21.89,3.75,99.4,61.54,53.4,6.24
266,34.5,20.64,21.92,3.75,99.4,61.7,53.4,6.25
267,34.5,20.67,21.89,3.75,99.4,61.54,53.4,6.28
268,34.56,20.67,21.89,3.75,99.4,61.7,53.4,6.3
269,34.56,20.67,21.92,3.76,99.79,61.7,53.53,6.35
270,34.56,20.7,21.92,3.76,99.4,61.7,53.53,6.37
271,34.56,20.7,21.92,3.77,99.79,61.7,53.53,6.37
272,34.56,20.7,21.92,3.77,99.79,61.7,53.53,6.41
273,34.5,20.7,21.92,3.77,99.4,61.7,53.53,6.42
274,34.5,20.7,21.92,3.77,99.4,61.7,53.53,6.44
275,34.44,20.67,21.89,3.77,99.79,61.54,53.53,6.47
276,34.44,20.67,21.89,3.77,99.4,61.54,53.4,6.49
277,34.5,20.64,21.86,3.77,99.79,61.7,53.4,6.51
278,34.44,20.67,21.89,3.77,99.4,61.54,53.4,6.51
279,34.56,20.7,21.89,3.78,99.4,61.7,53.4,6.55
280,34.5,20.67,21.92,3.78,99.4,61.7,53.53,6.56
281,34.5,20.67,21.92,3.78,99.4,61.54,53.53,6.57
282,34.5,20.67,21.92,3.78,99.79,61.7,53.53,6.6
283,34.5,20.67,21.92,3.78,99.79,61.7,53.53,6.63
284,34.44,20.61,21.86,3.78,99.4,61.54,53.4,6.63
285,34.44,20.64,21.86,3.78,99.4,61.54,53.4,6.65
286,34.31,20.64,21.86,3.79,99.4,61.54,53.4,6.67
287,34.37,20.64,21.86,3.78,99.4,61.54,53.27,6.67
288,34.37,20.64,21.86,3.78,99.4,61.38,53.27,6.69
289,34.31,20.61,21.86,3.79,99.4,61.38,53.4,6.7
290,34.31,20.61,21.82,3.79,99.4,61.54,53.4,6.73
291,34.31,20.58,21.82,3.79,99.02,61.38,53.27,6.73
292,34.31,20.58,21.82,3.8,98.64,61.54,53.27,6.75
293,34.31,20.55,21.79,3.78,99.02,61.21,53.27,6.76
294,34.31,20.55,21.79,3.78,98.64,61.38,53.14,6.79
295,34.31,20.55,21.76,3.78,99.02,61.21,53.27,6.79
296,34.31,20.55,21.76,3.78,99.02,61.21,53.14,6.8
297,34.24,20.58,21.76,3.78,99.02,61.38,53.27,6.81
298,34.31,20.58,21.79,3.79,99.02,61.21,53.27,6.83
299,34.24,20.61,21.82,3.8,99.4,61.38,53.27,6.86
300,34.31,20.61,21.79,3.79,99.4,61.54,53.4,6.88
301,34.31,20.61,21.82,3.8,99.02,61.38,53.4,6.89
302,34.31,20.61,21.82,3.8,99.02,61.54,53.4,6.89
303,34.31,20.61,21.79,3.8,99.4,61.38,53.4,6.91
304,34.18,20.61,21.79,3.8,99.02,61.38,53.4,6.93
305,34.24,20.61,21.82,3.8,99.02,61.38,53.4,6.94
306,34.31,20.61,21.82,3.8,99.02,61.38,53.4,6.95
307,34.31,20.61,21.82,3.8,99.02,61.38,53.4,6.97
308,34.31,20.61,21.82,3.8,99.02,61.38,53.4,6.98
309,34.31,20.61,21.82,3.81,99.4,61.54,53.4,7.0
310,34.31,20.64,21.82,3.81,99.02,61.54,53.53,7.01
311,34.24,20.64,21.79,3.8,99.4,61.38,53.4,7.03
312,34.31,20.61,21.79,3.8,99.02,61.54,53.27,7.03
313,34.18,20.61,21.79,3.81,99.02,61.21,53.4,7.04
314,34.24,20.64,21.82,3.81,99.4,61.54,53.4,7.05
315,34.31,20.64,21.82,3.8,99.02,61.54,53.4,7.07
316,34.31,20.61,21.79,3.81,99.02,61.54,53.4,7.08
317,34.24,20.58,21.79,3.8,99.4,61.38,53.4,7.1
318,34.24,20.58,21.79,3.8,99.02,61.54,53.27,7.1
319,34.24,20.58,21.76,3.8,99.02,61.38,53.14,7.11
320,34.12,20.58,21.76,3.8,98.64,61.38,53.27,7.11
321,34.18,20.58,21.76,3.8,99.02,61.38,53.27,7.13
322,34.24,20.58,21.73,3.81,99.02,61.38,53.14,7.14
323,34.24,20.58,21.73,3.81,99.02,61.38,53.27,7.15
324,34.24,20.61,21.73,3.81,99.02,61.21,53.27,7.16
325,34.24,20.61,21.76,3.81,99.02,61.38,53.27,7.18
326,34.31,20.58,21.76,3.8,98.64,61.38,53.4,7.18
327,34.24,20.61,21.79,3.8,99.02,61.38,53.4,7.19
328,34.31,20.61,21.79,3.81,99.02,61.38,53.27,7.21
329,34.31,20.58,21.82,3.81,99.4,61.21,53.4,7.21
330,34.24,20.61,21.86,3.81,99.4,61.38,53.4,7.23
331,34.37,20.58,21.86,3.81,99.4,61.38,53.4,7.24
332,34.44,20.61,21.86,3.81,99.4,61.38,53.4,7.24
333,34.37,20.58,21.86,3.81,99.4,61.38,53.4,7.25
334,34.37,20.58,21.79,3.81,99.4,61.38,53.4,7.26
335,34.24,20.55,21.82,3.81,99.4,61.38,53.4,7.27
336,34.31,20.58,21.76,3.81,99.4,61.38,53.4,7.27
337,34.24,20.55,21.79,3.81,99.4,61.38,53.27,7.29
338,34.24,20.58,21.76,3.81,99.02,61.38,53.27,7.29
339,34.24,20.58,21.79,3.81,99.02,61.38,53.4,7.3
340,34.18,20.61,21.76,3.8,99.02,61.38,53.4,7.31
341,34.24,20.52,21.79,3.81,99.02,61.38,53.27,7.33
342,34.24,20.58,21.76,3.81,99.02,61.38,53.27,7.33
343,34.18,20.55,21.76,3.81,99.4,61.21,53.27,7.34
344,34.18,20.55,21.76,3.8,99.02,61.21,53.27,7.35
345,34.18,20.58,21.73,3.81,99.02,61.38,53.27,7.35
346,34.18,20.55,21.73,3.81,99.02,61.21,53.4,7.36
347,34.24,20.58,21.73,3.81,99.02,61.38,53.4,7.37
348,34.18,20.58,21.76,3.81,99.02,61.21,53.4,7.38
349,34.18,20.58,21.79,3.81,99.02,61.21,53.4,7.38
350,34.18,20.58,21.76,3.81,99.02,61.21,53.27,7.39
351,34.18,20.55,21.79,3.81,99.02,61.38,53.27,7.4
352,34.24,20.55,21.79,3.81,99.02,61.38,53.4,7.41
353,34.31,20.58,21.79,3.81,99.4,61.38,53.4,7.41
354,34.31,20.58,21.82,3.81,99.02,61.21,53.4,7.42
355,34.24,20.58,21.79,3.81,99.4,61.54,53.4,7.44
356,34.18,20.55,21.76,3.81,99.02,61.21,53.4,7.44
357,34.24,20.55,21.79,3.81,99.4,61.38,53.4,7.44
358,34.18,20.55,21.79,3.81,99.02,61.21,53.4,7.45
359,34.18,20.55,21.76,3.8,99.02,61.38,53.4,7.46
360,34.12,20.55,21.76,3.81,99.4,61.38,53.4,7.47
361,34.12,20.55,21.79,3.81,99.4,61.38,53.4,7.48
362,34.18,20.55,21.76,3.81,99.02,61.38,53.4,7.49
363,34.18,20.58,21.76,3.81,99.4,61.38,53.4,7.49
364,34.18,20.58,21.76,3.81,99.4,61.54,53.4,7.5
365,34.18,20.58,21.76,3.81,99.02,61.38,53.27,7.51
366,34.18,20.55,21.76,3.8,99.02,61.21,53.4,7.52
367,34.18,20.58,21.76,3.81,99.02,61.21,53.27,7.54
368,34.18,20.52,21.79,3.81,99.02,61.38,53.27,7.53
369,34.24,20.55,21.79,3.81,99.02,61.38,53.27,7.54
370,34.24,20.55,21.76,3.81,99.02,61.38,53.4,7.55
371,34.24,20.55,21.79,3.81,99.02,61.38,53.27,7.56
372,34.24,20.55,21.79,3.81,99.4,61.38,53.27,7.56
373,34.24,20.55,21.79,3.81,99.02,61.21,53.27,7.56
374,34.18,20.55,21.79,3.81,99.02,61.21,53.4,7.57
375,34.24,20.52,21.79,3.81,99.02,61.21,53.27,7.58
376,34.24,20.55,21.79,3.81,99.02,61.21,53.27,7.58
377,34.24,20.52,21.79,3.8,99.02,61.21,53.27,7.58
378,34.18,20.46,21.76,3.81,99.02,61.21,53.27,7.59
379,34.24,20.49,21.76,3.81,99.02,61.21,53.27,7.6
380,34.24,20.49,21.79,3.81,98.64,61.05,53.27,7.6
381,34.24,20.49,21.79,3.8,99.02,61.21,53.27,7.6
382,34.24,20.52,21.79,3.81,99.02,61.21,53.4,7.61
383,34.24,20.49,21.79,3.81,99.02,61.21,53.4,7.61
384,34.24,20.52,21.82,3.81,99.4,61.21,53.4,7.63
385,34.18,20.52,21.82,3.81,99.4,61.21,53.4,7.64
386,34.31,20.55,21.86,3.8,99.4,61.21,53.53,7.64
387,34.31,20.55,21.82,3.81,99.4,61.38,53.27,7.65
388,34.24,20.52,21.82,3.81,99.4,61.38,53.53,7.66
389,34.18,20.55,21.82,3.81,99.4,61.38,53.53,7.66
390,34.18,20.55,21.82,3.81,99.4,61.21,53.4,7.67
391,34.31,20.52,21.82,3.81,99.4,61.21,53.4,7.67
392,34.24,20.52,21.82,3.81,99.4,61.38,53.4,7.68
393,34.24,20.55,21.86,3.81,99.4,61.38,53.53,7.69
394,34.24,20.58,21.82,3.81,99.79,61.38,53.53,7.69
395,34.31,20.58,21.86,3.81,99.79,61.38,53.53,7.7
396,34.24,20.58,21.82,3.81,99.4,61.38,53.53,7.71
397,34.18,20.55,21.82,3.81,99.4,61.38,53.53,7.71
398,34.12,20.52,21.79,3.81,99.4,61.38,53.4,7.71
399,34.12,20.55,21.76,3.81,99.02,61.38,53.4,7.73
400,34.18,20.55,21.79,3.81,99.02,61.38,53.53,7.73
401,34.18,20.55,21.73,3.81,99.02,61.21,53.4,7.74
402,34.12,20.52,21.73,3.81,99.02,61.38,53.27,7.74
403,34.18,20.58,21.76,3.81,99.4,61.38,53.4,7.75
404,34.18,20.55,21.76,3.81,99.4,61.54,53.53,7.75
405,34.18,20.58,21.79,3.81,99.4,61.38,53.53,7.76
406,34.24,20.55,21.79,3.81,99.4,61.54,53.53,7.77
407,34.18,20.58,21.82,3.81,99.4,61.38,53.66,7.77
408,34.31,20.58,21.82,3.81,99.4,61.54,53.53,7.77
409,34.18,20.58,21.82,3.81,99.4,61.38,53.53,7.78
410,34.37,20.58,21.82,3.81,99.4,61.38,53.4,7.79
411,34.31,20.55,21.86,3.81,99.79,61.38,53.66,7.8
412,34.37,20.61,21.86,3.81,99.4,61.54,53.53,7.8
413,34.31,20.55,21.86,3.81,99.4,61.38,53.53,7.8
414,34.18,20.55,21.82,3.81,99.4,61.38,53.53,7.81
415,34.18,20.55,21.82,3.81,99.4,61.21,53.4,7.8
416,34.24,20.55,21.82,3.81,99.4,61.38,53.4,7.81
417,34.24,20.55,21.82,3.81,99.02,61.54,53.53,7.81
418,34.24,20.55,21.79,3.81,99.4,61.54,53.53,7.82
419,34.18,20.55,21.82,3.81,99.02,61.38,53.53,7.81
420,34.24,20.58,21.79,3.81,99.4,61.38,53.53,7.83
421,34.18,20.58,21.82,3.81,99.4,61.38,53.53,7.83
422,34.18,20.58,21.79,3.81,99.4,61.38,53.53,7.84
423,34.24,20.58,21.82,3.82,99.4,61.54,53.53,7.85
424,34.24,20.58,21.82,3.82,99.79,61.54,53.53,7.86
425,34.24,20.58,21.86,3.81,99.79,61.54,53.66,7.86
426,34.24,20.61,21.86,3.82,99.4,61.54,53.66,7.86
427,34.37,20.61,21.86,3.81,99.79,61.38,53.66,7.87
428,34.31,20.61,21.86,3.82,99.79,61.54,53.66,7.88
429,34.31,20.61,21.86,3.82,99.79,61.54,53.79,7.88
430,34.31,20.61,21.86,3.82,99.79,61.7,53.79,7.89
431,34.31,20.61,21.86,3.82,99.79,61.54,53.66,7.88
432,34.31,20.61,21.89,3.82,99.79,61.54,53.66,7.9
433,34.31,20.61,21.89,3.82,99.79,61.7,53.79,7.89
434,34.31,20.61,21.86,3.81,99.79,61.54,53.66,7.9
435,34.37,20.61,21.89,3.82,99.79,61.54,53.66,7.92
436,34.31,20.64,21.89,3.82,99.79,61.7,53.66,7.92
437,34.31,20.64,21.86,3.82,99.79,61.7,53.66,7.92
438,34.31,20.61,21.86,3.82,99.79,61.7,53.79,7.92
439,34.31,20.64,21.86,3.81,99.79,61.54,53.66,7.93
440,34.24,20.61,21.86,3.82,99.79,61.54,53.66,7.93
441,34.24,20.58,21.86,3.81,99.79,61.54,53.53,7.93
442,34.18,20.58,21.82,3.82,99.4,61.7,53.66,7.93
443,34.24,20.58,21.82,3.82,99.4,61.54,53.66,7.93
444,34.24,20.58,21.82,3.81,99.4,61.54,53.53,7.95
445,34.31,20.58,21.82,3.81,99.4,61.54,53.53,7.94
446,34.31,20.58,21.82,3.81,99.4,61.54,53.53,7.94
447,34.24,20.58,21.86,3.81,99.4,61.54,53.53,7.94
448,34.31,20.58,21.86,3.81,99.4,61.38,53.66,7.96
449,34.31,20.61,21.82,3.81,99.4,61.38,53.66,7.95
450,34.24,20.58,21.82,3.81,99.4,61.54,53.66,7.95
451,34.31,20.61,21.82,3.81,99.4,61.54,53.66,7.96
452,34.31,20.58,21.86,3.81,99.79,61.54,53.66,7.95
453,34.31,20.61,21.86,3.82,99.79,61.54,53.66,7.97
454,34.31,20.61,21.86,3.81,99.79,61.54,53.53,7.97
455,34.24,20.61,21.89,3.81,99.79,61.54,53.66,7.97
456,34.31,20.61,21.89,3.81,99.79,61.54,53.66,7.97
457,34.37,20.64,21.89,3.81,99.79,61.7,53.79,8.0
458,34.31,20.61,21.89,3.81,99.79,61.7,53.79,8.0
459,34.31,20.64,21.89,3.82,99.79,61.54,53.66,8.0
460,34.31,20.61,21.86,3.81,99.79,61.7,53.66,8.0
461,34.31,20.61,21.89,3.82,99.79,61.7,53.66,8.0
462,34.31,20.61,21.86,3.82,99.4,61.7,53.79,8.01
463,34.24,20.61,21.86,3.82,99.79,61.54,53.66,8.02
464,34.31,20.61,21.86,3.82,99.79,61.7,53.66,8.02
465,34.24,20.61,21.82,3.82,99.4,61.54,53.66,8.03
466,34.24,20.61,21.82,3.81,99.4,61.54,53.66,8.03
467,34.18,20.61,21.82,3.81,99.4,61.54,53.53,8.03
468,34.18,20.58,21.79,3.81,99.4,61.54,53.66,8.03
469,34.24,20.61,21.82,3.81,99.4,61.54,53.53,8.03
470,34.18,20.61,21.82,3.81,99.4,61.54,53.53,8.03
471,34.24,20.61,21.82,3.81,99.4,61.54,53.53,8.04
472,34.24,20.61,21.82,3.82,99.79,61.54,53.53,8.04
473,34.18,20.61,21.82,3.81,99.4,61.7,53.66,8.05
474,34.24,20.61,21.82,3.81,99.4,61.7,53.53,8.05
475,34.18,20.58,21.86,3.81,99.79,61.7,53.4,8.05
476,34.24,20.61,21.82,3.81,99.79,61.7,53.53,8.05
477,34.31,20.61,21.86,3.81,99.4,61.7,53.53,8.05
478,34.31,20.61,21.86,3.81,99.79,61.54,53.66,8.05
479,34.24,20.61,21.86,3.81,99.4,61.7,53.66,8.06
480,34.18,20.64,21.82,3.81,99.4,61.54,53.66,8.06
481,34.31,20.61,21.86,3.81,99.79,61.54,53.66,8.07
482,34.31,20.64,21.86,3.81,99.79,61.54,53.66,8.07
483,34.31,20.61,21.89,3.82,99.79,61.54,53.66,8.07
484,34.31,20.61,21.89,3.81,99.79,61.7,53.53,8.07
485,34.31,20.61,21.89,3.81,99.79,61.7,53.66,8.08
486,34.31,20.61,21.89,3.81,99.79,61.7,53.79,8.08
487,34.31,20.61,21.89,3.81,99.4,61.7,53.66,8.08
488,34.24,20.58,21.86,3.81,99.4,61.54,53.66,8.09
489,34.18,20.58,21.82,3.81,99.4,61.54,53.53,8.08
490,34.18,20.58,21.82,3.81,99.4,61.54,53.53,8.08
491,34.18,20.58,21.79,3.81,99.4,61.7,53.53,8.09
492,34.24,20.58,21.82,3.81,99.4,61.54,53.53,8.08
493,34.24,20.55,21.79,3.81,99.4,61.54,53.53,8.08
494,34.12,20.55,21.82,3.81,99.02,61.38,53.14,8.08
495,34.12,20.52,21.79,3.81,99.02,61.54,53.4,8.09
496,34.18,20.55,21.79,3.81,99.4,61.38,53.4,8.09
497,34.12,20.52,21.79,3.8,99.02,61.54,53.4,8.09
498,34.18,20.55,21.76,3.8,99.02,61.38,53.4,8.1
499,34.12,20.52,21.76,3.81,99.02,61.38,53.4,8.09
500,34.06,20.52,21.79,3.81,99.4,61.38,53.4,8.1
501,34.12,20.52,21.76,3.81,99.02,61.38,53.4,8.09
502,34.18,20.52,21.76,3.8,99.4,61.38,53.4,8.1
503,34.18,20.52,21.76,3.8,99.02,61.54,53.4,8.09
504,34.12,20.52,21.79,3.8,99.4,61.38,53.4,8.09
505,34.12,20.52,21.79,3.81,99.4,61.38,53.53,8.1
506,34.24,20.52,21.79,3.8,99.4,61.38,53.4,8.1
507,34.18,20.52,21.79,3.8,99.4,61.54,53.53,8.1
508,34.18,20.52,21.82,3.8,99.4,61.54,53.53,8.11
509,34.24,20.55,21.82,3.81,99.79,61.38,53.66,8.11
510,34.31,20.55,21.82,3.81,99.4,61.54,53.53,8.11
511,34.18,20.55,21.89,3.81,99.79,61.54,53.66,8.12
512,34.31,20.58,21.86,3.81,99.79,61.54,53.66,8.12
513,34.37,20.58,21.92,3.81,99.79,61.54,53.79,8.13
514,34.31,20.61,21.92,3.81,99.79,61.54,53.79,8.13
515,34.31,20.61,21.92,3.81,100.18,61.54,53.79,8.14
516,34.44,20.61,21.95,3.81,100.18,61.7,53.79,8.15
517,34.37,20.64,21.95,3.81,99.79,61.7,53.92,8.14
518,34.44,20.64,21.99,3.81,100.18,61.7,53.92,8.16
519,34.44,20.64,21.99,3.81,100.57,61.7,53.92,8.15
520,34.5,20.7,21.99,3.81,100.18,61.87,53.79,8.16
521,34.56,20.64,22.02,3.81,100.18,61.87,53.92,8.16
522,34.37,20.67,21.99,3.81,100.57,61.87,53.92,8.17
523,34.44,20.64,21.99,3.81,100.57,61.7,53.92,8.17
524,34.44,20.64,21.99,3.82,100.57,61.7,53.92,8.17
525,34.44,20.64,22.02,3.81,100.18,61.87,53.92,8.18
526,34.5,20.67,21.99,3.82,100.18,61.87,53.92,8.18
527,34.44,20.64,21.99,3.82,100.18,61.7,53.92,8.18
528,34.37,20.67,21.95,3.81,100.18,61.7,53.92,8.2
529,34.44,20.64,21.99,3.82,100.18,61.7,53.79,8.2
530,34.44,20.67,21.99,3.82,100.18,61.87,53.92,8.18
531,34.44,20.67,21.95,3.81,100.18,61.87,53.92,8.2
532,34.44,20.67,21.95,3.82,100.18,61.7,53.92,8.2
533,34.37,20.67,21.95,3.82,100.18,61.87,53.92,8.21
534,34.44,20.67,21.95,3.82,100.18,61.38,53.79,8.21
535,34.37,20.64,21.92,3.82,100.18,61.7,53.92,8.21
536,34.44,20.64,21.95,3.82,99.79,61.7,53.79,8.21
537,34.44,20.67,21.95,3.81,99.79,61.87,53.79,8.2
538,34.37,20.64,21.92,3.81,99.79,61.87,53.79,8.21
539,34.37,20.64,21.89,3.81,100.18,61.7,53.79,8.21
540,34.37,20.61,21.92,3.81,99.79,61.54,53.66,8.21
541,34.37,20.61,21.89,3.81,99.79,61.7,53.66,8.21
542,34.37,20.61,21.92,3.81,99.79,61.7,53.79,8.21
543,34.37,20.61,21.89,3.81,100.18,61.7,53.66,8.21
544,34.37,20.58,21.89,3.81,99.79,61.54,53.66,8.21
545,34.31,20.58,21.89,3.81,99.4,61.38,53.53,8.21
546,34.37,20.58,21.89,3.81,99.79,61.54,53.53,8.2
547,34.37,20.58,21.86,3.8,99.79,61.54,53.66,8.21
548,34.37,20.58,21.92,3.81,99.79,61.54,53.66,8.21
549,34.37,20.58,21.92,3.81,99.79,61.54,53.79,8.21
550,34.37,20.61,21.92,3.81,99.79,61.54,53.66,8.21
551,34.31,20.58,21.92,3.81,99.79,61.54,53.79,8.21
552,34.37,20.58,21.86,3.8,99.79,61.54,53.79,8.21
553,34.31,20.58,21.89,3.8,99.79,61.38,53.66,8.22
554,34.31,20.58,21.89,3.8,99.79,61.54,53.66,8.23
555,34.37,20.58,21.92,3.8,100.18,61.54,53.66,8.22
556,34.31,20.64,21.92,3.81,99.79,61.54,53.66,8.22
557,34.37,20.55,21.92,3.81,99.79,61.7,53.66,8.22
558,34.31,20.58,21.92,3.81,99.79,61.54,53.66,8.22
559,34.37,20.58,21.92,3.8,99.79,61.54,53.66,8.22
560,34.37,20.61,21.92,3.8,100.18,61.54,53.79,8.22
561,34.37,20.58,21.89,3.81,99.79,61.54,53.66,8.22
562,34.31,20.55,21.92,3.8,99.79,61.54,53.53,8.23
563,34.31,20.55,21.89,3.81,99.79,61.7,53.79,8.22
564,34.31,20.58,21.89,3.8,99.79,61.54,53.79,8.22
565,34.31,20.58,21.89,3.8,99.79,61.54,53.66,8.22
566,34.37,20.58,21.92,3.81,99.79,61.54,53.79,8.23
567,34.31,20.58,21.92,3.8,100.18,61.54,53.66,8.24
568,34.31,20.58,21.92,3.81,99.79,61.54,53.79,8.23
569,34.31,20.58,21.89,3.81,99.79,61.54,53.66,8.24
570,34.31,20.58,21.92,3.81,99.79,61.54,53.79,8.24
571,34.31,20.61,21.92,3.8,99.79,61.54,53.79,8.24
572,34.37,20.64,21.92,3.81,100.18,61.54,53.79,8.25
573,34.37,20.61,21.95,3.81,99.79,61.7,53.79,8.25
574,34.37,20.64,21.92,3.81,100.18,61.7,53.92,8.25
575,34.44,20.64,21.95,3.81,100.18,61.7,53.79,8.26
576,34.37,20.64,21.92,3.81,100.18,61.87,53.92,8.26
577,34.37,20.64,21.95,3.81,99.79,61.7,53.79,8.26
578,34.37,20.61,21.92,3.81,99.79,61.7,53.79,8.26
579,34.31,20.61,21.89,3.81,99.79,61.54,53.79,8.26
580,34.31,20.58,21.89,3.81,99.79,61.54,53.79,8.26
581,34.31,20.61,21.89,3.8,99.79,61.7,53.79,8.26
582,34.31,20.61,21.89,3.81,99.79,61.54,53.79,8.26
583,34.24,20.61,21.86,3.8,99.79,61.7,53.79,8.26
584,34.18,20.58,21.86,3.81,99.79,61.38,53.79,8.25
585,34.24,20.58,21.86,3.8,99.79,61.54,53.66,8.26
586,34.24,20.55,21.86,3.8,99.79,61.54,53.66,8.26
587,34.24,20.58,21.86,3.8,99.79,61.7,53.66,8.26
588,34.24,20.55,21.89,3.8,99.79,61.54,53.66,8.26
589,34.24,20.55,21.86,3.8,99.79,61.38,53.66,8.26
590,34.24,20.58,21.86,3.8,99.79,61.54,53.53,8.26
591,34.24,20.58,21.86,3.8,99.79,61.54,53.66,8.26
592,34.24,20.58,21.86,3.8,99.4,61.54,53.53,8.26
593,34.31,20.55,21.89,3.8,99.79,61.54,53.53,8.26
594,34.31,20.61,21.92,3.8,99.79,61.38,53.79,8.27
595,34.31,20.61,21.95,3.8,99.79,61.54,53.66,8.27
596,34.31,20.61,21.95,3.8,99.79,61.7,53.79,8.28
597,34.44,20.64,21.99,3.81,100.18,61.7,53.79,8.27
598,34.44,20.64,21.99,3.8,100.18,61.7,53.79,8.28
599,34.44,20.61,21.99,3.81,100.18,61.7,53.79,8.28
