0,33.69,20.79,21.15,3.75,96.77,60.89,51.64,7.69
1,33.69,20.82,21.12,3.75,96.77,60.89,51.64,7.69
2,33.69,20.82,21.15,3.74,96.77,60.89,51.64,7.7
3,33.69,20.79,21.12,3.75,96.77,60.89,51.52,7.68
4,33.56,20.79,21.09,3.75,96.77,60.89,51.52,7.68
5,33.75,20.79,21.12,3.74,96.77,60.89,51.52,7.67
6,33.69,20.79,21.15,3.75,96.77,60.89,51.64,7.68
7,33.69,20.79,21.15,3.75,96.77,60.89,51.52,7.68
8,33.69,20.79,21.12,3.75,96.77,60.89,51.52,7.69
9,33.62,20.79,21.12,3.75,96.77,60.89,51.52,7.67
10,33.69,20.79,21.12,3.74,96.77,60.73,51.52,7.67
11,33.62,20.73,21.09,3.74,96.77,60.73,51.52,7.68
12,33.69,20.73,21.09,3.74,96.4,60.73,51.4,7.66
13,33.62,20.76,21.09,3.74,96.77,60.57,51.4,7.67
14,33.56,20.73,21.09,3.73,96.4,60.73,51.52,7.67
15,33.62,20.79,21.09,3.73,96.4,60.89,51.52,7.67
16,33.69,20.79,21.12,3.73,96.77,60.73,51.77,7.66
17,33.69,20.79,21.12,3.74,97.14,60.89,51.52,7.67
18,33.69,20.79,21.12,3.73,96.77,60.89,51.52,7.67
19,33.56,20.82,21.12,3.75,96.77,60.89,51.64,7.67
20,33.62,20.76,21.09,3.74,96.77,60.73,51.4,7.66
21,33.56,20.79,21.09,3.74,96.77,60.73,51.52,7.66
22,33.56,20.76,21.09,3.73,96.4,60.89,51.4,7.66
23,33.62,20.76,21.09,3.74,96.4,60.73,51.4,7.65
24,33.62,20.73,21.06,3.74,96.4,60.73,51.4,7.65
25,33.56,20.76,21.09,3.74,96.77,60.73,51.4,7.65
26,33.62,20.76,21.09,3.74,96.77,60.73,51.52,7.65
27,33.62,20.76,21.09,3.74,96.77,60.73,51.52,7.65
28,33.69,20.76,21.12,3.74,96.77,60.89,51.52,7.66
29,33.69,20.76,21.09,3.74,96.77,60.89,51.52,7.66
30,33.62,20.76,21.09,3.74,96.77,60.73,51.52,7.65
31,33.56,20.76,21.09,3.75,96.4,60.73,51.52,7.65
32,33.62,20.73,21.09,3.75,96.4,60.73,51.4,7.64
33,33.62,20.76,21.09,3.75,96.77,60.73,51.52,7.65
34,33.69,20.76,21.12,3.75,96.4,60.73,51.52,7.64
35,33.62,20.73,21.09,3.75,96.77,60.73,51.52,7.64
36,33.62,20.73,21.09,3.75,96.77,60.73,51.4,7.64
37,33.69,20.73,21.09,3.74,96.77,60.73,51.4,7.63
38,33.56,20.7,21.09,3.73,96.77,60.57,51.4,7.63
39,33.69,20.7,21.09,3.74,96.77,60.57,51.4,7.63
40,33.56,20.7,21.09,3.73,96.77,60.41,51.4,7.62
41,33.69,20.73,21.12,3.73,96.77,60.73,51.52,7.63
42,33.62,20.73,21.12,3.73,96.77,60.57,51.4,7.62
43,33.69,20.73,21.12,3.74,96.77,60.73,51.52,7.63
44,33.75,20.73,21.15,3.73,96.77,60.73,51.52,7.63
45,33.69,20.76,21.15,3.73,96.77,60.73,51.52,7.63
46,33.75,20.76,21.18,3.73,97.14,60.73,51.64,7.63
47,33.69,20.76,21.18,3.73,97.14,60.73,51.64,7.63
48,33.69,20.79,21.18,3.74,96.77,60.73,51.64,7.63
49,33.75,20.79,21.18,3.73,97.14,60.89,51.64,7.64
50,33.75,20.79,21.22,3.73,96.77,60.89,51.64,7.64
51,33.81,20.76,21.28,3.73,97.14,60.73,51.64,7.63
52,33.93,20.76,21.31,3.73,97.51,60.57,51.52,7.63
53,33.99,20.76,21.37,3.73,97.51,60.73,51.52,7.62
54,34.12,20.73,21.37,3.73,97.51,60.73,51.52,7.62
55,33.38,20.43,20.78,3.73,94.97,59.78,48.52,7.6
56,31.58,19.68,19.22,3.72,86.49,57.36,41.62,7.55
57,30.55,19.26,18.36,3.72,81.65,55.52,38.34,7.52
58,28.2,18.27,16.37,3.7,69.46,50.78,31.4,7.44
59,26.33,17.45,14.85,3.69,59.35,45.77,26.97,7.34
60,23.54,16.09,12.92,3.63,45.78,37.44,22.09,7.08
61,22.8,15.72,12.41,3.62,42.66,35.04,21.04,6.99
62,21.28,14.86,11.54,3.56,37.22,30.47,19.18,6.7
63,20.69,14.51,11.19,3.53,35.36,28.75,18.45,6.54
64,20.13,14.16,10.87,3.49,33.76,27.27,17.84,6.36
65,19.72,13.9,10.64,3.46,32.74,26.23,17.43,6.21
66,19.33,13.65,10.45,3.42,31.76,25.28,17.05,6.04
67,19.16,13.53,10.34,3.4,31.32,24.81,16.86,5.95
68,18.73,13.24,10.12,3.36,30.46,23.86,16.45,5.71
69,18.73,13.21,10.09,3.36,30.35,23.79,16.43,5.69
70,18.42,13.02,9.94,3.31,29.68,23.07,16.09,5.49
71,18.29,12.92,9.87,3.29,29.43,22.79,15.96,5.39
72,18.11,12.78,9.76,3.26,29.03,22.42,15.77,5.24
73,18.06,12.75,9.72,3.25,28.89,22.28,15.71,5.2
74,17.91,12.67,9.66,3.24,28.69,22.05,15.62,5.11
75,17.78,12.59,9.6,3.22,28.41,21.85,15.47,5.03
76,17.76,12.54,9.56,3.21,28.26,21.66,15.39,4.96
77,17.71,12.49,9.52,3.2,28.12,21.53,15.33,4.89
78,17.61,12.44,9.5,3.19,27.98,21.37,15.27,4.82
79,17.54,12.36,9.43,3.17,27.75,21.15,15.14,4.72
80,17.54,12.36,9.41,3.17,27.71,21.12,15.12,4.7
81,17.46,12.33,9.4,3.16,27.61,21.0,15.09,4.65
82,17.44,12.26,9.38,3.15,27.52,20.9,15.02,4.58
83,17.44,12.26,9.38,3.15,27.52,20.87,15.02,4.58
84,17.41,12.23,9.36,3.14,27.43,20.81,14.98,4.53
85,17.34,12.2,9.35,3.14,27.39,20.72,14.96,4.49
86,17.37,12.2,9.33,3.13,27.39,20.66,14.94,4.46
87,17.34,12.18,9.33,3.13,27.3,20.63,14.92,4.42
88,17.32,12.17,9.32,3.13,27.3,20.6,14.9,4.4
89,17.27,12.15,9.3,3.12,27.21,20.57,14.88,4.38
90,17.27,12.15,9.28,3.12,27.16,20.51,14.86,4.36
91,17.25,12.13,9.27,3.12,27.12,20.48,14.82,4.34
92,17.22,12.12,9.26,3.12,27.12,20.48,14.82,4.33
93,17.22,12.12,9.26,3.12,27.08,20.48,14.8,4.32
94,17.22,12.1,9.26,3.12,27.08,20.42,14.79,4.3
95,17.2,12.12,9.24,3.12,27.03,20.36,14.77,4.28
96,17.17,12.09,9.24,3.11,26.99,20.36,14.77,4.27
97,17.17,12.07,9.24,3.11,26.99,20.33,14.75,4.26
98,17.17,12.07,9.24,3.11,26.99,20.33,14.75,4.25
99,17.17,12.09,9.24,3.11,26.94,20.3,14.75,4.25
100,17.17,12.07,9.23,3.1,26.94,20.3,14.75,4.24
101,17.17,12.07,9.23,3.11,26.9,20.3,14.73,4.23
102,17.17,12.07,9.23,3.12,26.9,20.27,14.73,4.22
103,17.17,12.06,9.23,3.11,26.9,20.27,14.73,4.21
104,17.17,12.06,9.23,3.11,26.9,20.24,14.71,4.21
105,17.17,12.06,9.23,3.11,26.9,20.24,14.69,4.21
106,17.17,12.06,9.23,3.11,26.9,20.24,14.71,4.19
107,17.15,12.06,9.23,3.11,26.86,20.24,14.71,4.19
108,17.17,12.04,9.22,3.11,26.86,20.21,14.69,4.19
109,17.15,12.04,9.21,3.1,26.86,20.18,14.69,4.18
110,17.15,12.03,9.21,3.12,26.81,20.21,14.69,4.17
111,17.13,12.04,9.2,3.11,26.81,20.21,14.69,4.17
112,17.13,12.04,9.2,3.11,26.77,20.21,14.67,4.17
113,17.1,12.04,9.2,3.1,26.77,20.18,14.65,4.17
114,17.1,12.04,9.19,3.11,26.77,20.18,14.65,4.17
115,17.1,12.04,9.19,3.11,26.77,20.18,14.65,4.17
116,17.1,12.04,9.19,3.12,26.77,20.16,14.65,4.16
117,17.1,12.06,9.19,3.12,26.73,20.18,14.65,4.17
118,17.13,12.04,9.19,3.11,26.73,20.16,14.63,4.16
119,17.08,12.04,9.19,3.11,26.68,20.13,14.63,4.17
120,17.1,12.03,9.19,3.12,26.73,20.13,14.61,4.16
121,17.08,12.03,9.19,3.12,26.73,20.13,14.61,4.16
122,17.1,12.03,9.19,3.12,26.68,20.1,14.61,4.16
123,17.08,12.03,9.19,3.12,26.68,20.1,14.61,4.16
124,17.1,12.01,9.19,3.12,26.68,20.1,14.61,4.17
125,17.1,12.01,9.19,3.12,26.68,20.1,14.59,4.16
126,17.1,12.01,9.2,3.12,26.73,20.1,14.61,4.16
127,17.1,12.03,9.19,3.12,26.68,20.1,14.61,4.16
128,17.1,12.01,9.19,3.12,26.68,20.07,14.61,4.17
129,17.1,11.99,9.19,3.12,26.68,20.07,14.59,4.17
130,17.1,12.01,9.2,3.12,26.64,20.07,14.59,4.17
131,17.1,12.01,9.19,3.12,26.68,20.07,14.59,4.17
132,17.13,12.01,9.19,3.13,26.68,20.1,14.59,4.17
133,17.1,12.01,9.2,3.13,26.68,20.04,14.61,4.19
134,17.1,12.01,9.2,3.14,26.68,20.07,14.61,4.19
135,17.13,11.99,9.2,3.13,26.68,20.07,14.61,4.19
136,17.08,11.99,9.21,3.14,26.68,20.04,14.63,4.19
137,17.13,11.99,9.2,3.14,26.68,20.04,14.61,4.19
138,17.13,12.01,9.21,3.14,26.73,20.01,14.61,4.2
139,17.13,12.01,9.21,3.14,26.73,20.04,14.63,4.21
140,17.15,12.01,9.22,3.15,26.77,20.04,14.63,4.21
141,17.15,12.01,9.23,3.15,26.73,20.07,14.63,4.23
142,17.15,12.03,9.22,3.15,26.73,20.04,14.63,4.23
143,17.15,12.01,9.23,3.16,26.77,20.04,14.63,4.24
144,17.15,12.01,9.23,3.16,26.73,20.04,14.63,4.24
145,17.15,12.01,9.23,3.16,26.73,20.04,14.63,4.25
146,17.15,11.99,9.23,3.16,26.73,20.01,14.63,4.25
147,17.15,11.99,9.22,3.16,26.73,20.01,14.63,4.26
148,17.17,11.99,9.23,3.17,26.73,20.01,14.61,4.26
149,17.15,11.99,9.23,3.17,26.73,20.01,14.63,4.26
150,17.17,12.01,9.22,3.17,26.73,20.04,14.63,4.27
151,17.15,12.01,9.23,3.17,26.73,20.01,14.63,4.28
152,17.15,12.01,9.22,3.17,26.73,19.98,14.63,4.28
153,17.13,11.99,9.23,3.18,26.68,20.01,14.65,4.29
154,17.17,12.01,9.27,3.18,26.81,20.01,14.77,4.3
155,17.32,12.07,9.33,3.18,27.03,20.1,14.96,4.3
156,17.83,12.28,9.63,3.18,28.12,20.42,15.77,4.32
157,18.31,12.5,9.96,3.18,29.23,20.78,16.47,4.34
158,18.79,12.72,10.25,3.2,30.3,21.15,17.12,4.37
159,19.72,13.11,10.79,3.21,32.39,21.95,18.25,4.4
160,19.98,13.23,10.94,3.22,32.97,22.21,18.61,4.42
161,20.81,13.58,11.46,3.24,34.96,23.04,19.65,4.46
162,21.66,13.96,11.97,3.25,37.01,23.94,20.73,4.51
163,21.99,14.15,12.19,3.25,37.87,24.31,21.19,4.54
164,23.08,14.68,12.87,3.28,40.69,25.69,22.66,4.62
165,23.33,14.82,13.04,3.29,41.44,26.02,23.05,4.63
166,23.91,15.08,13.37,3.31,42.84,26.74,23.76,4.68
167,24.98,15.68,14.1,3.34,46.18,28.42,25.41,4.78
168,25.21,15.81,14.25,3.36,46.8,28.8,25.74,4.81
169,25.95,16.2,14.73,3.38,49.18,30.0,26.93,4.88
170,26.24,16.36,14.91,3.39,49.98,30.52,27.33,4.91
171,26.76,16.65,15.27,3.4,51.89,31.6,28.29,4.98
172,27.33,16.97,15.69,3.43,53.93,32.75,29.36,5.05
173,27.92,17.33,16.08,3.44,56.25,34.14,30.48,5.14
174,28.25,17.55,16.41,3.46,57.99,35.04,31.23,5.2
175,28.58,17.72,16.61,3.47,59.2,35.83,31.9,5.25
176,28.87,17.92,16.84,3.49,60.61,36.66,32.53,5.3
177,29.27,18.12,17.1,3.5,62.26,37.66,33.36,5.37
178,29.62,18.35,17.39,3.52,63.98,38.78,34.16,5.43
179,29.82,18.48,17.56,3.53,65.23,39.55,34.79,5.48
180,30.08,18.64,17.81,3.54,66.72,40.52,35.51,5.54
181,30.23,18.72,17.88,3.55,67.48,40.93,35.85,5.57
182,30.44,18.82,18.03,3.56,68.46,41.61,36.39,5.62
183,30.65,18.98,18.24,3.57,69.87,42.57,37.09,5.68
184,30.87,19.09,18.42,3.58,71.33,43.38,37.74,5.74
185,31.14,19.26,18.63,3.59,72.85,44.5,38.56,5.83
186,31.03,19.26,18.65,3.59,72.85,44.69,38.64,5.83
187,31.25,19.37,18.79,3.6,73.97,45.18,39.18,5.88
188,31.47,19.48,18.97,3.62,75.83,46.38,39.97,5.96
189,31.52,19.51,19.05,3.62,76.07,46.69,40.13,5.99
190,31.64,19.56,19.11,3.62,76.55,47.1,40.45,6.02
191,31.75,19.62,19.27,3.62,78.02,47.95,41.12,6.09
192,31.8,19.62,19.27,3.62,78.27,48.06,41.12,6.09
193,31.97,19.7,19.39,3.63,79.28,48.83,41.8,6.16
194,32.03,19.73,19.44,3.63,79.54,49.16,41.97,6.19
195,32.09,19.79,19.52,3.63,80.58,49.73,42.41,6.24
196,32.14,19.82,19.61,3.64,80.85,49.96,42.58,6.26
197,32.2,19.88,19.69,3.65,81.92,50.55,43.12,6.32
198,32.26,19.88,19.69,3.65,81.92,50.66,43.12,6.34
199,32.32,19.93,19.78,3.65,82.75,51.26,43.49,6.39
200,32.26,19.93,19.84,3.65,83.02,51.26,43.58,6.4
201,32.43,19.96,19.86,3.65,83.3,51.62,43.86,6.42
202,32.43,19.99,19.89,3.65,83.87,51.87,44.05,6.47
203,32.49,19.99,19.92,3.65,83.87,51.99,44.23,6.48
204,32.49,20.02,19.95,3.66,84.44,52.37,44.42,6.51
205,32.49,20.02,19.98,3.65,85.02,52.62,44.61,6.54
206,32.55,20.08,20.04,3.66,85.31,52.87,45.0,6.58
207,32.61,20.08,20.07,3.66,85.6,53.12,45.1,6.6
208,32.66,20.08,20.1,3.66,85.89,53.25,45.2,6.63
209,32.61,20.08,20.13,3.66,86.19,53.38,45.29,6.65
210,32.66,20.08,20.13,3.67,86.49,53.64,45.49,6.68
211,32.66,20.08,20.13,3.66,86.49,53.64,45.49,6.69
212,32.66,20.08,20.16,3.66,86.79,53.77,45.69,6.71
213,32.66,20.05,20.16,3.66,86.79,53.9,45.79,6.72
214,32.61,20.08,20.18,3.66,86.79,54.03,45.89,6.74
215,32.66,20.08,20.16,3.66,87.09,54.03,45.89,6.76
216,32.66,20.08,20.18,3.66,87.09,54.16,45.89,6.77
217,32.72,20.08,20.21,3.66,87.4,54.43,46.09,6.79
218,32.61,20.11,20.21,3.66,87.4,54.56,46.19,6.8
219,32.72,20.11,20.24,3.66,87.7,54.43,46.29,6.82
220,32.72,20.11,20.27,3.66,88.01,54.7,46.5,6.85
221,32.78,20.11,20.3,3.66,88.32,54.83,46.5,6.87
222,32.78,20.11,20.3,3.66,88.32,54.83,46.6,6.88
223,32.78,20.14,20.33,3.66,88.32,54.83,46.6,6.89
224,32.84,20.14,20.36,3.66,88.64,54.97,46.81,6.91
225,32.84,20.16,20.33,3.66,88.95,55.24,46.81,6.91
226,32.84,20.14,20.36,3.66,88.95,55.1,46.91,6.93
227,32.84,20.14,20.39,3.67,88.95,55.24,46.91,6.94
228,32.84,20.14,20.39,3.67,88.95,55.38,47.02,6.95
229,32.84,20.16,20.39,3.66,89.27,55.38,47.12,6.97
230,32.84,20.14,20.39,3.67,89.27,55.38,47.12,6.98
231,32.78,20.14,20.39,3.67,89.27,55.38,47.12,6.99
232,32.84,20.16,20.39,3.67,89.58,55.52,47.22,7.0
233,32.84,20.19,20.42,3.66,89.58,55.65,47.44,7.01
234,32.84,20.16,20.42,3.67,89.9,55.79,47.44,7.03
235,32.84,20.16,20.42,3.66,89.58,55.79,47.33,7.03
236,32.84,20.16,20.39,3.66,89.58,55.79,47.44,7.04
237,32.78,20.16,20.36,3.66,89.9,55.79,47.54,7.06
238,32.72,20.16,20.36,3.67,89.9,55.79,47.44,7.06
239,32.66,20.16,20.36,3.67,89.58,55.93,47.54,7.07
240,32.72,20.16,20.36,3.67,89.58,55.93,47.44,7.08
241,32.72,20.16,20.36,3.67,89.9,55.93,47.54,7.09
242,32.72,20.14,20.33,3.67,89.9,55.93,47.54,7.1
243,32.66,20.16,20.36,3.67,89.9,56.07,47.65,7.11
244,32.72,20.19,20.36,3.67,89.9,56.07,47.54,7.12
245,32.78,20.16,20.36,3.67,89.9,56.35,47.65,7.13
246,32.72,20.22,20.39,3.67,90.23,56.21,47.76,7.14
247,32.78,20.16,20.42,3.67,90.23,56.21,47.76,7.15
248,32.84,20.22,20.42,3.67,90.23,56.35,47.86,7.16
249,32.84,20.22,20.45,3.68,90.55,56.5,47.86,7.16
250,32.84,20.22,20.45,3.67,90.55,56.5,47.97,7.17
251,32.84,20.25,20.48,3.67,90.55,56.5,47.97,7.18
252,32.84,20.22,20.48,3.67,90.55,56.64,48.08,7.19
253,32.84,20.25,20.48,3.67,90.88,56.64,47.97,7.19
254,32.9,20.25,20.51,3.67,90.88,56.64,48.19,7.2
255,32.84,20.25,20.51,3.68,90.88,56.78,48.08,7.2
256,32.9,20.25,20.51,3.68,90.88,56.78,48.08,7.22
257,32.84,20.25,20.51,3.68,90.88,56.78,48.19,7.23
258,32.96,20.28,20.54,3.69,91.2,56.92,48.3,7.24
259,32.96,20.25,20.54,3.69,91.2,56.92,48.3,7.24
260,33.02,20.31,20.6,3.69,91.2,57.07,48.41,7.25
261,32.96,20.28,20.57,3.68,91.2,56.92,48.41,7.25
262,33.02,20.28,20.57,3.69,91.2,57.21,48.41,7.27
263,32.96,20.28,20.57,3.68,91.54,57.21,48.41,7.27
264,33.08,20.31,20.6,3.69,91.54,57.21,48.41,7.27
265,33.02,20.28,20.6,3.69,91.54,57.21,48.41,7.28
266,33.08,20.28,20.6,3.69,91.54,57.21,48.62,7.29
267,33.02,20.28,20.6,3.69,91.87,57.21,48.62,7.29
268,32.96,20.28,20.6,3.69,91.54,57.21,48.62,7.3
269,33.02,20.28,20.6,3.69,91.54,57.21,48.62,7.3
270,33.02,20.31,20.6,3.7,91.87,57.36,48.62,7.31
271,33.02,20.28,20.6,3.7,91.87,57.36,48.62,7.32
272,32.96,20.31,20.57,3.69,91.2,57.51,48.62,7.31
273,32.96,20.31,20.57,3.7,91.87,57.36,48.62,7.33
274,32.9,20.28,20.54,3.7,91.54,57.36,48.74,7.34
275,32.84,20.31,20.54,3.69,91.54,57.36,48.62,7.33
276,32.96,20.31,20.57,3.69,91.87,57.51,48.74,7.34
277,32.9,20.31,20.57,3.69,91.87,57.51,48.74,7.36
278,32.96,20.34,20.57,3.69,91.87,57.65,48.85,7.36
279,32.9,20.37,20.57,3.69,91.87,57.65,48.85,7.36
280,32.9,20.34,20.57,3.69,91.87,57.8,48.85,7.36
281,32.9,20.31,20.54,3.69,91.87,57.65,48.85,7.37
282,32.9,20.31,20.54,3.69,91.87,57.65,48.74,7.37
283,32.78,20.28,20.54,3.69,91.87,57.65,48.85,7.37
284,32.9,20.28,20.57,3.69,91.87,57.65,48.85,7.37
285,32.9,20.31,20.6,3.69,91.87,57.65,48.85,7.38
286,32.96,20.34,20.54,3.69,92.2,57.8,48.85,7.38
287,32.96,20.31,20.57,3.69,91.87,57.65,48.85,7.38
288,32.9,20.28,20.54,3.69,91.87,57.65,48.85,7.38
289,32.9,20.31,20.57,3.7,91.87,57.8,48.85,7.38
290,32.9,20.28,20.57,3.69,91.87,57.8,48.85,7.38
291,32.84,20.28,20.54,3.69,91.87,57.8,48.85,7.38
292,32.9,20.28,20.57,3.69,92.2,57.8,48.85,7.38
293,32.9,20.28,20.57,3.69,92.2,57.8,48.85,7.39
294,33.02,20.28,20.6,3.69,92.2,57.8,48.96,7.4
295,33.02,20.28,20.6,3.7,92.2,57.8,48.96,7.4
296,33.02,20.28,20.63,3.69,92.54,57.95,49.07,7.4
297,33.14,20.31,20.66,3.69,92.54,57.95,49.07,7.4
298,33.14,20.31,20.69,3.69,92.54,57.95,49.18,7.4
299,33.2,20.34,20.69,3.69,92.88,57.95,49.18,7.41
300,33.14,20.34,20.72,3.71,92.88,58.1,49.3,7.42
301,33.14,20.34,20.69,3.69,92.88,58.1,49.3,7.41
302,33.14,20.37,20.72,3.7,92.88,58.25,49.3,7.44
303,33.14,20.37,20.72,3.7,92.88,58.1,49.41,7.43
304,33.14,20.37,20.72,3.7,93.22,58.25,49.41,7.43
305,33.14,20.4,20.75,3.7,93.22,58.25,49.41,7.45
306,33.14,20.4,20.78,3.7,93.22,58.4,49.41,7.45
307,33.2,20.43,20.78,3.71,93.22,58.4,49.64,7.46
308,33.2,20.4,20.75,3.7,93.22,58.4,49.52,7.46
309,33.2,20.43,20.75,3.7,93.22,58.4,49.52,7.46
310,33.08,20.43,20.75,3.7,93.57,58.55,49.52,7.47
311,33.2,20.43,20.75,3.71,93.57,58.7,49.52,7.47
312,33.2,20.43,20.75,3.71,93.22,58.4,49.64,7.47
313,33.14,20.4,20.75,3.71,93.22,58.55,49.64,7.47
314,33.14,20.4,20.72,3.71,93.22,58.55,49.64,7.47
315,33.14,20.4,20.69,3.71,93.22,58.55,49.52,7.48
316,33.2,20.4,20.72,3.71,93.22,58.55,49.52,7.48
317,33.14,20.4,20.75,3.71,93.22,58.55,49.64,7.48
318,33.14,20.4,20.75,3.71,93.22,58.55,49.64,7.49
319,33.26,20.46,20.78,3.72,93.57,58.55,49.52,7.49
320,33.2,20.43,20.78,3.71,93.57,58.7,49.64,7.49
321,33.26,20.4,20.78,3.71,93.22,58.7,49.64,7.49
322,33.26,20.4,20.78,3.71,93.57,58.55,49.64,7.49
323,33.2,20.34,20.75,3.71,93.22,58.55,49.64,7.49
324,33.2,20.4,20.75,3.71,93.22,58.55,49.52,7.49
325,33.2,20.34,20.72,3.71,93.57,58.4,49.64,7.49
326,33.2,20.37,20.75,3.71,93.57,58.55,49.64,7.49
327,33.2,20.4,20.75,3.71,93.57,58.55,49.64,7.49
328,33.26,20.37,20.75,3.71,93.57,58.55,49.64,7.51
329,33.26,20.37,20.78,3.71,93.22,58.7,49.64,7.5
330,33.26,20.37,20.75,3.7,93.57,58.7,49.75,7.5
331,33.26,20.37,20.78,3.7,93.57,58.7,49.75,7.51
332,33.26,20.37,20.75,3.71,93.57,58.7,49.75,7.5
333,33.26,20.37,20.78,3.7,93.57,58.7,49.75,7.5
334,33.32,20.37,20.81,3.7,93.91,58.7,49.87,7.5
335,33.26,20.37,20.81,3.7,93.57,58.7,49.87,7.51
336,33.38,20.4,20.84,3.71,94.26,58.85,49.98,7.51
337,33.38,20.43,20.84,3.71,93.91,58.7,49.98,7.51
338,33.44,20.43,20.88,3.71,94.26,58.85,49.98,7.52
339,33.38,20.43,20.88,3.7,94.26,58.85,50.1,7.52
340,33.44,20.43,20.91,3.71,94.26,59.0,50.1,7.52
341,33.38,20.46,20.91,3.71,94.26,59.0,50.1,7.53
342,33.44,20.46,20.91,3.72,94.61,59.0,50.21,7.53
343,33.38,20.46,20.91,3.71,94.26,59.0,50.21,7.53
344,33.38,20.46,20.91,3.72,94.26,59.0,50.21,7.53
345,33.38,20.46,20.91,3.71,94.61,59.0,50.21,7.53
346,33.38,20.43,20.91,3.71,94.61,59.16,50.21,7.54
347,33.32,20.43,20.88,3.71,94.61,59.0,50.1,7.54
348,33.26,20.43,20.88,3.71,94.26,58.85,50.21,7.53
349,33.32,20.43,20.88,3.71,94.26,59.0,50.21,7.54
350,33.32,20.43,20.88,3.71,94.26,59.0,50.1,7.54
351,33.32,20.4,20.84,3.71,94.26,59.0,50.1,7.54
352,33.32,20.43,20.84,3.71,94.26,58.85,50.1,7.54
353,33.26,20.46,20.88,3.71,94.26,59.0,50.21,7.54
354,33.38,20.46,20.88,3.71,94.26,59.16,50.21,7.55
355,33.38,20.43,20.91,3.71,94.61,59.0,50.21,7.54
356,33.32,20.46,20.88,3.71,94.26,59.0,50.21,7.55
357,33.38,20.46,20.88,3.71,94.61,59.16,50.33,7.56
358,33.32,20.46,20.88,3.71,94.26,59.16,50.33,7.56
359,33.32,20.46,20.84,3.71,94.61,59.16,50.21,7.55
360,33.32,20.46,20.84,3.72,94.61,59.16,50.33,7.56
361,33.32,20.46,20.84,3.72,94.26,59.16,50.21,7.56
362,33.32,20.49,20.84,3.71,94.61,59.16,50.33,7.56
363,33.26,20.49,20.84,3.72,94.26,59.31,50.21,7.56
364,33.26,20.49,20.84,3.72,94.26,59.16,50.33,7.57
365,33.26,20.49,20.84,3.71,94.26,59.31,50.33,7.58
366,33.2,20.49,20.84,3.72,94.61,59.31,50.33,7.57
367,33.2,20.49,20.84,3.72,94.26,59.31,50.21,7.58
368,33.26,20.49,20.88,3.72,94.61,59.31,50.33,7.58
369,33.32,20.52,20.88,3.72,94.61,59.46,50.33,7.58
370,33.32,20.52,20.88,3.72,94.61,59.31,50.45,7.58
371,33.32,20.52,20.88,3.72,94.61,59.46,50.33,7.59
372,33.38,20.52,20.88,3.72,94.61,59.31,50.45,7.6
373,33.32,20.55,20.88,3.72,94.61,59.46,50.45,7.59
374,33.32,20.55,20.88,3.72,94.61,59.46,50.45,7.58
375,33.32,20.49,20.88,3.72,94.97,59.46,50.33,7.59
376,33.26,20.49,20.84,3.72,94.61,59.46,50.33,7.59
377,33.32,20.49,20.88,3.72,94.61,59.46,50.33,7.59
378,33.32,20.52,20.84,3.72,94.61,59.46,50.33,7.59
379,33.32,20.52,20.88,3.72,94.61,59.46,50.33,7.59
380,33.38,20.52,20.91,3.72,94.61,59.46,50.33,7.59
381,33.32,20.52,20.88,3.72,94.61,59.62,50.45,7.6
382,33.32,20.55,20.91,3.73,94.61,59.62,50.45,7.6
383,33.32,20.55,20.91,3.73,94.61,59.46,50.45,7.61
384,33.38,20.55,20.91,3.73,94.97,59.62,50.45,7.6
385,33.38,20.55,20.91,3.73,94.97,59.62,50.45,7.6
386,33.38,20.55,20.94,3.73,94.97,59.62,50.45,7.6
387,33.38,20.55,20.94,3.73,94.97,59.62,50.45,7.6
388,33.44,20.55,20.94,3.73,94.97,59.62,50.56,7.61
389,33.44,20.58,20.94,3.73,94.97,59.62,50.56,7.61
390,33.44,20.58,20.94,3.72,94.97,59.78,50.56,7.61
391,33.38,20.58,20.94,3.73,94.97,59.62,50.56,7.61
392,33.38,20.58,20.94,3.72,94.97,59.78,50.56,7.61
393,33.44,20.58,20.94,3.73,95.32,59.78,50.56,7.61
394,33.44,20.58,20.94,3.72,94.97,59.62,50.56,7.61
395,33.44,20.58,20.94,3.73,94.97,59.78,50.68,7.62
396,33.44,20.55,20.94,3.72,94.97,59.78,50.56,7.62
397,33.44,20.61,20.97,3.72,95.32,59.78,50.68,7.62
398,33.44,20.61,20.97,3.73,95.32,59.78,50.68,7.62
399,33.56,20.61,20.97,3.72,94.97,59.78,50.68,7.63
400,33.5,20.61,20.97,3.73,95.32,59.93,50.68,7.63
401,33.44,20.64,21.0,3.73,95.32,59.93,50.68,7.63
402,33.5,20.61,20.94,3.73,94.97,59.93,50.68,7.62
403,33.44,20.61,20.97,3.73,95.32,59.93,50.68,7.63
404,33.44,20.58,20.94,3.73,95.32,59.78,50.68,7.63
405,33.44,20.55,20.94,3.73,95.32,59.78,50.56,7.62
406,33.38,20.58,20.91,3.72,94.97,59.78,50.56,7.63
407,33.38,20.58,20.91,3.73,94.97,59.78,50.68,7.62
408,33.38,20.58,20.91,3.73,95.32,59.78,50.56,7.62
409,33.38,20.58,20.91,3.73,94.97,59.93,50.68,7.63
410,33.38,20.58,20.91,3.73,94.97,59.78,50.56,7.62
411,33.32,20.58,20.91,3.73,94.97,59.78,50.68,7.62
412,33.32,20.58,20.91,3.74,94.97,59.78,50.56,7.62
413,33.32,20.61,20.94,3.73,94.97,59.78,50.56,7.62
414,33.38,20.55,20.91,3.73,94.97,59.78,50.56,7.62
415,33.44,20.58,20.94,3.73,94.97,59.78,50.56,7.62
416,33.44,20.58,20.94,3.73,94.97,59.93,50.56,7.62
417,33.44,20.61,20.94,3.73,95.32,59.78,50.68,7.61
418,33.44,20.58,20.94,3.73,95.32,59.93,50.68,7.62
419,33.44,20.61,20.94,3.73,95.32,59.93,50.8,7.64
420,33.44,20.58,20.94,3.73,95.32,60.09,50.8,7.63
421,33.44,20.58,20.94,3.73,95.32,60.09,50.68,7.62
422,33.38,20.61,20.94,3.73,95.32,59.93,50.8,7.62
423,33.44,20.58,20.94,3.73,95.32,59.93,50.8,7.62
424,33.38,20.58,20.94,3.72,95.32,59.78,50.68,7.63
425,33.38,20.58,20.94,3.72,95.32,59.93,50.8,7.62
426,33.38,20.58,20.91,3.72,95.32,59.93,50.68,7.62
427,33.38,20.58,20.94,3.72,95.32,59.93,50.68,7.61
428,33.44,20.61,20.94,3.72,95.32,59.93,50.68,7.62
429,33.5,20.58,20.94,3.72,95.32,59.78,50.68,7.62
430,33.5,20.58,20.97,3.72,95.32,59.93,50.8,7.62
431,33.44,20.58,20.94,3.72,95.32,59.93,50.8,7.62
432,33.56,20.61,20.97,3.72,95.68,59.93,50.92,7.62
433,33.5,20.61,21.0,3.72,95.68,60.09,50.8,7.62
434,33.5,20.61,21.0,3.72,95.32,59.93,50.8,7.62
435,33.5,20.61,20.97,3.72,95.68,60.09,50.8,7.61
436,33.5,20.64,21.0,3.72,95.32,59.93,50.92,7.61
437,33.5,20.61,20.97,3.72,95.32,59.93,50.92,7.61
438,33.5,20.58,20.97,3.72,95.32,59.93,50.92,7.62
439,33.5,20.58,20.97,3.72,95.32,59.93,50.8,7.61
440,33.5,20.58,20.97,3.72,95.68,59.93,50.8,7.61
441,33.44,20.61,21.0,3.73,95.68,59.93,50.8,7.62
442,33.5,20.58,21.0,3.72,95.32,59.93,50.8,7.6
443,33.5,20.55,21.0,3.73,95.68,59.93,50.8,7.6
444,33.56,20.58,20.97,3.72,95.32,59.93,50.92,7.6
445,33.56,20.58,21.0,3.72,95.32,59.78,50.92,7.6
446,33.56,20.58,21.0,3.72,95.68,59.93,50.8,7.6
447,33.56,20.55,21.03,3.72,95.68,59.93,50.92,7.6
448,33.5,20.55,21.0,3.72,95.32,59.93,50.92,7.6
449,33.56,20.55,21.0,3.72,95.68,59.78,50.92,7.6
450,33.56,20.55,21.0,3.72,95.68,59.93,50.92,7.6
451,33.62,20.58,21.06,3.72,95.68,59.93,50.92,7.6
452,33.62,20.58,21.03,3.72,95.68,59.93,50.92,7.6
453,33.56,20.55,21.0,3.73,95.68,59.93,50.92,7.6
454,33.56,20.58,21.03,3.72,95.68,59.93,50.92,7.6
455,33.5,20.55,21.0,3.72,95.68,59.78,51.04,7.6
456,33.5,20.55,21.0,3.72,95.68,59.93,50.92,7.6
457,33.44,20.55,21.0,3.73,95.68,59.78,51.04,7.59
458,33.44,20.55,21.0,3.72,95.68,59.93,50.8,7.59
459,33.44,20.52,20.97,3.72,95.68,59.93,50.92,7.59
460,33.5,20.55,20.97,3.72,95.68,59.93,50.92,7.59
461,33.44,20.55,20.97,3.72,95.68,59.93,51.04,7.59
462,33.44,20.55,20.97,3.72,95.68,59.78,50.92,7.59
463,33.44,20.58,20.97,3.72,95.68,59.93,51.04,7.6
464,33.44,20.58,21.0,3.72,95.68,59.93,51.04,7.59
465,33.44,20.58,21.0,3.73,95.68,59.93,51.04,7.59
466,33.5,20.58,21.0,3.72,96.04,59.93,51.04,7.6
467,33.56,20.61,21.03,3.72,96.04,60.09,51.16,7.6
468,33.5,20.61,21.03,3.72,96.04,60.09,51.16,7.6
469,33.56,20.61,21.06,3.72,96.04,60.25,51.16,7.61
470,33.56,20.61,21.03,3.72,96.04,60.09,51.16,7.6
471,33.56,20.61,21.03,3.72,96.04,60.09,51.16,7.6
472,33.56,20.61,21.03,3.72,96.04,59.93,51.04,7.6
473,33.5,20.58,21.03,3.72,95.68,59.93,51.04,7.6
474,33.5,20.58,21.0,3.72,95.68,60.09,51.04,7.59
475,33.44,20.58,21.0,3.72,95.68,60.09,51.04,7.59
476,33.5,20.58,21.0,3.72,95.68,59.93,50.92,7.6
477,33.44,20.55,21.0,3.72,95.32,59.93,50.92,7.59
478,33.5,20.58,20.97,3.72,95.68,59.93,51.04,7.59
479,33.56,20.61,21.0,3.72,95.68,60.09,51.04,7.59
480,33.5,20.61,21.03,3.73,95.68,60.25,51.16,7.6
481,33.5,20.64,21.03,3.72,96.04,60.09,51.16,7.6
482,33.56,20.61,21.06,3.72,96.04,60.25,51.04,7.6
483,33.56,20.64,21.06,3.72,96.04,60.09,51.16,7.61
484,33.56,20.58,21.06,3.72,96.04,60.09,51.16,7.61
485,33.62,20.61,21.06,3.72,96.04,60.09,51.16,7.6
486,33.62,20.61,21.06,3.72,96.04,60.25,51.16,7.6
487,33.62,20.64,21.06,3.72,96.04,60.25,51.28,7.6
488,33.56,20.64,21.06,3.72,96.04,60.09,51.16,7.61
489,33.56,20.61,21.06,3.72,96.04,60.09,51.16,7.6
490,33.56,20.64,21.06,3.72,96.04,60.09,51.16,7.6
491,33.62,20.64,21.06,3.72,96.04,60.09,51.16,7.6
492,33.56,20.61,21.06,3.72,96.04,60.09,51.16,7.6
493,33.62,20.67,21.06,3.72,96.4,60.25,51.28,7.6
494,33.56,20.67,21.09,3.72,96.4,60.25,51.28,7.61
495,33.62,20.64,21.09,3.72,96.4,60.25,51.28,7.61
496,33.69,20.7,21.09,3.72,96.04,60.25,51.16,7.61
497,33.62,20.64,21.09,3.72,96.4,60.25,51.28,7.61
498,33.62,20.67,21.09,3.72,96.4,60.41,51.28,7.61
499,33.56,20.67,21.09,3.72,96.04,60.25,51.28,7.61
500,33.56,20.67,21.06,3.72,96.04,60.25,51.16,7.61
501,33.5,20.67,21.06,3.72,96.4,60.25,51.28,7.62
502,33.44,20.7,21.03,3.72,96.04,60.41,51.28,7.62
503,33.56,20.67,21.03,3.72,96.04,60.25,51.28,7.62
504,33.56,20.67,21.06,3.72,96.04,60.25,51.28,7.61
505,33.5,20.67,21.06,3.72,96.04,60.25,51.16,7.61
506,33.5,20.64,21.06,3.72,96.04,60.25,51.16,7.61
507,33.56,20.64,21.06,3.72,96.04,60.25,51.16,7.62
508,33.56,20.64,21.06,3.73,96.04,60.41,51.16,7.61
509,33.69,20.64,21.06,3.72,96.04,60.25,51.28,7.61
510,33.62,20.64,21.09,3.72,96.04,60.25,51.16,7.61
511,33.69,20.67,21.09,3.73,96.4,60.41,51.28,7.61
512,33.62,20.64,21.09,3.73,96.04,60.25,51.28,7.61
513,33.56,20.67,21.09,3.73,96.4,60.25,51.28,7.61
514,33.69,20.67,21.09,3.73,96.4,60.25,51.28,7.61
515,33.69,20.67,21.09,3.73,96.4,60.25,51.4,7.61
516,33.62,20.67,21.09,3.72,96.4,60.25,51.28,7.61
517,33.62,20.64,21.09,3.72,96.4,60.25,51.28,7.6
518,33.62,20.64,21.06,3.73,96.04,60.25,51.28,7.6
519,33.62,20.64,21.06,3.73,96.04,60.09,51.28,7.6
520,33.62,20.64,21.09,3.72,96.4,60.25,51.28,7.6
521,33.62,20.64,21.06,3.72,96.04,60.25,51.28,7.6
522,33.62,20.64,21.06,3.72,96.4,60.25,51.28,7.6
523,33.62,20.64,21.06,3.73,96.04,60.25,51.28,7.61
524,33.62,20.64,21.06,3.72,96.4,60.25,51.28,7.6
525,33.62,20.64,21.06,3.72,96.4,60.25,51.28,7.6
526,33.56,20.64,21.09,3.72,96.4,60.41,51.28,7.6
527,33.56,20.64,21.06,3.72,96.4,60.25,51.28,7.6
528,33.62,20.64,21.09,3.72,96.4,60.57,51.28,7.6
529,33.56,20.64,21.03,3.71,96.04,60.25,51.28,7.6
530,33.5,20.64,21.03,3.71,96.04,60.25,51.28,7.59
531,33.5,20.64,21.03,3.71,96.4,60.25,51.28,7.59
532,33.5,20.64,21.0,3.71,96.04,60.25,51.28,7.59
533,33.5,20.61,21.03,3.71,96.04,60.25,51.28,7.6
534,33.56,20.61,21.03,3.72,96.04,60.25,51.28,7.59
535,33.5,20.64,21.03,3.71,96.04,60.25,51.28,7.59
536,33.56,20.61,21.03,3.71,96.04,60.25,51.16,7.59
537,33.56,20.61,21.03,3.71,96.04,60.25,51.28,7.59
538,33.56,20.64,21.06,3.72,96.04,60.25,51.28,7.6
539,33.62,20.61,21.06,3.71,96.4,60.25,51.28,7.59
540,33.62,20.64,21.06,3.71,96.04,60.25,51.4,7.6
541,33.56,20.61,21.06,3.71,96.4,60.09,51.4,7.59
542,33.56,20.61,21.06,3.71,96.04,60.09,51.16,7.58
543,33.56,20.61,21.03,3.71,96.04,60.09,51.16,7.59
544,33.56,20.64,21.03,3.71,96.04,60.09,51.16,7.58
545,33.5,20.58,21.03,3.71,96.04,60.09,51.28,7.58
546,33.44,20.61,21.03,3.72,96.04,60.25,51.16,7.58
547,33.44,20.58,21.03,3.71,96.04,60.25,51.16,7.58
548,33.5,20.58,21.0,3.71,96.04,60.09,51.16,7.58
549,33.44,20.55,20.97,3.71,96.04,60.09,51.16,7.58
550,33.44,20.58,20.97,3.71,96.04,60.09,51.04,7.58
551,33.5,20.58,20.97,3.71,96.04,60.09,51.04,7.57
552,33.5,20.58,20.97,3.71,95.68,60.09,51.16,7.57
553,33.5,20.61,21.0,3.72,96.04,60.09,51.16,7.58
554,33.5,20.58,21.0,3.71,96.04,60.25,51.16,7.58
555,33.5,20.58,21.0,3.71,96.04,60.25,51.16,7.57
556,33.5,20.58,21.0,3.71,96.04,60.09,51.16,7.57
557,33.5,20.58,21.03,3.72,96.04,60.09,51.16,7.58
558,33.5,20.61,21.03,3.72,96.04,60.09,51.28,7.58
559,33.56,20.61,21.03,3.72,96.04,60.25,51.28,7.58
560,33.56,20.61,21.06,3.72,96.4,60.09,51.28,7.58
561,33.5,20.58,21.03,3.72,96.4,60.25,51.28,7.58
562,33.56,20.58,21.03,3.72,96.04,60.09,51.28,7.58
563,33.5,20.61,21.03,3.72,96.04,60.25,51.28,7.58
564,33.5,20.58,21.03,3.72,96.04,60.25,51.16,7.58
565,33.5,20.58,21.03,3.72,96.04,60.09,51.16,7.57
566,33.5,20.58,21.03,3.71,96.04,60.09,51.28,7.58
567,33.5,20.58,21.03,3.72,96.04,60.09,51.28,7.57
568,33.5,20.58,21.03,3.71,96.04,60.09,51.28,7.57
569,33.5,20.58,21.03,3.71,96.04,60.09,51.16,7.58
570,33.5,20.61,21.06,3.71,96.4,60.09,51.28,7.58
571,33.5,20.61,21.06,3.71,96.4,60.25,51.28,7.56
572,33.56,20.61,21.06,3.71,96.4,60.25,51.4,7.59
573,33.56,20.61,21.09,3.71,96.4,60.25,51.28,7.58
574,33.56,20.61,21.09,3.71,96.4,60.25,51.28,7.58
575,33.62,20.64,21.12,3.71,96.4,60.25,51.28,7.58
576,33.62,20.64,21.09,3.71,96.4,60.25,51.4,7.58
577,33.62,20.61,21.09,3.71,96.4,60.25,51.4,7.59
578,33.56,20.61,21.09,3.71,96.4,60.25,51.28,7.59
579,33.56,20.61,21.09,3.71,96.4,60.25,51.28,7.58
580,33.56,20.58,21.09,3.72,96.4,60.09,51.28,7.58
581,33.56,20.61,21.09,3.71,96.4,60.25,51.28,7.57
582,33.62,20.58,21.09,3.71,96.4,60.25,51.28,7.58
583,33.56,20.58,21.09,3.71,96.4,60.25,51.28,7.57
584,33.62,20.61,21.09,3.71,96.4,60.09,51.4,7.58
585,33.62,20.58,21.09,3.71,96.77,60.25,51.4,7.58
586,33.62,20.58,21.09,3.71,96.4,60.25,51.28,7.58
587,33.69,20.58,21.09,3.71,96.4,60.25,51.4,7.58
588,33.69,20.61,21.12,3.71,96.77,60.25,51.4,7.57
589,33.69,20.61,21.12,3.71,96.77,60.25,51.4,7.57
590,33.62,20.58,21.12,3.71,96.4,60.25,51.4,7.58
591,33.69,20.61,21.12,3.72,96.77,60.25,51.52,7.57
592,33.62,20.61,21.12,3.71,96.4,60.09,51.4,7.58
593,33.62,20.61,21.09,3.71,96.77,60.25,51.4,7.57
594,33.56,20.58,21.09,3.71,96.4,60.25,51.4,7.57
595,33.5,20.55,21.03,3.71,96.4,60.09,51.4,7.56
596,33.5,20.55,21.03,3.71,96.4,60.09,51.28,7.57
597,33.32,20.55,20.97,3.71,96.04,60.09,51.28,7.56
598,33.38,20.52,20.94,3.7,96.04,59.93,51.16,7.56
599,33.32,20.49,20.94,3.7,95.68,60.09,51.16,7.57
