0,35.01,20.88,22.19,4.33,100.96,61.87,53.66,8.9
1,35.01,20.88,22.22,4.33,101.36,61.87,53.79,8.91
2,35.01,20.88,22.22,4.33,100.96,61.87,53.66,8.9
3,35.08,20.91,22.25,4.33,101.36,61.87,53.79,8.9
4,35.15,20.91,22.29,4.33,101.36,61.87,53.79,8.9
5,35.08,20.91,22.29,4.33,101.36,61.87,53.79,8.9
6,35.15,20.88,22.29,4.33,101.36,61.87,53.79,8.9
7,35.08,20.88,22.29,4.34,101.36,62.04,53.79,8.89
8,35.08,20.88,22.29,4.33,101.76,62.04,53.92,8.91
9,35.08,20.91,22.29,4.33,101.76,62.04,53.92,8.89
10,35.15,20.91,22.29,4.33,101.36,61.87,53.92,8.9
11,35.15,20.88,22.29,4.33,101.36,61.87,53.92,8.9
12,35.15,20.91,22.29,4.34,101.76,61.87,53.92,8.9
13,35.15,20.91,22.32,4.34,101.36,62.04,54.05,8.89
14,35.15,20.91,22.32,4.34,101.76,62.04,54.05,8.9
15,35.08,20.91,22.32,4.34,101.76,62.04,54.05,8.9
16,35.15,20.91,22.29,4.34,101.76,61.87,53.92,8.89
17,35.15,20.91,22.29,4.32,101.76,61.87,53.79,8.89
18,35.15,20.85,22.29,4.33,101.36,61.87,54.05,8.88
19,35.08,20.88,22.29,4.32,101.36,61.87,53.92,8.88
20,35.15,20.88,22.25,4.33,101.36,61.87,53.92,8.88
21,35.15,20.85,22.25,4.32,101.36,61.7,53.92,8.87
22,35.08,20.85,22.25,4.32,101.36,61.7,53.92,8.87
23,35.08,20.85,22.25,4.32,101.36,61.7,53.92,8.87
24,34.95,20.85,22.25,4.32,101.36,61.87,53.92,8.85
25,34.95,20.85,22.25,4.32,101.36,61.54,53.79,8.87
26,35.01,20.85,22.25,4.32,101.36,61.54,53.92,8.85
27,35.08,20.85,22.25,4.32,101.36,61.7,53.79,8.85
28,35.08,20.85,22.25,4.32,101.36,61.87,53.79,8.85
29,35.01,20.85,22.29,4.32,101.36,61.7,53.79,8.85
30,35.01,20.88,22.29,4.32,101.36,61.87,53.79,8.84
31,35.15,20.88,22.29,4.32,101.76,61.87,53.92,8.85
32,35.15,20.88,22.29,4.32,101.76,61.87,53.92,8.85
33,35.08,20.88,22.32,4.32,101.76,61.7,54.05,8.85
34,35.08,20.91,22.32,4.32,101.76,61.7,53.92,8.85
35,35.08,20.88,22.29,4.32,101.36,61.87,53.92,8.85
36,35.08,20.85,22.29,4.32,101.36,61.7,53.92,8.84
37,34.95,20.85,22.25,4.32,101.36,61.7,53.92,8.84
38,35.01,20.85,22.29,4.32,101.36,61.7,53.92,8.84
39,35.08,20.85,22.25,4.32,101.36,61.54,53.79,8.84
40,34.95,20.85,22.25,4.32,101.36,61.7,53.79,8.84
41,35.01,20.85,22.25,4.31,101.36,61.7,53.79,8.83
42,35.01,20.85,22.25,4.31,101.36,61.7,53.79,8.83
43,35.01,20.85,22.22,4.31,101.36,61.7,53.79,8.83
44,34.88,20.85,22.25,4.32,101.36,61.7,53.79,8.83
45,35.01,20.85,22.22,4.3,101.36,61.54,53.79,8.83
46,35.01,20.82,22.22,4.31,101.36,61.54,53.79,8.83
47,34.95,20.82,22.22,4.3,100.96,61.54,53.66,8.82
48,34.95,20.82,22.22,4.31,100.96,61.54,53.79,8.82
49,34.95,20.85,22.19,4.31,101.36,61.7,53.79,8.82
50,34.95,20.88,22.19,4.31,101.36,61.7,53.79,8.83
51,34.88,20.88,22.19,4.32,100.96,61.7,53.79,8.83
52,34.95,20.88,22.19,4.32,101.36,61.7,53.79,8.83
53,34.88,20.91,22.19,4.32,100.96,61.7,53.92,8.84
54,34.88,20.95,22.19,4.32,101.36,61.87,53.79,8.84
55,34.95,20.91,22.25,4.32,101.36,61.87,53.79,8.84
56,35.15,20.91,22.32,4.31,101.76,61.7,53.79,8.84
57,35.28,20.88,22.42,4.32,101.76,61.87,53.79,8.84
58,35.48,20.88,22.52,4.32,102.57,61.87,53.79,8.84
59,35.48,20.85,22.42,4.32,102.17,61.7,53.27,8.8
60,35.28,20.67,22.05,4.28,101.36,61.54,52.14,8.65
61,35.21,20.55,21.69,4.26,100.96,60.89,51.28,8.51
62,34.95,20.34,21.0,4.2,99.4,60.09,49.75,8.16
63,34.69,20.22,20.51,4.13,98.26,59.62,48.96,7.85
64,34.69,20.16,20.3,4.09,97.51,59.16,48.62,7.66
65,34.5,20.02,19.86,3.95,96.04,58.55,47.97,7.03
66,34.44,20.02,19.75,3.9,95.32,58.4,47.76,6.8
67,34.31,19.96,19.61,3.8,94.97,57.95,47.54,6.39
68,34.31,19.93,19.52,3.75,94.26,57.95,47.33,6.17
69,34.24,19.9,19.44,3.69,93.91,57.65,47.22,5.87
70,34.24,19.88,19.44,3.67,93.91,57.65,47.12,5.85
71,34.12,19.88,19.33,3.61,93.57,57.51,46.91,5.57
72,34.06,19.85,19.27,3.57,93.57,57.51,46.91,5.43
73,34.06,19.85,19.22,3.53,93.22,57.51,46.81,5.24
74,33.93,19.82,19.16,3.47,92.88,57.36,46.7,5.0
75,33.87,19.82,19.11,3.45,92.88,57.21,46.6,4.88
76,33.93,19.82,19.11,3.43,92.54,57.36,46.6,4.8
77,33.93,19.82,19.08,3.42,92.54,57.36,46.5,4.72
78,33.87,19.82,19.05,3.39,92.54,57.36,46.5,4.63
79,33.81,19.82,19.05,3.38,92.54,57.21,46.4,4.54
80,33.81,19.82,19.03,3.36,92.2,57.36,46.4,4.48
81,33.81,19.82,19.0,3.35,92.2,57.21,46.4,4.4
82,33.81,19.82,19.0,3.34,92.2,57.21,46.29,4.36
83,33.75,19.82,19.0,3.33,92.2,57.21,46.29,4.3
84,33.81,19.82,19.0,3.32,91.87,57.36,46.29,4.27
85,33.81,19.82,19.0,3.31,92.2,57.21,46.19,4.23
86,33.87,19.79,19.0,3.3,91.87,57.21,46.19,4.19
87,33.87,19.79,19.0,3.3,91.87,57.21,46.19,4.18
88,33.93,19.79,19.03,3.29,91.87,57.21,46.19,4.14
89,33.93,19.79,19.03,3.28,92.2,57.21,46.19,4.12
90,33.93,19.82,19.03,3.29,92.2,57.21,46.19,4.1
91,33.93,19.82,19.05,3.28,91.87,57.21,46.19,4.08
92,33.99,19.82,19.08,3.28,92.2,57.21,46.29,4.05
93,33.93,19.82,19.05,3.28,92.2,57.21,46.29,4.04
94,33.93,19.82,19.03,3.27,92.2,57.21,46.29,4.03
95,33.93,19.79,19.05,3.27,92.2,57.21,46.19,4.01
96,33.93,19.79,19.05,3.27,92.2,57.07,46.19,4.0
97,33.93,19.76,19.05,3.27,92.2,57.07,46.19,3.98
98,33.93,19.76,19.05,3.26,92.2,57.07,46.19,3.98
99,33.99,19.79,19.05,3.26,92.2,57.07,46.19,3.96
100,33.99,19.79,19.05,3.26,92.2,57.07,46.29,3.96
101,33.99,19.76,19.05,3.25,92.2,57.07,46.19,3.95
102,33.99,19.76,19.05,3.25,92.2,57.07,46.29,3.95
103,33.99,19.76,19.08,3.26,92.2,57.07,46.19,3.94
104,33.93,19.79,19.05,3.25,92.2,57.21,46.29,3.94
105,33.81,19.76,19.05,3.25,92.54,57.07,46.29,3.93
106,33.87,19.76,19.05,3.25,92.2,57.07,46.29,3.93
107,33.93,19.76,19.05,3.25,92.2,57.07,46.29,3.92
108,33.87,19.79,19.03,3.25,91.87,57.07,46.19,3.92
109,33.87,19.76,19.03,3.25,92.2,57.07,46.19,3.92
110,33.81,19.73,19.0,3.25,91.87,56.92,46.19,3.92
111,33.75,19.73,19.0,3.25,91.87,56.92,46.19,3.92
112,33.81,19.73,19.0,3.25,91.87,56.92,46.19,3.91
113,33.81,19.73,19.0,3.25,91.87,56.92,46.09,3.91
114,33.81,19.73,19.0,3.25,91.87,56.92,46.19,3.91
115,33.81,19.7,19.0,3.26,91.87,56.92,46.09,3.9
116,33.81,19.73,19.0,3.25,91.87,56.92,46.09,3.9
117,33.81,19.7,19.0,3.25,91.87,56.92,46.09,3.91
118,33.75,19.7,18.97,3.25,91.54,56.78,46.09,3.9
119,33.75,19.7,18.97,3.25,91.87,56.92,46.09,3.9
120,33.69,19.7,18.95,3.25,91.87,56.78,46.09,3.9
121,33.69,19.68,18.95,3.25,91.54,56.78,45.99,3.9
122,33.75,19.68,18.95,3.25,91.87,56.64,46.09,3.9
123,33.69,19.65,18.95,3.25,91.54,56.78,45.99,3.9
124,33.69,19.68,18.95,3.25,91.54,56.78,46.09,3.9
125,33.69,19.68,18.97,3.25,91.87,56.78,46.09,3.91
126,33.69,19.7,18.97,3.25,91.54,56.92,46.09,3.91
127,33.75,19.7,18.97,3.25,91.87,56.92,46.09,3.91
128,33.75,19.7,19.0,3.25,91.87,56.78,46.09,3.91
129,33.81,19.68,19.03,3.26,91.87,56.92,46.09,3.91
130,33.75,19.73,19.0,3.25,91.87,56.78,46.09,3.91
131,33.81,19.7,19.03,3.25,91.87,56.78,46.09,3.92
132,33.81,19.7,19.03,3.26,91.87,56.92,46.19,3.92
133,33.81,19.73,19.03,3.26,91.87,56.92,46.09,3.92
134,33.81,19.7,19.03,3.26,92.2,56.78,46.09,3.92
135,33.81,19.7,19.0,3.26,91.87,56.78,46.09,3.92
136,33.81,19.7,19.0,3.26,91.87,56.92,46.09,3.92
137,33.75,19.7,19.03,3.26,91.87,56.92,46.09,3.92
138,33.75,19.7,19.03,3.26,91.87,56.92,46.09,3.92
139,33.75,19.73,19.0,3.27,91.87,56.92,45.99,3.92
140,33.75,19.7,19.0,3.26,91.87,56.78,46.09,3.92
141,33.75,19.7,19.0,3.26,91.87,56.92,46.09,3.92
142,33.81,19.7,19.0,3.26,91.87,56.78,46.09,3.92
143,33.75,19.7,19.0,3.25,91.87,56.78,46.09,3.93
144,33.75,19.68,19.0,3.27,91.87,56.92,46.09,3.92
145,33.75,19.68,19.0,3.26,91.87,56.92,46.09,3.92
146,33.75,19.7,19.0,3.26,91.87,56.92,46.09,3.92
147,33.75,19.7,19.0,3.26,91.87,56.78,46.09,3.92
148,33.69,19.7,19.0,3.26,91.54,56.92,45.99,3.92
149,33.75,19.73,18.97,3.25,91.54,56.78,45.99,3.92
150,33.75,19.7,18.97,3.25,91.87,56.92,45.99,3.91
151,33.75,19.7,18.95,3.25,91.54,56.78,46.09,3.91
152,33.75,19.73,18.95,3.25,91.54,56.78,45.99,3.9
153,33.69,19.7,18.97,3.25,91.54,56.92,45.99,3.9
154,33.69,19.73,18.95,3.25,91.54,56.78,45.89,3.89
155,33.62,19.7,18.92,3.24,91.54,56.78,45.89,3.88
156,33.62,19.7,18.92,3.24,91.54,56.78,45.89,3.88
157,33.62,19.68,18.89,3.23,91.2,56.78,45.89,3.88
158,33.62,19.7,18.89,3.23,91.2,56.64,45.89,3.87
159,33.69,19.73,18.97,3.24,91.54,56.92,45.99,3.87
160,33.56,19.73,19.0,3.24,91.2,56.92,46.09,3.87
161,33.75,19.82,19.14,3.25,91.87,57.07,46.5,3.89
162,33.87,19.88,19.3,3.26,92.2,57.21,46.91,3.92
163,33.93,19.99,19.55,3.29,92.88,57.65,47.54,3.99
164,34.06,20.05,19.69,3.31,93.22,57.8,47.76,4.03
165,34.06,20.11,19.86,3.34,93.57,58.1,48.08,4.09
166,34.12,20.16,20.04,3.38,93.91,58.25,48.41,4.17
167,34.18,20.19,20.1,3.39,94.26,58.4,48.62,4.2
168,34.18,20.28,20.3,3.44,94.97,58.7,48.96,4.31
169,34.24,20.31,20.45,3.48,94.97,58.85,49.3,4.41
170,34.24,20.34,20.45,3.51,95.32,59.0,49.41,4.46
171,34.24,20.37,20.63,3.55,95.68,59.16,49.64,4.55
172,34.31,20.43,20.66,3.57,95.68,59.0,49.87,4.61
173,34.37,20.46,20.81,3.64,96.4,59.31,50.21,4.8
174,34.37,20.46,20.88,3.66,96.4,59.46,50.33,4.85
175,34.37,20.46,20.97,3.7,96.77,59.62,50.45,4.98
176,34.44,20.49,21.03,3.72,96.77,59.78,50.56,5.05
177,34.44,20.52,21.09,3.76,97.14,59.93,50.68,5.17
178,34.5,20.55,21.15,3.78,97.14,59.93,50.92,5.26
179,34.5,20.55,21.28,3.83,97.14,59.93,51.16,5.4
180,34.5,20.61,21.34,3.86,97.51,60.25,51.28,5.51
181,34.56,20.61,21.41,3.9,98.26,60.25,51.64,5.65
182,34.56,20.61,21.44,3.91,98.26,60.41,51.52,5.73
183,34.63,20.64,21.47,3.94,98.26,60.25,51.77,5.83
184,34.56,20.61,21.5,3.95,98.26,60.41,51.77,5.88
185,34.63,20.67,21.57,4.0,98.64,60.25,51.89,6.09
186,34.56,20.64,21.6,4.0,98.64,60.57,51.89,6.11
187,34.63,20.64,21.63,4.01,98.64,60.57,52.01,6.2
188,34.69,20.7,21.66,4.04,99.02,60.73,52.14,6.3
189,34.69,20.7,21.69,4.06,99.02,60.73,52.26,6.46
190,34.63,20.7,21.69,4.08,99.02,60.89,52.38,6.53
191,34.63,20.7,21.73,4.09,99.02,61.05,52.38,6.6
192,34.69,20.7,21.73,4.1,99.4,60.89,52.38,6.68
193,34.69,20.7,21.79,4.12,99.4,60.89,52.51,6.78
194,34.76,20.67,21.82,4.13,99.4,60.89,52.51,6.87
195,34.76,20.73,21.86,4.13,99.4,60.89,52.51,6.91
196,34.76,20.7,21.82,4.15,99.79,60.89,52.64,7.03
197,34.69,20.73,21.82,4.15,99.4,60.73,52.64,7.04
198,34.76,20.7,21.82,4.16,99.4,60.89,52.64,7.12
199,34.76,20.7,21.82,4.17,99.79,60.89,52.64,7.19
200,34.69,20.73,21.86,4.18,99.79,61.05,52.76,7.31
201,34.76,20.73,21.89,4.19,99.79,61.05,52.76,7.33
202,34.82,20.73,21.89,4.19,99.79,61.05,52.89,7.4
203,34.76,20.73,21.89,4.2,99.79,61.05,52.89,7.46
204,34.76,20.73,21.92,4.21,99.79,61.05,52.89,7.53
205,34.76,20.73,21.89,4.21,99.79,61.05,52.89,7.56
206,34.69,20.73,21.89,4.21,99.79,60.89,52.89,7.61
207,34.63,20.73,21.89,4.22,99.79,61.05,52.89,7.68
208,34.69,20.7,21.89,4.22,99.79,61.05,52.89,7.69
209,34.69,20.73,21.89,4.22,99.79,61.05,52.89,7.75
210,34.63,20.73,21.89,4.24,99.79,61.05,52.89,7.81
211,34.63,20.76,21.92,4.24,99.79,61.05,52.89,7.83
212,34.69,20.76,21.92,4.24,99.79,61.05,53.02,7.87
213,34.76,20.76,21.95,4.24,100.18,61.21,53.02,7.92
214,34.69,20.76,21.99,4.25,100.18,61.21,53.02,7.95
215,34.82,20.76,21.99,4.25,100.18,61.21,53.14,8.0
216,34.82,20.76,21.99,4.25,100.18,61.05,53.02,8.03
217,34.82,20.76,21.99,4.25,100.18,61.21,53.14,8.06
218,34.76,20.73,22.02,4.25,100.18,61.21,53.02,8.1
219,34.82,20.73,21.99,4.25,100.18,61.05,53.02,8.12
220,34.82,20.76,22.02,4.26,100.18,61.05,53.14,8.13
221,34.82,20.76,22.02,4.26,100.18,61.21,53.14,8.16
222,34.82,20.76,22.02,4.25,100.57,61.21,53.14,8.21
223,34.82,20.73,22.02,4.26,100.57,61.21,53.14,8.23
224,34.82,20.76,22.02,4.26,100.57,61.38,53.14,8.23
225,34.82,20.73,22.02,4.26,100.57,61.21,53.14,8.27
226,34.82,20.73,22.02,4.26,100.57,61.21,53.14,8.28
227,34.76,20.76,22.02,4.26,100.57,61.21,53.14,8.31
228,34.82,20.76,22.02,4.26,100.57,61.38,53.14,8.33
229,34.82,20.76,22.05,4.26,100.57,61.21,53.27,8.34
230,34.82,20.76,22.02,4.27,100.18,61.21,53.14,8.36
231,34.82,20.76,22.05,4.28,100.57,61.21,53.27,8.39
232,34.82,20.79,22.05,4.27,100.57,61.38,53.27,8.41
233,34.88,20.76,22.05,4.28,100.57,61.38,53.27,8.42
234,34.88,20.79,22.05,4.28,100.57,61.38,53.27,8.43
235,34.88,20.79,22.05,4.28,100.57,61.21,53.27,8.46
236,34.88,20.79,22.02,4.28,100.57,61.38,53.27,8.46
237,34.88,20.76,22.05,4.27,100.57,61.21,53.27,8.47
238,34.82,20.76,22.05,4.28,100.57,61.21,53.27,8.5
239,34.88,20.76,22.05,4.28,100.57,61.21,53.27,8.51
240,34.82,20.76,22.05,4.28,100.57,61.21,53.27,8.52
241,34.88,20.76,22.05,4.28,100.57,61.21,53.4,8.53
242,34.82,20.76,22.05,4.28,100.57,61.21,53.4,8.55
243,34.82,20.76,22.02,4.28,100.57,61.21,53.27,8.55
244,34.82,20.76,22.05,4.28,100.57,61.21,53.27,8.56
245,34.76,20.76,22.05,4.28,100.57,61.05,53.27,8.57
246,34.82,20.76,22.02,4.28,100.57,61.38,53.27,8.58
247,34.82,20.76,22.05,4.29,100.57,61.21,53.27,8.6
248,34.82,20.79,22.05,4.28,100.57,61.21,53.27,8.62
249,34.82,20.76,22.02,4.28,100.57,61.38,53.27,8.61
250,34.82,20.76,22.05,4.29,100.57,61.38,53.4,8.62
251,34.76,20.79,22.05,4.29,100.57,61.38,53.4,8.63
252,34.82,20.79,22.05,4.29,100.57,61.38,53.4,8.64
253,34.88,20.79,22.05,4.29,100.57,61.21,53.4,8.65
254,34.88,20.79,22.09,4.29,100.57,61.38,53.4,8.65
255,34.88,20.79,22.09,4.29,100.96,61.21,53.4,8.67
256,34.88,20.79,22.12,4.29,100.96,61.21,53.4,8.67
257,34.88,20.82,22.12,4.29,100.57,61.38,53.53,8.7
258,34.95,20.82,22.12,4.3,100.96,61.38,53.53,8.68
259,34.95,20.82,22.12,4.29,100.96,61.21,53.53,8.7
260,34.95,20.82,22.12,4.29,100.96,61.38,53.53,8.71
261,34.95,20.82,22.12,4.3,100.96,61.54,53.53,8.71
262,34.95,20.85,22.15,4.3,100.96,61.54,53.53,8.72
263,35.01,20.82,22.15,4.29,100.96,61.38,53.66,8.72
264,34.95,20.82,22.15,4.3,100.96,61.38,53.66,8.73
265,34.95,20.85,22.12,4.3,100.96,61.54,53.53,8.74
266,34.95,20.85,22.12,4.3,100.96,61.38,53.66,8.74
267,34.95,20.82,22.12,4.3,100.96,61.54,53.66,8.75
268,34.95,20.82,22.12,4.3,100.96,61.54,53.66,8.75
269,34.88,20.82,22.12,4.3,100.96,61.54,53.53,8.75
270,34.95,20.82,22.12,4.3,100.57,61.54,53.66,8.76
271,35.01,20.85,22.15,4.3,100.96,61.54,53.66,8.77
272,34.95,20.85,22.15,4.3,100.96,61.54,53.66,8.77
273,35.01,20.85,22.15,4.3,100.96,61.38,53.66,8.79
274,35.01,20.88,22.15,4.3,100.96,61.54,53.66,8.77
275,34.95,20.85,22.15,4.3,101.36,61.54,53.66,8.8
276,34.95,20.85,22.15,4.3,100.96,61.54,53.66,8.79
277,34.88,20.88,22.12,4.3,100.96,61.54,53.66,8.81
278,34.88,20.82,22.12,4.3,100.96,61.54,53.53,8.8
279,34.88,20.82,22.09,4.3,100.57,61.54,53.53,8.8
280,34.82,20.82,22.09,4.3,100.96,61.38,53.53,8.8
281,34.88,20.82,22.09,4.3,100.57,61.54,53.53,8.8
282,34.82,20.82,22.05,4.3,100.57,61.38,53.4,8.81
283,34.88,20.82,22.09,4.3,100.96,61.54,53.4,8.81
284,34.88,20.82,22.05,4.3,100.57,61.54,53.53,8.81
285,34.88,20.82,22.09,4.3,100.57,61.54,53.4,8.82
286,34.88,20.82,22.09,4.3,100.57,61.38,53.4,8.81
287,34.95,20.79,22.09,4.3,100.57,61.38,53.4,8.81
288,34.88,20.79,22.09,4.3,100.57,61.38,53.53,8.81
289,34.82,20.79,22.09,4.3,100.57,61.38,53.53,8.82
290,34.95,20.79,22.09,4.3,100.57,61.38,53.53,8.81
291,34.88,20.79,22.09,4.3,100.57,61.21,53.53,8.83
292,34.95,20.79,22.12,4.3,100.96,61.38,53.53,8.82
293,34.88,20.82,22.12,4.3,100.96,61.38,53.66,8.82
294,34.88,20.79,22.12,4.3,100.96,61.38,53.53,8.82
295,34.95,20.79,22.12,4.3,100.96,61.38,53.53,8.82
296,34.82,20.79,22.12,4.3,100.96,61.38,53.53,8.82
297,34.88,20.79,22.12,4.3,100.57,61.38,53.53,8.83
298,34.88,20.82,22.12,4.3,100.96,61.38,53.53,8.82
299,34.88,20.79,22.12,4.3,100.96,61.38,53.53,8.83
300,34.88,20.79,22.12,4.3,100.96,61.38,53.53,8.83
301,34.95,20.79,22.12,4.29,100.96,61.38,53.53,8.83
302,34.88,20.79,22.15,4.3,100.96,61.38,53.66,8.83
303,34.88,20.79,22.12,4.3,100.96,61.21,53.53,8.83
304,34.88,20.79,22.12,4.29,100.96,61.21,53.53,8.83
305,34.88,20.76,22.12,4.3,100.96,61.21,53.53,8.83
306,34.95,20.79,22.12,4.3,100.96,61.38,53.53,8.84
307,34.88,20.82,22.12,4.3,100.96,61.38,53.53,8.84
308,34.95,20.79,22.15,4.3,100.96,61.38,53.53,8.85
309,34.95,20.82,22.12,4.3,100.96,61.38,53.53,8.85
310,34.88,20.82,22.15,4.3,100.96,61.54,53.66,8.85
311,34.95,20.82,22.15,4.3,100.96,61.54,53.66,8.85
312,34.95,20.82,22.15,4.3,100.96,61.54,53.53,8.85
313,34.95,20.82,22.15,4.31,100.96,61.54,53.66,8.85
314,34.95,20.79,22.15,4.3,100.96,61.54,53.53,8.85
315,34.95,20.82,22.15,4.3,100.96,61.54,53.66,8.87
316,34.88,20.82,22.15,4.3,100.96,61.54,53.66,8.87
317,34.88,20.82,22.15,4.31,100.96,61.54,53.66,8.87
318,34.88,20.85,22.15,4.3,100.96,61.38,53.66,8.88
319,34.88,20.82,22.15,4.31,100.96,61.54,53.66,8.87
320,34.95,20.85,22.15,4.31,100.96,61.54,53.66,8.88
321,34.95,20.85,22.15,4.31,100.96,61.54,53.66,8.88
322,34.95,20.88,22.19,4.31,100.96,61.54,53.66,8.88
323,35.01,20.85,22.19,4.31,101.36,61.54,53.66,8.89
324,34.95,20.82,22.25,4.31,101.36,61.7,53.66,8.89
325,35.01,20.88,22.22,4.31,100.96,61.54,53.79,8.88
326,35.01,20.85,22.22,4.31,100.96,61.7,53.79,8.89
327,34.95,20.85,22.22,4.31,101.36,61.54,53.79,8.89
328,35.01,20.85,22.22,4.31,101.36,61.54,53.66,8.89
329,35.01,20.85,22.19,4.31,101.36,61.54,53.66,8.89
330,34.95,20.85,22.19,4.31,101.36,61.54,53.79,8.89
331,35.01,20.88,22.19,4.31,101.36,61.7,53.79,8.9
332,34.95,20.88,22.19,4.31,100.96,61.54,53.66,8.89
333,34.95,20.85,22.15,4.3,100.96,61.54,53.66,8.9
334,34.88,20.85,22.12,4.3,100.96,61.54,53.66,8.9
335,34.95,20.85,22.15,4.3,100.96,61.54,53.66,8.89
336,34.88,20.85,22.12,4.3,100.96,61.54,53.66,8.9
337,34.88,20.88,22.12,4.3,100.57,61.7,53.66,8.9
338,34.82,20.85,22.12,4.31,100.96,61.7,53.53,8.9
339,34.88,20.85,22.09,4.31,100.96,61.7,53.66,8.9
340,34.88,20.82,22.12,4.31,100.96,61.54,53.66,8.9
341,34.88,20.85,22.15,4.31,100.96,61.54,53.66,8.9
342,34.88,20.85,22.12,4.31,100.96,61.54,53.66,8.9
343,34.95,20.88,22.12,4.31,100.96,61.54,53.66,8.9
344,34.95,20.88,22.15,4.31,100.96,61.7,53.66,8.9
345,34.95,20.88,22.15,4.31,100.96,61.54,53.66,8.9
346,34.95,20.91,22.15,4.31,100.96,61.7,53.66,8.91
347,34.88,20.91,22.12,4.31,100.96,61.7,53.79,8.91
348,34.82,20.88,22.12,4.31,100.96,61.7,53.66,8.91
349,34.82,20.88,22.09,4.32,100.96,61.54,53.66,8.91
350,34.76,20.85,22.09,4.31,100.96,61.54,53.53,8.91
351,34.76,20.85,22.09,4.3,100.57,61.54,53.53,8.9
352,34.76,20.85,22.05,4.3,100.57,61.54,53.53,8.9
353,34.76,20.82,22.02,4.3,100.57,61.54,53.4,8.9
354,34.76,20.85,22.02,4.3,100.57,61.38,53.4,8.9
355,34.82,20.82,22.05,4.3,100.57,61.38,53.4,8.91
356,34.82,20.85,22.05,4.3,100.18,61.54,53.4,8.9
357,34.82,20.85,22.05,4.3,100.57,61.38,53.53,8.9
358,34.76,20.85,22.05,4.3,100.57,61.54,53.4,8.89
359,34.82,20.85,22.05,4.31,100.57,61.54,53.53,8.9
360,34.69,20.85,22.05,4.3,100.57,61.7,53.53,8.9
361,34.76,20.85,22.05,4.31,100.57,61.38,53.53,8.9
362,34.76,20.85,22.05,4.3,100.57,61.54,53.4,8.89
363,34.82,20.82,22.09,4.3,100.96,61.54,53.4,8.89
364,34.82,20.85,22.09,4.3,100.57,61.54,53.4,8.9
365,34.82,20.85,22.09,4.3,100.57,61.54,53.53,8.89
366,34.88,20.85,22.12,4.3,100.57,61.54,53.53,8.9
367,34.82,20.85,22.09,4.3,100.57,61.7,53.66,8.9
368,34.88,20.88,22.12,4.3,100.96,61.54,53.53,8.89
369,34.88,20.88,22.12,4.3,100.96,61.7,53.66,8.9
370,34.95,20.85,22.12,4.3,100.57,61.7,53.66,8.9
371,34.95,20.85,22.12,4.3,100.96,61.54,53.66,8.9
372,34.95,20.88,22.15,4.3,100.96,61.54,53.66,8.9
373,34.88,20.88,22.15,4.31,100.96,61.54,53.66,8.9
374,34.88,20.85,22.15,4.3,100.96,61.54,53.53,8.89
375,34.95,20.85,22.19,4.3,100.96,61.7,53.66,8.89
376,34.95,20.88,22.15,4.3,100.96,61.7,53.66,8.9
377,35.01,20.85,22.19,4.3,100.96,61.54,53.66,8.9
378,34.95,20.88,22.19,4.3,100.96,61.7,53.66,8.89
379,34.95,20.88,22.15,4.3,100.96,61.54,53.66,8.9
380,34.95,20.88,22.15,4.3,100.96,61.38,53.53,8.89
381,34.95,20.85,22.15,4.3,100.96,61.7,53.66,8.89
382,34.88,20.85,22.12,4.3,100.96,61.38,53.66,8.89
383,34.88,20.85,22.15,4.3,100.96,61.54,53.66,8.89
384,34.82,20.85,22.12,4.3,100.96,61.54,53.66,8.89
385,34.82,20.82,22.12,4.3,100.96,61.54,53.53,8.88
386,34.88,20.85,22.09,4.3,100.96,61.38,53.53,8.89
387,34.88,20.85,22.09,4.3,100.57,61.38,53.66,8.89
388,34.76,20.85,22.09,4.3,100.96,61.54,53.53,8.89
389,34.88,20.85,22.12,4.3,100.96,61.54,53.66,8.89
390,34.82,20.88,22.15,4.3,100.96,61.54,53.66,8.88
391,34.95,20.88,22.15,4.3,100.96,61.54,53.66,8.89
392,34.88,20.88,22.19,4.3,100.96,61.7,53.79,8.9
393,34.95,20.88,22.15,4.3,100.96,61.54,53.79,8.89
394,34.88,20.91,22.15,4.3,100.96,61.7,53.66,8.9
395,34.88,20.88,22.15,4.3,100.96,61.7,53.66,8.9
396,34.88,20.88,22.15,4.3,100.96,61.7,53.79,8.89
397,34.82,20.88,22.15,4.31,100.96,61.7,53.79,8.9
398,34.88,20.88,22.12,4.3,100.96,61.54,53.79,8.9
399,34.82,20.88,22.12,4.3,100.96,61.7,53.66,8.89
400,34.88,20.88,22.12,4.3,100.96,61.54,53.66,8.89
401,34.88,20.88,22.12,4.3,100.57,61.54,53.66,8.89
402,34.88,20.88,22.12,4.3,100.96,61.7,53.66,8.89
403,34.82,20.88,22.09,4.3,100.96,61.54,53.66,8.89
404,34.76,20.88,22.09,4.3,100.57,61.54,53.53,8.89
405,34.82,20.88,22.09,4.3,100.57,61.54,53.66,8.89
406,34.82,20.88,22.09,4.3,100.57,61.54,53.53,8.89
407,34.82,20.88,22.09,4.3,100.57,61.54,53.53,8.89
408,34.82,20.88,22.09,4.3,100.57,61.54,53.53,8.89
409,34.82,20.88,22.09,4.3,100.57,61.54,53.53,8.89
410,34.82,20.85,22.09,4.3,100.57,61.54,53.66,8.88
411,34.82,20.88,22.09,4.3,100.57,61.54,53.53,8.89
412,34.82,20.85,22.09,4.3,100.57,61.54,53.53,8.89
413,34.82,20.85,22.09,4.3,100.57,61.54,53.53,8.89
414,34.82,20.88,22.09,4.29,100.57,61.54,53.53,8.88
415,34.76,20.85,22.05,4.3,100.57,61.38,53.4,8.88
416,34.76,20.85,22.05,4.29,100.57,61.54,53.53,8.88
417,34.76,20.85,22.09,4.3,100.57,61.54,53.4,8.88
418,34.76,20.85,22.09,4.3,100.57,61.54,53.4,8.88
419,34.82,20.85,22.09,4.28,100.57,61.54,53.4,8.88
420,34.82,20.85,22.09,4.29,100.57,61.54,53.4,8.87
421,34.82,20.82,22.09,4.29,100.57,61.38,53.4,8.88
422,34.82,20.82,22.09,4.29,100.57,61.38,53.4,8.87
423,34.76,20.79,22.09,4.29,100.57,61.38,53.27,8.85
424,34.88,20.82,22.09,4.29,100.57,61.38,53.4,8.87
425,34.88,20.79,22.09,4.29,100.57,61.38,53.4,8.85
426,34.82,20.85,22.09,4.29,100.57,61.21,53.4,8.85
427,34.82,20.85,22.09,4.28,100.57,61.38,53.4,8.85
428,34.82,20.79,22.09,4.28,100.57,61.21,53.27,8.85
429,34.88,20.82,22.12,4.29,100.57,61.38,53.4,8.85
430,34.88,20.82,22.12,4.29,100.57,61.38,53.4,8.85
431,34.88,20.82,22.12,4.29,100.57,61.38,53.4,8.85
432,34.88,20.79,22.12,4.29,100.57,61.38,53.4,8.85
433,34.88,20.79,22.09,4.28,100.57,61.38,53.4,8.85
434,34.88,20.82,22.12,4.29,100.96,61.38,53.4,8.85
435,34.95,20.82,22.15,4.29,100.57,61.38,53.53,8.85
436,34.95,20.85,22.12,4.3,100.96,61.38,53.53,8.85
437,34.88,20.82,22.15,4.29,100.96,61.54,53.4,8.85
438,34.82,20.82,22.12,4.28,100.57,61.38,53.53,8.84
439,34.82,20.82,22.12,4.29,100.96,61.38,53.4,8.84
440,34.82,20.79,22.12,4.29,100.57,61.38,53.4,8.84
441,34.88,20.79,22.09,4.29,101.36,61.38,53.4,8.84
442,34.88,20.82,22.09,4.29,100.57,61.38,53.53,8.84
443,34.88,20.82,22.12,4.29,100.96,61.38,53.53,8.84
444,34.88,20.82,22.12,4.3,100.57,61.21,53.53,8.85
445,34.82,20.82,22.15,4.29,100.96,61.54,53.53,8.85
446,34.88,20.85,22.15,4.29,100.96,61.54,53.66,8.84
447,34.95,20.85,22.19,4.3,100.96,61.54,53.66,8.85
448,34.95,20.85,22.19,4.3,100.96,61.54,53.66,8.85
449,34.95,20.88,22.15,4.3,100.96,61.54,53.66,8.85
450,34.88,20.85,22.19,4.29,100.96,61.54,53.53,8.87
451,34.88,20.85,22.15,4.29,100.96,61.54,53.66,8.85
452,34.88,20.85,22.15,4.28,100.96,61.38,53.53,8.85
453,34.95,20.82,22.12,4.29,100.96,61.54,53.66,8.84
454,34.88,20.85,22.15,4.29,100.96,61.38,53.53,8.85
455,34.82,20.85,22.12,4.28,100.96,61.38,53.66,8.85
456,34.88,20.85,22.12,4.28,100.57,61.54,53.53,8.85
457,34.88,20.85,22.12,4.28,100.96,61.38,53.53,8.85
458,34.88,20.82,22.12,4.28,100.57,61.38,53.53,8.85
459,34.95,20.82,22.12,4.28,100.57,61.38,53.53,8.84
460,34.88,20.82,22.12,4.28,100.96,61.38,53.53,8.84
461,34.88,20.82,22.12,4.28,100.96,61.38,53.53,8.84
462,34.82,20.79,22.12,4.28,100.57,61.38,53.53,8.85
463,34.88,20.82,22.12,4.28,100.57,61.38,53.53,8.83
464,34.88,20.82,22.12,4.28,100.57,61.38,53.53,8.83
465,34.82,20.82,22.12,4.28,100.96,61.38,53.53,8.83
466,34.82,20.82,22.12,4.29,100.96,61.38,53.53,8.84
467,34.88,20.82,22.12,4.28,100.57,61.21,53.66,8.84
468,34.76,20.79,22.09,4.28,100.57,61.38,53.53,8.83
469,34.76,20.85,22.09,4.28,100.57,61.38,53.53,8.83
470,34.82,20.82,22.12,4.28,100.57,61.38,53.53,8.83
471,34.76,20.82,22.12,4.28,100.57,61.38,53.53,8.84
472,34.82,20.82,22.09,4.28,100.57,61.38,53.66,8.83
473,34.88,20.85,22.12,4.28,100.96,61.38,53.66,8.83
474,34.82,20.85,22.12,4.28,100.96,61.54,53.66,8.84
475,34.88,20.85,22.12,4.3,100.96,61.54,53.53,8.83
476,34.82,20.85,22.12,4.28,100.96,61.38,53.53,8.84
477,34.88,20.85,22.12,4.3,100.96,61.38,53.66,8.83
478,34.88,20.82,22.12,4.28,100.57,61.38,53.66,8.83
479,34.88,20.85,22.12,4.28,100.96,61.38,53.53,8.83
480,34.69,20.85,22.12,4.29,100.96,61.38,53.53,8.83
481,34.76,20.85,22.12,4.28,100.96,61.38,53.53,8.83
482,34.82,20.79,22.12,4.3,100.57,61.38,53.53,8.82
483,34.82,20.82,22.09,4.28,100.57,61.38,53.4,8.83
484,34.82,20.79,22.09,4.28,100.57,61.38,53.53,8.82
485,34.69,20.79,22.09,4.28,100.57,61.38,53.4,8.83
486,34.82,20.79,22.05,4.28,100.57,61.38,53.4,8.83
487,34.76,20.79,22.05,4.28,100.57,61.21,53.4,8.83
488,34.69,20.79,22.09,4.28,100.57,61.21,53.4,8.82
489,34.82,20.79,22.05,4.28,100.57,61.38,53.4,8.82
490,34.69,20.79,22.09,4.28,100.57,61.21,53.4,8.82
491,34.76,20.79,22.09,4.28,100.18,61.21,53.4,8.82
492,34.76,20.79,22.05,4.28,100.57,61.21,53.4,8.83
493,34.76,20.76,22.02,4.28,100.18,61.05,53.4,8.81
494,34.63,20.76,22.02,4.28,100.18,61.05,53.27,8.81
495,34.76,20.73,21.99,4.28,100.18,61.21,53.4,8.81
496,34.56,20.76,22.02,4.27,100.18,61.21,53.4,8.81
497,34.69,20.76,22.02,4.28,100.18,61.21,53.27,8.81
498,34.69,20.76,22.02,4.27,100.18,61.21,53.4,8.8
499,34.69,20.76,22.02,4.27,100.57,61.21,53.27,8.82
500,34.69,20.76,22.02,4.28,100.18,61.21,53.27,8.8
501,34.63,20.76,22.02,4.28,100.57,61.05,53.27,8.8
502,34.69,20.76,21.99,4.27,100.18,61.05,53.27,8.8
503,34.63,20.73,22.02,4.27,100.18,61.21,53.27,8.8
504,34.63,20.73,21.99,4.27,100.18,61.05,53.27,8.8
505,34.63,20.76,21.99,4.27,100.18,61.21,53.27,8.8
506,34.56,20.73,21.99,4.28,100.18,61.05,53.27,8.8
507,34.69,20.73,21.99,4.27,100.18,61.05,53.4,8.8
508,34.63,20.73,21.99,4.26,100.18,61.05,53.27,8.79
509,34.69,20.7,21.99,4.27,100.18,61.05,53.27,8.79
510,34.69,20.73,21.99,4.27,100.18,61.05,53.27,8.8
511,34.69,20.73,22.02,4.27,100.18,61.05,53.27,8.79
512,34.69,20.73,22.02,4.26,100.18,61.05,53.27,8.79
513,34.69,20.73,22.02,4.27,100.18,61.21,53.4,8.79
514,34.63,20.76,22.02,4.27,100.18,61.05,53.4,8.79
515,34.76,20.76,22.05,4.28,100.18,61.05,53.27,8.8
516,34.69,20.76,22.05,4.28,100.57,61.21,53.4,8.8
517,34.69,20.76,22.02,4.28,100.57,61.21,53.4,8.8
518,34.69,20.76,22.02,4.28,100.57,61.05,53.4,8.8
519,34.69,20.73,22.02,4.28,100.57,61.21,53.27,8.79
520,34.69,20.76,22.02,4.28,99.79,61.21,53.27,8.8
521,34.63,20.76,22.02,4.28,100.18,61.21,53.4,8.8
522,34.69,20.76,22.02,4.28,100.57,61.21,53.4,8.8
523,34.69,20.76,22.05,4.28,100.18,61.21,53.4,8.8
524,34.76,20.76,22.05,4.28,100.18,61.21,53.4,8.81
525,34.82,20.76,22.05,4.28,100.57,61.21,53.4,8.81
526,34.82,20.79,22.09,4.28,100.18,61.21,53.4,8.81
527,34.82,20.76,22.09,4.28,100.57,61.38,53.53,8.81
528,34.82,20.76,22.12,4.28,100.57,61.38,53.4,8.81
529,34.88,20.76,22.12,4.29,100.57,61.21,53.4,8.8
530,34.82,20.76,22.12,4.29,100.57,61.21,53.53,8.81
531,34.88,20.76,22.09,4.28,100.57,61.05,53.53,8.82
532,34.82,20.76,22.09,4.29,100.57,61.38,53.53,8.8
533,34.88,20.76,22.12,4.28,100.57,61.21,53.53,8.8
534,34.88,20.76,22.12,4.29,100.57,61.21,53.53,8.8
535,34.88,20.76,22.12,4.28,100.57,61.21,53.53,8.8
536,34.88,20.79,22.12,4.29,100.96,61.38,53.53,8.81
537,34.88,20.79,22.15,4.28,100.96,61.21,53.66,8.81
538,34.88,20.76,22.12,4.3,100.96,61.38,53.66,8.81
539,34.88,20.82,22.12,4.29,100.96,61.38,53.66,8.82
540,34.88,20.79,22.15,4.3,100.96,61.38,53.66,8.81
541,34.88,20.79,22.15,4.29,100.96,61.38,53.66,8.81
542,34.82,20.79,22.12,4.28,100.96,61.38,53.66,8.81
543,34.82,20.82,22.15,4.29,100.96,61.38,53.66,8.82
544,34.82,20.79,22.15,4.28,100.96,61.38,53.66,8.81
545,34.76,20.82,22.15,4.28,100.96,61.38,53.66,8.82
546,34.88,20.79,22.15,4.28,100.96,61.38,53.66,8.81
547,34.88,20.76,22.12,4.29,100.57,61.38,53.53,8.82
548,34.88,20.79,22.12,4.28,100.96,61.21,53.66,8.81
549,34.82,20.76,22.15,4.28,100.96,61.05,53.66,8.81
550,34.82,20.76,22.12,4.28,100.96,61.38,53.53,8.81
551,34.88,20.79,22.12,4.28,100.96,61.38,53.66,8.82
552,34.82,20.79,22.12,4.28,100.96,61.38,53.53,8.81
553,34.82,20.79,22.12,4.28,100.96,61.38,53.66,8.82
554,34.88,20.79,22.12,4.28,100.96,61.21,53.53,8.81
555,34.88,20.79,22.12,4.28,100.57,61.05,53.53,8.82
556,34.82,20.76,22.12,4.28,100.57,61.38,53.53,8.81
557,34.82,20.76,22.12,4.28,100.57,61.21,53.66,8.81
558,34.82,20.76,22.12,4.28,100.57,61.21,53.53,8.81
559,34.82,20.76,22.09,4.28,100.57,61.21,53.53,8.82
560,34.82,20.76,22.12,4.28,100.57,61.21,53.66,8.81
561,34.82,20.79,22.12,4.28,100.57,61.21,53.53,8.81
562,34.82,20.79,22.12,4.28,100.96,61.38,53.66,8.81
563,34.82,20.79,22.12,4.28,100.96,61.38,53.66,8.81
564,34.82,20.79,22.12,4.28,100.96,61.38,53.66,8.82
565,34.82,20.82,22.12,4.28,100.96,61.54,53.66,8.83
566,34.82,20.79,22.12,4.29,100.96,61.38,53.53,8.82
567,34.76,20.82,22.12,4.29,100.96,61.38,53.53,8.82
568,34.76,20.79,22.12,4.28,100.57,61.38,53.66,8.82
569,34.82,20.79,22.12,4.28,100.57,61.38,53.53,8.82
570,34.82,20.76,22.09,4.28,100.57,61.38,53.53,8.82
571,34.82,20.76,22.12,4.28,100.57,61.38,53.53,8.82
572,34.82,20.73,22.09,4.28,100.57,61.38,53.53,8.82
573,34.82,20.82,22.09,4.28,100.57,61.38,53.53,8.82
574,34.82,20.76,22.09,4.29,100.96,61.38,53.53,8.82
575,34.82,20.79,22.09,4.3,100.57,61.21,53.53,8.82
576,34.76,20.76,22.09,4.28,100.57,61.38,53.53,8.82
577,34.82,20.79,22.09,4.28,100.96,61.21,53.53,8.82
578,34.82,20.79,22.12,4.3,100.57,61.54,53.66,8.82
579,34.76,20.79,22.09,4.28,100.57,61.38,53.53,8.82
580,34.63,20.79,22.09,4.29,100.57,61.38,53.53,8.82
581,34.69,20.79,22.05,4.29,100.57,61.38,53.53,8.83
582,34.76,20.79,22.09,4.29,100.57,61.38,53.53,8.83
583,34.69,20.79,22.09,4.29,100.57,61.38,53.53,8.82
584,34.69,20.79,22.05,4.29,100.57,61.38,53.4,8.82
585,34.69,20.76,22.05,4.29,100.57,61.38,53.4,8.82
586,34.76,20.79,22.02,4.28,100.57,61.38,53.4,8.82
587,34.69,20.76,22.05,4.29,100.18,61.38,53.4,8.83
588,34.69,20.76,22.05,4.28,100.57,61.38,53.4,8.82
589,34.69,20.79,22.05,4.29,100.57,61.38,53.4,8.82
590,34.76,20.79,22.05,4.28,100.18,61.21,53.4,8.82
591,34.69,20.76,22.05,4.28,100.57,61.38,53.4,8.82
592,34.76,20.79,22.02,4.29,100.57,61.21,53.4,8.82
593,34.82,20.79,22.05,4.29,100.57,61.38,53.27,8.82
594,34.69,20.76,22.05,4.29,100.57,61.38,53.4,8.82
595,34.63,20.73,22.05,4.29,100.57,61.38,53.4,8.83
596,34.69,20.76,22.05,4.3,100.18,61.38,53.4,8.81
597,34.69,20.76,22.05,4.28,100.57,61.38,53.4,8.81
598,34.76,20.76,22.02,4.28,100.57,61.21,53.4,8.81
599,34.76,20.73,22.05,4.28,100.57,61.21,53.4,8.81
