0,39.38,21.13,24.25,2.78,89.58,54.3,83.77,9.57
1,39.3,21.13,24.25,2.78,89.9,54.3,84.05,9.59
2,39.22,21.13,24.25,2.78,89.9,54.3,83.77,9.59
3,39.3,21.13,24.25,2.78,89.9,54.16,83.77,9.59
4,39.3,21.13,24.25,2.78,89.9,54.16,83.77,9.59
5,39.3,21.13,24.21,2.78,89.9,54.16,83.77,9.59
6,39.22,21.1,24.17,2.78,89.58,54.16,83.77,9.59
7,39.22,21.13,24.21,2.78,89.58,54.16,83.77,9.59
8,39.22,21.1,24.13,2.77,89.58,54.16,83.48,9.57
9,39.22,21.1,24.21,2.78,89.58,54.16,83.77,9.57
10,39.22,21.07,24.17,2.77,89.58,54.16,83.77,9.57
11,39.22,21.1,24.13,2.77,89.58,54.16,83.77,9.57
12,39.22,21.1,24.17,2.78,89.58,54.03,83.77,9.57
13,39.22,21.07,24.17,2.78,89.58,54.03,83.77,9.57
14,39.22,21.07,24.13,2.77,89.58,54.03,83.48,9.57
15,39.22,21.1,24.17,2.78,89.58,53.9,83.77,9.56
16,39.22,21.07,24.13,2.78,89.58,54.03,83.77,9.56
17,39.22,21.07,24.17,2.77,89.58,54.03,83.77,9.57
18,39.3,21.1,24.17,2.78,89.58,54.16,83.77,9.56
19,39.3,21.1,24.17,2.77,89.58,54.03,83.77,9.56
20,39.22,21.07,24.13,2.78,89.58,54.16,83.77,9.56
21,39.22,21.1,24.17,2.77,89.58,54.03,84.05,9.56
22,39.22,21.07,24.13,2.77,89.58,54.03,83.77,9.57
23,39.22,21.07,24.13,2.77,89.58,54.03,83.77,9.56
24,39.22,21.07,24.17,2.77,89.58,54.03,83.77,9.56
25,39.22,21.07,24.17,2.77,89.58,54.03,83.77,9.55
26,39.22,21.07,24.21,2.77,89.58,54.03,83.77,9.56
27,39.15,21.07,24.17,2.77,89.58,54.03,83.77,9.56
28,39.3,21.07,24.17,2.77,89.9,54.03,83.77,9.56
29,39.22,21.1,24.21,2.77,89.58,54.3,84.05,9.56
30,39.22,21.1,24.21,2.77,89.9,54.03,84.05,9.57
31,39.3,21.1,24.25,2.77,89.58,54.03,84.05,9.56
32,39.3,21.13,24.21,2.77,89.58,54.16,83.77,9.56
33,39.3,21.1,24.21,2.77,89.58,54.16,84.05,9.55
34,39.38,21.07,24.25,2.78,89.58,53.9,83.77,9.56
35,39.38,21.07,24.25,2.77,89.58,54.03,84.05,9.56
36,39.38,21.1,24.25,2.77,89.58,54.03,84.05,9.55
37,39.46,21.1,24.25,2.77,89.27,54.16,84.05,9.56
38,39.46,21.13,24.25,2.77,89.9,54.16,84.05,9.56
39,39.38,21.13,24.25,2.77,89.9,54.16,84.05,9.56
40,39.38,21.13,24.25,2.77,89.9,54.16,84.05,9.56
41,39.38,21.13,24.25,2.77,89.9,54.03,84.05,9.56
42,39.38,21.16,24.25,2.78,89.9,54.16,84.05,9.56
43,39.22,21.13,24.25,2.77,89.9,54.16,84.05,9.57
44,39.3,21.13,24.25,2.77,89.9,54.16,84.05,9.57
45,39.22,21.13,24.25,2.77,89.9,54.16,84.05,9.57
46,39.3,21.1,24.21,2.77,89.9,54.16,84.05,9.57
47,39.22,21.1,24.21,2.77,89.58,54.03,83.77,9.56
48,39.3,21.1,24.21,2.77,89.58,54.16,84.05,9.56
49,39.3,21.1,24.21,2.77,89.9,54.16,84.05,9.57
50,39.3,21.13,24.21,2.77,89.58,54.16,83.77,9.56
51,39.3,21.1,24.21,2.77,89.58,54.03,84.05,9.56
52,39.46,21.1,24.28,2.77,89.9,54.03,83.77,9.55
53,39.46,21.1,24.36,2.77,89.9,54.03,83.48,9.56
54,39.7,21.13,24.43,2.77,90.23,54.16,83.77,9.56
55,39.7,21.1,24.43,2.77,90.23,54.16,84.05,9.56
56,39.62,21.07,24.36,2.77,90.23,54.03,82.92,9.56
57,37.56,20.43,23.01,2.77,83.87,52.24,69.62,9.55
58,36.57,20.14,22.29,2.77,80.85,51.26,63.94,9.54
59,32.32,18.85,19.3,2.76,66.53,45.67,46.09,9.51
60,30.6,18.35,18.21,2.76,60.77,42.75,40.87,9.49
61,28.39,17.62,16.87,2.76,53.54,38.32,35.65,9.45
62,28.11,17.55,16.73,2.75,52.64,37.73,35.12,9.45
63,26.5,16.95,15.86,2.75,47.75,33.83,32.35,9.39
64,26.16,16.81,15.69,2.75,46.8,32.98,31.9,9.37
65,25.82,16.67,15.54,2.75,45.98,32.23,31.45,9.33
66,25.5,16.51,15.33,2.74,44.89,31.27,31.01,9.3
67,25.02,16.27,15.11,2.74,43.66,30.0,30.38,9.24
68,24.86,16.18,15.03,2.75,43.2,29.54,30.17,9.2
69,24.74,16.11,14.95,2.73,42.84,29.19,30.01,9.15
70,24.7,16.07,14.91,2.73,42.66,29.0,29.91,9.14
71,24.55,15.98,14.83,2.72,42.22,28.56,29.71,9.08
72,24.47,15.94,14.77,2.72,42.04,28.37,29.66,9.04
73,24.43,15.92,14.75,2.72,41.87,28.18,29.55,9.01
74,24.4,15.87,14.71,2.72,41.7,28.09,29.45,8.98
75,24.36,15.85,14.69,2.72,41.61,27.95,29.41,8.96
76,24.32,15.83,14.67,2.71,41.53,27.86,29.41,8.92
77,24.32,15.81,14.65,2.71,41.44,27.77,29.36,8.9
78,24.32,15.79,14.63,2.71,41.44,27.68,29.41,8.84
79,24.32,15.79,14.65,2.7,41.35,27.63,29.36,8.82
80,24.36,15.81,14.63,2.71,41.35,27.63,29.41,8.81
81,24.32,15.79,14.65,2.7,41.44,27.59,29.45,8.76
82,24.4,15.79,14.67,2.7,41.44,27.59,29.45,8.75
83,24.43,15.79,14.69,2.7,41.53,27.59,29.5,8.73
84,24.43,15.79,14.67,2.7,41.44,27.59,29.5,8.72
85,24.43,15.79,14.67,2.7,41.44,27.54,29.5,8.68
86,24.4,15.77,14.67,2.7,41.35,27.49,29.41,8.65
87,24.4,15.77,14.65,2.7,41.35,27.45,29.41,8.64
88,24.36,15.77,14.63,2.7,41.27,27.49,29.36,8.61
89,24.36,15.74,14.61,2.69,41.19,27.45,29.36,8.6
90,24.32,15.74,14.61,2.69,41.19,27.45,29.31,8.58
91,24.32,15.74,14.61,2.69,41.1,27.4,29.31,8.57
92,24.32,15.74,14.61,2.69,41.1,27.36,29.31,8.54
93,24.36,15.74,14.63,2.69,41.1,27.36,29.36,8.53
94,24.36,15.74,14.63,2.69,41.1,27.36,29.36,8.52
95,24.32,15.74,14.63,2.69,41.19,27.4,29.36,8.51
96,24.36,15.74,14.65,2.69,41.19,27.31,29.41,8.5
97,24.36,15.74,14.63,2.69,41.27,27.36,29.41,8.48
98,24.4,15.74,14.65,2.69,41.19,27.31,29.41,8.46
99,24.4,15.74,14.65,2.69,41.19,27.31,29.36,8.46
100,24.36,15.74,14.63,2.69,41.1,27.31,29.36,8.44
101,24.36,15.72,14.63,2.69,41.1,27.31,29.36,8.43
102,24.28,15.7,14.61,2.69,41.02,27.27,29.36,8.41
103,24.28,15.7,14.61,2.69,41.02,27.27,29.31,8.41
104,24.28,15.7,14.59,2.69,41.02,27.23,29.31,8.4
105,24.28,15.7,14.61,2.69,40.93,27.18,29.31,8.39
106,24.28,15.7,14.61,2.69,40.93,27.23,29.26,8.39
107,24.21,15.68,14.59,2.69,40.85,27.18,29.26,8.38
108,24.25,15.68,14.57,2.68,40.85,27.18,29.26,8.37
109,24.21,15.7,14.57,2.69,40.85,27.18,29.26,8.36
110,24.21,15.68,14.57,2.69,40.85,27.14,29.26,8.34
111,24.25,15.7,14.59,2.69,40.85,27.14,29.31,8.32
112,24.28,15.68,14.59,2.68,40.85,27.14,29.31,8.32
113,24.28,15.68,14.59,2.68,40.93,27.14,29.31,8.32
114,24.28,15.68,14.61,2.68,40.93,27.14,29.31,8.31
115,24.28,15.68,14.61,2.68,40.93,27.14,29.26,8.31
116,24.32,15.68,14.59,2.69,40.93,27.09,29.31,8.3
117,24.28,15.68,14.59,2.68,40.93,27.14,29.31,8.3
118,24.32,15.68,14.61,2.69,40.85,27.09,29.31,8.3
119,24.32,15.66,14.61,2.68,40.85,27.05,29.26,8.28
120,24.32,15.68,14.61,2.68,40.85,27.05,29.31,8.29
121,24.32,15.66,14.61,2.68,40.85,27.05,29.31,8.27
122,24.32,15.66,14.61,2.68,40.85,27.05,29.36,8.27
123,24.36,15.66,14.63,2.69,40.85,27.05,29.36,8.27
124,24.36,15.66,14.61,2.68,40.93,27.0,29.41,8.27
125,24.36,15.66,14.61,2.69,41.02,27.05,29.41,8.26
126,24.36,15.68,14.63,2.69,40.93,27.05,29.45,8.26
127,24.36,15.68,14.65,2.69,41.02,27.05,29.45,8.27
128,24.36,15.66,14.65,2.68,41.02,27.05,29.41,8.26
129,24.36,15.68,14.65,2.68,41.02,27.05,29.41,8.26
130,24.36,15.66,14.63,2.68,40.93,27.05,29.45,8.26
131,24.36,15.68,14.65,2.69,40.93,27.05,29.41,8.26
132,24.32,15.68,14.63,2.69,40.93,27.0,29.41,8.25
133,24.28,15.66,14.61,2.69,40.85,27.05,29.31,8.25
134,24.28,15.68,14.61,2.69,40.85,27.0,29.36,8.25
135,24.28,15.68,14.61,2.69,40.85,27.0,29.36,8.25
136,24.25,15.68,14.63,2.69,40.85,27.0,29.36,8.25
137,24.28,15.66,14.63,2.69,40.85,27.0,29.36,8.24
138,24.28,15.66,14.63,2.69,40.85,27.0,29.36,8.25
139,24.32,15.68,14.65,2.69,40.85,27.0,29.41,8.24
140,24.32,15.68,14.65,2.68,40.85,27.0,29.41,8.24
141,24.36,15.68,14.63,2.69,40.93,27.0,29.41,8.23
142,24.36,15.68,14.65,2.69,40.85,26.96,29.41,8.24
143,24.4,15.68,14.67,2.69,40.93,27.0,29.45,8.23
144,24.4,15.68,14.67,2.69,40.85,26.96,29.41,8.23
145,24.4,15.66,14.65,2.69,40.85,26.96,29.41,8.23
146,24.4,15.66,14.65,2.68,40.85,26.96,29.45,8.23
147,24.4,15.66,14.65,2.69,40.85,26.96,29.45,8.23
148,24.36,15.66,14.63,2.69,40.85,26.92,29.45,8.22
149,24.36,15.64,14.63,2.68,40.85,26.92,29.45,8.23
150,24.36,15.64,14.65,2.68,40.85,26.92,29.45,8.22
151,24.36,15.64,14.65,2.68,40.85,26.87,29.45,8.21
152,24.36,15.62,14.63,2.69,40.85,26.92,29.45,8.21
153,24.36,15.64,14.63,2.68,40.85,26.92,29.45,8.21
154,24.32,15.64,14.61,2.68,40.85,26.92,29.45,8.21
155,24.4,15.66,14.65,2.68,40.93,26.92,29.66,8.21
156,24.59,15.74,14.77,2.69,41.35,27.05,30.22,8.21
157,24.94,15.87,15.01,2.69,42.13,27.31,31.01,8.21
158,25.42,16.05,15.29,2.68,43.38,27.72,32.24,8.21
159,25.74,16.13,15.48,2.69,44.03,27.95,32.82,8.22
160,26.71,16.51,16.08,2.69,46.39,28.75,34.86,8.23
161,27.2,16.65,16.34,2.68,47.43,29.19,35.65,8.23
162,27.83,16.88,16.71,2.69,48.96,29.9,36.95,8.25
163,28.2,17.02,16.94,2.69,49.87,30.31,37.82,8.25
164,28.82,17.23,17.27,2.69,51.28,30.95,39.02,8.26
165,29.57,17.5,17.71,2.69,53.15,31.77,40.45,8.27
166,30.34,17.79,18.13,2.7,55.14,32.81,42.14,8.29
167,30.65,17.92,18.36,2.7,56.11,33.22,42.94,8.3
168,31.58,18.27,18.89,2.7,58.59,34.59,45.1,8.32
169,32.14,18.45,19.19,2.7,59.98,35.43,46.4,8.36
170,32.37,18.59,19.39,2.7,60.77,35.9,47.22,8.36
171,32.96,18.82,19.78,2.7,62.76,37.01,48.74,8.38
172,33.44,18.98,20.04,2.71,64.15,37.8,49.98,8.4
173,33.87,19.12,20.27,2.71,65.41,38.55,51.16,8.42
174,34.18,19.26,20.48,2.72,66.34,39.09,52.14,8.44
175,34.44,19.37,20.72,2.71,67.48,39.71,53.02,8.46
176,34.88,19.51,20.97,2.72,68.66,40.6,54.32,8.5
177,35.15,19.62,21.12,2.72,69.87,41.27,55.4,8.52
178,35.41,19.7,21.31,2.72,70.7,41.78,56.23,8.53
179,35.54,19.79,21.41,2.72,71.33,42.13,56.8,8.54
180,35.81,19.88,21.57,2.72,72.2,42.75,57.82,8.57
181,36.15,19.99,21.79,2.73,73.52,43.66,59.18,8.58
182,36.15,20.02,21.82,2.73,73.75,43.75,59.49,8.61
183,36.36,20.11,21.99,2.73,74.66,44.31,60.43,8.62
184,36.57,20.19,22.15,2.73,75.59,44.98,61.56,8.65
185,36.71,20.25,22.25,2.73,76.07,45.47,62.23,8.68
186,36.71,20.25,22.32,2.73,76.55,45.67,62.56,8.7
187,36.92,20.4,22.46,2.74,77.52,46.27,63.77,8.72
188,37.06,20.43,22.52,2.75,77.77,46.58,64.12,8.73
189,37.13,20.43,22.59,2.74,78.27,46.89,64.65,8.74
190,37.27,20.46,22.7,2.74,79.03,47.21,65.38,8.76
191,37.35,20.49,22.73,2.75,79.28,47.63,66.11,8.8
192,37.35,20.52,22.73,2.74,79.54,47.74,66.3,8.8
193,37.42,20.52,22.8,2.75,79.8,47.95,66.67,8.81
194,37.49,20.55,22.83,2.75,80.32,48.28,67.44,8.82
195,37.49,20.58,22.9,2.75,80.58,48.5,67.83,8.84
196,37.56,20.61,22.9,2.75,80.58,48.61,68.22,8.83
197,37.64,20.58,22.97,2.75,80.85,48.72,68.41,8.87
198,37.64,20.61,22.97,2.75,81.11,48.94,68.81,8.88
199,37.71,20.61,23.01,2.75,81.38,49.16,69.41,8.89
200,37.71,20.61,23.01,2.75,81.38,49.16,69.21,8.89
201,37.78,20.61,23.08,2.75,81.65,49.28,69.82,8.91
202,37.78,20.67,23.08,2.75,81.92,49.5,70.23,8.92
203,37.78,20.64,23.08,2.75,82.2,49.62,70.44,8.93
204,37.78,20.7,23.08,2.75,82.2,49.73,70.65,8.95
205,37.86,20.73,23.15,2.75,82.47,49.96,71.28,8.97
206,37.78,20.73,23.11,2.75,82.75,50.08,71.28,8.97
207,37.86,20.73,23.15,2.75,82.75,50.19,71.49,8.98
208,37.86,20.73,23.18,2.75,82.75,50.19,71.71,8.98
209,37.86,20.73,23.22,2.75,83.02,50.31,72.14,9.0
210,37.78,20.73,23.22,2.75,83.02,50.43,71.92,9.0
211,37.93,20.73,23.22,2.75,83.02,50.43,72.57,9.03
212,38.01,20.76,23.25,2.75,83.58,50.55,72.57,9.03
213,38.01,20.73,23.22,2.75,83.3,50.55,72.57,9.03
214,38.01,20.76,23.25,2.75,83.58,50.66,72.79,9.05
215,38.16,20.73,23.29,2.75,83.87,50.78,73.23,9.05
216,38.16,20.79,23.33,2.75,83.87,50.78,73.23,9.06
217,38.23,20.79,23.33,2.75,83.87,50.78,73.46,9.07
218,38.16,20.76,23.4,2.76,83.87,50.9,73.68,9.08
219,38.3,20.79,23.43,2.75,84.15,51.02,73.91,9.1
220,38.38,20.79,23.4,2.75,84.15,50.9,73.91,9.1
221,38.38,20.82,23.47,2.75,84.44,51.14,74.14,9.11
222,38.38,20.82,23.51,2.76,84.73,51.14,74.59,9.12
223,38.46,20.82,23.51,2.75,84.73,51.14,74.59,9.13
224,38.38,20.82,23.51,2.76,84.73,51.26,74.59,9.13
225,38.3,20.82,23.51,2.75,85.02,51.26,74.82,9.14
226,38.46,20.85,23.54,2.75,85.02,51.38,75.06,9.15
227,38.46,20.82,23.54,2.76,85.02,51.38,75.06,9.15
228,38.46,20.82,23.51,2.75,85.02,51.38,75.06,9.17
229,38.46,20.79,23.54,2.76,85.02,51.26,75.29,9.15
230,38.38,20.79,23.51,2.76,84.73,51.38,75.29,9.17
231,38.38,20.79,23.51,2.75,85.02,51.38,75.29,9.18
232,38.38,20.79,23.51,2.75,85.02,51.38,75.29,9.18
233,38.3,20.79,23.51,2.75,85.02,51.38,75.29,9.18
234,38.38,20.82,23.51,2.75,85.02,51.38,75.29,9.19
235,38.38,20.79,23.51,2.75,85.02,51.5,75.52,9.19
236,38.38,20.79,23.54,2.75,85.02,51.5,75.52,9.19
237,38.38,20.79,23.54,2.75,85.02,51.5,75.76,9.2
238,38.46,20.79,23.54,2.75,85.31,51.5,75.76,9.2
239,38.46,20.79,23.54,2.75,85.31,51.62,75.99,9.21
240,38.46,20.79,23.51,2.75,85.31,51.5,75.99,9.22
241,38.38,20.76,23.54,2.75,85.31,51.5,75.99,9.21
242,38.46,20.79,23.58,2.75,85.31,51.5,76.23,9.21
243,38.53,20.79,23.58,2.75,85.31,51.62,76.23,9.22
244,38.46,20.79,23.58,2.76,85.31,51.75,76.23,9.24
245,38.46,20.82,23.58,2.75,85.89,51.75,76.47,9.24
246,38.46,20.79,23.61,2.75,85.6,51.75,76.47,9.24
247,38.46,20.79,23.61,2.75,85.6,51.62,76.47,9.25
248,38.46,20.82,23.61,2.75,85.89,51.75,76.71,9.25
249,38.53,20.82,23.65,2.75,85.89,51.87,76.71,9.26
250,38.53,20.82,23.61,2.75,85.6,51.87,76.71,9.26
251,38.53,20.82,23.65,2.75,85.89,51.87,76.95,9.27
252,38.53,20.85,23.69,2.75,86.19,51.99,76.95,9.26
253,38.61,20.85,23.69,2.75,86.19,51.99,77.44,9.28
254,38.61,20.85,23.69,2.75,86.19,51.99,77.2,9.27
255,38.61,20.88,23.69,2.75,86.49,52.12,77.2,9.3
256,38.61,20.88,23.72,2.76,86.19,52.24,77.2,9.28
257,38.61,20.91,23.69,2.75,86.49,52.12,77.44,9.3
258,38.61,20.88,23.72,2.77,86.49,52.24,77.44,9.3
259,38.61,20.91,23.72,2.75,86.49,52.24,77.44,9.31
260,38.53,20.91,23.69,2.75,86.19,52.24,77.44,9.31
261,38.53,20.88,23.69,2.75,86.49,52.24,77.69,9.32
262,38.53,20.91,23.69,2.76,86.49,52.24,77.69,9.31
263,38.46,20.91,23.72,2.76,86.49,52.49,77.69,9.32
264,38.61,20.91,23.69,2.76,86.49,52.37,77.69,9.33
265,38.53,20.91,23.72,2.75,86.49,52.37,77.94,9.33
266,38.61,20.95,23.76,2.76,86.49,52.37,77.94,9.33
267,38.68,20.98,23.8,2.76,86.49,52.49,78.19,9.34
268,38.68,20.98,23.8,2.76,86.79,52.49,78.19,9.36
269,38.76,20.98,23.8,2.76,86.79,52.49,78.19,9.34
270,38.76,20.98,23.83,2.76,87.09,52.49,78.19,9.36
271,38.84,20.98,23.83,2.76,87.09,52.62,78.44,9.36
272,38.76,20.98,23.83,2.76,87.09,52.62,78.44,9.36
273,38.84,20.98,23.83,2.76,87.09,52.62,78.44,9.37
274,38.84,20.98,23.83,2.76,87.09,52.62,78.44,9.37
275,38.76,20.98,23.83,2.76,87.09,52.49,78.44,9.37
276,38.76,20.95,23.83,2.75,87.09,52.62,78.44,9.37
277,38.76,20.95,23.83,2.77,87.09,52.62,78.44,9.36
278,38.84,20.95,23.83,2.76,87.09,52.62,78.44,9.37
279,38.84,20.95,23.8,2.76,86.79,52.62,78.44,9.37
280,38.76,20.95,23.83,2.75,87.09,52.49,78.44,9.37
281,38.84,20.95,23.83,2.76,86.79,52.62,78.69,9.38
282,38.84,20.98,23.87,2.76,87.09,52.74,78.94,9.37
283,38.84,20.98,23.91,2.76,87.09,52.74,78.94,9.38
284,38.91,20.98,23.91,2.76,87.4,52.87,78.94,9.38
285,38.91,21.01,23.95,2.76,87.4,52.87,78.94,9.39
286,38.91,21.01,23.91,2.77,87.4,52.74,79.2,9.39
287,38.99,21.01,23.95,2.77,87.4,52.87,79.2,9.39
288,38.91,20.98,23.95,2.76,87.4,52.87,78.94,9.39
289,38.99,20.98,23.95,2.76,87.4,52.87,79.2,9.39
290,38.91,21.01,23.95,2.76,87.4,52.87,79.2,9.39
291,38.91,20.98,23.95,2.76,87.4,52.87,79.2,9.4
292,38.91,20.98,23.95,2.76,87.7,52.87,79.2,9.4
293,38.91,20.98,23.91,2.76,87.4,52.87,79.2,9.39
294,38.91,20.98,23.91,2.76,87.4,52.74,79.2,9.42
295,38.84,20.98,23.91,2.76,87.4,52.87,79.45,9.42
296,38.84,20.98,23.91,2.76,87.4,52.87,79.45,9.42
297,38.84,20.98,23.87,2.77,87.4,52.87,79.45,9.42
298,38.84,20.98,23.87,2.75,87.4,52.87,79.45,9.42
299,38.76,21.01,23.87,2.76,87.4,52.87,79.45,9.42
300,38.84,21.01,23.87,2.76,87.4,52.87,79.2,9.42
301,38.91,21.01,23.87,2.76,87.4,53.0,79.71,9.42
302,38.84,21.01,23.91,2.76,87.4,52.87,79.45,9.43
303,38.91,21.01,23.91,2.76,87.7,53.0,79.71,9.42
304,38.91,21.01,23.95,2.77,87.7,53.0,79.71,9.42
305,38.91,20.98,23.91,2.76,87.4,53.0,79.45,9.42
306,38.91,21.01,23.87,2.76,87.4,52.87,79.71,9.42
307,38.91,20.95,23.87,2.75,87.4,52.87,79.45,9.4
308,38.84,20.95,23.87,2.76,87.4,52.87,79.45,9.42
309,38.91,20.95,23.87,2.75,87.4,53.0,79.45,9.39
310,38.84,20.95,23.87,2.76,87.4,52.87,79.71,9.42
311,38.91,20.98,23.87,2.75,87.7,53.0,79.71,9.42
312,38.91,20.95,23.91,2.76,87.4,52.87,79.71,9.42
313,38.91,21.01,23.95,2.76,87.7,53.0,79.97,9.42
314,38.99,21.01,23.91,2.76,87.7,53.12,79.97,9.42
315,38.84,20.95,23.91,2.75,87.7,52.87,79.71,9.4
316,38.91,20.95,23.91,2.75,87.7,53.0,79.97,9.4
317,38.91,20.95,23.87,2.75,87.7,53.0,79.97,9.42
318,38.91,20.95,23.87,2.76,87.7,53.0,79.97,9.42
319,38.91,20.91,23.91,2.75,87.7,53.0,79.71,9.4
320,38.91,20.95,23.91,2.76,87.7,53.0,80.23,9.4
321,38.91,20.98,23.91,2.75,87.7,52.87,79.97,9.4
322,38.99,20.95,23.95,2.75,87.7,53.0,80.23,9.42
323,38.99,20.98,23.98,2.76,87.7,53.0,79.97,9.42
324,38.99,20.98,23.95,2.75,87.7,53.12,80.23,9.42
325,38.99,20.98,23.98,2.75,88.01,53.0,80.23,9.43
326,38.99,20.91,23.95,2.75,87.7,53.12,80.23,9.4
327,38.99,20.95,23.98,2.76,88.01,53.0,80.23,9.43
328,38.99,20.98,23.95,2.75,88.01,53.0,80.23,9.43
329,38.99,20.95,23.95,2.75,88.01,53.0,80.23,9.42
330,38.99,20.98,23.98,2.76,88.01,53.0,80.23,9.43
331,39.15,20.95,23.95,2.76,88.01,53.0,80.49,9.43
332,38.91,20.95,23.95,2.76,88.01,53.25,80.49,9.42
333,38.99,20.95,23.95,2.75,88.01,53.12,80.49,9.42
334,38.99,20.95,23.98,2.75,88.01,53.12,80.76,9.43
335,38.99,20.91,23.98,2.75,88.01,53.12,80.49,9.43
336,38.99,20.95,23.95,2.75,88.01,53.0,80.49,9.42
337,38.99,20.91,23.95,2.75,88.01,53.12,80.49,9.42
338,38.99,20.95,23.95,2.75,88.01,53.0,80.49,9.42
339,38.91,20.95,23.95,2.75,88.01,53.0,80.49,9.42
340,38.91,20.95,23.91,2.75,88.01,53.0,80.49,9.42
341,38.91,20.91,23.91,2.75,87.7,52.87,80.49,9.42
342,38.91,20.91,23.91,2.75,87.7,53.0,80.49,9.4
343,38.91,20.88,23.87,2.75,87.7,53.0,80.49,9.42
344,38.84,20.91,23.87,2.75,87.7,53.0,80.76,9.42
345,38.84,20.91,23.87,2.75,87.7,53.12,80.49,9.42
346,38.84,20.91,23.87,2.75,87.7,53.0,80.49,9.42
347,38.84,20.88,23.87,2.75,87.7,53.0,80.49,9.43
348,38.84,20.88,23.83,2.75,87.7,53.0,80.49,9.42
349,38.84,20.91,23.87,2.75,87.7,53.0,80.76,9.42
350,38.84,20.88,23.87,2.75,87.7,53.0,80.76,9.42
351,38.76,20.91,23.83,2.75,87.7,53.12,80.76,9.42
352,38.84,20.88,23.87,2.75,87.7,53.0,80.76,9.42
353,38.84,20.91,23.87,2.75,88.01,53.0,80.76,9.42
354,38.84,20.91,23.87,2.75,87.7,53.0,80.49,9.42
355,38.84,20.91,23.87,2.75,88.01,53.12,80.76,9.42
356,38.91,20.95,23.91,2.75,88.01,53.12,81.02,9.42
357,38.84,20.95,23.91,2.75,87.7,53.12,81.02,9.42
358,38.91,20.95,23.87,2.75,88.01,53.12,80.76,9.43
359,38.84,20.91,23.91,2.75,88.01,53.12,81.02,9.42
360,38.91,20.91,23.95,2.75,88.01,53.12,81.02,9.42
361,38.99,20.95,23.95,2.75,88.01,53.12,81.02,9.44
362,39.07,20.95,23.98,2.75,88.32,53.25,81.02,9.43
363,39.07,20.95,23.98,2.75,88.32,53.12,81.29,9.43
364,39.07,20.91,23.98,2.75,88.32,53.25,81.02,9.42
365,38.99,20.95,23.98,2.75,88.32,53.12,81.29,9.43
366,38.99,20.91,23.98,2.75,88.32,53.12,81.29,9.44
367,38.99,20.91,23.98,2.75,88.32,53.12,81.02,9.42
368,38.99,20.91,23.98,2.75,88.32,53.12,81.29,9.43
369,38.91,20.95,23.95,2.75,88.01,53.12,81.29,9.43
370,38.99,20.91,23.98,2.75,88.32,53.12,81.29,9.44
371,39.07,20.95,23.98,2.75,88.32,53.25,81.29,9.43
372,39.07,20.98,24.02,2.75,88.32,53.25,81.56,9.43
373,39.07,20.95,24.02,2.75,88.32,53.25,81.56,9.43
374,39.07,20.95,24.02,2.75,88.32,53.25,81.56,9.43
375,39.07,20.91,23.98,2.75,88.32,53.12,81.29,9.42
376,39.07,20.91,24.02,2.75,88.32,53.25,81.29,9.44
377,38.99,20.91,24.02,2.75,88.32,53.12,81.56,9.43
378,38.99,20.91,23.98,2.75,88.32,53.25,81.56,9.43
379,38.99,20.91,23.98,2.75,88.32,53.12,81.56,9.43
380,38.99,20.91,23.98,2.75,88.32,53.25,81.56,9.43
381,38.99,20.91,23.98,2.75,88.32,53.25,81.56,9.44
382,38.99,20.91,23.95,2.75,88.32,53.25,81.56,9.44
383,38.99,20.91,23.95,2.75,88.32,53.25,81.56,9.43
384,38.99,20.95,23.95,2.75,88.32,53.25,81.56,9.44
385,38.91,20.95,23.95,2.75,88.32,53.25,81.56,9.44
386,38.91,20.91,23.95,2.75,88.32,53.25,81.56,9.43
387,38.91,20.91,23.91,2.75,88.32,53.25,81.56,9.43
388,38.91,20.91,23.95,2.75,88.32,53.25,81.56,9.43
389,38.91,20.88,23.91,2.75,88.01,53.25,81.56,9.43
390,38.91,20.91,23.91,2.75,88.32,53.25,81.56,9.44
391,38.91,20.91,23.91,2.75,88.01,53.25,81.56,9.44
392,38.91,20.95,23.91,2.75,88.32,53.25,81.56,9.44
393,38.91,20.95,23.95,2.75,88.32,53.25,81.56,9.44
394,38.91,20.91,23.95,2.75,88.32,53.25,81.56,9.44
395,38.91,20.95,23.95,2.75,88.32,53.38,81.56,9.44
396,38.91,20.95,23.95,2.75,88.32,53.38,81.56,9.45
397,38.91,20.98,23.98,2.75,88.32,53.38,81.83,9.45
398,38.91,20.95,23.95,2.75,88.32,53.38,81.83,9.45
399,38.99,20.98,23.98,2.75,88.32,53.51,81.83,9.45
400,38.99,21.01,24.02,2.75,88.32,53.51,81.83,9.45
401,38.99,20.95,24.02,2.75,88.32,53.51,82.1,9.45
402,38.99,21.01,23.98,2.75,88.32,53.38,81.83,9.46
403,38.91,20.95,24.02,2.75,88.64,53.38,82.1,9.45
404,38.91,20.95,23.98,2.75,88.32,53.38,81.83,9.45
405,38.91,20.91,23.98,2.75,88.32,53.38,81.83,9.45
406,38.91,20.91,23.95,2.75,88.32,53.38,81.83,9.45
407,38.91,20.95,23.95,2.76,88.32,53.38,81.83,9.44
408,38.91,20.91,23.98,2.75,88.32,53.25,81.83,9.44
409,38.91,20.91,23.95,2.75,88.32,53.25,81.83,9.44
410,38.91,20.91,23.95,2.75,88.32,53.25,81.83,9.44
411,38.91,20.91,23.95,2.75,88.32,53.25,81.83,9.45
412,38.91,20.91,23.95,2.75,88.32,53.38,81.83,9.45
413,38.91,20.91,23.95,2.75,88.32,53.25,81.83,9.44
414,38.91,20.91,23.95,2.75,88.32,53.25,81.83,9.44
415,38.91,20.88,23.95,2.75,88.32,53.25,81.83,9.45
416,38.91,20.91,23.95,2.75,88.32,53.25,81.83,9.45
417,38.91,20.88,23.91,2.75,88.32,53.25,82.1,9.44
418,38.91,20.91,23.95,2.75,88.32,53.25,81.83,9.44
419,38.91,20.88,23.91,2.75,88.32,53.25,81.83,9.45
420,38.91,20.88,23.95,2.75,88.32,53.25,81.83,9.45
421,38.91,20.91,23.95,2.75,88.32,53.38,81.83,9.45
422,38.91,20.91,23.95,2.75,88.32,53.38,82.1,9.44
423,38.91,20.91,23.95,2.75,88.32,53.38,82.1,9.44
424,38.91,20.91,23.98,2.75,88.64,53.25,82.1,9.45
425,38.91,20.95,23.98,2.75,88.64,53.38,82.1,9.44
426,38.91,20.95,23.98,2.75,88.64,53.38,82.1,9.45
427,38.91,20.95,23.98,2.75,88.64,53.38,82.1,9.46
428,38.84,20.91,23.98,2.75,88.32,53.51,82.37,9.46
429,38.84,20.95,23.95,2.75,88.64,53.38,82.1,9.46
430,38.84,20.95,23.95,2.75,88.32,53.51,82.37,9.46
431,38.84,20.91,23.95,2.76,88.32,53.38,82.1,9.46
432,38.84,20.91,23.91,2.75,88.64,53.51,82.1,9.46
433,38.76,20.91,23.91,2.75,88.32,53.38,82.1,9.46
434,38.84,20.91,23.95,2.75,88.32,53.38,82.1,9.45
435,38.68,20.91,23.95,2.75,88.32,53.38,82.1,9.46
436,38.84,20.91,23.95,2.75,88.64,53.38,82.1,9.46
437,38.84,20.91,23.95,2.75,88.32,53.38,82.1,9.45
438,38.84,20.91,23.95,2.75,88.32,53.38,82.1,9.45
439,38.91,20.91,23.98,2.75,88.64,53.38,82.1,9.46
440,38.91,20.95,23.95,2.75,88.32,53.38,82.1,9.46
441,38.91,20.91,23.95,2.75,88.32,53.38,82.1,9.46
442,38.91,20.91,23.98,2.75,88.64,53.51,82.1,9.46
443,38.99,20.91,23.95,2.75,88.64,53.38,82.1,9.46
444,38.99,20.98,23.98,2.75,88.64,53.38,82.1,9.48
445,38.91,20.91,24.02,2.75,88.64,53.51,82.37,9.46
446,38.91,20.91,23.98,2.75,88.64,53.25,82.1,9.46
447,38.91,20.91,23.98,2.75,88.32,53.38,82.37,9.46
448,38.91,20.91,23.98,2.75,88.64,53.51,82.37,9.48
449,38.91,20.91,23.98,2.75,88.64,53.38,82.37,9.46
450,38.99,20.91,23.98,2.76,88.64,53.51,82.37,9.48
451,38.91,20.91,23.98,2.75,88.64,53.38,82.37,9.46
452,38.99,20.91,23.98,2.75,88.64,53.51,82.37,9.48
453,38.91,20.91,23.98,2.75,88.64,53.38,82.37,9.46
454,38.99,20.88,23.98,2.75,88.64,53.51,82.1,9.49
455,38.91,20.88,23.95,2.75,88.64,53.38,82.37,9.48
456,38.91,20.88,23.95,2.75,88.32,53.51,82.1,9.48
457,38.91,20.88,23.95,2.75,88.64,53.51,82.37,9.46
458,38.91,20.91,23.95,2.75,88.32,53.38,82.37,9.46
459,38.91,20.88,23.98,2.75,88.64,53.51,82.65,9.46
460,38.91,20.88,23.95,2.75,88.32,53.38,82.37,9.48
461,38.91,20.88,23.95,2.75,88.64,53.38,82.37,9.48
462,38.91,20.88,23.98,2.75,88.64,53.38,82.37,9.48
463,38.91,20.88,23.95,2.75,88.64,53.51,82.37,9.48
464,38.91,20.88,23.98,2.75,88.64,53.51,82.37,9.48
465,38.91,20.88,23.98,2.75,88.32,53.38,82.37,9.48
466,38.91,20.88,23.98,2.75,88.64,53.51,82.37,9.48
467,38.91,20.88,23.98,2.75,88.64,53.25,82.37,9.46
468,38.99,20.88,24.02,2.76,88.95,53.38,82.65,9.48
469,38.99,20.88,24.02,2.75,88.64,53.51,82.37,9.48
470,38.99,20.88,24.02,2.75,88.64,53.51,83.2,9.48
471,38.99,20.88,24.02,2.75,88.64,53.38,82.65,9.48
472,38.99,20.91,24.02,2.75,88.95,53.51,82.65,9.48
473,39.15,20.91,24.02,2.75,88.64,53.51,82.65,9.48
474,38.99,20.95,24.02,2.75,88.95,53.51,82.65,9.49
475,38.99,20.95,23.98,2.75,88.64,53.64,82.65,9.49
476,38.91,20.91,24.02,2.75,88.95,53.51,82.65,9.49
477,38.91,20.91,23.98,2.76,88.64,53.51,82.92,9.48
478,38.91,20.95,23.98,2.75,88.95,53.64,82.65,9.48
479,38.91,20.95,23.98,2.76,88.64,53.77,82.65,9.49
480,38.91,20.95,23.95,2.76,88.64,53.64,82.65,9.49
481,38.84,20.95,23.95,2.76,88.64,53.64,82.65,9.49
482,38.91,20.95,23.95,2.76,88.64,53.77,82.65,9.5
483,38.91,20.98,23.95,2.76,88.64,53.77,82.65,9.5
484,38.76,20.95,23.95,2.75,88.64,53.64,82.92,9.5
485,38.99,20.91,23.98,2.76,88.64,53.77,82.65,9.5
486,38.91,21.01,23.98,2.77,88.64,53.77,82.92,9.51
487,38.99,21.01,24.02,2.77,88.95,53.77,82.92,9.5
488,38.91,21.01,24.02,2.77,88.95,53.9,82.92,9.51
489,38.91,20.98,24.02,2.77,88.95,53.77,82.92,9.51
490,38.91,20.98,23.98,2.77,88.64,53.64,82.65,9.5
491,38.91,20.98,23.98,2.76,88.95,53.77,82.65,9.51
492,38.91,20.95,23.95,2.76,88.64,53.77,82.65,9.5
493,38.91,20.95,23.95,2.76,88.64,53.77,82.65,9.5
494,38.84,20.98,23.95,2.77,88.64,53.64,82.65,9.5
495,38.91,20.95,23.95,2.77,88.64,53.77,82.65,9.51
496,38.91,20.98,23.98,2.76,88.64,53.77,82.92,9.51
497,38.91,20.98,23.98,2.77,88.64,53.77,82.92,9.51
498,38.91,20.98,24.02,2.77,88.64,53.77,82.92,9.51
499,38.91,20.98,24.02,2.77,88.64,53.77,82.92,9.53
500,38.99,20.98,23.98,2.77,88.64,53.77,82.92,9.51
501,38.99,20.98,24.02,2.77,88.64,53.77,82.92,9.5
502,38.99,20.98,24.02,2.77,88.64,53.77,82.92,9.51
503,38.91,20.98,23.98,2.77,88.64,53.77,82.92,9.51
504,38.91,20.95,24.02,2.76,88.95,53.77,82.92,9.5
505,38.91,20.98,23.98,2.77,88.32,53.77,82.92,9.51
506,38.91,20.98,23.98,2.77,88.64,53.77,82.92,9.51
507,38.91,20.95,23.95,2.76,88.64,53.77,82.92,9.51
508,38.91,20.98,24.02,2.77,88.95,53.77,83.2,9.51
509,38.99,21.01,24.02,2.77,88.95,53.77,82.92,9.51
510,38.91,21.01,24.02,2.77,88.95,53.9,82.92,9.51
511,38.99,20.98,24.06,2.77,88.95,53.9,82.92,9.51
512,39.07,20.98,24.06,2.76,88.95,53.64,82.92,9.51
513,39.07,20.98,24.02,2.77,88.95,53.77,82.92,9.51
514,39.15,21.01,24.09,2.77,88.95,53.9,83.2,9.51
515,39.15,21.01,24.13,2.77,89.27,53.9,83.2,9.53
516,39.15,20.98,24.09,2.77,89.27,53.9,83.2,9.51
517,39.07,21.01,24.09,2.77,89.27,53.9,83.2,9.53
518,39.15,20.98,24.09,2.77,89.27,53.9,83.2,9.51
519,39.15,21.01,24.09,2.77,89.27,53.77,83.2,9.51
520,39.15,20.98,24.09,2.77,89.27,53.9,83.2,9.51
521,39.22,21.01,24.13,2.77,89.27,53.9,83.2,9.53
522,39.15,21.01,24.17,2.77,89.58,53.9,83.48,9.53
523,39.3,21.01,24.21,2.77,89.58,53.9,83.48,9.53
524,39.15,21.01,24.21,2.77,89.58,53.9,83.77,9.53
525,39.3,21.04,24.17,2.77,89.27,53.9,83.2,9.54
526,39.22,21.01,24.17,2.77,89.58,53.9,83.48,9.53
527,39.22,21.04,24.13,2.77,89.58,53.9,83.48,9.54
528,39.15,21.01,24.13,2.77,89.27,53.9,83.48,9.53
529,39.15,21.04,24.13,2.77,89.27,53.9,83.48,9.54
530,39.07,21.04,24.13,2.77,89.27,54.03,83.48,9.54
531,39.07,21.04,24.13,2.77,89.27,54.03,83.48,9.54
532,39.07,21.07,24.09,2.77,89.27,54.03,83.48,9.54
533,39.07,21.07,24.09,2.77,89.27,54.03,83.48,9.55
534,38.99,21.1,24.09,2.78,89.27,54.03,83.48,9.55
535,38.99,21.07,24.06,2.78,88.95,54.16,83.48,9.54
536,38.99,21.07,24.06,2.78,89.27,54.03,83.48,9.54
537,38.99,21.04,24.09,2.77,89.27,54.03,83.48,9.55
538,39.07,21.07,24.06,2.77,89.27,54.03,83.2,9.55
539,39.07,21.04,24.09,2.78,89.27,54.03,83.48,9.54
540,39.07,21.07,24.09,2.78,89.27,54.03,83.48,9.54
541,39.07,21.04,24.06,2.77,89.27,54.03,83.48,9.54
542,39.07,21.04,24.06,2.77,88.95,54.03,83.2,9.54
543,38.99,21.04,24.02,2.77,88.64,54.03,83.2,9.54
544,38.99,21.04,23.98,2.77,88.95,54.03,83.2,9.54
545,38.99,21.01,24.02,2.77,88.95,53.9,83.2,9.55
546,38.99,21.01,24.02,2.77,88.95,54.03,83.2,9.54
547,38.91,21.04,24.02,2.77,88.95,53.9,83.48,9.54
548,38.99,21.04,24.02,2.78,88.95,53.9,83.48,9.54
549,38.99,21.07,24.02,2.77,88.95,54.03,83.2,9.54
550,39.07,21.04,24.06,2.78,88.95,54.03,83.2,9.54
551,39.07,21.04,24.06,2.77,88.95,53.9,83.48,9.54
552,39.07,21.04,24.02,2.77,89.27,54.03,83.48,9.54
553,39.15,21.04,24.06,2.77,88.95,54.03,83.2,9.54
554,39.15,21.04,24.06,2.77,89.27,54.03,83.2,9.53
555,39.07,21.04,24.09,2.78,89.27,53.77,83.2,9.54
556,39.07,21.04,24.06,2.77,89.27,53.9,83.2,9.54
557,39.07,20.98,24.06,2.77,88.95,54.03,83.2,9.54
558,39.07,20.98,24.02,2.77,89.27,53.9,82.92,9.53
559,38.91,21.01,23.98,2.77,88.95,53.77,83.2,9.53
560,39.07,21.01,23.98,2.77,88.95,53.9,83.2,9.53
561,38.99,20.98,24.02,2.77,88.95,53.77,82.92,9.53
562,38.99,20.98,23.98,2.77,88.95,53.9,83.2,9.53
563,38.99,21.01,24.02,2.77,88.95,53.9,83.2,9.53
564,38.99,20.98,24.06,2.78,88.64,53.9,83.2,9.51
565,38.99,21.01,24.02,2.77,88.95,53.9,83.2,9.53
566,38.99,20.98,24.02,2.77,88.95,53.9,83.2,9.53
567,38.99,21.01,24.02,2.77,88.95,53.9,83.2,9.53
568,39.07,21.01,24.06,2.77,88.95,53.9,83.48,9.54
569,39.07,21.01,24.06,2.77,89.27,54.03,83.48,9.53
570,39.07,21.01,24.06,2.77,88.95,53.9,83.48,9.53
571,39.07,21.01,24.09,2.77,89.27,53.9,83.48,9.53
572,39.07,21.01,24.09,2.77,89.27,54.03,83.48,9.51
573,39.07,20.98,24.09,2.77,89.27,53.9,83.48,9.53
574,39.07,20.98,24.09,2.77,89.27,53.9,83.2,9.54
575,39.07,21.01,24.09,2.77,89.27,53.9,83.48,9.53
576,38.99,20.98,24.06,2.77,88.95,53.9,83.48,9.53
577,39.07,20.98,24.06,2.77,88.95,53.9,83.48,9.53
578,38.99,20.98,24.02,2.77,89.27,53.9,83.2,9.53
579,38.99,21.01,24.06,2.77,89.27,53.9,83.48,9.53
580,39.07,21.01,24.06,2.77,89.27,53.9,83.2,9.51
581,39.07,20.98,24.02,2.77,88.95,53.9,83.2,9.51
582,38.99,20.98,24.06,2.78,88.95,54.03,83.2,9.51
583,39.07,20.98,24.02,2.77,88.95,53.9,83.48,9.53
584,38.91,21.01,24.06,2.78,88.95,53.9,83.2,9.51
585,39.07,21.01,24.06,2.77,88.95,53.9,83.48,9.51
586,39.07,21.01,24.06,2.78,89.27,53.9,83.48,9.51
587,38.99,21.01,24.09,2.77,89.27,53.9,83.48,9.53
588,39.07,21.01,24.09,2.77,88.95,53.9,83.48,9.53
589,39.07,21.01,24.06,2.77,89.27,54.03,83.48,9.53
590,39.15,20.98,24.09,2.77,89.27,53.9,83.2,9.53
591,39.07,20.95,24.06,2.77,88.95,53.9,83.48,9.51
592,39.15,20.98,24.06,2.77,88.95,53.77,83.48,9.53
593,39.15,20.98,24.06,2.77,89.27,53.9,83.48,9.51
594,39.07,20.98,24.06,2.77,88.95,53.77,83.48,9.53
595,39.07,20.98,24.06,2.77,89.27,53.77,83.48,9.53
596,39.07,20.98,24.06,2.77,88.95,53.9,83.48,9.54
597,39.15,20.98,24.09,2.77,89.27,53.9,83.48,9.53
598,39.22,21.01,24.13,2.77,89.27,54.03,83.77,9.53
599,39.3,21.01,24.17,2.77,89.58,54.03,83.77,9.54
