0,43.19,24.29,27.06,2.82,95.32,61.54,90.1,8.65
1,43.19,24.33,27.11,2.82,95.32,61.38,90.42,8.66
2,43.19,24.29,27.11,2.82,94.97,61.38,90.1,8.66
3,43.28,24.29,27.11,2.82,95.32,61.38,90.42,8.66
4,43.19,24.29,27.06,2.82,95.32,61.38,90.1,8.66
5,43.19,24.29,27.06,2.82,95.32,61.54,90.42,8.66
6,43.19,24.29,27.11,2.82,95.32,61.38,90.42,8.67
7,43.19,24.25,27.11,2.82,94.97,61.38,90.42,8.66
8,43.19,24.29,27.11,2.82,95.32,61.38,90.42,8.66
9,43.28,24.25,27.11,2.82,95.32,61.21,90.42,8.67
10,43.28,24.29,27.11,2.82,95.32,61.38,90.42,8.68
11,43.28,24.29,27.15,2.82,95.32,61.38,90.42,8.68
12,43.28,24.29,27.15,2.82,95.32,61.21,90.42,8.68
13,43.37,24.29,27.15,2.82,95.32,61.38,90.42,8.67
14,43.37,24.29,27.15,2.82,95.32,61.54,90.42,8.68
15,43.37,24.29,27.15,2.82,95.32,61.38,90.74,8.68
16,43.28,24.29,27.15,2.82,95.32,61.38,90.74,8.7
17,43.28,24.33,27.2,2.82,95.32,61.38,90.42,8.68
18,43.19,24.29,27.15,2.82,95.68,61.21,90.74,8.7
19,43.19,24.29,27.15,2.83,95.68,61.38,90.74,8.7
20,43.28,24.33,27.15,2.82,95.68,61.38,90.42,8.7
21,43.28,24.33,27.15,2.82,95.68,61.38,90.74,8.71
22,43.28,24.33,27.2,2.82,95.68,61.54,91.07,8.72
23,43.37,24.33,27.15,2.82,95.68,61.38,90.74,8.71
24,43.37,24.33,27.2,2.82,95.68,61.38,90.74,8.72
25,43.37,24.33,27.2,2.83,95.68,61.54,90.74,8.71
26,43.37,24.33,27.2,2.82,95.68,61.38,90.74,8.72
27,43.46,24.33,27.24,2.83,95.68,61.38,91.07,8.73
28,43.37,24.36,27.24,2.82,95.68,61.54,90.74,8.71
29,43.46,24.36,27.24,2.82,96.04,61.38,91.07,8.72
30,43.46,24.36,27.24,2.82,95.68,61.54,90.74,8.73
31,43.46,24.36,27.24,2.82,95.68,61.38,91.07,8.73
32,43.37,24.36,27.2,2.83,95.68,61.38,90.74,8.73
33,43.46,24.36,27.24,2.83,95.68,61.38,90.74,8.73
34,43.37,24.33,27.2,2.83,95.68,61.54,90.74,8.73
35,43.37,24.36,27.2,2.82,95.68,61.54,91.07,8.73
36,43.37,24.36,27.2,2.82,95.68,61.54,90.74,8.74
37,43.37,24.36,27.2,2.83,95.68,61.54,90.74,8.74
38,43.37,24.36,27.2,2.83,95.68,61.38,90.74,8.74
39,43.37,24.36,27.2,2.83,95.68,61.54,90.74,8.74
40,43.37,24.36,27.2,2.83,95.68,61.38,90.42,8.74
41,43.28,24.4,27.2,2.83,95.68,61.54,90.74,8.75
42,43.37,24.36,27.2,2.83,95.68,61.54,90.74,8.75
43,43.37,24.36,27.15,2.82,95.68,61.38,90.74,8.75
44,43.37,24.36,27.15,2.83,95.32,61.38,90.74,8.75
45,43.28,24.29,27.11,2.82,95.32,61.21,90.42,8.75
46,43.28,24.29,27.11,2.82,95.32,61.21,90.42,8.75
47,43.28,24.29,27.06,2.82,95.32,61.21,90.42,8.74
48,43.28,24.25,27.06,2.82,95.32,61.05,90.42,8.74
49,43.19,24.21,27.06,2.82,95.32,61.05,90.42,8.73
50,43.19,24.21,27.02,2.82,94.97,61.05,90.42,8.74
51,43.28,24.21,27.06,2.82,95.32,61.21,90.1,8.73
52,43.37,24.25,27.2,2.82,95.32,61.21,90.42,8.73
53,43.46,24.21,27.2,2.82,95.32,61.05,90.1,8.73
54,43.46,24.21,27.24,2.82,95.68,61.05,90.1,8.73
55,43.64,24.25,27.24,2.82,95.68,61.05,89.78,8.72
56,43.55,24.25,27.02,2.81,94.97,61.05,86.08,8.57
57,41.77,24.18,25.1,2.75,86.49,61.05,63.25,7.61
58,37.86,24.21,22.52,2.6,70.08,61.05,50.1,6.12
59,34.63,24.18,21.15,2.45,59.66,60.89,45.89,5.09
60,30.65,24.18,19.72,2.19,50.1,60.89,42.23,3.8
61,29.72,24.18,19.44,2.1,48.4,60.89,41.45,3.5
62,27.2,24.14,18.55,1.8,44.13,60.89,39.41,2.6
63,26.8,24.14,18.36,1.73,43.57,60.89,39.02,2.46
64,25.87,24.1,18.01,1.57,42.04,60.73,38.04,2.11
65,25.46,24.1,17.83,1.49,41.35,60.89,37.67,1.96
66,24.78,24.06,17.54,1.33,40.19,60.57,36.74,1.71
67,24.4,24.06,17.37,1.25,39.55,60.73,36.19,1.59
68,24.17,24.06,17.25,1.21,39.16,60.73,35.98,1.52
69,24.09,24.06,17.2,1.18,39.01,60.57,35.78,1.49
70,23.83,24.06,17.06,1.13,38.62,60.73,35.51,1.42
71,23.65,24.1,16.96,1.09,38.24,60.73,35.18,1.37
72,23.54,24.06,16.91,1.07,38.1,60.73,35.12,1.34
73,23.51,24.06,16.89,1.05,37.95,60.57,34.92,1.32
74,23.33,24.06,16.8,1.01,37.65,60.57,34.73,1.28
75,23.29,24.1,16.75,1.0,37.58,60.57,34.6,1.27
76,23.25,24.1,16.71,0.99,37.44,60.57,34.47,1.25
77,23.18,24.06,16.71,0.97,37.29,60.57,34.34,1.23
78,23.15,24.03,16.68,0.97,37.15,60.41,34.28,1.22
79,23.15,24.03,16.68,0.96,37.22,60.41,34.28,1.22
80,23.11,24.06,16.66,0.95,37.15,60.41,34.28,1.21
81,23.11,24.03,16.66,0.94,37.08,60.57,34.16,1.19
82,23.08,24.03,16.64,0.93,37.01,60.41,34.09,1.18
83,23.08,24.03,16.64,0.93,37.01,60.25,34.09,1.18
84,23.04,23.99,16.64,0.92,36.93,60.41,34.09,1.18
85,23.01,23.99,16.57,0.91,36.86,60.25,33.97,1.16
86,23.01,24.03,16.57,0.91,36.86,60.25,34.03,1.16
87,22.97,23.99,16.55,0.91,36.79,60.25,33.84,1.15
88,22.94,23.99,16.52,0.9,36.79,60.25,33.91,1.15
89,22.9,24.03,16.52,0.9,36.72,60.25,33.91,1.15
90,22.87,24.03,16.5,0.9,36.79,60.25,33.84,1.14
91,22.87,23.99,16.48,0.9,36.65,60.09,33.78,1.14
92,22.83,23.99,16.48,0.9,36.65,60.09,33.78,1.13
93,22.8,23.99,16.48,0.89,36.58,60.25,33.78,1.13
94,22.83,23.95,16.46,0.89,36.58,60.09,33.78,1.13
95,22.8,23.95,16.43,0.89,36.51,60.25,33.72,1.12
96,22.76,23.95,16.43,0.89,36.58,60.09,33.66,1.12
97,22.76,23.95,16.41,0.89,36.51,60.09,33.66,1.12
98,22.76,23.95,16.41,0.89,36.44,60.09,33.66,1.12
99,22.73,23.95,16.39,0.88,36.44,60.09,33.6,1.12
100,22.73,23.95,16.39,0.88,36.37,60.09,33.6,1.12
101,22.73,23.91,16.39,0.88,36.44,59.93,33.6,1.11
102,22.73,23.91,16.37,0.88,36.37,60.09,33.6,1.11
103,22.73,23.91,16.39,0.88,36.37,60.09,33.54,1.11
104,22.66,23.88,16.37,0.88,36.3,59.93,33.54,1.11
105,22.7,23.88,16.37,0.88,36.3,59.93,33.54,1.11
106,22.7,23.88,16.37,0.88,36.3,59.93,33.54,1.11
107,22.7,23.91,16.37,0.87,36.3,59.93,33.54,1.11
108,22.66,23.88,16.37,0.88,36.3,59.93,33.48,1.1
109,22.7,23.88,16.37,0.87,36.3,59.78,33.48,1.1
110,22.73,23.91,16.34,0.87,36.3,60.09,33.48,1.1
111,22.7,23.91,16.37,0.87,36.37,59.93,33.54,1.1
112,22.7,23.95,16.37,0.87,36.37,59.93,33.54,1.1
113,22.7,23.99,16.37,0.87,36.37,59.93,33.54,1.09
114,22.7,23.95,16.37,0.87,36.37,60.09,33.54,1.1
115,22.66,23.95,16.37,0.87,36.3,60.09,33.54,1.1
116,22.66,23.91,16.37,0.87,36.3,60.09,33.48,1.09
117,22.66,23.91,16.37,0.87,36.3,60.09,33.48,1.09
118,22.7,23.91,16.34,0.87,36.37,60.09,33.48,1.09
119,22.7,23.91,16.37,0.87,36.3,60.09,33.54,1.09
120,22.73,23.95,16.39,0.87,36.3,60.09,33.54,1.09
121,22.73,23.95,16.39,0.87,36.3,60.09,33.54,1.09
122,22.76,23.95,16.39,0.87,36.37,59.93,33.54,1.09
123,22.73,23.95,16.39,0.87,36.37,60.09,33.54,1.09
124,22.73,23.99,16.41,0.87,36.37,60.09,33.54,1.08
125,22.76,23.99,16.41,0.87,36.37,60.09,33.6,1.08
126,22.76,23.99,16.41,0.87,36.37,60.25,33.6,1.09
127,22.73,24.03,16.41,0.87,36.44,60.25,33.6,1.09
128,22.73,23.99,16.41,0.87,36.37,60.25,33.6,1.08
129,22.73,24.03,16.39,0.87,36.37,60.41,33.6,1.08
130,22.73,24.03,16.41,0.87,36.3,60.25,33.6,1.08
131,22.73,24.03,16.41,0.87,36.37,60.25,33.54,1.08
132,22.73,24.06,16.41,0.87,36.37,60.25,33.54,1.08
133,22.73,24.03,16.41,0.87,36.37,60.41,33.54,1.08
134,22.73,24.06,16.43,0.87,36.37,60.41,33.54,1.08
135,22.73,24.1,16.43,0.87,36.37,60.57,33.54,1.08
136,22.73,24.1,16.43,0.87,36.37,60.41,33.54,1.08
137,22.73,24.14,16.43,0.87,36.3,60.57,33.54,1.08
138,22.66,24.14,16.41,0.87,36.3,60.57,33.48,1.08
139,22.7,24.14,16.41,0.87,36.37,60.57,33.54,1.08
140,22.7,24.14,16.41,0.87,36.3,60.41,33.54,1.08
141,22.66,24.14,16.39,0.87,36.3,60.57,33.48,1.07
142,22.66,24.14,16.39,0.87,36.3,60.57,33.42,1.07
143,22.66,24.1,16.39,0.87,36.23,60.57,33.48,1.07
144,22.63,24.1,16.37,0.87,36.23,60.57,33.48,1.07
145,22.63,24.1,16.39,0.87,36.23,60.41,33.42,1.07
146,22.66,24.1,16.39,0.87,36.17,60.57,33.42,1.07
147,22.66,24.1,16.37,0.87,36.1,60.41,33.42,1.07
148,22.66,24.06,16.37,0.87,36.17,60.41,33.42,1.07
149,22.66,24.1,16.37,0.87,36.23,60.41,33.42,1.07
150,22.66,24.1,16.37,0.87,36.17,60.41,33.42,1.07
151,22.66,24.06,16.34,0.87,36.1,60.41,33.36,1.07
152,22.66,24.06,16.34,0.87,36.17,60.25,33.42,1.07
153,22.66,24.06,16.32,0.87,36.17,60.41,33.42,1.07
154,22.66,24.06,16.34,0.87,36.17,60.25,33.42,1.07
155,22.7,24.06,16.39,0.87,36.3,60.57,33.66,1.07
156,22.83,24.06,16.48,0.87,36.65,60.41,34.28,1.07
157,22.9,24.06,16.52,0.87,36.86,60.41,34.53,1.07
158,23.4,24.1,16.87,0.87,38.4,60.57,36.12,1.09
159,23.69,24.1,17.06,0.88,39.16,60.57,36.95,1.1
160,24.63,24.1,17.63,0.89,41.61,60.41,39.26,1.13
161,24.98,24.1,17.81,0.9,42.48,60.57,39.97,1.14
162,25.7,24.1,18.21,0.92,44.22,60.41,41.54,1.17
163,26.54,24.14,18.68,0.94,46.39,60.57,43.21,1.21
164,27.24,24.14,19.03,0.95,47.86,60.57,44.52,1.24
165,28.25,24.14,19.55,0.98,50.1,60.57,46.5,1.28
166,28.97,24.14,19.89,1.0,52.02,60.57,47.97,1.32
167,29.72,24.14,20.27,1.02,53.8,60.41,49.41,1.36
168,30.39,24.14,20.6,1.05,55.27,60.57,50.56,1.4
169,31.09,24.14,20.94,1.08,57.11,60.57,52.14,1.45
170,31.14,24.1,20.97,1.08,57.25,60.57,52.26,1.45
171,32.2,24.1,21.47,1.13,59.82,60.41,54.45,1.53
172,32.66,24.1,21.73,1.16,61.26,60.57,55.67,1.57
173,33.14,24.1,21.92,1.18,62.09,60.57,56.38,1.6
174,33.81,24.06,22.25,1.22,64.15,60.57,58.12,1.67
175,34.12,24.1,22.39,1.24,64.69,60.41,58.57,1.7
176,34.5,24.06,22.59,1.26,65.97,60.41,59.64,1.74
177,35.08,24.1,22.87,1.3,67.48,60.57,61.07,1.81
178,35.81,24.1,23.25,1.36,69.46,60.57,62.73,1.9
179,35.88,24.1,23.33,1.38,70.08,60.57,63.25,1.93
180,36.57,24.1,23.58,1.43,71.55,60.41,64.65,2.01
181,36.78,24.1,23.69,1.45,72.2,60.57,65.38,2.04
182,37.06,24.1,23.8,1.47,73.08,60.57,65.93,2.09
183,37.27,24.14,23.98,1.5,73.75,60.57,66.67,2.13
184,37.64,24.14,24.17,1.53,74.89,60.57,67.83,2.2
185,37.93,24.18,24.4,1.59,76.07,60.73,68.81,2.29
186,38.3,24.18,24.51,1.62,77.03,60.89,69.82,2.35
187,38.46,24.21,24.66,1.65,77.77,60.73,70.44,2.4
188,38.61,24.18,24.7,1.67,78.02,60.73,70.65,2.43
189,38.84,24.14,24.82,1.7,79.03,60.73,71.49,2.51
190,38.91,24.18,24.9,1.74,79.54,60.89,71.92,2.55
191,39.3,24.14,25.02,1.78,80.32,60.73,72.79,2.65
192,39.46,24.14,25.1,1.81,80.85,60.89,73.46,2.7
193,39.54,24.18,25.14,1.83,81.11,60.73,73.68,2.75
194,39.7,24.14,25.21,1.86,81.65,60.73,74.36,2.82
195,39.78,24.14,25.3,1.9,81.92,60.73,74.59,2.87
196,39.86,24.14,25.34,1.91,82.47,60.73,74.82,2.9
197,40.02,24.18,25.38,1.92,82.75,60.89,75.29,2.95
198,40.1,24.18,25.46,1.96,83.3,60.73,75.76,3.03
199,40.26,24.14,25.54,1.99,83.87,60.73,76.23,3.1
200,40.34,24.14,25.54,2.01,84.15,60.73,76.47,3.14
201,40.26,24.14,25.58,2.02,84.15,60.73,76.71,3.17
202,40.5,24.18,25.62,2.05,84.73,60.73,77.2,3.25
203,40.59,24.14,25.7,2.08,85.02,60.73,77.69,3.32
204,40.59,24.14,25.7,2.09,85.02,60.73,77.69,3.33
205,40.75,24.18,25.74,2.11,85.31,60.73,77.94,3.38
206,40.67,24.14,25.74,2.13,85.6,60.73,77.94,3.44
207,40.92,24.14,25.82,2.16,85.89,60.73,78.69,3.52
208,40.92,24.14,25.82,2.16,85.89,60.73,78.69,3.53
209,41.09,24.14,25.87,2.19,86.19,60.73,78.94,3.62
210,41.09,24.1,25.91,2.2,86.49,60.73,79.2,3.63
211,41.17,24.1,25.91,2.22,86.79,60.57,79.71,3.71
212,41.17,24.14,25.99,2.24,87.09,60.73,79.45,3.75
213,41.34,24.14,25.99,2.26,87.09,60.57,79.97,3.82
214,41.34,24.1,25.99,2.26,87.4,60.57,80.23,3.83
215,41.34,24.1,26.03,2.27,87.4,60.73,80.23,3.87
216,41.34,24.14,26.07,2.29,87.7,60.73,80.49,3.92
217,41.42,24.18,26.12,2.32,88.01,60.73,81.02,4.0
218,41.51,24.14,26.16,2.32,88.32,60.73,81.02,4.01
219,41.42,24.14,26.16,2.33,88.32,60.57,81.02,4.05
220,41.59,24.18,26.2,2.35,88.64,60.73,81.29,4.14
221,41.68,24.14,26.2,2.36,88.64,60.73,81.83,4.17
222,41.68,24.18,26.2,2.37,88.64,60.89,81.56,4.19
223,41.68,24.18,26.24,2.38,88.95,60.89,81.56,4.24
224,41.77,24.18,26.29,2.39,89.27,60.89,81.83,4.3
225,41.77,24.18,26.29,2.4,89.27,60.57,82.1,4.31
226,41.77,24.21,26.33,2.41,89.27,60.89,82.1,4.37
227,41.85,24.21,26.33,2.42,89.27,60.89,82.37,4.41
228,41.94,24.21,26.37,2.43,89.58,60.89,82.37,4.46
229,41.94,24.18,26.37,2.43,89.58,60.89,82.37,4.5
230,41.94,24.21,26.37,2.44,89.58,60.89,82.37,4.52
231,41.94,24.18,26.37,2.45,89.9,60.73,82.65,4.54
232,41.94,24.21,26.37,2.46,89.9,60.89,82.65,4.61
233,42.03,24.18,26.37,2.47,89.9,60.73,82.92,4.65
234,41.94,24.14,26.33,2.47,89.9,60.89,82.92,4.69
235,41.94,24.14,26.41,2.48,89.9,60.73,82.92,4.72
236,42.03,24.18,26.41,2.49,89.9,60.57,83.2,4.76
237,42.03,24.14,26.41,2.49,90.23,60.57,83.2,4.79
238,42.03,24.14,26.41,2.5,90.23,60.57,82.92,4.81
239,42.03,24.14,26.41,2.5,90.23,60.73,83.2,4.84
240,42.03,24.18,26.41,2.51,90.55,60.73,83.48,4.88
241,42.03,24.14,26.41,2.51,90.23,60.73,83.48,4.91
242,42.11,24.14,26.45,2.52,90.55,60.73,83.48,4.96
243,42.11,24.18,26.45,2.53,90.23,60.73,83.48,5.0
244,42.2,24.18,26.5,2.53,90.88,60.73,83.77,5.02
245,42.2,24.18,26.5,2.53,90.88,60.89,83.77,5.04
246,42.2,24.21,26.5,2.54,90.88,60.89,84.05,5.11
247,42.2,24.18,26.54,2.54,90.88,60.89,84.05,5.1
248,42.29,24.25,26.54,2.56,91.2,60.89,84.05,5.16
249,42.29,24.25,26.58,2.56,91.2,61.05,84.05,5.19
250,42.29,24.25,26.58,2.56,91.54,60.89,84.33,5.22
251,42.29,24.21,26.58,2.57,91.2,60.89,84.33,5.25
252,42.38,24.29,26.58,2.57,91.54,60.89,84.62,5.26
253,42.2,24.25,26.58,2.58,91.2,60.89,84.62,5.28
254,42.38,24.25,26.58,2.58,91.2,60.73,84.62,5.34
255,42.38,24.25,26.58,2.58,91.54,60.89,84.62,5.34
256,42.38,24.25,26.58,2.58,91.54,60.89,84.62,5.37
257,42.38,24.21,26.58,2.59,91.54,60.89,84.91,5.42
258,42.38,24.21,26.58,2.6,91.54,60.89,84.62,5.43
259,42.38,24.18,26.58,2.6,91.54,60.73,84.62,5.46
260,42.38,24.21,26.58,2.6,91.2,60.73,84.62,5.48
261,42.29,24.21,26.58,2.6,91.54,60.89,84.62,5.54
262,42.38,24.18,26.58,2.61,91.54,60.73,84.91,5.55
263,42.38,24.18,26.58,2.61,91.54,60.73,84.91,5.58
264,42.38,24.18,26.54,2.61,91.54,60.89,84.91,5.61
265,42.29,24.18,26.58,2.62,91.54,60.89,84.91,5.63
266,42.38,24.18,26.58,2.62,91.54,60.73,84.91,5.66
267,42.38,24.18,26.58,2.62,91.54,60.89,84.91,5.67
268,42.38,24.14,26.58,2.63,91.54,60.89,84.91,5.7
269,42.47,24.18,26.58,2.63,91.87,60.89,85.2,5.74
270,42.47,24.18,26.63,2.63,91.87,60.89,85.2,5.77
271,42.47,24.21,26.63,2.63,91.87,60.89,85.2,5.79
272,42.47,24.18,26.63,2.63,91.87,60.89,85.2,5.81
273,42.47,24.18,26.67,2.64,91.87,60.89,85.2,5.84
274,42.55,24.18,26.67,2.64,92.2,60.89,85.49,5.86
275,42.55,24.18,26.67,2.64,91.87,60.89,85.49,5.88
276,42.55,24.18,26.71,2.65,92.2,60.89,85.49,5.91
277,42.64,24.21,26.71,2.65,91.87,60.89,85.49,5.93
278,42.64,24.18,26.71,2.65,92.2,60.73,85.49,5.96
279,42.64,24.18,26.71,2.65,92.2,60.89,85.78,5.98
280,42.55,24.14,26.71,2.65,92.2,60.73,85.49,6.0
281,42.64,24.18,26.71,2.66,92.2,60.89,85.49,6.03
282,42.64,24.18,26.71,2.65,92.2,60.73,85.78,6.05
283,42.64,24.18,26.71,2.66,92.2,60.89,85.78,6.05
284,42.55,24.14,26.71,2.66,92.2,60.73,85.78,6.08
285,42.73,24.18,26.71,2.66,92.54,60.73,86.08,6.11
286,42.64,24.18,26.76,2.67,92.54,60.89,86.08,6.14
287,42.64,24.18,26.76,2.67,92.54,60.89,85.78,6.15
288,42.64,24.18,26.76,2.67,92.54,60.89,86.08,6.17
289,42.73,24.21,26.8,2.67,92.54,60.89,86.08,6.2
290,42.73,24.21,26.8,2.67,92.54,60.89,86.08,6.21
291,42.73,24.18,26.8,2.68,92.54,60.89,86.08,6.25
292,42.82,24.21,26.8,2.68,92.54,60.89,86.08,6.27
293,42.73,24.21,26.8,2.68,92.88,61.05,86.08,6.28
294,42.82,24.21,26.84,2.68,92.54,61.05,86.08,6.3
295,42.82,24.25,26.84,2.68,92.88,61.05,86.38,6.34
296,42.73,24.21,26.84,2.68,92.88,61.05,86.38,6.36
297,42.82,24.21,26.84,2.68,92.88,60.89,86.38,6.37
298,42.82,24.18,26.8,2.68,92.88,60.89,86.38,6.39
299,42.73,24.18,26.8,2.68,92.54,60.73,86.38,6.4
300,42.73,24.18,26.8,2.69,92.88,60.89,86.38,6.42
301,42.73,24.18,26.8,2.69,92.88,60.89,86.38,6.42
302,42.73,24.18,26.8,2.69,92.88,60.89,86.38,6.46
303,42.82,24.25,26.8,2.69,92.88,61.05,86.98,6.49
304,42.82,24.21,26.84,2.69,92.88,60.89,86.68,6.49
305,42.82,24.25,26.84,2.69,93.22,61.05,86.68,6.53
306,42.82,24.25,26.84,2.7,93.22,61.38,86.98,6.54
307,42.82,24.29,26.89,2.7,93.22,61.21,86.98,6.56
308,42.82,24.29,26.84,2.7,93.22,61.21,86.98,6.58
309,42.82,24.29,26.84,2.7,93.22,61.21,86.98,6.59
310,42.73,24.29,26.8,2.7,93.22,61.21,86.98,6.62
311,42.73,24.29,26.84,2.7,92.88,61.21,86.98,6.64
312,42.64,24.29,26.8,2.7,92.88,61.21,86.98,6.65
313,42.73,24.33,26.8,2.71,92.88,61.05,86.98,6.68
314,42.73,24.33,26.8,2.71,93.22,61.21,86.98,6.69
315,42.73,24.29,26.84,2.71,93.22,61.38,86.98,6.71
316,42.73,24.33,26.89,2.71,93.22,61.21,86.98,6.71
317,42.82,24.33,26.84,2.72,93.22,61.38,86.98,6.74
318,42.82,24.33,26.84,2.72,93.57,61.21,86.98,6.77
319,42.73,24.33,26.84,2.72,93.22,61.21,86.98,6.79
320,42.73,24.33,26.84,2.72,93.22,61.38,87.28,6.79
321,42.73,24.33,26.84,2.72,93.22,61.38,86.98,6.8
322,42.82,24.33,26.84,2.72,93.22,61.21,86.98,6.83
323,42.73,24.29,26.8,2.72,93.22,61.21,86.98,6.84
324,42.82,24.29,26.8,2.72,93.22,61.05,86.98,6.85
325,42.73,24.29,26.84,2.72,93.22,61.21,86.98,6.88
326,42.82,24.25,26.84,2.72,93.22,61.21,86.98,6.89
327,42.73,24.25,26.84,2.72,93.22,61.21,86.98,6.9
328,42.82,24.29,26.84,2.72,93.22,61.21,86.98,6.91
329,42.82,24.25,26.84,2.72,93.22,61.21,86.98,6.93
330,42.91,24.25,26.8,2.73,93.22,61.21,86.98,6.95
331,42.91,24.29,26.84,2.73,93.22,61.21,86.98,6.96
332,42.82,24.29,26.84,2.72,93.22,61.21,87.28,6.97
333,42.82,24.25,26.84,2.72,93.22,61.21,87.28,6.99
334,42.82,24.29,26.84,2.73,93.22,61.21,87.28,7.01
335,42.82,24.25,26.8,2.73,93.22,61.21,87.28,7.01
336,42.82,24.25,26.8,2.73,93.22,61.21,87.28,7.03
337,42.82,24.25,26.8,2.72,93.22,61.05,86.98,7.03
338,42.82,24.25,26.8,2.73,93.22,61.05,86.98,7.05
339,42.73,24.21,26.76,2.72,93.22,61.05,87.28,7.07
340,42.73,24.18,26.76,2.73,92.88,61.05,86.98,7.08
341,42.73,24.21,26.76,2.73,93.22,61.05,86.98,7.08
342,42.73,24.21,26.76,2.73,92.88,60.89,86.98,7.1
343,42.73,24.21,26.76,2.73,93.22,61.05,86.98,7.12
344,42.73,24.18,26.76,2.73,93.22,60.89,87.28,7.12
345,42.82,24.18,26.76,2.73,92.88,60.89,86.98,7.14
346,42.73,24.18,26.76,2.73,93.22,60.89,87.28,7.16
347,42.73,24.18,26.8,2.73,93.22,60.89,87.28,7.16
348,42.82,24.18,26.76,2.73,93.22,60.89,86.98,7.17
349,42.73,24.14,26.8,2.73,93.22,60.89,87.28,7.18
350,42.73,24.14,26.76,2.73,93.22,60.89,87.28,7.19
351,42.73,24.14,26.8,2.73,93.22,60.89,87.28,7.2
352,42.82,24.18,26.8,2.73,93.22,60.89,87.28,7.22
353,42.91,24.18,26.84,2.73,93.22,60.89,87.28,7.23
354,43.0,24.18,26.84,2.73,93.57,60.89,87.59,7.25
355,42.91,24.18,26.84,2.73,93.57,60.89,87.59,7.25
356,42.91,24.21,26.89,2.73,93.57,61.05,87.59,7.28
357,42.91,24.21,26.89,2.74,93.57,61.05,87.59,7.29
358,42.91,24.21,26.89,2.73,93.57,60.89,87.59,7.31
359,42.91,24.21,26.89,2.73,93.91,61.21,87.59,7.32
360,42.82,24.21,26.89,2.73,93.57,61.05,87.28,7.32
361,42.73,24.18,26.84,2.74,93.57,61.05,87.59,7.34
362,42.73,24.18,26.84,2.74,93.57,60.89,87.59,7.34
363,42.73,24.18,26.8,2.74,93.57,60.89,87.28,7.35
364,42.64,24.14,26.8,2.73,93.22,60.89,87.28,7.37
365,42.64,24.18,26.76,2.74,93.22,60.89,87.59,7.38
366,42.64,24.14,26.76,2.74,93.22,60.73,87.59,7.38
367,42.64,24.14,26.8,2.75,93.22,60.89,87.59,7.38
368,42.64,24.14,26.76,2.74,93.22,60.89,87.28,7.4
369,42.73,24.14,26.76,2.73,93.22,60.89,87.28,7.41
370,42.64,24.18,26.8,2.75,93.57,60.89,87.59,7.42
371,42.73,24.14,26.8,2.74,93.22,60.73,87.59,7.43
372,42.73,24.18,26.8,2.74,93.22,60.89,87.59,7.45
373,42.73,24.18,26.8,2.75,93.22,60.73,87.59,7.45
374,42.82,24.18,26.8,2.75,93.57,60.89,87.59,7.47
375,42.73,24.18,26.84,2.75,93.22,60.89,87.59,7.47
376,42.82,24.18,26.84,2.75,93.57,61.05,87.59,7.49
377,42.82,24.21,26.84,2.75,93.91,61.05,87.89,7.51
378,42.82,24.25,26.89,2.75,93.57,61.05,87.89,7.52
379,42.82,24.21,26.89,2.75,93.91,61.05,87.89,7.53
380,42.82,24.25,26.84,2.75,93.57,61.05,87.89,7.53
381,42.73,24.21,26.84,2.75,93.91,61.05,87.89,7.55
382,42.73,24.25,26.84,2.75,93.91,61.05,87.89,7.55
383,42.73,24.21,26.84,2.75,93.57,61.05,87.89,7.57
384,42.73,24.14,26.8,2.75,93.57,60.89,87.59,7.58
385,42.73,24.14,26.8,2.75,93.57,60.89,87.59,7.58
386,42.73,24.18,26.76,2.75,93.22,60.89,87.28,7.59
387,42.64,24.14,26.76,2.75,93.22,60.89,87.59,7.6
388,42.73,24.14,26.76,2.75,93.22,60.89,87.28,7.6
389,42.73,24.18,26.76,2.75,93.57,60.89,87.59,7.62
390,42.64,24.14,26.76,2.75,93.22,60.89,87.59,7.62
391,42.64,24.14,26.71,2.75,93.22,60.73,87.89,7.63
392,42.64,24.14,26.76,2.75,93.22,60.89,87.89,7.64
393,42.73,24.14,26.76,2.75,93.57,60.73,87.59,7.65
394,42.73,24.14,26.76,2.75,93.57,60.73,87.59,7.66
395,42.82,24.14,26.8,2.75,93.22,60.73,87.59,7.66
396,42.82,24.14,26.8,2.75,93.57,60.89,87.59,7.67
397,42.82,24.14,26.8,2.75,93.22,60.89,87.89,7.68
398,42.82,24.14,26.84,2.75,93.57,60.89,87.89,7.7
399,42.73,24.14,26.8,2.75,93.22,60.73,87.59,7.7
400,42.82,24.14,26.8,2.75,93.57,60.73,87.89,7.7
401,42.82,24.1,26.8,2.75,93.57,60.89,87.89,7.71
402,42.82,24.1,26.8,2.75,93.57,60.57,87.89,7.72
403,42.82,24.1,26.8,2.75,93.57,60.73,87.89,7.72
404,42.82,24.14,26.84,2.75,93.57,60.73,87.89,7.74
405,42.82,24.14,26.84,2.75,93.57,60.73,87.89,7.75
406,42.82,24.14,26.84,2.75,93.57,60.73,87.89,7.75
407,42.91,24.14,26.84,2.75,93.91,60.89,88.2,7.77
408,43.0,24.14,26.89,2.75,93.91,60.89,87.89,7.77
409,42.91,24.14,26.89,2.75,93.91,60.89,87.89,7.78
410,43.0,24.14,26.93,2.76,93.91,60.89,88.2,7.79
411,43.0,24.14,26.93,2.75,93.91,60.89,88.2,7.8
412,43.09,24.18,26.93,2.76,94.26,60.89,88.2,7.81
413,43.09,24.18,26.93,2.76,93.91,61.05,88.51,7.82
414,43.09,24.18,26.98,2.76,94.26,60.89,88.51,7.83
415,43.19,24.18,26.98,2.77,94.26,61.05,88.51,7.84
416,43.09,24.18,26.98,2.76,94.26,61.05,88.83,7.84
417,43.09,24.18,26.98,2.77,94.26,60.89,88.51,7.84
418,43.09,24.18,27.02,2.77,94.26,60.89,88.51,7.85
419,43.09,24.14,26.98,2.76,94.26,60.89,88.51,7.86
420,43.09,24.14,26.98,2.77,94.26,60.73,88.51,7.86
421,43.0,24.1,26.93,2.76,94.26,60.73,88.51,7.87
422,43.0,24.1,26.89,2.77,93.91,60.73,88.51,7.87
423,42.91,24.1,26.93,2.77,93.91,60.73,88.51,7.88
424,42.91,24.1,26.89,2.76,93.91,60.73,88.51,7.88
425,43.0,24.1,26.89,2.76,93.91,60.57,88.51,7.9
426,42.91,24.1,26.89,2.76,93.91,60.73,88.51,7.9
427,43.09,24.1,26.93,2.76,93.91,60.57,88.51,7.91
428,42.91,24.1,26.89,2.77,93.91,60.73,88.51,7.91
429,43.0,24.14,26.93,2.77,93.91,60.73,88.51,7.92
430,43.0,24.1,26.93,2.77,94.26,60.73,88.51,7.93
431,43.09,24.06,26.93,2.77,93.91,60.57,88.51,7.93
432,43.09,24.1,26.93,2.76,94.26,60.57,88.51,7.94
433,43.0,24.06,26.93,2.76,94.26,60.73,88.83,7.95
434,43.0,24.1,26.93,2.76,93.91,60.57,88.51,7.94
435,43.0,24.06,26.93,2.77,93.91,60.57,88.51,7.96
436,43.0,24.06,26.93,2.77,93.91,60.57,88.51,7.96
437,43.0,24.06,26.89,2.76,94.26,60.73,88.51,7.96
438,42.91,23.99,26.89,2.77,93.91,60.57,88.51,7.97
439,42.91,24.06,26.89,2.77,94.26,60.57,88.51,7.99
440,42.91,24.06,26.89,2.77,93.91,60.57,88.2,7.97
441,42.82,24.03,26.84,2.77,93.91,60.57,88.2,8.0
442,42.82,24.03,26.84,2.77,93.91,60.57,88.51,8.0
443,42.82,24.06,26.84,2.77,93.91,60.57,88.51,8.01
444,42.82,24.06,26.84,2.77,93.91,60.57,88.51,8.01
445,42.73,24.03,26.84,2.77,93.57,60.57,88.51,8.02
446,42.82,24.06,26.84,2.77,93.91,60.57,88.51,8.03
447,42.82,24.1,26.84,2.77,93.91,60.73,88.51,8.04
448,42.91,24.1,26.89,2.77,94.26,60.73,88.51,8.05
449,42.91,24.14,26.89,2.77,93.91,60.73,88.83,8.06
450,42.91,24.14,26.84,2.77,94.26,60.73,88.83,8.06
451,42.91,24.14,26.93,2.78,94.26,60.89,88.83,8.06
452,43.0,24.18,26.98,2.78,94.26,60.89,88.83,8.08
453,42.91,24.18,26.93,2.78,94.26,60.89,89.14,8.09
454,42.91,24.18,26.93,2.78,94.26,60.89,89.14,8.09
455,42.91,24.21,26.93,2.78,94.26,60.89,88.83,8.1
456,42.91,24.18,26.93,2.78,94.26,60.89,88.83,8.1
457,42.91,24.21,26.89,2.78,94.26,60.89,88.83,8.11
458,42.64,24.18,26.84,2.78,93.91,60.89,88.83,8.12
459,42.73,24.14,26.84,2.78,93.91,60.73,88.51,8.12
460,42.64,24.14,26.8,2.78,93.91,60.73,88.51,8.13
461,42.64,24.06,26.84,2.78,93.91,60.73,88.51,8.13
462,42.64,24.1,26.8,2.78,93.57,60.73,87.89,8.13
463,42.64,24.1,26.8,2.78,93.57,60.73,88.51,8.13
464,42.73,24.1,26.76,2.78,93.57,60.73,88.51,8.14
465,42.64,24.1,26.76,2.78,93.91,60.73,88.2,8.14
466,42.64,24.1,26.8,2.78,93.57,60.57,88.51,8.16
467,42.73,24.1,26.8,2.78,93.57,60.73,88.51,8.15
468,42.73,24.1,26.8,2.78,93.91,60.89,88.51,8.16
469,42.73,24.1,26.8,2.78,93.57,60.73,88.2,8.17
470,42.82,24.1,26.8,2.78,93.91,60.73,88.51,8.17
471,42.91,24.06,26.84,2.78,93.91,60.73,88.51,8.18
472,42.82,24.06,26.8,2.78,93.57,60.73,88.51,8.18
473,42.82,24.06,26.8,2.79,93.57,60.57,88.51,8.17
474,42.91,24.06,26.8,2.78,93.91,60.57,88.51,8.18
475,42.91,24.1,26.84,2.78,93.91,60.73,88.51,8.2
476,42.91,24.1,26.84,2.78,93.91,60.57,88.51,8.2
477,42.82,24.06,26.84,2.78,93.91,60.57,88.51,8.21
478,42.91,24.1,26.84,2.78,93.91,60.57,88.83,8.21
479,42.82,24.06,26.84,2.79,93.91,60.41,88.83,8.22
480,42.82,24.06,26.8,2.78,93.91,60.73,88.83,8.22
481,42.82,24.06,26.8,2.78,93.91,60.73,88.83,8.22
482,42.91,24.06,26.84,2.78,93.91,60.73,88.83,8.22
483,42.82,24.06,26.84,2.78,93.91,60.57,88.83,8.24
484,42.91,24.03,26.84,2.78,94.26,60.57,88.83,8.23
485,42.91,24.06,26.89,2.79,94.26,60.57,88.83,8.25
486,42.91,24.06,26.89,2.78,93.91,60.57,88.83,8.24
487,43.0,24.06,26.84,2.78,94.26,60.57,88.83,8.25
488,43.0,24.06,26.89,2.78,93.91,60.57,88.83,8.25
489,43.09,24.06,26.93,2.78,94.26,60.57,88.83,8.25
490,43.09,24.06,26.98,2.79,94.26,60.57,89.14,8.26
491,43.09,24.06,26.98,2.79,94.26,60.73,89.14,8.26
492,43.09,24.14,26.98,2.79,94.61,60.73,89.46,8.28
493,43.09,24.1,26.98,2.79,94.61,60.89,89.46,8.28
494,43.09,24.14,27.02,2.79,94.26,60.73,89.46,8.29
495,43.0,24.14,26.98,2.79,94.61,60.89,89.46,8.28
496,43.0,24.18,26.98,2.79,94.61,60.89,89.46,8.31
497,42.91,24.21,26.98,2.8,94.61,60.89,89.46,8.31
498,42.91,24.21,26.93,2.8,94.61,61.05,89.46,8.32
499,42.82,24.21,26.93,2.79,94.61,61.21,89.46,8.33
500,42.91,24.21,26.93,2.79,94.61,61.05,89.46,8.33
501,42.82,24.21,26.93,2.8,94.61,61.05,89.46,8.33
502,42.91,24.21,26.98,2.8,94.61,61.05,89.78,8.34
503,43.0,24.25,26.98,2.8,94.61,61.38,89.46,8.36
504,43.0,24.25,27.02,2.8,94.61,61.21,89.78,8.36
505,43.0,24.25,26.98,2.8,94.61,60.89,89.46,8.37
506,43.0,24.25,26.98,2.8,94.97,60.89,89.46,8.38
507,43.0,24.25,27.02,2.8,94.61,61.05,89.46,8.37
508,43.09,24.25,26.93,2.8,94.61,61.21,89.46,8.38
509,43.0,24.21,26.98,2.8,94.61,61.05,89.46,8.38
510,43.0,24.18,26.98,2.8,94.26,61.05,89.46,8.38
511,43.0,24.18,26.93,2.8,94.26,61.05,89.14,8.39
512,43.0,24.18,26.93,2.8,94.61,60.89,89.14,8.39
513,42.91,24.14,26.93,2.8,94.26,60.57,89.14,8.39
514,42.91,24.14,26.93,2.8,94.26,60.89,89.14,8.38
515,42.91,24.18,26.89,2.8,94.26,60.73,89.14,8.39
516,42.91,24.14,26.89,2.8,93.91,60.89,88.83,8.39
517,42.82,24.1,26.84,2.8,94.26,60.89,88.83,8.39
518,42.82,24.1,26.84,2.8,93.91,60.73,88.83,8.39
519,42.82,24.1,26.8,2.8,93.91,60.73,88.83,8.39
520,42.82,24.06,26.8,2.8,93.91,60.73,88.51,8.39
521,42.73,24.06,26.8,2.8,93.91,60.57,88.83,8.4
522,42.73,24.1,26.8,2.8,93.91,60.73,89.14,8.41
523,42.82,24.06,26.8,2.8,93.91,60.57,89.14,8.41
524,42.82,24.06,26.84,2.8,93.91,60.73,88.83,8.41
525,42.82,24.1,26.8,2.79,93.91,60.73,88.83,8.41
526,42.82,24.06,26.8,2.79,93.91,60.57,88.83,8.42
527,42.82,24.03,26.8,2.8,93.91,60.57,88.83,8.41
528,42.82,24.06,26.8,2.8,93.91,60.57,88.83,8.42
529,42.73,24.03,26.8,2.8,93.57,60.57,88.83,8.42
530,42.82,24.03,26.8,2.79,93.91,60.57,88.83,8.41
531,42.82,24.03,26.76,2.8,94.26,60.57,88.2,8.42
532,42.91,24.03,26.76,2.79,93.91,60.57,88.83,8.42
533,42.82,23.99,26.8,2.8,93.91,60.41,88.83,8.42
534,42.73,23.99,26.76,2.8,93.57,60.25,88.83,8.42
535,42.73,23.95,26.76,2.79,93.57,60.41,88.83,8.43
536,42.64,23.95,26.71,2.79,93.57,60.25,88.2,8.42
537,42.64,23.91,26.71,2.79,93.57,60.41,88.83,8.42
538,42.64,23.95,26.71,2.79,93.57,60.25,88.83,8.42
539,42.64,23.95,26.67,2.79,93.57,60.25,88.51,8.43
540,42.55,23.91,26.71,2.79,93.57,60.25,88.51,8.43
541,42.55,23.91,26.67,2.79,93.57,60.09,88.51,8.43
542,42.55,23.91,26.67,2.79,93.57,60.09,88.83,8.43
543,42.64,23.91,26.67,2.79,93.57,60.09,88.51,8.44
544,42.55,23.91,26.67,2.79,93.57,60.25,88.83,8.43
545,42.64,23.91,26.67,2.79,93.57,60.25,88.51,8.44
546,42.55,23.91,26.71,2.79,93.57,60.25,88.83,8.44
547,42.64,23.95,26.71,2.79,93.57,60.25,88.51,8.44
548,42.73,23.95,26.71,2.79,93.91,60.25,88.83,8.44
549,42.73,23.91,26.76,2.8,93.57,60.25,88.83,8.44
550,42.73,23.91,26.76,2.79,93.91,60.25,88.83,8.45
551,42.82,23.91,26.8,2.79,93.91,60.25,88.83,8.45
552,42.82,23.91,26.76,2.8,93.91,60.25,88.83,8.45
553,42.82,23.95,26.8,2.79,93.91,60.25,88.83,8.46
554,42.91,23.95,26.8,2.8,93.91,60.25,89.14,8.47
555,42.91,23.95,26.8,2.8,93.91,60.25,89.14,8.46
556,42.82,23.95,26.84,2.8,94.26,60.41,89.14,8.47
557,42.91,23.95,26.84,2.8,94.26,60.25,89.14,8.47
558,42.91,23.95,26.8,2.8,93.91,60.25,89.14,8.47
559,42.91,23.99,26.84,2.8,94.26,60.25,89.46,8.48
560,42.73,23.99,26.84,2.8,94.26,60.25,89.46,8.48
561,42.91,23.99,26.93,2.8,94.26,60.41,89.46,8.5
562,42.82,24.03,26.89,2.8,94.26,60.41,89.46,8.5
563,42.91,23.99,26.84,2.8,94.26,60.41,89.46,8.51
564,42.91,24.03,26.89,2.8,94.61,60.41,89.46,8.52
565,42.91,23.99,26.84,2.8,94.61,60.41,89.46,8.51
566,42.91,23.99,26.89,2.8,94.26,60.41,89.46,8.52
567,42.91,23.99,26.84,2.8,94.26,60.41,89.46,8.52
568,42.82,23.99,26.84,2.8,94.26,60.41,89.46,8.51
569,42.82,23.99,26.84,2.8,93.91,60.41,89.46,8.52
570,42.73,23.99,26.8,2.81,94.26,60.41,89.14,8.52
571,42.82,23.99,26.84,2.8,94.26,60.41,89.46,8.52
572,42.73,23.99,26.84,2.8,94.26,60.57,89.46,8.52
573,42.82,23.99,26.84,2.8,94.26,60.41,89.78,8.54
574,42.82,24.03,26.84,2.81,94.26,60.25,89.78,8.54
575,42.91,23.99,26.84,2.81,94.61,60.41,89.46,8.54
576,42.91,23.99,26.89,2.8,94.26,60.41,89.46,8.55
577,42.91,23.99,26.93,2.81,94.26,60.57,89.78,8.54
578,42.91,24.06,26.89,2.81,94.26,60.57,89.46,8.55
579,42.91,24.03,26.93,2.81,94.26,60.57,89.46,8.55
580,42.91,24.06,26.93,2.81,94.61,60.57,89.78,8.56
581,43.0,24.06,26.89,2.81,94.61,60.73,89.78,8.57
582,43.0,24.06,26.98,2.81,94.61,60.57,89.78,8.57
583,43.0,24.06,26.93,2.81,94.61,60.73,89.78,8.57
584,43.0,24.1,26.98,2.81,94.61,60.73,90.1,8.58
585,43.0,24.06,26.98,2.81,94.61,60.57,89.78,8.58
586,43.0,24.1,26.98,2.81,94.97,60.73,90.1,8.58
587,43.0,24.1,26.98,2.81,94.97,60.73,90.1,8.6
588,43.0,24.1,26.98,2.82,94.97,60.73,90.1,8.6
589,42.91,24.14,26.98,2.81,94.61,60.89,90.1,8.61
590,42.91,24.1,26.93,2.82,94.97,60.89,90.1,8.62
591,42.91,24.1,26.93,2.82,94.61,60.89,90.1,8.61
592,42.91,24.14,26.93,2.82,94.61,60.73,89.78,8.61
593,42.73,24.1,26.93,2.82,94.61,60.73,90.1,8.62
594,42.82,24.1,26.93,2.82,94.26,60.73,89.78,8.63
595,42.91,24.14,26.89,2.82,94.61,60.73,89.78,8.62
596,42.91,24.1,26.89,2.82,94.61,60.73,89.78,8.63
597,42.82,24.1,26.89,2.82,94.61,60.73,89.78,8.63
598,42.91,24.06,26.89,2.82,94.26,60.73,89.78,8.62
599,42.91,24.06,26.89,2.82,94.61,60.73,89.46,8.64
