0,39.3,21.01,24.17,2.77,89.58,54.03,83.77,9.54
1,39.3,21.01,24.21,2.77,89.58,54.03,84.05,9.53
2,39.22,21.01,24.17,2.77,89.58,54.03,83.77,9.54
3,39.22,20.98,24.17,2.77,89.58,53.9,83.77,9.53
4,39.22,21.01,24.13,2.77,89.58,53.9,83.77,9.53
5,39.22,21.01,24.13,2.77,89.58,53.9,84.05,9.54
6,39.15,21.01,24.13,2.77,89.27,53.9,83.77,9.53
7,39.15,21.01,24.13,2.77,89.27,54.03,83.2,9.53
8,39.15,21.01,24.13,2.77,89.58,53.9,83.77,9.54
9,39.07,21.01,24.09,2.77,89.27,53.9,83.77,9.54
10,39.15,21.01,24.13,2.77,89.27,53.9,83.77,9.53
11,39.22,21.01,24.13,2.77,89.27,53.9,83.77,9.54
12,39.22,21.04,24.13,2.77,89.27,54.03,83.77,9.55
13,39.22,21.01,24.13,2.77,89.58,54.03,83.77,9.54
14,39.15,20.98,24.13,2.77,89.58,53.9,83.77,9.54
15,39.15,21.01,24.13,2.77,89.27,53.9,83.77,9.54
16,39.15,21.01,24.13,2.77,89.58,54.03,83.77,9.54
17,39.07,21.04,24.13,2.77,89.58,54.03,84.05,9.54
18,39.22,21.04,24.09,2.77,89.27,54.03,84.05,9.55
19,39.22,21.04,24.13,2.78,89.27,54.03,83.77,9.54
20,39.22,21.04,24.13,2.77,89.58,54.03,83.77,9.54
21,39.22,21.04,24.17,2.77,89.58,54.16,84.05,9.54
22,39.22,21.01,24.17,2.78,89.58,54.03,84.05,9.54
23,39.22,21.04,24.17,2.77,89.58,54.16,84.05,9.54
24,39.15,21.04,24.13,2.78,89.58,54.03,83.77,9.54
25,39.15,21.04,24.13,2.77,89.58,54.03,83.77,9.54
26,39.15,21.07,24.13,2.78,89.58,54.16,83.77,9.54
27,39.07,21.07,24.13,2.78,89.58,54.16,84.05,9.55
28,39.07,21.1,24.09,2.78,89.27,54.16,84.05,9.55
29,39.15,21.1,24.13,2.78,89.58,54.03,84.05,9.56
30,39.07,21.1,24.13,2.78,89.58,54.16,84.05,9.55
31,39.07,21.07,24.09,2.77,89.58,54.16,84.05,9.55
32,38.99,21.07,24.06,2.78,89.27,54.16,83.48,9.56
33,38.99,21.04,24.09,2.78,89.27,54.16,84.05,9.55
34,38.99,21.1,24.09,2.78,89.27,54.16,83.77,9.55
35,39.07,21.07,24.06,2.78,89.27,54.16,83.77,9.55
36,39.07,21.04,24.09,2.77,89.27,54.16,83.77,9.55
37,39.07,21.07,24.09,2.78,89.27,54.16,83.48,9.55
38,39.15,21.07,24.09,2.78,89.58,54.03,84.05,9.55
39,39.15,21.1,24.09,2.78,89.58,54.16,83.77,9.56
40,39.15,21.07,24.09,2.78,89.27,54.03,83.77,9.55
41,39.15,21.07,24.09,2.77,89.27,54.16,83.77,9.55
42,39.07,21.07,24.09,2.78,89.27,54.16,83.77,9.56
43,39.15,21.07,24.13,2.78,89.27,54.16,84.05,9.56
44,39.15,21.07,24.09,2.78,89.58,54.16,84.05,9.55
45,39.15,21.1,24.09,2.78,89.27,54.16,83.77,9.55
46,39.22,21.1,24.13,2.78,89.58,54.3,83.77,9.55
47,39.15,21.07,24.09,2.78,89.27,54.3,83.77,9.55
48,39.15,21.1,24.13,2.78,89.58,54.16,83.48,9.56
49,39.15,21.1,24.17,2.78,89.58,54.16,84.05,9.56
50,39.15,21.1,24.13,2.78,89.58,54.16,83.77,9.55
51,39.15,21.07,24.09,2.78,89.27,54.16,83.77,9.56
52,39.22,21.07,24.17,2.78,89.27,54.16,83.48,9.54
53,39.3,21.07,24.21,2.77,89.58,54.16,83.48,9.55
54,39.46,21.04,24.28,2.78,89.58,54.03,83.48,9.55
55,39.54,21.04,24.36,2.78,90.23,54.16,83.48,9.54
56,39.22,20.98,24.13,2.77,89.58,53.9,81.02,9.55
57,38.3,20.67,23.58,2.77,86.79,53.25,74.82,9.54
58,35.01,19.68,21.22,2.77,76.07,49.73,56.66,9.53
59,32.9,19.01,19.72,2.77,69.26,47.21,47.76,9.5
60,29.12,17.82,17.25,2.77,56.53,41.27,36.12,9.46
61,26.24,16.81,15.59,2.76,47.86,35.83,30.43,9.39
62,24.82,16.27,14.81,2.75,43.75,32.98,28.29,9.36
63,23.25,15.62,14.02,2.75,39.71,29.69,26.37,9.28
64,23.01,15.49,13.87,2.75,39.01,29.14,26.07,9.26
65,22.32,15.18,13.53,2.74,37.51,27.81,25.38,9.22
66,21.37,14.7,13.01,2.73,35.36,25.85,24.32,9.12
67,21.31,14.66,12.99,2.73,35.23,25.73,24.32,9.11
68,20.69,14.3,12.64,2.72,33.95,24.5,23.73,8.99
69,20.63,14.28,12.62,2.71,33.88,24.43,23.69,8.99
70,20.27,14.05,12.43,2.71,33.15,23.68,23.33,8.89
71,20.18,13.98,12.38,2.7,32.91,23.46,23.19,8.85
72,20.07,13.9,12.3,2.7,32.62,23.14,23.05,8.8
73,19.86,13.79,12.17,2.69,32.27,22.83,22.87,8.73
74,19.72,13.7,12.07,2.69,31.99,22.55,22.7,8.68
75,19.55,13.6,11.97,2.68,31.65,22.28,22.5,8.6
76,19.52,13.58,11.95,2.68,31.65,22.21,22.5,8.58
77,19.39,13.49,11.87,2.67,31.32,21.92,22.33,8.5
78,19.36,13.45,11.84,2.67,31.21,21.85,22.29,8.47
79,19.3,13.42,11.83,2.67,31.1,21.79,22.23,8.43
80,19.27,13.4,11.8,2.66,31.04,21.66,22.19,8.42
81,19.22,13.35,11.77,2.66,30.93,21.56,22.16,8.34
82,19.19,13.35,11.75,2.66,30.93,21.5,22.13,8.32
83,19.14,13.3,11.72,2.66,30.83,21.43,22.13,8.28
84,19.08,13.26,11.69,2.66,30.72,21.31,22.06,8.23
85,19.08,13.26,11.69,2.66,30.67,21.31,22.06,8.22
86,19.03,13.24,11.68,2.66,30.56,21.25,21.99,8.16
87,19.0,13.23,11.63,2.65,30.56,21.21,21.96,8.14
88,18.95,13.21,11.6,2.65,30.46,21.12,21.93,8.09
89,18.95,13.19,11.61,2.65,30.4,21.12,21.93,8.08
90,18.92,13.19,11.58,2.65,30.4,21.06,21.96,8.05
91,18.89,13.17,11.58,2.65,30.35,21.03,21.93,8.03
92,18.89,13.19,11.58,2.65,30.35,21.0,21.89,7.99
93,18.89,13.16,11.55,2.65,30.3,20.96,21.89,7.96
94,18.87,13.16,11.55,2.65,30.25,20.96,21.86,7.94
95,18.87,13.14,11.54,2.65,30.25,20.93,21.86,7.93
96,18.84,13.14,11.54,2.64,30.19,20.9,21.86,7.91
97,18.81,13.14,11.53,2.64,30.14,20.9,21.83,7.88
98,18.81,13.12,11.53,2.64,30.14,20.87,21.86,7.87
99,18.81,13.14,11.51,2.64,30.14,20.87,21.86,7.86
100,18.81,13.14,11.53,2.64,30.14,20.84,21.86,7.85
101,18.79,13.12,11.53,2.64,30.14,20.84,21.86,7.83
102,18.79,13.12,11.49,2.64,30.09,20.84,21.86,7.82
103,18.79,13.14,11.49,2.64,30.09,20.81,21.83,7.8
104,18.76,13.12,11.51,2.64,30.04,20.84,21.83,7.8
105,18.76,13.12,11.51,2.64,30.04,20.81,21.8,7.78
106,18.81,13.12,11.53,2.64,30.04,20.78,21.8,7.75
107,18.79,13.11,11.53,2.64,30.09,20.78,21.8,7.74
108,18.81,13.11,11.51,2.64,30.04,20.72,21.83,7.72
109,18.79,13.11,11.51,2.64,30.09,20.72,21.83,7.72
110,18.81,13.09,11.51,2.64,30.04,20.72,21.83,7.7
111,18.81,13.09,11.51,2.64,30.04,20.72,21.83,7.68
112,18.79,13.09,11.51,2.63,30.04,20.69,21.83,7.67
113,18.79,13.09,11.51,2.63,30.04,20.72,21.83,7.67
114,18.76,13.07,11.51,2.64,29.99,20.66,21.83,7.65
115,18.76,13.07,11.48,2.64,29.94,20.69,21.8,7.64
116,18.73,13.07,11.46,2.63,29.94,20.63,21.77,7.62
117,18.73,13.05,11.46,2.63,29.88,20.63,21.77,7.62
118,18.73,13.05,11.48,2.63,29.88,20.66,21.8,7.6
119,18.73,13.07,11.46,2.63,29.88,20.63,21.8,7.59
120,18.73,13.05,11.46,2.63,29.88,20.66,21.8,7.57
121,18.73,13.05,11.46,2.63,29.88,20.66,21.83,7.57
122,18.73,13.05,11.46,2.63,29.88,20.63,21.8,7.56
123,18.73,13.05,11.46,2.63,29.88,20.63,21.8,7.54
124,18.73,13.05,11.46,2.63,29.88,20.6,21.8,7.53
125,18.73,13.05,11.46,2.63,29.88,20.63,21.8,7.52
126,18.73,13.05,11.46,2.63,29.88,20.6,21.8,7.52
127,18.76,13.04,11.48,2.63,29.88,20.6,21.8,7.5
128,18.76,13.05,11.48,2.63,29.88,20.6,21.8,7.5
129,18.73,13.04,11.46,2.63,29.88,20.6,21.83,7.48
130,18.73,13.05,11.48,2.63,29.88,20.6,21.83,7.48
131,18.73,13.07,11.46,2.62,29.88,20.57,21.8,7.47
132,18.73,13.04,11.45,2.62,29.83,20.57,21.83,7.46
133,18.71,13.05,11.45,2.62,29.83,20.57,21.8,7.45
134,18.71,13.02,11.46,2.62,29.83,20.57,21.8,7.44
135,18.71,13.04,11.45,2.62,29.78,20.54,21.77,7.42
136,18.68,13.04,11.45,2.62,29.78,20.54,21.8,7.42
137,18.68,13.04,11.45,2.62,29.78,20.57,21.8,7.42
138,18.68,13.04,11.45,2.63,29.78,20.54,21.8,7.41
139,18.68,13.04,11.45,2.62,29.78,20.54,21.8,7.4
140,18.71,13.04,11.44,2.62,29.78,20.54,21.77,7.39
141,18.71,13.04,11.44,2.62,29.78,20.54,21.8,7.39
142,18.71,13.05,11.45,2.62,29.78,20.54,21.77,7.39
143,18.71,13.04,11.45,2.62,29.78,20.54,21.8,7.38
144,18.68,13.04,11.45,2.62,29.78,20.51,21.8,7.38
145,18.68,13.04,11.45,2.62,29.73,20.51,21.8,7.37
146,18.68,13.04,11.45,2.62,29.73,20.51,21.83,7.37
147,18.68,13.04,11.45,2.62,29.78,20.54,21.83,7.37
148,18.68,13.04,11.45,2.63,29.73,20.51,21.83,7.36
149,18.68,13.04,11.45,2.62,29.73,20.54,21.83,7.35
150,18.68,13.04,11.44,2.62,29.73,20.48,21.8,7.34
151,18.68,13.02,11.44,2.62,29.68,20.48,21.77,7.33
152,18.68,13.02,11.42,2.62,29.68,20.48,21.77,7.33
153,18.65,13.02,11.42,2.62,29.68,20.48,21.77,7.32
154,18.65,13.02,11.42,2.62,29.68,20.48,21.77,7.32
155,18.68,13.02,11.44,2.63,29.68,20.45,21.89,7.31
156,18.84,13.07,11.53,2.62,29.99,20.54,22.26,7.31
157,19.41,13.31,11.86,2.62,31.15,20.9,23.51,7.32
158,19.72,13.44,12.06,2.62,31.82,21.09,24.13,7.33
159,20.42,13.7,12.47,2.62,33.27,21.59,25.38,7.33
160,20.69,13.81,12.64,2.62,33.82,21.79,25.82,7.33
161,21.82,14.24,13.3,2.63,36.1,22.69,27.69,7.36
162,22.76,14.6,13.84,2.63,38.02,23.5,29.21,7.37
163,23.36,14.84,14.15,2.63,39.16,24.01,30.12,7.38
164,23.83,15.04,14.44,2.63,40.27,24.46,30.96,7.39
165,24.86,15.45,14.99,2.64,42.22,25.4,32.59,7.41
166,25.91,15.85,15.59,2.64,44.51,26.53,34.28,7.45
167,26.67,16.16,16.04,2.65,46.29,27.36,35.65,7.48
168,27.69,16.6,16.64,2.65,48.73,28.61,37.53,7.53
169,27.83,16.65,16.71,2.65,48.96,28.8,37.82,7.53
170,28.73,17.07,17.27,2.66,51.4,30.05,39.65,7.57
171,29.27,17.26,17.54,2.66,52.39,30.73,40.54,7.6
172,30.13,17.59,18.06,2.67,54.59,31.94,42.41,7.64
173,30.44,17.77,18.24,2.67,55.55,32.46,43.12,7.66
174,30.92,17.94,18.52,2.67,56.67,33.16,44.14,7.69
175,31.58,18.25,18.95,2.68,58.59,34.33,45.69,7.74
176,32.14,18.51,19.27,2.68,60.45,35.43,47.12,7.78
177,32.55,18.64,19.52,2.69,61.42,36.04,48.19,7.81
178,33.02,18.82,19.81,2.69,63.11,37.08,49.52,7.84
179,33.32,18.9,19.95,2.69,63.8,37.51,50.33,7.87
180,33.93,19.17,20.39,2.7,65.78,38.85,52.14,7.92
181,34.18,19.28,20.6,2.7,66.91,39.48,53.02,7.95
182,34.18,19.31,20.6,2.7,67.1,39.63,53.27,7.95
183,34.69,19.48,20.91,2.71,68.46,40.6,54.72,8.02
184,34.95,19.56,21.06,2.71,69.26,41.1,55.54,8.04
185,35.08,19.65,21.15,2.71,70.08,41.61,56.23,8.06
186,35.54,19.82,21.44,2.72,71.55,42.57,57.82,8.11
187,35.61,19.85,21.5,2.71,71.98,43.02,58.27,8.13
188,35.74,19.9,21.63,2.72,72.63,43.29,58.87,8.14
189,35.95,19.99,21.79,2.72,73.52,43.84,59.95,8.18
190,36.15,20.05,21.89,2.73,73.97,44.31,60.43,8.22
191,36.36,20.11,21.99,2.72,74.89,44.88,61.4,8.25
192,36.43,20.16,22.12,2.73,75.59,45.27,62.06,8.27
193,36.57,20.22,22.19,2.73,76.31,45.77,62.9,8.3
194,36.64,20.25,22.29,2.73,76.55,46.07,63.42,8.32
195,36.85,20.31,22.35,2.73,77.03,46.27,63.77,8.36
196,36.85,20.31,22.42,2.74,77.28,46.69,64.47,8.38
197,36.92,20.34,22.49,2.73,78.02,47.1,65.38,8.42
198,37.06,20.37,22.56,2.74,78.52,47.21,65.74,8.44
199,37.13,20.4,22.59,2.74,78.77,47.31,65.93,8.44
200,37.27,20.43,22.66,2.75,79.03,47.63,66.67,8.46
201,37.2,20.43,22.73,2.75,79.28,47.84,66.67,8.48
202,37.35,20.46,22.76,2.75,79.8,48.06,67.25,8.52
203,37.42,20.49,22.8,2.75,80.06,48.28,67.63,8.54
204,37.35,20.52,22.83,2.75,80.06,48.39,67.83,8.54
205,37.64,20.52,22.94,2.75,80.58,48.72,68.61,8.58
206,37.64,20.52,22.97,2.75,80.58,48.83,69.01,8.6
207,37.78,20.55,22.97,2.75,81.11,48.94,69.21,8.61
208,37.71,20.58,23.04,2.75,81.38,49.05,69.62,8.63
209,37.78,20.58,23.04,2.75,81.38,49.16,69.82,8.64
210,37.86,20.58,23.08,2.75,81.65,49.28,70.03,8.66
211,37.93,20.64,23.11,2.75,81.92,49.5,70.23,8.68
212,37.93,20.64,23.15,2.75,81.92,49.62,70.65,8.7
213,37.86,20.61,23.18,2.75,81.92,49.62,70.86,8.7
214,37.93,20.64,23.18,2.75,82.47,49.73,71.28,8.73
215,37.93,20.64,23.18,2.75,82.47,49.85,71.49,8.74
216,37.93,20.64,23.18,2.75,82.47,49.96,71.49,8.76
217,37.93,20.64,23.22,2.75,82.75,49.96,71.71,8.76
218,37.93,20.67,23.18,2.75,82.75,50.08,71.92,8.79
219,37.93,20.67,23.22,2.75,82.75,50.08,72.14,8.81
220,37.93,20.67,23.22,2.75,83.02,50.19,72.14,8.81
221,38.01,20.7,23.29,2.75,83.3,50.31,72.35,8.83
222,38.08,20.7,23.29,2.75,83.3,50.43,72.79,8.84
223,38.08,20.73,23.33,2.75,83.3,50.43,72.79,8.85
224,38.16,20.73,23.36,2.75,83.58,50.55,73.01,8.87
225,38.23,20.76,23.4,2.75,84.15,50.55,73.23,8.88
226,38.23,20.76,23.43,2.75,83.87,50.78,73.46,8.89
227,38.3,20.76,23.43,2.75,83.87,50.78,73.68,8.9
228,38.3,20.76,23.43,2.76,84.15,50.78,73.68,8.9
229,38.3,20.73,23.47,2.76,84.15,50.78,73.91,8.91
230,38.3,20.76,23.47,2.77,84.44,50.9,73.91,8.95
231,38.38,20.76,23.51,2.76,84.15,50.9,73.91,8.92
232,38.3,20.76,23.51,2.76,84.44,50.9,74.14,8.95
233,38.3,20.76,23.51,2.76,84.44,50.9,74.36,8.95
234,38.3,20.76,23.47,2.75,84.44,50.9,74.36,8.95
235,38.23,20.73,23.4,2.75,84.15,51.02,74.36,8.97
236,38.16,20.73,23.43,2.75,84.15,51.02,74.36,8.98
237,38.16,20.73,23.47,2.76,84.44,51.02,74.59,8.98
238,38.23,20.73,23.43,2.75,84.44,51.02,74.59,8.99
239,38.3,20.76,23.47,2.75,84.44,51.14,74.82,9.0
240,38.23,20.76,23.43,2.75,84.44,51.14,74.82,9.01
241,38.3,20.73,23.47,2.75,84.73,51.14,74.82,9.01
242,38.3,20.73,23.47,2.75,84.73,51.14,75.06,9.03
243,38.38,20.76,23.51,2.75,84.73,51.14,75.06,9.03
244,38.38,20.76,23.54,2.75,84.73,51.26,75.29,9.04
245,38.53,20.82,23.54,2.76,85.02,51.38,75.52,9.06
246,38.46,20.79,23.54,2.75,85.02,51.38,75.52,9.06
247,38.46,20.79,23.58,2.76,85.31,51.38,75.52,9.06
248,38.38,20.79,23.58,2.77,85.02,51.5,75.52,9.07
249,38.46,20.79,23.58,2.75,85.02,51.5,75.76,9.08
250,38.46,20.79,23.58,2.76,85.31,51.62,75.76,9.08
251,38.46,20.82,23.58,2.75,85.31,51.5,75.99,9.1
252,38.46,20.82,23.58,2.75,85.31,51.62,75.99,9.11
253,38.38,20.85,23.61,2.76,85.6,51.62,76.23,9.12
254,38.46,20.82,23.61,2.76,85.6,51.75,75.99,9.12
255,38.38,20.82,23.58,2.76,85.6,51.62,76.23,9.13
256,38.38,20.85,23.61,2.75,85.6,51.87,76.47,9.13
257,38.38,20.88,23.61,2.76,85.6,51.87,76.47,9.14
258,38.46,20.88,23.58,2.76,85.6,51.87,76.23,9.15
259,38.46,20.88,23.61,2.76,85.89,51.99,76.47,9.15
260,38.46,20.88,23.65,2.77,85.89,51.99,76.71,9.17
261,38.46,20.88,23.61,2.77,85.89,51.87,76.71,9.18
262,38.46,20.88,23.61,2.76,85.89,51.99,76.71,9.18
263,38.38,20.88,23.65,2.77,85.89,51.99,76.71,9.18
264,38.46,20.88,23.61,2.76,85.89,51.87,76.71,9.18
265,38.46,20.85,23.58,2.77,85.6,51.87,76.71,9.18
266,38.38,20.85,23.58,2.76,85.6,51.99,76.71,9.2
267,38.3,20.82,23.54,2.76,85.6,51.99,76.71,9.19
268,38.3,20.82,23.54,2.76,85.6,51.87,76.71,9.2
269,38.38,20.82,23.51,2.76,85.6,51.99,76.71,9.2
270,38.3,20.82,23.54,2.76,85.6,51.99,76.71,9.2
271,38.38,20.85,23.54,2.76,85.6,51.99,76.95,9.21
272,38.38,20.85,23.51,2.75,85.6,52.12,76.71,9.21
273,38.38,20.85,23.54,2.77,85.89,52.24,76.95,9.21
274,38.38,20.85,23.58,2.75,85.6,51.99,76.95,9.22
275,38.46,20.85,23.61,2.75,85.89,52.12,77.2,9.22
276,38.46,20.85,23.61,2.76,85.89,51.99,77.2,9.24
277,38.61,20.85,23.61,2.76,85.89,52.12,77.2,9.22
278,38.61,20.88,23.65,2.76,85.89,52.12,77.44,9.24
279,38.61,20.85,23.65,2.76,86.19,52.12,77.44,9.24
280,38.68,20.85,23.69,2.76,86.19,52.24,77.44,9.24
281,38.68,20.85,23.69,2.75,86.19,52.12,77.44,9.25
282,38.68,20.85,23.72,2.75,86.19,52.24,77.69,9.25
283,38.76,20.88,23.76,2.76,86.49,52.24,77.69,9.25
284,38.76,20.91,23.8,2.76,86.49,52.37,77.94,9.26
285,38.84,20.91,23.83,2.76,86.79,52.37,77.94,9.27
286,38.84,20.95,23.83,2.76,86.79,52.49,77.94,9.26
287,38.84,20.91,23.87,2.77,86.79,52.49,78.19,9.27
288,38.84,20.95,23.87,2.77,86.79,52.37,78.19,9.27
289,38.91,20.91,23.87,2.76,86.79,52.37,78.44,9.28
290,38.84,20.91,23.91,2.76,86.79,52.49,78.44,9.28
291,38.91,20.91,23.91,2.77,87.09,52.49,78.44,9.28
292,38.91,20.95,23.91,2.76,87.09,52.49,78.69,9.28
293,38.91,20.95,23.87,2.77,87.09,52.62,78.69,9.28
294,38.91,20.91,23.91,2.76,87.09,52.62,78.44,9.28
295,38.84,20.91,23.87,2.76,87.4,52.49,78.69,9.28
296,38.91,20.91,23.87,2.76,87.09,52.49,78.94,9.3
297,38.84,20.95,23.91,2.76,87.09,52.49,78.69,9.3
298,38.84,20.91,23.87,2.76,87.09,52.49,78.69,9.3
299,38.84,20.91,23.87,2.76,87.09,52.49,78.69,9.3
300,38.84,20.91,23.83,2.76,87.09,52.62,78.44,9.3
301,38.84,20.95,23.87,2.76,87.09,52.49,78.69,9.3
302,38.76,20.91,23.87,2.76,87.09,52.62,78.94,9.31
303,38.76,20.95,23.83,2.76,87.09,52.49,78.94,9.31
304,38.68,20.95,23.83,2.76,87.09,52.62,78.94,9.31
305,38.68,20.91,23.83,2.76,87.09,52.62,78.94,9.32
306,38.68,20.91,23.76,2.75,87.09,52.62,78.94,9.32
307,38.61,20.91,23.76,2.76,87.09,52.62,78.94,9.32
308,38.61,20.88,23.76,2.75,86.79,52.62,78.69,9.31
309,38.61,20.91,23.76,2.76,86.79,52.62,78.94,9.31
310,38.61,20.88,23.76,2.76,86.79,52.62,78.94,9.32
311,38.61,20.91,23.76,2.76,86.79,52.62,78.94,9.32
312,38.61,20.91,23.72,2.76,86.79,52.62,78.69,9.32
313,38.53,20.91,23.69,2.76,86.79,52.62,78.94,9.32
314,38.61,20.91,23.72,2.76,86.79,52.62,78.94,9.33
315,38.61,20.95,23.76,2.76,87.09,52.74,79.2,9.33
316,38.61,20.95,23.72,2.75,86.79,52.87,79.2,9.34
317,38.61,20.98,23.76,2.76,86.79,52.74,78.94,9.34
318,38.53,20.98,23.76,2.76,87.09,52.87,79.2,9.34
319,38.61,20.98,23.76,2.76,87.09,52.87,79.2,9.34
320,38.61,20.98,23.72,2.77,87.09,52.87,79.45,9.34
321,38.68,20.95,23.72,2.76,87.09,52.87,79.2,9.34
322,38.61,20.98,23.72,2.77,86.79,52.87,79.2,9.34
323,38.68,20.98,23.76,2.76,87.09,52.87,79.45,9.36
324,38.68,20.98,23.76,2.77,87.09,52.87,79.2,9.34
325,38.68,20.98,23.76,2.77,87.09,52.87,79.71,9.36
326,38.68,20.95,23.76,2.76,87.09,52.74,79.45,9.34
327,38.68,20.95,23.76,2.76,87.09,52.87,79.45,9.34
328,38.68,20.91,23.76,2.76,87.09,52.74,79.45,9.34
329,38.68,20.91,23.72,2.76,87.09,52.74,79.45,9.34
330,38.68,20.91,23.72,2.76,87.09,52.74,79.45,9.34
331,38.61,20.91,23.72,2.76,87.09,52.74,79.45,9.34
332,38.68,20.91,23.72,2.76,87.09,52.74,79.45,9.34
333,38.68,20.91,23.76,2.75,87.09,52.74,79.45,9.34
334,38.68,20.91,23.76,2.75,87.09,52.87,79.71,9.34
335,38.61,20.91,23.72,2.76,86.79,52.74,79.45,9.34
336,38.68,20.91,23.76,2.76,87.09,52.87,79.71,9.36
337,38.68,20.95,23.76,2.76,87.09,52.87,79.71,9.36
338,38.68,20.95,23.8,2.76,87.09,52.74,79.71,9.36
339,38.68,20.88,23.8,2.76,87.09,52.74,79.71,9.36
340,38.68,20.91,23.8,2.75,87.09,52.87,79.71,9.37
341,38.76,20.91,23.8,2.75,87.4,52.74,79.71,9.36
342,38.76,20.95,23.8,2.76,87.4,52.87,79.71,9.36
343,38.76,20.91,23.8,2.76,87.4,52.87,79.71,9.36
344,38.84,20.91,23.83,2.75,87.4,52.87,79.97,9.36
345,38.84,20.95,23.87,2.76,87.4,52.87,79.97,9.36
346,38.84,20.95,23.87,2.76,87.4,52.87,79.97,9.36
347,38.84,20.95,23.87,2.76,87.4,52.87,79.97,9.36
348,38.84,20.95,23.87,2.75,87.7,53.0,80.23,9.37
349,38.84,20.95,23.87,2.76,87.4,53.0,80.23,9.36
350,38.84,20.95,23.91,2.75,87.7,53.0,80.23,9.38
351,38.84,20.98,23.87,2.76,87.4,53.0,80.49,9.37
352,38.84,20.95,23.91,2.76,87.7,53.12,80.23,9.37
353,38.84,20.95,23.91,2.76,87.7,53.0,80.23,9.37
354,38.84,20.95,23.87,2.76,87.7,53.0,80.23,9.38
355,38.84,20.98,23.83,2.76,87.7,53.0,80.49,9.38
356,38.84,20.95,23.87,2.76,87.7,53.0,80.49,9.38
357,38.84,20.95,23.83,2.75,87.7,53.0,80.49,9.37
358,38.84,20.95,23.87,2.76,87.7,53.0,80.23,9.37
359,38.76,20.95,23.87,2.75,87.7,53.0,80.49,9.37
360,38.76,20.98,23.87,2.76,87.7,53.12,80.23,9.38
361,38.84,20.98,23.87,2.76,87.7,53.0,80.49,9.38
362,38.84,20.95,23.87,2.76,87.7,53.0,80.23,9.38
363,38.84,20.95,23.83,2.77,87.4,53.0,80.23,9.38
364,38.84,20.95,23.83,2.76,87.4,52.87,80.23,9.38
365,38.76,20.91,23.83,2.76,87.7,53.0,80.49,9.38
366,38.76,20.98,23.83,2.76,87.4,53.0,80.49,9.39
367,38.84,20.95,23.87,2.76,87.4,53.0,80.49,9.38
368,38.76,20.98,23.83,2.75,87.7,53.0,80.49,9.38
369,38.84,20.95,23.87,2.76,87.7,53.0,80.76,9.39
370,38.84,20.95,23.83,2.76,87.7,53.0,80.76,9.39
371,38.84,20.95,23.83,2.75,87.4,53.0,80.49,9.39
372,38.84,20.91,23.83,2.75,87.7,53.0,80.49,9.39
373,38.84,20.91,23.83,2.75,87.4,52.87,80.49,9.38
374,38.84,20.95,23.83,2.76,87.7,53.0,80.49,9.39
375,38.84,20.95,23.83,2.76,87.7,53.0,80.76,9.39
376,38.84,20.98,23.87,2.76,87.7,53.12,80.76,9.39
377,38.84,20.98,23.87,2.75,87.7,52.87,80.76,9.39
378,38.84,20.95,23.91,2.76,87.7,53.12,80.76,9.4
379,38.91,20.95,23.87,2.76,87.7,53.12,81.02,9.39
380,38.91,20.95,23.91,2.76,87.7,53.12,80.76,9.39
381,38.91,20.95,23.87,2.75,87.7,53.0,80.76,9.39
382,38.91,20.95,23.91,2.76,87.7,53.0,81.02,9.39
383,38.91,20.95,23.87,2.76,88.01,53.12,80.76,9.39
384,38.84,20.95,23.91,2.76,87.7,53.12,81.02,9.38
385,38.91,20.91,23.91,2.75,87.7,53.12,80.76,9.39
386,38.91,20.98,23.91,2.76,88.01,53.12,81.02,9.39
387,38.91,20.95,23.87,2.75,88.01,53.12,81.02,9.39
388,38.91,20.98,23.95,2.76,88.01,53.25,81.02,9.4
389,38.91,20.98,23.95,2.76,88.01,53.12,81.29,9.4
390,38.84,20.98,23.91,2.76,88.01,53.12,81.02,9.4
391,38.84,20.98,23.91,2.75,88.01,53.12,81.29,9.4
392,38.84,20.98,23.91,2.76,88.01,53.25,81.02,9.4
393,38.84,20.98,23.91,2.76,88.01,53.25,81.29,9.4
394,38.84,20.98,23.91,2.76,88.01,53.25,81.29,9.4
395,38.76,20.98,23.87,2.76,88.01,53.25,81.02,9.42
396,38.76,20.95,23.87,2.77,87.7,53.12,81.02,9.4
397,38.76,20.95,23.83,2.76,87.7,53.12,81.02,9.39
398,38.76,20.98,23.83,2.75,87.7,53.12,81.29,9.4
399,38.76,20.98,23.83,2.76,87.7,53.12,81.02,9.42
400,38.76,20.95,23.83,2.75,87.7,53.12,81.02,9.4
401,38.76,20.95,23.87,2.76,87.7,53.25,81.02,9.4
402,38.84,20.98,23.83,2.76,87.7,53.25,81.29,9.42
403,38.76,20.98,23.91,2.76,87.7,53.12,81.29,9.42
404,38.76,21.01,23.87,2.76,87.7,53.25,81.29,9.42
405,38.76,20.98,23.87,2.77,88.01,53.25,81.29,9.42
406,38.76,20.98,23.83,2.76,87.7,53.25,81.29,9.42
407,38.76,20.98,23.87,2.76,88.01,53.25,81.29,9.42
408,38.84,21.01,23.87,2.76,87.7,53.25,81.29,9.42
409,38.76,20.98,23.83,2.77,88.01,53.25,81.29,9.42
410,38.84,20.98,23.83,2.76,88.01,53.25,81.29,9.42
411,38.76,20.95,23.87,2.77,88.01,53.25,81.29,9.4
412,38.76,20.95,23.87,2.76,87.7,53.25,81.29,9.42
413,38.76,20.95,23.83,2.76,87.7,53.25,81.29,9.42
414,38.76,20.98,23.87,2.77,87.7,53.25,81.29,9.42
415,38.68,20.98,23.83,2.76,87.7,53.12,81.56,9.42
416,38.84,20.98,23.87,2.76,87.7,53.25,81.29,9.42
417,38.76,20.98,23.87,2.77,87.7,53.25,81.29,9.43
418,38.84,20.95,23.87,2.77,88.01,53.25,81.56,9.43
419,38.84,20.95,23.91,2.76,88.01,53.25,81.56,9.42
420,38.84,20.95,23.87,2.76,88.01,53.12,81.56,9.43
421,38.84,20.95,23.87,2.77,88.01,53.38,81.56,9.43
422,38.84,20.95,23.87,2.76,88.01,53.25,81.56,9.42
423,38.84,20.95,23.87,2.76,87.7,53.25,81.56,9.43
424,38.84,20.95,23.87,2.77,88.01,53.12,81.56,9.43
425,38.84,20.91,23.87,2.76,87.7,53.25,81.29,9.43
426,38.84,20.91,23.87,2.76,88.01,53.25,81.56,9.42
427,38.76,20.91,23.83,2.75,88.01,53.25,81.29,9.42
428,38.76,20.95,23.83,2.76,88.01,53.25,81.56,9.43
429,38.84,20.91,23.87,2.76,88.01,53.25,81.56,9.43
430,38.84,20.95,23.87,2.76,88.01,53.25,81.56,9.43
431,38.84,20.95,23.91,2.76,88.01,53.25,81.56,9.43
432,38.84,20.91,23.87,2.76,87.7,53.25,81.56,9.42
433,38.76,20.91,23.87,2.76,88.01,53.25,81.56,9.42
434,38.84,20.95,23.91,2.76,88.01,53.25,81.56,9.43
435,38.84,20.95,23.87,2.76,88.01,53.25,81.56,9.43
436,38.76,20.91,23.83,2.76,88.01,53.25,81.56,9.43
437,38.76,20.95,23.83,2.77,88.01,53.25,81.56,9.43
438,38.76,20.91,23.87,2.77,87.7,53.25,81.56,9.42
439,38.76,20.91,23.87,2.76,88.01,53.25,81.83,9.43
440,38.76,20.88,23.83,2.76,87.7,53.12,81.56,9.43
441,38.76,20.88,23.83,2.76,88.01,53.12,81.56,9.43
442,38.68,20.88,23.8,2.76,88.32,53.12,81.56,9.42
443,38.76,20.88,23.8,2.75,87.7,53.12,81.29,9.42
444,38.68,20.88,23.8,2.76,87.7,53.12,81.56,9.42
445,38.68,20.85,23.8,2.76,87.7,53.12,81.56,9.42
446,38.68,20.88,23.8,2.77,87.7,53.12,81.56,9.42
447,38.68,20.91,23.8,2.76,88.01,53.12,81.56,9.43
448,38.76,20.88,23.8,2.76,88.01,53.25,81.56,9.43
449,38.84,20.88,23.83,2.76,87.7,53.25,81.56,9.42
450,38.76,20.88,23.83,2.76,88.01,53.25,81.56,9.43
451,38.76,20.88,23.83,2.76,87.7,53.12,81.56,9.43
452,38.76,20.91,23.87,2.76,88.01,53.25,81.56,9.43
453,38.84,20.91,23.83,2.76,88.01,53.25,81.83,9.42
454,38.84,20.91,23.87,2.75,88.01,53.12,81.83,9.43
455,38.91,20.91,23.91,2.75,88.32,53.38,82.1,9.44
456,38.91,20.91,23.95,2.76,88.32,53.25,82.1,9.44
457,38.91,20.95,23.91,2.76,88.32,53.38,82.1,9.44
458,38.91,20.95,23.98,2.76,88.64,53.38,82.1,9.44
459,38.91,20.95,23.95,2.77,88.64,53.38,82.1,9.44
460,38.91,20.95,23.95,2.77,88.32,53.38,82.1,9.44
461,38.84,20.95,23.95,2.77,88.32,53.38,82.1,9.45
462,38.84,20.95,23.91,2.76,88.32,53.51,82.1,9.45
463,38.76,20.91,23.91,2.77,88.32,53.38,82.1,9.45
464,38.76,20.91,23.91,2.77,88.32,53.25,81.83,9.45
465,38.68,20.91,23.87,2.77,88.01,53.25,81.83,9.44
466,38.68,20.91,23.83,2.76,88.01,53.25,81.56,9.45
467,38.68,20.88,23.83,2.76,88.01,53.25,81.83,9.45
468,38.68,20.88,23.83,2.76,88.01,53.25,81.83,9.44
469,38.68,20.85,23.83,2.76,88.01,53.25,81.83,9.44
470,38.68,20.88,23.8,2.76,87.7,53.25,81.83,9.44
471,38.61,20.88,23.8,2.76,88.01,53.25,81.83,9.44
472,38.68,20.88,23.8,2.76,88.01,53.25,81.56,9.44
473,38.61,20.88,23.8,2.76,88.01,53.25,81.83,9.45
474,38.68,20.88,23.83,2.77,87.7,53.25,81.83,9.44
475,38.61,20.88,23.8,2.76,88.01,53.12,81.83,9.44
476,38.68,20.88,23.8,2.76,87.7,53.25,81.83,9.44
477,38.68,20.88,23.8,2.76,87.7,53.25,81.83,9.44
478,38.68,20.88,23.8,2.77,87.7,53.25,81.83,9.44
479,38.68,20.88,23.8,2.77,87.7,53.38,81.83,9.44
480,38.61,20.88,23.8,2.76,87.7,53.25,81.83,9.44
481,38.68,20.88,23.8,2.77,87.7,53.25,81.83,9.45
482,38.68,20.91,23.83,2.77,87.7,53.38,81.83,9.44
483,38.61,20.91,23.83,2.77,88.01,53.38,81.83,9.44
484,38.61,20.91,23.83,2.77,88.01,53.38,82.1,9.44
485,38.68,20.91,23.8,2.77,87.7,53.38,81.83,9.44
486,38.68,20.88,23.83,2.76,88.01,53.38,81.83,9.45
487,38.76,20.88,23.8,2.76,88.01,53.25,82.1,9.45
488,38.76,20.91,23.83,2.77,88.01,53.38,82.1,9.45
489,38.84,20.91,23.83,2.77,88.01,53.38,82.1,9.45
490,38.76,20.95,23.87,2.77,88.32,53.38,82.1,9.45
491,38.84,20.91,23.87,2.76,88.32,53.38,82.1,9.46
492,38.84,20.91,23.87,2.76,88.32,53.38,82.1,9.45
493,38.84,20.91,23.91,2.77,88.32,53.51,82.37,9.45
494,38.91,20.91,23.95,2.77,88.32,53.38,82.37,9.46
495,38.91,20.91,23.95,2.77,88.32,53.38,82.65,9.45
496,38.99,20.91,23.95,2.77,88.64,53.38,82.37,9.46
497,38.99,20.88,23.95,2.77,88.32,53.38,82.65,9.46
498,38.91,20.91,23.95,2.77,88.32,53.38,82.37,9.46
499,38.91,20.88,23.95,2.77,88.32,53.51,82.37,9.45
500,38.91,20.88,23.95,2.77,88.32,53.38,82.37,9.48
501,38.91,20.95,23.95,2.76,88.64,53.51,82.37,9.46
502,38.84,20.91,23.95,2.77,88.64,53.12,82.37,9.46
503,38.91,20.91,23.95,2.77,88.64,53.38,82.37,9.46
504,38.91,20.88,23.91,2.77,88.64,53.51,82.37,9.46
505,38.91,20.88,23.95,2.77,88.32,53.38,82.37,9.46
506,38.91,20.91,23.95,2.77,88.64,53.38,82.65,9.46
507,38.91,20.91,23.95,2.76,88.32,53.25,82.65,9.48
508,38.91,20.95,23.95,2.77,88.32,53.38,82.65,9.46
509,38.91,20.91,23.95,2.77,88.32,53.38,82.92,9.48
510,38.91,20.91,23.98,2.77,88.64,53.51,82.65,9.45
511,38.84,20.91,23.95,2.77,88.32,53.51,82.65,9.48
512,38.91,20.91,23.95,2.77,88.64,53.51,82.65,9.48
513,38.91,20.95,23.98,2.77,88.64,53.51,82.65,9.48
514,38.91,20.95,24.02,2.77,88.64,53.51,82.92,9.49
515,38.91,20.95,24.02,2.77,88.64,53.64,82.92,9.48
516,38.99,20.91,23.98,2.77,88.64,53.51,82.65,9.48
517,38.99,20.95,24.02,2.77,88.64,53.51,82.92,9.48
518,38.99,20.98,23.98,2.77,88.64,53.64,82.92,9.49
519,38.91,20.98,23.98,2.78,88.64,53.64,82.92,9.49
520,38.91,20.98,24.02,2.77,88.64,53.64,82.92,9.49
521,38.91,20.98,23.98,2.77,88.64,53.77,82.65,9.5
522,38.91,20.98,23.98,2.77,88.64,53.77,82.92,9.5
523,38.91,20.98,23.98,2.77,88.95,53.64,82.92,9.5
524,38.99,20.98,23.98,2.77,88.64,53.77,82.92,9.5
525,38.99,21.01,24.02,2.77,88.64,53.77,82.92,9.49
526,39.07,21.01,24.02,2.77,88.95,53.77,82.92,9.51
527,39.07,21.04,24.06,2.78,88.95,53.77,83.2,9.51
528,39.07,21.01,24.06,2.78,88.95,53.64,83.2,9.51
529,39.07,21.04,24.06,2.78,88.95,53.77,82.92,9.51
530,39.07,20.98,24.06,2.78,89.27,53.77,82.92,9.51
531,39.07,20.98,24.02,2.77,88.95,53.77,82.92,9.5
532,38.99,20.98,24.02,2.78,88.64,53.77,82.92,9.51
533,38.91,20.98,23.98,2.78,88.64,53.77,82.65,9.51
534,38.91,20.98,23.98,2.78,88.64,53.64,82.92,9.5
535,38.91,20.98,23.98,2.77,88.64,53.64,82.92,9.5
536,38.91,20.98,23.98,2.77,88.64,53.64,82.92,9.5
537,38.99,20.98,23.98,2.77,88.64,53.64,82.92,9.5
538,38.91,21.01,23.98,2.78,88.64,53.77,82.92,9.51
539,38.91,20.98,23.98,2.77,88.64,53.77,82.92,9.5
540,38.99,21.01,23.98,2.78,88.64,53.77,83.2,9.5
541,38.99,21.01,24.02,2.78,88.95,53.77,82.92,9.51
542,38.99,21.01,24.02,2.78,88.64,53.77,82.92,9.5
543,38.99,21.01,23.98,2.78,88.95,53.77,83.2,9.51
544,38.99,21.01,23.98,2.77,88.95,53.77,82.92,9.51
545,38.99,21.01,23.98,2.77,88.95,53.77,82.92,9.51
546,38.99,21.01,24.02,2.78,88.95,53.77,83.2,9.51
547,39.07,21.01,24.02,2.78,88.95,53.77,83.2,9.53
548,39.07,21.01,24.02,2.78,88.95,53.77,83.2,9.53
549,38.99,21.04,24.06,2.78,88.95,53.9,83.2,9.53
550,39.07,21.04,24.02,2.78,88.95,53.9,83.2,9.53
551,39.07,21.04,24.06,2.78,88.95,53.77,83.2,9.53
552,38.91,21.01,24.02,2.78,88.95,53.9,83.2,9.53
553,38.99,20.98,24.02,2.78,88.64,53.77,82.92,9.53
554,38.99,20.98,24.02,2.78,88.95,54.03,82.92,9.51
555,38.91,20.98,23.98,2.78,88.95,53.77,83.2,9.53
556,38.99,20.98,24.06,2.78,88.95,53.9,83.2,9.53
557,38.99,21.01,24.02,2.78,88.64,53.9,83.2,9.53
558,38.99,21.01,24.06,2.78,88.95,53.9,83.2,9.54
559,38.99,21.01,24.06,2.78,88.95,53.9,83.2,9.53
560,38.91,21.04,24.06,2.78,88.95,53.9,83.2,9.54
561,39.07,21.04,24.06,2.78,89.27,53.9,83.2,9.53
562,38.99,21.04,24.02,2.78,88.95,53.9,83.2,9.53
563,38.99,21.04,24.06,2.78,88.95,53.9,82.92,9.54
564,38.99,21.04,24.06,2.78,88.95,53.9,83.2,9.53
565,39.07,20.98,24.02,2.78,88.95,53.77,83.2,9.54
566,39.07,21.01,24.06,2.78,88.95,53.9,83.2,9.54
567,39.07,21.01,24.06,2.78,89.27,53.9,83.2,9.54
568,39.07,21.01,24.02,2.78,88.95,53.9,83.2,9.54
569,38.99,21.01,24.02,2.78,88.95,53.9,83.2,9.53
570,38.91,20.98,24.02,2.78,88.95,53.9,83.2,9.53
571,38.91,20.98,23.98,2.78,88.64,53.77,82.92,9.53
572,38.91,20.98,24.02,2.78,88.64,53.9,83.2,9.53
573,38.99,20.98,24.02,2.77,88.95,53.77,83.2,9.54
574,38.99,20.98,24.02,2.78,88.64,53.77,82.92,9.53
575,38.99,21.01,23.98,2.78,88.95,53.9,82.92,9.54
576,38.91,21.01,24.02,2.78,88.95,53.9,82.92,9.53
577,38.99,21.01,24.02,2.78,88.95,53.77,82.92,9.53
578,38.99,21.01,24.06,2.78,88.95,53.9,83.2,9.54
579,38.99,21.01,24.06,2.78,88.95,53.9,83.2,9.54
580,38.99,20.98,24.02,2.77,88.95,53.77,83.2,9.53
581,38.99,20.98,24.06,2.78,88.95,53.9,83.2,9.54
582,39.07,21.01,24.09,2.78,88.95,53.9,82.92,9.54
583,39.07,21.01,24.09,2.78,88.95,53.9,83.48,9.54
584,39.15,21.04,24.09,2.78,89.27,53.9,83.2,9.54
585,39.07,21.04,24.09,2.78,89.27,53.9,83.48,9.54
586,39.07,21.04,24.09,2.78,89.27,53.9,83.48,9.55
587,39.07,21.04,24.13,2.78,89.27,54.03,83.48,9.55
588,39.07,21.04,24.09,2.78,89.27,54.03,83.48,9.55
589,39.07,21.1,24.09,2.78,89.27,53.77,83.48,9.55
590,39.07,21.07,24.09,2.78,89.27,54.03,83.48,9.56
591,38.99,21.07,24.09,2.78,89.27,54.03,83.77,9.55
592,38.99,21.04,24.09,2.78,89.27,54.03,83.48,9.56
593,38.99,21.04,24.06,2.78,88.95,54.03,83.48,9.56
594,38.99,21.04,24.06,2.78,89.27,54.03,83.2,9.55
595,38.99,21.04,24.06,2.78,89.27,53.9,83.2,9.55
596,38.99,21.04,24.02,2.78,88.95,54.16,83.48,9.55
597,38.99,21.04,24.06,2.78,89.27,54.03,83.48,9.56
598,38.99,21.04,24.06,2.78,88.95,54.03,83.2,9.55
599,38.99,21.04,24.06,2.78,88.95,54.03,83.2,9.55
