0,44.4,23.44,27.15,2.82,101.76,59.46,91.73,9.63
1,44.4,23.41,27.15,2.82,101.36,59.46,91.73,9.63
2,44.4,23.41,27.11,2.82,101.36,59.46,91.4,9.62
3,44.3,23.41,27.11,2.82,101.36,59.31,91.4,9.62
4,44.3,23.41,27.11,2.82,100.96,59.31,91.4,9.62
5,44.3,23.41,27.06,2.82,101.36,59.31,91.4,9.62
6,44.3,23.41,27.06,2.82,100.96,59.31,91.07,9.62
7,44.4,23.41,27.11,2.83,100.96,59.31,91.4,9.62
8,44.49,23.41,27.11,2.83,101.36,59.46,91.07,9.63
9,44.4,23.41,27.11,2.82,101.36,59.31,91.4,9.62
10,44.49,23.41,27.11,2.82,100.96,59.31,91.4,9.62
11,44.49,23.37,27.11,2.82,100.57,59.31,91.4,9.62
12,44.49,23.37,27.11,2.82,101.36,59.31,91.4,9.62
13,44.49,23.41,27.11,2.82,100.96,59.31,91.4,9.63
14,44.49,23.37,27.15,2.82,100.96,59.31,91.4,9.62
15,44.4,23.37,27.11,2.82,100.96,59.31,91.4,9.63
16,44.4,23.37,27.11,2.82,100.96,59.31,91.4,9.62
17,44.4,23.37,27.15,2.82,101.36,59.16,91.07,9.62
18,44.49,23.37,27.15,2.82,101.36,59.31,91.4,9.63
19,44.4,23.37,27.15,2.82,101.36,59.31,91.4,9.63
20,44.4,23.41,27.15,2.82,101.36,59.46,91.4,9.62
21,44.4,23.41,27.15,2.82,101.36,59.46,91.4,9.63
22,44.4,23.33,27.15,2.82,100.96,59.46,91.73,9.63
23,44.49,23.41,27.15,2.82,101.36,59.16,91.4,9.65
24,44.4,23.44,27.15,2.83,101.36,59.46,92.07,9.65
25,44.49,23.41,27.15,2.83,101.36,59.46,91.4,9.65
26,44.49,23.44,27.15,2.82,101.36,59.46,91.73,9.66
27,44.49,23.41,27.15,2.82,101.36,59.46,91.4,9.65
28,44.4,23.41,27.2,2.83,101.36,59.46,91.4,9.66
29,44.49,23.44,27.2,2.83,101.36,59.62,91.73,9.67
30,44.49,23.44,27.24,2.83,101.36,59.62,91.73,9.66
31,44.49,23.41,27.24,2.83,101.76,59.46,91.73,9.66
32,44.49,23.41,27.2,2.83,101.36,59.46,91.73,9.65
33,44.49,23.41,27.2,2.83,101.36,59.46,91.73,9.65
34,44.49,23.41,27.2,2.82,101.36,59.46,91.4,9.65
35,44.4,23.37,27.2,2.83,101.36,59.46,91.4,9.65
36,44.49,23.41,27.2,2.83,101.36,59.46,91.4,9.65
37,44.49,23.41,27.2,2.83,101.36,59.46,91.73,9.66
38,44.49,23.41,27.2,2.83,101.36,59.46,91.73,9.65
39,44.49,23.44,27.2,2.83,101.36,59.46,91.73,9.66
40,44.4,23.41,27.15,2.83,100.96,59.31,91.73,9.67
41,44.3,23.41,27.11,2.83,100.96,59.46,91.73,9.66
42,44.21,23.41,27.11,2.83,101.36,59.31,91.4,9.66
43,44.3,23.41,27.11,2.82,100.96,59.31,91.4,9.65
44,44.3,23.41,27.11,2.83,100.96,59.46,91.4,9.65
45,44.3,23.41,27.11,2.82,100.96,59.46,91.4,9.66
46,44.3,23.41,27.06,2.83,100.96,59.46,91.4,9.66
47,44.3,23.44,27.11,2.83,100.96,59.46,91.4,9.66
48,44.3,23.41,27.06,2.83,100.96,59.46,91.4,9.66
49,44.4,23.44,27.11,2.83,101.36,59.46,91.4,9.66
50,44.21,23.44,27.15,2.83,101.36,59.62,91.4,9.69
51,44.4,23.44,27.15,2.83,101.36,59.62,91.73,9.69
52,44.68,23.48,27.33,2.83,101.76,59.62,91.73,9.69
53,44.88,23.44,27.38,2.83,101.76,59.62,91.4,9.69
54,44.88,23.44,27.42,2.83,102.17,59.46,91.4,9.67
55,44.97,23.41,27.47,2.83,102.17,59.46,90.74,9.61
56,44.78,23.41,27.11,2.81,101.76,59.46,85.2,9.31
57,44.3,23.41,26.12,2.78,99.4,59.46,73.91,8.68
58,42.2,23.41,23.47,2.61,91.2,59.46,57.97,6.7
59,40.92,23.37,22.42,2.47,86.79,59.46,54.45,5.63
60,39.54,23.37,21.53,2.26,83.02,59.46,51.89,4.49
61,38.84,23.37,21.18,2.14,81.38,59.46,50.92,3.99
62,38.61,23.41,21.09,2.08,80.85,59.46,50.8,3.79
63,37.86,23.41,20.78,1.89,79.28,59.31,49.87,3.19
64,37.64,23.41,20.69,1.8,78.77,59.46,49.41,2.96
65,37.49,23.37,20.63,1.74,78.27,59.46,49.3,2.82
66,37.35,23.41,20.57,1.67,78.02,59.46,48.96,2.68
67,37.13,23.37,20.48,1.58,77.52,59.46,48.62,2.48
68,37.06,23.37,20.45,1.53,77.28,59.31,48.41,2.39
69,36.99,23.37,20.45,1.51,77.03,59.31,48.3,2.34
70,36.99,23.37,20.39,1.47,76.79,59.46,48.19,2.27
71,36.92,23.33,20.39,1.45,76.79,59.31,48.08,2.24
72,36.92,23.37,20.36,1.43,76.55,59.31,47.97,2.19
73,36.92,23.37,20.33,1.4,76.55,59.31,47.86,2.16
74,36.92,23.41,20.33,1.4,76.55,59.31,47.86,2.14
75,36.92,23.41,20.33,1.38,76.55,59.46,47.76,2.11
76,36.92,23.44,20.33,1.37,76.55,59.31,47.76,2.09
77,36.92,23.44,20.33,1.36,76.55,59.46,47.65,2.07
78,36.92,23.44,20.36,1.35,76.55,59.46,47.65,2.05
79,36.92,23.44,20.36,1.35,76.55,59.31,47.65,2.04
80,36.85,23.44,20.33,1.33,76.55,59.46,47.65,2.03
81,36.85,23.44,20.3,1.34,76.31,59.46,47.54,2.02
82,36.85,23.44,20.27,1.33,76.31,59.31,47.44,2.02
83,36.78,23.41,20.27,1.32,76.31,59.46,47.44,2.01
84,36.78,23.44,20.24,1.32,76.07,59.46,47.44,2.0
85,36.78,23.44,20.24,1.32,76.07,59.16,47.33,2.0
86,36.78,23.41,20.24,1.32,76.07,59.46,47.33,1.99
87,36.78,23.44,20.24,1.31,76.07,59.46,47.22,1.98
88,36.78,23.44,20.24,1.31,76.07,59.46,47.22,1.98
89,36.78,23.48,20.24,1.31,76.07,59.46,47.22,1.98
90,36.78,23.48,20.21,1.31,76.07,59.46,47.22,1.97
91,36.85,23.48,20.24,1.3,76.07,59.62,47.22,1.97
92,36.78,23.51,20.24,1.3,76.07,59.62,47.22,1.97
93,36.78,23.51,20.24,1.3,76.07,59.62,47.12,1.97
94,36.78,23.48,20.24,1.3,75.83,59.46,47.12,1.97
95,36.71,23.48,20.24,1.3,75.83,59.46,47.02,1.96
96,36.78,23.44,20.21,1.3,76.07,59.31,47.02,1.96
97,36.78,23.41,20.18,1.3,75.59,59.46,47.02,1.95
98,36.78,23.44,20.18,1.3,75.83,59.46,47.02,1.95
99,36.78,23.44,20.18,1.3,75.83,59.31,47.02,1.95
100,36.78,23.48,20.18,1.3,75.59,59.46,46.91,1.94
101,36.71,23.48,20.21,1.29,75.83,59.46,47.02,1.94
102,36.78,23.48,20.21,1.29,75.83,59.46,47.02,1.94
103,36.85,23.48,20.21,1.3,75.83,59.46,47.02,1.94
104,36.85,23.48,20.21,1.3,76.07,59.46,47.02,1.94
105,36.85,23.48,20.21,1.29,75.83,59.46,47.02,1.93
106,36.85,23.41,20.21,1.29,75.83,59.46,47.02,1.93
107,36.85,23.41,20.21,1.3,75.59,59.31,46.91,1.93
108,36.85,23.41,20.18,1.29,75.59,59.16,46.91,1.92
109,36.85,23.37,20.18,1.29,75.59,59.16,46.91,1.93
110,36.85,23.37,20.18,1.28,75.59,59.16,46.91,1.92
111,36.78,23.37,20.16,1.28,75.59,59.16,46.91,1.92
112,36.71,23.33,20.13,1.29,75.59,59.16,46.91,1.92
113,36.78,23.33,20.16,1.28,75.36,59.0,46.81,1.92
114,36.71,23.3,20.16,1.28,75.36,59.0,46.81,1.92
115,36.71,23.3,20.16,1.28,75.36,59.0,46.81,1.91
116,36.71,23.33,20.13,1.28,75.36,59.0,46.81,1.92
117,36.71,23.3,20.13,1.28,75.36,59.0,46.81,1.91
118,36.78,23.3,20.16,1.28,75.36,59.0,46.81,1.91
119,36.85,23.33,20.16,1.28,75.59,59.0,46.81,1.91
120,36.78,23.33,20.18,1.28,75.59,59.16,46.91,1.91
121,36.85,23.3,20.18,1.28,75.59,59.16,46.91,1.91
122,36.85,23.33,20.18,1.28,75.59,59.0,46.81,1.9
123,36.78,23.33,20.18,1.28,75.83,59.0,46.91,1.91
124,36.78,23.33,20.18,1.27,75.59,59.16,46.91,1.91
125,36.78,23.33,20.18,1.28,75.59,59.16,46.91,1.9
126,36.78,23.3,20.18,1.28,75.59,59.0,46.81,1.9
127,36.71,23.33,20.18,1.28,75.36,59.16,46.81,1.9
128,36.78,23.33,20.16,1.27,75.59,59.0,46.81,1.9
129,36.78,23.33,20.16,1.28,75.59,59.0,46.81,1.89
130,36.78,23.3,20.16,1.28,75.36,59.0,46.91,1.89
131,36.78,23.3,20.16,1.27,75.59,59.0,46.81,1.9
132,36.71,23.3,20.16,1.27,75.59,59.16,46.81,1.89
133,36.71,23.33,20.13,1.28,75.36,59.16,46.81,1.89
134,36.78,23.33,20.16,1.27,75.59,59.16,46.81,1.89
135,36.78,23.33,20.18,1.28,75.59,59.16,46.81,1.89
136,36.85,23.37,20.21,1.27,75.59,59.16,46.91,1.89
137,36.85,23.33,20.21,1.28,75.59,59.0,46.91,1.89
138,36.92,23.33,20.21,1.27,75.59,59.0,46.81,1.89
139,36.92,23.33,20.18,1.27,75.59,59.16,47.02,1.89
140,36.92,23.33,20.24,1.27,75.59,59.16,46.91,1.89
141,36.92,23.37,20.18,1.27,75.59,59.16,46.91,1.88
142,36.92,23.37,20.21,1.27,75.59,59.16,46.91,1.88
143,36.92,23.37,20.21,1.27,75.59,59.31,46.91,1.88
144,36.92,23.37,20.21,1.27,75.59,59.16,46.91,1.88
145,36.92,23.41,20.21,1.27,75.59,59.16,46.91,1.88
146,36.85,23.37,20.18,1.27,75.59,59.16,46.81,1.88
147,36.78,23.37,20.18,1.27,75.59,59.31,46.81,1.88
148,36.71,23.37,20.16,1.27,75.59,59.16,46.81,1.88
149,36.78,23.37,20.16,1.27,75.59,59.16,46.81,1.88
150,36.78,23.33,20.16,1.27,75.36,59.16,46.81,1.87
151,36.85,23.37,20.16,1.27,75.36,59.16,46.81,1.87
152,36.71,23.33,20.13,1.27,75.36,59.0,46.7,1.87
153,36.71,23.33,20.13,1.27,75.36,59.0,46.7,1.88
154,36.78,23.33,20.1,1.27,75.36,59.0,46.7,1.87
155,36.78,23.33,20.13,1.27,75.36,59.16,47.02,1.88
156,36.78,23.3,20.18,1.27,75.83,59.0,47.54,1.88
157,36.92,23.37,20.33,1.27,76.31,59.16,48.62,1.89
158,37.06,23.33,20.45,1.27,76.55,59.0,49.18,1.9
159,37.42,23.37,20.81,1.28,78.02,59.0,50.92,1.93
160,37.86,23.37,21.18,1.3,79.54,59.16,52.76,1.97
161,37.93,23.37,21.28,1.3,80.06,59.16,53.14,1.98
162,38.46,23.37,21.82,1.33,82.2,59.16,55.54,2.05
163,38.76,23.37,21.99,1.34,82.75,59.31,56.38,2.07
164,39.22,23.37,22.32,1.37,83.87,59.16,58.12,2.13
165,39.46,23.37,22.56,1.39,84.73,59.31,59.02,2.17
166,39.7,23.37,22.8,1.41,85.6,59.16,60.11,2.21
167,40.26,23.37,23.18,1.45,87.09,59.16,62.23,2.3
168,40.59,23.37,23.51,1.49,88.01,59.16,63.59,2.38
169,40.84,23.37,23.72,1.51,89.27,59.16,64.83,2.44
170,41.0,23.41,23.8,1.53,89.27,59.31,65.56,2.47
171,41.17,23.37,23.95,1.55,89.9,59.31,66.3,2.52
172,41.34,23.37,24.21,1.59,90.88,59.16,67.63,2.62
173,41.68,23.33,24.43,1.64,91.54,59.16,69.21,2.71
174,41.68,23.37,24.47,1.65,91.87,59.16,69.41,2.73
175,41.85,23.41,24.63,1.68,92.2,59.31,70.03,2.79
176,42.11,23.41,24.82,1.73,92.88,59.31,71.49,2.91
177,42.29,23.37,25.02,1.76,93.57,59.31,72.57,2.98
178,42.47,23.41,25.14,1.8,94.26,59.31,73.23,3.07
179,42.64,23.44,25.3,1.84,94.61,59.46,74.36,3.16
180,42.73,23.44,25.38,1.86,94.61,59.46,74.59,3.2
181,42.73,23.41,25.42,1.88,94.97,59.46,75.06,3.24
182,42.82,23.44,25.54,1.92,95.32,59.46,75.99,3.36
183,42.91,23.41,25.58,1.95,95.32,59.31,76.47,3.43
184,43.0,23.41,25.62,1.97,95.68,59.31,76.95,3.48
185,43.0,23.37,25.7,1.99,96.04,59.46,77.44,3.55
186,43.09,23.37,25.74,2.04,96.4,59.46,78.19,3.66
187,43.19,23.37,25.82,2.06,96.4,59.31,78.69,3.75
188,43.19,23.33,25.87,2.08,96.4,59.31,78.94,3.77
189,43.19,23.37,25.95,2.11,96.77,59.31,79.45,3.88
190,43.37,23.37,25.99,2.15,97.14,59.31,80.23,3.98
191,43.37,23.37,26.03,2.16,97.14,59.31,80.49,4.04
192,43.37,23.37,26.12,2.19,97.88,59.16,81.02,4.15
193,43.55,23.37,26.16,2.21,97.51,59.31,81.29,4.19
194,43.46,23.37,26.16,2.23,97.88,59.31,81.56,4.23
195,43.55,23.33,26.2,2.26,97.88,59.31,81.83,4.36
196,43.55,23.33,26.24,2.26,98.26,59.16,81.83,4.37
197,43.64,23.3,26.29,2.3,97.88,59.31,82.37,4.5
198,43.64,23.3,26.24,2.31,97.88,59.16,82.37,4.52
199,43.64,23.33,26.33,2.33,98.26,59.16,82.92,4.61
200,43.55,23.3,26.33,2.35,98.26,59.16,82.92,4.7
201,43.74,23.3,26.37,2.37,98.26,59.16,83.2,4.77
202,43.74,23.3,26.37,2.37,98.26,59.16,83.48,4.79
203,43.74,23.3,26.37,2.39,98.64,59.16,83.77,4.88
204,43.74,23.26,26.37,2.39,98.26,59.16,83.77,4.91
205,43.74,23.3,26.41,2.41,98.64,59.16,84.05,4.98
206,43.64,23.3,26.41,2.43,98.64,59.16,84.05,5.06
207,43.74,23.26,26.45,2.44,98.64,59.16,84.33,5.11
208,43.74,23.3,26.45,2.46,99.02,59.16,84.62,5.2
209,43.83,23.3,26.45,2.47,98.64,59.31,84.62,5.25
210,43.74,23.26,26.45,2.47,98.64,59.16,84.62,5.3
211,43.83,23.26,26.5,2.48,99.02,59.0,85.2,5.34
212,43.83,23.26,26.5,2.49,99.02,59.16,85.2,5.4
213,43.83,23.26,26.5,2.5,99.02,59.16,85.2,5.46
214,43.83,23.23,26.5,2.51,99.02,58.85,85.2,5.49
215,43.74,23.26,26.5,2.52,99.02,59.16,85.49,5.57
216,43.74,23.23,26.5,2.53,99.02,59.0,85.49,5.61
217,43.83,23.26,26.5,2.53,99.02,59.16,85.49,5.67
218,43.83,23.23,26.5,2.55,99.02,59.16,85.49,5.71
219,43.83,23.26,26.5,2.55,99.02,59.16,85.78,5.75
220,43.83,23.26,26.58,2.56,99.4,59.16,86.08,5.82
221,43.83,23.26,26.54,2.56,99.02,59.16,86.08,5.84
222,43.74,23.26,26.58,2.56,99.02,59.16,86.08,5.89
223,43.74,23.26,26.54,2.58,99.4,59.16,86.38,5.97
224,43.74,23.26,26.54,2.58,99.4,59.16,86.38,5.99
225,43.74,23.26,26.54,2.59,99.4,59.0,86.38,6.04
226,43.74,23.26,26.54,2.59,99.4,59.0,86.38,6.07
227,43.74,23.23,26.54,2.6,99.4,59.16,86.38,6.12
228,43.83,23.23,26.58,2.6,99.4,59.16,86.68,6.18
229,43.83,23.3,26.63,2.61,99.4,59.16,86.68,6.24
230,43.74,23.26,26.63,2.62,99.4,59.16,86.68,6.24
231,43.83,23.3,26.63,2.62,99.4,59.16,86.68,6.28
232,43.83,23.26,26.63,2.62,99.4,59.16,86.68,6.33
233,43.92,23.26,26.67,2.63,99.79,59.16,86.98,6.37
234,43.92,23.3,26.67,2.63,99.79,59.31,86.98,6.4
235,43.92,23.26,26.71,2.64,99.79,59.31,86.98,6.43
236,43.92,23.3,26.71,2.64,99.79,59.31,86.98,6.49
237,44.02,23.26,26.71,2.64,99.79,59.16,87.28,6.54
238,44.02,23.26,26.71,2.65,99.79,59.16,87.28,6.55
239,44.02,23.26,26.71,2.65,99.79,59.16,87.28,6.58
240,43.92,23.23,26.76,2.66,99.79,59.16,87.28,6.62
241,44.02,23.3,26.76,2.66,100.18,59.16,87.59,6.67
242,44.11,23.26,26.76,2.66,99.79,59.16,87.59,6.68
243,43.92,23.26,26.71,2.66,99.79,59.16,87.59,6.74
244,43.92,23.26,26.71,2.67,99.79,59.0,87.28,6.77
245,43.92,23.26,26.71,2.67,99.79,59.16,87.28,6.79
246,43.92,23.26,26.71,2.67,99.79,59.16,87.59,6.83
247,43.92,23.3,26.71,2.68,99.79,59.31,87.59,6.85
248,43.92,23.3,26.71,2.68,99.79,59.31,87.59,6.88
249,43.92,23.3,26.71,2.68,99.79,59.46,87.89,6.91
250,43.92,23.33,26.76,2.68,100.18,59.46,87.89,6.95
251,43.92,23.33,26.71,2.69,99.79,59.31,87.89,6.98
252,44.02,23.33,26.76,2.69,100.18,59.31,87.89,7.03
253,43.92,23.33,26.71,2.69,99.79,59.62,87.89,7.03
254,43.92,23.33,26.76,2.69,100.18,59.31,87.89,7.07
255,43.92,23.33,26.76,2.69,100.18,59.46,87.89,7.09
256,43.92,23.3,26.71,2.69,100.18,59.31,87.89,7.12
257,44.02,23.3,26.76,2.7,100.18,59.31,87.89,7.13
258,44.02,23.33,26.8,2.7,100.18,59.31,87.89,7.16
259,43.92,23.26,26.76,2.7,100.18,59.16,88.2,7.19
260,44.02,23.26,26.71,2.7,99.79,59.16,88.2,7.21
261,43.92,23.26,26.71,2.7,99.79,59.31,88.2,7.23
262,44.02,23.26,26.76,2.71,99.79,59.31,88.2,7.27
263,44.02,23.3,26.76,2.71,100.18,59.31,88.2,7.28
264,44.02,23.3,26.76,2.71,100.18,59.31,88.2,7.32
265,43.92,23.3,26.76,2.71,100.18,59.31,88.2,7.33
266,43.92,23.3,26.76,2.71,100.18,59.31,88.51,7.37
267,43.92,23.3,26.71,2.71,99.79,59.31,88.2,7.38
268,43.92,23.3,26.76,2.72,100.18,59.31,88.2,7.41
269,43.92,23.33,26.76,2.72,99.79,59.31,88.2,7.43
270,43.92,23.3,26.76,2.72,100.18,59.31,88.2,7.45
271,43.92,23.3,26.76,2.71,100.18,59.31,88.2,7.47
272,44.02,23.3,26.76,2.72,100.18,59.31,88.2,7.48
273,43.92,23.3,26.8,2.72,100.18,59.31,88.51,7.51
274,44.02,23.26,26.8,2.72,99.79,59.31,88.2,7.53
275,44.02,23.3,26.8,2.73,99.79,59.31,88.51,7.55
276,43.83,23.3,26.8,2.73,100.18,59.31,88.51,7.56
277,43.92,23.3,26.76,2.73,100.18,59.31,88.51,7.56
278,43.92,23.26,26.76,2.72,100.18,59.16,88.2,7.59
279,43.92,23.26,26.76,2.72,99.79,59.31,88.2,7.6
280,43.92,23.23,26.76,2.73,99.79,59.16,88.51,7.63
281,43.92,23.23,26.76,2.73,99.79,59.16,88.51,7.65
282,43.92,23.23,26.71,2.73,99.79,59.16,88.2,7.65
283,43.92,23.19,26.71,2.73,99.79,59.16,88.51,7.67
284,43.83,23.19,26.71,2.73,99.79,59.16,88.2,7.68
285,43.74,23.23,26.71,2.73,99.79,59.16,88.51,7.7
286,43.83,23.19,26.63,2.73,99.79,59.0,88.2,7.72
287,43.74,23.16,26.67,2.73,99.79,59.16,88.2,7.74
288,43.74,23.16,26.63,2.73,99.4,59.16,88.2,7.76
289,43.74,23.19,26.63,2.73,99.4,59.16,88.2,7.76
290,43.64,23.16,26.63,2.74,99.4,59.0,88.2,7.78
291,43.64,23.19,26.63,2.74,99.4,59.16,88.2,7.8
292,43.64,23.19,26.63,2.73,99.4,59.0,88.2,7.82
293,43.55,23.19,26.63,2.75,99.4,59.16,88.2,7.83
294,43.74,23.19,26.63,2.75,99.4,59.16,88.2,7.85
295,43.64,23.19,26.67,2.74,99.4,59.0,88.2,7.86
296,43.74,23.23,26.67,2.75,99.79,59.0,88.51,7.88
297,43.74,23.19,26.67,2.75,99.4,59.16,88.51,7.9
298,43.83,23.19,26.67,2.75,99.79,59.16,88.2,7.9
299,43.83,23.23,26.67,2.75,99.79,59.16,88.51,7.91
300,43.74,23.19,26.67,2.75,99.79,59.16,88.51,7.95
301,43.83,23.19,26.67,2.75,99.79,59.0,88.51,7.93
302,43.74,23.19,26.67,2.75,99.79,59.16,88.51,7.96
303,43.74,23.19,26.67,2.76,99.79,59.16,88.51,7.97
304,43.83,23.23,26.67,2.75,99.79,59.0,88.51,7.99
305,43.74,23.23,26.67,2.75,99.79,59.16,88.51,8.01
306,43.83,23.23,26.71,2.75,99.79,59.16,88.83,8.02
307,43.83,23.23,26.71,2.75,99.79,59.31,88.83,8.03
308,43.83,23.23,26.67,2.75,99.79,59.31,88.51,8.05
309,43.92,23.26,26.76,2.75,99.79,59.31,88.83,8.07
310,43.92,23.23,26.76,2.75,99.79,59.46,88.83,8.08
311,43.92,23.23,26.76,2.76,99.79,59.16,88.83,8.09
312,43.92,23.23,26.76,2.76,99.79,59.31,88.51,8.09
313,43.92,23.23,26.76,2.76,99.79,59.16,88.83,8.11
314,43.92,23.23,26.8,2.76,100.18,59.16,89.14,8.13
315,44.02,23.23,26.8,2.76,100.18,59.16,89.14,8.13
316,44.02,23.23,26.8,2.77,100.18,59.31,89.14,8.14
317,44.02,23.23,26.84,2.76,100.57,59.31,88.83,8.15
318,44.11,23.23,26.84,2.76,100.18,59.31,89.14,8.16
319,44.11,23.26,26.84,2.77,100.18,59.16,89.14,8.17
320,44.11,23.26,26.89,2.77,100.57,59.31,89.14,8.18
321,44.11,23.26,26.84,2.77,100.18,59.16,89.14,8.18
322,44.11,23.23,26.89,2.77,100.57,59.31,89.46,8.2
323,44.11,23.23,26.84,2.77,100.57,59.31,89.14,8.21
324,44.11,23.23,26.89,2.77,100.57,59.0,89.46,8.22
325,44.21,23.23,26.89,2.77,100.18,59.16,89.46,8.23
326,44.11,23.23,26.89,2.77,100.18,59.16,89.14,8.24
327,44.11,23.23,26.89,2.77,100.18,59.16,89.46,8.26
328,44.02,23.23,26.89,2.77,100.57,59.31,89.46,8.26
329,44.11,23.23,26.84,2.77,100.18,59.16,89.46,8.27
330,44.02,23.23,26.89,2.77,100.18,59.16,89.46,8.28
331,44.11,23.23,26.89,2.78,100.18,59.16,89.46,8.3
332,44.21,23.23,26.89,2.77,100.57,59.16,89.46,8.31
333,44.11,23.23,26.89,2.77,100.18,59.16,89.46,8.31
334,44.11,23.19,26.89,2.77,100.57,59.16,89.14,8.31
335,44.11,23.19,26.89,2.78,100.18,59.16,89.46,8.32
336,44.02,23.19,26.89,2.78,100.18,59.16,89.46,8.33
337,44.11,23.19,26.84,2.77,100.18,59.16,89.46,8.34
338,44.11,23.19,26.89,2.78,100.18,59.16,89.46,8.36
339,44.11,23.19,26.84,2.78,100.57,59.16,89.46,8.36
340,44.02,23.19,26.84,2.78,100.18,59.0,89.14,8.37
341,43.92,23.19,26.89,2.78,100.18,59.16,89.78,8.38
342,44.02,23.19,26.84,2.77,100.18,59.16,89.46,8.39
343,44.02,23.19,26.84,2.78,100.18,59.0,89.46,8.4
344,44.02,23.19,26.84,2.78,100.18,59.16,89.46,8.4
345,43.92,23.19,26.8,2.78,100.18,59.16,89.46,8.41
346,44.02,23.19,26.84,2.78,100.18,59.16,89.46,8.42
347,44.11,23.19,26.84,2.78,100.18,59.16,89.78,8.43
348,44.02,23.19,26.84,2.78,100.18,59.16,89.78,8.43
349,44.11,23.23,26.84,2.78,100.18,59.31,89.78,8.44
350,44.11,23.23,26.89,2.78,100.57,59.31,89.78,8.45
351,44.11,23.3,26.89,2.79,100.57,59.31,89.78,8.47
352,44.02,23.3,26.93,2.79,100.57,59.46,90.1,8.48
353,44.02,23.3,26.93,2.79,100.57,59.46,89.78,8.5
354,44.11,23.3,26.98,2.79,100.96,59.31,90.1,8.52
355,44.11,23.3,26.93,2.79,100.57,59.46,90.1,8.52
356,44.02,23.3,26.89,2.79,100.57,59.46,89.78,8.52
357,43.83,23.3,26.89,2.79,100.96,59.62,90.1,8.54
358,44.02,23.3,26.89,2.79,100.57,59.46,90.1,8.54
359,44.02,23.33,26.89,2.8,100.57,59.46,90.1,8.55
360,44.02,23.3,26.93,2.79,100.57,59.46,90.1,8.56
361,43.92,23.3,26.84,2.79,100.18,59.46,89.78,8.56
362,43.92,23.3,26.89,2.79,100.18,59.46,89.78,8.58
363,43.92,23.3,26.84,2.79,100.57,59.46,89.78,8.6
364,43.92,23.26,26.84,2.79,100.18,59.46,89.78,8.6
365,43.92,23.3,26.8,2.79,100.18,59.46,89.78,8.6
366,43.92,23.26,26.8,2.79,100.18,59.46,89.46,8.6
367,43.92,23.3,26.84,2.8,100.18,59.46,89.78,8.62
368,43.92,23.33,26.8,2.79,100.18,59.46,89.78,8.62
369,43.92,23.3,26.84,2.8,100.57,59.46,89.78,8.63
370,43.92,23.33,26.84,2.8,100.18,59.62,89.78,8.64
371,44.02,23.37,26.84,2.8,100.57,59.46,90.1,8.65
372,44.02,23.33,26.84,2.8,100.57,59.46,89.78,8.65
373,43.92,23.33,26.84,2.8,100.57,59.62,90.1,8.66
374,43.92,23.33,26.84,2.8,100.18,59.62,89.78,8.66
375,44.02,23.33,26.8,2.8,100.57,59.46,89.78,8.67
376,44.02,23.33,26.84,2.8,100.18,59.62,89.78,8.68
377,43.92,23.3,26.8,2.81,100.18,59.46,89.78,8.68
378,43.92,23.3,26.8,2.8,100.18,59.46,89.78,8.7
379,43.92,23.3,26.8,2.8,100.18,59.46,89.78,8.68
380,43.83,23.3,26.8,2.8,100.18,59.46,89.78,8.68
381,43.92,23.33,26.8,2.8,100.18,59.62,89.78,8.71
382,43.92,23.3,26.8,2.8,99.79,59.46,89.78,8.71
383,43.92,23.3,26.8,2.8,99.79,59.46,89.78,8.71
384,43.92,23.3,26.8,2.8,100.18,59.62,89.78,8.72
385,43.92,23.33,26.84,2.8,99.79,59.62,89.78,8.73
386,43.83,23.33,26.84,2.8,100.18,59.46,89.78,8.73
387,43.92,23.33,26.8,2.8,100.18,59.62,89.78,8.74
388,44.02,23.33,26.84,2.8,100.18,59.46,89.78,8.74
389,44.11,23.33,26.89,2.81,100.57,59.62,90.1,8.75
390,44.11,23.37,26.89,2.81,100.57,59.62,90.1,8.77
391,44.21,23.37,26.93,2.81,100.57,59.78,90.1,8.77
392,44.11,23.37,26.93,2.81,100.57,59.78,90.1,8.77
393,44.21,23.37,26.93,2.81,100.57,59.62,90.1,8.77
394,44.21,23.37,26.98,2.81,100.57,59.78,90.1,8.77
395,44.11,23.37,26.98,2.81,100.96,59.46,90.1,8.79
396,44.11,23.33,26.93,2.81,100.57,59.62,90.1,8.79
397,44.11,23.37,26.93,2.81,100.57,59.62,89.78,8.81
398,44.11,23.33,26.93,2.81,100.18,59.46,90.1,8.81
399,44.02,23.33,26.89,2.81,100.57,59.62,90.1,8.81
400,44.02,23.33,26.89,2.81,100.57,59.46,90.1,8.81
401,44.02,23.3,26.89,2.81,100.18,59.46,90.1,8.81
402,44.02,23.33,26.84,2.81,100.18,59.46,89.78,8.81
403,44.02,23.33,26.89,2.81,100.57,59.46,90.1,8.82
404,44.02,23.3,26.84,2.81,100.18,59.62,89.78,8.83
405,44.11,23.33,26.89,2.81,100.18,59.46,89.78,8.82
406,44.11,23.33,26.89,2.81,100.18,59.46,90.1,8.83
407,44.21,23.3,26.93,2.81,100.18,59.46,89.78,8.83
408,44.11,23.3,26.93,2.81,100.18,59.46,89.78,8.83
409,44.11,23.33,26.93,2.81,100.57,59.46,89.78,8.84
410,44.21,23.3,26.93,2.81,100.57,59.46,90.1,8.84
411,44.11,23.33,26.93,2.81,100.57,59.62,90.1,8.85
412,44.11,23.33,26.93,2.81,100.18,59.46,90.1,8.85
413,44.11,23.33,26.93,2.82,100.57,59.46,90.1,8.85
414,44.21,23.33,26.93,2.81,100.57,59.62,90.1,8.87
415,44.11,23.33,26.93,2.81,100.57,59.62,90.1,8.85
416,44.11,23.33,26.89,2.81,100.57,59.46,90.42,8.87
417,44.11,23.33,26.89,2.81,100.18,59.46,90.42,8.88
418,44.02,23.33,26.89,2.81,100.57,59.46,90.1,8.88
419,44.02,23.3,26.84,2.81,100.18,59.46,90.1,8.88
420,44.02,23.3,26.84,2.81,100.18,59.46,90.1,8.88
421,43.92,23.26,26.84,2.81,100.18,59.46,90.1,8.88
422,44.02,23.3,26.84,2.81,100.18,59.62,90.1,8.88
423,44.02,23.3,26.89,2.81,100.18,59.46,89.78,8.9
424,43.92,23.33,26.89,2.81,100.18,59.46,90.42,8.9
425,44.02,23.3,26.84,2.81,100.18,59.46,90.1,8.9
426,43.92,23.3,26.84,2.81,99.79,59.46,90.1,8.89
427,43.92,23.3,26.84,2.81,100.18,59.46,90.1,8.9
428,44.02,23.3,26.84,2.81,100.18,59.46,90.1,8.9
429,43.92,23.3,26.84,2.81,100.18,59.46,90.1,8.91
430,44.02,23.26,26.84,2.81,100.18,59.46,90.1,8.91
431,44.02,23.3,26.84,2.81,100.18,59.31,90.1,8.91
432,43.92,23.26,26.84,2.82,100.18,59.46,90.42,8.92
433,44.02,23.26,26.84,2.82,100.18,59.46,90.1,8.92
434,43.92,23.3,26.84,2.81,100.18,59.46,90.1,8.92
435,43.92,23.3,26.84,2.81,100.18,59.46,90.42,8.92
436,43.92,23.3,26.89,2.81,100.18,59.46,90.1,8.93
437,43.92,23.3,26.89,2.82,100.18,59.46,90.1,8.92
438,43.92,23.3,26.89,2.82,100.57,59.46,90.1,8.92
439,43.92,23.3,26.89,2.81,100.18,59.46,90.1,8.93
440,44.02,23.3,26.89,2.82,100.57,59.46,90.42,8.95
441,43.92,23.33,26.93,2.81,100.57,59.46,90.42,8.96
442,43.92,23.33,26.89,2.81,100.57,59.62,90.42,8.97
443,44.02,23.33,26.89,2.82,100.57,59.46,90.42,8.96
444,44.02,23.37,26.89,2.82,100.57,59.62,90.1,8.97
445,44.11,23.41,26.93,2.82,100.57,59.62,90.42,8.98
446,44.11,23.37,26.98,2.82,100.57,59.62,90.74,8.98
447,44.02,23.44,26.93,2.82,100.57,59.62,90.74,8.99
448,44.02,23.41,26.93,2.82,100.96,59.78,90.74,8.99
449,44.11,23.41,26.98,2.82,100.96,59.78,90.42,9.0
450,44.11,23.41,26.98,2.82,100.57,59.78,90.74,9.0
451,44.11,23.44,26.98,2.82,100.96,59.78,90.74,9.0
452,44.11,23.41,26.98,2.83,100.96,59.78,90.42,9.0
453,44.02,23.44,27.02,2.82,100.96,59.62,90.74,9.01
454,44.11,23.44,26.98,2.82,100.96,59.78,90.42,9.01
455,44.02,23.37,26.98,2.82,100.57,59.78,90.42,9.01
456,44.11,23.41,26.93,2.82,100.57,59.78,90.42,9.03
457,44.02,23.37,26.93,2.82,100.18,59.62,90.42,9.03
458,44.02,23.37,26.93,2.82,100.57,59.62,90.1,9.03
459,44.11,23.33,26.98,2.82,100.57,59.62,90.42,9.03
460,44.21,23.37,26.93,2.82,100.57,59.62,90.42,9.03
461,44.21,23.37,26.93,2.82,100.57,59.62,90.42,9.03
462,44.11,23.37,26.93,2.82,100.57,59.46,90.42,9.03
463,44.11,23.37,26.93,2.82,100.18,59.46,90.42,9.01
464,44.11,23.3,26.89,2.82,100.57,59.46,90.42,9.03
465,44.02,23.3,26.89,2.82,100.18,59.46,90.1,9.03
466,44.11,23.33,26.89,2.82,100.18,59.31,90.42,9.03
467,44.02,23.3,26.89,2.82,100.18,59.46,90.42,9.04
468,44.11,23.33,26.89,2.82,100.18,59.46,90.1,9.04
469,44.11,23.33,26.89,2.82,100.57,59.46,90.74,9.04
470,44.11,23.33,26.89,2.82,100.57,59.31,90.42,9.04
471,44.02,23.33,26.84,2.82,100.57,59.31,90.42,9.04
472,44.02,23.33,26.93,2.82,100.57,59.46,90.42,9.05
473,44.11,23.33,26.93,2.82,100.57,59.62,90.42,9.04
474,44.11,23.33,26.93,2.82,100.18,59.62,90.74,9.05
475,44.11,23.33,26.93,2.82,100.57,59.62,90.74,9.05
476,44.11,23.37,26.93,2.82,100.57,59.62,90.74,9.06
477,44.21,23.41,26.98,2.82,100.57,59.62,90.74,9.07
478,44.02,23.41,26.98,2.82,100.57,59.62,90.74,9.08
479,44.11,23.37,26.98,2.82,100.96,59.62,90.74,9.07
480,44.21,23.41,26.98,2.82,100.96,59.78,90.74,9.08
481,44.21,23.41,26.98,2.83,100.96,59.62,90.74,9.08
482,44.21,23.44,27.02,2.82,100.96,59.78,91.07,9.1
483,44.3,23.44,27.06,2.83,100.96,59.78,91.07,9.1
484,44.21,23.44,27.02,2.83,100.96,59.78,91.07,9.11
485,44.3,23.44,27.06,2.83,100.96,59.78,91.07,9.11
486,44.11,23.48,27.06,2.83,101.36,59.93,91.07,9.12
487,44.11,23.48,27.06,2.83,100.96,59.93,91.07,9.11
488,44.21,23.48,27.06,2.83,100.96,59.93,91.07,9.12
489,44.11,23.44,27.06,2.83,101.36,60.09,91.07,9.11
490,44.21,23.48,27.02,2.83,100.96,59.78,90.74,9.12
491,44.11,23.48,27.02,2.83,101.36,59.93,91.07,9.12
492,44.11,23.41,26.98,2.83,100.96,59.78,91.07,9.13
493,44.11,23.44,27.02,2.83,100.96,59.78,91.07,9.14
494,44.11,23.44,26.98,2.83,100.96,59.78,90.74,9.13
495,44.11,23.44,26.98,2.83,100.57,59.78,90.74,9.12
496,44.11,23.41,26.98,2.83,100.57,59.78,90.74,9.13
497,44.11,23.41,26.98,2.83,100.57,59.78,90.74,9.13
498,44.11,23.41,26.98,2.83,100.57,59.62,90.74,9.12
499,44.11,23.41,26.98,2.83,100.57,59.78,90.74,9.13
500,44.11,23.41,26.98,2.84,100.57,59.62,90.74,9.13
501,44.11,23.41,26.93,2.83,100.57,59.62,90.74,9.13
502,44.11,23.37,26.93,2.83,100.57,59.62,90.42,9.14
503,44.21,23.37,26.93,2.83,100.57,59.62,90.74,9.13
504,44.11,23.41,26.93,2.83,100.57,59.62,90.42,9.13
505,44.11,23.37,26.93,2.83,100.18,59.62,90.74,9.13
506,44.11,23.37,26.89,2.83,100.57,59.46,90.74,9.14
507,44.11,23.33,26.89,2.83,100.18,59.46,90.74,9.13
508,44.02,23.33,26.89,2.82,100.57,59.46,90.74,9.14
509,43.92,23.37,26.89,2.82,100.18,59.46,90.42,9.14
510,44.02,23.33,26.89,2.83,100.57,59.46,90.42,9.14
511,44.02,23.3,26.89,2.83,100.18,59.46,90.42,9.14
512,44.02,23.33,26.84,2.82,100.18,59.46,90.42,9.13
513,44.02,23.3,26.84,2.83,100.18,59.46,90.42,9.14
514,43.92,23.33,26.84,2.83,100.18,59.46,90.1,9.13
515,44.02,23.33,26.89,2.82,100.18,59.46,90.42,9.15
516,43.92,23.33,26.89,2.82,100.18,59.46,90.74,9.17
517,43.92,23.33,26.89,2.83,100.18,59.46,90.42,9.14
518,43.92,23.33,26.84,2.83,100.57,59.46,90.42,9.14
519,43.92,23.33,26.89,2.83,100.18,59.46,90.42,9.14
520,43.92,23.37,26.84,2.83,100.18,59.46,90.42,9.17
521,43.92,23.33,26.89,2.83,100.18,59.46,90.74,9.15
522,43.83,23.37,26.89,2.83,100.18,59.46,90.42,9.17
523,44.02,23.33,26.89,2.82,100.18,59.46,90.74,9.15
524,44.02,23.33,26.89,2.82,100.18,59.46,90.74,9.17
525,44.02,23.33,26.89,2.83,100.57,59.46,90.74,9.18
526,44.11,23.33,26.93,2.83,100.57,59.31,90.42,9.17
527,44.02,23.33,26.89,2.83,100.57,59.46,90.74,9.17
528,44.11,23.33,26.93,2.83,100.18,59.46,90.74,9.17
529,44.11,23.33,26.89,2.83,100.57,59.46,90.42,9.15
530,44.11,23.37,26.89,2.83,100.18,59.31,90.74,9.18
531,44.11,23.33,26.93,2.83,100.57,59.46,90.74,9.18
532,44.11,23.33,26.93,2.83,100.18,59.46,90.74,9.17
533,44.02,23.33,26.93,2.83,100.18,59.46,90.74,9.19
534,44.02,23.33,26.93,2.82,100.57,59.46,90.74,9.19
535,44.11,23.33,26.89,2.83,100.18,59.46,90.74,9.18
536,44.11,23.37,26.93,2.83,100.57,59.46,90.74,9.2
537,44.11,23.33,26.93,2.83,100.57,59.46,90.74,9.19
538,44.11,23.41,26.98,2.83,100.57,59.31,90.74,9.2
539,44.11,23.37,26.98,2.83,100.57,59.62,91.07,9.2
540,44.11,23.37,26.98,2.83,100.96,59.62,91.07,9.2
541,44.11,23.41,26.98,2.83,100.57,59.62,91.07,9.2
542,44.11,23.37,26.93,2.83,100.57,59.46,91.07,9.2
543,44.02,23.33,26.93,2.83,100.57,59.46,91.07,9.2
544,44.02,23.37,26.93,2.83,100.18,59.46,91.07,9.2
545,44.02,23.37,26.93,2.83,100.57,59.46,90.74,9.2
546,44.02,23.37,26.93,2.83,100.57,59.46,91.07,9.21
547,44.11,23.37,26.98,2.83,100.96,59.62,91.4,9.22
548,44.11,23.37,26.98,2.83,100.96,59.46,91.07,9.21
549,44.02,23.37,26.93,2.83,100.57,59.62,91.07,9.2
550,44.02,23.37,26.98,2.83,100.57,59.46,90.74,9.22
551,44.11,23.37,26.98,2.83,100.96,59.46,91.07,9.22
552,44.02,23.41,26.98,2.83,100.57,59.62,90.74,9.22
553,44.11,23.37,26.93,2.83,100.57,59.46,90.74,9.24
554,44.02,23.37,26.93,2.84,100.57,59.62,91.07,9.22
555,43.92,23.37,26.93,2.83,100.18,59.46,91.07,9.25
556,44.02,23.37,26.89,2.84,100.57,59.62,90.74,9.22
557,44.02,23.37,26.93,2.83,100.57,59.46,90.74,9.22
558,44.02,23.37,26.89,2.83,100.18,59.46,90.74,9.22
559,43.92,23.3,26.89,2.83,100.57,59.46,90.74,9.22
560,43.92,23.33,26.89,2.83,100.57,59.46,90.74,9.22
561,44.02,23.3,26.84,2.83,100.18,59.46,90.74,9.22
562,43.92,23.33,26.84,2.83,99.79,59.31,90.74,9.24
563,44.02,23.3,26.84,2.83,100.18,59.31,90.74,9.22
564,43.92,23.3,26.84,2.83,100.18,59.31,90.74,9.22
565,43.92,23.3,26.8,2.83,100.18,59.46,90.74,9.24
566,43.92,23.33,26.84,2.83,100.18,59.31,90.74,9.24
567,43.92,23.3,26.84,2.83,100.18,59.46,90.74,9.25
568,43.92,23.3,26.84,2.83,100.18,59.31,91.07,9.25
569,43.83,23.33,26.8,2.83,100.18,59.62,90.74,9.26
570,43.92,23.33,26.84,2.83,100.18,59.46,90.74,9.25
571,43.92,23.37,26.84,2.83,100.18,59.46,90.74,9.25
572,43.92,23.33,26.89,2.83,100.18,59.46,90.74,9.25
573,44.02,23.37,26.89,2.83,100.57,59.62,91.4,9.26
574,44.02,23.37,26.93,2.83,100.18,59.46,90.74,9.26
575,44.02,23.37,26.93,2.83,100.57,59.46,91.07,9.25
576,44.02,23.37,26.93,2.83,100.57,59.62,91.07,9.26
577,44.11,23.44,26.98,2.83,100.57,59.62,91.07,9.27
578,44.11,23.41,26.98,2.83,100.57,59.62,91.07,9.27
579,44.02,23.44,26.98,2.83,100.57,59.62,91.07,9.27
580,44.11,23.41,26.98,2.83,100.57,59.62,91.07,9.27
581,44.21,23.41,26.98,2.84,100.57,59.62,91.07,9.27
582,44.21,23.44,27.02,2.85,100.57,59.62,91.07,9.28
583,44.21,23.44,27.02,2.83,100.96,59.78,91.4,9.3
584,44.21,23.41,27.02,2.84,100.57,59.62,91.4,9.3
585,44.21,23.41,27.02,2.84,100.96,59.62,91.4,9.28
586,44.21,23.41,26.98,2.83,100.57,59.62,91.07,9.28
587,44.11,23.37,26.98,2.83,100.57,59.62,91.07,9.28
588,44.11,23.41,26.98,2.83,100.57,59.62,91.07,9.28
589,44.11,23.41,26.93,2.85,100.57,59.62,91.07,9.28
590,44.11,23.41,26.93,2.84,100.57,59.62,91.07,9.3
591,44.11,23.41,26.98,2.83,100.57,59.62,91.4,9.3
592,44.21,23.44,26.98,2.84,100.18,59.62,91.4,9.3
593,44.11,23.48,27.02,2.83,100.57,59.62,91.4,9.31
594,44.21,23.48,27.06,2.84,100.96,59.78,91.4,9.32
595,44.21,23.44,27.06,2.84,100.96,59.78,91.73,9.32
596,44.21,23.48,27.06,2.84,100.96,59.78,91.73,9.32
597,44.3,23.44,27.06,2.84,100.96,59.78,91.73,9.32
598,44.21,23.44,27.06,2.84,101.36,59.78,91.4,9.32
599,44.3,23.48,27.06,2.84,100.96,59.78,91.4,9.33
