0,39.86,24.29,25.95,24.53,108.59,63.05,54.85,48.5
1,39.86,24.29,25.95,24.53,108.59,63.05,54.99,48.5
2,39.86,24.33,25.99,24.57,108.59,63.22,55.13,48.5
3,39.94,24.33,26.03,24.57,108.59,63.22,55.26,48.61
4,39.86,24.33,26.03,24.57,108.59,63.22,54.99,48.61
5,39.86,24.29,25.99,24.57,108.59,63.22,55.13,48.61
6,39.86,24.33,26.03,24.53,108.59,63.22,55.13,48.61
7,39.78,24.33,25.99,24.57,108.59,63.22,55.13,48.61
8,39.78,24.29,25.99,24.57,108.59,63.22,54.99,48.5
9,39.78,24.29,25.95,24.57,108.59,63.22,54.99,48.5
10,39.86,24.29,25.95,24.53,108.59,63.05,54.99,48.61
11,39.86,24.33,25.95,24.57,108.59,63.22,54.99,48.61
12,39.86,24.29,25.95,24.57,108.59,63.22,54.99,48.61
13,39.86,24.29,25.95,24.57,108.59,63.22,54.99,48.61
14,39.78,24.25,25.91,24.53,108.59,63.05,54.85,48.5
15,39.7,24.25,25.87,24.53,108.14,63.05,54.85,48.61
16,39.78,24.25,25.87,24.53,108.14,63.05,54.85,48.5
17,39.7,24.21,25.87,24.53,108.14,63.05,54.85,48.5
18,39.78,24.21,25.87,24.53,108.14,63.05,54.72,48.5
19,39.78,24.25,25.87,24.49,108.14,62.88,54.72,48.5
20,39.78,24.21,25.87,24.53,108.14,63.05,54.85,48.5
21,39.78,24.21,25.87,24.53,108.14,63.05,54.72,48.5
22,39.78,24.21,25.87,24.53,108.14,63.05,54.72,48.5
23,39.7,24.25,25.87,24.53,108.14,63.05,54.85,48.5
24,39.78,24.21,25.91,24.53,108.14,63.05,54.85,48.5
25,39.86,24.25,25.91,24.57,108.14,62.88,54.85,48.5
26,39.78,24.21,25.91,24.57,108.59,62.88,54.85,48.61
27,39.86,24.25,25.95,24.53,108.59,63.05,54.85,48.5
28,39.86,24.25,25.95,24.57,108.59,63.05,54.85,48.61
29,39.78,24.25,25.95,24.57,108.14,63.05,54.85,48.61
30,39.86,24.25,25.95,24.57,108.59,63.05,54.99,48.61
31,39.78,24.25,25.95,24.57,108.59,63.05,54.99,48.61
32,39.86,24.25,25.95,24.57,108.59,63.05,54.99,48.5
33,39.86,24.25,25.95,24.57,108.59,63.05,54.99,48.61
34,39.86,24.21,25.91,24.53,108.59,63.05,54.99,48.61
35,39.78,24.21,25.91,24.57,108.59,63.05,54.85,48.61
36,39.7,24.21,25.87,24.53,108.14,62.88,54.85,48.61
37,39.7,24.21,25.87,24.53,108.14,62.71,54.85,48.61
38,39.78,24.21,25.87,24.53,108.14,62.88,54.72,48.61
39,39.7,24.18,25.87,24.53,108.14,62.88,54.85,48.5
40,39.7,24.18,25.87,24.53,108.14,62.71,54.72,48.61
41,39.62,24.18,25.82,24.53,108.14,62.71,54.72,48.5
42,39.62,24.18,25.82,24.53,108.14,62.71,54.72,48.5
43,39.7,24.18,25.82,24.53,108.14,62.88,54.72,48.5
44,39.7,24.21,25.82,24.53,108.14,62.88,54.85,48.61
45,39.54,24.21,25.82,24.53,108.14,62.88,54.72,48.61
46,39.7,24.21,25.87,24.53,108.14,62.88,54.72,48.5
47,39.62,24.21,25.87,24.49,108.14,62.88,54.85,48.5
48,39.62,24.21,25.87,24.53,108.14,62.88,54.85,48.5
49,39.54,24.25,25.87,24.53,108.14,62.88,54.85,48.5
50,39.62,24.21,25.87,24.53,108.14,62.88,54.72,48.39
51,39.78,24.18,25.91,24.53,108.59,62.88,54.59,48.39
52,39.7,24.21,25.91,24.53,108.14,62.88,54.59,48.5
53,39.86,24.21,25.95,24.53,108.59,63.05,54.59,48.39
54,39.94,24.18,26.07,24.57,109.04,62.88,54.32,48.5
55,39.94,24.1,25.95,24.57,109.04,62.71,53.92,48.39
56,39.78,23.88,25.46,24.61,108.14,62.2,52.64,48.39
57,39.46,23.69,25.02,24.61,107.25,61.7,51.52,48.39
58,39.46,23.62,24.66,24.61,106.81,61.54,50.68,48.39
59,39.22,23.44,24.02,24.61,105.5,60.89,49.3,48.28
60,39.15,23.37,23.76,24.61,105.07,60.57,48.74,48.28
61,38.91,23.33,23.43,24.61,104.65,60.25,47.97,48.28
62,38.76,23.23,23.11,24.61,104.23,59.93,47.22,48.07
63,38.68,23.16,22.83,24.57,103.39,59.46,46.5,48.07
64,38.68,23.16,22.8,24.57,103.39,59.62,46.4,48.07
65,38.61,23.09,22.56,24.57,102.98,59.31,45.79,47.96
66,38.46,23.09,22.49,24.53,102.57,59.16,45.59,47.85
67,38.38,23.05,22.42,24.53,102.57,59.31,45.49,47.85
68,38.3,23.09,22.32,24.49,102.17,59.0,45.2,47.74
69,38.3,23.05,22.29,24.49,102.17,59.0,45.1,47.64
70,38.23,22.98,22.15,24.49,101.76,58.85,44.81,47.53
71,38.08,22.98,22.05,24.45,101.36,58.55,44.61,47.43
72,38.01,22.98,22.09,24.45,101.36,58.85,44.61,47.53
73,38.01,22.98,22.02,24.41,100.96,58.85,44.52,47.32
74,38.01,22.98,21.95,24.38,100.96,58.7,44.33,47.32
75,37.93,22.98,21.92,24.38,100.96,58.7,44.33,47.22
76,37.93,23.02,21.89,24.38,100.96,59.0,44.33,47.11
77,37.93,23.02,21.89,24.38,100.57,58.7,44.23,47.11
78,37.86,23.02,21.86,24.38,100.57,58.7,44.23,47.01
79,37.86,22.98,21.82,24.34,100.57,58.85,44.23,47.01
80,37.78,22.98,21.79,24.34,100.57,58.7,44.05,46.9
81,37.86,23.02,21.79,24.34,100.57,58.7,44.05,46.9
82,37.86,23.02,21.82,24.3,100.57,58.85,44.14,46.7
83,37.78,23.02,21.82,24.34,100.57,58.85,44.05,46.7
84,37.86,23.02,21.82,24.3,100.57,58.85,44.14,46.59
85,37.86,23.02,21.86,24.3,100.57,58.85,44.14,46.59
86,37.93,23.05,21.86,24.3,100.96,58.85,44.14,46.59
87,37.93,23.05,21.86,24.3,100.57,59.0,44.14,46.49
88,38.01,23.05,21.86,24.3,100.96,59.0,44.14,46.49
89,37.93,23.05,21.86,24.3,100.96,59.0,44.14,46.49
90,37.93,23.05,21.82,24.26,100.57,59.0,44.14,46.39
91,37.93,23.05,21.82,24.26,100.96,59.0,44.14,46.29
92,37.93,23.05,21.82,24.26,100.57,58.7,44.14,46.29
93,37.86,23.05,21.82,24.26,100.96,58.85,44.14,46.19
94,38.01,23.05,21.82,24.22,100.96,59.0,44.14,46.19
95,37.93,23.05,21.82,24.22,100.57,59.0,44.14,46.09
96,37.93,23.05,21.82,24.22,100.96,59.0,44.14,46.09
97,37.93,23.05,21.82,24.22,100.96,59.0,44.14,46.09
98,37.93,23.05,21.82,24.22,100.57,59.0,44.14,45.99
99,37.86,23.02,21.76,24.22,100.57,59.0,44.14,45.99
100,37.86,23.02,21.76,24.22,100.57,59.0,44.05,45.99
101,37.78,22.98,21.76,24.19,100.57,58.85,44.05,45.79
102,37.71,23.02,21.76,24.19,100.57,58.85,44.05,45.79
103,37.78,23.02,21.76,24.19,100.57,58.85,44.05,45.89
104,37.78,23.02,21.73,24.19,100.18,59.0,44.05,45.69
105,37.71,23.02,21.73,24.19,100.57,59.0,44.14,45.69
106,37.78,23.02,21.73,24.19,100.57,59.0,44.05,45.59
107,37.71,23.05,21.73,24.19,100.57,59.16,44.14,45.59
108,37.78,23.09,21.73,24.19,100.57,59.16,44.14,45.59
109,37.71,23.05,21.73,24.19,100.57,59.0,44.14,45.49
110,37.78,23.02,21.73,24.15,100.57,59.16,44.05,45.49
111,37.78,23.02,21.73,24.15,100.57,59.0,44.05,45.49
112,37.71,23.02,21.69,24.11,100.57,59.0,44.05,45.39
113,37.71,23.02,21.73,24.15,100.57,59.0,44.05,45.39
114,37.78,23.05,21.73,24.15,100.57,59.0,44.05,45.39
115,37.71,23.02,21.69,24.15,100.57,59.0,44.05,45.29
116,37.71,23.02,21.73,24.11,100.57,59.0,44.05,45.29
117,37.64,23.02,21.69,24.11,100.57,59.0,44.05,45.29
118,37.71,22.98,21.69,24.11,100.18,59.0,43.95,45.29
119,37.71,22.95,21.66,24.11,100.18,58.85,43.95,45.19
120,37.56,22.95,21.66,24.11,100.18,58.85,43.86,45.19
121,37.71,22.95,21.63,24.11,100.18,58.85,43.86,45.19
122,37.64,22.98,21.63,24.11,100.18,58.85,43.86,45.1
123,37.64,22.95,21.63,24.11,100.57,58.85,43.86,45.1
124,37.64,22.98,21.66,24.11,100.18,59.0,43.95,44.9
125,37.64,22.98,21.66,24.11,100.18,59.0,43.95,45.1
126,37.71,22.98,21.69,24.11,100.18,59.0,43.95,45.0
127,37.71,23.02,21.73,24.11,100.57,58.85,43.95,45.1
128,37.71,22.98,21.73,24.11,100.57,59.0,43.95,45.0
129,37.78,23.02,21.73,24.11,100.57,59.0,43.95,45.0
130,37.78,22.98,21.73,24.11,100.57,59.0,43.95,45.0
131,37.71,23.02,21.76,24.11,100.57,58.85,43.95,45.0
132,37.78,22.98,21.73,24.11,100.57,59.0,43.95,45.0
133,37.78,22.98,21.73,24.11,100.57,58.85,43.95,44.9
134,37.71,22.98,21.73,24.11,100.57,58.7,43.95,44.81
135,37.71,22.98,21.73,24.11,100.18,58.85,43.95,44.9
136,37.71,22.95,21.73,24.11,100.18,58.85,43.86,44.9
137,37.78,22.91,21.69,24.11,100.18,58.7,43.86,44.81
138,37.71,22.91,21.69,24.11,100.18,58.7,43.86,44.81
139,37.71,22.91,21.66,24.07,100.18,58.7,43.86,44.81
140,37.71,22.91,21.69,24.11,100.18,58.7,43.77,44.71
141,37.71,22.91,21.66,24.07,99.79,58.55,43.77,44.81
142,37.71,22.95,21.69,24.11,100.18,58.7,43.86,44.71
143,37.64,22.95,21.69,24.11,99.79,58.7,43.86,44.71
144,37.71,22.91,21.69,24.11,100.18,58.7,43.77,44.71
145,37.71,22.95,21.69,24.11,100.18,58.7,43.77,44.71
146,37.78,22.95,21.69,24.11,100.18,58.4,43.77,44.62
147,37.71,22.95,21.69,24.11,100.18,58.7,43.77,44.62
148,37.78,22.95,21.73,24.11,100.18,58.7,43.77,44.71
149,37.78,22.95,21.73,24.11,100.18,58.55,43.77,44.62
150,37.71,22.95,21.69,24.11,99.79,58.7,43.77,44.71
151,37.71,22.95,21.73,24.11,99.79,58.7,43.77,44.62
152,37.71,22.95,21.69,24.11,99.79,58.55,43.77,44.62
153,37.64,22.98,21.69,24.11,99.79,58.55,43.67,44.62
154,37.71,22.95,21.69,24.11,99.79,58.55,43.77,44.62
155,37.71,23.05,21.82,24.11,100.18,58.7,44.05,44.62
156,37.86,23.09,21.89,24.11,100.18,58.85,44.23,44.62
157,38.08,23.19,22.15,24.11,100.96,59.0,44.81,44.62
158,38.08,23.19,22.19,24.11,100.96,59.0,44.81,44.52
159,38.23,23.33,22.49,24.11,101.76,59.46,45.59,44.62
160,38.3,23.41,22.7,24.11,102.17,59.78,45.99,44.52
161,38.38,23.44,22.73,24.11,102.17,59.62,46.09,44.62
162,38.53,23.51,23.01,24.11,102.98,60.09,46.7,44.62
163,38.68,23.59,23.15,24.15,103.39,60.09,47.02,44.71
164,38.68,23.59,23.25,24.11,103.39,60.25,47.22,44.71
165,38.76,23.69,23.47,24.15,103.81,60.57,47.76,44.71
166,38.99,23.73,23.65,24.19,104.23,60.73,48.3,44.81
167,38.99,23.77,23.8,24.15,104.65,60.89,48.52,44.81
168,39.07,23.8,23.83,24.19,104.65,61.05,48.62,44.81
169,39.07,23.8,24.02,24.19,105.07,61.38,49.07,44.81
170,39.15,23.84,24.09,24.19,105.07,61.21,49.3,44.9
171,39.15,23.88,24.25,24.19,105.5,61.38,49.64,44.9
172,39.15,23.91,24.28,24.22,105.5,61.38,49.87,45.0
173,39.3,23.91,24.4,24.22,105.93,61.7,50.1,45.0
174,39.3,23.95,24.47,24.22,105.93,61.7,50.21,45.0
175,39.3,23.99,24.63,24.26,106.37,61.7,50.68,45.1
176,39.3,23.99,24.66,24.26,105.93,61.87,50.8,45.1
177,39.38,23.99,24.7,24.26,106.37,62.04,50.92,45.19
178,39.38,24.03,24.78,24.26,106.37,62.04,51.16,45.19
179,39.38,24.03,24.82,24.26,106.37,62.04,51.28,45.29
180,39.46,24.06,24.94,24.3,106.81,62.2,51.52,45.29
181,39.46,24.03,24.94,24.26,106.81,62.2,51.52,45.29
182,39.54,24.06,25.02,24.3,106.81,62.2,51.77,45.39
183,39.46,24.1,25.1,24.3,107.25,62.37,51.89,45.39
184,39.46,24.14,25.14,24.3,107.25,62.37,52.14,45.49
185,39.54,24.1,25.18,24.26,107.25,62.37,52.26,45.39
186,39.54,24.1,25.18,24.34,107.25,62.37,52.26,45.49
187,39.62,24.14,25.25,24.34,107.25,62.54,52.38,45.59
188,39.62,24.14,25.25,24.3,107.25,62.54,52.51,45.59
189,39.54,24.14,25.34,24.34,107.69,62.54,52.64,45.59
190,39.54,24.14,25.34,24.38,107.25,62.54,52.64,45.69
191,39.62,24.14,25.34,24.38,107.69,62.54,52.76,45.69
192,39.7,24.14,25.38,24.38,107.69,62.54,52.89,45.69
193,39.62,24.14,25.38,24.34,107.69,62.54,52.89,45.69
194,39.7,24.14,25.42,24.38,107.69,62.54,52.89,45.69
195,39.62,24.14,25.42,24.38,107.69,62.54,53.02,45.79
196,39.7,24.1,25.42,24.38,107.69,62.54,53.02,45.79
197,39.62,24.1,25.46,24.38,107.69,62.71,53.27,45.89
198,39.7,24.14,25.5,24.38,107.69,62.54,53.14,45.89
199,39.7,24.1,25.5,24.38,107.69,62.54,53.27,45.89
200,39.62,24.1,25.5,24.38,107.69,62.54,53.27,45.89
201,39.62,24.1,25.5,24.38,107.69,62.54,53.27,45.99
202,39.62,24.1,25.5,24.38,107.69,62.37,53.27,45.99
203,39.62,24.06,25.5,24.38,107.69,62.54,53.4,45.99
204,39.7,24.1,25.5,24.38,107.69,62.54,53.53,46.09
205,39.62,24.1,25.5,24.38,107.69,62.54,53.53,45.99
206,39.62,24.1,25.54,24.38,107.69,62.71,53.53,46.09
207,39.62,24.1,25.54,24.41,107.69,62.54,53.4,46.09
208,39.62,24.1,25.58,24.38,107.69,62.54,53.66,46.19
209,39.7,24.14,25.58,24.41,107.69,62.54,53.66,46.19
210,39.7,24.1,25.54,24.41,107.69,62.54,53.66,46.19
211,39.62,24.14,25.58,24.41,107.69,62.54,53.79,46.19
212,39.62,24.14,25.62,24.41,108.14,62.71,53.79,46.19
213,39.7,24.14,25.66,24.41,108.14,62.71,53.79,46.29
214,39.7,24.21,25.7,24.45,108.14,63.05,53.92,46.29
215,39.78,24.18,25.7,24.41,108.14,62.71,54.05,46.29
216,39.7,24.18,25.74,24.41,108.14,62.88,54.05,46.29
217,39.86,24.14,25.74,24.45,108.59,62.71,54.05,46.39
218,39.78,24.21,25.78,24.45,108.59,62.71,54.05,46.39
219,39.86,24.18,25.82,24.45,108.59,62.71,54.19,46.39
220,40.02,24.21,25.82,24.45,108.59,62.71,54.19,46.49
221,39.94,24.18,25.82,24.45,108.59,62.71,54.19,46.39
222,40.02,24.18,25.87,24.45,108.59,62.71,54.32,46.49
223,39.94,24.18,25.87,24.45,108.59,62.71,54.32,46.49
224,39.94,24.18,25.87,24.45,109.04,62.88,54.32,46.59
225,39.94,24.21,25.87,24.49,108.59,62.71,54.32,46.59
226,39.86,24.18,25.82,24.45,108.59,62.71,54.45,46.49
227,39.86,24.18,25.82,24.45,108.59,62.71,54.32,46.59
228,39.86,24.18,25.82,24.45,108.59,62.71,54.45,46.59
229,39.94,24.21,25.87,24.49,109.04,62.71,54.45,46.59
230,39.94,24.21,25.87,24.45,108.59,62.88,54.45,46.7
231,39.86,24.18,25.87,24.49,108.59,62.71,54.45,46.7
232,39.86,24.21,25.87,24.45,108.59,62.88,54.45,46.7
233,39.94,24.18,25.87,24.49,109.04,62.88,54.59,46.7
234,39.86,24.21,25.87,24.49,108.59,62.88,54.45,46.7
235,39.86,24.21,25.87,24.49,108.59,63.05,54.45,46.8
236,39.86,24.18,25.87,24.49,108.59,62.88,54.59,46.7
237,39.86,24.18,25.82,24.49,108.59,62.71,54.45,46.8
238,39.78,24.18,25.82,24.49,108.59,62.71,54.45,46.7
239,39.78,24.14,25.78,24.49,108.14,62.71,54.32,46.7
240,39.78,24.18,25.78,24.49,108.59,62.71,54.45,46.7
241,39.7,24.18,25.78,24.49,108.14,62.71,54.32,46.8
242,39.7,24.18,25.82,24.49,108.59,62.71,54.45,46.7
243,39.62,24.14,25.78,24.49,108.59,62.71,54.45,46.8
244,39.78,24.14,25.74,24.45,108.14,62.71,54.32,46.8
245,39.62,24.14,25.74,24.45,108.14,62.71,54.32,46.7
246,39.62,24.14,25.74,24.45,108.14,62.71,54.32,46.8
247,39.62,24.14,25.74,24.45,108.14,62.71,54.32,46.8
248,39.62,24.18,25.74,24.45,108.14,62.71,54.32,46.8
249,39.7,24.14,25.74,24.45,108.14,62.71,54.32,46.9
250,39.54,24.18,25.74,24.45,108.14,62.71,54.32,46.8
251,39.54,24.18,25.74,24.45,108.14,62.71,54.32,46.9
252,39.62,24.18,25.74,24.45,108.14,62.71,54.32,46.9
253,39.62,24.18,25.74,24.45,108.14,62.71,54.32,46.9
254,39.62,24.18,25.74,24.45,108.14,62.71,54.32,46.9
255,39.62,24.18,25.78,24.45,108.14,62.71,54.32,46.9
256,39.62,24.21,25.78,24.49,108.14,62.88,54.32,46.9
257,39.62,24.21,25.78,24.49,108.14,62.71,54.45,46.9
258,39.62,24.21,25.78,24.45,108.14,62.71,54.45,46.9
259,39.62,24.18,25.74,24.45,108.14,62.71,54.32,46.9
260,39.62,24.18,25.74,24.45,108.14,62.88,54.45,46.9
261,39.54,24.18,25.74,24.45,108.14,62.71,54.45,46.9
262,39.62,24.18,25.74,24.45,108.14,62.71,54.32,47.01
263,39.54,24.18,25.74,24.45,108.14,62.88,54.32,46.9
264,39.62,24.18,25.74,24.45,108.14,62.71,54.32,47.01
265,39.62,24.18,25.74,24.45,108.14,62.71,54.32,47.01
266,39.62,24.18,25.7,24.45,108.14,62.71,54.32,47.01
267,39.62,24.14,25.7,24.45,108.14,62.71,54.32,47.01
268,39.54,24.14,25.7,24.45,107.69,62.71,54.32,47.01
269,39.54,24.14,25.7,24.45,108.14,62.54,54.19,47.01
270,39.54,24.14,25.7,24.45,107.69,62.54,54.32,47.01
271,39.54,24.14,25.7,24.45,108.14,62.54,54.32,46.9
272,39.62,24.14,25.7,24.45,108.14,62.71,54.32,47.01
273,39.54,24.14,25.7,24.45,107.69,62.71,54.32,47.01
274,39.54,24.14,25.7,24.45,107.69,62.71,54.32,47.01
275,39.62,24.18,25.74,24.45,107.69,62.71,54.32,47.11
276,39.7,24.18,25.74,24.45,108.14,62.71,54.32,47.11
277,39.7,24.14,25.74,24.49,108.14,62.71,54.45,47.11
278,39.62,24.18,25.74,24.45,108.14,62.71,54.32,47.01
279,39.62,24.18,25.74,24.49,108.14,62.71,54.32,47.11
280,39.62,24.14,25.74,24.49,108.14,62.71,54.32,47.11
281,39.62,24.14,25.74,24.49,108.14,62.71,54.45,47.11
282,39.7,24.18,25.78,24.49,108.14,62.88,54.45,47.11
283,39.7,24.18,25.78,24.49,108.14,62.71,54.45,47.22
284,39.62,24.18,25.78,24.45,108.14,62.88,54.45,47.11
285,39.62,24.18,25.78,24.49,108.14,62.71,54.45,47.22
286,39.62,24.18,25.74,24.49,108.14,62.71,54.45,47.22
287,39.54,24.14,25.74,24.49,108.14,62.71,54.32,47.22
288,39.54,24.14,25.74,24.45,108.14,62.54,54.45,47.22
289,39.54,24.14,25.74,24.49,108.14,62.71,54.45,47.11
290,39.54,24.18,25.78,24.45,108.14,62.71,54.32,47.22
291,39.62,24.18,25.74,24.45,108.14,62.71,54.32,47.22
292,39.54,24.18,25.74,24.45,107.69,62.71,54.45,47.22
293,39.54,24.18,25.74,24.45,108.14,62.71,54.45,47.22
294,39.54,24.18,25.74,24.45,107.69,62.54,54.45,47.22
295,39.62,24.21,25.74,24.45,108.14,62.71,54.45,47.22
296,39.7,24.21,25.78,24.45,108.14,62.71,54.45,47.22
297,39.62,24.21,25.78,24.49,108.14,62.88,54.59,47.32
298,39.62,24.21,25.82,24.45,108.14,62.88,54.59,47.32
299,39.7,24.25,25.82,24.49,108.14,62.71,54.72,47.22
300,39.7,24.25,25.82,24.49,108.14,62.88,54.59,47.32
301,39.78,24.25,25.87,24.49,108.59,62.88,54.59,47.32
302,39.7,24.25,25.87,24.49,108.14,62.88,54.72,47.32
303,39.7,24.21,25.82,24.49,108.14,62.88,54.59,47.32
304,39.62,24.21,25.82,24.49,108.14,62.88,54.72,47.32
305,39.7,24.21,25.87,24.49,108.59,62.88,54.45,47.32
306,39.62,24.21,25.82,24.49,108.14,62.88,54.59,47.32
307,39.7,24.21,25.82,24.45,108.14,62.88,54.59,47.32
308,39.7,24.21,25.82,24.49,108.14,62.71,54.59,47.32
309,39.62,24.18,25.78,24.49,108.14,62.88,54.59,47.32
310,39.62,24.18,25.78,24.49,108.14,62.71,54.59,47.32
311,39.46,24.18,25.74,24.45,108.14,62.71,54.45,47.32
312,39.62,24.18,25.74,24.45,108.14,62.71,54.45,47.32
313,39.54,24.14,25.74,24.45,107.69,62.54,54.45,47.32
314,39.54,24.14,25.74,24.45,107.69,62.71,54.45,47.32
315,39.46,24.1,25.7,24.45,107.69,62.54,54.32,47.32
316,39.46,24.14,25.7,24.45,107.69,62.54,54.32,47.32
317,39.46,24.14,25.66,24.45,107.25,62.54,54.32,47.32
318,39.46,24.14,25.66,24.45,107.69,62.54,54.32,47.32
319,39.46,24.1,25.66,24.45,107.69,62.54,54.32,47.32
320,39.46,24.1,25.66,24.45,107.25,62.54,54.32,47.43
321,39.46,24.1,25.66,24.45,107.69,62.54,54.32,47.32
322,39.46,24.1,25.66,24.45,107.69,62.54,54.32,47.32
323,39.46,24.1,25.7,24.45,107.69,62.54,54.32,47.43
324,39.46,24.1,25.7,24.45,107.69,62.54,54.32,47.43
325,39.46,24.1,25.7,24.45,107.69,62.54,54.32,47.43
326,39.46,24.1,25.66,24.41,107.69,62.54,54.32,47.32
327,39.46,24.1,25.7,24.45,107.69,62.54,54.32,47.32
328,39.46,24.1,25.7,24.41,107.69,62.54,54.32,47.43
329,39.46,24.14,25.66,24.45,107.69,62.54,54.32,47.43
330,39.46,24.14,25.7,24.45,107.69,62.54,54.32,47.43
331,39.46,24.06,25.66,24.45,107.25,62.37,54.32,47.43
332,39.46,24.1,25.7,24.45,107.69,62.37,54.32,47.43
333,39.54,24.1,25.7,24.45,107.69,62.54,54.32,47.43
334,39.54,24.14,25.7,24.45,107.69,62.54,54.32,47.43
335,39.54,24.14,25.7,24.45,107.69,62.54,54.32,47.43
336,39.54,24.1,25.7,24.45,107.69,62.54,54.32,47.43
337,39.54,24.1,25.7,24.45,107.69,62.37,54.32,47.43
338,39.54,24.1,25.74,24.45,107.69,62.71,54.32,47.43
339,39.54,24.1,25.74,24.45,107.69,62.37,54.32,47.43
340,39.54,24.14,25.74,24.45,107.69,62.54,54.45,47.53
341,39.62,24.14,25.74,24.45,108.14,62.54,54.45,47.43
342,39.62,24.14,25.74,24.45,107.69,62.54,54.32,47.53
343,39.62,24.1,25.74,24.45,108.14,62.54,54.45,47.53
344,39.54,24.1,25.74,24.45,107.69,62.54,54.45,47.53
345,39.54,24.14,25.74,24.45,107.69,62.54,54.45,47.53
346,39.54,24.1,25.74,24.49,108.14,62.54,54.45,47.53
347,39.62,24.14,25.78,24.45,108.14,62.54,54.45,47.53
348,39.62,24.1,25.74,24.49,107.69,62.54,54.45,47.53
349,39.54,24.14,25.78,24.49,107.69,62.54,54.45,47.53
350,39.54,24.14,25.78,24.49,108.14,62.54,54.59,47.53
351,39.54,24.14,25.78,24.49,108.14,62.54,54.45,47.53
352,39.54,24.14,25.78,24.45,108.14,62.54,54.45,47.64
353,39.62,24.14,25.78,24.49,108.14,62.54,54.59,47.53
354,39.46,24.1,25.74,24.45,107.69,62.37,54.45,47.64
355,39.54,24.1,25.74,24.45,107.69,62.54,54.59,47.64
356,39.54,24.1,25.74,24.45,108.14,62.54,54.45,47.64
357,39.46,24.1,25.74,24.45,107.69,62.54,54.45,47.53
358,39.54,24.14,25.74,24.45,107.69,62.54,54.59,47.64
359,39.54,24.14,25.78,24.45,108.14,62.54,54.59,47.64
360,39.54,24.18,25.78,24.49,108.14,62.71,54.59,47.64
361,39.54,24.18,25.78,24.45,108.14,62.71,54.59,47.64
362,39.62,24.21,25.82,24.49,108.14,62.88,54.59,47.64
363,39.62,24.21,25.82,24.49,108.14,62.88,54.72,47.64
364,39.62,24.21,25.82,24.49,108.14,62.88,54.72,47.74
365,39.7,24.25,25.82,24.49,108.14,62.88,54.72,47.74
366,39.7,24.21,25.87,24.49,108.14,62.71,54.72,47.74
367,39.62,24.21,25.87,24.49,108.14,62.88,54.85,47.74
368,39.62,24.25,25.87,24.49,108.14,62.88,54.72,47.74
369,39.62,24.21,25.87,24.49,108.59,62.88,54.72,47.74
370,39.78,24.25,25.91,24.49,108.59,62.88,54.72,47.74
371,39.78,24.25,25.91,24.53,108.14,62.88,54.85,47.74
372,39.78,24.25,25.95,24.53,108.59,62.88,54.85,47.74
373,39.78,24.25,25.95,24.53,108.59,62.88,54.99,47.74
374,39.78,24.29,25.95,24.53,109.04,63.05,54.85,47.74
375,39.78,24.33,25.99,24.53,109.04,63.05,54.99,47.74
376,39.78,24.29,25.99,24.53,109.04,63.05,54.99,47.74
377,39.94,24.33,25.99,24.53,109.04,63.05,54.99,47.85
378,39.86,24.33,26.03,24.57,109.04,63.05,55.13,47.74
379,39.86,24.33,26.03,24.57,109.04,63.05,54.99,47.74
380,39.86,24.36,26.03,24.57,109.04,63.05,54.99,47.85
381,39.86,24.33,25.99,24.57,109.04,63.05,54.99,47.85
382,39.86,24.29,25.99,24.57,108.59,63.05,54.99,47.85
383,39.78,24.29,25.99,24.53,108.59,63.05,54.99,47.85
384,39.86,24.29,25.95,24.57,108.59,62.88,54.85,47.85
385,39.78,24.29,25.95,24.53,109.04,63.05,54.99,47.85
386,39.86,24.29,25.95,24.53,108.59,63.05,54.99,47.85
387,39.94,24.29,25.95,24.53,109.04,63.05,54.99,47.85
388,39.86,24.29,25.99,24.57,109.04,63.05,54.99,47.85
389,39.86,24.29,25.99,24.57,109.04,63.05,54.99,47.85
390,39.86,24.29,25.99,24.57,109.04,63.05,54.99,47.85
391,39.94,24.29,26.03,24.57,109.5,63.05,55.13,47.96
392,40.02,24.29,26.03,24.57,109.04,63.05,55.13,47.85
393,39.94,24.33,26.07,24.57,108.59,63.22,54.99,47.85
394,39.94,24.33,26.03,24.57,109.04,63.05,54.99,47.96
395,39.94,24.33,26.07,24.57,109.04,63.05,55.13,47.96
396,39.94,24.29,26.03,24.57,109.04,63.22,55.13,47.85
397,39.94,24.29,26.03,24.57,109.04,63.05,55.13,47.96
398,39.94,24.29,26.03,24.57,109.04,63.05,54.99,47.96
399,40.02,24.29,26.07,24.57,108.59,62.88,54.99,47.96
400,39.86,24.29,25.99,24.57,108.59,63.05,54.99,47.96
401,39.78,24.29,25.99,24.57,108.59,63.05,54.85,47.96
402,39.86,24.29,25.99,24.53,108.59,62.88,54.99,47.85
403,39.78,24.25,25.95,24.57,108.59,62.88,54.85,47.96
404,39.86,24.25,25.95,24.57,108.59,62.88,54.99,47.96
405,39.86,24.29,25.99,24.53,108.59,62.88,54.99,47.96
406,39.86,24.33,25.99,24.57,108.59,63.22,54.99,47.96
407,39.86,24.33,25.99,24.57,108.59,63.05,54.99,47.96
408,39.86,24.29,25.99,24.57,108.59,63.05,54.99,48.07
409,39.86,24.33,25.99,24.57,108.59,63.05,54.99,47.96
410,39.78,24.33,25.99,24.57,109.04,63.05,55.13,47.96
411,39.94,24.33,25.99,24.57,109.04,63.22,54.99,47.96
412,39.86,24.33,25.99,24.57,109.04,63.05,54.99,47.96
413,39.86,24.33,25.99,24.53,109.04,63.05,55.13,47.96
414,39.86,24.33,25.99,24.57,108.59,63.05,54.99,47.96
415,39.94,24.33,25.99,24.53,108.59,63.05,54.99,47.96
416,39.86,24.33,25.95,24.57,108.59,63.05,54.99,47.96
417,39.78,24.29,25.99,24.57,109.04,63.05,54.99,47.96
418,39.86,24.29,25.99,24.57,109.04,63.05,54.99,47.96
419,39.86,24.33,25.99,24.57,108.59,63.05,54.99,48.07
420,39.86,24.29,25.95,24.53,108.59,63.05,54.99,47.96
421,39.78,24.29,25.95,24.57,109.04,62.88,54.99,47.96
422,39.78,24.29,25.91,24.53,108.59,62.88,54.85,47.96
423,39.78,24.25,25.91,24.53,108.59,63.05,54.85,47.96
424,39.7,24.29,25.91,24.53,108.59,62.88,54.85,47.96
425,39.7,24.25,25.91,24.53,108.59,62.88,54.85,47.96
426,39.7,24.25,25.87,24.53,108.59,62.71,54.72,47.96
427,39.7,24.21,25.87,24.53,108.14,62.88,54.72,47.85
428,39.62,24.25,25.87,24.53,108.14,62.88,54.72,47.96
429,39.7,24.25,25.82,24.49,108.14,62.88,54.72,47.96
430,39.78,24.25,25.82,24.53,108.14,62.88,54.72,48.07
431,39.62,24.25,25.82,24.53,108.14,62.88,54.72,47.96
432,39.62,24.25,25.82,24.53,108.14,62.88,54.72,47.96
433,39.62,24.25,25.82,24.53,108.14,62.88,54.72,47.96
434,39.62,24.21,25.78,24.49,107.69,62.71,54.72,47.85
435,39.54,24.21,25.78,24.49,108.14,62.71,54.72,47.85
436,39.62,24.21,25.78,24.53,107.69,62.71,54.72,47.96
437,39.62,24.21,25.78,24.53,108.14,63.05,54.72,47.96
438,39.7,24.21,25.78,24.49,108.14,62.71,54.59,47.96
439,39.62,24.25,25.78,24.53,108.14,62.88,54.72,47.96
440,39.7,24.25,25.82,24.53,108.14,63.05,54.72,47.96
441,39.78,24.29,25.87,24.53,108.14,63.05,54.85,47.96
442,39.78,24.33,25.91,24.53,108.59,62.88,54.85,47.96
443,39.78,24.33,25.91,24.53,108.59,63.05,54.85,48.07
444,39.7,24.33,25.95,24.57,108.59,63.05,54.85,47.96
445,39.78,24.33,25.99,24.53,108.59,63.05,54.99,48.07
446,39.78,24.36,25.95,24.53,108.59,63.05,54.99,48.07
447,39.86,24.36,25.99,24.53,108.59,63.22,54.99,48.07
448,39.86,24.33,25.99,24.53,109.04,63.05,55.13,47.96
449,39.86,24.33,25.95,24.53,109.04,63.22,54.99,48.07
450,39.78,24.33,25.95,24.53,108.59,63.22,54.99,48.07
451,39.78,24.33,25.95,24.53,108.59,63.05,54.99,48.07
452,39.78,24.29,25.91,24.53,108.59,62.71,54.99,48.07
453,39.78,24.29,25.95,24.53,108.59,63.05,54.85,48.07
454,39.78,24.29,25.91,24.53,109.04,62.88,54.85,48.07
455,39.78,24.29,25.91,24.53,108.59,63.05,54.85,48.07
456,39.7,24.29,25.91,24.53,108.59,63.05,54.85,47.96
457,39.78,24.25,25.87,24.53,108.14,62.88,54.85,47.96
458,39.78,24.29,25.91,24.53,108.14,63.05,54.72,48.07
459,39.78,24.29,25.87,24.53,108.59,62.88,54.72,47.96
460,39.78,24.29,25.87,24.53,108.14,62.88,54.85,48.07
461,39.78,24.29,25.87,24.53,108.59,62.88,54.85,47.96
462,39.78,24.29,25.91,24.53,108.14,63.05,54.85,48.07
463,39.78,24.33,25.91,24.53,108.59,63.05,54.99,47.96
464,39.78,24.33,25.91,24.57,108.59,63.05,54.85,48.07
465,39.86,24.33,25.95,24.57,108.59,63.05,54.99,48.07
466,39.86,24.33,25.95,24.53,108.59,63.05,54.99,48.07
467,39.78,24.33,25.91,24.53,108.59,63.05,54.85,48.07
468,39.78,24.29,25.91,24.53,108.59,62.88,54.85,48.07
469,39.78,24.33,25.91,24.53,108.59,63.05,54.85,48.07
470,39.78,24.29,25.91,24.57,108.14,63.05,54.85,48.07
471,39.78,24.29,25.91,24.57,108.59,63.05,54.85,47.96
472,39.78,24.33,25.91,24.57,108.14,63.05,54.85,47.96
473,39.78,24.29,25.91,24.53,108.14,62.88,54.85,48.07
474,39.86,24.29,25.91,24.53,108.59,62.88,54.85,47.96
475,39.78,24.21,25.87,24.53,108.59,62.88,54.85,48.07
476,39.78,24.29,25.87,24.53,108.14,63.05,54.85,48.07
477,39.78,24.25,25.87,24.53,108.14,63.05,54.85,48.07
478,39.62,24.21,25.87,24.53,108.14,62.88,54.72,47.96
479,39.78,24.21,25.87,24.53,108.14,62.71,54.72,48.07
480,39.86,24.25,25.82,24.49,108.14,62.88,54.72,48.07
481,39.7,24.25,25.87,24.53,108.14,62.88,54.72,48.07
482,39.7,24.21,25.87,24.53,108.14,62.88,54.72,48.07
483,39.7,24.25,25.87,24.53,108.59,62.88,54.85,48.07
484,39.7,24.25,25.87,24.53,108.14,63.05,54.85,48.07
485,39.78,24.25,25.87,24.53,108.14,62.88,54.85,48.07
486,39.7,24.25,25.91,24.53,108.14,62.88,54.85,48.07
487,39.78,24.25,25.91,24.53,108.59,63.05,54.85,48.17
488,39.7,24.25,25.91,24.53,108.59,62.88,54.85,48.07
489,39.7,24.25,25.87,24.53,108.14,62.88,54.85,48.17
490,39.7,24.25,25.87,24.49,108.59,62.88,54.85,48.07
491,39.78,24.25,25.91,24.53,108.59,62.88,54.72,48.07
492,39.7,24.25,25.91,24.53,108.59,62.88,54.85,48.07
493,39.7,24.25,25.91,24.57,108.59,62.88,54.85,48.07
494,39.78,24.29,25.95,24.53,108.59,63.05,54.85,48.17
495,39.78,24.29,25.95,24.53,108.59,63.05,54.85,48.17
496,39.86,24.29,25.99,24.57,108.59,63.05,54.99,48.17
497,39.86,24.33,25.99,24.53,109.04,62.88,55.13,48.17
498,39.86,24.33,25.99,24.53,109.04,63.05,54.99,48.07
499,39.86,24.33,25.99,24.53,108.59,63.05,55.13,48.17
500,39.86,24.36,26.03,24.57,109.04,63.22,55.13,48.17
501,39.94,24.33,26.03,24.57,109.04,63.05,55.13,48.17
502,39.94,24.36,26.03,24.57,108.59,63.05,55.13,48.17
503,39.86,24.33,25.99,24.57,109.04,63.05,55.13,48.17
504,39.78,24.33,25.99,24.57,109.04,63.05,55.13,48.17
505,39.94,24.33,26.03,24.53,108.59,63.22,55.13,48.17
506,39.86,24.33,26.03,24.57,108.59,63.05,55.13,48.17
507,39.86,24.29,25.99,24.53,108.59,63.22,55.13,48.17
508,39.78,24.29,25.95,24.53,108.59,62.71,54.99,48.17
509,39.78,24.33,25.99,24.53,108.59,63.05,54.99,48.17
510,39.7,24.29,25.91,24.53,108.59,62.88,54.99,48.07
511,39.78,24.29,25.91,24.53,108.59,63.05,54.99,48.17
512,39.62,24.29,25.87,24.53,108.59,62.88,54.85,48.17
513,39.7,24.29,25.87,24.49,108.59,62.88,54.85,48.17
514,39.62,24.25,25.87,24.49,108.14,63.05,54.72,48.17
515,39.78,24.29,25.87,24.53,108.14,63.05,54.85,48.17
516,39.7,24.29,25.87,24.53,108.14,63.05,54.85,48.17
517,39.7,24.29,25.87,24.49,108.14,63.05,54.85,48.17
518,39.7,24.29,25.87,24.53,108.59,63.22,54.99,48.17
519,39.86,24.29,25.87,24.53,108.59,62.88,54.85,48.17
520,39.7,24.29,25.87,24.53,108.14,63.05,54.85,48.17
521,39.62,24.29,25.87,24.53,108.14,62.88,54.72,48.07
522,39.78,24.29,25.87,24.49,108.14,62.88,54.85,48.07
523,39.7,24.29,25.87,24.53,108.14,63.05,54.85,48.07
524,39.62,24.29,25.87,24.53,108.14,62.88,54.85,48.17
525,39.62,24.25,25.78,24.49,108.14,62.88,54.59,48.07
526,39.54,24.25,25.82,24.53,108.14,62.88,54.72,48.17
527,39.62,24.25,25.82,24.49,108.14,62.88,54.72,48.17
528,39.7,24.25,25.78,24.49,108.14,62.88,54.72,48.17
529,39.7,24.25,25.82,24.49,108.14,62.88,54.72,48.07
530,39.62,24.25,25.82,24.49,108.14,62.88,54.72,48.17
531,39.7,24.21,25.82,24.49,108.14,62.88,54.72,48.17
532,39.7,24.25,25.82,24.49,108.14,63.05,54.72,48.17
533,39.7,24.25,25.78,24.49,108.14,62.71,54.72,48.07
534,39.7,24.21,25.78,24.49,108.14,62.88,54.72,48.17
535,39.62,24.21,25.82,24.49,108.14,62.88,54.72,48.07
536,39.7,24.21,25.82,24.49,108.14,62.71,54.72,48.17
537,39.7,24.21,25.82,24.49,108.14,62.88,54.59,48.17
538,39.62,24.21,25.82,24.49,108.14,62.71,54.72,48.07
539,39.62,24.18,25.78,24.49,108.14,62.88,54.59,48.07
540,39.7,24.21,25.78,24.49,108.14,62.71,54.59,48.07
541,39.62,24.18,25.78,24.45,108.14,62.71,54.59,48.07
542,39.7,24.21,25.78,24.49,108.14,62.71,54.59,48.07
543,39.54,24.18,25.78,24.49,107.69,62.71,54.59,48.07
544,39.54,24.14,25.78,24.45,108.14,62.71,54.59,48.07
545,39.54,24.14,25.74,24.45,107.69,62.71,54.59,48.07
546,39.54,24.1,25.74,24.45,107.69,62.54,54.45,48.07
547,39.46,24.14,25.7,24.41,107.69,62.71,54.45,48.07
548,39.46,24.14,25.7,24.41,107.69,62.54,54.45,48.07
549,39.54,24.1,25.7,24.45,107.69,62.54,54.45,48.07
550,39.46,24.14,25.7,24.41,107.69,62.54,54.32,48.17
551,39.54,24.14,25.7,24.45,107.69,62.54,54.45,48.07
552,39.54,24.14,25.7,24.45,107.69,62.71,54.45,48.17
553,39.54,24.18,25.74,24.45,108.14,62.71,54.59,48.07
554,39.46,24.18,25.78,24.45,108.14,62.88,54.72,48.17
555,39.54,24.21,25.78,24.45,108.14,62.71,54.59,48.07
556,39.62,24.18,25.78,24.49,108.14,62.88,54.72,48.17
557,39.54,24.21,25.78,24.45,108.14,62.88,54.72,48.17
558,39.62,24.21,25.82,24.45,108.14,62.71,54.72,48.17
559,39.62,24.18,25.82,24.45,108.14,62.71,54.72,48.17
560,39.54,24.18,25.82,24.45,108.14,62.88,54.72,48.17
561,39.62,24.18,25.87,24.45,108.14,62.71,54.72,48.17
562,39.62,24.18,25.87,24.45,108.14,62.71,54.72,48.17
563,39.7,24.18,25.87,24.49,108.59,62.71,54.72,48.17
564,39.7,24.18,25.87,24.49,108.14,62.71,54.72,48.17
565,39.78,24.18,25.91,24.45,108.14,62.88,54.72,48.28
566,39.78,24.21,25.87,24.45,108.59,62.88,54.72,48.17
567,39.7,24.18,25.91,24.49,108.14,62.71,54.72,48.17
568,39.7,24.18,25.91,24.49,108.59,62.71,54.85,48.17
569,39.78,24.18,25.95,24.49,108.59,62.71,54.85,48.17
570,39.7,24.18,25.95,24.49,108.59,62.71,54.85,48.28
571,39.86,24.18,25.95,24.45,108.59,62.88,54.85,48.17
572,39.86,24.21,25.95,24.49,108.59,62.71,54.85,48.28
573,39.78,24.21,25.95,24.49,108.59,62.88,54.99,48.28
574,39.78,24.21,25.95,24.49,108.59,62.71,54.85,48.28
575,39.86,24.21,25.99,24.49,108.59,62.71,54.99,48.17
576,39.86,24.18,25.99,24.49,109.04,62.88,54.99,48.28
577,39.86,24.21,25.95,24.49,108.59,62.88,54.99,48.28
578,39.86,24.21,25.95,24.49,108.59,62.88,54.99,48.17
579,39.78,24.21,25.95,24.49,108.59,62.88,54.85,48.17
580,39.78,24.21,25.95,24.49,108.59,62.88,54.85,48.28
581,39.78,24.21,25.95,24.49,108.59,62.71,54.99,48.28
582,39.7,24.21,25.95,24.49,108.59,62.71,54.85,48.28
583,39.7,24.21,25.95,24.49,108.59,62.88,54.99,48.28
584,39.7,24.21,25.95,24.49,108.59,62.88,54.99,48.28
585,39.78,24.21,25.95,24.53,108.59,62.88,54.99,48.28
586,39.78,24.21,25.91,24.49,108.59,62.71,54.85,48.28
587,39.78,24.18,25.91,24.49,108.14,62.71,54.85,48.17
588,39.7,24.21,25.87,24.53,108.14,62.71,54.85,48.28
589,39.7,24.14,25.87,24.49,108.14,62.71,54.72,48.28
590,39.7,24.1,25.82,24.49,108.14,62.54,54.72,48.17
591,39.62,24.14,25.82,24.45,108.14,62.71,54.72,48.17
592,39.7,24.14,25.87,24.49,108.14,62.54,54.72,48.17
593,39.62,24.14,25.82,24.45,108.14,62.71,54.72,48.07
594,39.7,24.14,25.87,24.45,108.14,62.71,54.72,48.17
595,39.7,24.18,25.87,24.45,108.14,62.54,54.72,48.17
596,39.7,24.18,25.87,24.45,108.14,62.71,54.85,48.28
597,39.62,24.14,25.87,24.49,108.14,62.71,54.85,48.28
598,39.62,24.14,25.87,24.49,108.14,62.71,54.85,48.28
