0,35.08,21.19,22.87,21.97,98.26,56.92,49.64,42.15
1,35.08,21.19,22.83,21.97,98.26,56.92,49.64,42.15
2,35.01,21.16,22.87,21.97,98.26,56.78,49.64,42.15
3,35.08,21.19,22.83,21.97,98.26,56.78,49.64,42.15
4,34.95,21.16,22.8,21.97,97.88,56.78,49.52,42.15
5,35.01,21.16,22.8,21.97,97.88,56.64,49.41,42.15
6,34.95,21.13,22.76,21.97,97.88,56.64,49.41,42.15
7,35.01,21.13,22.76,21.94,97.88,56.64,49.41,42.15
8,35.01,21.13,22.76,21.97,97.88,56.5,49.52,42.15
9,35.01,21.13,22.76,21.97,97.88,56.64,49.52,42.15
10,35.01,21.13,22.8,21.97,97.88,56.64,49.52,42.15
11,35.01,21.13,22.76,21.97,97.88,56.64,49.41,42.15
12,35.01,21.13,22.76,21.97,97.88,56.64,49.52,42.15
13,34.95,21.1,22.73,21.97,97.88,56.5,49.41,42.15
14,34.95,21.1,22.73,21.97,97.88,56.64,49.41,42.15
15,35.01,21.13,22.8,21.97,97.88,56.64,49.52,42.15
16,35.08,21.13,22.8,21.97,97.88,56.64,49.41,42.24
17,34.95,21.13,22.76,21.97,97.88,56.5,49.41,42.15
18,35.01,21.13,22.76,21.97,97.88,56.64,49.41,42.24
19,35.01,21.16,22.8,21.97,97.88,56.5,49.52,42.24
20,35.01,21.16,22.8,21.97,97.88,56.64,49.52,42.24
21,35.08,21.16,22.8,21.97,98.26,56.64,49.52,42.15
22,34.95,21.16,22.8,21.97,97.88,56.64,49.52,42.24
23,35.08,21.16,22.8,21.97,98.26,56.64,49.52,42.24
24,35.08,21.16,22.8,21.97,98.26,56.78,49.52,42.24
25,34.95,21.16,22.8,21.97,97.88,56.64,49.52,42.24
26,34.95,21.16,22.76,21.97,97.88,56.78,49.52,42.24
27,34.88,21.13,22.76,22.01,97.88,56.64,49.52,42.24
28,34.95,21.13,22.73,21.97,97.88,56.78,49.41,42.24
29,34.88,21.13,22.76,21.97,97.51,56.64,49.41,42.24
30,34.88,21.13,22.76,21.97,97.88,56.64,49.52,42.15
31,34.95,21.16,22.76,21.97,97.88,56.78,49.41,42.24
32,35.01,21.16,22.76,21.97,97.88,56.78,49.52,42.33
33,35.01,21.16,22.8,22.01,97.88,56.64,49.52,42.33
34,35.01,21.19,22.8,21.97,97.88,56.64,49.52,42.33
35,35.01,21.19,22.83,22.01,98.26,56.78,49.52,42.33
36,35.08,21.19,22.83,22.01,98.26,56.78,49.52,42.33
37,35.08,21.23,22.83,22.01,97.88,56.78,49.64,42.33
38,35.08,21.26,22.87,22.01,98.26,56.92,49.64,42.33
39,35.08,21.26,22.87,22.01,98.26,56.92,49.75,42.33
40,35.08,21.23,22.87,22.04,98.26,56.92,49.64,42.42
41,35.08,21.26,22.87,22.04,98.26,56.92,49.75,42.42
42,35.15,21.26,22.87,22.01,98.26,56.92,49.75,42.42
43,35.15,21.23,22.87,22.01,98.26,56.92,49.75,42.42
44,35.08,21.23,22.87,22.04,98.26,56.92,49.75,42.42
45,35.01,21.23,22.83,22.01,98.26,56.92,49.64,42.42
46,35.01,21.23,22.83,22.04,98.26,56.78,49.64,42.33
47,34.95,21.19,22.8,22.04,97.88,56.78,49.64,42.33
48,34.95,21.19,22.83,22.01,97.88,56.78,49.64,42.33
49,34.88,21.19,22.8,22.01,97.88,56.92,49.52,42.42
50,34.88,21.19,22.76,22.01,97.88,56.78,49.52,42.42
51,34.95,21.16,22.76,22.01,97.88,56.78,49.41,42.42
52,34.95,21.16,22.8,22.01,97.88,56.64,49.41,42.33
53,35.08,21.13,22.83,22.01,98.26,56.64,49.3,42.33
54,35.28,21.16,22.94,22.04,98.64,56.64,49.3,42.33
55,34.95,21.16,22.7,22.04,97.88,56.64,47.86,42.24
56,34.76,21.16,22.46,22.04,96.77,56.64,47.02,42.24
57,32.9,20.76,19.19,22.04,86.79,55.1,37.45,41.64
58,32.26,20.55,17.51,22.01,82.75,54.03,33.42,41.21
59,31.86,20.4,16.57,21.97,80.58,53.25,31.18,40.96
60,30.82,19.9,14.52,21.84,75.59,50.9,26.8,39.83
61,30.76,19.82,14.32,21.84,75.12,50.43,26.41,39.67
62,30.39,19.56,13.73,21.71,73.52,49.39,25.25,38.97
63,29.92,19.39,13.34,21.58,71.98,48.5,24.47,38.28
64,29.87,19.31,13.21,21.55,71.55,48.17,24.28,38.06
65,29.72,19.26,13.09,21.52,71.12,48.06,24.02,37.7
66,29.37,19.07,12.84,21.36,69.87,47.31,23.51,36.98
67,29.22,18.98,12.74,21.27,69.46,47.0,23.29,36.63
68,29.12,18.9,12.64,21.23,69.06,46.79,23.12,36.28
69,29.07,18.9,12.61,21.2,68.86,46.69,23.01,36.08
70,28.92,18.82,12.51,21.08,68.46,46.38,22.8,35.67
71,28.82,18.77,12.44,21.02,68.06,46.27,22.66,35.34
72,28.73,18.74,12.36,20.92,67.67,46.07,22.5,34.95
73,28.73,18.72,12.31,20.86,67.48,45.97,22.39,34.69
74,28.58,18.69,12.25,20.77,67.1,45.77,22.26,34.31
75,28.63,18.69,12.25,20.77,67.1,45.77,22.23,34.25
76,28.54,18.64,12.2,20.71,66.91,45.67,22.13,34.0
77,28.44,18.64,12.15,20.65,66.72,45.57,22.03,33.69
78,28.49,18.59,12.14,20.59,66.53,45.47,21.99,33.51
79,28.39,18.59,12.09,20.53,66.34,45.47,21.89,33.15
80,28.39,18.61,12.09,20.53,66.15,45.47,21.89,33.15
81,28.39,18.56,12.06,20.44,66.15,45.37,21.8,32.91
82,28.35,18.56,12.06,20.41,65.97,45.37,21.77,32.74
83,28.3,18.56,12.04,20.38,66.15,45.27,21.73,32.5
84,28.25,18.53,12.03,20.35,65.97,45.27,21.73,32.45
85,28.25,18.53,12.03,20.32,65.97,45.27,21.7,32.22
86,28.25,18.51,12.01,20.26,65.78,45.08,21.64,32.05
87,28.2,18.48,12.0,20.23,65.6,45.08,21.6,31.82
88,28.25,18.51,12.0,20.2,65.6,44.98,21.57,31.71
89,28.25,18.51,11.98,20.18,65.6,45.08,21.57,31.6
90,28.2,18.51,11.98,20.18,65.6,45.08,21.57,31.54
91,28.2,18.45,11.95,20.14,65.41,45.08,21.51,31.38
92,28.2,18.45,11.94,20.12,65.41,44.98,21.48,31.27
93,28.16,18.43,11.94,20.09,65.41,44.88,21.44,31.16
94,28.06,18.4,11.92,20.06,65.23,44.88,21.44,31.0
95,28.06,18.38,11.9,20.03,65.05,44.79,21.41,30.84
96,28.11,18.4,11.89,20.0,65.23,44.88,21.38,30.73
97,28.11,18.4,11.9,20.0,65.23,44.69,21.41,30.68
98,28.16,18.43,11.92,19.97,65.23,44.79,21.38,30.57
99,28.11,18.4,11.9,19.97,65.23,44.88,21.38,30.52
100,28.16,18.4,11.9,19.94,65.23,44.79,21.38,30.41
101,28.11,18.38,11.9,19.91,65.05,44.69,21.35,30.26
102,28.06,18.38,11.89,19.91,65.05,44.69,21.35,30.21
103,28.11,18.38,11.89,19.91,65.05,44.69,21.35,30.15
104,28.11,18.4,11.9,19.89,65.05,44.69,21.35,30.1
105,28.2,18.45,11.92,19.89,65.23,44.88,21.38,29.95
106,28.2,18.45,11.94,19.86,65.23,44.88,21.38,29.9
107,28.16,18.43,11.92,19.89,65.23,44.79,21.38,29.85
108,28.2,18.45,11.94,19.86,65.23,44.88,21.41,29.75
109,28.25,18.48,11.94,19.86,65.23,44.88,21.38,29.7
110,28.2,18.48,11.94,19.83,65.41,44.88,21.38,29.59
111,28.25,18.45,11.95,19.83,65.41,44.79,21.38,29.54
112,28.2,18.48,11.95,19.8,65.41,44.98,21.38,29.44
113,28.25,18.48,11.94,19.8,65.41,44.79,21.38,29.44
114,28.16,18.4,11.92,19.77,65.23,44.69,21.35,29.34
115,28.06,18.38,11.89,19.74,65.23,44.6,21.32,29.25
116,28.06,18.35,11.89,19.74,65.05,44.6,21.29,29.2
117,28.11,18.38,11.9,19.74,65.23,44.69,21.32,29.15
118,28.06,18.38,11.89,19.71,65.05,44.69,21.29,29.0
119,28.11,18.35,11.89,19.71,65.05,44.69,21.29,29.0
120,28.2,18.4,11.92,19.68,65.23,44.69,21.32,28.9
121,28.11,18.4,11.92,19.71,65.23,44.69,21.32,28.95
122,28.16,18.43,11.94,19.71,65.23,44.79,21.32,28.9
123,28.2,18.43,11.94,19.68,65.23,44.79,21.32,28.86
124,28.25,18.4,11.95,19.68,65.23,44.79,21.35,28.76
125,28.25,18.45,11.94,19.68,65.23,44.79,21.32,28.66
126,28.2,18.43,11.94,19.66,65.23,44.69,21.32,28.62
127,28.2,18.43,11.94,19.66,65.23,44.69,21.32,28.62
128,28.2,18.43,11.94,19.66,65.41,44.79,21.32,28.52
129,28.25,18.43,11.94,19.66,65.41,44.79,21.32,28.47
130,28.2,18.4,11.92,19.63,65.23,44.79,21.32,28.43
131,28.2,18.4,11.92,19.63,65.23,44.69,21.29,28.38
132,28.2,18.4,11.94,19.63,65.23,44.69,21.32,28.38
133,28.2,18.4,11.92,19.6,65.23,44.69,21.29,28.33
134,28.2,18.4,11.9,19.6,65.05,44.69,21.29,28.28
135,28.11,18.32,11.89,19.6,65.05,44.6,21.22,28.19
136,28.16,18.35,11.87,19.6,64.87,44.6,21.22,28.19
137,28.11,18.35,11.89,19.6,64.87,44.6,21.22,28.14
138,28.11,18.35,11.87,19.57,64.87,44.6,21.22,28.1
139,28.06,18.32,11.86,19.57,64.87,44.6,21.22,28.1
140,28.02,18.3,11.87,19.54,64.87,44.5,21.22,28.05
141,28.06,18.3,11.87,19.54,64.87,44.5,21.22,28.0
142,28.11,18.32,11.87,19.54,64.87,44.5,21.22,27.96
143,28.11,18.32,11.87,19.54,64.87,44.5,21.22,27.91
144,28.11,18.35,11.87,19.54,64.87,44.5,21.22,27.91
145,28.11,18.32,11.87,19.52,64.87,44.5,21.22,27.82
146,28.11,18.35,11.87,19.52,64.87,44.5,21.22,27.82
147,28.11,18.35,11.87,19.52,64.87,44.5,21.22,27.77
148,28.06,18.35,11.87,19.54,64.87,44.6,21.22,27.77
149,28.11,18.35,11.87,19.52,64.87,44.5,21.22,27.73
150,28.06,18.35,11.87,19.54,64.87,44.5,21.22,27.73
151,28.02,18.38,11.86,19.52,65.05,44.6,21.22,27.68
152,28.11,18.38,11.89,19.52,64.87,44.6,21.22,27.64
153,28.11,18.38,11.89,19.52,65.05,44.5,21.25,27.64
154,28.06,18.38,11.87,19.52,65.05,44.5,21.22,27.64
155,28.11,18.38,11.9,19.52,65.05,44.6,21.35,27.64
156,28.44,18.43,12.2,19.49,66.53,44.69,22.23,27.64
157,28.49,18.45,12.25,19.52,66.91,44.79,22.39,27.64
158,29.07,18.59,12.77,19.52,69.26,45.27,23.69,27.73
159,29.32,18.66,13.08,19.52,70.49,45.47,24.44,27.77
160,29.47,18.72,13.23,19.54,71.12,45.67,24.78,27.87
161,29.82,18.82,13.6,19.52,72.41,45.97,25.66,27.91
162,30.44,19.04,14.25,19.57,74.89,46.89,27.15,28.14
163,30.76,19.15,14.59,19.6,76.31,47.31,27.96,28.33
164,31.03,19.28,14.93,19.63,77.28,47.74,28.72,28.43
165,31.25,19.37,15.23,19.66,78.52,48.17,29.36,28.52
166,31.64,19.54,15.71,19.71,80.06,48.72,30.53,28.76
167,31.8,19.65,15.97,19.74,80.85,49.05,31.12,28.86
168,32.14,19.76,16.34,19.8,81.92,49.5,32.01,29.05
169,32.32,19.85,16.64,19.83,83.02,49.96,32.64,29.15
170,32.61,19.96,17.01,19.89,84.15,50.43,33.54,29.39
171,32.78,20.05,17.34,19.91,85.02,50.78,34.34,29.59
172,32.84,20.08,17.51,19.94,85.6,50.9,34.73,29.64
173,32.96,20.14,17.83,19.97,86.19,51.26,35.51,29.85
174,33.14,20.19,18.11,20.03,87.09,51.62,36.19,30.05
175,33.14,20.19,18.18,20.03,87.09,51.75,36.39,30.1
176,33.38,20.28,18.44,20.06,88.01,51.99,37.02,30.26
177,33.44,20.31,18.63,20.09,88.64,52.12,37.45,30.41
178,33.5,20.37,18.84,20.14,88.95,52.49,37.97,30.62
179,33.69,20.43,19.05,20.18,89.58,52.74,38.49,30.73
180,33.81,20.49,19.22,20.2,90.23,53.0,38.95,30.89
181,33.93,20.52,19.52,20.26,90.88,53.25,39.65,31.11
182,33.93,20.55,19.67,20.29,91.2,53.38,40.05,31.27
183,34.06,20.58,19.78,20.32,91.54,53.64,40.29,31.32
184,34.12,20.67,19.89,20.35,91.87,53.77,40.7,31.49
185,34.18,20.67,20.1,20.41,92.2,53.9,41.2,31.65
186,34.24,20.7,20.16,20.41,92.54,54.16,41.37,31.71
187,34.24,20.7,20.27,20.47,92.54,54.03,41.62,31.82
188,34.31,20.7,20.42,20.5,92.88,54.3,41.97,31.99
189,34.37,20.76,20.51,20.5,93.22,54.43,42.32,32.1
190,34.37,20.76,20.63,20.56,93.57,54.7,42.58,32.27
191,34.44,20.79,20.72,20.59,93.91,54.7,42.85,32.39
192,34.56,20.82,20.84,20.62,94.26,54.83,43.21,32.5
193,34.56,20.85,20.94,20.65,94.26,54.97,43.49,32.68
194,34.56,20.85,20.97,20.68,94.61,54.97,43.58,32.68
195,34.63,20.85,21.06,20.71,94.61,55.1,43.86,32.85
196,34.63,20.85,21.09,20.71,94.61,55.1,43.86,32.85
197,34.63,20.85,21.18,20.74,94.97,55.1,44.14,33.03
198,34.56,20.85,21.18,20.74,94.97,55.1,44.23,33.09
199,34.69,20.91,21.31,20.8,95.32,55.38,44.52,33.27
200,34.76,20.95,21.34,20.8,95.32,55.24,44.61,33.27
201,34.82,20.95,21.44,20.83,95.68,55.52,44.9,33.45
202,34.76,20.98,21.44,20.86,95.32,55.52,44.81,33.45
203,34.76,20.98,21.47,20.86,95.68,55.52,45.0,33.51
204,34.76,20.95,21.47,20.89,95.68,55.52,45.2,33.57
205,34.76,20.91,21.5,20.89,95.68,55.52,45.1,33.63
206,34.76,20.98,21.57,20.92,96.04,55.65,45.39,33.81
207,34.82,20.98,21.6,20.92,95.68,55.52,45.49,33.88
208,34.76,21.01,21.63,20.92,95.68,55.65,45.49,33.88
209,34.69,20.98,21.63,20.95,96.04,55.65,45.59,34.0
210,34.76,20.98,21.63,20.99,96.04,55.65,45.69,34.06
211,34.76,20.98,21.66,20.99,96.04,55.65,45.79,34.19
212,34.76,21.01,21.69,21.02,96.04,55.79,45.89,34.25
213,34.82,21.04,21.73,21.02,96.04,55.93,45.89,34.25
214,34.82,21.07,21.82,21.05,96.4,55.93,46.09,34.38
215,34.88,21.1,21.82,21.02,96.4,55.93,46.19,34.44
216,34.88,21.1,21.86,21.05,96.4,55.93,46.19,34.44
217,34.95,21.07,21.86,21.05,96.4,55.93,46.29,34.56
218,34.95,21.1,21.89,21.11,96.77,56.07,46.4,34.56
219,34.95,21.13,21.89,21.11,96.4,56.21,46.5,34.69
220,34.95,21.1,21.95,21.11,96.4,56.07,46.5,34.76
221,35.01,21.13,21.95,21.11,96.77,56.07,46.5,34.82
222,35.01,21.1,21.99,21.14,96.77,56.21,46.7,34.95
223,34.95,21.1,21.99,21.14,96.77,56.21,46.6,34.95
224,35.01,21.1,21.99,21.14,96.77,56.07,46.7,35.01
225,34.95,21.1,21.99,21.17,96.77,56.21,46.7,35.08
226,34.95,21.1,21.99,21.17,96.77,56.21,46.7,35.08
227,34.95,21.07,22.02,21.17,96.77,56.07,46.81,35.21
228,34.95,21.1,22.02,21.17,96.77,56.07,46.7,35.21
229,34.88,21.1,22.05,21.2,96.77,56.21,46.91,35.27
230,34.95,21.1,22.02,21.2,96.77,56.21,46.81,35.27
231,34.95,21.13,22.05,21.2,96.77,56.21,46.91,35.41
232,35.01,21.16,22.09,21.2,97.14,56.21,47.02,35.47
233,35.01,21.16,22.12,21.23,97.14,56.35,47.12,35.47
234,35.01,21.16,22.12,21.23,97.14,56.35,47.12,35.54
235,35.08,21.16,22.15,21.23,97.14,56.35,47.12,35.54
236,35.01,21.16,22.15,21.27,97.14,56.21,47.12,35.61
237,35.01,21.16,22.15,21.27,97.14,56.35,47.22,35.67
238,35.01,21.16,22.15,21.27,97.14,56.35,47.22,35.74
239,34.95,21.13,22.15,21.27,96.77,56.35,47.12,35.74
240,34.95,21.1,22.12,21.27,97.14,56.21,47.12,35.81
241,34.95,21.1,22.12,21.27,96.77,56.21,47.12,35.81
242,34.95,21.13,22.15,21.27,97.14,56.21,47.22,35.87
243,34.95,21.16,22.19,21.3,97.14,56.35,47.33,35.94
244,34.95,21.13,22.19,21.3,97.14,56.21,47.22,36.01
245,35.01,21.16,22.15,21.3,97.14,56.21,47.33,35.94
246,35.01,21.13,22.19,21.3,97.14,56.21,47.33,36.08
247,35.01,21.16,22.19,21.33,97.14,56.21,47.33,36.15
248,35.01,21.13,22.19,21.33,97.14,56.35,47.33,36.15
249,34.95,21.13,22.22,21.33,97.14,56.35,47.44,36.21
250,34.95,21.13,22.19,21.33,97.14,56.21,47.44,36.15
251,34.95,21.13,22.19,21.36,97.14,56.35,47.44,36.21
252,34.95,21.1,22.15,21.36,97.14,56.21,47.33,36.28
253,35.01,21.13,22.19,21.33,96.77,56.21,47.44,36.35
254,34.95,21.1,22.19,21.36,96.77,56.21,47.44,36.42
255,35.01,21.13,22.19,21.39,96.77,56.35,47.44,36.49
256,34.95,21.13,22.19,21.36,97.14,56.21,47.44,36.49
257,35.08,21.16,22.22,21.36,97.14,56.35,47.54,36.56
258,35.01,21.19,22.25,21.39,97.51,56.35,47.65,36.56
259,35.15,21.23,22.29,21.39,97.51,56.64,47.65,36.63
260,35.08,21.23,22.32,21.42,97.51,56.5,47.76,36.63
261,35.21,21.23,22.32,21.42,97.51,56.5,47.76,36.7
262,35.15,21.19,22.32,21.42,97.51,56.35,47.76,36.7
263,35.15,21.16,22.32,21.39,97.51,56.35,47.76,36.7
264,35.15,21.19,22.35,21.46,97.51,56.35,47.76,36.77
265,35.08,21.16,22.35,21.46,97.14,56.5,47.76,36.84
266,35.15,21.19,22.32,21.46,97.51,56.35,47.76,36.84
267,35.01,21.16,22.32,21.46,97.51,56.35,47.76,36.91
268,35.08,21.16,22.32,21.46,97.14,56.21,47.76,36.91
269,35.01,21.13,22.29,21.46,97.14,56.35,47.65,36.91
270,34.95,21.13,22.22,21.46,97.14,56.21,47.65,36.98
271,34.95,21.13,22.22,21.46,96.77,56.21,47.65,37.05
272,34.95,21.1,22.25,21.46,97.14,56.21,47.65,37.05
273,34.88,21.13,22.25,21.46,97.14,56.21,47.76,37.05
274,35.01,21.16,22.29,21.46,97.14,56.35,47.76,37.12
275,34.95,21.16,22.29,21.49,97.14,56.35,47.76,37.12
276,34.95,21.16,22.29,21.46,96.77,56.5,47.86,37.19
277,35.01,21.16,22.29,21.46,96.77,56.21,47.76,37.19
278,34.95,21.13,22.29,21.46,97.14,56.35,47.76,37.26
279,34.95,21.16,22.29,21.46,97.14,56.35,47.86,37.26
280,34.95,21.13,22.29,21.46,97.14,56.35,47.86,37.26
281,34.95,21.16,22.29,21.46,97.14,56.35,47.86,37.33
282,34.95,21.16,22.29,21.49,97.14,56.35,47.76,37.41
283,34.95,21.16,22.29,21.46,97.14,56.35,47.76,37.41
284,35.01,21.16,22.32,21.49,97.14,56.5,47.97,37.41
285,34.95,21.16,22.32,21.49,97.51,56.5,47.97,37.48
286,34.95,21.13,22.32,21.52,97.14,56.35,47.97,37.55
287,34.95,21.13,22.32,21.52,97.14,56.5,47.97,37.48
288,34.95,21.16,22.32,21.49,97.14,56.35,47.86,37.55
289,35.01,21.16,22.35,21.52,97.14,56.35,47.97,37.62
290,35.01,21.19,22.35,21.52,97.51,56.35,48.08,37.62
291,35.01,21.16,22.39,21.52,97.14,56.35,48.19,37.62
292,35.01,21.16,22.39,21.52,97.51,56.5,47.97,37.7
293,34.95,21.19,22.39,21.52,97.51,56.64,48.08,37.7
294,35.08,21.23,22.46,21.55,97.51,56.5,48.19,37.77
295,35.08,21.26,22.46,21.55,97.51,56.64,48.19,37.77
296,35.01,21.23,22.46,21.55,97.51,56.64,48.19,37.84
297,35.08,21.23,22.42,21.55,97.51,56.64,48.19,37.84
298,35.08,21.23,22.42,21.55,97.51,56.64,48.19,37.91
299,35.01,21.19,22.42,21.55,97.51,56.5,48.19,37.91
300,35.01,21.16,22.39,21.55,97.51,56.5,48.19,37.91
301,34.95,21.19,22.42,21.55,97.51,56.64,48.19,37.99
302,34.95,21.19,22.42,21.58,97.51,56.5,48.19,37.99
303,35.01,21.23,22.42,21.55,97.88,56.5,48.19,37.99
304,35.01,21.23,22.42,21.55,97.51,56.5,48.3,37.99
305,35.01,21.19,22.42,21.55,97.51,56.5,48.19,38.06
306,35.01,21.23,22.42,21.58,97.51,56.64,48.19,38.06
307,35.01,21.19,22.42,21.55,97.51,56.5,48.19,38.06
308,34.88,21.19,22.39,21.55,97.51,56.5,48.19,38.14
309,34.95,21.16,22.35,21.58,97.14,56.35,48.08,38.14
310,34.88,21.16,22.39,21.55,97.14,56.5,48.08,38.14
311,34.95,21.19,22.39,21.58,97.51,56.5,48.19,38.21
312,35.08,21.23,22.46,21.58,97.51,56.5,48.3,38.21
313,35.01,21.26,22.46,21.58,97.51,56.64,48.3,38.21
314,35.08,21.23,22.46,21.62,97.51,56.64,48.3,38.28
315,35.01,21.19,22.46,21.58,97.51,56.64,48.3,38.28
316,35.01,21.19,22.42,21.62,97.51,56.5,48.3,38.36
317,35.01,21.16,22.42,21.58,97.51,56.5,48.19,38.36
318,34.95,21.16,22.42,21.58,97.51,56.5,48.19,38.36
319,34.95,21.13,22.42,21.62,97.51,56.35,48.19,38.36
320,34.95,21.13,22.42,21.58,97.14,56.35,48.19,38.43
321,34.95,21.13,22.42,21.62,97.51,56.35,48.19,38.43
322,35.08,21.16,22.46,21.62,97.51,56.5,48.19,38.43
323,35.08,21.16,22.46,21.62,97.51,56.5,48.3,38.43
324,35.08,21.13,22.46,21.62,97.51,56.35,48.19,38.51
325,35.01,21.16,22.49,21.62,97.51,56.35,48.3,38.51
326,35.08,21.16,22.49,21.62,97.51,56.5,48.41,38.51
327,35.08,21.16,22.52,21.65,97.51,56.35,48.41,38.59
328,35.08,21.16,22.52,21.65,97.88,56.5,48.41,38.66
329,35.15,21.16,22.52,21.62,97.88,56.5,48.41,38.66
330,35.08,21.19,22.56,21.65,97.88,56.35,48.52,38.66
331,35.21,21.23,22.56,21.68,97.88,56.64,48.52,38.74
332,35.15,21.23,22.56,21.68,97.88,56.64,48.52,38.74
333,35.15,21.23,22.59,21.65,97.88,56.64,48.52,38.74
334,35.08,21.19,22.56,21.65,97.88,56.5,48.52,38.74
335,35.08,21.16,22.52,21.65,97.51,56.5,48.52,38.74
336,34.95,21.13,22.46,21.65,97.51,56.35,48.3,38.74
337,34.88,21.07,22.46,21.65,97.14,56.21,48.3,38.74
338,34.88,21.07,22.39,21.65,97.14,56.21,48.19,38.74
339,34.88,21.07,22.39,21.65,97.14,56.21,48.3,38.81
340,34.82,21.07,22.35,21.62,97.14,56.07,48.19,38.81
341,34.82,21.07,22.35,21.62,97.14,56.07,48.19,38.81
342,34.82,21.07,22.39,21.58,96.77,56.35,48.19,38.81
343,34.76,20.98,22.32,21.58,96.77,55.93,48.08,38.74
344,34.69,20.98,22.32,21.62,96.77,56.21,48.08,38.81
345,34.76,21.04,22.29,21.58,96.77,56.21,48.08,38.89
346,34.76,21.04,22.32,21.62,96.77,56.07,48.19,38.89
347,34.82,21.04,22.32,21.62,96.77,56.21,48.19,38.89
348,34.82,21.07,22.32,21.62,96.77,56.07,48.19,38.89
349,34.69,21.07,22.32,21.62,96.77,56.21,48.19,38.89
350,34.76,21.04,22.32,21.62,96.77,56.07,48.19,38.89
351,34.69,21.07,22.32,21.62,96.77,56.07,48.08,38.97
352,34.76,21.04,22.32,21.62,96.77,56.07,48.19,38.97
353,34.63,21.01,22.32,21.62,96.77,56.07,48.19,39.04
354,34.69,20.98,22.29,21.62,96.77,56.07,48.08,39.04
355,34.69,21.04,22.32,21.65,96.77,56.07,48.19,39.04
356,34.69,21.07,22.35,21.65,96.77,56.21,48.3,39.04
357,34.76,21.1,22.39,21.65,96.77,56.35,48.3,39.12
358,34.82,21.13,22.39,21.68,97.14,56.35,48.3,39.12
359,34.88,21.13,22.46,21.68,97.14,56.21,48.41,39.27
360,34.95,21.13,22.46,21.68,97.14,56.5,48.52,39.2
361,34.95,21.16,22.49,21.68,97.51,56.5,48.52,39.2
362,34.95,21.16,22.52,21.68,97.51,56.5,48.62,39.2
363,34.95,21.16,22.52,21.71,97.51,56.5,48.52,39.27
364,34.95,21.16,22.52,21.68,97.51,56.5,48.62,39.27
365,34.95,21.19,22.52,21.68,97.14,56.5,48.62,39.2
366,34.95,21.19,22.52,21.68,97.51,56.5,48.62,39.27
367,35.01,21.13,22.52,21.71,97.51,56.5,48.62,39.35
368,35.01,21.19,22.56,21.71,97.51,56.5,48.62,39.35
369,34.95,21.16,22.56,21.71,97.51,56.21,48.62,39.35
370,35.01,21.16,22.56,21.75,97.51,56.5,48.52,39.43
371,34.88,21.13,22.52,21.71,97.51,56.5,48.52,39.43
372,34.95,21.13,22.52,21.71,97.51,56.5,48.62,39.43
373,35.01,21.16,22.59,21.71,97.51,56.64,48.62,39.43
374,35.01,21.19,22.59,21.71,97.88,56.5,48.74,39.51
375,35.01,21.23,22.63,21.71,97.88,56.5,48.74,39.43
376,35.01,21.19,22.59,21.75,97.88,56.64,48.74,39.51
377,34.95,21.23,22.59,21.75,97.51,56.64,48.74,39.43
378,35.01,21.23,22.59,21.75,97.51,56.64,48.74,39.59
379,34.95,21.23,22.59,21.75,97.51,56.64,48.74,39.59
380,34.95,21.16,22.52,21.75,97.51,56.5,48.62,39.59
381,34.95,21.13,22.52,21.75,97.51,56.35,48.62,39.59
382,34.88,21.13,22.52,21.75,97.51,56.5,48.62,39.59
383,34.95,21.19,22.56,21.75,97.51,56.64,48.62,39.59
384,34.95,21.19,22.56,21.75,97.51,56.5,48.74,39.59
385,35.01,21.23,22.59,21.75,97.88,56.64,48.74,39.67
386,35.08,21.23,22.59,21.75,97.88,56.64,48.85,39.67
387,35.01,21.19,22.56,21.75,97.51,56.64,48.74,39.67
388,34.95,21.19,22.56,21.75,97.51,56.64,48.74,39.67
389,35.01,21.23,22.56,21.75,97.51,56.5,48.74,39.67
390,34.95,21.19,22.56,21.75,97.51,56.5,48.74,39.59
391,34.95,21.19,22.56,21.75,97.14,56.5,48.62,39.67
392,34.95,21.16,22.52,21.78,97.51,56.64,48.74,39.67
393,34.95,21.16,22.52,21.75,97.51,56.64,48.62,39.74
394,34.95,21.16,22.56,21.75,97.51,56.5,48.62,39.74
395,34.95,21.16,22.56,21.78,97.51,56.5,48.62,39.74
396,35.01,21.16,22.56,21.75,97.51,56.35,48.62,39.74
397,35.01,21.16,22.59,21.78,97.51,56.5,48.62,39.83
398,35.01,21.13,22.56,21.78,97.51,56.35,48.74,39.83
399,35.01,21.13,22.56,21.78,97.51,56.35,48.74,39.83
400,34.88,21.1,22.52,21.78,97.51,56.35,48.62,39.83
401,34.95,21.1,22.52,21.78,97.51,56.35,48.62,39.83
402,34.88,21.13,22.52,21.78,97.51,56.35,48.62,39.9
403,34.95,21.1,22.52,21.78,97.14,56.35,48.62,39.9
404,34.82,21.1,22.52,21.78,97.51,56.35,48.62,39.9
405,34.82,21.1,22.49,21.78,97.14,56.21,48.52,39.9
406,34.88,21.1,22.49,21.78,97.14,56.35,48.62,39.9
407,34.82,21.07,22.49,21.78,97.14,56.35,48.62,39.9
408,34.82,21.07,22.46,21.78,97.14,56.35,48.62,39.9
409,34.82,21.07,22.49,21.75,97.14,56.21,48.52,39.9
410,34.82,21.04,22.49,21.78,96.77,56.21,48.52,39.9
411,34.76,21.04,22.46,21.78,97.14,56.21,48.62,39.9
412,34.69,21.04,22.42,21.78,96.77,56.21,48.52,39.9
413,34.76,21.07,22.42,21.78,96.77,56.21,48.52,39.98
414,34.82,21.04,22.46,21.78,97.14,56.21,48.52,39.98
415,34.76,21.04,22.46,21.75,96.77,56.21,48.52,39.9
416,34.76,21.07,22.46,21.75,96.77,56.35,48.62,39.98
417,34.82,21.07,22.49,21.78,97.14,56.35,48.62,39.98
418,34.76,21.1,22.49,21.78,96.77,56.35,48.62,39.98
419,34.82,21.1,22.49,21.78,97.14,56.21,48.62,40.06
420,34.69,21.07,22.46,21.78,97.14,56.35,48.52,39.98
421,34.82,21.07,22.46,21.78,96.77,56.21,48.52,40.14
422,34.76,21.04,22.46,21.78,97.14,56.07,48.52,40.06
423,34.69,21.04,22.46,21.78,96.77,56.21,48.52,40.06
424,34.82,21.07,22.49,21.78,96.77,56.35,48.62,40.06
425,34.82,21.1,22.49,21.78,97.14,56.35,48.62,40.14
426,34.82,21.07,22.49,21.78,97.14,56.35,48.62,40.14
427,34.82,21.07,22.49,21.78,97.14,56.21,48.62,40.14
428,34.88,21.1,22.52,21.78,97.14,56.35,48.62,40.14
429,34.82,21.13,22.52,21.78,97.14,56.35,48.62,40.14
430,34.88,21.1,22.52,21.81,97.14,56.21,48.62,40.14
431,34.88,21.13,22.56,21.81,97.14,56.35,48.74,40.23
432,35.01,21.16,22.59,21.81,97.14,56.35,48.85,40.23
433,34.95,21.16,22.59,21.81,97.51,56.35,48.85,40.23
434,34.95,21.13,22.56,21.81,97.14,56.35,48.74,40.31
435,34.88,21.13,22.56,21.81,97.14,56.35,48.74,40.23
436,34.95,21.13,22.59,21.81,97.51,56.5,48.85,40.31
437,34.88,21.16,22.63,21.81,97.51,56.5,48.85,40.31
438,35.01,21.13,22.63,21.81,97.51,56.5,48.85,40.39
439,34.88,21.13,22.59,21.84,97.51,56.35,48.85,40.31
440,34.82,21.13,22.56,21.84,97.51,56.35,48.85,40.39
441,34.76,21.1,22.56,21.84,97.51,56.35,48.85,40.39
442,34.88,21.13,22.59,21.84,97.51,56.35,48.85,40.47
443,34.95,21.13,22.59,21.84,97.51,56.5,48.96,40.39
444,34.95,21.13,22.63,21.84,97.51,56.5,48.96,40.39
445,34.88,21.13,22.63,21.88,97.51,56.5,48.85,40.47
446,34.88,21.13,22.59,21.84,97.51,56.35,48.85,40.47
447,34.95,21.13,22.63,21.88,97.51,56.5,48.96,40.47
448,34.88,21.13,22.63,21.84,97.51,56.5,48.96,40.47
449,34.82,21.13,22.59,21.88,97.51,56.35,48.85,40.47
450,34.82,21.16,22.63,21.84,97.51,56.21,48.85,40.47
451,34.88,21.16,22.63,21.88,97.51,56.5,48.96,40.47
452,34.95,21.16,22.63,21.88,97.51,56.5,48.96,40.55
453,34.88,21.13,22.63,21.88,97.51,56.5,48.96,40.55
454,34.88,21.16,22.59,21.88,97.51,56.5,48.96,40.47
455,34.82,21.13,22.59,21.88,97.51,56.35,48.96,40.55
456,34.88,21.13,22.59,21.88,97.14,56.35,48.85,40.55
457,34.88,21.13,22.59,21.88,97.14,56.35,48.85,40.55
458,34.82,21.13,22.59,21.88,97.51,56.35,48.85,40.63
459,34.82,21.13,22.59,21.88,97.51,56.21,48.85,40.55
460,34.82,21.13,22.59,21.88,97.51,56.5,48.85,40.63
461,34.82,21.13,22.59,21.88,97.51,56.5,48.96,40.63
462,34.88,21.13,22.59,21.84,97.51,56.35,48.85,40.63
463,34.88,21.13,22.63,21.88,97.51,56.5,48.96,40.71
464,34.88,21.13,22.63,21.88,97.51,56.35,48.96,40.55
465,34.95,21.13,22.66,21.91,97.88,56.5,48.96,40.63
466,34.95,21.13,22.66,21.91,97.88,56.5,49.07,40.71
467,34.88,21.13,22.7,21.91,97.88,56.5,49.07,40.71
468,34.95,21.16,22.7,21.91,97.88,56.5,49.07,40.8
469,34.95,21.13,22.7,21.91,97.88,56.5,49.07,40.8
470,35.01,21.16,22.7,21.91,97.88,56.35,49.07,40.8
471,35.01,21.16,22.7,21.94,97.88,56.64,49.07,40.8
472,35.01,21.13,22.7,21.91,97.88,56.64,49.07,40.8
473,34.95,21.13,22.7,21.91,97.88,56.5,49.07,40.8
474,34.95,21.13,22.66,21.91,97.51,56.35,49.07,40.8
475,34.95,21.16,22.66,21.91,97.51,56.5,48.96,40.8
476,34.95,21.13,22.66,21.91,97.88,56.35,49.07,40.8
477,34.88,21.13,22.66,21.91,97.88,56.5,49.07,40.8
478,34.95,21.16,22.66,21.91,97.88,56.5,49.07,40.8
479,34.95,21.16,22.66,21.91,97.51,56.5,49.07,40.88
480,34.82,21.1,22.59,21.88,97.51,56.35,48.96,40.88
481,34.82,21.07,22.59,21.91,97.51,56.35,48.96,40.88
482,34.82,21.1,22.59,21.91,97.51,56.35,48.96,40.88
483,34.88,21.1,22.59,21.91,97.51,56.35,48.96,40.88
484,34.82,21.13,22.63,21.91,97.51,56.5,48.96,40.96
485,34.76,21.13,22.59,21.91,97.51,56.35,48.96,40.88
486,34.88,21.13,22.63,21.91,97.51,56.5,48.96,40.88
487,34.95,21.16,22.66,21.91,97.51,56.5,49.07,40.96
488,34.95,21.19,22.66,21.91,97.88,56.64,49.07,40.96
489,35.01,21.19,22.7,21.91,97.88,56.5,49.18,40.96
490,34.88,21.16,22.63,21.91,97.51,56.64,49.07,40.96
491,34.88,21.13,22.63,21.91,97.51,56.5,49.07,40.96
492,34.82,21.13,22.59,21.94,97.14,56.5,49.07,40.96
493,34.88,21.13,22.63,21.91,97.51,56.64,49.07,41.05
494,34.88,21.16,22.66,21.91,97.51,56.5,49.07,40.96
495,34.88,21.19,22.66,21.97,97.51,56.64,49.07,41.05
496,34.95,21.19,22.7,21.97,97.88,56.64,49.18,41.05
497,35.01,21.23,22.73,21.97,97.88,56.64,49.18,41.05
498,35.08,21.23,22.73,21.97,97.88,56.78,49.18,41.05
499,35.01,21.23,22.73,21.97,97.88,56.64,49.18,41.13
500,34.95,21.19,22.7,21.97,97.88,56.64,49.18,41.13
501,35.01,21.19,22.7,21.97,97.88,56.64,49.18,41.13
502,34.95,21.19,22.7,21.94,97.88,56.64,49.18,41.13
503,35.01,21.23,22.7,21.97,97.88,56.64,49.18,41.13
504,35.01,21.19,22.73,21.97,97.88,56.64,49.18,41.13
505,35.01,21.19,22.73,21.97,97.88,56.64,49.18,41.13
506,35.08,21.26,22.73,22.01,97.88,56.78,49.3,41.13
507,35.08,21.26,22.8,21.97,97.88,56.64,49.41,41.13
508,35.15,21.29,22.8,21.97,98.26,56.78,49.41,41.21
509,35.08,21.29,22.83,22.01,98.26,56.92,49.52,41.21
510,35.08,21.29,22.83,22.01,98.26,56.78,49.52,41.21
511,35.15,21.29,22.83,22.01,98.26,56.92,49.41,41.21
512,35.01,21.26,22.8,22.01,98.26,56.92,49.3,41.21
513,35.01,21.23,22.76,22.01,97.88,56.78,49.41,41.21
514,35.01,21.23,22.76,22.01,97.88,56.64,49.3,41.21
515,34.95,21.19,22.73,22.01,97.88,56.64,49.18,41.21
516,34.95,21.19,22.7,21.97,97.88,56.5,49.18,41.3
517,34.88,21.16,22.66,21.97,97.51,56.64,49.18,41.21
518,34.88,21.16,22.66,21.97,97.51,56.64,49.18,41.21
519,34.82,21.16,22.66,22.01,97.51,56.64,49.18,41.21
520,34.88,21.16,22.66,21.97,97.51,56.64,49.07,41.21
521,34.82,21.13,22.63,21.97,97.51,56.64,49.07,41.21
522,34.82,21.13,22.59,21.97,97.14,56.5,48.96,41.3
523,34.88,21.16,22.59,21.97,97.51,56.64,49.07,41.3
524,34.82,21.13,22.63,21.97,97.51,56.5,49.07,41.21
525,34.82,21.16,22.63,21.97,97.51,56.64,49.07,41.3
526,34.88,21.16,22.63,21.97,97.51,56.5,49.07,41.3
527,34.95,21.16,22.63,21.97,97.51,56.64,49.18,41.3
528,34.88,21.16,22.63,21.97,97.14,56.5,49.07,41.3
529,34.76,21.1,22.56,21.97,97.14,56.5,49.07,41.3
530,34.76,21.13,22.56,21.97,97.14,56.35,48.96,41.3
531,34.63,21.07,22.56,21.94,97.14,56.35,48.96,41.21
532,34.63,21.1,22.52,21.97,97.14,56.5,48.96,41.3
533,34.69,21.07,22.52,21.94,97.14,56.5,48.96,41.3
534,34.76,21.1,22.52,21.94,97.14,56.5,48.96,41.3
535,34.63,21.1,22.52,21.94,97.14,56.35,48.96,41.3
536,34.69,21.07,22.49,21.94,96.77,56.35,48.85,41.3
537,34.63,21.04,22.46,21.91,96.77,56.07,48.74,41.3
538,34.63,21.01,22.46,21.94,96.77,56.21,48.74,41.3
539,34.5,21.01,22.42,21.94,96.77,56.21,48.62,41.38
540,34.63,21.01,22.46,21.91,96.77,56.07,48.74,41.3
541,34.63,21.04,22.46,21.91,96.77,56.21,48.74,41.3
542,34.69,21.04,22.49,21.91,96.77,56.21,48.74,41.38
543,34.76,21.07,22.56,21.94,97.14,56.35,48.85,41.3
544,34.69,21.1,22.52,21.91,96.77,56.35,48.96,41.38
545,34.69,21.1,22.56,21.94,97.14,56.21,48.96,41.3
546,34.69,21.1,22.52,21.97,97.14,56.5,48.96,41.38
547,34.76,21.1,22.56,21.94,97.14,56.64,48.85,41.47
548,34.76,21.1,22.56,21.94,96.77,56.5,48.96,41.47
549,34.82,21.13,22.63,21.97,97.14,56.64,48.85,41.47
550,34.76,21.13,22.63,21.94,97.14,56.35,49.07,41.47
551,34.88,21.16,22.66,21.97,97.51,56.5,49.07,41.47
552,34.88,21.19,22.66,22.01,97.51,56.64,49.07,41.55
553,34.82,21.13,22.63,21.97,97.51,56.5,49.07,41.47
554,34.82,21.13,22.63,21.97,97.14,56.5,49.07,41.55
555,34.82,21.13,22.63,21.94,97.51,56.5,49.07,41.47
556,34.76,21.07,22.63,22.01,97.51,56.5,49.07,41.47
557,34.76,21.04,22.56,21.94,97.14,56.35,48.96,41.47
558,34.76,21.04,22.56,21.97,97.14,56.35,48.96,41.47
559,34.82,21.1,22.59,22.01,97.14,56.35,48.96,41.47
560,34.88,21.13,22.63,22.01,97.51,56.5,49.07,41.55
561,34.88,21.16,22.66,22.01,97.51,56.5,49.18,41.55
562,34.82,21.13,22.63,22.01,97.14,56.5,49.07,41.55
563,34.82,21.13,22.63,21.97,97.14,56.5,49.07,41.64
564,34.76,21.1,22.59,22.01,97.14,56.5,49.07,41.64
565,34.82,21.1,22.59,22.01,97.51,56.5,49.07,41.64
566,34.76,21.1,22.59,22.04,97.51,56.35,49.07,41.55
567,34.76,21.1,22.59,22.01,97.14,56.5,49.07,41.64
568,34.76,21.07,22.59,22.01,97.14,56.5,49.07,41.64
569,34.76,21.1,22.56,22.01,97.14,56.35,49.07,41.64
570,34.76,21.1,22.59,22.01,97.51,56.35,49.07,41.64
571,34.82,21.13,22.59,21.97,97.14,56.5,49.07,41.64
572,34.82,21.1,22.63,22.01,97.14,56.5,49.07,41.64
573,34.69,21.1,22.59,21.97,97.14,56.5,48.96,41.64
574,34.69,21.07,22.56,22.01,97.14,56.35,48.96,41.64
575,34.56,21.01,22.49,21.97,96.77,56.21,48.85,41.64
576,34.63,21.04,22.49,21.97,96.77,56.21,48.85,41.64
577,34.69,21.04,22.52,21.97,96.77,56.21,48.85,41.64
578,34.69,21.07,22.52,22.01,97.14,56.07,48.96,41.64
579,34.82,21.1,22.56,22.01,97.14,56.5,48.96,41.72
580,34.82,21.13,22.59,22.01,97.14,56.5,49.07,41.72
581,34.82,21.13,22.63,22.01,97.14,56.5,49.18,41.72
582,34.82,21.13,22.66,22.04,97.14,56.5,49.18,41.72
583,34.88,21.16,22.66,22.01,97.51,56.5,49.18,41.72
584,34.82,21.16,22.66,22.01,97.51,56.64,49.18,41.72
585,34.88,21.16,22.7,22.04,97.51,56.64,49.3,41.81
586,34.88,21.16,22.7,22.04,97.51,56.64,49.3,41.81
587,34.88,21.16,22.7,22.04,97.51,56.64,49.18,41.81
588,34.88,21.16,22.7,22.04,97.51,56.64,49.18,41.81
589,34.88,21.16,22.73,22.04,97.51,56.64,49.3,41.81
590,34.88,21.19,22.76,22.04,97.88,56.78,49.3,41.81
591,34.95,21.23,22.76,22.04,97.51,56.78,49.3,41.89
592,35.01,21.23,22.76,22.04,97.88,56.64,49.41,41.81
593,35.01,21.23,22.8,22.07,98.26,56.35,49.41,41.89
594,35.01,21.23,22.8,22.07,97.88,56.78,49.41,41.89
595,35.08,21.23,22.8,22.07,98.26,56.64,49.41,41.89
596,35.08,21.26,22.83,22.07,98.26,56.64,49.41,41.89
597,35.15,21.26,22.87,22.07,98.26,56.78,49.52,41.81
598,35.15,21.29,22.87,22.07,98.26,56.92,49.52,41.98
599,35.15,21.29,22.9,22.11,97.88,56.92,49.52,41.98
