0,39.22,23.77,25.18,15.82,106.81,62.04,53.27,19.09
1,39.15,23.73,25.14,15.84,106.81,61.87,53.14,19.11
2,39.15,23.73,25.18,15.84,106.81,61.87,53.27,19.11
3,39.15,23.73,25.18,15.84,106.81,61.87,53.27,19.14
4,39.15,23.77,25.18,15.86,106.81,62.04,53.27,19.17
5,39.15,23.77,25.18,15.86,106.81,62.04,53.27,19.2
6,39.22,23.77,25.18,15.86,106.81,62.2,53.27,19.2
7,39.22,23.8,25.18,15.88,107.25,62.2,53.27,19.22
8,39.22,23.8,25.18,15.88,106.81,62.2,53.27,19.22
9,39.15,23.77,25.18,15.88,106.81,62.04,53.27,19.25
10,39.22,23.77,25.18,15.88,106.81,62.04,53.27,19.25
11,39.22,23.8,25.21,15.9,106.81,62.04,53.27,19.28
12,39.3,23.8,25.21,15.9,106.81,61.87,53.27,19.31
13,39.22,23.84,25.21,15.93,107.25,62.04,53.4,19.31
14,39.3,23.8,25.25,15.95,107.25,62.2,53.27,19.36
15,39.3,23.84,25.21,15.93,107.69,62.04,53.4,19.36
16,39.38,23.84,25.3,15.95,107.69,62.04,53.4,19.36
17,39.3,23.84,25.3,15.97,107.25,62.2,53.4,19.39
18,39.3,23.8,25.3,15.95,107.25,62.2,53.4,19.42
19,39.3,23.8,25.25,15.95,107.25,62.2,53.4,19.42
20,39.22,23.8,25.25,15.95,107.25,62.04,53.4,19.44
21,39.3,23.8,25.25,15.95,107.25,62.2,53.4,19.44
22,39.3,23.8,25.25,15.95,107.25,62.04,53.27,19.47
23,39.22,23.8,25.21,15.97,106.81,62.2,53.4,19.47
24,39.15,23.77,25.21,15.97,106.81,62.2,53.4,19.5
25,39.15,23.8,25.21,15.99,106.81,62.2,53.27,19.53
26,39.15,23.8,25.18,15.97,106.81,62.2,53.27,19.53
27,39.07,23.8,25.18,15.99,106.81,62.04,53.27,19.55
28,39.15,23.8,25.18,15.99,106.81,62.04,53.27,19.58
29,39.15,23.77,25.18,15.99,106.81,62.04,53.27,19.58
30,39.22,23.84,25.18,16.01,106.81,61.87,53.27,19.61
31,39.15,23.8,25.18,16.03,106.81,62.04,53.27,19.61
32,39.15,23.8,25.18,16.03,106.81,62.04,53.27,19.64
33,39.15,23.8,25.14,16.01,106.81,62.04,53.14,19.64
34,39.07,23.77,25.14,16.03,106.81,61.87,53.14,19.67
35,39.07,23.73,25.1,16.03,106.37,62.04,53.14,19.67
36,38.99,23.73,25.1,16.03,106.37,62.04,53.14,19.7
37,39.07,23.73,25.1,16.03,106.37,61.87,53.14,19.7
38,39.07,23.77,25.1,16.03,106.37,61.87,53.14,19.7
39,39.07,23.77,25.1,16.05,106.37,62.04,53.14,19.72
40,39.07,23.77,25.1,16.08,106.37,62.04,53.14,19.75
41,39.07,23.77,25.1,16.08,106.37,61.87,53.14,19.75
42,39.07,23.8,25.1,16.08,106.37,62.04,53.14,19.81
43,39.07,23.77,25.14,16.08,106.37,62.04,53.14,19.78
44,39.07,23.8,25.1,16.1,106.37,62.04,53.14,19.81
45,39.07,23.77,25.1,16.12,106.37,62.04,53.14,19.84
46,38.91,23.77,25.1,16.1,106.37,61.87,53.14,19.84
47,39.07,23.77,25.1,16.1,106.37,61.87,53.14,19.87
48,39.07,23.8,25.1,16.14,106.37,61.87,53.14,19.89
49,39.07,23.77,25.1,16.12,106.37,62.04,53.14,19.89
50,39.07,23.8,25.14,16.14,106.81,62.04,53.27,19.92
51,38.99,23.84,25.14,16.14,106.81,62.04,53.27,19.92
52,39.15,23.84,25.18,16.16,106.81,62.04,53.14,19.92
53,39.07,23.84,25.18,16.16,106.81,62.2,53.14,19.92
54,39.22,23.8,25.21,16.19,107.25,62.04,53.02,19.92
55,39.3,23.8,25.3,16.21,107.25,62.2,53.02,19.95
56,39.46,23.8,25.3,16.21,107.69,62.04,52.76,19.95
57,39.22,23.8,24.82,16.12,106.37,62.04,48.19,19.47
58,37.93,23.8,20.27,15.36,98.26,62.04,32.88,17.14
59,37.78,23.84,19.5,15.23,97.14,62.2,31.56,16.77
60,36.99,23.8,16.48,14.46,91.87,62.2,26.88,14.95
61,36.02,23.8,14.25,13.37,87.4,62.04,23.65,12.84
62,35.28,23.8,13.16,12.45,84.15,62.04,21.96,11.29
63,34.82,23.8,12.64,11.82,82.2,62.2,21.1,10.38
64,34.12,23.8,12.07,10.91,79.54,62.04,20.11,9.18
65,33.81,23.84,11.86,10.48,78.52,62.04,19.7,8.67
66,33.44,23.8,11.63,10.01,77.28,62.04,19.29,8.13
67,33.26,23.73,11.49,9.71,76.55,62.2,19.04,7.81
68,32.96,23.8,11.26,9.19,75.36,62.04,18.61,7.27
69,32.72,23.8,11.12,8.83,74.43,62.04,18.33,6.93
70,32.66,23.8,11.1,8.78,74.43,62.04,18.3,6.88
71,32.37,23.8,10.94,8.34,73.52,62.04,18.0,6.48
72,32.2,23.8,10.86,8.1,72.85,62.04,17.82,6.27
73,32.14,23.8,10.83,8.04,72.63,62.04,17.77,6.21
74,31.97,23.8,10.72,7.7,71.98,62.04,17.52,5.92
75,31.8,23.77,10.66,7.51,71.55,61.87,17.43,5.78
76,31.75,23.77,10.65,7.47,71.33,61.87,17.4,5.74
77,31.69,23.73,10.57,7.22,70.91,61.87,17.21,5.54
78,31.64,23.77,10.54,7.11,70.7,61.87,17.14,5.46
79,31.58,23.77,10.53,7.05,70.7,61.87,17.14,5.41
80,31.52,23.77,10.5,6.92,70.49,61.87,17.05,5.31
81,31.41,23.77,10.45,6.74,70.08,61.87,16.95,5.18
82,31.41,23.77,10.45,6.72,70.08,62.04,16.93,5.17
83,31.36,23.73,10.41,6.57,69.87,61.7,16.86,5.06
84,31.25,23.77,10.38,6.49,69.67,61.87,16.81,5.0
85,31.3,23.77,10.37,6.43,69.46,61.7,16.77,4.96
86,31.3,23.77,10.35,6.31,69.46,61.7,16.72,4.88
87,31.3,23.77,10.35,6.3,69.46,61.87,16.7,4.87
88,31.3,23.77,10.34,6.2,69.26,61.87,16.65,4.79
89,31.25,23.77,10.33,6.14,69.26,61.7,16.63,4.75
90,31.19,23.77,10.31,6.08,69.06,61.7,16.61,4.71
91,31.19,23.77,10.33,6.07,69.26,61.7,16.58,4.71
92,31.19,23.73,10.3,6.0,69.06,61.7,16.56,4.65
93,31.19,23.69,10.29,5.94,68.86,61.7,16.54,4.62
94,31.14,23.73,10.29,5.93,68.86,61.7,16.52,4.61
95,31.19,23.69,10.27,5.87,68.86,61.7,16.49,4.57
96,31.14,23.69,10.27,5.82,68.66,61.54,16.47,4.53
97,31.14,23.66,10.27,5.79,68.86,61.38,16.47,4.52
98,31.09,23.69,10.26,5.74,68.66,61.54,16.45,4.48
99,31.09,23.69,10.25,5.71,68.66,61.54,16.43,4.46
100,31.09,23.69,10.25,5.69,68.66,61.38,16.4,4.45
101,31.09,23.66,10.25,5.65,68.66,61.38,16.4,4.42
102,31.14,23.66,10.25,5.64,68.66,61.38,16.38,4.41
103,31.03,23.69,10.23,5.59,68.46,61.38,16.36,4.38
104,31.03,23.66,10.23,5.59,68.46,61.54,16.36,4.38
105,31.09,23.66,10.23,5.54,68.46,61.38,16.34,4.34
106,31.09,23.66,10.23,5.52,68.46,61.21,16.34,4.34
107,31.09,23.66,10.22,5.49,68.46,61.38,16.31,4.31
108,31.09,23.62,10.22,5.46,68.46,61.21,16.31,4.3
109,31.09,23.62,10.22,5.46,68.46,61.38,16.29,4.28
110,31.09,23.62,10.21,5.43,68.26,61.38,16.29,4.27
111,31.03,23.62,10.21,5.41,68.26,61.38,16.27,4.26
112,30.98,23.62,10.2,5.39,68.26,61.38,16.25,4.25
113,31.03,23.62,10.2,5.36,68.26,61.21,16.25,4.23
114,31.03,23.59,10.18,5.35,68.06,61.38,16.25,4.22
115,30.92,23.59,10.18,5.33,68.06,61.21,16.23,4.21
116,30.98,23.59,10.18,5.31,68.06,61.21,16.23,4.19
117,30.98,23.59,10.18,5.3,68.06,61.21,16.23,4.19
118,31.03,23.62,10.18,5.29,68.06,61.21,16.23,4.18
119,30.92,23.62,10.18,5.27,68.06,61.21,16.23,4.17
120,30.98,23.59,10.18,5.25,68.06,61.05,16.2,4.16
121,30.98,23.59,10.18,5.24,68.06,61.21,16.2,4.14
122,30.98,23.55,10.17,5.22,67.87,61.05,16.2,4.13
123,30.92,23.55,10.18,5.21,68.06,61.05,16.2,4.13
124,30.92,23.55,10.17,5.19,67.87,61.05,16.18,4.12
125,30.92,23.55,10.16,5.18,67.87,61.05,16.16,4.1
126,30.92,23.55,10.16,5.17,67.87,61.05,16.18,4.1
127,30.92,23.55,10.16,5.15,67.87,61.05,16.16,4.09
128,30.92,23.59,10.16,5.14,67.87,61.05,16.16,4.08
129,30.92,23.59,10.16,5.13,67.87,61.05,16.18,4.07
130,30.92,23.59,10.17,5.12,67.87,61.21,16.16,4.07
131,30.92,23.59,10.17,5.11,67.87,61.05,16.16,4.05
132,30.92,23.55,10.16,5.1,67.87,61.05,16.14,4.05
133,30.87,23.55,10.16,5.09,67.87,60.89,16.14,4.05
134,30.92,23.51,10.16,5.08,67.87,61.05,16.14,4.04
135,30.87,23.51,10.16,5.07,67.87,60.89,16.14,4.03
136,30.87,23.51,10.16,5.06,67.87,61.05,16.14,4.03
137,30.92,23.51,10.16,5.05,67.67,60.89,16.14,4.02
138,30.92,23.44,10.16,5.04,67.67,60.89,16.14,4.01
139,30.87,23.48,10.16,5.03,67.67,60.89,16.14,4.0
140,30.92,23.48,10.16,5.03,67.67,61.05,16.14,4.0
141,30.92,23.48,10.16,5.01,67.67,60.73,16.14,4.0
142,30.87,23.48,10.16,5.0,67.67,60.89,16.16,3.98
143,30.87,23.44,10.16,5.0,67.67,60.73,16.14,3.98
144,30.87,23.41,10.16,4.99,67.67,60.73,16.14,3.98
145,30.87,23.41,10.16,4.98,67.67,60.73,16.14,3.97
146,30.87,23.41,10.16,4.97,67.67,60.57,16.16,3.96
147,30.82,23.37,10.16,4.96,67.67,60.57,16.16,3.96
148,30.76,23.33,10.16,4.96,67.67,60.41,16.16,3.96
149,30.82,23.3,10.17,4.95,67.67,60.57,16.16,3.95
150,30.76,23.33,10.17,4.94,67.67,60.41,16.18,3.95
151,30.82,23.33,10.17,4.93,67.67,60.25,16.18,3.95
152,30.76,23.33,10.18,4.93,67.67,60.41,16.2,3.95
153,30.82,23.3,10.18,4.93,67.87,60.41,16.18,3.94
154,30.76,23.3,10.18,4.91,67.67,60.41,16.2,3.93
155,30.71,23.3,10.2,4.91,67.67,60.25,16.2,3.93
156,30.82,23.3,10.22,4.91,67.87,60.25,16.31,3.93
157,31.03,23.33,10.46,4.91,69.06,60.41,17.12,3.95
158,31.36,23.3,10.8,4.91,70.91,60.41,17.94,3.96
159,31.47,23.33,10.96,4.91,71.33,60.41,18.3,3.97
160,31.97,23.33,11.45,4.93,73.3,60.41,19.45,4.01
161,32.09,23.33,11.68,4.95,74.2,60.41,19.93,4.03
162,32.78,23.26,12.49,5.0,77.28,60.25,21.64,4.1
163,33.2,23.3,13.01,5.04,79.03,60.41,22.73,4.16
164,33.5,23.33,13.35,5.07,80.06,60.41,23.44,4.19
165,33.69,23.3,13.66,5.1,81.11,60.41,24.1,4.23
166,34.12,23.3,14.15,5.15,82.47,60.41,25.14,4.29
167,34.63,23.3,14.85,5.24,84.73,60.41,26.58,4.38
168,35.08,23.33,15.54,5.32,86.79,60.57,28.06,4.48
169,35.48,23.37,16.06,5.39,88.32,60.57,29.21,4.56
170,35.54,23.33,16.25,5.42,88.64,60.57,29.55,4.59
171,35.74,23.33,16.59,5.48,89.58,60.57,30.38,4.65
172,36.15,23.37,17.13,5.56,91.2,60.73,31.51,4.75
173,36.5,23.41,17.61,5.66,92.54,60.73,32.7,4.85
174,36.71,23.41,18.13,5.77,93.57,60.73,33.78,4.96
175,36.78,23.41,18.34,5.81,94.26,60.73,34.28,5.01
176,36.99,23.41,18.63,5.88,94.97,60.73,34.92,5.08
177,37.06,23.37,18.95,5.96,95.68,60.73,35.78,5.16
178,37.27,23.44,19.3,6.06,96.4,60.57,36.6,5.27
179,37.35,23.37,19.5,6.13,96.77,60.89,37.09,5.33
180,37.49,23.41,19.84,6.23,97.51,60.73,37.97,5.43
181,37.56,23.37,20.1,6.31,97.88,60.73,38.56,5.53
182,37.71,23.41,20.24,6.37,98.26,60.73,38.95,5.57
183,37.78,23.33,20.51,6.48,98.64,60.73,39.65,5.68
184,37.86,23.33,20.72,6.57,99.4,60.73,40.13,5.76
185,37.93,23.33,20.88,6.63,99.4,60.73,40.54,5.83
186,38.08,23.37,21.22,6.8,100.57,60.73,41.45,6.0
187,38.08,23.33,21.37,6.88,100.57,60.73,41.8,6.08
188,38.08,23.33,21.37,6.9,100.57,60.57,41.88,6.09
189,38.08,23.33,21.6,7.06,100.57,60.73,42.5,6.25
190,38.16,23.3,21.63,7.1,100.96,60.73,42.67,6.29
191,38.16,23.3,21.76,7.18,101.36,60.73,43.03,6.36
192,38.16,23.3,21.89,7.26,101.36,60.57,43.4,6.44
193,38.23,23.33,22.02,7.37,101.36,60.57,43.77,6.55
194,38.23,23.3,22.12,7.44,101.76,60.57,44.05,6.61
195,38.23,23.26,22.19,7.5,101.76,60.73,44.23,6.66
196,38.3,23.3,22.29,7.61,102.17,60.57,44.52,6.75
197,38.3,23.33,22.42,7.73,102.17,60.73,44.9,6.87
198,38.38,23.3,22.52,7.8,102.57,60.73,45.1,6.93
199,38.38,23.33,22.66,7.92,102.57,60.73,45.49,7.03
200,38.46,23.37,22.7,7.95,102.98,60.73,45.69,7.08
201,38.61,23.37,22.83,8.07,102.98,60.73,45.99,7.17
202,38.61,23.37,22.9,8.12,103.39,60.89,46.09,7.23
203,38.46,23.37,22.97,8.2,103.39,60.89,46.4,7.31
204,38.61,23.37,23.04,8.29,103.81,60.89,46.6,7.38
205,38.61,23.37,23.08,8.31,103.81,60.89,46.7,7.41
206,38.61,23.37,23.15,8.43,103.81,60.89,46.81,7.51
207,38.61,23.33,23.15,8.46,103.81,60.89,46.91,7.55
208,38.61,23.33,23.18,8.55,103.39,60.89,47.02,7.62
209,38.53,23.3,23.22,8.63,103.81,60.73,47.22,7.7
210,38.53,23.33,23.22,8.66,103.81,60.73,47.22,7.73
211,38.61,23.37,23.33,8.8,103.81,60.89,47.54,7.85
212,38.61,23.37,23.36,8.86,103.81,60.89,47.65,7.91
213,38.61,23.37,23.36,8.87,103.81,61.05,47.65,7.93
214,38.61,23.37,23.43,8.94,104.23,60.89,47.86,8.0
215,38.68,23.41,23.47,9.03,104.23,60.89,47.97,8.08
216,38.61,23.37,23.51,9.07,104.23,60.89,48.08,8.13
217,38.68,23.41,23.58,9.17,104.23,61.05,48.3,8.23
218,38.76,23.41,23.61,9.2,104.23,61.05,48.41,8.26
219,38.68,23.44,23.65,9.24,104.65,61.21,48.52,8.29
220,38.84,23.44,23.72,9.3,104.65,61.05,48.62,8.36
221,38.76,23.44,23.72,9.35,105.07,61.05,48.74,8.41
222,38.84,23.44,23.8,9.42,105.07,61.21,48.85,8.48
223,38.84,23.44,23.8,9.49,105.07,61.05,48.96,8.56
224,38.84,23.44,23.83,9.54,105.07,61.05,48.96,8.61
225,38.84,23.44,23.83,9.57,105.07,61.05,49.07,8.64
226,38.84,23.44,23.87,9.63,104.65,61.21,49.07,8.71
227,38.84,23.44,23.87,9.68,105.07,60.89,49.07,8.76
228,38.76,23.44,23.87,9.73,104.65,61.05,49.18,8.81
229,38.76,23.41,23.87,9.78,104.65,61.05,49.18,8.87
230,38.84,23.41,23.87,9.79,104.65,60.89,49.3,8.88
231,38.84,23.37,23.83,9.84,104.65,61.05,49.3,8.95
232,38.76,23.41,23.87,9.87,104.65,60.89,49.3,8.98
233,38.76,23.37,23.91,9.96,104.65,61.05,49.3,9.06
234,38.68,23.37,23.87,9.97,104.65,60.89,49.41,9.11
235,38.84,23.37,23.87,10.01,104.23,60.89,49.3,9.13
236,38.76,23.33,23.87,10.06,104.65,60.89,49.41,9.19
237,38.76,23.37,23.87,10.08,104.65,60.89,49.41,9.22
238,38.68,23.37,23.91,10.12,105.07,60.89,49.52,9.28
239,38.76,23.37,23.95,10.18,104.65,60.89,49.64,9.34
240,38.76,23.41,23.95,10.19,104.65,61.05,49.64,9.36
241,38.76,23.33,23.98,10.25,104.65,60.89,49.75,9.43
242,38.76,23.37,23.98,10.27,104.65,60.89,49.75,9.44
243,38.68,23.41,24.02,10.33,104.65,61.05,49.87,9.54
244,38.68,23.41,24.02,10.35,104.65,60.89,49.87,9.54
245,38.76,23.37,24.02,10.41,104.65,61.05,49.87,9.62
246,38.76,23.37,24.06,10.43,105.07,61.05,49.98,9.66
247,38.76,23.37,24.06,10.44,105.07,61.05,49.98,9.67
248,38.76,23.37,24.06,10.49,105.07,61.05,49.98,9.73
249,38.76,23.41,24.09,10.54,104.65,60.89,49.98,9.79
250,38.68,23.41,24.09,10.55,104.65,60.89,50.1,9.81
251,38.76,23.37,24.13,10.62,105.07,61.05,50.21,9.88
252,38.76,23.41,24.13,10.62,105.07,60.89,50.1,9.88
253,38.76,23.41,24.13,10.66,105.07,60.89,50.21,9.95
254,38.76,23.44,24.17,10.7,105.07,61.05,50.33,10.0
255,38.76,23.41,24.17,10.74,105.07,61.05,50.33,10.04
256,38.84,23.44,24.17,10.75,105.07,61.05,50.33,10.06
257,38.84,23.41,24.21,10.79,105.07,61.21,50.33,10.1
258,38.84,23.44,24.21,10.82,105.07,61.21,50.33,10.15
259,38.84,23.44,24.17,10.85,105.07,61.05,50.33,10.19
260,38.84,23.41,24.21,10.88,105.07,61.05,50.45,10.25
261,38.84,23.41,24.21,10.91,105.5,60.89,50.45,10.27
262,38.84,23.41,24.25,10.94,105.07,61.05,50.45,10.32
263,38.84,23.41,24.25,10.98,105.07,61.21,50.45,10.38
264,38.84,23.41,24.25,10.99,105.07,61.05,50.45,10.4
265,38.84,23.44,24.25,11.05,105.5,61.05,50.56,10.46
266,38.84,23.44,24.25,11.06,105.07,61.21,50.56,10.5
267,38.84,23.48,24.28,11.09,105.5,61.21,50.56,10.53
268,38.84,23.41,24.25,11.11,105.5,61.21,50.68,10.55
269,38.84,23.41,24.25,11.15,105.07,61.21,50.68,10.61
270,38.68,23.41,24.25,11.16,105.07,61.21,50.68,10.63
271,38.76,23.41,24.25,11.19,105.5,61.05,50.68,10.68
272,38.76,23.41,24.25,11.21,105.07,61.05,50.68,10.7
273,38.68,23.44,24.25,11.25,105.07,61.05,50.68,10.73
274,38.68,23.41,24.25,11.28,105.5,61.21,50.68,10.79
275,38.76,23.41,24.25,11.29,105.07,61.21,50.68,10.83
276,38.68,23.44,24.28,11.32,105.07,61.21,50.8,10.87
277,38.76,23.44,24.28,11.35,105.5,61.21,50.8,10.9
278,38.76,23.44,24.28,11.38,105.5,61.05,50.8,10.94
279,38.76,23.41,24.32,11.4,105.07,61.21,50.8,10.98
280,38.68,23.41,24.32,11.44,105.07,61.21,50.8,11.02
281,38.76,23.41,24.32,11.47,105.5,61.21,50.8,11.06
282,38.76,23.37,24.32,11.48,105.5,61.21,50.8,11.09
283,38.84,23.41,24.36,11.52,105.07,61.05,50.92,11.14
284,38.76,23.41,24.36,11.52,105.5,61.05,50.92,11.15
285,38.84,23.41,24.36,11.56,105.5,61.05,50.92,11.21
286,38.76,23.41,24.36,11.57,105.07,61.05,50.92,11.24
287,38.76,23.37,24.36,11.6,105.5,61.05,50.92,11.28
288,38.84,23.37,24.36,11.62,105.5,61.05,50.92,11.29
289,38.76,23.37,24.36,11.65,105.5,60.89,50.68,11.35
290,38.76,23.37,24.36,11.68,105.5,61.05,50.92,11.38
291,38.84,23.41,24.36,11.7,105.5,60.89,50.92,11.41
292,38.68,23.41,24.36,11.72,105.5,61.05,51.04,11.47
293,38.84,23.41,24.36,11.74,105.07,61.21,51.04,11.49
294,38.76,23.41,24.36,11.76,105.07,61.21,51.04,11.52
295,38.68,23.41,24.36,11.79,105.5,61.21,51.04,11.54
296,38.76,23.41,24.4,11.82,105.5,61.05,51.04,11.6
297,38.68,23.44,24.4,11.85,105.5,61.21,51.16,11.63
298,38.76,23.44,24.4,11.86,105.5,61.21,51.16,11.66
299,38.76,23.44,24.4,11.88,105.5,61.21,51.16,11.68
300,38.76,23.44,24.43,11.89,105.5,61.21,51.16,11.72
301,38.76,23.44,24.47,11.92,105.93,61.38,51.28,11.79
302,38.84,23.48,24.47,11.96,105.5,61.21,51.28,11.8
303,38.76,23.44,24.47,11.96,105.5,61.38,51.28,11.82
304,38.76,23.48,24.51,12.0,105.93,61.38,51.4,11.88
305,38.84,23.51,24.51,12.02,105.5,61.38,51.4,11.91
306,38.84,23.51,24.51,12.03,105.93,61.38,51.4,11.92
307,38.84,23.48,24.51,12.06,105.5,61.38,51.4,11.97
308,38.91,23.48,24.51,12.08,105.93,61.38,51.52,12.0
309,38.76,23.51,24.51,12.11,105.93,61.38,51.4,12.05
310,38.84,23.51,24.51,12.13,105.93,61.38,51.4,12.08
311,38.84,23.51,24.55,12.14,105.93,61.38,51.52,12.09
312,38.91,23.51,24.55,12.16,105.93,61.38,51.52,12.12
313,38.76,23.51,24.51,12.17,105.5,61.38,51.4,12.16
314,38.84,23.48,24.51,12.21,105.5,61.38,51.4,12.2
315,38.76,23.44,24.51,12.21,105.93,61.21,51.4,12.22
316,38.76,23.48,24.51,12.24,105.5,61.38,51.4,12.25
317,38.76,23.48,24.51,12.25,105.5,61.38,51.4,12.3
318,38.76,23.44,24.51,12.27,105.93,61.21,51.4,12.31
319,38.91,23.48,24.55,12.3,105.93,61.21,51.52,12.36
320,38.91,23.48,24.55,12.32,105.5,61.54,51.52,12.41
321,38.76,23.48,24.51,12.33,105.5,61.38,51.4,12.43
322,38.84,23.48,24.51,12.35,105.5,61.38,51.52,12.44
323,38.76,23.44,24.51,12.37,105.5,61.21,51.4,12.49
324,38.76,23.41,24.47,12.38,105.5,61.21,51.4,12.52
325,38.68,23.41,24.47,12.41,105.5,61.05,51.4,12.56
326,38.68,23.41,24.47,12.43,105.5,61.05,51.4,12.59
327,38.76,23.41,24.51,12.46,105.5,61.21,51.4,12.64
328,38.76,23.44,24.51,12.48,105.5,61.21,51.4,12.69
329,38.84,23.41,24.51,12.48,105.5,61.21,51.52,12.69
330,38.76,23.44,24.55,12.53,105.5,61.38,51.52,12.75
331,38.76,23.44,24.55,12.53,105.5,61.21,51.52,12.75
332,38.84,23.41,24.55,12.58,105.5,61.21,51.52,12.84
333,38.76,23.41,24.55,12.59,105.5,61.21,51.52,12.85
334,38.84,23.44,24.51,12.59,105.5,61.21,51.4,12.87
335,38.84,23.41,24.55,12.64,105.5,61.21,51.52,12.94
336,38.76,23.44,24.55,12.64,105.5,61.21,51.4,12.94
337,38.76,23.41,24.55,12.66,105.5,61.38,51.64,12.99
338,38.76,23.44,24.55,12.68,105.5,61.38,51.52,13.02
339,38.61,23.44,24.51,12.71,105.5,61.38,51.52,13.05
340,38.68,23.44,24.55,12.74,105.5,61.38,51.64,13.11
341,38.76,23.48,24.59,12.76,105.5,61.38,51.64,13.16
342,38.76,23.44,24.63,12.81,105.93,61.21,51.64,13.21
343,38.84,23.44,24.59,12.81,105.5,61.38,51.77,13.23
344,38.91,23.44,24.66,12.84,105.93,61.38,51.77,13.28
345,38.91,23.48,24.66,12.84,105.93,61.38,51.77,13.3
346,38.91,23.48,24.66,12.88,105.93,61.38,51.89,13.35
347,38.99,23.48,24.66,12.88,105.93,61.38,51.89,13.35
348,39.07,23.48,24.7,12.93,106.37,61.54,51.89,13.4
349,38.99,23.51,24.74,12.93,106.37,61.54,52.01,13.44
350,39.07,23.51,24.74,12.96,106.37,61.38,51.89,13.47
351,39.07,23.51,24.74,12.94,106.37,61.54,51.89,13.49
352,39.07,23.51,24.78,12.99,106.37,61.38,52.01,13.54
353,39.07,23.51,24.74,13.01,106.37,61.38,52.01,13.54
354,38.99,23.51,24.78,13.03,106.37,61.54,52.01,13.6
355,39.07,23.55,24.78,13.04,106.37,61.54,52.01,13.61
356,38.99,23.51,24.78,13.06,106.37,61.38,52.01,13.65
357,39.07,23.51,24.78,13.08,106.37,61.54,52.14,13.69
358,39.07,23.51,24.78,13.08,106.37,61.54,52.14,13.72
359,39.07,23.55,24.78,13.1,106.37,61.54,52.14,13.74
360,39.07,23.51,24.78,13.13,106.37,61.54,52.14,13.78
361,39.07,23.55,24.78,13.15,106.37,61.54,52.14,13.79
362,38.99,23.55,24.78,13.13,106.37,61.38,52.14,13.81
363,38.99,23.51,24.74,13.16,106.37,61.54,52.14,13.87
364,38.99,23.48,24.74,13.16,106.37,61.54,52.14,13.87
365,38.91,23.51,24.74,13.18,106.37,61.54,52.01,13.9
366,38.99,23.48,24.74,13.2,106.37,61.38,52.14,13.92
367,38.91,23.51,24.74,13.22,106.37,61.38,52.14,13.96
368,38.91,23.51,24.74,13.22,106.37,61.54,52.14,13.97
369,38.99,23.51,24.74,13.23,106.37,61.54,52.14,14.01
370,38.99,23.51,24.74,13.25,106.37,61.54,52.14,14.03
371,38.91,23.55,24.78,13.27,106.37,61.54,52.14,14.07
372,38.91,23.55,24.74,13.29,106.37,61.38,52.14,14.11
373,38.91,23.55,24.74,13.3,106.37,61.7,52.14,14.11
374,38.91,23.55,24.74,13.3,106.37,61.54,52.14,14.14
375,38.91,23.51,24.74,13.34,106.37,61.54,52.14,14.18
376,38.84,23.51,24.74,13.32,105.93,61.54,52.14,14.2
377,38.91,23.51,24.74,13.36,105.93,61.54,52.14,14.2
378,38.84,23.51,24.7,13.37,105.93,61.54,52.01,14.24
379,38.84,23.51,24.7,13.37,105.93,61.38,52.01,14.26
380,38.91,23.48,24.7,13.37,105.93,61.38,52.01,14.27
381,38.76,23.44,24.7,13.39,105.93,61.38,51.89,14.31
382,38.91,23.48,24.66,13.41,105.5,61.54,52.01,14.33
383,38.91,23.48,24.7,13.43,105.93,61.38,52.01,14.37
384,38.91,23.48,24.7,13.44,105.93,61.38,52.01,14.39
385,38.91,23.48,24.7,13.44,105.93,61.38,52.01,14.39
386,38.84,23.48,24.66,13.46,105.93,61.38,52.14,14.43
387,38.84,23.44,24.66,13.46,105.93,61.38,51.89,14.44
388,38.84,23.44,24.66,13.48,105.5,61.38,51.77,14.46
389,38.76,23.44,24.63,13.5,105.5,61.38,51.89,14.5
390,38.76,23.44,24.63,13.5,105.5,61.21,51.89,14.5
391,38.76,23.41,24.63,13.52,105.5,61.21,51.89,14.54
392,38.76,23.41,24.63,13.55,105.5,61.21,51.89,14.58
393,38.68,23.41,24.63,13.55,105.5,61.21,51.89,14.58
394,38.76,23.41,24.63,13.57,105.5,61.54,52.01,14.6
395,38.68,23.44,24.63,13.57,105.5,61.38,51.89,14.64
396,38.68,23.44,24.63,13.59,105.5,61.21,51.89,14.66
397,38.68,23.44,24.63,13.6,105.5,61.38,51.89,14.68
398,38.68,23.44,24.66,13.6,105.5,61.21,52.01,14.68
399,38.76,23.51,24.66,13.62,105.5,61.38,52.01,14.71
400,38.76,23.48,24.66,13.64,105.5,61.38,52.01,14.73
401,38.76,23.48,24.66,13.66,105.5,61.38,52.01,14.77
402,38.76,23.51,24.66,13.68,105.5,61.38,52.01,14.81
403,38.68,23.48,24.66,13.66,105.5,61.38,52.01,14.81
404,38.76,23.48,24.66,13.68,105.5,61.38,52.01,14.83
405,38.68,23.44,24.66,13.69,105.5,61.54,52.01,14.85
406,38.76,23.48,24.66,13.73,105.5,61.54,51.89,14.89
407,38.76,23.51,24.66,13.73,105.5,61.38,52.01,14.91
408,38.76,23.48,24.66,13.75,105.5,61.38,52.01,14.93
409,38.76,23.48,24.66,13.75,105.5,61.38,52.01,14.95
410,38.76,23.48,24.66,13.78,105.5,61.54,52.01,14.99
411,38.76,23.51,24.7,13.78,105.5,61.54,52.14,14.99
412,38.68,23.48,24.66,13.8,105.5,61.38,52.01,15.03
413,38.76,23.48,24.66,13.82,105.5,61.38,52.01,15.07
414,38.76,23.48,24.66,13.82,105.5,61.38,52.01,15.07
415,38.76,23.48,24.66,13.82,105.07,61.38,52.01,15.09
416,38.84,23.48,24.7,13.84,105.5,61.38,52.01,15.13
417,38.68,23.51,24.7,13.86,105.5,61.54,52.01,15.13
418,38.76,23.51,24.7,13.88,105.93,61.54,52.14,15.17
419,38.84,23.51,24.74,13.88,105.5,61.54,52.14,15.17
420,38.84,23.55,24.74,13.91,105.93,61.54,52.26,15.23
421,38.84,23.51,24.74,13.89,105.93,61.54,52.26,15.23
422,38.76,23.51,24.78,13.93,105.93,61.54,52.26,15.28
423,38.84,23.51,24.74,13.95,105.93,61.54,52.14,15.3
424,38.91,23.51,24.74,13.95,105.93,61.54,52.26,15.3
425,38.84,23.48,24.74,13.95,105.93,61.38,52.14,15.34
426,38.84,23.48,24.74,13.97,105.93,61.38,52.14,15.36
427,38.84,23.48,24.74,13.97,105.93,61.38,52.14,15.38
428,38.84,23.48,24.74,13.99,105.93,61.54,52.14,15.4
429,38.84,23.48,24.7,14.01,105.5,61.38,52.14,15.42
430,38.76,23.44,24.7,14.01,105.93,61.38,52.14,15.44
431,38.76,23.44,24.7,14.02,105.5,61.38,52.14,15.44
432,38.76,23.44,24.66,14.02,105.5,61.21,52.14,15.46
433,38.76,23.44,24.66,14.04,105.5,61.38,52.14,15.5
434,38.76,23.48,24.7,14.04,105.5,61.38,52.14,15.52
435,38.76,23.48,24.7,14.06,105.5,61.21,52.14,15.54
436,38.76,23.48,24.7,14.08,105.5,61.38,52.14,15.56
437,38.76,23.44,24.7,14.08,105.07,61.21,52.01,15.59
438,38.76,23.48,24.7,14.1,105.5,61.21,52.14,15.61
439,38.76,23.48,24.7,14.1,105.5,61.38,52.14,15.63
440,38.76,23.48,24.74,14.1,105.93,61.38,52.14,15.63
441,38.76,23.48,24.74,14.12,105.93,61.38,52.26,15.67
442,38.84,23.48,24.74,14.13,105.5,61.38,52.26,15.69
443,38.76,23.48,24.78,14.15,105.93,61.21,52.26,15.71
444,38.84,23.48,24.78,14.15,105.93,61.38,52.26,15.73
445,38.76,23.48,24.78,14.17,105.93,61.38,52.26,15.75
446,38.84,23.48,24.78,14.19,105.5,61.38,52.26,15.78
447,38.76,23.48,24.78,14.19,105.93,61.38,52.26,15.8
448,38.84,23.44,24.78,14.23,105.93,61.38,52.38,15.84
449,38.84,23.48,24.78,14.23,105.93,61.21,52.26,15.86
450,38.76,23.44,24.78,14.25,105.93,61.38,52.38,15.88
451,38.76,23.44,24.78,14.25,105.93,61.21,52.38,15.88
452,38.84,23.48,24.78,14.25,105.93,61.38,52.38,15.93
453,38.76,23.51,24.82,14.29,105.93,61.38,52.38,15.95
454,38.76,23.48,24.82,14.29,105.93,61.38,52.38,15.97
455,38.68,23.48,24.78,14.27,105.93,61.38,52.38,15.97
456,38.84,23.51,24.82,14.3,105.93,61.54,52.38,16.01
457,38.76,23.48,24.78,14.32,105.93,61.38,52.38,16.01
458,38.61,23.44,24.74,14.32,105.5,61.21,52.26,16.03
459,38.76,23.44,24.74,14.32,105.5,61.38,52.26,16.05
460,38.61,23.44,24.74,14.32,105.5,61.38,52.26,16.1
461,38.68,23.44,24.74,14.32,105.5,61.21,52.14,16.08
462,38.76,23.44,24.74,14.34,105.5,61.21,52.26,16.1
463,38.61,23.41,24.66,14.34,105.07,61.21,52.14,16.12
464,38.46,23.33,24.63,14.34,105.07,61.05,52.01,16.16
465,38.53,23.33,24.59,14.36,105.07,60.89,52.01,16.14
466,38.53,23.37,24.63,14.38,105.07,61.05,52.14,16.19
467,38.53,23.37,24.63,14.38,105.07,60.89,52.14,16.21
468,38.61,23.41,24.66,14.4,105.07,61.05,52.14,16.21
469,38.68,23.41,24.7,14.4,105.5,61.05,52.26,16.23
470,38.68,23.44,24.74,14.42,105.5,61.21,52.14,16.27
471,38.76,23.44,24.74,14.44,105.5,60.89,52.26,16.3
472,38.76,23.41,24.7,14.44,105.5,61.05,52.26,16.3
473,38.68,23.41,24.74,14.46,105.5,61.05,52.14,16.32
474,38.61,23.37,24.74,14.46,105.5,61.21,52.14,16.34
475,38.68,23.37,24.74,14.48,105.5,61.05,52.26,16.36
476,38.76,23.37,24.74,14.48,105.5,61.05,52.26,16.39
477,38.84,23.41,24.78,14.5,105.5,61.21,52.26,16.41
478,38.84,23.44,24.82,14.52,105.5,61.21,52.38,16.45
479,38.84,23.41,24.82,14.52,105.93,61.21,52.38,16.45
480,38.84,23.44,24.82,14.54,105.93,61.05,52.38,16.48
481,38.84,23.44,24.86,14.54,105.93,61.38,52.38,16.5
482,38.76,23.48,24.86,14.54,105.93,61.38,52.51,16.52
483,38.84,23.48,24.86,14.57,105.93,61.54,52.51,16.54
484,38.91,23.51,24.86,14.55,105.93,61.38,52.51,16.54
485,38.91,23.48,24.9,14.59,105.93,61.38,52.51,16.59
486,38.91,23.51,24.9,14.61,106.37,61.38,52.51,16.61
487,38.91,23.48,24.9,14.61,106.37,61.38,52.51,16.66
488,38.91,23.51,24.94,14.61,106.37,61.54,52.64,16.66
489,38.91,23.55,24.94,14.63,106.37,61.54,52.64,16.68
490,38.91,23.55,24.94,14.65,106.37,61.38,52.76,16.7
491,38.99,23.55,24.98,14.65,106.37,61.54,52.64,16.72
492,38.99,23.48,24.98,14.67,106.37,61.54,52.64,16.75
493,38.99,23.51,24.98,14.67,106.37,61.7,52.64,16.77
494,38.91,23.55,24.98,14.69,106.37,61.54,52.64,16.77
495,38.99,23.51,24.98,14.71,106.37,61.54,52.76,16.82
496,39.15,23.55,24.98,14.73,106.37,61.54,52.76,16.84
497,38.91,23.51,24.98,14.71,106.37,61.54,52.76,16.84
498,38.99,23.55,24.98,14.73,106.81,61.54,52.89,16.89
499,38.99,23.55,25.02,14.75,106.37,61.54,52.89,16.89
500,38.99,23.59,25.02,14.77,106.37,61.7,52.76,16.93
501,39.15,23.59,25.02,14.77,106.81,61.54,52.89,16.95
502,39.07,23.55,25.02,14.79,106.37,61.54,52.89,16.98
503,39.07,23.55,24.98,14.79,106.37,61.54,52.76,17.0
504,38.99,23.51,24.94,14.79,106.37,61.54,52.76,16.98
505,38.99,23.51,25.02,14.79,106.37,61.38,52.76,17.0
506,39.07,23.55,25.02,14.81,106.37,61.54,52.89,17.05
507,38.99,23.55,25.02,14.81,106.37,61.54,52.89,17.05
508,38.99,23.59,25.02,14.83,106.81,61.7,52.76,17.07
509,38.99,23.55,25.02,14.85,106.81,61.54,52.89,17.09
510,38.99,23.55,25.02,14.85,106.81,61.54,52.76,17.09
511,38.99,23.55,25.02,14.85,106.37,61.54,52.76,17.12
512,38.76,23.41,24.86,14.83,105.93,61.21,52.64,17.14
513,38.84,23.48,24.94,14.87,106.37,61.38,52.76,17.16
514,38.91,23.51,24.94,14.87,106.37,61.38,52.76,17.16
515,38.84,23.51,24.98,14.89,106.37,61.54,52.76,17.19
516,38.84,23.51,24.94,14.89,106.37,61.54,52.76,17.24
517,38.91,23.51,24.98,14.89,106.37,61.38,52.64,17.24
518,38.91,23.48,24.94,14.91,106.37,61.38,52.64,17.26
519,38.91,23.51,24.94,14.91,106.37,61.54,52.64,17.26
520,38.91,23.55,24.94,14.93,106.37,61.54,52.64,17.28
521,38.91,23.55,24.98,14.95,106.37,61.54,52.76,17.31
522,38.91,23.55,24.98,14.93,106.37,61.54,52.76,17.31
523,38.91,23.51,24.94,14.95,105.93,61.38,52.76,17.36
524,38.91,23.51,24.94,14.95,106.37,61.7,52.76,17.38
525,38.91,23.55,24.98,14.99,106.37,61.7,52.76,17.38
526,38.84,23.51,24.94,14.97,105.93,61.38,52.76,17.4
527,38.84,23.55,24.94,14.99,106.37,61.54,52.76,17.43
528,38.76,23.44,24.86,14.99,105.93,61.38,52.64,17.43
529,38.84,23.48,24.9,14.99,105.93,61.38,52.76,17.45
530,38.91,23.55,24.94,15.01,106.37,61.7,52.89,17.48
531,38.99,23.55,24.98,15.03,106.37,61.54,52.89,17.5
532,38.99,23.55,24.98,15.03,106.37,61.54,52.89,17.52
533,38.99,23.62,25.02,15.01,106.37,61.7,52.89,17.52
534,38.99,23.55,25.02,15.05,106.37,61.7,52.89,17.57
535,38.99,23.51,25.02,15.05,106.37,61.54,52.89,17.57
536,39.07,23.55,25.02,15.05,106.37,61.7,52.89,17.6
537,38.99,23.59,25.02,15.07,106.81,61.7,52.89,17.6
538,39.07,23.55,25.06,15.09,106.37,61.7,53.02,17.65
539,39.07,23.59,25.02,15.09,106.37,61.7,52.89,17.65
540,38.99,23.59,25.02,15.11,106.37,61.7,52.89,17.67
541,39.07,23.59,24.98,15.11,106.37,61.7,52.89,17.7
542,38.99,23.55,24.98,15.09,106.37,61.54,52.89,17.72
543,38.91,23.55,24.98,15.13,106.37,61.7,52.64,17.72
544,38.84,23.59,24.98,15.13,106.37,61.7,52.89,17.74
545,38.91,23.55,24.98,15.13,106.37,61.54,52.76,17.74
546,38.99,23.55,24.98,15.13,105.93,61.7,52.76,17.77
547,38.68,23.37,24.82,15.11,105.5,61.38,52.51,17.77
548,37.13,22.43,23.8,15.03,102.57,59.46,50.92,17.7
549,37.78,22.88,24.21,15.07,103.81,60.25,51.64,17.74
550,38.01,22.98,24.32,15.09,103.81,60.41,51.77,17.77
551,38.76,23.41,24.82,15.15,105.93,61.21,52.51,17.84
552,38.76,23.48,24.86,15.17,105.93,61.38,52.64,17.87
553,38.91,23.51,24.9,15.17,105.93,61.54,52.64,17.89
554,38.61,23.41,24.82,15.19,105.5,61.21,52.51,17.92
555,38.68,23.37,24.78,15.17,105.5,61.21,52.51,17.92
556,38.91,23.44,24.9,15.19,105.93,61.38,52.64,17.94
557,38.84,23.51,24.98,15.21,106.37,61.38,52.76,17.97
558,38.99,23.51,25.02,15.23,106.37,61.54,52.89,17.99
559,38.99,23.55,25.02,15.23,106.37,61.54,52.76,17.99
560,38.91,23.51,25.02,15.23,106.37,61.54,52.89,18.02
561,38.99,23.55,24.98,15.25,105.93,61.54,52.76,18.04
562,38.99,23.55,24.98,15.25,106.37,61.54,52.89,18.04
563,38.99,23.55,24.98,15.25,105.93,61.54,52.89,18.07
564,38.84,23.51,24.98,15.27,105.93,61.54,52.89,18.09
565,38.84,23.55,24.98,15.27,105.93,61.54,52.76,18.12
566,38.91,23.51,25.02,15.27,106.37,61.54,52.89,18.14
567,38.99,23.59,25.02,15.29,106.37,61.54,52.89,18.17
568,38.99,23.59,25.02,15.31,106.37,61.54,53.02,18.17
569,38.99,23.62,25.02,15.31,105.93,61.7,53.02,18.17
570,38.99,23.59,25.02,15.31,106.37,61.7,53.02,18.22
571,38.99,23.55,25.02,15.33,106.37,61.54,52.89,18.22
572,38.91,23.59,25.02,15.33,106.37,61.54,52.89,18.25
573,38.91,23.55,24.98,15.33,106.37,61.54,52.89,18.25
574,38.91,23.55,24.98,15.33,106.37,61.54,52.89,18.27
575,38.91,23.55,24.94,15.36,106.37,61.54,52.89,18.27
576,38.84,23.55,24.94,15.36,105.93,61.38,52.89,18.3
577,38.84,23.55,24.94,15.36,105.93,61.54,52.76,18.32
578,38.84,23.55,24.9,15.38,105.93,61.54,52.76,18.32
579,38.76,23.55,24.9,15.38,105.93,61.54,52.76,18.37
580,38.84,23.55,24.9,15.38,105.93,61.54,52.64,18.35
581,38.76,23.55,24.9,15.38,105.93,61.54,52.76,18.35
582,38.84,23.55,24.9,15.4,105.93,61.54,52.76,18.4
583,38.68,23.55,24.9,15.4,105.5,61.54,52.64,18.4
584,38.84,23.51,24.9,15.4,105.93,61.54,52.76,18.43
585,38.76,23.55,24.9,15.42,105.93,61.54,52.76,18.43
586,38.84,23.51,24.9,15.4,105.93,61.54,52.76,18.45
587,38.91,23.55,24.9,15.44,105.93,61.54,52.76,18.48
588,38.84,23.59,24.94,15.44,105.93,61.54,52.76,18.5
589,38.91,23.59,24.94,15.46,105.93,61.7,52.76,18.53
590,38.91,23.55,24.94,15.46,105.93,61.38,52.76,18.53
